1237	130	161	183
1239	127	162	199
1225	127	179	205
1229	129	186	201
1227	131	190	198
1218	134	200	188
1208	148	212	166
1205	153	217	163
1205	155	214	170
1203	153	215	184
1201	150	216	192
1191	137	222	180
1178	133	232	166
1178	131	234	151
1180	129	231	136
1193	128	219	131
1203	129	210	127
1214	131	197	136
1237	117	198	143
1243	112	196	146
1276	104	226	155
1295	96	225	178
1304	93	219	185
1317	91	216	169
1319	102	218	147
1322	108	216	142
1333	102	203	128
1332	100	202	126
1331	99	200	126
1336	98	195	124
1346	100	179	124
1352	103	170	125
1360	102	157	125
1377	102	136	136
1382	99	127	142
1396	99	113	148
1418	101	90	158
1426	104	79	161
1433	108	69	164
1424	114	69	164
1420	116	71	165
1414	123	76	163
1409	130	91	155
1405	128	97	153
1405	128	98	149
1397	148	87	126
1396	153	77	113
1392	163	77	101
1387	154	92	103
1380	151	102	105
1375	145	110	103
1362	141	131	103
1361	140	134	101
1369	138	131	100
1382	133	118	98
1390	134	108	97
1400	133	98	97
1419	133	82	103
1427	133	74	104
1437	131	63	105
1428	128	67	103
1422	127	72	103
1415	127	81	101
1401	124	92	97
1394	124	100	94
1385	124	113	92
1371	124	126	89
1366	125	132	88
1357	127	137	88
1344	126	141	90
1339	128	143	90
1330	126	142	96
1320	125	138	101
1317	124	136	103
1309	128	134	101
1297	132	126	98
1297	133	121	97
1292	138	116	95
1287	141	110	96
1285	139	108	98
1282	141	103	98
1271	141	98	98
1268	141	94	98
1257	153	89	89
1236	155	102	87
1222	157	116	87
1216	157	132	94
1203	153	151	100
1197	151	161	107
1187	153	169	123
1170	136	175	104
1163	138	177	96
1151	138	175	99
1101	99	190	114
1052	89	236	127
1043	93	241	120
1051	104	223	113
1056	112	213	108
1061	118	194	105
1070	121	175	110
1073	121	167	117
1080	120	148	126
1093	121	149	131
1094	123	152	141
1090	120	156	142
1085	118	159	145
1121	129	156	150
1120	149	155	151
1135	170	153	146
1141	171	150	143
1149	175	146	139
1164	170	144	140
1167	171	142	140
1174	182	140	138
1245	122	142	123
1249	125	145	116
1250	123	143	108
1260	120	145	104
1265	118	151	102
1269	111	148	103
1274	101	146	105
1275	102	143	104
1280	106	144	97
1283	111	142	88
1285	112	141	82
1290	110	138	79
1297	108	134	78
1299	107	133	77
1301	106	132	76
1309	106	131	78
1312	105	130	80
1320	105	127	81
1326	106	126	84
1327	107	123	85
1328	108	121	86
1333	110	124	87
1336	106	129	90
1343	89	135	97
1363	58	181	99
1352	64	210	120
1342	62	223	136
1323	61	228	145
1318	62	229	149
1306	59	232	152
1285	53	231	129
1281	54	229	122
1266	52	228	120
1232	54	239	126
1188	56	269	129
1165	58	286	126
1166	57	270	126
1172	55	256	126
1182	53	236	124
1183	52	218	123
1181	51	210	121
1173	47	202	121
1158	42	193	124
1155	38	186	128
1148	35	187	132
1131	21	173	116
1136	24	158	105
1131	23	150	103
1125	17	136	98
1131	18	122	92
1131	16	108	90
1128	13	88	95
1130	12	78	97
1128	11	71	104
1127	7	80	106
1126	8	88	100
1122	9	99	93
1112	12	119	90
1105	13	131	89
1102	14	142	89
1107	18	150	87
1109	19	153	85
1117	22	154	86
1136	26	150	88
1142	25	149	90
1155	27	146	93
1170	31	147	96
1174	32	148	97
1180	34	152	99
1189	38	156	101
1191	41	159	101
1199	48	160	102
1215	55	157	107
1220	57	157	108
1232	66	155	110
1244	77	154	112
1248	81	154	113
1257	89	154	115
1266	102	155	116
1271	106	154	118
1278	116	155	117
1290	130	153	116
1295	135	151	117
1303	144	151	118
1316	156	147	117
1322	159	144	119
1331	166	142	120
1341	176	141	121
1344	181	140	121
1350	188	141	122
1363	200	140	122
1368	206	138	123
1375	216	137	123
1385	228	139	125
1386	232	140	125
1390	240	143	130
1399	253	146	129
1400	258	148	125
1407	266	150	120
1416	279	156	114
1417	283	159	112
1424	293	163	111
1435	307	175	127
1443	311	188	134
1450	316	189	133
1465	326	184	127
1469	328	183	122
1471	326	181	123
1549	247	143	128
1568	242	107	119
1569	235	108	119
1562	226	119	119
1558	222	127	120
1551	214	134	119
1541	203	140	120
1536	199	144	118
1530	193	150	117
1522	184	162	110
1516	183	168	115
1508	179	175	122
1497	169	186	119
1491	167	192	115
1484	163	197	112
1475	152	197	111
1471	149	197	108
1466	143	195	108
1460	133	189	110
1457	130	186	109
1449	124	184	110
1437	115	183	111
1433	113	181	109
1423	108	181	108
1404	98	181	106
1399	97	182	103
1387	89	182	102
1371	77	185	101
1363	74	187	102
1354	64	188	103
1337	49	189	104
1330	46	189	105
1315	39	190	107
1286	27	193	107
1274	25	197	106
1256	17	201	106
1227	5	206	109
1216	5	209	114
1195	-4	213	115
1168	-6	218	108
1156	-5	222	97
1140	-7	221	85
1110	-7	209	80
1101	-6	202	77
1084	-1	191	84
1091	51	149	96
1104	45	114	105
1105	43	97	113
1096	40	97	122
1097	39	98	127
1095	38	97	133
1083	23	105	156
1079	18	111	167
1069	14	118	179
1060	11	127	196
1055	9	131	203
1053	15	135	210
1051	26	140	211
1047	29	144	212
1046	35	147	213
1046	47	149	214
1046	48	149	217
1046	57	153	216
1044	67	157	214
1045	71	158	214
1045	83	159	206
1049	100	161	199
1049	106	162	195
1051	124	163	183
1050	130	169	182
1049	131	168	183
1050	134	169	185
1052	141	169	188
1053	141	169	188
1054	147	171	186
1054	152	173	183
1054	157	175	180
1050	161	179	175
1054	174	180	168
1053	178	181	162
1054	181	182	160
1057	156	181	183
1079	55	160	169
1079	64	148	164
1076	74	148	167
1072	76	153	174
1076	120	166	220
1076	130	180	247
1077	128	183	252
1079	132	184	254
1075	130	191	263
1073	131	196	266
1074	142	201	267
1080	166	206	258
1082	173	209	257
1091	184	212	254
1101	207	214	243
1106	214	216	242
1117	225	213	236
1134	244	206	230
1144	248	200	229
1162	269	191	223
1168	292	189	214
1171	296	187	208
1170	304	189	204
1172	312	190	203
1173	313	192	205
1176	314	191	206
1178	316	191	211
1179	313	190	212
1180	319	190	211
964	169	199	229
965	164	210	239
967	174	198	241
977	196	176	229
981	204	168	226
984	214	152	223
979	225	153	214
970	228	162	210
960	235	173	204
938	250	194	196
928	254	208	191
917	260	221	189
901	260	239	193
891	257	250	197
901	248	246	207
969	226	203	230
983	208	198	245
990	205	198	247
1001	208	193	243
1000	207	190	242
1004	211	187	236
1018	217	174	232
1019	217	172	229
1025	226	170	223
1037	224	163	221
1037	227	168	218
1040	226	175	220
1053	233	165	220
1058	236	158	219
1068	237	153	219
1080	239	166	219
1080	234	174	221
1083	239	169	222
1090	241	162	220
1093	243	158	217
1096	243	155	216
1101	243	155	221
1105	243	154	223
1109	246	153	225
1123	247	147	232
1123	245	146	237
1120	243	151	242
1114	243	173	243
1124	244	227	243
1102	242	254	243
1074	239	239	249
1069	238	232	250
1065	234	249	251
1044	234	265	248
1036	234	271	246
1017	233	267	244
1001	230	271	245
985	225	271	244
975	224	270	243
1040	224	244	244
1044	231	226	240
1076	240	222	232
1054	251	210	226
1053	245	203	224
1155	165	207	220
1118	160	199	201
1120	168	188	172
1110	176	176	138
1095	182	163	114
1094	187	152	98
1079	191	150	94
1063	196	145	89
1056	197	143	86
1046	200	140	87
1020	204	144	85
1014	206	144	86
1012	208	132	81
1005	211	120	82
998	216	116	90
1000	218	105	96
981	224	102	105
980	222	99	112
980	228	104	120
979	230	105	131
977	222	106	141
970	209	107	151
957	195	114	164
953	187	118	174
947	178	122	178
962	168	112	182
967	162	105	183
972	165	100	187
961	167	104	188
951	167	114	187
958	163	112	189
942	164	124	194
927	161	138	197
922	162	146	198
928	163	146	197
920	165	153	196
911	165	164	191
909	158	169	192
904	157	175	191
904	150	180	196
909	144	175	195
916	144	169	194
920	145	165	190
924	135	162	188
928	132	158	187
933	125	154	188
941	118	148	191
945	119	145	190
949	122	142	185
953	122	136	182
955	121	133	182
958	118	131	185
959	115	127	187
960	113	125	190
962	113	121	189
966	123	118	186
968	124	116	183
970	126	115	183
964	128	120	181
963	132	124	180
960	145	128	180
957	163	132	173
956	169	134	168
953	178	138	158
954	170	139	166
955	168	139	171
954	169	141	172
956	173	142	174
959	177	141	173
960	178	139	172
968	181	137	177
969	180	134	179
798	129	173	178
766	122	237	180
763	123	249	184
770	124	250	190
792	127	277	198
796	125	286	204
809	127	310	215
823	130	306	221
825	130	303	219
837	133	300	214
854	136	310	221
856	137	310	224
864	133	293	226
870	129	277	227
875	130	270	226
877	127	282	229
884	129	282	233
883	127	284	236
884	126	289	237
887	114	282	243
888	108	272	245
888	101	269	250
890	92	263	259
890	85	261	262
885	76	260	274
885	72	252	282
886	70	247	283
885	73	239	278
878	78	233	270
877	81	228	266
870	79	228	263
857	74	234	264
855	72	230	264
853	72	229	264
843	69	232	264
841	67	231	263
834	58	230	269
831	58	227	267
828	60	226	263
825	70	223	254
820	73	218	250
819	71	216	251
814	65	218	257
806	58	221	266
803	58	222	265
800	58	224	266
796	63	223	264
794	64	224	262
796	66	227	262
786	76	232	259
789	80	228	258
787	79	231	259
790	80	224	277
795	78	219	282
792	72	218	287
783	72	233	280
781	74	237	276
782	76	237	277
781	88	244	276
782	91	244	281
781	89	248	277
769	88	262	270
772	88	262	271
768	85	266	272
764	89	273	271
756	96	283	265
753	96	289	265
752	97	293	261
746	99	299	261
745	97	301	263
742	104	304	269
755	117	291	271
766	124	283	274
784	129	268	280
788	135	259	282
790	135	256	281
787	135	254	281
794	146	245	279
798	149	244	270
802	161	241	267
808	175	234	259
806	179	234	265
803	179	238	266
804	179	242	273
806	180	241	276
809	186	244	279
821	193	252	275
823	196	252	274
833	208	254	269
834	229	267	256
838	236	274	246
830	242	242	248
852	249	276	247
843	248	248	255
856	247	239	263
866	244	231	278
872	235	220	286
875	228	214	295
869	224	207	301
877	222	206	308
878	223	203	308
876	235	202	309
880	232	203	316
877	245	202	315
876	244	207	314
875	228	209	326
873	214	220	338
864	206	226	344
861	207	229	347
863	208	222	351
856	211	222	349
851	210	225	352
843	213	229	346
830	213	239	344
824	213	250	340
812	220	261	330
798	237	284	313
794	248	297	311
781	252	307	315
772	245	326	302
757	246	332	302
772	250	328	302
844	286	300	289
849	287	279	278
849	299	269	267
841	305	268	261
843	335	268	247
840	337	264	234
877	332	235	230
884	335	222	230
895	340	212	232
909	341	198	240
918	334	193	246
918	332	192	245
908	323	202	249
902	317	211	252
891	314	221	253
885	311	229	255
884	314	229	253
881	313	228	254
887	323	226	248
889	328	218	249
896	337	222	246
882	339	227	236
880	343	226	229
879	340	225	226
878	340	227	219
876	341	230	217
878	344	226	213
885	350	217	213
884	351	216	213
884	351	217	210
878	346	222	206
876	342	224	204
875	341	227	197
872	339	225	190
871	342	223	187
874	341	220	186
872	340	214	185
873	341	209	186
881	340	204	187
1007	346	217	206
1029	341	208	224
1033	326	198	229
1037	340	194	216
1034	346	195	208
1034	351	197	204
1042	353	216	203
1040	356	217	203
1034	347	223	212
1042	328	210	223
1049	318	199	236
1055	311	202	255
1033	299	219	265
1055	299	224	280
1037	295	242	297
1029	289	251	300
1027	285	257	282
1039	302	253	278
1025	298	260	263
1023	304	267	260
1024	305	270	266
1015	296	275	264
1013	295	279	257
1012	291	283	252
1026	285	284	252
1046	292	271	265
1042	281	270	270
1062	298	264	296
1033	292	277	312
1029	266	283	292
706	140	278	276
711	135	277	272
718	125	279	285
719	116	280	287
720	119	282	286
724	117	286	290
732	120	283	286
739	122	280	283
753	127	271	283
761	118	270	295
764	111	267	298
764	105	271	299
757	96	276	301
755	94	281	301
755	93	277	298
760	97	272	286
762	101	273	287
766	99	269	292
770	90	263	291
785	87	249	292
769	91	260	287
753	94	275	281
736	97	291	279
732	100	296	280
703	98	318	281
698	98	326	277
697	102	327	276
701	99	325	273
702	102	321	269
722	102	307	269
754	111	278	263
767	116	262	264
776	127	253	260
788	135	244	248
792	138	241	246
799	137	239	245
801	127	241	256
795	121	246	263
792	111	250	271
781	93	260	285
785	91	259	288
781	91	265	287
782	94	262	286
784	95	261	283
786	93	262	287
789	85	260	290
787	87	263	288
788	85	265	291
795	84	264	295
800	85	261	293
818	83	249	296
834	81	239	307
836	76	238	313
842	81	239	320
840	74	248	324
841	74	252	331
842	68	255	334
839	74	264	340
839	71	266	345
853	82	260	348
867	90	246	339
870	89	240	338
874	94	242	339
867	110	255	334
863	115	262	334
858	134	270	317
860	161	269	294
887	166	244	283
890	171	236	274
874	173	245	281
891	178	232	281
885	178	229	286
904	177	206	288
910	179	197	294
906	177	196	298
901	181	199	296
898	182	203	294
897	185	202	288
902	191	197	281
900	194	195	277
905	197	187	275
910	199	176	278
906	198	176	277
898	198	176	278
903	198	165	266
903	200	163	267
906	202	158	264
917	206	145	261
918	206	140	259
927	200	128	259
917	188	135	263
920	188	133	266
915	183	135	265
921	182	126	262
922	185	124	262
929	192	117	262
948	207	104	259
949	210	102	258
946	211	106	259
939	200	117	272
938	203	122	272
935	198	130	278
926	193	142	284
923	187	146	288
915	176	155	294
900	153	168	315
895	149	173	315
889	146	174	308
884	147	175	309
884	145	172	312
884	138	170	321
879	128	164	323
885	125	157	332
888	119	149	334
889	112	144	318
888	107	144	316
880	99	149	315
868	95	157	313
868	94	159	307
866	88	158	305
862	78	157	296
863	79	157	295
857	76	160	297
857	74	156	299
860	72	152	302
864	67	147	303
857	61	152	308
853	54	156	312
849	42	160	315
848	21	165	323
847	16	168	327
845	8	172	335
828	4	186	327
827	3	189	323
803	2	210	318
819	3	203	309
807	6	212	309
814	9	210	309
813	16	213	296
813	19	214	286
804	21	217	252
794	19	227	231
786	18	230	220
779	20	254	216
781	19	340	216
760	16	375	224
753	15	382	234
747	4	368	218
742	4	370	206
737	4	368	203
727	0	362	203
725	-4	356	201
720	-4	351	197
708	-5	339	193
705	-5	331	192
698	-4	319	199
686	-2	317	211
684	-4	326	224
676	-4	327	237
673	-2	348	258
678	-9	347	273
689	-10	349	282
696	-5	355	295
696	-9	359	304
706	-7	359	312
737	-5	344	327
746	-6	334	332
758	-4	328	341
783	-1	318	357
793	-7	312	369
801	-10	307	382
811	-4	308	399
813	-2	308	404
821	-1	305	410
822	6	313	408
827	15	316	402
821	36	324	382
809	58	339	365
807	70	335	358
807	89	345	351
814	117	363	338
808	128	362	324
785	150	339	311
777	182	307	294
761	196	261	288
761	213	200	272
763	234	167	246
770	245	158	230
768	252	163	230
754	260	188	228
746	266	206	226
731	271	227	225
711	275	256	226
706	277	269	227
703	285	285	226
702	300	282	217
702	303	284	209
734	325	341	216
710	326	319	222
730	325	309	228
758	333	327	235
769	343	337	247
773	345	334	260
777	348	333	272
782	348	328	287
784	348	327	298
788	347	324	305
800	348	320	317
797	343	321	327
803	337	317	339
816	331	308	350
825	330	304	361
831	326	301	372
823	321	288	386
824	317	277	388
810	303	255	357
825	301	228	285
833	318	219	249
841	321	210	239
853	326	200	246
856	322	197	249
864	316	191	255
856	299	197	260
856	303	201	265
849	289	209	264
833	268	219	275
829	261	225	280
831	259	223	284
834	255	220	282
836	256	222	284
832	255	237	291
829	253	251	311
828	255	279	322
818	246	296	325
795	243	281	317
795	248	275	317
793	257	282	312
790	269	280	300
792	276	274	291
792	274	270	283
794	268	258	286
795	264	250	282
795	265	246	279
794	260	236	283
796	260	240	284
801	260	245	291
818	257	215	276
813	254	216	283
822	251	214	283
813	242	229	285
811	244	238	286
801	237	248	284
789	232	266	272
781	233	276	269
771	231	291	264
759	229	303	260
752	231	309	255
745	228	325	259
731	223	333	265
722	221	342	268
715	219	338	264
711	214	347	262
707	217	360	262
699	212	362	266
728	205	352	262
757	201	316	255
780	205	275	241
792	201	252	224
791	201	250	221
790	203	245	213
795	229	233	190
798	235	227	182
794	241	228	173
804	246	219	169
805	247	213	168
803	247	209	168
843	246	173	169
852	245	159	172
860	246	150	171
878	251	132	167
882	252	126	166
893	253	114	164
906	255	104	165
910	254	99	165
913	254	97	165
912	257	103	166
909	257	106	168
908	260	111	169
904	263	120	167
903	264	124	167
900	267	131	167
896	257	145	175
892	252	151	181
893	256	160	181
892	257	172	181
890	260	180	179
888	257	187	178
883	257	198	176
880	256	205	175
875	255	216	185
873	254	224	190
873	255	228	189
871	254	234	191
870	257	243	191
872	262	245	190
873	267	250	191
883	269	247	186
886	269	247	179
892	270	243	176
903	268	237	175
918	284	252	206
924	279	280	238
941	274	276	247
944	274	273	254
948	273	269	262
962	272	260	258
967	269	252	254
974	270	246	250
990	271	235	252
997	272	228	248
1008	272	222	246
1015	275	222	243
1010	277	227	241
1003	278	239	243
998	280	251	245
995	283	257	238
986	284	269	235
976	285	286	234
974	287	295	229
973	293	303	223
980	297	312	211
976	299	316	210
978	305	320	204
995	311	311	200
987	311	316	197
997	311	310	192
1016	301	298	193
1007	303	307	199
1003	299	316	203
1025	293	306	199
1034	293	300	203
1033	286	298	204
1116	276	250	198
1158	277	201	179
1172	283	183	168
1179	285	182	156
1175	283	187	153
1185	279	182	153
1192	271	180	163
1194	268	181	168
1199	268	181	170
1204	265	185	165
1209	261	184	166
1217	258	182	165
1227	253	183	159
1231	251	183	163
1236	248	185	160
1243	240	191	164
1246	238	192	168
1253	236	191	167
1268	239	188	168
1276	242	184	166
1289	251	182	155
1307	253	179	153
1310	252	180	152
1319	249	183	151
1329	245	186	154
1330	245	188	154
1330	246	196	152
1330	248	208	151
1334	249	209	146
1338	249	214	148
1351	251	212	148
1352	252	213	143
1358	257	212	136
1367	260	209	128
1367	261	210	127
1369	262	212	122
1376	265	215	121
1375	266	218	117
1384	266	219	116
1392	270	217	112
1395	273	218	109
1401	277	216	106
1411	277	209	107
1414	281	208	107
1417	282	210	106
1426	288	208	105
1428	289	209	105
1434	289	208	105
1440	291	208	103
1443	292	209	102
1444	295	211	101
1443	297	215	99
1443	297	216	100
1440	299	219	98
1435	302	224	96
1432	302	226	96
1427	303	230	96
1425	303	230	96
1422	303	230	97
1423	302	228	97
1420	302	224	99
1420	300	222	104
1419	298	216	111
1423	297	205	116
1424	296	200	117
1425	295	191	115
1424	296	182	113
1424	296	178	110
1430	298	170	107
1437	302	158	104
1439	305	153	102
1445	309	145	101
1455	312	131	100
1456	312	127	101
1458	316	120	103
1467	317	104	109
1469	317	98	111
1463	318	97	114
1462	324	105	118
1463	325	110	120
1453	327	87	126
1456	333	75	131
1457	339	72	132
1440	348	69	134
1416	360	68	139
1407	359	68	144
1389	365	72	151
1364	372	83	160
1353	375	93	165
1337	381	103	169
1313	393	116	173
1300	396	128	174
1282	415	138	171
1248	421	155	171
1236	423	167	173
1216	431	180	173
1183	446	201	170
1176	450	211	170
1137	463	236	176
1116	498	245	219
1097	490	256	261
1091	487	256	268
1075	494	254	256
1075	502	250	247
1060	512	246	231
1040	523	252	215
1031	530	255	207
1027	535	254	198
1013	546	254	193
1011	553	253	189
1007	554	250	190
978	577	253	187
977	585	253	182
976	588	254	178
991	583	253	174
1009	563	246	180
1004	582	244	176
997	588	244	175
995	600	246	166
996	574	244	169
971	556	248	176
852	489	211	201
862	481	192	213
875	462	177	232
879	468	165	238
879	472	156	239
879	473	151	232
880	471	146	225
875	473	146	217
870	479	146	212
920	296	134	193
920	302	126	174
1040	287	137	147
1036	297	141	121
1027	300	149	104
1021	304	154	93
1019	305	156	89
1019	306	158	87
1024	307	156	86
1024	308	157	86
1026	309	159	83
1032	313	160	80
1035	315	160	79
1042	317	160	78
1051	319	162	76
1054	319	162	76
1060	320	162	75
1072	320	160	75
1077	321	159	75
1086	321	157	76
1096	323	159	76
1098	321	161	78
1102	321	163	78
1111	320	166	79
1114	321	167	79
1122	322	169	79
1133	324	172	77
1139	324	172	77
1148	325	172	75
1163	328	173	74
1167	329	174	74
1179	331	174	74
1196	335	171	76
1201	336	171	77
1212	339	170	78
1226	343	167	80
1233	346	166	79
1241	351	164	80
1256	357	162	82
1260	357	162	83
1270	363	161	82
1286	368	159	80
1292	369	158	80
1303	375	156	80
1320	380	154	83
1327	381	153	87
1342	386	150	89
1361	391	146	94
1367	391	145	97
1378	396	144	101
1396	405	140	105
1401	405	140	108
1411	410	138	112
1430	418	131	116
1435	420	128	119
1446	426	123	120
1458	435	113	121
1463	436	109	124
1470	444	101	121
1483	453	92	119
1487	457	84	117
1496	463	76	116
1507	475	66	114
1513	479	60	112
1520	485	57	112
1526	494	52	113
1528	499	51	113
1526	504	55	115
1521	512	67	121
1517	514	72	123
1511	520	75	127
1505	530	80	132
1503	534	83	134
1500	544	90	135
1500	538	105	154
1499	538	112	161
1498	541	117	167
1499	553	118	171
1500	554	115	174
1503	563	111	173
1504	576	103	173
1508	582	94	172
1511	592	86	170
1506	612	82	164
1513	618	74	162
1518	623	77	168
1520	631	88	177
1519	634	95	182
1518	642	103	184
1517	672	112	173
1516	681	118	169
1519	700	123	161
1513	712	131	161
1515	719	137	159
1507	713	144	162
1514	723	155	160
1513	715	165	162
1478	692	172	169
1360	638	219	161
1349	622	242	160
1344	646	256	148
1350	656	261	134
1349	658	263	128
1353	663	262	125
1359	668	260	125
1256	548	240	116
1273	556	232	112
1292	556	228	112
1298	555	226	109
1307	556	227	106
1329	561	226	104
1334	560	226	103
1349	562	226	102
1364	563	226	102
1369	562	227	102
1379	566	228	101
1396	568	226	101
1401	567	225	101
1411	569	223	100
1430	571	218	99
1437	572	216	98
1450	572	211	100
1468	573	204	102
1478	572	198	102
1490	571	195	103
1512	570	171	106
1520	569	161	106
1534	568	173	107
1553	563	136	109
1563	560	125	111
1580	555	113	113
1602	549	99	116
1613	545	88	118
1626	541	78	122
1625	532	84	126
1619	529	91	129
1619	523	93	129
1613	515	99	123
1610	510	103	115
1606	507	110	111
1597	501	125	109
1594	499	133	109
1587	495	142	108
1580	489	151	110
1577	485	155	112
1573	480	159	113
1569	475	164	114
1568	474	168	114
1565	471	174	114
1560	472	181	112
1556	471	186	111
1552	469	191	112
1543	464	197	116
1540	461	199	119
1532	455	198	126
1522	450	195	130
1517	448	195	134
1507	448	198	140
1467	451	213	147
1398	453	262	154
1387	453	272	157
1390	450	258	161
1397	446	244	167
1404	444	223	172
1412	439	197	180
1421	437	177	184
1433	436	162	185
1440	435	166	184
1434	435	172	182
1428	437	182	176
1414	432	203	172
1393	421	197	163
1369	419	185	155
1365	413	175	144
1366	414	170	135
1361	414	168	125
1352	412	175	111
1348	414	179	105
1341	413	181	104
1321	408	185	107
1309	408	187	114
1293	403	185	117
1288	397	174	121
1306	396	152	122
1306	393	136	120
1294	391	132	118
1296	389	125	116
1297	384	115	116
1293	374	105	125
1292	370	100	134
1285	362	97	147
1287	349	84	159
1290	343	74	149
1288	336	71	145
1288	332	72	148
1289	328	72	151
1289	322	74	151
1284	321	80	142
1280	326	85	137
1269	332	94	126
1271	316	96	139
1277	315	91	145
1286	314	86	144
1289	305	86	150
1293	297	83	150
1298	287	83	152
1300	280	87	149
1297	281	91	149
1297	283	94	153
1301	285	96	155
1290	276	100	157
1294	263	104	156
1203	232	122	151
1196	229	135	152
1179	219	148	160
1180	243	183	173
1177	248	213	189
1179	243	234	203
1193	248	243	210
1198	247	242	211
1209	260	241	217
965	114	232	235
795	62	197	212
802	62	181	201
807	61	181	205
810	61	178	206
814	74	179	196
824	79	174	194
829	75	171	198
832	67	170	204
835	58	173	210
836	57	175	211
839	54	177	213
844	48	178	216
847	49	178	216
851	46	176	217
852	44	179	220
853	42	180	221
857	35	182	224
854	34	191	226
837	30	208	229
844	30	211	230
837	30	223	228
838	28	226	228
837	31	231	227
844	31	226	222
846	29	224	221
849	21	225	226
853	8	225	234
850	3	227	237
848	3	232	235
856	11	230	230
852	15	232	225
853	17	233	222
849	6	240	228
850	10	242	227
846	3	246	229
846	-2	248	232
843	-4	249	235
846	-5	246	238
851	-4	241	235
849	-5	240	236
850	-6	239	236
850	1	239	232
851	6	239	229
845	8	240	223
850	10	238	221
851	4	236	222
867	0	221	222
871	0	214	224
868	-2	214	224
863	-2	217	226
850	-4	224	224
845	-4	229	225
832	-7	237	225
818	-6	249	221
812	-6	254	220
803	-7	259	217
794	-5	265	213
790	-5	266	211
795	-6	260	215
790	-6	259	224
783	-9	264	226
769	-7	277	224
755	-3	288	221
750	-3	294	222
743	-4	297	221
735	-6	305	220
730	-5	309	216
726	-3	315	216
717	-5	319	210
713	-1	326	207
711	0	325	203
711	-5	324	204
707	-2	324	214
699	-9	323	205
663	-15	261	203
676	-18	220	179
684	-11	197	153
683	-6	189	144
684	-1	186	142
679	-4	186	147
675	-2	186	152
674	-3	186	155
671	0	187	156
669	7	181	154
669	11	182	154
664	11	182	157
663	19	186	155
661	18	187	154
662	21	185	154
666	15	186	162
668	12	185	165
671	9	191	168
683	1	243	177
688	-1	314	184
674	-1	337	186
669	-4	342	186
665	-5	334	186
639	1	278	195
663	1	253	199
658	2	225	197
658	1	202	194
655	-5	203	204
652	-5	206	208
663	-4	264	209
639	-9	313	215
629	-7	317	213
618	-5	304	212
597	-6	285	219
578	-9	293	222
579	-4	287	223
542	-16	250	213
546	-12	227	206
539	-7	187	206
527	-1	177	216
522	-3	174	223
508	-1	174	238
484	1	174	258
477	-1	179	270
458	2	187	283
435	0	198	299
424	-1	209	311
408	-3	223	320
394	-4	240	321
385	-7	255	320
372	-8	274	317
348	-10	302	316
332	-9	325	316
322	-10	339	314
304	-10	358	303
296	-14	366	302
288	-7	371	295
271	-4	371	292
266	-4	367	292
261	-10	371	295
263	-8	385	295
258	-9	394	296
257	-2	387	294
252	5	349	296
255	7	333	297
255	16	308	298
246	18	265	300
246	24	247	315
234	24	220	319
232	28	241	329
226	29	259	328
216	35	283	327
197	42	320	328
186	41	339	336
175	47	358	342
129	57	409	348
110	58	439	354
79	67	481	358
73	72	508	374
48	72	537	386
53	66	547	411
56	64	569	432
56	70	572	435
74	77	569	440
119	93	572	441
129	104	557	438
162	115	536	441
178	133	534	435
184	135	525	433
230	146	494	419
226	140	503	416
242	144	496	417
223	140	509	417
228	143	509	430
226	138	508	423
259	131	479	443
270	136	460	433
298	136	433	440
297	125	423	448
319	127	410	454
318	116	404	463
304	123	422	459
319	121	406	461
324	127	410	458
334	126	406	465
339	124	395	466
331	132	406	467
334	134	410	471
333	160	409	484
354	156	396	467
358	157	393	450
366	159	395	441
374	171	399	438
386	174	399	436
393	169	395	437
409	192	392	421
423	187	389	429
438	197	379	411
416	200	405	395
418	206	409	388
414	215	408	374
418	223	404	372
419	228	404	373
440	229	390	375
442	228	375	386
448	231	376	392
431	222	385	392
446	217	380	391
451	214	372	390
454	214	371	380
457	210	372	368
452	211	376	363
468	215	361	352
486	236	346	323
492	243	341	309
500	253	333	295
521	253	314	289
531	254	305	290
535	253	303	283
531	251	316	281
534	246	318	277
536	242	321	274
526	239	339	276
534	232	335	280
535	229	339	275
533	224	351	274
535	223	353	273
541	213	349	270
558	201	337	274
558	192	333	279
555	187	337	283
556	178	328	283
555	173	327	289
572	162	312	295
600	138	303	309
609	133	307	319
612	117	287	328
611	98	276	334
611	89	269	334
614	93	265	324
613	86	259	323
607	82	266	323
613	72	256	332
635	54	234	340
635	48	228	348
638	38	223	353
659	22	222	363
666	16	211	368
667	16	199	369
665	19	241	367
645	12	237	360
628	26	234	347
626	43	226	339
626	40	230	341
632	27	226	347
651	9	197	365
661	6	186	376
672	3	172	378
688	-7	166	388
692	-6	164	393
694	-10	158	392
692	-5	175	387
679	-8	170	373
668	-2	183	370
640	0	204	361
629	1	229	361
620	3	231	349
616	3	239	347
613	3	237	342
609	1	233	333
606	2	232	328
609	4	230	328
610	5	227	330
608	8	226	325
607	7	225	322
608	4	226	321
613	2	220	321
621	2	215	324
636	-4	192	328
624	-6	192	333
639	-7	173	333
632	-2	168	325
628	-3	166	321
629	2	170	317
622	2	177	317
612	7	163	313
610	12	159	307
608	25	166	302
601	43	181	296
597	49	191	293
593	58	201	290
601	76	205	283
599	85	211	273
593	96	223	267
582	112	244	263
576	118	255	260
573	140	263	246
566	145	274	242
562	147	279	242
557	149	288	241
550	146	297	243
551	147	300	244
545	142	307	252
532	136	322	265
533	134	325	271
537	134	323	279
546	134	320	289
554	132	316	298
557	133	316	305
563	132	312	303
561	131	312	306
568	134	312	307
574	142	312	303
580	146	309	302
579	148	314	298
590	159	312	292
594	161	314	292
603	167	314	292
611	173	316	286
613	174	315	286
617	187	325	278
623	199	311	262
629	206	320	255
626	212	330	247
648	219	305	241
642	220	302	237
660	222	281	236
661	225	284	240
667	225	281	244
677	222	276	247
687	221	269	250
688	219	272	249
692	211	274	252
700	204	276	255
705	202	274	255
715	199	274	259
726	212	265	244
732	203	266	246
739	210	247	242
752	206	241	245
761	201	233	251
766	205	222	253
791	209	218	252
962	143	256	239
924	144	349	225
871	145	379	231
802	147	425	264
770	139	439	300
754	126	416	312
744	122	414	317
738	117	405	318
745	108	381	327
760	105	363	328
734	106	378	333
729	92	378	308
737	89	365	302
749	75	340	248
752	78	323	246
751	75	317	240
737	67	314	223
720	64	283	206
715	66	273	198
702	62	259	194
673	54	250	194
663	52	246	190
640	50	242	194
602	45	244	198
588	42	245	199
562	39	254	202
520	34	276	206
503	31	291	207
479	29	311	208
443	26	344	209
432	28	364	210
411	28	386	215
382	27	416	216
368	26	430	213
346	24	446	209
314	19	467	209
304	20	472	206
280	16	487	218
250	10	499	224
238	7	497	226
217	5	494	222
184	6	463	225
189	6	458	224
179	5	452	223
149	4	443	223
86	7	471	220
98	5	437	222
49	6	431	219
68	5	395	219
69	7	362	228
52	5	320	237
47	3	303	242
32	1	281	250
12	7	258	258
10	12	251	259
-1	18	240	260
-12	23	213	262
-8	27	197	263
-8	31	176	268
-10	46	142	262
-10	48	129	264
-11	55	114	260
-11	68	101	261
-9	72	94	264
-8	79	88	265
-8	87	83	268
-6	93	77	265
-11	101	71	268
-15	127	77	248
-18	144	82	235
-17	163	76	228
-10	180	76	218
-13	186	75	209
-11	193	74	203
-43	185	87	182
-46	198	93	172
-50	197	102	160
-20	203	112	155
25	219	117	160
99	296	119	151
174	292	127	147
165	313	131	143
165	302	136	139
168	301	141	137
144	311	146	134
138	311	149	131
141	313	153	127
125	314	157	123
135	320	160	120
151	336	163	118
145	342	163	118
174	179	171	123
161	99	168	159
157	74	173	203
146	66	176	237
131	72	180	248
127	74	189	250
221	103	204	239
194	130	220	226
186	134	235	224
183	132	244	229
166	125	258	241
120	126	299	245
127	129	300	249
40	117	267	249
44	110	225	249
60	104	209	236
70	124	197	230
73	124	187	222
77	131	182	224
86	122	182	228
88	119	179	227
95	116	185	222
102	123	193	212
99	129	178	202
101	148	176	179
103	150	181	180
102	146	178	186
103	149	172	183
108	156	173	177
111	158	172	180
113	161	180	183
114	155	185	185
115	154	187	188
114	154	194	192
120	159	202	193
122	159	212	192
122	162	216	193
123	162	209	197
127	161	212	197
130	157	221	200
127	171	225	194
124	173	218	191
355	126	191	186
350	129	190	183
348	132	193	180
343	134	200	176
329	137	213	178
314	134	232	180
335	114	224	203
336	96	227	225
334	89	226	230
334	89	229	239
338	85	229	243
341	87	227	244
348	86	222	248
354	88	217	248
358	91	214	247
363	94	211	250
370	96	210	248
373	99	208	247
374	106	207	238
382	118	202	229
385	125	199	220
386	131	198	215
384	118	200	234
385	121	197	233
386	122	197	237
392	129	191	240
394	127	191	241
398	130	188	246
406	136	185	244
407	133	185	244
412	139	183	243
420	151	182	241
424	152	180	237
428	160	177	237
434	170	170	238
437	179	165	236
440	188	164	236
439	201	165	232
439	206	167	230
437	211	169	224
438	219	171	220
442	224	171	222
448	229	170	223
453	237	166	220
456	246	164	214
457	249	162	206
461	250	164	202
453	250	169	201
453	259	172	203
451	253	179	208
445	252	184	211
448	252	184	217
448	264	190	210
449	272	191	207
457	285	191	202
461	289	189	204
466	287	188	209
470	291	187	211
472	299	187	213
473	302	185	213
480	306	182	214
484	307	180	215
487	305	177	216
469	309	184	215
481	322	184	209
489	324	181	211
490	327	185	209
489	317	184	215
487	315	184	219
482	310	183	224
488	313	187	224
484	310	186	225
494	308	188	225
503	314	199	226
484	311	198	229
480	306	197	234
478	309	193	236
481	305	198	245
483	302	203	247
486	307	204	243
492	310	211	239
487	309	203	239
492	313	211	236
495	313	227	234
483	314	230	234
475	307	240	235
468	305	250	237
460	301	255	243
458	322	264	249
461	322	266	254
476	324	275	257
471	322	274	260
473	314	267	267
477	309	260	272
488	299	257	273
489	293	261	272
497	295	255	273
514	300	250	266
518	309	254	261
524	312	258	259
518	309	266	253
518	309	271	249
484	308	233	251
503	305	222	252
567	279	240	216
561	292	266	188
575	301	273	170
576	308	266	156
586	312	265	149
599	311	271	146
595	311	273	146
625	314	278	151
620	313	295	158
629	318	313	185
647	302	309	196
653	293	309	202
646	283	311	207
645	279	315	213
656	266	313	211
662	272	307	205
664	278	308	193
689	281	292	180
699	289	280	169
700	288	276	166
552	208	258	143
567	215	236	125
583	220	237	124
609	225	242	124
618	225	245	127
630	227	246	133
657	242	257	152
675	254	279	185
677	241	285	209
687	239	285	212
684	239	280	211
689	242	274	211
690	239	263	214
695	243	258	217
702	232	258	223
708	238	250	222
928	174	257	199
916	179	246	180
902	184	239	160
901	189	237	156
905	193	228	153
878	196	230	155
865	195	235	147
861	193	233	135
841	200	233	134
793	236	238	169
791	230	252	208
796	224	269	247
800	218	278	269
809	217	279	283
810	220	293	287
805	220	305	292
791	221	324	291
783	229	348	299
780	232	363	308
809	235	354	306
861	256	322	291
882	287	306	261
904	318	294	234
917	335	292	217
922	339	293	212
932	345	295	212
951	354	292	212
955	357	294	214
960	362	298	217
972	372	300	218
976	373	299	224
988	376	299	227
996	381	303	237
995	377	308	243
1005	370	306	256
1008	365	299	272
1006	364	270	276
1014	372	247	271
1018	374	233	263
1024	374	238	262
1021	371	241	263
1022	374	246	265
1030	379	262	277
1025	375	268	278
1020	386	255	266
1036	390	237	250
1028	401	220	249
1022	408	205	244
1021	412	193	242
1019	415	196	237
1008	424	196	221
1005	431	199	207
1002	441	212	204
1003	452	233	195
1007	461	269	199
1000	467	261	187
1006	473	223	178
1010	478	196	170
1018	483	184	162
1034	497	171	146
1042	500	162	136
1051	502	149	132
1068	499	134	129
1077	496	126	128
1084	488	122	127
1105	482	110	128
1117	480	102	130
1133	470	94	132
1153	460	89	124
1152	459	94	122
1151	455	105	124
1149	444	121	123
1147	438	130	126
1146	428	141	130
1150	415	152	136
1149	410	158	140
1155	401	162	152
1155	389	175	171
1156	383	179	178
1166	374	178	189
1178	362	180	211
1180	357	190	224
1176	346	210	227
1173	336	239	246
1172	337	252	272
1165	322	260	286
1187	335	248	287
1213	361	230	262
1226	365	213	243
1252	360	194	236
1122	257	172	210
1112	258	154	172
1108	254	141	151
1113	258	133	142
1114	252	127	137
1115	245	117	131
1118	245	112	128
1118	240	112	128
1105	234	118	124
1098	231	115	123
1094	228	123	121
1081	224	123	124
1077	221	126	125
1068	218	128	124
1059	213	136	121
1056	212	142	119
1049	209	145	118
1040	205	148	116
1039	204	152	115
1140	201	157	116
1125	196	190	115
1096	195	225	115
1068	191	245	115
1012	187	265	119
1015	183	262	123
1007	179	252	126
1006	175	246	132
999	171	241	133
984	167	243	133
920	168	270	138
868	163	307	140
861	160	316	150
866	161	290	149
872	161	280	149
878	163	260	153
881	162	240	157
879	159	233	161
868	160	232	165
846	162	239	158
840	160	240	153
827	164	253	143
811	165	249	141
807	166	253	139
796	168	247	142
782	166	245	140
780	168	242	136
765	173	237	135
750	173	224	134
750	173	219	134
751	174	225	133
735	178	226	134
736	177	226	132
738	175	240	125
726	172	244	116
727	177	239	109
723	179	230	111
707	186	225	126
704	183	220	134
694	178	213	135
681	176	204	135
673	177	201	135
643	170	208	132
587	178	231	151
543	146	271	187
527	134	284	215
535	138	262	221
539	141	251	224
544	149	233	221
549	155	212	219
554	159	201	216
552	163	192	214
547	167	192	211
546	169	193	210
538	171	204	207
519	174	227	203
515	176	252	204
499	177	281	204
468	171	286	204
449	168	281	204
451	168	304	196
419	169	304	194
418	168	314	192
397	160	302	189
392	151	290	189
388	151	263	182
391	139	237	165
399	131	199	150
409	131	183	142
419	126	170	140
420	117	158	139
419	115	153	136
408	108	155	139
413	99	194	141
396	98	208	141
421	94	187	136
425	91	149	134
432	91	125	133
433	90	100	130
435	78	103	133
433	75	104	134
435	70	111	134
420	67	107	133
418	68	116	132
408	64	109	133
407	65	112	128
409	67	112	125
407	67	111	124
407	66	112	124
411	64	106	126
419	65	99	131
434	66	91	135
437	65	85	138
441	63	86	144
431	62	97	152
430	60	99	158
432	58	98	166
433	61	97	170
434	62	97	173
434	68	102	181
427	75	115	197
423	76	131	209
413	77	140	207
406	92	135	198
405	94	140	199
405	105	125	195
402	118	120	187
401	124	120	181
399	128	120	176
397	124	121	174
396	122	119	174
389	121	127	175
385	120	133	180
385	115	132	179
380	113	136	180
381	115	130	176
383	118	140	172
373	122	146	165
374	121	139	165
376	122	133	166
376	126	130	164
380	134	124	156
381	137	122	152
379	140	121	152
368	136	127	154
368	147	125	144
351	147	136	143
331	147	149	142
328	149	153	143
321	145	155	148
326	139	146	158
326	135	141	162
329	137	138	160
329	135	135	165
329	136	130	168
331	139	125	172
330	143	119	169
327	144	117	170
323	147	119	168
318	153	127	168
314	155	126	171
314	160	124	180
313	159	119	190
312	159	119	199
306	152	122	201
299	152	132	209
296	154	133	205
291	164	136	194
284	169	139	185
283	168	141	178
278	169	146	174
279	170	150	173
282	172	149	170
282	175	151	174
285	172	152	177
283	173	155	178
256	181	181	173
257	186	191	164
249	190	202	158
255	194	202	150
281	192	184	150
284	190	177	154
285	187	175	158
286	177	174	169
288	172	172	176
280	164	175	186
281	161	179	194
278	160	182	199
280	164	179	199
283	169	168	195
287	172	165	189
292	172	157	188
282	171	161	187
278	169	162	186
281	167	163	185
282	165	165	186
284	165	173	186
305	167	231	181
300	165	251	183
300	166	255	186
272	164	280	191
262	161	291	192
258	159	296	192
267	161	297	197
262	160	315	203
257	158	328	202
237	160	348	202
246	170	360	199
215	174	390	199
172	175	370	207
181	181	329	215
192	184	307	212
204	195	287	211
223	201	278	210
227	204	266	209
225	207	270	209
219	213	271	214
212	211	271	215
210	213	280	224
242	207	259	220
263	209	238	216
272	205	227	215
273	210	227	216
292	210	238	218
267	220	261	218
255	225	320	219
231	225	362	216
234	227	372	224
237	228	366	223
225	229	360	222
249	223	366	226
238	220	332	230
227	224	285	237
231	229	240	232
239	245	210	226
252	243	191	222
255	242	178	228
260	240	167	240
259	240	163	243
261	231	159	219
267	235	151	192
269	238	147	176
271	243	142	172
273	240	137	173
275	233	141	158
273	236	143	156
276	238	136	165
277	243	135	184
280	244	143	204
279	239	148	232
276	232	142	238
280	230	146	243
277	228	138	247
277	228	131	245
277	227	138	251
274	228	144	234
272	233	145	226
270	232	148	224
268	235	162	219
266	243	160	210
267	252	167	199
268	261	168	192
268	262	167	191
268	258	161	196
273	277	157	184
274	281	157	180
264	278	168	180
266	279	169	181
264	281	173	179
262	283	176	174
265	282	177	170
269	283	176	169
270	287	174	161
271	289	177	156
273	293	177	150
273	293	177	146
277	295	179	146
277	294	178	148
282	296	178	151
287	300	176	151
288	301	176	150
287	303	180	152
287	302	182	153
287	302	184	153
291	301	184	156
293	291	185	137
293	292	185	117
304	296	178	106
307	297	176	99
305	298	180	98
307	297	182	94
317	297	178	94
321	298	175	97
328	298	172	98
326	299	174	99
323	298	177	97
322	297	181	96
326	294	179	95
330	294	176	96
332	295	175	97
336	297	173	100
334	297	175	100
332	295	174	100
332	293	183	101
331	292	179	100
335	294	178	98
335	298	177	101
337	298	175	105
336	297	177	105
337	299	174	104
337	299	172	106
337	297	171	107
335	293	173	112
337	290	174	116
339	288	176	121
339	289	178	127
343	290	176	128
341	292	176	129
338	295	176	130
338	298	177	131
329	304	184	129
317	317	199	123
308	319	212	120
309	330	218	116
317	329	215	116
321	325	214	119
330	322	212	123
343	323	199	125
346	323	194	127
355	322	190	131
371	328	200	128
370	326	199	129
385	330	223	133
400	328	242	145
403	325	244	143
409	324	242	143
421	326	237	140
423	328	236	139
433	328	232	141
447	328	225	142
449	325	226	144
458	324	224	148
467	320	225	151
472	320	222	154
482	316	221	152
491	314	218	158
496	313	219	160
500	311	223	163
505	306	226	168
503	305	229	168
508	303	232	170
511	304	230	171
514	309	227	170
512	313	203	169
520	317	172	166
525	317	152	161
534	320	158	160
543	318	170	162
541	319	175	164
541	319	174	162
554	323	167	160
557	323	164	156
560	324	162	152
567	319	159	148
569	321	159	146
574	318	157	144
584	321	156	142
586	325	157	141
595	324	156	136
608	319	153	134
607	318	154	136
611	317	158	133
612	309	161	130
615	305	160	132
616	303	161	132
620	302	164	134
620	300	165	133
631	304	178	129
636	307	186	122
637	307	184	119
641	302	176	114
654	293	189	118
657	292	199	119
655	286	184	124
663	271	178	136
664	264	184	140
673	256	201	148
674	246	234	160
670	240	244	167
668	231	243	174
674	216	240	181
673	212	238	183
676	206	234	188
683	196	232	193
688	192	230	196
713	185	217	201
737	175	204	201
742	176	201	201
765	192	203	194
759	217	202	175
762	214	203	167
765	223	203	155
766	229	199	148
767	231	195	143
776	238	194	140
788	241	196	141
783	243	193	141
777	242	184	145
795	236	178	149
800	234	171	153
801	232	163	156
672	134	152	147
669	136	145	137
680	135	130	121
685	137	113	113
688	137	106	100
687	140	93	89
684	143	78	80
685	146	69	76
681	149	61	74
678	150	47	78
679	149	41	81
680	149	40	86
672	149	47	95
666	154	52	94
660	159	60	96
655	159	66	108
656	158	69	114
654	161	70	120
655	162	71	131
656	160	72	138
654	167	74	140
653	184	77	138
652	191	79	136
654	192	79	142
655	205	81	141
655	207	82	143
655	213	84	142
656	218	85	143
657	228	86	138
656	232	87	138
642	242	96	133
632	247	104	130
628	252	109	127
625	254	109	127
623	255	110	129
619	251	112	125
614	255	113	121
611	256	114	120
605	256	116	119
606	264	117	118
589	266	124	116
515	274	113	122
513	285	107	119
512	287	104	116
514	282	107	118
508	291	107	116
502	292	101	116
501	303	97	109
500	319	93	100
500	324	90	94
497	328	90	89
498	329	90	87
491	334	93	83
487	336	94	85
488	331	94	88
476	342	91	89
474	332	88	99
475	336	85	97
470	330	94	101
468	327	106	104
466	325	109	105
456	324	98	102
459	325	96	101
457	326	97	98
453	333	99	88
453	336	101	84
452	340	102	78
444	344	97	72
446	345	94	69
440	345	89	68
433	346	84	69
435	346	83	69
430	345	80	70
424	344	78	75
414	343	85	78
417	341	75	80
406	335	68	82
402	331	62	81
398	327	67	83
388	316	83	83
384	313	91	83
379	306	99	79
366	293	113	78
366	291	117	77
356	288	127	75
350	279	141	73
347	277	147	71
349	272	150	70
349	264	156	70
351	262	157	71
354	257	157	71
362	252	154	70
365	251	153	70
369	249	151	71
373	248	150	71
375	247	147	72
379	247	145	75
385	247	140	77
389	247	136	79
388	243	136	82
390	237	132	89
394	236	128	93
398	232	123	98
401	221	121	109
406	218	117	115
406	211	112	122
411	208	105	125
413	207	101	127
416	206	98	129
421	205	92	133
422	206	91	134
422	209	91	133
422	219	93	128
421	233	94	116
419	225	99	122
414	230	106	119
413	240	109	111
408	247	114	106
403	248	121	107
400	249	125	108
397	253	129	107
396	258	130	105
396	260	133	105
399	264	141	105
401	268	138	103
401	273	133	99
401	280	137	93
406	283	147	92
410	284	161	95
463	273	171	112
434	276	235	116
417	272	271	122
418	269	276	125
420	267	276	129
418	270	279	130
425	268	274	129
430	268	272	126
431	266	271	126
437	269	269	125
446	270	264	123
446	269	266	122
452	271	265	119
456	269	267	121
455	267	270	123
455	264	275	126
459	258	281	128
465	254	281	129
474	250	281	131
461	247	261	136
462	244	243	141
476	241	206	148
489	235	177	153
498	232	172	154
487	221	166	131
489	219	148	108
491	220	143	99
491	217	143	87
494	211	145	80
494	210	146	76
498	205	145	70
503	200	144	67
502	198	144	67
508	194	139	67
514	190	136	67
516	188	135	67
522	185	130	67
529	181	124	67
535	178	119	68
541	174	114	75
555	166	103	85
558	164	100	90
562	160	97	96
570	156	91	104
573	156	87	106
568	155	89	110
565	157	90	111
564	156	89	112
564	158	84	111
571	170	79	122
572	170	76	122
577	172	71	119
587	179	75	122
601	191	92	136
601	193	105	156
598	190	114	164
596	192	117	164
592	191	122	165
583	194	131	163
580	198	136	163
589	210	139	161
590	211	142	159
586	217	144	156
586	217	146	155
557	220	158	149
528	217	156	146
531	219	152	141
473	222	149	136
496	220	137	134
495	221	126	129
489	225	121	123
485	226	119	116
489	225	112	114
620	254	115	101
618	259	105	95
621	264	99	88
622	266	95	83
622	265	94	82
622	266	95	81
621	264	95	81
622	262	94	81
621	261	95	81
623	257	93	83
625	255	92	84
627	252	92	85
634	255	91	86
636	255	90	86
647	260	112	83
651	259	148	83
646	258	160	85
644	258	156	85
643	259	154	84
644	258	152	84
643	257	150	87
641	258	147	85
640	258	145	86
640	259	142	87
640	258	135	90
635	259	136	90
641	261	124	90
618	271	138	84
617	273	138	82
616	275	136	82
615	273	137	88
614	272	139	90
614	273	142	91
625	277	137	92
645	276	120	91
653	280	112	87
659	288	110	82
661	289	109	80
665	293	109	80
672	301	109	75
673	305	111	73
678	315	112	66
688	325	113	65
691	328	113	66
695	334	113	66
700	342	113	67
701	344	113	64
703	350	112	63
705	357	111	60
704	358	113	58
709	364	110	59
717	368	104	60
719	369	103	60
725	371	99	62
732	374	94	63
735	375	93	65
742	376	89	67
752	380	85	70
754	380	84	74
754	381	85	77
752	385	90	77
751	385	93	80
751	386	96	83
752	391	99	83
752	389	98	85
755	398	95	76
762	406	89	68
766	409	85	64
770	409	78	63
780	408	68	62
785	409	63	62
790	410	57	61
798	410	50	61
802	410	47	60
806	413	44	57
809	420	41	53
809	421	43	52
800	427	50	47
783	430	53	45
786	438	55	42
789	442	57	38
793	449	57	38
794	444	57	37
787	460	56	39
777	479	56	41
782	485	55	44
783	487	55	46
783	488	55	48
785	487	54	50
784	487	54	52
785	487	54	54
785	485	54	55
788	485	54	57
789	485	54	58
791	485	54	59
793	486	53	61
795	486	53	62
795	488	53	63
797	488	53	64
798	488	53	65
801	491	54	66
800	491	54	67
802	492	54	68
802	490	54	70
804	495	54	72
806	495	55	73
805	494	55	75
808	490	55	75
806	493	56	77
806	496	56	80
805	495	57	81
805	493	58	83
803	495	58	85
803	491	59	88
800	491	60	90
797	491	61	92
799	488	61	94
798	484	62	96
797	485	63	97
796	482	63	99
796	479	64	100
798	480	64	101
798	475	64	102
799	470	64	103
801	467	65	104
801	466	65	105
803	461	66	106
805	459	66	106
807	454	66	106
809	449	67	106
808	448	67	106
810	445	67	106
815	443	67	106
815	443	67	106
816	440	67	106
820	438	67	105
820	436	67	106
822	435	67	105
825	433	67	105
827	431	67	105
828	429	67	104
943	340	77	97
942	349	111	88
926	346	128	82
910	339	138	74
906	339	141	70
896	335	142	67
887	328	144	65
882	325	144	65
873	320	144	63
858	314	143	60
852	312	144	61
842	308	146	60
827	303	146	58
821	303	145	58
811	299	146	58
796	299	144	57
791	299	144	57
777	299	147	57
731	299	173	59
712	301	187	73
709	297	187	81
711	294	171	83
715	293	162	85
716	292	151	86
709	291	141	86
706	290	138	87
699	289	134	89
686	288	138	93
684	287	141	96
681	287	145	98
653	278	141	89
656	278	134	83
653	279	126	78
646	279	122	76
640	282	124	76
628	276	126	80
597	268	127	87
584	280	129	98
564	231	145	104
527	228	167	115
519	238	177	145
507	222	198	178
507	214	203	183
505	212	208	186
508	211	208	182
513	210	206	185
517	211	202	182
524	210	198	185
534	204	189	185
537	204	186	186
539	196	187	191
540	186	188	187
537	182	191	189
537	176	194	189
541	171	195	186
545	169	195	188
554	165	210	196
572	162	247	199
573	164	257	198
577	165	242	195
580	159	224	194
580	157	213	191
570	156	218	188
565	156	216	180
563	160	218	174
559	161	216	169
555	158	215	167
554	159	218	165
551	155	222	166
553	157	238	165
550	157	233	161
550	158	238	158
553	160	238	153
552	163	245	150
551	160	245	145
545	166	248	142
548	169	249	140
542	170	249	137
547	165	229	138
547	161	228	132
552	156	227	130
554	147	233	124
552	146	237	125
560	148	243	138
573	142	249	162
570	134	248	175
574	127	236	183
585	119	221	188
591	115	212	190
598	108	204	191
602	98	192	196
606	95	187	200
611	88	179	204
610	80	179	207
609	75	178	207
620	68	167	206
444	178	163	172
451	190	154	142
458	192	153	132
465	192	165	130
467	189	187	131
466	181	200	137
466	182	198	139
468	183	195	140
472	182	193	144
474	178	177	150
477	179	162	155
475	176	162	156
472	176	155	160
474	176	154	163
475	183	146	164
484	199	139	159
488	213	132	151
495	194	132	164
489	209	137	161
490	221	140	149
489	238	142	135
491	255	149	120
489	258	152	113
492	258	151	110
494	259	149	110
496	260	148	109
500	260	147	108
505	239	147	120
508	237	147	122
500	202	132	137
508	202	120	146
516	200	114	151
521	200	111	158
520	203	112	158
525	204	120	157
631	201	116	141
625	207	119	136
623	209	124	131
619	212	127	129
622	221	127	122
628	228	124	115
632	227	119	114
640	229	115	112
637	227	113	110
627	225	119	109
639	222	113	109
640	221	111	108
649	221	103	106
651	218	99	107
655	216	97	108
650	213	99	109
581	216	106	123
577	215	110	130
581	214	110	132
578	214	116	134
573	211	118	136
572	209	120	137
574	208	129	134
573	209	139	132
571	207	142	134
571	203	150	133
571	203	159	131
579	201	173	127
569	201	161	123
576	199	166	120
572	197	165	121
648	185	153	114
669	184	131	108
673	182	123	108
678	180	118	110
679	180	116	111
683	184	113	110
688	187	109	109
690	188	107	109
689	191	108	109
692	195	109	107
694	197	111	108
