1382	16	42	25
1380	18	43	24
1379	22	43	23
1376	22	45	24
1375	27	45	21
1374	29	45	21
1374	32	44	20
1372	35	44	20
1371	37	45	21
1369	39	45	21
1368	41	45	20
1366	44	44	20
1366	47	41	20
1364	50	41	20
1364	52	40	21
1364	57	38	20
1364	58	35	20
1363	61	31	20
1364	64	28	20
1361	67	27	20
1363	68	23	20
1360	71	23	20
1357	76	21	18
1358	77	19	17
1353	81	19	19
1351	82	19	18
1349	85	18	18
1345	88	18	18
1342	91	17	17
1339	94	18	17
1336	96	17	16
1334	99	16	16
1331	98	19	17
1327	101	19	18
1323	105	20	18
1319	107	21	18
1316	110	22	19
1312	113	24	19
1309	115	22	20
1306	118	22	20
1302	121	23	19
1299	124	24	19
1296	127	25	19
1294	131	24	19
1290	134	25	19
1287	137	26	20
1283	141	26	19
1281	142	27	19
1278	146	27	19
1274	149	27	18
1271	153	26	18
1268	156	26	17
1265	159	26	18
1263	161	28	19
1260	165	27	19
1258	168	27	19
1254	172	26	19
1252	174	27	18
1250	177	28	19
1247	181	28	19
1243	185	27	18
1241	186	28	19
1239	190	27	19
1237	193	27	19
1234	197	27	19
1231	200	28	20
1229	202	29	20
1226	205	29	21
1223	208	28	20
1223	211	28	20
1220	215	28	19
1218	221	28	17
1217	223	28	18
1216	226	27	18
1214	228	27	18
1212	230	28	19
1211	233	27	18
1211	236	28	19
1209	239	27	19
1208	241	27	18
1209	243	27	19
1209	245	27	18
1208	249	28	18
1208	251	28	18
1208	252	27	19
1208	254	27	19
1209	256	27	19
1209	258	27	19
1210	259	29	19
1211	261	28	20
1211	262	28	20
1212	264	28	19
1214	267	27	19
1216	269	26	19
1217	269	26	18
1218	270	27	18
1220	272	27	18
1222	273	27	19
1223	274	26	19
1226	274	26	20
1227	275	26	20
1228	276	25	20
1231	278	25	20
1232	278	25	20
1234	279	26	21
1236	280	25	21
1238	280	26	21
1240	281	25	22
1241	282	25	22
1242	281	24	23
1245	283	24	23
1247	283	25	23
1248	285	25	22
1250	286	25	22
1250	286	26	23
1251	286	26	24
1254	286	27	25
1256	288	26	24
1257	289	26	23
1259	290	26	24
1262	291	26	23
1264	292	26	23
1265	292	27	22
1266	293	27	23
1268	293	28	23
1270	294	28	23
1272	294	28	23
1274	294	29	24
1276	295	29	23
1279	295	29	23
1280	294	30	23
1282	295	30	23
1284	295	30	23
1287	294	30	23
1289	295	31	22
1291	294	32	22
1293	294	32	23
1295	294	32	23
1298	294	34	23
1300	294	34	23
1302	293	34	23
1305	293	34	23
1307	294	34	23
1310	293	34	25
1312	292	35	24
1314	293	35	24
1316	293	35	24
1318	292	36	24
1319	292	36	25
1321	292	36	24
1323	291	36	24
1325	291	35	23
1327	291	36	23
1329	290	36	23
1330	289	35	23
1331	289	36	23
1333	290	37	23
1334	289	36	24
1335	289	36	24
1337	288	37	24
1337	287	37	25
1337	287	37	26
1338	287	37	26
1340	287	37	26
1340	288	36	26
1341	288	37	26
1342	288	37	26
1342	289	37	26
1343	289	36	26
1343	289	35	26
1343	289	35	26
1343	289	35	27
1344	289	35	27
1344	290	35	27
1345	291	34	27
1344	290	35	27
1344	291	36	28
1346	291	35	28
1346	292	35	28
1345	292	35	28
1345	293	34	28
1346	293	34	27
1346	293	34	27
1345	292	34	28
1346	292	34	28
1346	292	33	28
1346	291	34	27
1346	291	34	27
1347	292	33	28
1346	291	33	28
1347	292	33	29
1348	290	32	29
1348	289	33	30
1349	288	33	29
1348	287	32	30
1349	286	32	30
1350	286	31	30
1351	285	32	30
1352	284	33	31
1352	282	33	31
1353	281	33	32
1353	279	34	32
1355	278	33	33
1355	277	34	34
1356	276	34	34
1357	273	34	35
1357	272	34	37
1359	269	34	37
1360	269	35	38
1360	266	36	39
1361	266	36	39
1362	264	35	40
1362	261	37	41
1364	260	36	41
1366	259	36	42
1367	258	35	43
1368	254	35	43
1368	253	35	43
1369	252	35	44
1370	250	35	45
1372	247	35	46
1373	247	35	47
1373	244	34	47
1375	243	34	47
1375	241	34	47
1376	239	34	48
1378	238	35	49
1378	236	35	49
1378	234	35	50
1379	233	34	51
1380	232	35	51
1381	230	35	51
1380	229	35	50
1382	227	36	50
1383	226	36	51
1384	225	35	51
1384	224	36	51
1384	223	36	51
1384	223	38	51
1386	222	37	51
1388	221	37	51
1388	221	38	51
1388	220	37	51
1389	219	37	51
1391	219	38	51
1392	218	37	51
1393	219	37	51
1394	217	37	51
1395	217	37	52
1397	217	35	53
1398	216	35	53
1398	217	35	52
1400	216	33	50
1401	216	34	51
1402	216	34	50
1403	216	35	51
1405	216	34	50
1405	216	34	50
1406	216	34	50
1406	215	33	49
1407	215	34	49
1408	216	34	49
1408	216	33	49
1410	215	32	49
1410	215	32	50
1410	215	33	49
1412	215	33	49
1413	215	33	49
1413	214	33	49
1414	213	33	47
1415	213	34	47
1417	212	33	46
1419	211	33	47
1420	211	33	46
1423	211	33	45
1423	209	32	45
1425	209	33	44
1426	207	33	43
1428	207	35	43
1430	206	36	43
1431	206	37	43
1432	204	39	43
1433	204	40	43
1434	203	41	43
1434	201	43	43
1435	200	44	43
1436	198	45	44
1437	197	47	43
1438	196	49	43
1439	196	50	43
1441	194	51	43
1441	192	54	44
1442	191	55	44
1445	190	57	43
1445	189	57	44
1447	187	57	45
1447	186	58	44
1448	185	60	42
1449	184	59	42
1450	185	60	41
1451	183	61	41
1453	184	61	40
1454	183	62	40
1453	183	62	39
1455	182	62	39
1454	180	62	39
1455	181	63	38
1454	181	65	39
1453	181	66	38
1454	182	67	38
1453	181	66	39
1452	182	68	39
1452	181	68	39
1452	183	70	39
1452	184	72	39
1452	184	75	38
1451	185	76	38
1450	187	75	37
1451	187	77	37
1451	189	78	37
1451	189	79	37
1451	189	78	38
1451	190	77	39
1450	192	78	39
1450	192	80	39
1449	193	79	39
1449	195	79	38
1450	196	79	38
1449	197	78	38
1451	197	79	39
1450	198	78	38
1451	199	78	38
1452	201	79	37
1453	203	79	36
1453	202	76	37
1454	203	75	37
1454	204	76	37
1455	205	76	38
1456	205	77	38
1457	204	76	38
1459	206	76	38
1460	207	75	38
1461	207	76	38
1462	207	76	39
1464	207	76	39
1465	207	76	39
1467	207	76	38
1468	207	75	39
1469	206	75	39
1470	205	75	39
1472	204	74	40
1476	204	72	40
1478	206	70	39
1478	207	70	42
1482	208	69	46
1483	206	68	51
1483	178	67	73
1480	174	70	89
1482	171	71	99
1482	179	70	97
1486	184	69	99
1487	188	71	98
1489	194	73	97
1490	197	76	99
1492	196	78	105
1493	195	81	112
1493	194	83	120
1494	193	85	128
1497	194	86	136
1498	193	87	140
1507	196	85	147
1525	234	73	133
1530	241	65	129
1533	244	65	134
1533	244	65	141
1535	253	65	146
1534	256	66	152
1535	259	67	158
1535	262	68	165
1536	266	70	172
1537	268	71	179
1538	275	72	182
1538	281	74	186
1539	288	75	189
1539	296	76	193
1538	303	77	194
1540	311	78	195
1541	320	79	195
1540	333	80	197
1542	340	80	199
1544	350	81	199
1543	357	82	201
1543	366	84	202
1542	375	85	204
1543	386	86	205
1541	400	88	206
1543	408	90	207
1542	416	92	208
1541	429	94	208
1540	439	96	209
1536	452	98	210
1538	458	101	211
1535	467	103	211
1537	485	106	211
1536	494	109	212
1529	502	111	213
1525	510	112	214
1519	520	113	214
1512	535	114	214
1512	543	115	215
1511	554	116	215
1509	563	116	216
1507	572	117	217
1507	584	117	219
1509	589	118	220
1589	633	143	194
1593	684	160	167
1583	713	169	150
1577	732	175	138
1572	752	178	126
1583	763	187	113
1574	775	186	103
1566	791	184	94
1551	825	182	91
1548	848	178	89
1542	870	177	89
1554	889	176	87
1546	907	175	86
1559	910	174	84
1552	927	172	83
1561	941	171	81
1573	954	169	79
1567	969	167	79
1574	972	167	80
1599	968	163	77
1597	967	160	76
1622	959	156	73
1622	952	151	71
1623	959	147	69
1637	968	144	67
1630	979	142	66
1618	992	142	68
1590	998	124	73
1609	1010	116	72
1638	1014	112	71
1624	1011	109	70
1623	1012	104	69
1633	1014	98	67
1646	1014	94	64
1647	1019	89	61
1663	1020	81	59
1673	1022	73	56
1674	1026	71	54
1690	1028	65	53
1696	1031	60	50
1702	1033	57	47
1711	1036	54	43
1715	1038	52	40
1721	1040	52	37
1727	1044	53	35
1730	1046	53	33
1735	1049	53	30
1742	1051	54	29
1742	1051	53	29
1736	1050	54	29
1722	1036	53	30
1725	1035	51	32
1726	1036	52	33
1735	1037	51	34
1741	1041	52	35
1743	1043	54	35
1747	1043	56	35
1752	1042	57	36
1756	1039	57	37
1763	1042	58	37
1771	1042	58	37
1768	1038	61	38
1778	1032	62	41
1790	1037	62	41
1794	1016	64	43
1806	1014	65	44
1804	1022	68	48
1807	1032	71	47
1813	1030	75	47
1820	1026	77	47
1833	1029	80	48
1837	1029	81	47
1834	1032	84	47
1836	1034	83	45
1846	1038	78	43
1843	1039	77	41
1848	1040	75	40
1845	1043	75	38
1843	1044	75	37
1806	1032	68	41
1801	1035	69	43
1803	1032	71	46
1789	1026	76	50
1789	1018	78	56
1806	1017	84	60
1811	1011	93	63
1812	1008	100	68
1808	1006	106	72
1808	1011	109	70
1796	1014	116	68
1758	1009	116	69
1761	1005	116	71
1763	1009	116	70
1776	1013	117	67
1783	1017	118	64
1789	1018	121	62
1791	1017	125	63
1792	1011	126	67
1798	1016	121	64
