861	1056	53	23
866	1054	51	24
867	1053	53	25
867	1052	56	26
867	1048	60	29
865	1046	65	32
862	1042	70	35
860	1039	78	38
864	1035	77	42
861	1031	82	46
872	1026	77	51
880	1023	73	55
882	1019	74	59
882	1015	76	63
885	1011	80	67
906	1007	66	72
914	1003	60	76
920	997	57	80
923	993	57	84
924	987	60	88
926	981	61	92
930	976	62	94
932	969	63	96
933	965	65	98
941	961	60	95
946	956	57	96
950	952	58	100
949	946	60	104
961	941	53	107
972	936	47	110
979	931	45	113
986	926	41	114
992	919	39	114
990	914	44	112
997	910	42	114
994	904	46	116
1004	899	40	111
1007	894	37	111
1008	888	38	112
1012	883	36	112
1017	878	34	108
1019	875	35	110
1017	872	37	111
1022	866	36	110
1029	864	31	110
1035	857	27	110
1038	843	26	117
1039	842	25	121
1040	833	24	101
1038	822	29	107
1039	811	30	117
1039	811	32	117
1042	813	30	113
1043	816	30	112
1042	817	33	112
1042	818	36	113
1042	828	36	103
1042	829	37	101
1040	828	40	101
1041	824	42	100
1041	813	43	108
1039	804	45	117
1039	796	47	112
1038	793	48	110
1032	790	54	106
1024	787	65	94
1026	782	68	79
1031	781	65	72
1031	780	66	73
1030	776	66	80
1039	775	63	86
1042	769	61	89
1055	765	50	91
1050	760	54	97
1043	758	63	98
1049	754	64	99
1052	753	64	98
1053	750	66	99
1053	747	65	97
1052	746	65	99
1049	745	62	101
1051	740	59	105
1050	736	57	106
1050	733	55	108
1053	731	51	108
1052	730	52	110
1054	723	54	86
1051	725	58	82
1050	723	61	79
1051	719	64	77
1050	719	68	78
1049	716	72	75
1049	716	76	80
1048	713	78	78
1048	711	82	86
1049	710	86	89
1049	708	89	92
1049	704	89	92
1052	706	89	91
1052	702	91	94
1052	698	91	94
1052	694	91	97
1052	694	95	95
1052	690	97	98
1051	689	96	96
1052	690	95	96
1054	689	95	91
1052	688	85	90
1053	688	84	89
1053	685	85	86
1053	685	84	84
1047	683	91	79
1033	682	106	76
1034	679	109	75
1025	680	125	75
1029	678	124	74
1045	676	120	72
1046	675	123	74
1054	673	117	74
1056	671	119	73
1058	670	121	73
1061	668	119	72
1062	667	120	71
1063	667	120	71
1065	666	121	74
1066	665	118	73
1067	664	116	69
1067	662	118	70
1067	662	118	73
1066	661	120	76
1066	660	119	77
1066	659	121	79
1065	656	110	78
1067	655	114	76
1068	655	116	77
1067	654	116	85
1065	650	114	86
1069	648	115	89
1068	645	121	83
1069	645	121	84
1071	640	123	73
1071	639	120	68
1072	638	120	73
1071	637	119	74
1073	637	119	76
1071	635	119	76
1073	633	120	78
1072	631	120	81
1062	630	129	82
1061	629	129	79
1074	628	116	80
1077	627	115	80
1078	626	116	75
1078	625	117	75
1079	626	120	76
1080	624	119	70
1080	624	121	69
1079	623	122	69
1081	623	118	70
1082	622	115	72
1082	622	121	73
1084	622	115	73
1084	622	111	74
1086	620	115	69
1085	622	121	62
1086	622	124	66
1087	620	121	65
1088	620	124	61
1090	620	126	62
1090	619	128	59
1091	619	128	61
1092	619	128	61
1094	618	126	61
1095	617	126	59
1095	615	125	58
1097	613	125	56
1098	613	127	56
1102	612	135	55
1103	612	133	53
1104	611	126	51
1107	610	133	49
1107	610	138	50
1107	610	130	51
1109	609	120	50
1111	609	119	51
1113	606	119	47
1114	606	120	47
1115	605	117	43
1115	605	115	42
1116	602	114	40
1116	604	119	40
1115	602	118	42
1116	601	116	41
1115	601	120	44
1116	601	117	43
1118	600	118	45
1118	599	117	42
1119	601	117	41
1119	599	119	43
1118	599	120	44
1119	599	120	44
1119	598	118	44
1121	598	118	44
1121	597	118	44
1122	597	117	45
1123	595	118	47
1124	594	121	48
1124	595	121	49
1123	593	125	51
1123	591	125	52
1123	590	126	52
1122	589	129	54
1123	590	126	51
1124	589	131	52
1121	589	131	51
1123	584	128	53
1124	580	126	55
1126	575	127	61
1129	558	121	72
1130	555	119	75
1128	555	119	77
1130	554	118	78
1131	554	117	78
1133	553	117	80
1134	554	117	75
1136	554	116	74
1137	553	117	77
1139	552	116	77
1140	553	117	76
1142	566	117	64
1144	567	112	59
1145	570	118	54
1150	574	117	48
1145	577	119	42
1148	577	119	39
1144	574	122	43
1142	574	125	43
1139	574	128	44
1140	573	131	44
1155	570	119	44
1157	569	113	45
1158	567	112	45
1161	566	111	44
1154	566	119	45
1162	563	115	46
1161	561	114	48
1163	558	114	50
1163	557	117	50
1160	554	114	50
1160	553	113	48
1160	552	113	48
1162	550	112	48
1163	548	112	48
1163	547	112	49
1163	545	112	51
1164	542	113	52
1163	539	118	55
1161	537	123	57
1160	535	128	61
1161	530	130	63
1159	530	132	67
1160	521	135	72
1159	521	136	70
1159	521	135	71
1158	519	137	72
1165	516	134	73
1167	508	132	71
1167	512	130	68
1167	513	127	64
1168	515	127	74
1168	511	127	70
1170	508	126	70
1170	507	126	68
1170	510	126	66
1173	507	127	67
1176	507	140	70
1175	506	149	73
1174	504	151	73
1175	501	149	74
1178	501	149	75
1178	501	148	76
1178	507	143	70
1176	512	135	70
1179	512	129	66
1182	506	129	70
1183	507	128	70
1184	507	129	70
1184	506	129	72
1186	506	132	70
1187	508	134	69
1188	510	134	68
1191	511	132	67
1193	513	138	68
1193	516	141	67
1193	517	143	67
1194	521	142	64
1195	524	140	62
1198	525	135	60
1199	529	126	56
1201	522	137	63
1203	520	137	69
1203	521	138	72
1204	521	140	71
1207	518	139	73
1209	529	134	66
1212	534	128	59
1214	533	126	60
1217	536	125	58
1220	535	126	60
1220	535	127	60
1221	537	127	60
1223	536	125	61
1226	537	126	60
1228	536	129	61
1230	536	127	61
1231	538	128	62
1234	538	126	62
1237	536	127	65
1237	539	125	65
1239	538	125	66
1240	541	124	64
1243	541	123	65
1243	544	125	62
1246	544	126	63
1249	547	126	62
1253	546	125	64
1254	544	125	66
1256	546	124	65
1259	546	124	65
1262	547	123	64
1264	549	126	64
1266	548	125	63
1268	550	128	63
1270	552	126	62
1272	549	127	64
1275	550	124	65
1277	548	125	67
1280	548	124	66
1282	550	123	65
1285	550	131	64
1286	552	133	67
1287	549	134	67
1290	550	133	67
1291	550	136	64
1292	546	133	69
1296	543	137	71
1296	547	136	68
1298	545	140	67
1299	546	130	65
1298	543	130	65
1306	546	133	64
1306	543	131	64
1310	549	127	60
1311	546	128	60
1313	548	133	57
1315	550	136	53
1317	550	141	53
1319	548	138	53
1321	547	139	51
1325	545	138	52
1329	544	131	48
1331	541	130	50
1333	539	132	50
1335	537	131	48
1338	535	131	47
1340	533	132	47
1341	530	133	48
1345	527	133	47
1349	523	131	47
1352	521	132	47
1353	518	132	48
1357	514	132	48
1359	513	131	47
1362	509	133	48
1365	505	131	49
1367	504	131	48
1370	501	131	48
1373	497	132	47
1374	495	129	46
1379	492	128	45
1379	490	130	46
1382	488	130	46
1383	484	130	47
1385	482	131	47
1385	479	133	48
1389	476	131	51
1390	473	129	52
1392	471	129	53
1395	472	128	51
1396	469	127	52
1397	468	128	53
1399	467	125	52
1400	466	129	54
1398	465	132	53
1400	464	134	55
1396	462	135	53
1403	461	134	56
1405	458	132	58
1407	459	131	57
1393	459	144	55
1396	460	146	52
1407	455	134	55
1414	455	131	53
1425	454	122	54
1387	453	144	51
1399	453	137	52
1391	453	144	52
1401	450	132	50
1401	450	130	51
1411	449	120	49
1410	448	120	47
1416	450	121	44
1410	449	123	47
1414	449	115	47
1417	446	110	47
1418	446	108	47
1419	445	109	48
1430	445	101	50
1422	442	102	49
1424	440	101	50
1371	505	99	41
1374	507	97	36
1374	505	97	34
1380	509	94	31
1381	507	96	30
1384	507	94	30
1384	505	96	31
1384	505	98	31
1386	502	97	32
1389	500	98	33
1390	500	99	33
1390	498	99	35
1392	496	99	35
1395	494	100	36
1396	493	98	34
1399	490	98	35
1402	488	96	35
1403	486	96	35
1405	484	96	34
1406	483	95	34
1408	480	94	34
1414	478	93	33
1410	476	97	32
1415	474	94	33
1420	471	91	33
1420	469	92	32
1422	467	91	32
1423	465	92	32
1427	463	91	32
1430	461	89	31
1432	458	89	30
1432	455	89	31
1437	452	90	32
1441	450	90	33
1442	448	91	33
1441	445	92	33
1443	442	91	33
1444	439	92	33
1443	437	93	34
1445	434	93	34
1447	432	94	35
1449	431	94	35
1451	427	94	34
1455	425	96	34
1459	422	97	33
1465	421	97	32
1470	419	94	32
1476	416	90	31
1477	412	89	32
1484	412	84	31
1486	408	82	31
1487	405	83	33
1490	404	83	34
1492	401	82	33
1493	401	84	32
1494	399	84	31
1495	398	84	30
1497	396	87	30
1499	395	90	29
1500	393	91	30
1501	390	93	31
1505	391	94	30
1504	388	97	30
1505	384	95	30
1508	384	97	29
1509	381	98	29
1512	381	99	28
1514	378	99	29
1517	376	101	29
1519	375	100	28
1523	373	100	27
1524	371	103	27
1523	369	102	27
1524	367	104	26
1525	365	102	27
1529	362	104	28
1528	360	106	28
1535	358	103	28
1544	358	95	27
1544	356	93	27
1546	356	93	27
1545	356	94	27
1550	355	92	28
1552	354	91	28
1555	354	88	28
1558	354	85	27
1561	355	84	27
1561	355	84	28
1564	355	83	27
1563	354	84	29
1565	353	84	29
1569	354	84	29
1568	352	85	30
1577	351	81	30
1579	350	79	30
1580	349	83	30
1578	347	82	31
1585	347	77	30
1587	347	76	30
1591	346	73	29
1592	344	72	31
1594	341	72	33
1597	341	71	32
1603	338	68	33
1603	336	66	33
1606	334	62	33
1606	332	61	36
1609	331	59	37
1607	330	60	37
1609	328	61	38
1606	327	63	37
1610	325	63	39
1613	324	60	39
1615	323	61	37
1613	321	59	38
1617	318	53	38
1620	317	49	38
1621	317	48	38
1621	316	47	37
1621	315	47	36
1621	311	47	38
1622	309	47	38
1622	308	47	38
1623	304	47	39
1620	302	48	38
1623	299	47	39
1624	292	48	42
1618	295	50	41
1620	291	52	42
1617	292	53	41
1617	292	55	41
1616	286	57	42
1614	284	58	42
1613	282	59	43
1620	273	58	46
1605	239	57	46
1605	237	57	45
1605	238	59	44
1604	237	58	43
1605	233	57	43
1605	231	55	43
1610	226	54	44
1607	224	54	44
1607	220	53	45
1611	220	52	46
1610	217	53	46
1614	213	50	46
1613	210	51	45
1612	209	50	44
1611	205	50	45
1609	204	50	42
1613	205	50	41
1611	203	50	37
1610	203	51	36
1609	198	51	35
1610	195	51	36
1614	194	49	35
1616	191	47	35
1614	189	48	35
1615	187	47	34
1619	185	47	35
1614	178	48	36
1615	178	50	37
1617	172	50	40
1620	168	50	47
1618	163	51	52
1616	161	53	55
1613	157	58	54
1605	154	63	56
1606	150	64	60
1591	151	74	58
1576	154	85	57
1541	161	106	61
1530	149	132	71
1525	145	146	78
1524	142	149	77
1524	141	150	77
1525	137	152	77
1525	134	154	79
1525	133	152	78
1526	130	151	79
1525	125	150	79
1524	123	150	80
1525	122	150	78
1529	120	146	76
1528	116	147	78
1529	114	146	76
1530	112	145	77
1528	110	144	74
1529	108	142	72
1529	106	145	70
1528	102	145	71
1512	98	159	69
1528	95	147	69
1524	94	149	67
1521	91	152	67
1534	90	143	66
1521	87	150	66
1530	84	145	66
1527	80	149	66
1531	77	146	65
1537	75	139	65
1535	72	140	66
1535	70	138	70
1534	67	138	67
1529	64	142	65
1534	63	141	65
1533	59	139	65
1534	56	138	65
1538	52	136	66
1518	50	153	65
1520	45	155	66
1522	43	155	66
1536	39	142	65
1528	36	144	64
1522	32	149	64
1519	28	152	66
1526	23	147	69
1527	18	148	71
1531	13	143	71
1534	12	138	71
1529	10	142	72
1533	8	138	73
1532	4	136	72
1531	2	136	73
1531	1	135	73
1529	0	137	73
1532	-1	135	72
1529	-1	136	70
1526	-2	135	66
1524	0	125	61
1525	-2	122	56
1526	-1	119	53
1528	-1	113	52
1525	-1	111	51
1524	-3	106	48
1524	-2	101	44
1522	-1	93	44
1522	-1	87	42
1520	-2	82	40
1519	-2	78	39
1511	-1	77	40
1514	-1	77	40
1509	0	77	41
1500	0	77	41
1537	20	74	46
