1141	207	61	101
1092	211	64	102
1068	201	63	102
1061	200	63	100
1052	207	67	95
1048	211	68	90
1045	212	68	87
1042	213	69	85
1037	217	72	80
1033	213	72	79
1031	214	72	78
1030	218	72	76
1026	218	74	74
1023	218	75	74
1022	219	78	73
1020	213	76	74
1017	215	75	73
1014	215	76	72
1011	213	75	71
1008	213	75	70
1008	214	73	68
1005	215	74	68
1004	214	75	69
1002	212	74	67
1002	212	73	66
997	210	73	66
996	211	73	65
996	211	71	64
994	209	73	65
990	208	73	67
990	208	72	65
988	208	72	66
985	207	73	65
987	207	72	67
982	205	75	69
980	205	76	69
981	207	74	69
978	204	74	69
977	203	73	68
976	204	74	69
974	203	74	68
972	201	76	68
972	201	74	67
970	200	75	68
968	199	75	67
966	198	77	68
969	198	76	69
969	198	75	68
968	197	75	68
969	197	75	68
970	196	72	66
971	197	73	67
970	195	74	66
970	193	73	68
969	194	74	68
970	193	74	68
971	194	73	67
971	193	74	68
969	192	74	68
969	191	73	66
969	192	73	66
969	189	74	68
968	188	73	67
968	188	75	67
969	189	74	68
967	186	75	68
966	186	74	68
964	186	75	67
965	185	75	67
964	184	76	66
963	184	75	67
966	182	74	66
967	182	74	66
966	180	74	66
968	181	74	66
966	179	72	64
969	179	73	66
966	177	73	64
969	177	72	65
969	176	72	64
969	176	75	66
968	175	75	66
971	174	73	66
969	173	74	66
968	173	75	65
969	172	75	65
968	171	76	67
967	170	76	66
969	170	75	65
969	169	76	66
968	168	76	67
971	168	76	68
967	168	74	65
969	168	75	64
969	167	77	65
969	166	76	65
971	165	76	63
970	166	76	62
973	169	77	63
972	169	78	65
973	168	78	66
975	169	78	66
976	175	80	66
976	166	76	65
981	166	72	63
983	166	72	62
983	166	73	62
984	165	72	64
984	168	73	66
986	166	74	68
986	174	77	66
989	165	73	64
990	165	74	64
993	166	75	65
992	167	75	65
994	166	73	63
999	166	72	64
1000	168	76	65
1001	171	78	67
1001	169	81	67
1002	172	84	67
1000	167	84	68
1002	170	83	66
1003	170	82	66
1003	169	79	65
1006	172	82	66
1020	182	83	66
1010	171	85	67
1015	177	86	67
1012	176	89	68
1010	168	85	67
1022	181	87	69
1017	174	90	70
1021	180	91	69
1021	181	92	69
1025	186	91	69
1019	176	90	70
1030	182	89	69
1031	183	89	67
1033	181	88	68
1035	185	88	67
1041	187	88	67
1047	183	86	66
1052	184	85	64
1037	172	88	67
1034	168	88	66
1052	181	87	66
1041	172	91	67
1040	171	92	70
1042	170	93	71
1049	176	92	72
1057	175	91	72
1062	177	89	71
1060	178	90	70
1059	175	91	70
1056	169	94	71
1057	170	95	73
1058	171	97	74
1062	170	97	75
1072	176	95	76
1076	182	94	75
1069	181	95	75
1082	181	93	75
1080	182	92	75
1086	179	92	75
1086	174	92	76
1098	177	89	76
1100	175	88	75
1091	164	89	77
1088	163	90	78
1091	66	89	96
1092	50	90	115
1094	45	92	127
1097	41	92	134
1098	39	93	138
1101	38	93	141
1102	36	92	140
1104	38	93	142
1105	36	92	140
1108	38	92	142
1108	35	92	140
1110	36	93	143
1110	33	92	140
1112	35	93	141
1112	33	93	139
1112	34	93	140
1113	33	93	139
1113	34	93	140
1114	33	93	141
1114	31	94	140
1114	34	94	143
1114	30	95	140
1112	31	97	142
1111	30	97	138
1110	31	98	141
1112	29	97	140
1111	32	97	142
1111	29	96	139
1110	31	97	140
1110	29	96	138
1107	32	97	139
1108	30	96	139
1104	32	98	139
1105	29	97	137
1103	33	97	138
1100	31	98	137
1097	33	98	137
1096	33	99	137
1091	32	100	136
1089	34	100	137
1088	33	99	135
1083	33	100	135
1082	35	101	137
1080	36	102	136
1077	36	101	134
1073	37	102	137
1072	36	103	138
1068	38	102	138
1068	36	103	140
1067	38	101	137
1064	37	101	136
1062	39	101	136
1062	37	99	137
1058	38	101	138
1058	39	100	137
1056	36	100	138
1050	37	103	137
1051	37	101	139
1052	36	99	137
1048	37	101	138
1047	36	99	136
1043	36	101	136
1040	35	102	135
1038	34	102	134
1037	36	101	134
1036	35	101	136
1036	35	100	136
1036	34	99	138
1032	30	98	136
1031	33	100	137
1030	30	100	137
1027	31	102	137
1026	27	101	137
1023	29	102	136
1021	29	104	137
1021	27	104	139
1019	28	104	139
1017	25	104	140
1019	25	101	140
1019	24	102	140
1018	23	101	139
1018	22	101	139
1017	22	103	139
1018	22	103	140
1016	19	103	140
1017	20	102	139
1019	18	100	140
1019	16	100	139
1018	16	101	137
1019	17	100	136
1019	15	100	136
1021	15	100	136
1022	15	100	137
1022	13	101	137
1023	15	102	137
1026	13	102	139
1028	13	101	139
1029	12	101	140
1030	12	102	141
1030	10	102	141
1032	11	101	140
1032	12	102	142
1033	9	101	140
1035	10	99	140
1035	8	100	140
1035	8	103	139
1037	7	103	140
1038	7	103	141
1039	5	103	142
1040	4	105	142
1041	3	105	141
1042	4	105	141
1044	1	104	141
1046	2	104	142
1047	0	104	140
1048	0	102	139
1050	0	102	138
1050	0	103	137
1052	-1	103	139
1053	-1	104	138
1054	0	104	136
1056	-1	104	133
1056	-2	105	132
1058	0	104	128
1060	0	103	127
1062	0	103	128
1063	0	102	125
1064	0	102	124
1065	0	102	123
1066	0	102	123
1069	-1	104	123
1067	-1	108	123
1069	-1	109	122
1071	-1	106	122
1073	-1	110	120
1073	-1	106	119
1076	-2	109	117
1074	-2	110	115
1077	-1	110	113
1076	-2	113	109
1079	-1	112	108
1086	-1	108	106
1089	0	106	104
1094	0	104	104
1096	0	103	104
1099	0	102	104
1099	-1	104	101
1098	-1	107	99
1101	-1	105	99
1105	0	104	96
1105	-1	105	94
1109	-1	104	92
1110	0	104	94
1113	-2	103	92
1115	-2	103	89
1116	-1	103	89
1118	-2	104	86
1118	-3	104	84
1121	-1	104	85
1122	-3	104	81
1125	-2	103	79
1127	-2	103	79
1130	0	102	81
1131	-1	103	82
1132	-1	104	80
1135	0	102	80
1140	0	98	81
1139	-3	100	77
1142	-1	99	75
1143	-1	99	78
1144	0	100	78
1147	0	98	86
1152	-2	95	80
1155	0	92	84
1157	0	90	83
1158	0	90	85
1158	0	89	83
1159	0	89	84
1161	-1	87	82
1160	0	88	83
1159	-1	89	82
1159	-1	88	82
1160	-1	88	81
1159	-3	88	76
1160	-1	87	78
1160	-5	86	66
1162	0	84	71
1162	0	83	76
1164	-4	84	64
1162	0	83	67
1161	0	84	72
1161	0	84	77
1160	-1	86	74
1160	-3	86	66
1155	0	88	73
1158	-1	87	73
1157	-1	86	75
1157	-1	86	77
1158	-1	85	78
1157	0	84	78
1156	1	85	76
1157	0	85	76
1155	0	84	76
1156	0	84	76
1156	0	84	77
1155	0	85	79
1154	1	85	78
1151	5	88	75
1151	8	88	73
1147	16	87	69
1148	21	85	62
1150	24	80	55
1149	26	78	56
1152	23	74	52
1155	24	71	49
1158	23	69	48
1159	21	68	47
1158	23	67	45
1159	23	66	43
1160	22	66	42
1158	21	67	41
1161	20	66	41
1162	18	65	41
1163	13	66	44
1164	12	67	47
1164	5	69	53
1165	1	70	56
1164	1	73	57
1165	0	75	58
1164	0	72	57
1166	0	74	56
1158	5	79	59
1157	11	84	63
1157	5	87	63
1154	5	90	68
1159	2	89	70
1159	-1	90	68
1159	-1	88	65
1147	0	94	66
1151	0	92	68
1156	0	88	68
1153	0	90	68
1147	-1	91	63
1147	-1	93	61
1144	0	94	63
1143	-2	94	62
1143	0	95	63
1140	0	97	64
1140	0	99	66
1139	-1	100	66
1137	-2	101	66
1138	0	102	69
1139	0	100	76
1138	0	100	80
1137	0	100	85
1140	0	99	89
1143	0	97	93
1143	0	96	95
1149	6	93	97
1145	0	93	97
1153	3	89	99
1150	1	90	99
1148	6	91	95
1151	7	90	92
1154	6	88	91
1151	3	90	93
1146	7	94	90
1150	10	91	87
1151	13	91	86
1147	7	94	89
1145	3	96	93
1148	2	95	96
1154	2	93	101
1144	-1	97	101
1150	8	96	102
1149	6	96	105
1147	1	97	109
1148	1	98	114
1145	0	101	115
1150	0	99	117
1149	0	100	117
1150	4	99	118
1154	1	97	119
1154	2	96	120
1156	3	95	126
1153	3	97	130
1158	5	95	140
1157	5	95	147
1159	2	93	153
1156	1	95	157
1153	3	97	161
1153	3	98	163
1152	2	99	162
1151	6	101	165
1146	1	103	164
1147	5	105	169
1141	0	107	169
1145	-1	108	169
1139	2	110	172
1141	0	111	171
1147	0	110	171
1140	-1	111	169
1138	9	113	172
1143	2	112	172
1141	1	113	173
1139	0	114	173
1141	-1	114	171
1140	0	115	172
1140	1	116	173
1141	3	116	177
1125	32	118	187
1074	101	128	180
1071	115	135	175
1072	113	142	176
1066	110	146	172
1069	102	153	169
1067	114	155	168
1070	110	157	164
1069	114	158	162
1076	108	156	159
1077	104	155	160
1077	108	154	157
1084	113	154	158
1086	117	155	161
1085	116	156	160
1090	118	156	162
1084	113	159	163
1090	117	159	160
1094	120	161	158
1091	116	162	160
1098	119	163	158
1091	118	168	159
1091	117	175	160
1094	119	176	160
1088	114	182	162
1079	111	189	163
1095	114	188	166
1066	98	195	166
1100	125	190	171
1107	124	187	170
1076	107	193	166
1093	117	192	170
1111	128	187	174
1089	112	194	172
1105	113	195	174
1091	116	201	170
1107	120	199	169
1097	121	199	171
1110	129	195	173
1104	129	193	175
1103	117	196	174
1097	120	200	174
1082	126	206	169
1096	132	202	171
1073	128	214	171
1055	124	221	170
1105	134	213	173
1108	142	206	176
1117	141	195	180
1111	142	190	184
1118	135	187	184
1125	151	183	187
1109	129	188	186
1077	122	200	183
1073	133	213	182
1057	123	223	183
1079	143	225	190
1043	119	235	186
1043	124	243	187
1053	126	244	189
1094	126	238	194
1098	130	229	198
1094	114	232	200
1081	127	233	204
1098	116	237	201
1114	120	237	206
1127	110	232	217
1129	108	229	227
1130	94	228	233
1134	77	227	229
1120	101	223	232
1122	105	214	239
1126	114	209	241
1122	110	200	240
1122	109	194	242
1129	106	192	243
1127	117	183	243
1135	100	190	245
1127	100	187	237
1126	119	185	237
1118	115	188	230
1123	116	187	227
1120	115	185	225
1121	118	183	225
1122	119	181	223
1123	129	180	222
1120	125	178	220
1123	123	179	218
1121	125	180	220
1121	135	179	221
1121	132	179	220
1119	127	178	221
1112	127	181	219
1117	124	181	222
1117	129	180	218
1116	135	182	216
1113	132	182	215
1107	128	184	211
1122	131	181	210
1119	135	181	211
1118	136	180	214
1115	133	181	213
1119	133	182	212
1120	134	180	214
1120	135	182	216
1117	131	183	216
1123	128	182	216
1126	130	185	222
1124	127	187	225
1126	127	191	225
1128	121	195	231
1123	117	194	230
1123	113	193	225
1124	118	194	224
1130	120	195	228
1128	115	195	230
1126	111	194	228
1127	100	196	224
1132	102	195	220
1129	100	199	216
1122	102	204	216
1082	90	234	208
1099	98	244	212
1085	86	249	210
1100	103	253	224
1126	99	238	231
1134	92	227	239
1137	91	218	241
1141	85	210	242
1142	84	213	246
1140	82	211	245
1140	79	211	246
1120	72	219	245
1144	78	214	247
1136	80	217	246
1109	69	228	241
1092	60	244	241
1096	63	256	236
1078	55	260	230
1078	61	261	229
1086	61	264	228
1093	61	262	231
1094	61	260	226
1094	58	258	227
1109	67	250	231
1121	65	239	238
1132	70	224	244
1113	58	224	244
1092	50	232	239
1132	60	224	239
1116	54	225	241
1131	62	221	244
1137	63	208	253
1143	64	200	254
1145	61	193	258
1147	60	190	261
1148	65	186	261
1148	65	187	260
1146	66	184	258
1144	68	183	258
1142	62	186	254
1142	67	186	254
1140	66	187	251
1141	68	187	249
1139	69	185	248
1138	69	187	249
1135	63	187	249
1134	63	188	249
1132	63	189	250
1124	60	188	252
1130	61	186	248
1125	59	186	250
1124	62	187	253
1122	59	188	253
1121	57	188	253
1120	56	189	254
1119	57	189	253
1118	55	189	251
1117	51	188	250
1118	53	190	246
1113	53	190	245
1115	53	192	240
1111	55	191	241
1111	52	192	241
1110	47	194	246
1107	49	193	247
1109	44	194	244
1107	49	194	246
1107	37	196	253
1105	37	195	255
1104	38	195	254
1102	35	196	254
1103	34	198	254
1100	23	202	256
1103	15	211	258
1084	21	211	251
1081	16	214	250
1086	25	214	245
1076	19	216	243
1072	21	215	245
1074	22	216	248
1075	15	214	250
1085	16	218	246
1086	23	211	246
1092	15	214	247
1092	20	213	248
1080	17	214	246
1088	30	211	244
1092	20	219	250
1075	19	223	243
1085	21	228	249
1067	6	248	249
1060	15	242	262
1065	12	239	274
1060	4	253	280
1060	1	251	287
1057	2	251	291
1045	2	257	298
1027	-2	268	296
1022	-1	251	295
1005	-1	258	291
1019	0	260	291
1020	16	251	302
1012	8	239	307
1014	9	224	308
1018	14	213	298
1020	37	206	285
1018	40	199	272
1017	55	201	261
1002	50	206	269
990	48	196	269
992	51	199	275
990	60	219	272
973	60	218	270
969	60	227	270
953	55	249	272
939	63	227	271
943	76	214	264
939	85	209	262
