17	23	300	255
37	27	296	258
46	20	294	271
53	19	289	276
59	22	296	279
79	24	302	284
81	25	304	284
97	23	294	284
104	19	297	285
121	14	288	288
134	16	279	280
135	15	281	275
138	19	280	272
131	16	287	275
125	17	295	276
120	26	301	267
115	33	308	263
113	44	311	256
112	51	317	254
108	55	316	250
96	55	334	248
100	63	330	240
95	70	337	236
96	76	336	233
92	79	342	227
97	81	339	227
85	80	345	232
91	79	336	235
93	79	335	229
94	78	334	225
85	78	341	235
83	72	344	234
92	80	341	225
85	85	344	211
83	93	351	203
82	98	355	199
82	96	356	200
82	99	358	201
80	97	360	208
82	99	361	212
81	101	358	218
85	101	353	221
73	100	359	225
75	101	350	230
98	109	318	225
109	103	301	223
123	96	290	224
135	94	284	224
151	89	260	228
155	89	230	230
156	89	203	230
174	84	179	230
188	80	161	236
193	76	152	237
185	72	156	235
180	68	164	236
179	70	178	237
173	73	191	239
164	77	210	238
153	82	227	243
153	84	230	246
152	81	237	252
150	83	245	255
144	89	258	255
145	108	274	238
144	112	285	234
140	117	299	230
118	120	327	229
106	118	357	232
105	119	377	234
90	129	409	227
98	132	417	223
106	137	425	219
114	137	414	217
127	130	387	222
140	140	370	215
135	144	369	213
137	144	358	212
160	145	337	208
170	154	313	200
162	163	308	192
161	173	304	183
145	172	296	185
95	151	309	201
61	109	329	235
26	127	365	232
16	133	391	228
11	138	404	222
12	137	403	220
7	147	412	213
8	138	413	220
17	148	397	209
38	141	374	212
50	133	338	218
58	120	322	234
71	103	304	254
80	85	294	272
83	65	291	289
101	49	294	300
114	33	309	312
127	26	334	320
139	25	356	327
133	14	278	333
161	14	265	332
175	11	243	324
188	17	250	319
198	26	257	318
204	34	262	317
209	50	268	309
210	61	267	299
216	70	264	289
219	79	261	281
223	84	257	274
224	90	240	271
221	95	228	255
223	97	233	251
226	94	239	260
227	89	245	269
229	82	250	275
228	75	256	281
229	71	259	287
230	68	261	289
231	68	261	293
230	65	262	294
228	64	262	298
223	64	261	296
220	67	263	295
211	73	266	288
207	80	269	280
200	85	264	274
198	91	259	271
196	95	260	267
188	98	254	261
186	101	254	258
182	104	253	255
180	106	252	253
177	107	248	254
173	104	246	256
169	98	243	259
167	92	242	265
164	82	238	274
165	79	240	278
164	74	243	285
166	70	243	289
169	67	246	292
175	66	268	294
176	66	282	296
170	66	291	296
165	70	296	294
164	74	288	291
164	76	282	289
169	79	267	286
170	79	252	280
172	82	239	277
169	81	209	274
172	81	196	273
177	81	192	272
177	80	197	269
171	80	204	269
166	82	208	267
163	82	204	265
170	85	191	260
179	86	181	266
184	80	175	262
189	79	174	256
187	78	175	249
187	76	178	247
179	69	185	248
164	63	200	250
149	63	212	242
137	60	215	245
129	53	212	245
123	44	200	229
123	41	181	241
130	33	165	245
133	24	168	235
135	26	174	231
144	20	178	232
145	6	190	238
142	5	204	237
144	9	210	233
149	13	210	233
154	21	212	229
149	25	221	229
148	29	225	230
141	35	235	230
133	39	244	231
124	42	247	229
118	45	248	227
118	48	243	226
128	51	220	223
143	47	193	227
149	48	187	227
138	49	201	229
129	47	215	230
117	46	229	232
107	40	241	233
101	38	250	236
94	35	257	239
86	30	264	242
80	26	269	243
71	27	274	242
55	29	289	239
39	31	307	236
25	30	321	233
17	35	332	228
37	34	321	226
24	30	332	230
31	31	335	230
34	25	340	231
45	22	336	231
58	24	331	230
58	22	333	230
62	21	333	231
59	21	336	230
45	21	352	231
34	24	363	228
26	24	369	227
36	27	358	229
11	30	376	228
-1	36	384	227
-6	42	385	226
-1	48	373	223
-3	51	371	228
-3	59	365	226
-3	67	361	227
-1	72	355	228
0	76	352	227
-1	76	353	230
-1	75	353	229
-2	82	356	223
0	83	361	223
2	87	368	219
-3	85	383	220
-4	86	392	219
2	89	399	218
6	89	402	214
24	93	397	210
45	94	387	208
64	91	375	213
77	91	371	216
86	92	364	217
91	95	367	221
88	95	374	219
84	99	385	216
82	104	397	215
81	105	403	218
78	104	407	228
75	102	411	237
78	100	408	243
76	94	405	247
77	89	401	249
75	84	400	249
73	78	398	239
79	75	391	237
82	75	384	234
84	76	376	229
85	80	372	243
83	79	370	251
76	80	370	266
66	76	378	271
61	76	383	271
59	79	386	266
54	82	390	258
48	81	393	253
45	88	396	250
44	91	399	256
45	89	397	258
50	92	395	259
56	88	391	250
62	94	388	243
68	96	383	243
70	99	384	245
73	104	383	242
74	104	383	237
66	106	389	233
64	104	391	234
74	104	386	237
67	105	390	239
63	103	392	235
65	104	390	235
68	103	390	237
61	101	395	237
77	98	379	235
98	97	360	241
128	95	328	239
128	98	323	245
132	99	319	240
131	97	316	243
134	99	313	247
110	97	327	250
122	99	319	247
122	102	319	246
121	101	319	246
110	104	330	245
107	104	334	246
101	104	343	248
95	103	348	248
94	102	351	251
99	99	347	250
111	101	340	254
122	100	333	255
132	99	326	257
136	102	322	252
117	109	340	247
132	110	332	246
107	111	350	247
120	113	343	243
113	118	349	239
119	119	340	235
142	122	320	233
131	126	326	229
138	128	323	226
126	129	332	227
129	130	332	224
129	131	333	222
124	135	336	220
116	133	349	220
106	130	363	219
104	133	370	220
116	134	365	217
127	135	355	217
139	141	340	211
140	141	343	208
137	145	352	207
132	146	367	206
129	149	383	205
133	148	387	203
144	147	385	204
149	142	391	207
139	138	398	214
142	132	401	223
130	120	406	230
135	97	391	252
134	76	385	272
112	69	404	282
104	41	417	304
91	58	425	295
78	80	426	276
64	53	413	296
54	11	417	333
34	25	417	330
18	7	425	348
1	4	433	351
-7	1	442	349
-5	-3	446	354
-1	18	450	339
51	71	415	293
116	109	358	249
128	120	343	231
127	122	329	224
117	128	343	218
107	128	359	222
112	130	360	224
107	131	363	217
97	133	372	214
86	135	382	214
79	136	390	215
81	144	393	208
80	147	389	204
93	162	383	191
97	168	378	187
98	175	384	181
101	178	382	177
110	182	378	174
116	181	368	175
123	181	367	175
129	176	361	178
136	180	367	175
139	180	360	175
129	177	362	176
124	180	369	175
115	177	377	177
98	177	388	178
102	176	407	180
88	172	407	182
92	170	398	184
94	168	395	185
96	168	399	186
100	172	388	181
99	173	389	182
100	172	388	182
98	169	386	187
99	170	385	185
100	166	380	190
100	165	376	190
105	171	373	185
114	171	364	185
115	168	362	188
125	167	356	188
121	166	359	187
130	164	354	190
113	166	373	189
89	163	399	195
70	162	427	196
90	166	416	194
91	172	421	189
92	168	430	191
81	164	456	197
90	159	458	197
89	161	472	197
90	153	483	204
99	157	489	203
86	152	514	206
63	149	549	207
64	147	561	208
46	144	579	212
28	144	601	212
12	138	620	216
6	134	632	224
4	131	633	225
6	130	629	226
20	134	616	221
13	134	622	222
4	131	629	228
9	126	624	226
-6	103	639	251
-9	113	639	246
-4	103	628	247
13	105	588	244
27	101	557	249
69	89	498	260
96	89	457	262
111	83	426	267
105	80	418	270
106	75	412	274
108	80	406	270
114	77	394	272
112	80	392	265
107	82	396	267
93	76	405	273
90	80	414	271
78	88	425	267
78	87	428	264
82	88	433	267
87	93	422	259
98	90	420	261
90	86	418	263
84	84	424	265
80	82	424	266
81	82	425	269
69	86	434	266
63	80	437	272
69	85	435	269
73	83	428	267
80	76	421	270
95	81	407	267
101	79	397	265
102	86	398	260
97	89	402	256
94	92	406	256
82	96	415	253
70	101	424	246
54	105	437	244
51	108	437	244
39	111	448	241
32	112	456	241
22	111	458	240
31	107	453	243
25	106	457	242
35	98	447	252
29	93	444	256
46	84	434	264
55	79	421	266
52	73	421	267
56	66	418	270
55	65	416	275
55	64	420	272
51	68	424	274
42	72	433	279
35	73	444	276
29	82	452	271
17	85	465	263
9	90	474	258
10	103	480	247
11	113	482	239
13	103	475	244
15	109	475	239
17	101	467	246
22	93	457	251
33	101	439	249
29	94	444	257
43	87	425	263
51	83	416	268
58	77	408	272
72	74	399	276
