1145	64	70	38
1144	64	72	39
1146	64	73	39
1148	66	76	41
1150	65	78	42
1150	70	77	38
1154	67	80	41
1155	69	81	40
1156	72	81	39
1158	72	81	39
1159	72	78	40
1163	74	80	39
1164	75	83	40
1166	77	83	39
1166	76	84	40
1169	77	85	41
1171	76	86	42
1173	76	87	43
1174	79	88	43
1178	79	85	43
1179	81	85	43
1181	81	83	45
1181	82	78	45
1185	88	80	42
1188	88	83	42
1191	92	80	40
1193	95	88	40
1193	97	81	39
1195	96	82	41
1198	98	83	42
1200	102	79	40
1202	106	78	39
1205	108	86	37
1207	110	85	38
1209	111	87	38
1211	113	82	40
1213	114	78	41
1216	117	87	41
1218	118	91	40
1218	120	90	40
1219	121	87	41
1222	120	85	44
1225	124	87	43
1224	127	83	42
1226	127	85	43
1228	130	87	43
1228	131	85	44
1231	135	91	42
1232	137	90	42
1231	139	81	41
1235	143	79	41
1237	146	82	42
1239	147	90	43
1239	148	93	44
1240	148	88	48
1243	151	90	49
1244	158	86	44
1245	160	82	43
1248	162	90	44
1248	166	77	46
1253	169	81	46
1255	172	87	48
1255	174	82	48
1257	175	75	48
1262	176	86	49
1261	179	81	49
1265	180	82	49
1268	184	91	47
1269	187	95	48
1271	191	97	47
1271	191	100	47
1274	195	99	44
1274	197	94	45
1277	199	94	42
1280	201	92	42
1282	205	96	43
1284	207	98	43
1286	208	100	41
1288	209	99	43
1290	212	99	44
1292	214	101	44
1294	215	103	44
1295	218	102	44
1298	216	101	47
1301	219	99	48
1303	222	100	47
1304	224	101	47
1307	225	96	47
1310	226	97	48
1312	228	100	47
1314	231	100	47
1316	234	101	46
1317	236	101	45
1320	238	101	45
1323	242	101	43
1323	244	93	43
1328	246	97	42
1330	250	98	42
1332	253	98	40
1334	255	99	40
1337	257	100	40
1339	259	100	40
1342	261	101	41
1344	264	100	41
1347	265	101	41
1350	267	101	41
1351	271	101	41
1354	273	101	41
1356	275	100	41
1360	277	100	41
1361	280	102	41
1363	282	102	41
1366	286	99	40
1368	288	101	40
1371	290	103	40
1373	295	102	39
1375	299	101	37
1379	301	101	37
1381	304	102	36
1381	306	95	36
1385	309	97	36
1386	311	92	36
1391	315	95	36
1393	318	95	35
1394	319	96	35
1396	320	92	35
1398	322	94	36
1401	325	93	36
1403	327	94	36
1407	327	96	37
1409	328	95	38
1410	330	96	38
1412	330	91	39
1415	331	89	40
1418	333	90	40
1421	335	88	41
1422	334	87	42
1424	336	82	43
1428	336	92	45
1430	335	98	46
1432	335	102	47
1433	338	101	47
1435	339	100	47
1439	341	100	47
1440	343	102	46
1442	343	102	47
1446	345	101	47
1448	346	101	47
1450	350	101	45
1453	351	100	45
1457	353	99	45
1458	352	98	46
1462	353	98	45
1465	355	99	44
1469	358	99	44
1471	356	99	46
1474	362	100	42
1477	365	101	41
1480	365	102	41
1484	367	103	41
1487	367	104	41
1490	368	104	43
1493	368	105	44
1496	372	105	42
1498	374	104	42
1502	373	104	44
1505	376	104	44
1508	379	104	42
1512	383	104	42
1514	386	102	40
1516	388	102	40
1520	392	103	39
1523	394	103	40
1524	397	102	40
1528	398	101	42
1531	400	103	42
1533	402	102	43
1536	405	101	44
1539	406	101	44
1542	408	102	46
1545	411	101	48
1547	412	103	49
1550	414	101	50
1554	416	102	51
1556	418	101	53
1559	419	103	53
1561	422	100	54
1565	424	102	54
1567	427	98	55
1571	431	103	55
1574	434	103	54
1577	439	103	53
1579	442	101	52
1582	447	102	51
1585	452	102	50
1588	456	101	49
1591	460	96	49
1594	465	99	47
1597	469	101	47
1599	474	99	47
1601	478	101	46
1604	484	101	45
1606	488	98	46
1610	493	99	45
1613	497	97	47
1616	501	94	48
1618	505	92	49
1621	509	90	49
1623	513	90	51
1627	518	91	51
1629	522	91	52
1632	527	90	52
1634	532	91	52
1636	537	90	51
1638	542	89	50
1641	547	90	49
1643	552	89	49
1646	557	89	47
1648	561	89	47
1649	564	89	47
1651	569	88	47
1654	571	87	47
1656	574	87	47
1659	578	87	49
1660	580	86	50
1662	583	87	51
1664	584	88	52
1665	585	85	54
1669	587	86	56
1670	588	85	57
1672	590	86	58
1675	592	85	60
1676	594	84	58
1679	599	85	58
1680	601	83	57
1684	603	81	57
1686	606	81	56
1689	609	81	55
1691	611	80	54
1692	614	79	53
1696	618	78	52
1698	620	77	51
1701	622	76	51
1703	623	76	51
1704	624	76	51
1707	626	77	52
1708	627	76	54
1710	628	74	54
1712	629	75	55
1713	630	76	55
1715	632	75	57
1717	633	74	57
1718	635	73	57
1720	637	72	58
1721	639	71	59
1722	642	72	59
1723	645	71	57
1721	648	75	56
1721	651	76	56
1722	653	75	55
1723	656	74	55
1725	659	71	55
1727	659	72	55
1728	662	71	55
1730	663	71	55
1731	664	70	55
1735	665	67	55
1735	666	67	56
1737	665	66	57
1740	665	64	58
1741	665	63	60
1743	664	62	61
1744	662	60	64
1746	661	57	65
1748	660	59	66
1749	659	57	67
1750	661	55	67
1749	661	55	67
1748	663	55	66
1747	662	57	66
1747	664	57	64
1747	664	56	64
1749	665	56	63
1750	665	55	63
1751	665	55	64
1750	665	54	63
1752	664	54	64
1753	663	53	65
1755	662	50	66
1758	660	48	67
1762	660	46	68
1764	659	44	70
1765	657	43	71
1766	657	42	72
1769	657	42	72
1769	656	40	72
1771	659	37	70
1774	663	39	67
1775	665	42	66
1776	667	44	63
1776	669	45	60
1777	668	45	60
1778	670	45	60
1780	671	45	61
1781	672	44	61
1782	671	45	62
1783	673	45	61
1784	674	45	61
1786	675	44	62
1786	676	44	61
1788	677	43	60
1787	677	42	60
1789	678	41	61
1789	677	39	62
1789	677	36	63
1790	676	34	64
1790	677	32	64
1790	677	30	67
1791	676	29	67
1792	678	29	68
1792	679	29	69
1792	679	30	72
1791	681	31	71
1790	683	32	73
1787	685	36	73
1784	686	39	72
1784	688	41	71
1786	690	40	72
1783	690	42	72
1782	689	45	73
1786	688	44	75
1788	688	42	76
1790	688	41	78
1792	688	40	78
1792	690	41	79
1791	692	43	77
1791	695	44	76
1791	699	46	74
1790	703	48	72
1791	707	49	70
1791	709	51	69
1790	712	52	68
1790	713	53	67
1789	714	54	66
1790	716	56	66
1789	717	57	67
1790	717	59	67
1789	719	61	68
1788	719	63	69
1787	718	64	71
1787	717	66	73
1786	716	68	75
1786	714	69	77
1785	713	71	78
1784	712	73	82
1784	710	74	86
1784	710	76	88
1783	712	79	92
1781	711	82	93
1778	713	86	91
1776	716	90	89
1775	718	92	86
1773	719	95	83
1774	720	96	81
1773	719	98	81
1774	716	99	82
1776	713	97	84
1777	710	97	87
1775	709	98	90
1774	708	100	90
1772	710	103	88
1770	713	106	84
1767	716	109	80
1765	718	111	77
1763	720	113	73
1760	722	116	70
1759	726	117	69
1756	727	119	71
1753	726	120	72
1751	725	121	72
1749	723	122	74
1747	722	124	75
1744	718	125	80
1742	709	127	87
1740	708	128	87
1739	707	130	89
1736	704	131	90
1735	704	132	88
1733	704	133	86
1731	704	135	85
1729	705	137	83
1726	707	139	80
1725	708	141	78
1722	708	143	79
1721	705	144	82
1718	702	146	85
1716	700	147	88
1715	700	148	89
1713	701	150	89
1712	703	151	88
1709	707	152	85
1707	711	153	82
1704	713	154	79
1702	720	156	74
1699	724	157	70
1698	723	158	70
1695	720	159	72
1694	720	160	75
1692	718	160	77
1688	717	161	79
1686	715	161	81
1683	714	161	85
1681	714	161	88
1679	713	162	93
1676	712	163	95
1674	713	163	99
1671	713	164	98
1668	716	164	97
1666	718	163	98
1662	719	164	95
1660	721	164	92
1658	723	163	90
1655	722	163	89
1653	722	163	92
1649	724	163	94
1649	721	161	95
1645	722	163	97
1645	721	161	98
1645	722	158	94
1642	723	158	92
1640	721	158	93
1638	716	157	96
1637	716	156	96
1635	717	156	93
1634	719	155	90
1634	729	152	82
1631	731	154	80
1629	729	153	80
1629	730	153	80
1632	729	148	79
1630	727	148	77
1628	726	147	75
1631	722	143	77
1629	719	142	78
1629	717	139	78
1632	714	134	80
1629	713	134	81
1626	709	133	81
1627	707	131	82
1625	709	131	80
1626	710	130	79
1625	709	132	78
1627	708	130	78
1624	709	133	77
1625	710	133	76
1629	708	129	74
1629	710	125	72
1625	712	127	70
1626	713	125	69
1626	713	121	68
1624	713	120	66
1622	713	118	65
1625	711	112	67
1624	708	110	68
1625	704	105	71
1625	702	101	75
1624	699	96	77
1626	697	90	79
1624	695	87	80
1624	694	82	79
1622	692	78	78
1624	692	71	78
1624	691	67	79
1623	690	64	80
1623	689	62	81
1623	688	59	81
1621	688	57	80
1622	686	54	81
1624	687	51	82
1622	688	50	82
1619	686	51	83
1615	685	52	83
1612	686	54	83
1609	687	57	83
1604	685	60	83
1600	685	62	82
1598	687	64	80
1594	686	67	80
1590	687	68	80
1585	688	69	79
1581	688	70	79
1578	688	71	79
1575	688	71	78
1572	688	73	79
1568	687	73	80
1564	686	75	82
1560	684	76	81
1556	683	77	82
1553	681	78	83
1550	679	80	83
1546	677	81	83
1541	676	84	83
1538	675	85	86
1535	671	86	85
1532	669	87	84
1528	669	88	83
1525	666	89	82
1523	665	90	82
1519	662	91	83
1515	661	93	83
1512	659	95	83
1509	658	95	84
1506	656	97	84
1503	654	98	85
1500	654	99	86
1498	652	100	86
1496	651	102	86
1492	649	103	86
1490	649	104	86
1487	648	106	86
1485	647	108	87
1482	646	109	87
1480	646	110	86
1477	646	112	86
1471	645	113	86
1471	646	113	83
1469	645	114	84
1465	645	114	85
1463	644	113	83
1460	643	112	82
1457	644	113	79
1457	645	112	76
1453	645	111	76
1449	645	111	74
1446	645	110	72
1444	646	108	71
1439	645	108	72
1436	645	108	71
1434	646	107	70
1431	646	105	70
1428	643	105	71
1422	642	104	73
1421	642	104	73
1419	641	100	74
1414	640	100	75
1412	639	100	76
1408	639	97	76
1408	640	94	76
1404	640	92	74
1402	641	90	73
1398	640	88	72
1394	640	88	74
1391	638	86	73
1389	639	86	74
1385	638	85	74
1381	638	81	74
1379	637	80	75
1376	636	75	75
1374	635	73	75
1372	635	71	76
1368	634	72	76
1364	633	70	76
1362	633	67	77
1358	632	65	78
1354	633	64	79
1350	632	64	80
1345	633	62	80
1340	634	62	79
1335	633	61	80
1330	635	61	79
1327	637	58	77
1321	638	56	76
1317	638	55	77
1311	638	55	77
1308	638	54	77
1303	639	54	78
1301	640	54	78
1297	639	54	79
1293	640	55	79
1289	640	55	80
1285	640	55	80
1281	640	54	80
1278	640	54	80
1275	640	54	82
1271	639	53	84
1267	639	53	85
1264	637	52	86
1261	635	52	87
1257	635	53	89
1253	633	51	92
1249	630	52	94
1246	629	51	96
1243	628	50	97
1240	627	49	98
1237	626	48	99
1234	626	47	99
1231	626	47	100
1228	627	47	99
1224	627	47	100
1220	626	47	100
1216	626	48	101
1213	627	47	101
1209	625	47	105
1204	624	48	108
1197	625	50	106
1191	628	52	102
1186	631	53	99
1181	633	56	98
1176	632	60	98
1169	630	60	99
1166	630	58	102
1158	628	60	103
1152	628	61	104
1148	627	61	105
1146	630	60	104
1146	630	55	104
1143	631	51	103
1139	632	49	103
1132	631	51	104
1117	633	60	103
1114	629	60	108
1117	630	59	110
1114	635	63	107
1110	640	67	103
1103	644	70	101
1100	642	68	100
1094	638	66	107
1088	636	63	111
1082	634	60	115
1075	633	57	115
1068	632	55	113
1058	632	56	110
1052	634	56	107
1046	634	55	106
1040	635	55	106
1032	636	56	106
1025	636	58	108
1018	637	59	110
1012	638	61	111
1007	636	66	116
1001	637	72	121
988	642	82	120
981	639	86	124
973	636	91	130
966	635	94	133
960	636	92	132
953	639	94	129
945	640	94	128
938	641	98	126
929	641	99	124
921	640	99	124
913	639	100	117
905	638	99	115
898	640	96	124
892	638	94	125
884	639	91	128
878	639	90	127
871	638	89	129
864	637	90	129
857	638	92	130
850	637	94	129
846	639	93	126
842	638	93	124
835	641	94	118
828	641	97	114
822	642	102	117
814	640	104	123
808	638	108	125
801	638	113	127
794	635	118	131
787	634	121	135
777	635	120	135
770	633	121	125
762	632	120	125
754	632	118	126
748	631	112	126
743	631	112	126
736	631	112	126
729	630	111	125
722	630	112	124
716	630	112	123
707	629	112	120
702	630	110	121
696	629	109	120
692	629	105	115
688	627	101	109
677	633	108	103
672	634	113	102
660	628	125	94
646	616	134	105
640	617	138	101
637	618	137	97
634	619	137	95
629	621	131	94
624	622	122	92
618	622	117	94
612	625	115	92
604	625	110	91
596	626	108	93
589	626	108	94
584	626	110	95
576	626	110	95
568	626	110	92
560	624	105	91
553	625	102	86
545	625	100	83
538	624	100	80
529	623	101	77
521	623	100	70
501	623	110	69
498	622	109	67
479	624	119	63
475	624	118	62
464	625	120	61
459	625	119	59
456	625	114	60
450	625	112	58
445	626	111	58
433	627	117	57
429	627	116	55
416	628	105	51
408	629	106	49
400	629	99	49
395	630	94	49
386	630	94	49
374	629	98	50
362	630	102	49
363	633	99	47
354	633	108	48
341	633	104	47
335	635	109	46
328	636	108	46
320	637	104	45
310	635	103	48
304	639	105	48
296	641	105	47
288	642	107	48
279	641	109	50
270	643	110	50
263	645	114	50
252	647	116	51
243	646	116	55
235	646	116	58
223	643	121	64
215	643	122	67
204	644	123	68
196	645	124	71
190	645	124	72
180	647	123	75
169	649	124	75
162	650	123	78
156	654	123	78
149	656	122	79
139	658	122	81
131	659	123	84
124	663	126	84
116	666	128	85
105	668	127	87
100	671	123	90
93	674	122	91
84	679	122	89
77	684	119	90
69	688	119	89
61	688	119	93
60	700	114	87
54	707	110	85
47	708	107	88
41	716	105	85
33	721	102	85
26	720	100	90
17	718	98	94
13	722	93	93
5	724	91	92
0	726	87	91
-3	732	81	92
-5	747	71	84
-12	755	71	81
-15	762	72	80
-13	766	71	80
-15	770	68	81
-8	776	60	80
-10	778	58	75
-15	783	60	71
-16	786	59	68
-22	789	61	66
-21	795	60	64
-23	799	59	62
-30	803	62	59
-32	807	65	57
-34	810	69	55
-35	813	72	53
-35	818	72	52
-35	820	71	50
-34	826	69	48
-33	827	67	47
-32	828	66	47
-31	833	64	46
