648	152	45	20
645	153	44	19
649	157	42	21
643	156	44	21
640	159	44	19
638	162	44	18
636	164	44	18
636	166	45	19
630	167	46	22
629	169	47	21
626	169	48	22
624	169	51	22
620	172	52	24
617	172	53	25
615	173	54	26
612	174	55	27
610	175	54	27
609	177	55	27
607	178	55	27
605	178	54	26
604	181	55	26
600	181	51	27
600	181	52	26
599	182	51	26
598	183	44	26
597	184	42	27
598	185	42	27
597	186	41	27
598	185	39	26
598	186	40	25
599	186	40	25
600	187	40	26
600	188	39	26
600	188	38	26
600	188	36	27
602	189	38	26
603	192	39	26
604	192	39	26
603	193	39	28
602	194	40	26
605	196	40	24
604	196	40	23
601	199	44	24
598	200	47	24
597	203	47	26
598	205	49	27
596	207	48	29
591	210	34	32
594	210	29	31
593	212	28	28
593	215	27	29
591	216	28	29
592	219	29	29
592	220	30	29
590	220	32	25
593	220	37	23
587	226	35	25
585	225	34	26
585	226	32	27
584	228	33	29
583	228	33	30
581	228	35	29
578	229	36	29
578	230	37	29
573	233	37	28
569	235	35	28
567	237	36	28
566	236	37	27
562	240	38	28
558	241	37	28
554	243	36	29
549	245	35	29
544	247	31	30
541	250	31	31
533	252	31	32
537	250	35	32
528	250	37	32
518	251	37	32
520	252	41	34
507	254	41	34
510	252	45	36
509	255	47	37
499	255	49	38
504	254	52	41
515	247	52	43
494	254	55	46
491	250	57	48
479	254	58	50
431	235	64	48
422	232	69	44
385	228	73	41
362	235	77	40
356	234	71	40
362	233	78	38
360	234	77	36
351	232	76	34
352	235	76	33
346	237	72	33
343	235	69	32
327	238	68	33
338	235	68	30
324	239	65	31
326	239	60	32
318	241	61	34
318	238	60	32
313	241	58	32
312	242	58	34
311	243	54	37
308	241	55	36
300	244	58	37
296	244	60	37
297	245	61	37
290	245	62	36
288	246	61	37
289	245	61	36
286	246	63	34
282	247	64	34
278	249	65	35
273	249	66	34
268	249	67	32
265	252	68	33
267	254	69	36
264	255	74	40
257	255	84	44
254	255	85	45
254	256	86	45
253	258	84	43
250	260	86	43
222	264	88	40
231	262	89	40
232	265	92	39
229	268	86	37
222	271	74	35
213	276	69	32
220	278	61	31
211	283	55	29
212	286	55	30
212	290	52	28
211	295	47	27
213	298	44	26
213	302	42	25
212	306	41	23
212	312	39	23
210	315	37	24
206	319	37	26
205	322	36	28
204	326	34	28
201	330	32	28
199	333	32	28
199	336	33	27
194	341	37	26
191	345	39	27
191	347	38	26
186	351	37	26
183	352	37	27
179	353	38	29
178	354	40	29
177	352	43	28
174	356	44	27
172	356	43	28
167	359	43	29
159	362	41	30
155	365	37	30
156	363	37	29
151	365	37	30
147	366	37	31
139	369	37	31
136	371	35	30
135	369	33	30
128	373	34	29
127	372	33	30
124	370	33	30
119	374	34	28
115	376	33	27
114	376	33	27
112	378	34	25
110	376	31	25
108	377	30	26
104	375	32	27
102	373	32	29
99	377	33	27
95	380	32	25
94	380	31	25
93	380	31	25
91	381	29	25
88	383	30	24
84	384	30	25
82	384	31	25
78	384	31	26
76	384	31	26
70	384	29	26
73	382	32	26
70	382	34	26
65	381	34	27
60	381	33	28
60	381	35	28
57	381	34	28
55	382	30	28
54	384	28	26
53	384	27	25
51	384	27	25
48	384	28	25
47	382	29	26
44	382	31	26
44	382	30	25
45	382	28	25
44	380	27	25
45	380	27	25
44	379	26	25
43	378	27	26
40	377	27	26
42	376	26	26
41	374	27	26
40	374	28	27
38	372	27	27
37	372	28	28
38	370	29	29
34	369	31	30
36	369	32	32
33	363	34	33
31	360	34	33
33	362	36	34
28	358	38	36
22	355	41	36
0	355	46	35
0	353	48	36
2	350	53	37
4	349	56	37
2	348	61	39
0	343	63	39
0	341	64	37
0	337	64	37
1	336	64	37
0	335	64	36
1	333	62	36
0	330	61	35
0	328	59	35
1	328	57	37
0	326	57	37
0	325	56	36
0	323	55	34
0	320	55	35
0	318	56	35
1	317	56	37
0	317	56	38
0	316	58	41
0	313	60	41
0	312	60	42
-2	311	57	41
-1	310	55	42
0	310	55	44
0	310	54	43
0	311	53	44
0	309	53	44
0	309	54	46
-1	307	54	45
0	310	56	47
0	310	58	47
0	309	58	49
-4	306	58	49
-3	308	59	51
-6	304	60	52
-11	300	63	52
-15	303	66	52
-29	306	68	50
-27	306	71	49
-24	306	72	50
-27	305	72	51
-34	305	74	50
-37	304	76	50
-38	302	78	51
-33	308	78	54
-37	307	79	56
-40	303	81	56
-41	307	83	60
-42	306	85	63
-42	304	86	65
-43	305	87	69
-44	312	89	73
-44	326	90	73
-45	334	91	72
-45	308	91	75
-45	318	92	77
-46	306	94	80
-47	303	96	82
-49	305	99	85
-50	320	101	84
-50	312	102	88
-52	307	105	90
-53	306	107	90
-54	303	109	91
-54	304	110	91
-55	299	111	91
-55	302	112	91
-56	302	113	92
5	303	111	92
30	308	105	93
40	304	106	92
45	313	108	91
48	316	106	93
54	313	106	93
91	235	109	87
97	225	110	90
100	235	107	88
109	238	108	92
112	232	110	97
103	225	115	99
117	214	119	101
140	181	116	105
151	182	119	108
151	173	118	113
168	200	120	112
183	214	123	114
181	217	128	116
179	210	129	115
185	198	129	118
186	217	130	121
180	190	128	123
194	205	131	127
179	202	132	126
186	209	129	132
200	221	132	135
217	215	136	138
216	194	143	140
175	179	139	145
183	193	136	146
194	195	141	150
212	215	145	152
174	179	141	155
190	182	142	153
194	164	143	143
190	178	143	139
206	206	135	144
204	212	130	148
209	203	124	152
216	208	123	154
211	203	122	156
227	210	124	159
236	211	129	156
242	222	133	157
230	212	135	156
205	180	133	160
218	189	133	158
221	197	136	150
226	188	135	149
238	198	138	144
239	212	140	143
242	215	140	143
243	212	140	147
259	218	144	146
240	205	147	147
261	219	152	144
239	198	148	146
243	205	148	151
245	216	148	150
245	201	148	151
251	198	144	149
260	221	147	148
264	229	147	147
246	192	144	144
239	195	138	139
236	194	130	133
256	208	130	131
265	213	132	127
256	209	129	122
272	215	124	120
276	213	117	118
278	218	110	118
269	213	98	118
291	220	99	116
293	220	100	117
295	221	99	113
298	220	98	110
278	222	95	108
288	229	97	106
284	225	90	103
270	227	90	100
262	216	92	96
269	222	94	93
271	228	95	93
277	229	98	91
278	234	102	91
271	228	105	90
288	239	93	92
293	239	97	93
291	257	103	93
301	271	109	94
304	269	114	96
316	280	118	96
324	291	118	94
321	273	117	99
332	282	117	97
317	275	118	100
304	250	116	96
308	257	117	96
324	278	117	98
335	276	120	101
344	282	129	103
329	272	123	105
345	278	122	109
338	265	121	109
345	268	120	110
339	262	121	109
325	254	119	108
323	256	117	107
354	264	117	109
356	269	116	112
337	251	108	110
365	272	112	114
368	272	115	115
356	254	115	114
349	256	118	115
359	262	118	116
363	259	116	115
369	262	124	115
351	249	126	114
338	255	124	115
348	250	121	117
341	247	123	117
338	241	125	116
338	252	125	118
364	281	117	108
363	266	119	107
354	260	119	106
364	256	119	110
365	253	118	112
368	250	116	113
378	266	115	116
387	268	118	115
383	259	115	116
390	260	114	117
369	250	115	115
377	259	117	116
381	265	119	116
376	263	118	118
388	263	116	115
394	272	110	114
397	256	111	116
406	274	115	114
404	275	115	111
396	254	117	113
392	252	119	115
381	259	119	118
395	259	117	122
398	263	115	128
403	274	115	128
412	274	117	127
406	264	117	129
403	252	115	130
406	252	121	129
402	251	122	132
394	247	121	135
399	242	119	136
378	242	121	135
396	261	124	131
409	264	120	125
405	245	120	127
389	236	123	124
385	236	120	122
404	247	116	119
411	256	111	118
412	241	106	119
430	262	105	122
421	249	107	123
414	241	108	122
426	246	109	121
427	241	117	121
424	257	120	128
425	236	121	129
433	257	125	135
417	300	132	136
415	297	136	141
451	351	135	139
477	428	130	139
481	436	126	135
486	446	121	128
478	448	120	125
482	450	121	121
408	477	128	115
392	458	136	113
421	460	137	112
405	473	140	110
391	475	145	107
381	475	148	107
372	476	153	105
372	475	157	103
392	478	157	99
397	485	156	95
388	486	156	93
389	487	157	91
399	489	154	88
431	494	147	85
426	495	145	84
446	498	141	83
457	501	132	80
464	502	125	79
476	504	112	76
488	506	100	75
503	505	90	72
509	506	80	68
518	508	72	66
523	510	65	64
524	510	61	62
526	511	59	62
529	510	59	63
531	511	57	62
533	512	57	63
533	513	57	63
533	512	58	64
532	514	60	64
532	515	61	64
534	514	61	65
536	515	61	62
539	517	62	61
539	519	63	62
541	520	63	63
550	522	58	64
557	522	51	65
566	524	44	65
569	526	42	64
568	527	43	65
570	530	43	65
570	532	44	66
569	533	46	65
569	535	47	64
570	539	48	64
570	541	49	64
569	545	50	63
571	549	51	63
571	551	52	64
572	554	53	64
574	557	54	63
571	559	57	63
569	561	61	63
576	566	57	64
570	568	63	64
587	572	53	63
591	575	49	63
593	578	46	63
593	580	46	63
594	582	47	64
594	586	47	64
593	584	50	62
594	584	51	59
595	572	53	67
594	567	53	77
595	568	54	83
594	566	54	87
597	570	53	87
596	571	53	89
596	574	54	91
601	575	53	92
602	577	50	93
598	578	54	92
593	586	61	88
598	583	59	89
599	583	58	92
602	583	55	94
602	583	57	95
604	584	57	96
605	583	55	96
605	584	57	96
606	584	57	96
607	585	57	95
603	584	61	91
608	583	59	85
611	584	57	80
611	587	56	86
611	584	56	91
613	585	57	92
614	583	57	92
613	582	59	93
614	583	60	92
613	581	61	93
617	582	60	93
617	581	61	94
621	585	60	92
622	585	60	92
628	593	58	87
629	600	58	73
641	605	51	68
654	606	46	63
657	606	41	62
662	602	37	62
628	572	35	55
632	575	32	47
635	576	32	43
638	575	29	41
640	576	31	40
641	575	32	41
643	575	32	42
645	575	32	43
646	574	31	45
647	575	28	45
644	572	29	46
643	570	29	46
638	569	34	43
645	569	31	40
643	569	33	38
644	569	34	38
647	570	34	37
648	568	34	37
651	568	37	37
650	567	40	37
650	566	41	36
650	565	44	37
650	563	45	36
651	564	49	35
650	562	49	35
650	560	49	35
650	561	48	36
647	558	49	36
645	558	49	35
646	557	49	36
645	558	47	36
645	556	47	33
645	556	46	35
645	554	47	31
644	555	48	29
645	556	49	30
642	556	52	32
640	555	55	29
642	555	57	28
640	555	59	28
641	555	60	27
639	555	60	26
638	556	61	25
638	557	62	25
638	556	63	26
636	556	61	26
634	556	61	26
634	557	63	25
632	557	66	26
625	557	66	26
624	557	62	26
628	558	58	27
628	560	62	27
627	562	68	28
626	562	72	31
625	562	74	31
624	564	70	31
620	564	64	31
622	566	59	31
623	566	60	32
621	567	57	33
620	568	56	34
621	569	56	34
620	569	57	36
620	569	62	37
622	571	68	37
618	572	66	37
619	574	65	37
619	573	65	42
617	577	62	40
618	577	62	40
615	583	61	39
615	584	64	39
613	586	64	40
612	587	70	41
613	590	69	41
609	592	69	42
611	597	69	41
611	600	70	41
609	602	70	41
609	604	68	42
607	606	68	43
609	607	67	45
611	609	66	45
612	615	65	41
606	618	62	41
606	612	62	43
603	607	59	48
603	611	58	51
599	614	59	51
603	617	58	50
603	615	57	50
602	617	56	50
605	617	55	50
604	609	53	52
604	608	52	52
604	612	52	54
603	618	52	52
603	611	52	55
603	572	50	49
606	574	49	45
605	579	49	41
605	580	49	39
603	582	50	38
600	582	52	36
599	583	53	36
598	584	54	36
595	584	58	36
592	583	61	37
592	584	65	36
590	585	68	36
588	585	69	36
585	585	72	36
583	584	73	37
581	585	75	36
578	584	76	36
578	584	74	36
577	584	76	37
575	584	79	38
574	584	77	38
574	583	77	39
575	582	74	41
573	581	74	42
574	582	72	44
573	582	72	45
574	583	69	47
575	583	66	47
572	583	74	49
568	585	82	51
565	586	87	50
572	591	86	50
574	593	84	49
572	596	83	48
574	601	82	46
572	600	80	50
573	606	79	47
574	609	77	47
573	611	77	46
571	610	78	47
574	614	76	48
574	614	77	51
574	618	78	52
581	620	73	53
583	620	70	56
588	622	68	57
593	621	65	62
595	627	64	60
592	633	67	57
599	637	69	63
602	640	75	65
603	638	73	71
609	643	69	71
614	647	72	72
619	654	73	69
623	662	69	69
627	667	69	68
631	670	67	68
