621.00	279.00	53.00	89.00
621.00	280.00	54.00	90.00
621.00	279.00	54.00	91.00
622.00	279.00	54.00	91.00
622.00	278.00	54.00	91.00
621.00	277.00	54.00	91.00
621.00	275.00	54.00	91.00
621.00	267.00	55.00	93.00
620.00	264.00	55.00	93.00
620.00	264.00	55.00	93.00
621.00	264.00	55.00	93.00
622.00	265.00	55.00	92.00
623.00	266.00	55.00	93.00
623.00	265.00	56.00	94.00
622.00	266.00	55.00	92.00
623.00	265.00	54.00	90.00
622.00	264.00	54.00	91.00
621.00	261.00	55.00	92.00
620.00	258.00	55.00	92.00
619.00	254.00	55.00	93.00
619.00	250.00	55.00	93.00
619.00	251.00	56.00	94.00
620.00	248.00	55.00	93.00
620.00	248.00	55.00	93.00
620.00	245.00	56.00	94.00
619.00	241.00	57.00	95.00
620.00	239.00	57.00	95.00
620.00	237.00	56.00	94.00
622.00	236.00	56.00	94.00
621.00	233.00	57.00	95.00
622.00	231.00	57.00	96.00
624.00	229.00	56.00	94.00
625.00	227.00	56.00	94.00
624.00	225.00	56.00	94.00
625.00	224.00	57.00	96.00
624.00	216.00	57.00	96.00
625.00	215.00	57.00	96.00
625.00	212.00	58.00	97.00
626.00	210.00	57.00	96.00
627.00	208.00	56.00	94.00
627.00	208.00	57.00	96.00
625.00	206.00	56.00	94.00
623.00	201.00	57.00	95.00
623.00	198.00	56.00	94.00
623.00	195.00	57.00	96.00
621.00	193.00	56.00	94.00
622.00	191.00	56.00	94.00
623.00	189.00	56.00	94.00
622.00	186.00	55.00	93.00
622.00	185.00	55.00	93.00
621.00	182.00	56.00	94.00
622.00	181.00	56.00	94.00
620.00	177.00	57.00	95.00
622.00	176.00	56.00	94.00
622.00	174.00	55.00	92.00
623.00	173.00	54.00	91.00
623.00	172.00	53.00	89.00
623.00	170.00	53.00	89.00
623.00	167.00	54.00	91.00
623.00	166.00	53.00	89.00
623.00	162.00	54.00	91.00
623.00	159.00	54.00	91.00
623.00	157.00	55.00	92.00
624.00	154.00	56.00	94.00
623.00	153.00	56.00	94.00
624.00	152.00	56.00	94.00
624.00	148.00	56.00	94.00
625.00	145.00	56.00	94.00
625.00	140.00	55.00	92.00
626.00	136.00	56.00	94.00
625.00	131.00	57.00	95.00
627.00	129.00	56.00	94.00
626.00	127.00	56.00	94.00
624.00	122.00	56.00	94.00
624.00	120.00	56.00	94.00
624.00	116.00	56.00	94.00
624.00	115.00	56.00	94.00
625.00	112.00	55.00	93.00
626.00	112.00	54.00	91.00
625.00	108.00	55.00	93.00
623.00	104.00	56.00	94.00
624.00	100.00	57.00	96.00
624.00	98.00	57.00	95.00
623.00	96.00	58.00	97.00
624.00	94.00	57.00	96.00
623.00	93.00	56.00	94.00
622.00	90.00	57.00	95.00
623.00	90.00	56.00	94.00
624.00	88.00	55.00	93.00
624.00	87.00	55.00	93.00
625.00	87.00	55.00	92.00
625.00	85.00	56.00	94.00
625.00	83.00	56.00	94.00
626.00	79.00	57.00	96.00
624.00	74.00	58.00	97.00
623.00	72.00	59.00	99.00
626.00	72.00	58.00	97.00
624.00	71.00	59.00	99.00
624.00	69.00	60.00	100.00
625.00	67.00	60.00	100.00
627.00	65.00	59.00	99.00
626.00	63.00	60.00	100.00
626.00	60.00	59.00	99.00
627.00	60.00	58.00	97.00
628.00	58.00	57.00	95.00
627.00	54.00	57.00	95.00
628.00	53.00	56.00	94.00
627.00	49.00	57.00	95.00
627.00	45.00	57.00	95.00
628.00	43.00	57.00	95.00
626.00	38.00	58.00	97.00
625.00	32.00	59.00	99.00
626.00	32.00	58.00	97.00
627.00	32.00	57.00	95.00
627.00	27.00	57.00	95.00
626.00	24.00	56.00	94.00
630.00	23.00	56.00	94.00
629.00	20.00	57.00	95.00
630.00	20.00	56.00	94.00
629.00	13.00	57.00	95.00
629.00	11.00	57.00	95.00
630.00	10.00	56.00	94.00
632.00	8.00	55.00	93.00
632.00	7.00	54.00	91.00
635.00	5.00	54.00	90.00
634.00	-0.00	55.00	92.00
635.00	-5.00	56.00	94.00
635.00	-6.00	55.00	92.00
636.00	-8.00	54.00	90.00
634.00	-11.00	54.00	90.00
633.00	-17.00	55.00	92.00
635.00	-18.00	54.00	90.00
632.00	-26.00	55.00	92.00
634.00	-28.00	55.00	93.00
632.00	-32.00	56.00	94.00
634.00	-35.00	56.00	94.00
634.00	-34.00	55.00	93.00
632.00	-39.00	56.00	94.00
632.00	-41.00	56.00	94.00
634.00	-40.00	55.00	93.00
634.00	-41.00	54.00	91.00
636.00	-40.00	53.00	89.00
634.00	-43.00	54.00	91.00
635.00	-44.00	53.00	89.00
633.00	-49.00	54.00	91.00
633.00	-49.00	54.00	90.00
633.00	-54.00	55.00	92.00
634.00	-54.00	54.00	90.00
626.00	-59.00	55.00	92.00
632.00	-57.00	54.00	91.00
633.00	-57.00	54.00	91.00
633.00	-58.00	54.00	90.00
633.00	-57.00	52.00	88.00
633.00	-60.00	53.00	89.00
632.00	-63.00	54.00	91.00
632.00	-66.00	53.00	89.00
632.00	-67.00	53.00	89.00
638.00	-69.00	54.00	90.00
638.00	-71.00	53.00	89.00
640.00	-74.00	53.00	89.00
642.00	-78.00	54.00	90.00
639.00	-85.00	55.00	92.00
639.00	-87.00	56.00	94.00
642.00	-85.00	55.00	92.00
643.00	-83.00	54.00	90.00
644.00	-84.00	54.00	90.00
644.00	-86.00	54.00	90.00
643.00	-88.00	53.00	89.00
647.00	-92.00	52.00	88.00
657.00	-90.00	52.00	87.00
645.00	-80.00	52.00	87.00
646.00	-85.00	52.00	88.00
649.00	-84.00	52.00	87.00
659.00	-85.00	52.00	87.00
670.00	-84.00	52.00	88.00
650.00	-90.00	52.00	87.00
652.00	-79.00	52.00	87.00
649.00	-84.00	53.00	89.00
650.00	-88.00	54.00	91.00
646.00	-88.00	53.00	89.00
645.00	-90.00	53.00	89.00
647.00	-90.00	52.00	88.00
639.00	-88.00	54.00	90.00
640.00	-89.00	53.00	89.00
640.00	-68.00	54.00	91.00
639.00	-28.00	55.00	92.00
638.00	-27.00	56.00	94.00
639.00	-25.00	55.00	93.00
636.00	-24.00	56.00	94.00
637.00	-25.00	55.00	92.00
638.00	-25.00	54.00	91.00
636.00	1.00	55.00	92.00
636.00	-8.00	55.00	93.00
635.00	-1.00	56.00	94.00
633.00	-9.00	57.00	95.00
633.00	-6.00	56.00	94.00
631.00	-10.00	56.00	94.00
629.00	-10.00	57.00	95.00
629.00	-12.00	58.00	97.00
626.00	-19.00	57.00	96.00
626.00	-27.00	58.00	97.00
627.00	-11.00	59.00	98.00
629.00	-16.00	59.00	98.00
629.00	-20.00	57.00	96.00
629.00	4.00	57.00	95.00
628.00	6.00	56.00	94.00
626.00	-10.00	56.00	94.00
624.00	-24.00	57.00	96.00
623.00	-27.00	58.00	97.00
623.00	-30.00	58.00	97.00
621.00	-33.00	59.00	99.00
621.00	-33.00	60.00	100.00
621.00	-11.00	59.00	99.00
621.00	-25.00	59.00	99.00
621.00	-25.00	60.00	100.00
620.00	-16.00	59.00	99.00
620.00	13.00	60.00	101.00
619.00	12.00	62.00	103.00
618.00	11.00	63.00	105.00
619.00	-2.00	62.00	103.00
620.00	-3.00	61.00	102.00
621.00	-3.00	61.00	102.00
620.00	11.00	62.00	104.00
620.00	6.00	62.00	104.00
620.00	3.00	63.00	106.00
620.00	5.00	63.00	105.00
620.00	24.00	62.00	104.00
620.00	39.00	62.00	104.00
618.00	31.00	63.00	106.00
618.00	36.00	65.00	109.00
621.00	14.00	63.00	106.00
622.00	-10.00	64.00	108.00
622.00	-9.00	65.00	109.00
624.00	2.00	63.00	106.00
625.00	2.00	63.00	105.00
625.00	1.00	64.00	108.00
625.00	5.00	64.00	108.00
625.00	5.00	65.00	110.00
627.00	6.00	64.00	108.00
629.00	8.00	63.00	105.00
628.00	-31.00	62.00	103.00
629.00	-16.00	62.00	104.00
629.00	-15.00	61.00	102.00
634.00	-4.00	61.00	102.00
629.00	0.00	62.00	104.00
629.00	2.00	63.00	105.00
630.00	2.00	62.00	104.00
628.00	0.00	62.00	103.00
628.00	-8.00	62.00	104.00
628.00	-18.00	62.00	103.00
628.00	-19.00	63.00	105.00
626.00	6.00	64.00	108.00
623.00	6.00	65.00	109.00
621.00	-3.00	66.00	111.00
620.00	-1.00	66.00	111.00
620.00	1.00	66.00	111.00
619.00	-2.00	67.00	113.00
619.00	9.00	67.00	113.00
618.00	1.00	68.00	114.00
617.00	2.00	69.00	115.00
616.00	-0.00	70.00	118.00
616.00	1.00	71.00	120.00
614.00	-7.00	73.00	122.00
613.00	-4.00	74.00	124.00
613.00	-6.00	73.00	122.00
612.00	-2.00	71.00	120.00
611.00	-12.00	72.00	121.00
613.00	-13.00	72.00	121.00
612.00	4.00	72.00	121.00
611.00	-4.00	73.00	122.00
612.00	-7.00	73.00	122.00
611.00	-7.00	74.00	125.00
609.00	-8.00	74.00	125.00
609.00	-7.00	74.00	125.00
608.00	-8.00	76.00	127.00
607.00	5.00	75.00	126.00
608.00	0.00	75.00	126.00
609.00	-2.00	74.00	124.00
611.00	-4.00	72.00	121.00
609.00	-21.00	72.00	121.00
608.00	1.00	74.00	124.00
608.00	-2.00	74.00	125.00
607.00	-11.00	74.00	125.00
607.00	-14.00	75.00	126.00
609.00	-1.00	74.00	125.00
609.00	-27.00	73.00	122.00
611.00	-25.00	73.00	122.00
610.00	-18.00	74.00	125.00
611.00	-27.00	76.00	127.00
611.00	-21.00	74.00	125.00
609.00	-23.00	74.00	124.00
608.00	-20.00	73.00	122.00
607.00	-9.00	74.00	124.00
608.00	-5.00	74.00	125.00
609.00	4.00	74.00	124.00
609.00	5.00	74.00	124.00
609.00	10.00	75.00	126.00
608.00	-18.00	74.00	125.00
606.00	-35.00	73.00	122.00
604.00	-17.00	74.00	125.00
603.00	-6.00	74.00	125.00
599.00	-10.00	76.00	127.00
597.00	-16.00	77.00	130.00
598.00	-16.00	76.00	127.00
598.00	-14.00	76.00	127.00
597.00	-19.00	77.00	130.00
597.00	-18.00	77.00	129.00
597.00	-13.00	77.00	130.00
598.00	-14.00	77.00	129.00
599.00	-15.00	76.00	127.00
595.00	-14.00	76.00	127.00
593.00	-15.00	77.00	130.00
593.00	-14.00	78.00	131.00
589.00	-19.00	79.00	133.00
588.00	-19.00	79.00	133.00
588.00	-5.00	80.00	134.00
589.00	-13.00	78.00	131.00
589.00	-11.00	77.00	130.00
590.00	-10.00	78.00	131.00
592.00	-4.00	80.00	134.00
593.00	-18.00	80.00	135.00
594.00	-20.00	80.00	135.00
596.00	-9.00	80.00	135.00
594.00	-26.00	82.00	138.00
593.00	-12.00	80.00	135.00
593.00	-14.00	80.00	134.00
597.00	-5.00	79.00	133.00
596.00	-6.00	80.00	135.00
595.00	-1.00	81.00	137.00
594.00	-23.00	83.00	139.00
594.00	-19.00	84.00	141.00
595.00	-18.00	84.00	141.00
597.00	-26.00	83.00	139.00
597.00	-25.00	83.00	139.00
601.00	-24.00	81.00	137.00
600.00	-25.00	80.00	135.00
600.00	-23.00	82.00	138.00
599.00	-24.00	81.00	137.00
