561.00	225.00	195.00	354.00
562.00	226.00	195.00	354.00
563.00	227.00	193.00	350.00
564.00	227.00	193.00	350.00
565.00	228.00	191.00	347.00
566.00	229.00	189.00	344.00
566.00	229.00	187.00	340.00
565.00	228.00	189.00	344.00
566.00	228.00	187.00	340.00
567.00	227.00	187.00	340.00
567.00	223.00	191.00	347.00
569.00	226.00	187.00	340.00
570.00	227.00	186.00	337.00
570.00	225.00	187.00	340.00
571.00	228.00	184.00	333.00
568.00	224.00	187.00	340.00
567.00	223.00	187.00	340.00
567.00	221.00	187.00	340.00
568.00	224.00	184.00	333.00
568.00	219.00	184.00	333.00
568.00	222.00	182.00	330.00
568.00	220.00	182.00	330.00
565.00	217.00	184.00	333.00
564.00	218.00	186.00	337.00
565.00	215.00	182.00	330.00
562.00	222.00	184.00	333.00
563.00	225.00	182.00	330.00
562.00	224.00	182.00	330.00
560.00	224.00	184.00	333.00
558.00	232.00	186.00	337.00
558.00	232.00	186.00	337.00
556.00	235.00	189.00	344.00
558.00	239.00	186.00	337.00
556.00	239.00	186.00	337.00
558.00	244.00	184.00	333.00
556.00	248.00	184.00	333.00
553.00	249.00	187.00	340.00
550.00	249.00	191.00	347.00
547.00	250.00	193.00	350.00
545.00	254.00	191.00	347.00
544.00	257.00	191.00	347.00
542.00	255.00	195.00	354.00
544.00	259.00	191.00	347.00
546.00	262.00	187.00	340.00
545.00	262.00	187.00	340.00
543.00	262.00	189.00	344.00
542.00	261.00	193.00	350.00
540.00	262.00	193.00	350.00
540.00	265.00	193.00	350.00
539.00	269.00	191.00	347.00
539.00	272.00	191.00	347.00
537.00	276.00	189.00	344.00
537.00	278.00	189.00	344.00
535.00	280.00	187.00	340.00
533.00	281.00	189.00	344.00
534.00	287.00	186.00	337.00
534.00	288.00	186.00	337.00
531.00	288.00	187.00	340.00
531.00	290.00	186.00	337.00
531.00	289.00	189.00	344.00
529.00	289.00	191.00	347.00
526.00	287.00	193.00	350.00
529.00	294.00	189.00	344.00
526.00	293.00	191.00	347.00
527.00	296.00	189.00	344.00
526.00	296.00	191.00	347.00
529.00	301.00	187.00	340.00
528.00	299.00	191.00	347.00
529.00	301.00	189.00	344.00
529.00	299.00	191.00	347.00
531.00	302.00	187.00	340.00
530.00	303.00	187.00	340.00
531.00	304.00	187.00	340.00
529.00	305.00	186.00	337.00
528.00	302.00	189.00	344.00
528.00	305.00	187.00	340.00
530.00	308.00	186.00	337.00
525.00	305.00	189.00	344.00
524.00	305.00	189.00	344.00
523.00	306.00	189.00	344.00
526.00	311.00	186.00	337.00
526.00	311.00	186.00	337.00
523.00	310.00	187.00	340.00
524.00	310.00	187.00	340.00
523.00	311.00	187.00	340.00
523.00	311.00	189.00	344.00
522.00	308.00	191.00	347.00
519.00	307.00	193.00	350.00
518.00	308.00	193.00	350.00
518.00	312.00	191.00	347.00
518.00	316.00	187.00	340.00
519.00	317.00	187.00	340.00
515.00	317.00	189.00	344.00
513.00	319.00	189.00	344.00
512.00	316.00	193.00	350.00
511.00	320.00	189.00	344.00
511.00	319.00	191.00	347.00
507.00	315.00	195.00	354.00
509.00	321.00	191.00	347.00
512.00	325.00	187.00	340.00
511.00	326.00	187.00	340.00
509.00	327.00	189.00	344.00
508.00	329.00	187.00	340.00
508.00	329.00	189.00	344.00
507.00	331.00	189.00	344.00
506.00	332.00	189.00	344.00
505.00	333.00	189.00	344.00
506.00	335.00	189.00	344.00
503.00	336.00	191.00	347.00
504.00	340.00	187.00	340.00
504.00	340.00	189.00	344.00
504.00	341.00	189.00	344.00
503.00	343.00	189.00	344.00
503.00	343.00	191.00	347.00
502.00	343.00	191.00	347.00
502.00	347.00	189.00	344.00
502.00	344.00	193.00	350.00
503.00	347.00	191.00	347.00
503.00	348.00	191.00	347.00
504.00	349.00	191.00	347.00
506.00	349.00	191.00	347.00
507.00	354.00	189.00	344.00
507.00	353.00	191.00	347.00
505.00	354.00	191.00	347.00
506.00	354.00	191.00	347.00
506.00	355.00	191.00	347.00
507.00	359.00	187.00	340.00
508.00	358.00	189.00	344.00
508.00	357.00	191.00	347.00
506.00	356.00	193.00	350.00
508.00	355.00	193.00	350.00
509.00	355.00	193.00	350.00
510.00	355.00	193.00	350.00
513.00	357.00	191.00	347.00
511.00	357.00	191.00	347.00
511.00	357.00	193.00	350.00
512.00	360.00	191.00	347.00
512.00	361.00	191.00	347.00
513.00	362.00	189.00	344.00
512.00	362.00	189.00	344.00
512.00	362.00	191.00	347.00
508.00	357.00	195.00	354.00
508.00	357.00	195.00	354.00
509.00	360.00	193.00	350.00
508.00	359.00	195.00	354.00
507.00	359.00	195.00	354.00
507.00	361.00	195.00	354.00
508.00	361.00	195.00	354.00
508.00	362.00	195.00	354.00
508.00	361.00	195.00	354.00
507.00	359.00	195.00	354.00
504.00	355.00	199.00	361.00
503.00	353.00	201.00	365.00
508.00	359.00	197.00	358.00
507.00	359.00	199.00	361.00
507.00	359.00	199.00	361.00
508.00	359.00	199.00	361.00
511.00	362.00	197.00	358.00
510.00	361.00	199.00	361.00
509.00	360.00	201.00	365.00
510.00	362.00	199.00	361.00
510.00	360.00	203.00	368.00
511.00	363.00	201.00	365.00
512.00	364.00	199.00	361.00
515.00	368.00	197.00	358.00
518.00	369.00	197.00	358.00
520.00	374.00	193.00	350.00
520.00	372.00	197.00	358.00
519.00	373.00	199.00	361.00
519.00	372.00	201.00	365.00
521.00	374.00	199.00	361.00
522.00	375.00	199.00	361.00
523.00	376.00	199.00	361.00
522.00	375.00	201.00	365.00
522.00	376.00	201.00	365.00
524.00	381.00	197.00	358.00
523.00	381.00	199.00	361.00
524.00	383.00	199.00	361.00
527.00	388.00	195.00	354.00
527.00	389.00	195.00	354.00
528.00	390.00	197.00	358.00
527.00	390.00	199.00	361.00
529.00	391.00	199.00	361.00
532.00	395.00	195.00	354.00
533.00	398.00	195.00	354.00
539.00	402.00	191.00	347.00
538.00	402.00	193.00	350.00
538.00	405.00	193.00	350.00
537.00	406.00	195.00	354.00
539.00	411.00	193.00	350.00
540.00	413.00	193.00	350.00
539.00	413.00	195.00	354.00
539.00	416.00	195.00	354.00
540.00	418.00	195.00	354.00
540.00	424.00	197.00	358.00
540.00	428.00	195.00	354.00
540.00	430.00	195.00	354.00
538.00	430.00	199.00	361.00
539.00	437.00	195.00	354.00
540.00	440.00	193.00	350.00
541.00	442.00	193.00	350.00
539.00	445.00	193.00	350.00
538.00	446.00	197.00	358.00
542.00	451.00	193.00	350.00
540.00	455.00	193.00	350.00
541.00	458.00	193.00	350.00
543.00	462.00	191.00	347.00
541.00	465.00	193.00	350.00
542.00	468.00	193.00	350.00
540.00	470.00	197.00	358.00
540.00	470.00	201.00	365.00
540.00	472.00	203.00	368.00
540.00	476.00	203.00	368.00
543.00	481.00	201.00	365.00
540.00	484.00	205.00	372.00
543.00	492.00	201.00	365.00
542.00	493.00	203.00	368.00
541.00	498.00	203.00	368.00
544.00	505.00	199.00	361.00
542.00	507.00	203.00	368.00
540.00	509.00	205.00	372.00
544.00	516.00	201.00	365.00
548.00	521.00	197.00	358.00
550.00	526.00	195.00	354.00
546.00	526.00	199.00	361.00
548.00	532.00	197.00	358.00
545.00	532.00	201.00	365.00
549.00	538.00	197.00	358.00
545.00	542.00	199.00	361.00
544.00	548.00	203.00	368.00
546.00	551.00	199.00	361.00
547.00	554.00	197.00	358.00
546.00	561.00	201.00	365.00
547.00	562.00	197.00	358.00
546.00	566.00	199.00	361.00
547.00	567.00	201.00	365.00
546.00	571.00	201.00	365.00
544.00	572.00	203.00	368.00
547.00	575.00	199.00	361.00
547.00	579.00	199.00	361.00
549.00	585.00	195.00	354.00
544.00	586.00	199.00	361.00
544.00	590.00	203.00	368.00
542.00	594.00	199.00	361.00
537.00	594.00	203.00	368.00
537.00	597.00	203.00	368.00
537.00	598.00	203.00	368.00
534.00	601.00	207.00	376.00
531.00	599.00	209.00	380.00
536.00	602.00	205.00	372.00
532.00	604.00	207.00	376.00
532.00	607.00	211.00	383.00
526.00	608.00	215.00	391.00
530.00	613.00	211.00	383.00
528.00	614.00	207.00	376.00
531.00	616.00	203.00	368.00
538.00	621.00	199.00	361.00
539.00	624.00	197.00	358.00
538.00	628.00	201.00	365.00
531.00	625.00	205.00	372.00
532.00	622.00	201.00	365.00
530.00	628.00	203.00	368.00
530.00	622.00	203.00	368.00
520.00	627.00	207.00	376.00
521.00	627.00	211.00	383.00
528.00	629.00	207.00	376.00
531.00	636.00	203.00	368.00
530.00	643.00	207.00	376.00
522.00	630.00	209.00	380.00
524.00	638.00	209.00	380.00
529.00	639.00	207.00	376.00
531.00	639.00	205.00	372.00
529.00	648.00	207.00	376.00
533.00	639.00	203.00	368.00
640.00	610.00	205.00	372.00
631.00	610.00	205.00	372.00
636.00	610.00	203.00	368.00
635.00	608.00	199.00	361.00
633.00	608.00	199.00	361.00
633.00	609.00	195.00	354.00
636.00	607.00	191.00	347.00
632.00	603.00	195.00	354.00
633.00	606.00	191.00	347.00
642.00	609.00	189.00	344.00
643.00	612.00	186.00	337.00
647.00	615.00	184.00	333.00
653.00	619.00	182.00	330.00
651.00	617.00	184.00	333.00
653.00	620.00	180.00	327.00
656.00	623.00	178.00	324.00
655.00	624.00	178.00	324.00
652.00	621.00	178.00	324.00
650.00	618.00	180.00	327.00
652.00	623.00	177.00	320.00
652.00	622.00	177.00	320.00
653.00	620.00	177.00	320.00
651.00	623.00	178.00	324.00
656.00	625.00	175.00	317.00
657.00	625.00	173.00	314.00
660.00	627.00	171.00	311.00
657.00	626.00	175.00	317.00
654.00	627.00	177.00	320.00
655.00	628.00	175.00	317.00
656.00	630.00	173.00	314.00
654.00	628.00	173.00	314.00
655.00	630.00	175.00	317.00
658.00	630.00	171.00	311.00
659.00	630.00	170.00	308.00
655.00	632.00	170.00	308.00
656.00	631.00	173.00	314.00
655.00	633.00	175.00	317.00
650.00	633.00	173.00	314.00
653.00	633.00	175.00	317.00
651.00	633.00	178.00	324.00
649.00	630.00	180.00	327.00
650.00	631.00	178.00	324.00
653.00	634.00	175.00	317.00
650.00	632.00	173.00	314.00
649.00	629.00	177.00	320.00
652.00	629.00	173.00	314.00
650.00	635.00	173.00	314.00
652.00	634.00	177.00	320.00
650.00	634.00	173.00	314.00
649.00	631.00	175.00	317.00
647.00	631.00	178.00	324.00
