453.00	186.00	145.00	514.00
452.00	186.00	145.00	514.00
451.00	179.00	148.00	524.00
452.00	179.00	148.00	524.00
452.00	178.00	148.00	524.00
452.00	177.00	148.00	524.00
452.00	179.00	146.00	519.00
454.00	184.00	144.00	509.00
453.00	183.00	144.00	509.00
453.00	182.00	144.00	509.00
451.00	176.00	146.00	519.00
453.00	180.00	144.00	509.00
451.00	174.00	146.00	519.00
450.00	170.00	149.00	530.00
450.00	169.00	149.00	530.00
449.00	166.00	151.00	535.00
449.00	169.00	149.00	530.00
449.00	169.00	149.00	530.00
450.00	173.00	146.00	519.00
449.00	173.00	146.00	519.00
448.00	169.00	149.00	530.00
449.00	173.00	146.00	519.00
447.00	168.00	149.00	530.00
447.00	168.00	149.00	530.00
446.00	168.00	149.00	530.00
445.00	167.00	149.00	530.00
444.00	164.00	151.00	535.00
443.00	164.00	151.00	535.00
443.00	166.00	149.00	530.00
444.00	169.00	146.00	519.00
443.00	166.00	148.00	524.00
442.00	167.00	148.00	524.00
442.00	164.00	149.00	530.00
442.00	164.00	149.00	530.00
442.00	166.00	148.00	524.00
441.00	164.00	149.00	530.00
441.00	163.00	149.00	530.00
439.00	158.00	152.00	540.00
440.00	161.00	151.00	535.00
440.00	161.00	151.00	535.00
439.00	161.00	151.00	535.00
439.00	160.00	151.00	535.00
440.00	164.00	148.00	524.00
440.00	163.00	148.00	524.00
439.00	158.00	151.00	535.00
438.00	159.00	151.00	535.00
438.00	158.00	151.00	535.00
438.00	158.00	151.00	535.00
438.00	155.00	152.00	540.00
438.00	155.00	152.00	540.00
438.00	153.00	152.00	540.00
437.00	153.00	152.00	540.00
438.00	152.00	152.00	540.00
438.00	151.00	152.00	540.00
437.00	150.00	152.00	540.00
438.00	149.00	152.00	540.00
437.00	146.00	154.00	546.00
436.00	143.00	155.00	551.00
438.00	147.00	152.00	540.00
440.00	148.00	151.00	535.00
439.00	147.00	151.00	535.00
438.00	144.00	152.00	540.00
439.00	146.00	151.00	535.00
438.00	143.00	152.00	540.00
438.00	141.00	152.00	540.00
437.00	142.00	152.00	540.00
437.00	141.00	152.00	540.00
438.00	143.00	151.00	535.00
437.00	140.00	152.00	540.00
437.00	140.00	152.00	540.00
436.00	139.00	152.00	540.00
436.00	139.00	152.00	540.00
436.00	138.00	152.00	540.00
435.00	137.00	152.00	540.00
435.00	137.00	152.00	540.00
434.00	135.00	154.00	546.00
434.00	135.00	154.00	546.00
433.00	135.00	154.00	546.00
432.00	135.00	154.00	546.00
432.00	138.00	152.00	540.00
431.00	135.00	154.00	546.00
429.00	134.00	155.00	551.00
427.00	131.00	157.00	557.00
428.00	134.00	155.00	551.00
426.00	131.00	157.00	557.00
425.00	131.00	157.00	557.00
424.00	129.00	159.00	562.00
426.00	135.00	155.00	551.00
426.00	134.00	155.00	551.00
425.00	135.00	155.00	551.00
425.00	135.00	155.00	551.00
425.00	135.00	155.00	551.00
424.00	135.00	155.00	551.00
422.00	132.00	157.00	557.00
420.00	130.00	159.00	562.00
421.00	133.00	157.00	557.00
420.00	129.00	160.00	568.00
420.00	134.00	157.00	557.00
420.00	134.00	157.00	557.00
420.00	134.00	157.00	557.00
420.00	134.00	157.00	557.00
419.00	132.00	159.00	562.00
418.00	127.00	162.00	573.00
419.00	130.00	160.00	568.00
420.00	133.00	159.00	562.00
418.00	128.00	162.00	573.00
420.00	131.00	160.00	568.00
420.00	131.00	160.00	568.00
421.00	131.00	160.00	568.00
421.00	131.00	160.00	568.00
421.00	131.00	160.00	568.00
422.00	133.00	159.00	562.00
422.00	136.00	157.00	557.00
422.00	136.00	157.00	557.00
422.00	136.00	157.00	557.00
422.00	136.00	157.00	557.00
421.00	136.00	157.00	557.00
421.00	137.00	157.00	557.00
420.00	134.00	159.00	562.00
422.00	138.00	155.00	551.00
420.00	133.00	159.00	562.00
420.00	133.00	159.00	562.00
420.00	132.00	159.00	562.00
419.00	132.00	159.00	562.00
422.00	137.00	155.00	551.00
421.00	134.00	157.00	557.00
420.00	132.00	159.00	562.00
420.00	131.00	159.00	562.00
420.00	130.00	159.00	562.00
420.00	130.00	159.00	562.00
420.00	130.00	159.00	562.00
422.00	134.00	155.00	551.00
421.00	131.00	157.00	557.00
421.00	130.00	157.00	557.00
422.00	133.00	155.00	551.00
420.00	127.00	159.00	562.00
420.00	126.00	159.00	562.00
420.00	126.00	159.00	562.00
420.00	121.00	162.00	573.00
422.00	125.00	159.00	562.00
423.00	127.00	157.00	557.00
423.00	124.00	159.00	562.00
425.00	124.00	159.00	562.00
426.00	126.00	157.00	557.00
426.00	123.00	159.00	562.00
428.00	125.00	157.00	557.00
428.00	120.00	160.00	568.00
428.00	120.00	160.00	568.00
427.00	116.00	163.00	579.00
430.00	120.00	160.00	568.00
430.00	120.00	160.00	568.00
429.00	114.00	163.00	579.00
433.00	119.00	160.00	568.00
432.00	117.00	162.00	573.00
433.00	116.00	162.00	573.00
432.00	111.00	165.00	585.00
434.00	116.00	162.00	573.00
433.00	111.00	165.00	585.00
434.00	113.00	163.00	579.00
433.00	112.00	163.00	579.00
434.00	112.00	163.00	579.00
434.00	112.00	163.00	579.00
434.00	111.00	163.00	579.00
433.00	106.00	167.00	591.00
434.00	109.00	165.00	585.00
434.00	108.00	165.00	585.00
435.00	106.00	167.00	591.00
435.00	105.00	167.00	591.00
435.00	106.00	167.00	591.00
436.00	100.00	168.00	597.00
436.00	100.00	168.00	597.00
439.00	105.00	165.00	585.00
439.00	104.00	165.00	585.00
440.00	100.00	167.00	591.00
442.00	103.00	163.00	579.00
442.00	101.00	165.00	585.00
441.00	96.00	168.00	597.00
441.00	93.00	170.00	603.00
441.00	92.00	170.00	603.00
441.00	91.00	170.00	603.00
443.00	89.00	172.00	609.00
439.00	92.00	170.00	603.00
441.00	90.00	170.00	603.00
438.00	100.00	167.00	591.00
433.00	100.00	168.00	597.00
431.00	97.00	172.00	609.00
429.00	100.00	170.00	603.00
428.00	99.00	170.00	603.00
430.00	97.00	172.00	609.00
430.00	97.00	172.00	609.00
428.00	100.00	170.00	603.00
428.00	99.00	170.00	603.00
426.00	101.00	170.00	603.00
426.00	105.00	168.00	597.00
425.00	105.00	168.00	597.00
425.00	109.00	167.00	591.00
423.00	104.00	170.00	603.00
422.00	104.00	170.00	603.00
421.00	103.00	172.00	609.00
422.00	102.00	172.00	609.00
422.00	103.00	172.00	609.00
418.00	101.00	173.00	615.00
418.00	101.00	173.00	615.00
418.00	107.00	170.00	603.00
420.00	113.00	167.00	591.00
417.00	108.00	170.00	603.00
415.00	107.00	172.00	609.00
414.00	106.00	172.00	609.00
413.00	110.00	168.00	597.00
411.00	106.00	172.00	609.00
408.00	106.00	172.00	609.00
408.00	109.00	170.00	603.00
408.00	108.00	170.00	603.00
408.00	108.00	170.00	603.00
407.00	109.00	170.00	603.00
407.00	106.00	172.00	609.00
406.00	107.00	170.00	603.00
405.00	105.00	172.00	609.00
405.00	108.00	170.00	603.00
405.00	109.00	168.00	597.00
405.00	109.00	168.00	597.00
402.00	104.00	172.00	609.00
401.00	109.00	168.00	597.00
399.00	109.00	168.00	597.00
396.00	103.00	172.00	609.00
395.00	107.00	170.00	603.00
392.00	103.00	173.00	615.00
393.00	108.00	170.00	603.00
389.00	107.00	170.00	603.00
388.00	110.00	168.00	597.00
387.00	111.00	168.00	597.00
383.00	109.00	170.00	603.00
379.00	109.00	172.00	609.00
374.00	106.00	173.00	615.00
373.00	112.00	170.00	603.00
369.00	110.00	172.00	609.00
366.00	113.00	170.00	603.00
362.00	112.00	172.00	609.00
361.00	111.00	172.00	609.00
359.00	114.00	170.00	603.00
356.00	114.00	172.00	609.00
356.00	117.00	170.00	603.00
354.00	116.00	172.00	609.00
353.00	117.00	172.00	609.00
350.00	116.00	173.00	615.00
347.00	115.00	175.00	621.00
344.00	116.00	175.00	621.00
344.00	119.00	173.00	615.00
345.00	120.00	172.00	609.00
341.00	117.00	173.00	615.00
339.00	115.00	175.00	621.00
337.00	115.00	175.00	621.00
333.00	111.00	179.00	633.00
332.00	115.00	177.00	627.00
331.00	118.00	175.00	621.00
333.00	118.00	173.00	615.00
332.00	118.00	173.00	615.00
329.00	111.00	177.00	627.00
329.00	114.00	175.00	621.00
324.00	108.00	179.00	633.00
323.00	108.00	179.00	633.00
324.00	113.00	175.00	621.00
324.00	113.00	173.00	615.00
323.00	111.00	173.00	615.00
318.00	105.00	177.00	627.00
314.00	98.00	180.00	640.00
313.00	96.00	180.00	640.00
312.00	101.00	177.00	627.00
306.00	95.00	180.00	640.00
306.00	98.00	177.00	627.00
301.00	91.00	180.00	640.00
302.00	94.00	177.00	627.00
297.00	88.00	180.00	640.00
297.00	88.00	179.00	633.00
292.00	82.00	182.00	646.00
291.00	80.00	182.00	646.00
291.00	79.00	180.00	640.00
287.00	73.00	184.00	653.00
284.00	72.00	184.00	653.00
287.00	70.00	182.00	646.00
282.00	67.00	184.00	653.00
281.00	64.00	184.00	653.00
278.00	62.00	184.00	653.00
