401	250	85	107
393	249	95	114
388	247	95	125
400	243	74	123
418	229	58	117
403	229	60	127
403	229	60	127
403	229	60	127
403	229	60	127
375	214	80	119
375	214	80	119
375	214	80	119
343	174	93	113
341	169	120	126
327	169	138	135
327	169	138	135
327	169	138	135
327	169	138	135
327	169	138	135
327	169	138	135
327	169	138	135
327	169	138	135
327	169	138	135
327	169	138	135
327	169	138	135
327	169	138	135
327	169	138	135
327	169	138	135
327	169	138	135
327	169	138	135
402	95	178	134
392	87	197	110
399	67	203	119
399	67	203	119
399	67	203	119
399	67	203	119
399	67	203	119
399	67	203	119
399	67	203	119
399	67	203	119
399	67	203	119
399	67	203	119
399	67	203	119
399	67	203	119
399	67	203	119
399	67	203	119
399	67	203	119
399	67	203	119
399	67	203	119
399	67	203	119
399	67	203	119
399	67	203	119
399	67	203	119
399	67	203	119
399	67	203	119
399	67	203	119
399	67	203	119
399	67	203	119
399	67	203	119
399	67	203	119
399	67	203	119
399	67	203	119
389	200	163	105
389	200	163	105
389	200	163	105
389	200	163	105
389	200	163	105
389	200	163	105
389	200	163	105
389	200	163	105
389	200	163	105
389	200	163	105
389	200	163	105
389	200	163	105
389	200	163	105
389	200	163	105
389	200	163	105
389	200	163	105
389	200	163	105
389	200	163	105
389	200	163	105
389	200	163	105
389	200	163	105
389	200	163	105
389	200	163	105
389	200	163	105
389	200	163	105
389	200	163	105
389	200	163	105
389	200	163	105
389	200	163	105
389	200	163	105
389	200	163	105
389	200	163	105
222	225	154	130
214	223	167	112
214	223	167	112
214	223	167	112
214	223	167	112
302	168	142	112
302	168	142	112
302	168	142	112
302	168	142	112
302	168	142	112
302	168	142	112
302	168	142	112
302	168	142	112
302	168	142	112
20	218	141	119
20	218	141	119
20	218	141	119
20	218	141	119
20	218	141	119
20	218	141	119
20	218	141	119
20	218	141	119
20	218	141	119
20	218	141	119
20	218	141	119
20	218	141	119
20	218	141	119
20	218	141	119
20	218	141	119
20	218	141	119
20	218	141	119
20	218	141	119
20	218	141	119
20	218	141	119
20	218	141	119
20	218	141	119
20	218	141	119
20	218	141	119
20	218	141	119
20	218	141	119
20	218	141	119
20	218	141	119
95	103	169	137
95	103	169	137
126	100	183	117
126	100	183	117
126	100	183	117
126	100	183	117
126	100	183	117
126	100	183	117
126	100	183	117
126	100	183	117
235	271	208	150
235	271	208	150
235	271	208	150
235	271	208	150
235	271	208	150
235	271	208	150
235	271	208	150
235	271	208	150
235	271	208	150
235	271	208	150
235	271	208	150
235	271	208	150
235	271	208	150
135	137	229	167
135	137	229	167
135	137	229	167
135	137	229	167
135	137	229	167
135	137	229	167
135	137	229	167
135	137	229	167
135	137	229	167
297	206	217	178
297	206	217	178
297	206	217	178
297	206	217	178
297	206	217	178
297	206	217	178
332	148	208	207
302	143	238	193
302	143	238	193
302	143	238	193
302	143	238	193
302	143	238	193
577	69	214	214
577	69	214	214
577	69	214	214
577	69	214	214
577	69	214	214
577	69	214	214
577	69	214	214
577	69	214	214
577	69	214	214
577	69	214	214
577	69	214	214
577	69	214	214
577	69	214	214
577	69	214	214
577	69	214	214
577	69	214	214
577	69	214	214
577	69	214	214
577	69	214	214
577	69	214	214
577	69	214	214
577	69	214	214
577	69	214	214
577	69	214	214
577	69	214	214
577	69	214	214
577	69	214	214
577	69	214	214
577	69	214	214
577	69	214	214
577	69	214	214
577	69	214	214
577	69	214	214
577	69	214	214
577	69	214	214
577	69	214	214
577	69	214	214
577	69	214	214
577	69	214	214
619	142	174	233
619	142	174	233
619	142	174	233
619	142	174	233
619	142	174	233
619	142	174	233
619	142	174	233
619	142	174	233
619	142	174	233
619	142	174	233
619	142	174	233
619	142	174	233
619	142	174	233
619	142	174	233
619	142	174	233
619	142	174	233
619	142	174	233
619	142	174	233
619	142	174	233
619	142	174	233
619	142	174	233
619	142	174	233
619	142	174	233
619	142	174	233
619	142	174	233
619	142	174	233
619	142	174	233
619	142	174	233
619	142	174	233
619	142	174	233
619	142	174	233
619	142	174	233
619	142	174	233
619	142	174	233
619	142	174	233
771	163	145	245
771	163	145	245
771	163	145	245
771	163	145	245
771	163	145	245
771	163	145	245
771	163	145	245
771	163	145	245
771	163	145	245
771	163	145	245
771	163	145	245
771	163	145	245
771	163	145	245
771	163	145	245
771	163	145	245
771	163	145	245
771	163	145	245
771	163	145	245
771	163	145	245
771	163	145	245
771	163	145	245
771	163	145	245
771	163	145	245
771	163	145	245
771	163	145	245
771	163	145	245
771	163	145	245
771	163	145	245
771	163	145	245
771	163	145	245
771	163	145	245
771	163	145	245
771	163	145	245
771	163	145	245
771	163	145	245
771	163	145	245
771	163	145	245
771	163	145	245
771	163	145	245
771	163	145	245
771	163	145	245
358	107	159	260
624	164	136	261
624	164	136	261
624	164	136	261
624	164	136	261
624	164	136	261
624	164	136	261
624	164	136	261
624	164	136	261
624	164	136	261
624	164	136	261
624	164	136	261
320	190	147	254
524	367	177	284
666	97	144	310
666	97	144	310
666	97	144	310
671	108	158	306
674	112	149	296
674	112	149	296
678	118	182	280
681	126	181	268
669	122	181	274
613	122	166	287
670	121	140	277
672	117	101	260
684	107	99	260
664	105	114	249
685	104	94	262
658	99	122	278
661	94	127	290
654	87	135	316
632	82	137	319
637	84	111	324
643	75	103	346
638	83	106	346
649	82	115	340
647	86	107	314
663	83	117	292
653	88	98	323
678	98	117	315
665	77	91	314
680	126	107	286
680	108	88	305
694	102	75	283
697	119	79	288
700	90	74	277
695	75	72	260
706	196	73	252
718	121	64	246
718	128	67	240
725	127	58	242
725	119	61	252
725	121	64	253
727	124	67	254
729	129	63	247
746	137	80	244
735	152	115	226
730	155	123	237
732	148	128	230
728	156	134	234
726	151	139	248
716	139	137	279
726	148	132	260
703	151	162	281
721	137	140	294
742	150	123	263
733	129	132	287
729	137	142	282
727	137	146	284
734	137	153	281
726	137	172	281
731	144	158	279
727	145	164	276
734	143	155	279
736	144	120	281
733	127	84	282
725	129	105	267
720	137	127	248
724	130	127	219
724	151	146	181
721	147	131	187
724	140	124	206
705	144	119	185
699	166	92	164
717	156	82	162
720	167	60	160
729	143	55	167
729	130	66	184
728	127	61	184
723	128	71	188
722	129	78	180
724	130	70	159
719	135	75	170
703	136	91	169
720	140	124	169
712	140	135	175
712	138	150	186
709	140	145	172
708	144	149	168
712	143	152	191
711	142	146	172
711	144	163	184
723	144	137	176
720	150	134	161
717	151	127	146
721	158	120	126
724	162	122	122
728	153	112	139
730	153	111	136
731	161	114	131
727	154	121	150
727	151	120	157
727	150	119	169
726	151	126	167
730	154	121	163
729	154	118	169
735	155	112	164
728	156	106	156
724	152	97	169
730	142	69	160
732	143	69	135
734	154	65	118
734	157	65	112
736	155	66	114
735	157	68	113
730	165	74	101
731	165	68	98
734	167	67	101
734	165	66	103
734	168	71	100
736	168	72	105
734	169	66	104
736	171	63	100
