1031	596	62	192
1036	592	61	194
1030	589	64	200
1035	586	66	200
1031	599	64	189
1034	599	68	182
1031	603	67	184
1026	601	69	188
1027	602	72	178
1027	609	75	173
1026	611	76	176
1029	611	73	185
1025	605	75	198
1022	602	74	204
1021	609	76	205
1017	604	79	210
1019	608	78	210
1023	607	76	221
1018	610	82	214
1014	612	87	210
1015	595	84	233
1014	594	84	242
1011	601	90	230
1011	603	89	231
1013	603	88	231
1009	614	90	225
1004	621	94	212
1003	613	95	221
1003	622	96	214
1004	623	97	215
1005	625	94	213
1000	641	102	204
999	643	101	193
996	636	103	214
993	634	108	219
996	637	104	215
993	631	106	219
991	631	112	232
993	630	112	216
991	621	116	224
989	634	122	215
990	632	122	211
988	640	124	202
988	645	127	192
983	645	134	189
982	658	138	180
983	653	137	190
985	647	135	198
983	648	135	190
984	646	142	192
982	650	140	188
982	649	136	197
985	651	135	186
989	648	133	190
984	648	140	194
985	650	135	191
982	646	144	196
982	643	136	203
979	646	143	199
983	654	140	194
977	649	147	198
984	641	146	206
977	644	149	214
976	645	152	209
978	645	141	208
976	644	149	211
978	656	145	205
977	652	148	199
975	656	153	211
975	650	158	222
973	646	157	241
972	638	168	252
972	639	157	259
974	633	160	247
977	644	158	249
976	642	160	254
977	645	162	255
981	642	140	236
983	644	147	259
985	634	139	267
987	642	141	263
983	633	142	270
987	639	138	270
986	635	135	277
984	633	134	269
992	633	123	250
986	631	122	253
988	627	118	266
987	623	118	260
985	626	119	257
990	631	114	242
987	626	112	254
989	615	112	268
982	606	118	269
989	619	114	256
989	616	108	257
990	621	109	254
990	614	106	257
990	600	105	269
990	586	103	288
984	584	110	288
975	569	121	307
981	557	110	313
977	559	115	309
976	557	114	293
974	556	110	304
988	553	102	308
973	563	116	269
986	572	101	262
984	558	102	287
974	553	116	304
983	545	104	279
980	547	104	273
989	554	96	267
983	553	99	261
982	549	103	263
976	546	107	263
968	548	117	256
985	546	101	259
970	542	121	268
982	542	111	260
972	542	107	255
978	540	106	256
966	540	140	249
957	537	129	234
964	541	127	221
965	541	132	212
956	543	139	209
959	541	133	206
971	529	103	221
963	525	111	227
959	523	114	219
966	514	106	224
1119	591	113	240
977	499	85	238
1126	593	104	234
1125	587	104	231
1122	591	104	232
1125	596	99	222
1125	591	93	227
1128	601	90	211
1128	598	89	207
1124	590	92	218
1127	591	92	222
1124	588	97	228
1121	584	105	228
1121	587	105	226
1125	582	106	222
1123	584	110	228
1118	576	116	234
1114	579	124	200
1109	585	132	186
1107	577	136	200
1113	581	129	205
1120	577	128	216
1117	577	133	225
1115	574	135	232
1116	575	133	218
1115	568	132	237
1114	563	134	243
1116	555	137	261
1115	554	139	257
1119	554	132	254
1119	556	128	265
1124	554	121	273
1127	553	117	267
1128	552	108	262
1131	552	104	264
1130	555	101	260
1139	548	92	280
1138	547	95	273
1142	543	94	283
1143	548	97	274
1141	541	102	279
1140	544	111	271
1144	545	111	271
1140	553	114	245
1146	546	75	245
1154	602	90	199
1151	574	79	216
1148	545	68	238
1145	532	73	244
1145	529	72	232
1143	526	76	250
1139	526	82	256
1133	523	93	249
1126	526	108	243
1123	526	107	228
1119	529	122	237
1120	532	119	237
1118	526	121	234
1115	530	123	221
1113	532	128	225
1112	525	128	226
1117	525	122	238
1113	527	130	228
1115	525	128	244
1112	523	132	249
1113	528	136	228
1113	530	131	212
1113	530	125	202
1110	527	117	186
1112	529	112	177
1112	531	109	172
