1273	420	41	30
1267	424	42	31
1260	428	44	30
1254	432	47	32
1248	433	49	34
1243	440	54	31
1246	446	45	35
1252	450	45	37
1252	450	45	37
1252	450	45	37
1277	481	49	36
1298	502	42	32
1303	524	38	28
1304	541	33	23
1318	553	38	19
1318	553	38	19
1318	553	38	19
1318	553	38	19
1318	553	38	19
1318	553	38	19
1318	553	38	19
1318	553	38	19
1318	553	38	19
1307	615	40	17
1307	615	40	17
1307	615	40	17
1307	615	40	17
1307	615	40	17
1307	615	40	17
1316	670	44	18
1316	670	44	18
1316	670	44	18
1316	670	44	18
1316	670	44	18
1316	670	44	18
1316	670	44	18
1316	670	44	18
1316	670	44	18
1316	670	44	18
1316	670	44	18
1316	670	44	18
1316	670	44	18
1316	670	44	18
1316	670	44	18
1316	670	44	18
1316	670	44	18
1316	670	44	18
1316	670	44	18
1316	670	44	18
1316	670	44	18
1316	670	44	18
1316	670	44	18
1316	670	44	18
1316	670	44	18
1316	670	44	18
1316	670	44	18
1316	670	44	18
1316	670	44	18
1316	670	44	18
1316	670	44	18
1316	670	44	18
1316	670	44	18
1316	670	44	18
1316	670	44	18
1316	670	44	18
1316	670	44	18
1316	670	44	18
1316	670	44	18
1316	670	44	18
1316	670	44	18
1316	670	44	18
1316	670	44	18
1273	728	43	25
1273	728	43	25
1273	728	43	25
1273	728	43	25
1273	728	43	25
1273	728	43	25
1273	728	43	25
1273	728	43	25
1273	728	43	25
1273	728	43	25
1273	728	43	25
1273	728	43	25
1273	728	43	25
1273	728	43	25
1273	728	43	25
1273	728	43	25
1273	728	43	25
1273	728	43	25
1273	728	43	25
1273	728	43	25
1273	728	43	25
1273	728	43	25
1273	728	43	25
1273	728	43	25
1273	728	43	25
1273	728	43	25
1273	728	43	25
1273	728	43	25
1273	728	43	25
1273	728	43	25
1273	728	43	25
1273	728	43	25
1273	728	43	25
1273	728	43	25
1273	728	43	25
1273	728	43	25
1273	728	43	25
1273	728	43	25
1273	728	43	25
1273	728	43	25
1273	728	43	25
1273	728	43	25
1273	728	43	25
1273	728	43	25
1273	728	43	25
1273	728	43	25
1273	728	43	25
1345	790	45	32
1345	790	45	32
1345	790	45	32
1345	790	45	32
1345	790	45	32
1345	790	45	32
1345	790	45	32
1345	790	45	32
1345	790	45	32
1345	790	45	32
1345	790	45	32
1345	790	45	32
1345	790	45	32
1345	790	45	32
1345	790	45	32
1345	790	45	32
1345	790	45	32
1345	790	45	32
1345	790	45	32
1345	790	45	32
1345	790	45	32
1345	790	45	32
1345	790	45	32
1345	790	45	32
1345	790	45	32
1345	790	45	32
1345	790	45	32
1345	790	45	32
1345	790	45	32
1345	790	45	32
1345	790	45	32
1345	790	45	32
1345	790	45	32
1345	790	45	32
1345	790	45	32
1345	790	45	32
1345	790	45	32
1345	790	45	32
1345	790	45	32
1345	790	45	32
1345	790	45	32
1345	790	45	32
1345	790	45	32
1345	790	45	32
1345	790	45	32
1345	790	45	32
1345	790	45	32
1345	790	45	32
1345	790	45	32
1345	790	45	32
1345	790	45	32
1345	790	45	32
1345	790	45	32
1345	790	45	32
1345	790	45	32
1345	790	45	32
1345	790	45	32
1345	790	45	32
1345	790	45	32
1345	790	45	32
1345	790	45	32
1345	790	45	32
1345	790	45	32
1345	790	45	32
1345	790	45	32
1345	790	45	32
1345	790	45	32
1345	790	45	32
1345	790	45	32
1345	790	45	32
1345	790	45	32
1345	790	45	32
1345	790	45	32
1345	790	45	32
1345	790	45	32
1345	790	45	32
1345	790	45	32
1345	790	45	32
1345	790	45	32
1345	790	45	32
1345	790	45	32
1345	790	45	32
1345	790	45	32
1345	790	45	32
1345	790	45	32
1345	790	45	32
1345	790	45	32
1345	790	45	32
1345	790	45	32
1345	790	45	32
1345	790	45	32
1345	790	45	32
1345	790	45	32
1345	790	45	32
1345	790	45	32
1345	790	45	32
1345	790	45	32
1345	790	45	32
1345	790	45	32
1345	790	45	32
1345	790	45	32
1345	790	45	32
1345	790	45	32
1345	790	45	32
1345	790	45	32
1345	790	45	32
1345	790	45	32
1345	790	45	32
1345	790	45	32
1345	790	45	32
1345	790	45	32
1345	790	45	32
1428	766	43	23
1428	766	43	23
1428	766	43	23
1428	766	43	23
1428	766	43	23
1428	766	43	23
1428	766	43	23
1428	766	43	23
1428	766	43	23
1428	766	43	23
1428	766	43	23
1428	766	43	23
1428	766	43	23
1428	766	43	23
1428	766	43	23
1428	766	43	23
1428	766	43	23
1428	766	43	23
1428	766	43	23
1428	766	43	23
1428	766	43	23
1428	766	43	23
1428	766	43	23
1428	766	43	23
1428	766	43	23
1428	766	43	23
1428	766	43	23
1428	766	43	23
1428	766	43	23
1428	766	43	23
1428	766	43	23
1428	766	43	23
1428	766	43	23
1428	766	43	23
1428	766	43	23
1428	766	43	23
1428	766	43	23
1428	766	43	23
1428	766	43	23
1428	766	43	23
1428	766	43	23
1428	766	43	23
1428	766	43	23
1428	766	43	23
1428	766	43	23
1428	766	43	23
1428	766	43	23
1428	766	43	23
1428	766	43	23
1428	766	43	23
1428	766	43	23
1428	766	43	23
1428	766	43	23
1428	766	43	23
1428	766	43	23
1428	766	43	23
1428	766	43	23
1428	766	43	23
1428	766	43	23
1428	766	43	23
1428	766	43	23
1428	766	43	23
1428	766	43	23
1428	766	43	23
1428	766	43	23
1428	766	43	23
1428	766	43	23
1428	766	43	23
1428	766	43	23
1428	766	43	23
1428	766	43	23
1428	766	43	23
1428	766	43	23
1428	766	43	23
1428	766	43	23
1428	766	43	23
1428	766	43	23
1428	766	43	23
1428	766	43	23
1428	766	43	23
1428	766	43	23
1428	766	43	23
1428	766	43	23
1428	766	43	23
1428	766	43	23
1428	766	43	23
1428	766	43	23
1428	766	43	23
1428	766	43	23
1428	766	43	23
1428	766	43	23
1428	766	43	23
1428	766	43	23
1428	766	43	23
1428	766	43	23
1428	766	43	23
1428	766	43	23
1428	766	43	23
1428	766	43	23
1428	766	43	23
1428	766	43	23
1428	766	43	23
1428	766	43	23
1428	766	43	23
1428	766	43	23
1428	766	43	23
1428	766	43	23
1428	766	43	23
1428	766	43	23
1428	766	43	23
1428	766	43	23
1428	766	43	23
1428	766	43	23
1428	766	43	23
1428	766	43	23
1428	766	43	23
1428	766	43	23
1428	766	43	23
1428	766	43	23
1428	766	43	23
1428	766	43	23
1428	766	43	23
1428	766	43	23
1428	766	43	23
1428	766	43	23
1428	766	43	23
1428	766	43	23
1428	766	43	23
1428	766	43	23
1428	766	43	23
1428	766	43	23
1428	766	43	23
1428	766	43	23
1428	766	43	23
1428	766	43	23
1428	766	43	23
1428	766	43	23
1428	766	43	23
1428	766	43	23
1428	766	43	23
1428	766	43	23
1428	766	43	23
1428	766	43	23
1428	766	43	23
1428	766	43	23
1428	766	43	23
1428	766	43	23
1428	766	43	23
1428	766	43	23
1428	766	43	23
1428	766	43	23
1428	766	43	23
1428	766	43	23
1428	766	43	23
1428	766	43	23
1428	766	43	23
1428	766	43	23
1428	766	43	23
1428	766	43	23
1428	766	43	23
1428	766	43	23
1428	766	43	23
1428	766	43	23
1428	766	43	23
1428	766	43	23
1428	766	43	23
1428	766	43	23
1428	766	43	23
1428	766	43	23
1428	766	43	23
1428	766	43	23
1428	766	43	23
1428	766	43	23
1428	766	43	23
1428	766	43	23
1428	766	43	23
1428	766	43	23
1428	766	43	23
1428	766	43	23
1428	766	43	23
1428	766	43	23
1428	766	43	23
1428	766	43	23
1428	766	43	23
1428	766	43	23
1428	766	43	23
1428	766	43	23
1428	766	43	23
1428	766	43	23
1428	766	43	23
1428	766	43	23
1428	766	43	23
1428	766	43	23
1428	766	43	23
1428	766	43	23
1428	766	43	23
1428	766	43	23
1428	766	43	23
1428	766	43	23
1428	766	43	23
1428	766	43	23
1428	766	43	23
1428	766	43	23
1428	766	43	23
1428	766	43	23
1428	766	43	23
1428	766	43	23
1428	766	43	23
1428	766	43	23
1428	766	43	23
1428	766	43	23
1428	766	43	23
1428	766	43	23
1428	766	43	23
1428	766	43	23
1428	766	43	23
1428	766	43	23
1428	766	43	23
1428	766	43	23
