822	216	56	33
824	228	58	34
824	243	54	35
823	254	58	34
824	270	56	32
823	280	56	33
825	294	54	30
826	301	53	33
827	314	56	28
828	327	54	27
829	334	58	27
829	344	60	27
830	353	63	27
832	360	63	27
832	369	60	28
836	379	57	24
842	388	55	24
843	394	52	26
847	403	49	26
845	413	51	19
847	416	48	22
847	422	51	21
861	432	51	18
859	438	50	17
861	444	51	19
862	444	50	24
865	451	48	24
869	458	52	22
871	458	48	27
871	461	46	28
878	466	50	28
877	469	52	29
879	467	54	36
879	477	54	30
883	479	55	32
885	481	53	32
887	484	55	29
889	490	55	25
891	491	53	27
890	492	53	30
892	492	55	31
892	492	53	33
892	495	54	32
896	498	50	31
897	499	51	31
898	500	52	30
895	499	56	36
898	499	54	35
899	504	52	33
900	504	51	34
900	504	49	32
901	504	51	35
897	504	52	36
897	507	52	36
897	506	54	38
900	509	51	36
896	507	56	40
902	513	48	32
903	511	47	35
902	511	45	35
899	512	49	36
899	511	47	36
901	515	45	36
904	518	43	33
902	517	39	34
903	519	38	34
902	520	46	39
905	526	49	35
910	530	44	29
908	531	46	30
906	530	47	30
902	533	50	26
900	535	53	26
899	531	53	30
905	530	51	32
902	528	54	39
902	529	54	38
901	528	53	37
897	527	58	47
901	525	54	53
896	527	61	55
903	529	58	53
902	525	56	56
906	526	49	53
908	526	48	51
908	527	53	53
908	527	53	53
908	527	53	53
908	527	53	53
908	527	53	53
922	517	46	63
922	515	48	66
915	514	56	66
917	518	58	81
793	506	43	88
792	510	46	76
796	510	41	64
791	510	48	65
796	511	42	48
793	512	45	43
793	513	45	36
792	515	47	29
794	520	46	23
793	516	46	25
792	520	48	21
787	516	54	24
790	514	51	26
790	512	52	28
790	514	52	26
790	514	55	25
792	514	55	24
797	514	50	23
797	514	51	23
796	514	53	25
793	512	56	25
793	512	56	25
793	512	56	25
793	511	56	23
792	510	60	23
792	507	61	24
787	504	70	31
786	505	74	30
786	504	73	31
787	502	73	32
786	502	78	32
783	501	83	32
785	499	81	33
784	497	81	35
786	495	80	35
783	494	85	36
782	493	90	40
780	491	93	43
779	490	95	45
779	489	97	48
776	487	101	48
776	486	101	51
773	485	107	50
774	486	107	50
781	484	102	46
798	479	88	46
809	481	77	41
815	479	71	43
814	479	73	39
821	479	67	42
816	478	78	49
819	477	74	46
821	475	75	48
821	476	76	48
820	474	79	48
823	475	79	46
827	474	74	45
825	472	77	44
828	471	80	41
828	470	81	41
834	470	73	44
835	470	74	42
837	471	73	43
838	470	75	41
839	470	74	40
839	469	76	40
841	470	74	42
843	468	75	43
844	469	73	41
848	468	71	41
851	469	72	38
849	470	76	35
847	471	78	33
849	471	77	26
849	472	78	29
850	473	76	29
853	472	76	29
854	472	75	29
854	473	72	30
857	474	69	31
861	476	68	26
857	479	74	26
856	478	75	27
858	478	72	28
858	478	75	26
856	481	73	27
856	482	75	27
859	482	73	26
857	483	74	27
857	485	73	27
857	482	76	30
856	485	74	29
855	486	75	30
856	485	75	30
856	487	72	29
858	489	70	28
854	488	76	30
854	490	76	30
852	494	76	28
853	493	79	29
852	491	79	29
853	495	77	25
852	494	80	27
851	494	83	26
851	496	82	24
852	494	81	28
855	494	77	28
853	495	80	27
853	494	79	30
852	493	78	34
853	492	73	37
848	496	76	34
849	496	73	34
849	495	74	37
853	500	67	34
854	502	65	31
856	503	63	28
857	503	61	32
861	504	57	30
864	506	52	29
861	494	53	34
867	507	48	33
859	494	55	35
859	497	53	39
856	494	56	38
856	492	56	43
854	492	57	39
856	500	54	40
852	500	58	35
853	504	59	31
880	528	64	29
880	518	61	32
846	492	62	35
881	518	62	39
879	517	66	43
878	518	68	43
878	514	70	52
858	585	75	39
880	518	67	32
882	522	70	30
881	518	68	34
884	519	63	33
888	526	63	26
884	527	70	24
885	527	70	28
887	525	69	34
882	527	76	25
884	526	76	32
882	525	79	30
884	524	77	36
883	525	80	34
881	524	81	34
882	522	83	37
879	524	85	37
879	525	87	34
879	526	89	33
881	529	88	31
878	523	89	36
878	526	96	37
879	528	97	34
877	529	101	36
873	532	104	34
877	534	101	34
877	532	105	35
873	533	109	38
871	533	112	41
874	532	112	39
875	537	112	36
876	539	112	36
874	535	114	43
875	539	119	41
870	538	125	42
870	541	126	40
870	539	125	44
873	539	124	46
868	541	129	46
869	542	131	42
867	542	134	46
871	543	131	46
872	542	131	47
866	541	142	52
867	545	140	48
864	546	149	48
867	544	145	50
869	549	143	46
861	546	156	51
870	553	144	44
867	545	147	52
871	550	149	48
862	554	161	48
868	549	155	50
867	550	155	51
878	548	147	56
868	554	158	50
867	550	161	54
866	543	163	64
879	538	149	73
872	534	164	76
879	536	156	74
892	530	142	80
896	534	134	75
903	537	128	73
904	527	129	84
904	532	129	81
902	526	133	83
900	529	135	87
898	525	137	86
898	535	141	82
899	527	142	86
902	532	129	85
902	525	132	88
895	537	142	82
881	526	157	91
877	529	161	93
872	534	163	90
878	547	158	74
900	558	142	65
903	558	133	66
902	559	133	63
911	557	127	66
916	559	122	64
918	561	118	61
922	563	116	59
926	555	117	69
934	553	113	72
937	556	111	67
947	553	102	69
955	551	95	75
962	551	90	76
962	553	88	77
964	551	88	78
960	550	93	80
956	542	96	93
955	542	92	100
951	523	99	114
949	520	104	127
948	528	108	116
940	541	117	95
942	540	114	94
941	546	113	93
937	545	121	92
932	551	130	80
934	555	119	79
932	558	124	77
932	559	119	79
932	554	118	86
930	563	121	83
930	559	119	90
928	557	123	94
927	559	127	95
925	562	128	96
924	562	129	98
924	566	131	96
918	568	138	96
916	571	138	101
917	579	138	96
917	575	136	101
909	597	133	83
924	567	139	108
906	577	154	105
909	600	148	84
926	461	152	90
904	599	120	91
773	556	131	82
935	521	153	93
901	610	148	87
885	618	123	78
949	531	127	84
897	615	102	84
901	627	98	76
1022	548	94	76
900	640	95	58
896	647	106	55
895	643	107	59
896	646	113	59
890	649	115	53
891	660	104	42
892	658	90	47
894	657	86	45
892	658	85	43
895	654	82	48
889	666	85	36
887	664	89	40
885	666	90	39
886	667	84	37
886	668	78	34
885	668	82	35
886	663	83	37
882	666	78	33
880	666	84	35
879	665	92	35
878	663	86	36
880	665	83	35
878	664	84	35
878	665	86	32
877	665	86	34
876	663	84	36
878	665	84	35
875	662	79	37
873	664	76	33
871	665	70	29
866	663	71	35
865	663	71	35
863	661	73	37
861	660	77	38
856	659	84	41
854	658	85	39
853	660	88	35
848	659	93	37
844	658	95	38
841	661	94	36
842	643	97	46
840	650	96	45
835	645	102	50
839	631	98	61
831	632	106	65
823	637	111	62
820	628	109	71
823	627	115	67
816	629	121	66
809	627	123	69
803	625	130	73
804	625	119	74
802	623	119	75
796	621	123	87
795	623	123	80
795	622	122	77
787	617	130	83
787	620	128	84
782	624	129	87
783	615	127	89
782	607	116	97
948	560	118	96
781	603	105	102
783	602	98	102
782	603	99	103
777	602	102	105
776	602	106	107
778	598	105	111
775	597	110	115
774	595	110	128
759	594	122	126
759	588	121	146
739	590	138	126
729	592	151	140
739	603	130	126
732	598	142	132
736	617	133	114
857	423	119	91
863	420	118	84
864	420	122	91
741	620	120	102
739	616	120	110
734	618	128	122
898	562	122	129
1063	477	96	138
1062	492	102	124
1061	522	108	100
1068	536	97	78
1062	548	101	65
1058	550	106	61
1055	563	109	49
1045	569	122	44
1048	568	122	39
1042	570	124	40
1038	570	123	38
1041	569	115	41
1043	567	113	42
1037	568	120	46
1039	567	118	48
1040	564	117	53
1041	565	110	51
1044	565	107	50
1045	571	97	46
1049	563	89	55
1049	557	87	63
1049	565	79	58
1051	563	75	60
1052	559	73	63
1049	561	66	64
1052	556	65	69
1050	560	66	66
1049	557	65	74
1051	561	67	69
1049	570	57	60
1048	572	55	62
1045	566	61	72
1050	562	53	80
1048	565	51	81
1048	575	47	74
1048	579	44	70
1046	584	48	64
1046	585	46	64
1046	585	47	66
1043	587	48	63
1111	518	62	57
1028	594	59	58
1089	529	70	50
1087	530	78	50
1084	534	86	41
1026	606	67	45
1027	602	62	49
1038	602	53	47
1039	599	48	48
1044	600	43	49
1085	533	51	46
1040	598	46	50
1039	600	47	52
1034	597	53	52
953	540	64	48
940	536	77	58
811	444	87	67
800	450	92	59
793	458	99	53
794	463	105	51
793	462	100	48
789	467	100	47
790	462	97	50
789	471	90	43
813	581	88	34
808	583	93	35
804	582	100	36
801	582	102	37
798	580	103	38
797	582	103	37
792	581	108	38
788	580	110	37
785	580	112	37
786	584	100	29
781	583	104	31
778	583	108	37
772	581	108	38
765	578	115	43
762	576	118	41
767	580	112	38
762	580	115	38
760	580	113	40
761	580	111	41
761	583	106	38
762	582	104	38
757	583	105	38
759	582	100	40
757	584	100	39
756	580	95	44
756	581	92	43
755	584	86	40
751	583	88	42
750	583	87	42
747	585	85	40
745	584	82	41
745	583	79	44
743	579	77	48
740	584	76	43
738	587	73	39
737	590	68	38
735	593	67	33
734	592	62	35
734	592	67	36
732	595	65	34
731	593	62	37
731	594	62	36
730	592	62	40
730	592	61	42
725	591	66	39
724	592	64	38
722	591	68	41
723	591	67	40
725	597	61	32
720	598	64	33
716	595	67	35
718	598	65	35
709	597	71	36
710	598	71	35
710	599	70	33
708	599	70	34
707	596	69	34
704	599	79	32
705	597	80	33
704	600	81	32
704	602	81	32
702	602	84	31
701	601	86	32
702	604	81	32
703	602	79	35
705	599	79	39
705	599	79	40
703	600	79	41
703	597	79	46
702	594	86	48
702	595	77	49
702	597	65	49
702	602	57	44
702	601	57	45
700	609	42	39
701	612	38	36
702	611	37	38
700	617	39	34
700	618	37	34
701	619	34	34
697	622	36	35
694	622	36	35
696	620	38	37
693	622	38	39
694	624	39	38
694	625	38	39
694	627	39	38
692	628	39	37
689	629	43	40
692	631	41	42
692	632	42	36
689	632	44	40
721	671	49	43
717	671	51	45
670	706	50	50
762	761	56	39
762	761	56	39
762	761	56	39
762	761	56	39
762	761	56	39
762	761	56	39
762	761	56	39
762	761	56	39
762	761	56	39
762	761	56	39
762	761	56	39
691	689	62	32
614	704	64	32
623	709	57	26
626	632	57	28
627	708	54	26
627	712	52	21
626	715	51	16
629	716	47	17
627	714	49	19
629	714	43	20
625	712	47	26
627	708	45	30
624	707	50	31
623	706	49	30
619	706	47	32
628	709	41	39
623	704	36	37
657	684	44	36
674	720	47	44
630	692	37	48
626	689	38	53
630	690	35	52
629	691	35	51
631	688	29	50
635	683	29	45
631	689	30	49
631	688	31	43
628	686	26	37
627	687	27	33
625	686	32	25
624	685	28	31
626	680	35	31
627	684	43	27
627	683	44	27
624	680	51	33
627	680	64	39
623	680	66	41
620	679	64	43
622	679	60	40
622	678	62	42
622	678	61	45
620	677	61	47
619	674	60	46
620	676	63	45
616	675	67	46
614	675	63	44
615	674	63	44
611	667	68	50
610	671	67	45
613	671	62	41
612	671	66	43
610	672	69	43
607	670	72	42
606	671	76	39
604	671	77	39
602	670	79	40
606	669	69	40
599	661	64	43
606	665	63	39
597	668	70	33
594	662	74	39
593	661	76	37
595	659	76	40
596	657	75	41
594	654	77	45
591	658	83	38
588	658	89	35
586	657	90	35
586	655	91	37
593	654	88	36
588	653	93	36
587	653	97	36
590	653	97	35
592	652	96	35
592	650	99	37
591	649	103	36
593	649	105	39
591	648	102	40
594	648	105	40
593	647	109	40
594	644	105	45
593	643	109	44
594	643	109	40
590	643	111	37
592	642	113	45
594	643	108	44
591	642	106	45
593	642	103	42
593	641	103	36
595	640	85	37
595	641	79	37
589	650	80	38
588	645	77	48
595	639	75	36
594	641	73	42
595	641	79	34
592	636	85	38
592	637	87	34
593	633	84	35
669	709	69	30
671	708	63	32
675	709	56	32
672	709	60	32
673	708	59	34
672	698	65	45
671	693	59	52
671	691	61	58
668	687	57	61
669	692	52	58
669	691	47	56
669	692	52	58
666	694	47	55
665	692	45	57
662	689	46	62
663	691	45	56
663	692	44	46
660	693	45	45
659	695	48	48
656	694	46	46
658	696	53	49
654	691	50	49
654	693	48	51
651	693	45	56
653	692	44	57
653	692	46	56
654	693	44	57
651	691	44	58
651	690	48	59
641	692	57	55
638	690	59	56
635	687	60	58
637	685	59	57
643	683	54	63
609	720	64	50
606	720	73	42
602	722	82	32
592	723	81	32
591	721	95	37
589	719	89	43
585	721	90	40
583	720	86	34
571	722	94	31
570	723	88	32
568	725	85	30
566	725	79	30
558	724	90	32
558	724	82	34
557	726	75	32
555	723	71	35
556	721	65	37
552	724	66	38
547	727	69	33
542	728	73	36
541	733	70	32
540	732	67	35
532	732	72	35
529	731	74	37
528	724	81	45
523	730	74	45
521	730	70	45
514	726	76	48
514	726	76	48
514	732	74	43
513	732	77	42
516	731	77	43
512	731	70	45
511	730	65	44
500	730	66	43
503	721	67	55
502	719	53	61
495	725	55	56
511	717	54	58
500	722	51	57
498	721	56	57
497	718	58	59
481	724	66	56
481	725	73	52
482	725	73	53
492	722	59	52
477	728	64	48
486	727	57	46
487	723	63	48
481	727	55	49
487	725	54	44
488	723	56	46
486	721	53	49
486	718	53	51
486	711	51	56
490	709	47	57
487	712	49	55
487	709	50	55
489	710	52	56
490	710	56	57
490	707	56	56
491	706	53	59
492	706	57	62
492	703	52	61
490	700	49	63
492	699	36	56
493	698	28	61
493	699	26	57
494	696	25	52
495	696	24	50
496	697	24	50
499	693	22	52
498	692	27	50
499	695	24	45
499	693	28	48
500	695	27	48
499	695	29	47
501	694	27	49
503	692	28	47
503	692	30	44
505	694	32	46
507	691	31	48
507	691	33	50
509	692	31	47
509	691	32	47
510	692	31	49
513	688	29	51
514	690	31	51
515	688	29	53
516	688	31	51
519	686	29	50
520	687	29	48
519	685	28	41
518	686	32	39
520	686	30	39
518	685	31	36
519	684	33	35
521	684	32	33
520	683	31	32
518	682	32	33
517	682	35	32
520	680	34	34
514	677	43	37
516	679	41	36
519	679	39	34
515	675	43	37
515	676	43	36
518	675	41	36
518	673	39	40
519	673	39	38
519	674	36	39
517	672	32	37
517	672	34	38
516	672	37	41
515	671	35	39
517	670	37	40
515	669	37	43
516	670	38	41
517	670	38	42
516	667	38	45
514	666	37	43
517	667	36	45
516	665	30	52
516	665	28	56
517	662	28	56
516	662	28	59
514	656	33	63
515	656	33	62
514	659	36	57
516	654	42	62
515	656	44	61
514	653	46	65
515	651	45	65
516	656	45	59
510	659	50	58
512	655	54	61
509	654	59	64
511	652	61	63
505	651	72	69
505	646	77	71
506	648	75	69
510	648	72	68
509	650	75	69
504	650	84	68
497	648	93	69
508	650	83	64
500	650	91	70
501	646	94	75
501	647	89	78
506	643	87	84
504	647	90	83
512	643	81	69
509	644	88	69
506	643	92	70
518	641	80	70
525	637	73	72
532	639	71	62
533	636	65	67
536	633	62	69
541	627	60	71
534	627	66	74
542	630	57	69
553	623	49	72
555	624	46	72
557	623	42	74
568	622	31	68
554	722	30	59
555	721	22	59
558	718	20	66
556	717	22	68
550	717	26	72
552	718	26	75
548	717	31	71
548	717	31	73
544	718	33	71
544	718	30	74
543	717	31	73
542	718	27	71
541	712	26	74
540	707	27	83
540	712	27	78
540	709	31	83
538	708	30	81
536	709	28	80
534	708	31	79
535	709	31	79
531	709	33	80
524	705	39	81
525	705	38	84
523	705	40	84
518	704	43	79
510	702	51	77
560	840	49	69
556	845	53	68
545	844	62	73
545	845	63	69
542	846	66	72
534	839	74	80
498	699	71	68
500	702	75	62
498	700	61	70
495	697	58	71
492	694	60	71
494	696	62	74
494	693	57	72
490	692	55	71
478	687	63	72
489	695	64	72
476	684	68	75
474	685	69	77
478	686	71	80
472	684	72	74
472	684	74	80
473	685	71	77
473	681	65	76
477	684	64	73
475	685	62	71
475	687	55	66
476	686	48	67
475	684	48	69
470	686	46	61
539	647	41	65
648	699	48	52
642	692	49	62
645	696	61	61
641	691	70	74
638	687	79	87
634	687	90	88
625	684	100	91
621	684	104	94
615	680	104	97
615	681	99	98
612	684	98	96
609	683	99	98
610	685	96	98
608	683	95	98
608	680	91	106
610	676	82	112
612	677	81	108
608	675	84	114
610	673	76	117
608	672	74	109
611	655	86	111
604	660	72	112
601	660	61	103
602	665	52	95
598	662	52	102
599	651	46	111
595	658	48	105
591	652	51	110
588	649	50	110
581	647	58	111
576	643	57	113
569	640	64	118
570	636	63	116
570	634	63	124
570	632	62	126
569	623	62	134
566	618	63	134
564	620	62	132
565	620	57	125
562	612	57	133
562	613	57	131
561	612	55	128
558	611	52	120
559	611	45	123
556	606	43	123
551	605	41	127
549	604	44	117
549	606	47	111
546	607	48	111
544	603	50	115
539	597	54	123
538	596	56	125
534	595	61	123
527	590	59	119
529	586	58	123
530	583	54	127
527	579	47	126
523	573	45	120
519	576	49	113
519	573	49	109
513	575	53	104
514	575	54	100
511	575	54	104
508	575	60	98
507	579	58	93
617	684	46	103
617	683	41	102
613	687	45	95
606	679	47	93
606	767	45	84
605	767	44	77
601	765	48	83
594	760	51	98
596	759	51	104
591	757	54	112
587	751	57	127
587	748	56	144
582	741	60	148
578	728	56	149
571	732	55	142
570	732	54	144
