236	595	204	290
238	588	206	275
243	599	236	275
242	595	251	279
249	596	221	280
256	596	236	283
268	604	194	278
256	602	204	275
271	599	194	276
266	596	189	285
272	601	188	282
267	604	190	277
274	598	175	282
270	597	171	292
273	607	168	280
283	612	140	263
297	608	123	274
305	605	114	286
302	568	130	252
314	608	122	289
239	531	106	310
109	613	80	268
337	602	97	254
330	603	109	244
319	610	142	227
322	613	141	211
318	614	150	199
313	623	168	208
323	613	196	215
314	614	221	238
257	613	251	262
290	632	272	234
248	625	335	231
248	633	333	219
244	641	386	216
231	660	396	208
226	627	381	244
215	615	351	245
229	595	307	279
234	612	249	266
236	621	215	247
279	567	235	252
383	610	208	246
233	699	206	210
341	770	216	194
405	627	200	222
405	627	200	222
393	738	217	220
399	756	210	221
399	756	210	221
171	754	223	191
171	754	223	191
319	574	229	205
230	635	198	184
272	560	168	179
272	560	168	179
256	613	178	173
264	654	168	149
270	590	180	142
263	660	179	128
144	795	165	144
143	798	158	140
298	578	160	140
298	584	170	140
263	568	192	163
250	643	186	150
281	581	190	136
254	582	197	147
266	575	193	139
244	573	201	171
253	571	170	197
265	567	180	184
225	569	208	170
232	617	215	159
240	583	196	164
233	589	211	165
248	641	187	128
257	578	191	138
245	557	208	162
245	646	194	167
266	637	172	139
255	567	191	146
231	577	211	160
237	576	209	189
234	565	201	207
239	564	200	201
232	569	197	230
226	569	212	217
241	564	188	212
236	572	206	264
225	551	223	242
232	562	220	260
227	548	233	282
231	555	213	297
249	560	199	293
235	540	206	325
241	543	218	302
250	551	198	306
237	556	213	300
243	550	226	298
239	538	210	317
257	552	200	310
240	532	215	338
256	539	193	378
253	550	202	372
263	539	186	392
279	527	173	424
245	531	219	392
269	526	182	397
264	528	186	404
277	540	164	355
245	540	201	351
269	530	182	337
243	539	212	366
272	535	185	400
254	508	201	447
259	509	199	446
259	511	199	443
295	523	163	421
258	518	204	422
298	519	173	432
278	522	196	417
258	515	217	420
226	517	252	414
185	529	303	367
148	530	342	362
180	516	314	387
180	520	287	373
203	508	269	414
179	496	292	409
178	490	345	428
107	520	382	374
146	529	382	368
140	519	388	413
159	508	337	408
140	517	325	409
166	514	287	403
174	510	291	412
191	500	273	422
180	492	272	429
190	468	279	438
166	471	297	442
158	495	316	413
151	516	312	368
125	507	358	382
124	502	366	393
110	507	396	395
79	526	405	324
129	537	419	364
88	538	413	363
247	527	389	344
168	566	457	299
46	553	513	283
43	502	612	341
1001	381	634	279
74	530	689	328
1009	402	631	299
41	502	719	351
4	633	655	417
4	633	655	417
4	633	655	417
4	633	655	417
4	633	655	417
42	740	696	347
16	464	698	374
-5	486	657	401
-5	486	657	401
10	662	610	405
33	511	507	340
33	516	515	362
41	503	439	307
36	517	473	312
28	503	500	341
27	509	481	325
159	501	559	303
14	477	541	356
30	486	580	324
9	472	592	354
39	489	476	304
12	488	547	312
18	461	589	323
16	482	542	298
45	519	463	273
58	534	417	254
70	522	401	311
94	536	347	257
96	543	370	301
83	543	413	291
89	526	408	308
95	524	421	295
125	551	397	254
118	535	394	293
109	460	389	360
104	462	399	388
66	523	460	362
63	506	471	422
22	484	548	457
64	536	463	420
41	454	446	473
29	433	444	539
29	477	470	521
73	481	444	463
1	436	469	360
47	474	450	391
54	477	471	387
21	472	447	353
115	436	345	379
145	420	316	420
157	430	345	427
123	460	394	375
136	421	361	393
207	485	307	341
215	494	315	335
226	510	289	313
188	507	337	322
222	506	289	303
228	483	257	359
243	482	234	348
261	483	197	340
264	489	179	321
