0	346	48	21
0	347	48	20
1	347	46	19
-1	348	49	18
0	349	47	18
1	348	46	19
0	348	47	19
1	348	49	19
0	348	47	19
1	348	45	19
0	349	46	17
0	348	48	19
1	347	44	19
0	348	46	19
1	348	43	18
1	348	39	19
1	348	42	19
0	349	43	19
-1	350	41	18
0	351	39	17
0	352	40	18
0	352	37	18
1	351	34	17
1	352	30	17
2	352	30	15
0	352	32	16
2	353	30	17
-10	353	30	20
0	351	26	22
-6	350	28	25
-8	351	32	25
0	350	30	28
-1	351	27	28
0	351	28	27
0	349	26	27
0	351	24	24
0	351	23	20
0	350	25	22
2	349	23	21
0	349	26	23
1	346	27	25
4	346	25	25
1	342	30	28
2	341	30	30
2	340	29	30
3	339	30	32
1	337	32	30
3	336	36	30
2	334	34	30
0	334	32	27
3	334	30	27
3	333	28	27
6	333	24	28
5	332	27	28
4	332	27	27
3	330	29	27
3	330	30	28
3	331	32	30
2	331	36	32
2	331	35	28
3	332	34	27
3	332	35	27
2	332	39	29
3	332	39	27
2	333	39	28
5	334	34	24
5	333	35	24
5	333	36	23
6	332	38	25
6	332	37	26
9	333	36	25
10	334	36	24
11	334	36	25
11	333	36	27
13	333	37	31
14	333	36	32
12	332	43	34
13	331	43	29
13	334	42	22
15	335	42	28
12	334	46	28
16	333	43	30
10	336	50	30
8	342	54	27
5	344	60	28
4	346	63	30
8	346	60	30
9	340	60	35
6	349	61	31
12	350	58	30
15	352	55	27
16	353	52	27
16	354	51	29
21	352	46	29
23	356	43	26
27	358	37	22
24	359	38	20
25	361	39	19
24	363	39	17
24	362	40	19
23	362	42	21
23	363	41	21
24	364	45	23
22	364	46	25
20	365	49	28
21	366	51	34
22	366	52	39
22	368	54	42
21	370	54	35
21	372	53	36
22	373	54	35
24	373	53	34
24	373	55	33
24	373	56	36
24	373	56	29
22	369	59	33
21	372	63	34
23	372	60	30
24	373	64	33
23	361	57	40
22	364	62	41
25	355	55	47
25	355	61	54
25	352	60	56
24	350	57	53
24	348	60	51
22	348	64	56
24	345	63	58
24	343	66	57
25	343	65	66
23	341	65	64
24	339	63	66
26	335	64	69
25	335	63	66
28	333	60	70
30	330	60	76
30	329	60	78
30	332	63	78
29	313	63	91
26	300	68	105
27	298	65	105
26	297	68	100
27	297	69	93
26	293	72	103
26	298	70	93
26	296	70	95
29	293	65	95
26	295	71	93
28	292	67	91
20	293	78	94
19	294	79	89
18	293	80	87
21	293	78	85
25	288	74	90
19	293	82	85
17	288	84	91
19	289	83	88
20	289	83	87
19	289	87	88
19	286	89	93
22	286	81	88
18	286	87	89
21	283	82	87
21	284	80	87
17	282	84	83
18	279	87	83
21	282	83	81
15	281	95	79
18	281	92	79
20	282	91	79
21	279	90	78
18	284	94	71
20	280	94	77
21	280	93	73
20	279	96	74
22	280	95	74
18	279	96	72
24	280	93	71
22	278	94	73
22	279	95	71
23	282	94	67
22	283	98	66
23	281	96	67
22	283	100	66
20	283	104	65
18	282	105	68
18	282	109	71
22	282	107	69
23	285	107	68
20	287	108	60
21	288	106	62
26	286	106	63
28	288	101	63
27	286	104	63
30	284	102	64
32	283	101	64
34	285	101	60
35	283	98	63
33	283	100	64
30	282	111	62
22	285	103	61
38	281	108	58
38	280	111	60
40	282	110	59
41	284	111	57
43	279	114	63
42	282	118	59
42	283	113	58
47	280	104	61
49	284	108	58
51	279	110	63
49	281	109	60
50	279	119	62
52	280	106	62
53	283	105	62
55	283	122	62
52	282	126	65
51	285	136	64
51	276	126	69
55	295	129	47
56	279	117	61
57	293	125	47
55	300	122	35
34	304	115	29
38	306	98	39
55	307	87	36
52	308	76	29
55	310	71	26
59	309	63	27
61	309	57	29
65	312	55	24
62	311	56	25
63	312	57	25
63	312	58	24
64	314	59	25
67	314	54	24
68	314	54	26
66	315	55	25
68	317	55	25
68	318	53	24
68	318	53	26
68	319	55	25
68	320	52	22
66	322	54	24
65	322	54	24
67	323	54	24
68	323	51	24
69	324	48	24
68	323	48	25
67	324	46	25
64	327	49	24
64	326	51	24
70	327	43	23
65	326	48	25
69	325	45	26
72	325	44	28
74	327	37	26
80	326	32	26
80	327	31	28
82	325	29	29
83	326	28	28
79	325	31	29
82	325	30	28
80	325	31	28
81	324	32	28
80	326	34	29
79	325	34	29
82	325	30	28
83	325	31	27
84	325	32	27
81	325	36	27
79	321	39	34
79	318	41	37
85	320	40	35
84	320	43	34
85	320	43	37
85	317	43	41
86	316	42	40
88	316	40	41
87	314	39	42
88	313	40	43
88	311	44	45
89	309	44	47
90	308	42	48
89	307	42	46
89	307	43	50
90	302	43	45
91	304	40	35
93	302	38	34
92	302	40	32
94	300	35	35
94	301	33	35
94	297	35	39
94	293	34	42
91	293	33	35
127	327	37	31
126	328	33	32
128	328	33	31
129	327	30	32
128	332	26	28
128	338	24	24
129	337	25	24
128	339	24	21
129	341	24	21
129	340	24	20
128	341	26	20
128	342	27	22
132	343	30	20
131	343	29	20
133	342	26	20
133	342	31	20
133	344	35	21
133	343	35	22
131	342	36	22
130	342	37	24
130	342	39	23
131	342	39	23
133	341	37	21
133	342	38	21
133	341	41	21
133	342	41	24
133	341	41	20
135	340	41	19
133	340	43	19
134	339	42	20
134	339	43	20
137	339	41	18
138	337	46	19
136	337	48	19
136	337	48	19
137	336	46	19
140	336	46	19
139	337	47	18
142	335	45	19
141	336	46	17
145	335	45	21
144	334	46	23
148	334	43	20
148	335	43	19
148	335	44	18
145	334	47	19
142	335	50	18
148	334	46	21
151	334	42	22
158	334	42	23
158	335	42	20
158	336	44	19
160	337	44	17
162	336	47	20
161	337	47	19
161	338	47	19
163	339	45	18
163	340	45	22
161	341	49	24
164	340	48	26
158	340	55	32
164	341	49	29
160	342	53	35
160	343	53	32
166	343	50	31
164	344	52	32
161	347	55	35
160	347	58	39
160	348	60	43
162	350	60	41
167	349	58	39
167	352	59	36
166	353	61	39
167	354	67	35
167	355	59	34
181	355	51	29
184	356	49	25
181	359	53	24
182	360	52	24
188	361	47	23
191	363	46	25
193	363	46	26
193	364	46	26
196	365	44	23
200	367	41	22
201	368	43	25
201	365	44	30
202	365	47	31
205	365	47	34
205	365	47	35
205	368	47	32
209	370	46	31
210	373	46	29
213	373	43	30
213	376	42	29
214	377	45	29
213	382	49	30
212	381	50	31
213	384	51	29
213	383	51	31
215	386	54	30
215	391	54	28
214	390	55	29
216	392	55	25
217	395	54	24
219	397	52	25
214	395	56	26
215	395	58	28
217	395	58	32
217	396	56	31
214	397	59	33
214	398	63	30
215	400	64	33
204	455	60	26
225	406	57	30
212	406	69	29
210	406	74	28
210	409	77	31
211	408	75	32
210	414	78	29
207	414	84	30
203	412	77	27
203	412	77	27
203	412	77	27
203	412	77	27
203	412	77	27
220	433	71	25
232	431	60	30
252	359	53	31
249	361	54	31
252	361	53	33
255	364	48	31
255	364	48	31
256	368	49	29
258	369	47	29
256	371	47	26
259	373	47	26
254	374	49	22
256	375	49	23
251	376	54	23
251	376	54	23
251	376	54	23
251	381	55	25
251	381	55	25
264	386	52	32
264	386	52	32
256	386	59	34
256	386	59	34
266	391	56	27
266	391	54	27
273	392	48	25
279	393	42	24
281	395	42	21
280	396	42	21
280	398	44	19
285	400	43	18
290	401	41	19
293	402	38	16
295	403	35	15
298	402	32	17
303	404	32	18
305	403	28	20
307	405	28	19
308	405	29	20
311	406	29	18
310	407	29	18
311	410	31	16
311	411	33	14
309	409	34	15
313	413	33	13
313	414	31	13
317	413	32	12
321	414	30	13
323	414	30	14
324	414	27	15
327	416	27	16
326	416	31	15
325	417	35	15
327	418	38	16
327	418	37	15
332	420	32	18
332	420	31	18
334	419	31	18
335	424	31	16
338	425	29	16
340	424	27	16
340	425	27	17
341	426	27	16
342	427	25	17
343	427	25	18
346	428	21	15
351	431	17	13
352	428	16	14
352	429	17	15
353	429	16	13
353	429	16	13
359	430	14	13
361	430	11	11
359	428	12	13
360	427	13	16
360	427	13	16
359	427	16	16
359	426	16	17
359	426	16	18
359	426	16	18
359	426	16	18
360	403	21	18
360	403	21	18
360	403	21	18
360	403	21	18
360	403	21	18
360	403	21	18
360	403	21	18
360	403	21	18
360	403	21	18
360	403	21	18
360	403	21	18
360	403	21	18
360	403	21	18
360	403	21	18
360	403	21	18
360	403	21	18
391	434	17	16
409	430	19	13
410	432	22	12
408	433	24	12
404	432	27	15
403	434	29	14
402	435	31	16
400	436	32	13
401	436	35	17
398	436	39	18
398	440	36	18
398	440	36	18
397	442	35	17
397	443	35	18
395	445	31	16
396	446	28	18
397	445	28	18
396	446	29	21
394	449	29	23
395	449	30	25
395	451	32	25
393	453	30	26
393	451	30	25
385	458	30	30
384	455	37	28
383	461	33	31
382	457	39	36
381	455	36	37
383	454	39	38
383	454	39	38
378	455	38	36
383	456	34	36
381	457	34	36
379	459	36	36
378	460	37	34
377	460	38	35
380	459	35	37
377	462	38	37
379	462	37	38
380	460	37	40
380	461	37	39
383	461	33	40
384	462	33	38
385	460	32	43
385	460	32	41
385	458	33	42
385	457	33	42
383	456	34	47
383	454	33	45
383	453	34	47
384	453	34	45
382	449	35	51
380	447	37	54
384	446	32	53
381	443	34	56
384	440	33	59
380	438	35	61
383	434	34	62
380	434	37	64
380	432	35	66
381	431	35	65
376	437	33	59
372	440	36	56
371	446	35	51
373	447	32	48
370	452	37	47
365	448	37	44
366	449	37	44
369	451	31	41
365	448	35	43
366	454	31	50
358	448	35	55
355	445	35	58
