0	414	399	218
45	422	378	230
40	425	386	208
35	425	415	215
36	432	423	200
27	428	489	207
11	439	557	209
20	436	565	211
9	429	572	212
21	439	539	205
41	441	510	203
51	431	499	205
54	427	491	222
63	433	487	218
63	438	495	206
47	436	516	210
62	442	502	200
50	441	526	201
71	449	507	192
85	445	500	199
79	440	508	195
86	439	511	199
86	432	513	202
106	436	506	210
103	449	509	200
118	446	510	198
100	450	532	192
113	442	516	205
116	439	540	228
140	438	504	227
139	448	509	215
145	449	511	223
149	446	510	225
143	447	509	233
143	457	526	234
159	455	524	247
152	444	527	257
153	444	534	266
149	436	540	270
157	445	522	263
153	443	537	256
155	447	556	247
137	451	565	237
150	448	563	242
114	454	597	225
98	455	625	232
84	452	630	243
106	449	623	228
79	448	643	231
92	444	627	241
55	448	652	255
50	442	667	257
28	452	689	257
21	446	690	273
17	442	688	283
5	436	725	269
47	425	676	283
124	424	592	240
142	417	563	224
163	407	509	215
165	397	527	222
163	393	526	218
165	374	518	217
168	363	524	210
175	357	498	216
183	349	488	220
190	340	498	229
190	334	488	224
178	329	504	219
162	331	509	219
158	332	511	219
154	328	510	224
139	329	523	222
131	325	524	232
132	326	515	224
125	327	514	217
128	328	505	223
121	318	515	231
124	319	495	227
137	317	469	217
136	318	458	213
126	317	458	210
122	311	464	211
127	310	475	226
137	311	457	235
142	315	432	217
133	317	448	225
123	309	464	225
111	307	473	231
127	308	475	226
130	306	447	215
130	306	448	233
130	306	455	229
119	309	467	223
134	307	458	229
124	312	454	215
123	309	447	219
131	315	438	206
116	317	451	217
106	311	462	221
101	320	465	189
99	321	459	210
81	317	480	220
66	319	489	217
60	320	480	218
44	323	496	216
26	327	510	187
32	322	491	181
19	318	500	190
16	303	502	200
2	317	509	199
-5	312	521	192
-12	317	513	207
11	302	482	205
-11	309	479	210
-5	311	461	200
-10	316	452	199
-14	310	447	215
-11	309	451	209
2	302	411	225
-8	298	420	219
-10	295	424	212
-12	284	436	232
-13	285	427	225
-9	282	437	217
-11	278	432	215
-1	276	404	218
-19	274	426	208
-6	277	404	217
-14	279	415	209
-3	276	404	222
0	283	391	215
-4	291	378	208
10	286	388	225
1	279	398	229
-3	279	388	249
7	285	367	242
-1	303	377	229
-7	297	384	249
7	297	371	277
-4	293	377	314
22	294	388	329
6	303	383	353
6	306	387	352
2	304	419	353
-1	312	406	357
5	315	408	365
14	323	424	371
31	327	421	384
7	334	469	370
16	335	466	378
10	341	431	352
26	331	378	308
12	350	375	254
13	363	409	233
17	359	387	221
18	370	402	210
19	371	392	212
20	374	406	217
3	379	426	207
1	377	442	215
5	386	439	194
1	392	442	200
-5	393	446	189
-5	391	446	186
4	384	431	204
9	384	432	198
8	386	412	194
23	385	408	185
5	390	421	188
4	380	427	203
11	377	414	208
0	365	412	204
6	370	397	199
-2	367	415	186
-11	359	420	195
-1	356	406	203
0	359	378	204
-13	363	402	188
0	361	374	187
0	358	350	190
-3	362	356	205
-16	355	359	209
-8	360	372	224
-19	365	373	208
-14	365	363	218
-19	367	355	225
-28	371	364	224
-22	376	353	204
-17	382	342	213
-26	380	339	225
0	390	320	198
-5	394	321	222
5	405	300	206
-3	401	309	206
3	399	283	228
-10	412	280	190
-3	422	274	197
-11	421	272	189
-2	420	264	195
3	418	243	205
14	407	238	218
-4	404	246	213
0	393	233	213
-5	390	236	220
-9	390	241	209
1	389	227	197
-6	380	224	218
6	381	210	205
11	381	213	203
8	372	225	211
-1	378	237	200
-3	371	231	207
0	367	232	201
-3	362	233	204
-6	353	237	205
-1	348	257	210
1	341	265	210
7	335	278	214
7	328	299	226
5	323	310	224
11	309	311	225
9	313	330	224
9	302	336	240
12	292	350	235
2	290	374	235
23	279	351	248
24	272	353	260
19	266	390	265
12	259	423	271
0	255	442	284
-8	239	442	314
-11	238	479	305
-4	240	471	295
-5	252	486	293
7	250	503	309
1	254	515	288
27	259	505	288
8	264	538	285
7	273	558	304
24	290	549	299
0	293	581	319
25	314	556	303
0	323	602	277
19	324	623	277
14	336	623	315
28	369	602	297
24	362	639	304
31	361	657	328
36	411	622	284
45	416	629	303
33	426	641	297
49	443	628	286
71	462	621	272
77	462	606	282
112	479	559	269
111	487	572	269
129	503	561	274
157	524	518	246
157	537	507	255
131	532	547	255
172	540	509	246
173	546	503	259
166	561	513	256
173	565	500	231
164	570	529	228
157	565	529	231
128	573	575	221
128	573	561	224
117	569	584	242
122	572	568	216
131	578	542	220
132	580	574	222
126	574	603	218
123	570	599	228
147	567	562	228
153	568	562	239
157	571	564	226
152	559	555	237
152	563	551	235
160	562	550	241
165	554	537	238
162	559	532	229
153	565	544	228
160	558	540	238
158	563	544	227
169	560	515	211
177	565	500	218
178	568	502	220
173	566	507	220
168	564	506	224
162	558	504	227
153	563	517	223
164	568	504	216
165	567	497	216
157	568	506	211
174	563	490	225
174	564	497	215
150	560	518	211
172	566	500	216
177	557	484	226
170	565	480	219
174	564	476	230
183	556	468	241
193	554	437	239
192	559	437	235
205	560	411	246
218	562	400	245
223	557	390	236
238	554	377	228
249	563	371	215
254	564	356	214
265	563	344	222
243	566	369	219
249	563	361	229
241	565	370	244
237	570	380	239
216	567	395	240
209	570	408	212
222	567	397	221
216	571	403	219
225	563	383	206
229	567	386	187
202	568	421	200
196	570	434	176
170	561	448	199
178	562	442	193
211	553	401	199
234	559	374	180
227	549	383	198
215	545	392	193
210	543	395	190
191	542	424	195
188	532	433	198
189	527	439	203
181	526	445	199
183	521	448	200
191	519	442	195
195	513	438	197
196	504	437	215
199	501	447	209
211	495	433	226
225	498	407	204
233	493	397	197
231	487	402	212
217	486	430	220
235	484	402	223
247	484	383	223
242	480	394	232
254	482	390	232
255	488	389	216
266	485	376	232
271	493	374	220
272	498	371	221
276	499	366	224
275	503	371	226
285	502	368	221
282	513	359	224
292	500	361	226
289	505	346	213
277	501	357	228
288	499	350	240
279	500	367	231
284	496	349	225
278	499	357	237
277	493	341	230
277	493	349	228
288	501	332	227
300	495	315	234
326	499	283	232
316	505	298	235
324	506	283	236
309	498	296	245
296	496	307	246
291	501	301	237
287	499	308	248
276	500	313	245
268	502	329	242
259	502	326	242
249	500	332	250
242	501	336	258
235	496	332	274
220	496	340	258
208	501	347	249
221	495	310	243
212	498	295	244
218	496	317	249
199	497	329	237
187	498	347	242
180	497	358	259
167	493	380	245
142	498	398	236
141	497	395	233
101	488	442	264
72	476	473	252
49	475	488	261
51	473	483	259
47	476	492	253
47	471	494	266
49	469	498	254
43	476	505	251
27	472	504	258
52	466	469	227
43	462	460	247
27	466	463	237
27	453	458	256
12	454	462	257
21	455	461	242
-6	455	470	246
3	450	453	246
29	456	421	234
9	456	441	210
-3	461	443	215
-17	460	461	212
-7	452	434	224
-14	445	417	233
11	428	371	241
1	426	359	231
-14	425	353	226
-13	419	355	224
-12	419	335	235
-15	423	344	216
-16	416	343	217
0	425	323	206
-1	424	315	216
0	412	284	222
-6	417	293	209
-13	401	275	202
-16	397	263	204
-13	398	237	213
2	388	208	218
4	399	191	207
-2	397	192	230
-7	404	187	213
-10	410	191	210
-8	410	184	212
-12	410	190	209
-14	429	191	197
-6	430	179	193
-5	427	170	203
-10	422	161	215
-4	415	141	246
-8	403	110	220
-5	415	106	213
-3	430	100	218
0	431	106	239
0	435	112	237
6	448	105	265
8	436	110	277
8	423	96	293
1	413	94	307
5	405	91	321
1	397	88	327
0	409	70	310
4	410	85	324
-3	412	64	315
0	427	64	309
3	456	58	291
2	456	57	296
3	492	55	287
0	492	58	281
3	509	47	260
-2	517	58	253
2	533	56	234
2	533	56	234
2	533	56	234
2	533	56	234
2	533	56	234
2	533	56	234
2	533	56	234
12	314	77	229
12	314	77	229
12	314	77	229
12	314	77	229
12	314	77	229
12	314	77	229
12	314	77	229
12	314	77	229
12	314	77	229
12	314	77	229
12	314	77	229
12	314	77	229
12	314	77	229
12	314	77	229
12	314	77	229
12	314	77	229
271	592	94	230
271	592	94	230
271	592	94	230
271	592	94	230
271	592	94	230
271	592	94	230
271	592	94	230
271	592	94	230
271	592	94	230
-14	868	94	231
-1	912	67	205
-18	923	59	189
-5	926	40	190
-1	931	40	201
0	942	47	193
0	946	56	182
-2	960	60	162
-2	970	60	157
1	977	51	130
0	986	57	112
0	996	54	100
0	994	46	109
