0	952	196	61
7	952	199	62
13	953	216	63
6	956	240	63
9	959	251	58
6	961	268	59
12	960	279	58
0	950	296	67
0	950	296	67
0	950	296	67
0	950	296	67
0	950	296	67
0	950	296	67
0	950	296	67
0	950	296	67
0	950	296	67
0	950	296	67
0	950	296	67
0	950	296	67
0	950	296	67
0	950	296	67
0	950	296	67
0	950	296	67
0	950	296	67
0	950	296	67
0	950	296	67
0	950	296	67
0	950	296	67
0	950	296	67
0	950	296	67
0	950	296	67
0	950	296	67
0	950	296	67
0	950	296	67
-16	932	268	81
-16	932	268	81
-16	932	268	81
-16	932	268	81
-16	932	268	81
-16	932	268	81
-16	932	268	81
-16	932	268	81
-16	932	268	81
-16	932	268	81
-16	932	268	81
-16	932	268	81
-16	932	268	81
-16	932	268	81
-16	932	268	81
-16	932	268	81
-16	932	268	81
-16	932	268	81
-16	932	268	81
-16	932	268	81
-16	932	268	81
-16	932	268	81
-8	929	240	78
0	929	229	66
0	929	229	66
4	936	211	79
4	935	214	79
2	932	214	71
3	929	212	61
0	960	213	51
1	969	203	48
2	968	204	39
1	973	211	44
4	966	205	49
4	974	205	45
0	972	212	45
1	965	208	49
0	969	212	46
-2	963	218	59
1	957	216	53
1	960	209	59
4	937	205	80
18	934	191	83
2	938	210	65
0	942	216	53
1	945	204	65
8	942	196	67
5	942	193	64
13	939	190	65
6	938	191	68
0	931	186	83
10	936	191	73
11	961	196	52
5	966	201	50
6	969	197	46
0	964	207	47
0	964	208	55
8	953	198	61
7	951	197	66
4	962	187	54
1	966	204	49
3	962	209	51
3	969	201	46
2	966	201	49
2	970	206	49
7	963	202	53
2	966	209	51
1	968	210	49
1	961	209	61
-3	971	217	41
-1	963	209	50
0	958	213	56
-2	967	214	52
0	964	209	55
0	969	207	45
7	957	195	51
6	963	201	58
4	975	196	39
3	973	202	48
3	970	205	48
1	974	208	45
0	969	210	47
2	975	206	44
0	969	212	49
0	967	213	47
0	973	211	43
0	969	205	44
-2	972	206	49
0	965	202	47
-1	971	211	46
0	965	210	51
0	970	201	44
0	973	200	43
2	967	205	46
4	965	207	55
2	972	205	40
3	963	205	52
0	971	210	44
7	965	198	53
9	971	197	46
6	966	201	48
8	974	194	42
6	966	199	53
5	963	197	53
6	960	211	45
3	961	209	51
2	965	210	46
-1	955	232	55
0	965	214	52
3	965	211	52
5	967	201	46
0	969	210	40
0	970	205	44
2	963	202	47
0	964	213	47
-1	968	212	47
4	960	208	59
5	960	212	54
6	938	221	72
8	933	220	64
3	948	213	67
6	946	208	67
8	927	220	85
8	922	214	86
3	934	231	59
4	933	226	79
6	931	222	80
3	928	227	64
0	946	233	66
-1	930	225	72
1	925	211	72
10	959	206	56
5	945	207	65
13	949	201	61
22	932	190	73
15	931	192	65
17	955	197	56
10	964	207	54
10	967	204	49
6	973	207	41
4	971	214	42
2	969	213	45
-4	967	218	45
5	973	205	38
6	967	204	48
15	972	199	40
6	966	205	48
1	967	212	47
6	967	204	47
5	965	206	52
10	963	203	55
20	975	193	39
20	968	193	50
6	966	201	50
5	972	200	42
4	967	199	46
8	967	198	49
5	966	201	49
5	972	202	41
1	965	206	48
9	971	200	42
6	968	201	46
15	969	202	47
5	975	211	41
14	967	198	49
20	973	187	41
27	968	181	43
38	964	171	54
39	969	168	49
44	965	157	51
45	965	146	52
45	968	151	50
45	968	152	45
46	967	148	51
47	966	138	45
50	966	127	50
49	967	126	50
46	965	138	53
42	966	151	54
45	965	143	47
47	975	150	42
44	969	156	47
39	966	161	49
39	963	160	55
40	962	157	57
24	961	139	57
45	963	131	49
53	972	120	42
51	968	115	50
58	964	103	54
55	965	104	52
57	965	103	52
53	969	101	48
55	976	100	43
50	982	91	36
86	972	99	49
78	974	105	43
68	969	110	50
50	976	117	43
51	980	125	35
51	987	124	27
46	989	120	25
81	989	121	27
57	975	127	39
45	970	135	46
44	969	130	48
49	968	121	48
44	969	133	51
48	971	145	44
59	987	139	28
55	984	129	29
41	985	136	31
53	984	134	30
50	986	135	30
47	989	134	26
49	988	144	27
43	989	150	26
41	986	160	30
33	985	163	30
40	980	158	35
41	977	161	42
41	972	155	45
52	971	149	45
44	981	150	37
42	983	156	32
44	986	156	30
43	985	153	32
44	985	146	31
45	987	150	29
43	989	149	27
43	990	152	26
45	987	148	30
39	989	144	28
43	991	137	26
54	988	146	29
45	989	146	27
45	990	144	27
57	988	145	25
54	982	139	34
52	987	151	27
46	985	157	31
46	987	158	28
46	986	162	30
33	985	173	32
30	980	168	36
42	967	166	48
43	966	159	53
48	968	148	45
44	967	153	50
51	978	138	35
52	984	139	33
47	986	140	27
50	989	138	24
43	990	136	25
49	991	128	25
54	993	117	21
64	991	114	24
55	992	107	22
67	989	114	26
55	992	110	23
55	992	106	25
56	994	106	22
68	993	107	20
80	992	109	25
56	992	108	25
54	990	120	26
57	991	129	24
55	991	129	25
54	990	129	24
51	991	128	25
54	991	134	27
50	992	135	26
54	988	132	30
49	990	138	25
50	990	141	26
50	990	138	26
47	988	141	28
45	991	131	23
47	991	133	24
44	990	131	24
47	990	121	23
46	989	107	25
47	988	106	28
49	989	117	25
49	990	106	24
68	982	114	31
48	989	103	27
49	991	107	23
67	988	111	28
48	989	107	27
70	992	114	24
44	987	114	29
48	991	117	23
58	992	120	21
64	992	118	23
42	989	113	25
49	992	115	21
