498	415	167	191
500	412	143	179
496	408	147	173
492	400	137	182
488	399	134	175
483	399	129	175
475	393	126	183
472	388	107	188
470	381	103	181
456	394	126	180
458	374	113	199
453	370	118	207
450	365	120	207
446	359	121	206
440	354	125	214
433	357	134	211
429	357	128	211
429	356	131	223
428	350	123	226
427	360	143	217
431	361	128	218
426	367	125	214
428	361	119	219
426	353	110	224
427	343	115	238
427	339	118	251
425	337	125	257
425	337	133	260
433	338	126	263
423	333	144	276
417	329	157	280
415	336	162	259
423	332	161	267
426	326	157	269
426	336	168	265
428	323	172	288
436	322	163	276
439	318	162	273
432	321	170	264
439	316	168	265
439	314	177	270
444	316	173	272
444	315	183	267
450	311	176	274
446	300	172	287
443	304	169	288
446	294	165	291
441	302	182	280
435	305	199	286
435	298	182	282
430	291	179	297
424	296	191	278
420	287	184	298
420	293	182	293
424	294	174	284
433	294	162	286
424	284	173	304
437	296	166	280
437	301	159	283
439	288	151	292
433	290	155	293
424	289	167	288
425	291	151	278
426	293	159	269
424	302	160	263
420	299	156	266
418	298	155	281
414	283	160	296
404	299	177	301
397	292	177	306
373	298	211	328
366	305	219	331
348	312	228	309
343	330	243	308
333	315	267	336
305	324	297	313
291	323	340	331
281	314	339	331
271	333	367	303
271	333	367	303
271	333	367	303
243	338	397	306
254	346	386	307
235	354	418	289
228	327	433	342
228	340	443	329
243	364	444	293
251	368	435	299
260	359	427	322
251	346	448	330
266	363	439	319
286	384	435	287
308	386	420	290
338	399	390	279
357	396	368	286
369	409	365	279
378	398	363	286
383	414	374	270
393	410	370	270
400	414	370	265
438	411	338	264
449	424	339	244
458	412	332	272
475	421	324	250
496	422	321	262
516	434	285	223
528	430	292	237
550	429	286	236
561	430	284	229
571	438	281	216
576	436	282	212
583	439	293	197
586	444	307	191
604	446	291	191
614	441	294	196
626	439	292	200
651	433	283	201
676	434	274	193
704	420	255	201
716	419	261	206
723	416	271	206
739	404	268	204
740	402	289	214
752	396	270	212
775	388	264	219
781	384	266	228
785	385	269	221
787	376	275	229
797	374	265	234
814	365	244	236
819	359	243	225
819	354	238	223
834	355	226	213
847	348	217	211
873	343	188	213
874	336	188	229
864	333	204	232
867	323	203	233
842	315	207	223
857	316	205	213
858	312	202	212
857	311	208	216
853	309	200	205
861	308	186	205
859	295	192	214
879	290	206	241
870	286	206	256
887	277	187	273
903	273	158	273
882	269	180	272
893	260	160	278
898	258	146	281
889	272	153	265
885	276	145	253
874	277	151	254
867	272	151	258
859	247	158	278
853	260	158	264
846	242	150	283
844	256	157	264
831	236	171	279
830	222	170	304
825	213	158	314
822	213	157	301
817	219	185	288
808	212	188	296
806	216	169	298
803	213	153	303
804	202	137	310
800	211	120	287
793	214	137	303
789	216	142	303
781	220	146	315
771	225	138	297
769	229	144	309
775	228	118	306
766	236	133	307
766	242	133	287
758	246	136	294
750	244	146	317
750	250	137	293
742	246	125	288
752	263	114	261
744	260	118	264
754	269	114	263
751	283	118	263
754	289	117	253
747	290	129	262
754	284	126	284
748	270	132	307
743	261	140	328
741	275	138	300
733	276	146	308
730	275	134	324
724	274	135	321
715	269	142	340
707	279	140	321
704	277	148	326
696	281	149	325
689	279	160	322
681	277	155	325
672	281	141	332
664	279	155	332
652	281	159	327
639	288	168	321
630	292	180	307
622	280	184	313
612	271	184	319
603	270	194	321
594	278	205	302
583	272	216	313
579	272	210	304
570	261	224	329
562	269	232	314
550	260	243	322
545	255	234	316
527	240	257	354
507	267	261	300
488	264	248	325
475	262	276	338
449	276	316	307
443	305	315	276
433	322	338	263
422	317	342	259
424	302	369	285
417	326	359	268
402	312	419	285
403	295	373	292
395	317	362	273
395	332	371	264
421	327	350	280
415	326	355	302
408	345	362	282
404	346	363	297
397	361	394	303
405	364	395	307
404	392	396	256
416	402	319	262
420	406	310	251
430	433	325	244
429	440	321	247
426	445	297	256
428	447	244	284
427	454	220	267
439	463	172	265
439	465	139	262
439	465	139	262
439	465	139	262
439	465	139	262
439	465	139	262
439	465	139	262
439	465	139	262
439	465	139	262
439	465	139	262
439	465	139	262
428	497	168	275
426	499	169	268
419	502	189	263
416	502	192	241
403	511	207	247
390	505	234	250
428	512	193	245
419	511	214	254
377	522	248	235
360	510	261	256
367	517	276	246
387	521	273	238
410	501	259	261
434	494	222	266
439	493	223	262
443	498	226	244
443	488	231	259
445	497	234	245
467	489	222	232
468	488	232	249
491	488	221	202
506	488	203	200
515	482	204	187
531	484	203	177
546	483	194	173
553	477	201	172
565	480	203	168
559	474	220	178
574	467	220	182
567	471	236	182
586	471	222	181
592	466	220	172
609	470	203	158
611	466	207	161
625	466	204	151
644	464	190	158
640	461	205	165
658	461	194	153
660	466	202	148
667	463	206	151
684	462	197	148
688	464	199	151
697	466	199	140
700	460	205	157
706	463	207	153
718	462	204	155
728	460	199	156
726	460	205	156
739	462	204	163
743	460	203	162
750	461	199	160
754	464	203	166
761	460	199	174
763	461	208	171
767	464	202	158
769	465	209	156
774	467	201	153
775	467	207	159
765	466	225	164
776	472	210	151
786	475	206	145
779	474	222	151
782	475	215	143
802	476	199	142
803	478	203	144
813	478	183	141
826	480	165	154
818	473	182	164
832	473	158	160
846	475	147	152
852	474	148	159
851	476	139	158
854	476	140	144
871	478	151	130
879	476	155	124
884	474	165	123
891	473	157	122
894	472	159	110
898	477	163	116
904	473	167	106
910	476	164	88
910	474	176	91
919	477	171	86
933	472	161	111
936	465	156	106
945	473	148	106
966	471	128	124
974	467	118	104
980	474	106	81
977	476	124	77
981	480	123	69
989	484	118	50
992	486	115	63
1000	488	100	55
1000	488	100	55
1000	488	100	55
1017	482	92	48
1017	482	92	48
1017	482	92	48
1017	482	92	48
1017	482	92	48
1017	482	92	48
1017	482	92	48
1017	482	92	48
1017	482	92	48
1017	482	92	48
1017	482	92	48
1017	482	92	48
1017	482	92	48
1017	482	92	48
1017	482	92	48
1017	482	92	48
1017	482	92	48
1017	482	92	48
1017	482	92	48
1017	482	92	48
1017	482	92	48
1017	482	92	48
1017	482	92	48
1017	482	92	48
1017	482	92	48
1017	482	92	48
1017	482	92	48
1017	482	92	48
1017	482	92	48
1017	482	92	48
1017	482	92	48
1017	482	92	48
1017	482	92	48
1017	482	92	48
1017	482	92	48
1017	482	92	48
1017	482	92	48
1017	482	92	48
1017	482	92	48
1017	482	92	48
1017	482	92	48
1017	482	92	48
1017	482	92	48
1017	482	92	48
1017	482	92	48
1017	482	92	48
1017	482	92	48
1017	482	92	48
1017	482	92	48
1017	482	92	48
1017	482	92	48
1017	482	92	48
1017	482	92	48
1017	482	92	48
1017	482	92	48
1017	482	92	48
1017	482	92	48
1017	482	92	48
1017	482	92	48
1017	482	92	48
1017	482	92	48
1017	482	92	48
1017	482	92	48
1017	482	92	48
1017	482	92	48
1017	482	92	48
1017	482	92	48
1017	482	92	48
1017	482	92	48
1017	482	92	48
1017	482	92	48
1017	482	92	48
1017	482	92	48
1017	482	92	48
1017	482	92	48
1017	482	92	48
1017	482	92	48
1017	482	92	48
1017	482	92	48
1017	482	92	48
1017	482	92	48
1017	482	92	48
1017	482	92	48
1017	482	92	48
1017	482	92	48
1017	482	92	48
1017	482	92	48
1017	482	92	48
1017	482	92	48
1017	482	92	48
1017	482	92	48
1017	482	92	48
1017	482	92	48
1017	482	92	48
1017	482	92	48
1017	482	92	48
