769	434	31	41
770	435	28	38
770	432	26	42
770	432	24	42
773	429	21	43
774	426	19	45
775	425	19	42
775	423	15	42
776	422	15	44
776	418	13	44
777	419	13	43
777	419	13	43
777	419	13	43
777	419	13	43
777	419	13	43
777	419	13	43
777	419	13	43
777	419	13	43
777	419	13	43
777	419	13	43
777	419	13	43
777	419	13	43
777	419	13	43
777	419	13	43
777	419	13	43
777	419	13	43
777	419	13	43
819	460	17	47
819	460	17	47
819	460	17	47
819	460	17	47
819	460	17	47
819	460	17	47
819	460	17	47
819	460	17	47
819	460	17	47
819	460	17	47
819	460	17	47
819	460	17	47
819	460	17	47
819	460	17	47
819	460	17	47
819	460	17	47
819	460	17	47
819	460	17	47
819	460	17	47
819	460	17	47
819	460	17	47
819	460	17	47
819	460	17	47
819	460	17	47
819	460	17	47
819	460	17	47
819	460	17	47
819	460	17	47
819	460	17	47
819	460	17	47
819	460	17	47
819	460	17	47
819	460	17	47
819	460	17	47
819	460	17	47
819	460	17	47
819	460	17	47
819	460	17	47
819	460	17	47
819	460	17	47
819	460	17	47
819	460	17	47
819	460	17	47
819	460	17	47
819	460	17	47
819	460	17	47
819	460	17	47
819	460	17	47
819	460	17	47
819	460	17	47
819	460	17	47
819	460	17	47
819	460	17	47
819	460	17	47
819	460	17	47
819	460	17	47
819	460	17	47
819	460	17	47
819	460	17	47
819	460	17	47
819	460	17	47
819	460	17	47
819	460	17	47
819	460	17	47
819	460	17	47
819	460	17	47
819	460	17	47
819	460	17	47
819	460	17	47
819	460	17	47
819	460	17	47
819	460	17	47
819	460	17	47
819	460	17	47
819	460	17	47
819	460	17	47
819	460	17	47
819	460	17	47
819	460	17	47
819	460	17	47
819	460	17	47
819	460	17	47
819	460	17	47
819	460	17	47
819	460	17	47
819	460	17	47
819	460	17	47
819	460	17	47
819	460	17	47
819	460	17	47
819	460	17	47
819	460	17	47
819	460	17	47
819	460	17	47
819	460	17	47
819	460	17	47
819	460	17	47
819	460	17	47
819	460	17	47
819	460	17	47
819	460	17	47
819	460	17	47
819	460	17	47
819	460	17	47
819	460	17	47
819	460	17	47
819	460	17	47
819	460	17	47
819	460	17	47
819	460	17	47
819	460	17	47
819	460	17	47
819	460	17	47
819	460	17	47
819	460	17	47
819	460	17	47
819	460	17	47
819	460	17	47
819	460	17	47
819	460	17	47
819	460	17	47
819	460	17	47
819	460	17	47
819	460	17	47
819	460	17	47
819	460	17	47
819	460	17	47
819	460	17	47
819	460	17	47
819	460	17	47
819	460	17	47
819	460	17	47
819	460	17	47
819	460	17	47
819	460	17	47
819	460	17	47
819	460	17	47
819	460	17	47
819	460	17	47
819	460	17	47
819	460	17	47
819	460	17	47
819	460	17	47
819	460	17	47
819	460	17	47
819	460	17	47
819	460	17	47
819	460	17	47
819	460	17	47
819	460	17	47
819	460	17	47
819	460	17	47
819	460	17	47
819	460	17	47
819	460	17	47
819	460	17	47
819	460	17	47
819	460	17	47
819	460	17	47
819	460	17	47
819	460	17	47
819	460	17	47
828	444	21	43
828	444	21	43
828	444	21	43
828	444	21	43
828	444	21	43
828	444	21	43
828	444	21	43
828	444	21	43
828	444	21	43
828	444	21	43
828	444	21	43
828	444	21	43
828	444	21	43
828	444	21	43
828	444	21	43
828	444	21	43
828	444	21	43
828	444	21	43
828	444	21	43
828	444	21	43
828	444	21	43
828	444	21	43
828	444	21	43
828	444	21	43
828	444	21	43
828	444	21	43
828	444	21	43
828	444	21	43
828	444	21	43
828	444	21	43
828	444	21	43
828	444	21	43
828	444	21	43
828	444	21	43
828	444	21	43
828	444	21	43
828	444	21	43
828	444	21	43
828	444	21	43
828	444	21	43
828	444	21	43
828	444	21	43
828	444	21	43
828	444	21	43
828	444	21	43
828	444	21	43
828	444	21	43
828	444	21	43
828	444	21	43
828	444	21	43
828	444	21	43
828	444	21	43
828	444	21	43
828	444	21	43
828	444	21	43
828	444	21	43
828	444	21	43
828	444	21	43
828	444	21	43
828	444	21	43
828	444	21	43
828	444	21	43
828	444	21	43
828	444	21	43
828	444	21	43
828	444	21	43
828	444	21	43
828	444	21	43
828	444	21	43
828	444	21	43
828	444	21	43
828	444	21	43
828	444	21	43
828	444	21	43
828	444	21	43
828	444	21	43
828	444	21	43
828	444	21	43
828	444	21	43
828	444	21	43
828	444	21	43
828	444	21	43
828	444	21	43
828	444	21	43
828	444	21	43
828	444	21	43
828	444	21	43
828	444	21	43
828	444	21	43
828	444	21	43
828	444	21	43
828	444	21	43
828	444	21	43
828	444	21	43
828	444	21	43
828	444	21	43
828	444	21	43
828	444	21	43
828	444	21	43
828	444	21	43
828	444	21	43
828	444	21	43
828	444	21	43
828	444	21	43
828	444	21	43
828	444	21	43
828	444	21	43
828	444	21	43
828	444	21	43
828	444	21	43
828	444	21	43
828	444	21	43
828	444	21	43
828	444	21	43
828	444	21	43
828	444	21	43
828	444	21	43
828	444	21	43
828	444	21	43
828	444	21	43
828	444	21	43
828	444	21	43
828	444	21	43
828	444	21	43
828	444	21	43
828	444	21	43
828	444	21	43
828	444	21	43
828	444	21	43
828	444	21	43
828	444	21	43
828	444	21	43
828	444	21	43
828	444	21	43
828	444	21	43
828	444	21	43
828	444	21	43
828	444	21	43
828	444	21	43
828	444	21	43
828	444	21	43
828	444	21	43
828	444	21	43
828	444	21	43
828	444	21	43
828	444	21	43
828	444	21	43
828	444	21	43
828	444	21	43
828	444	21	43
828	444	21	43
828	444	21	43
828	444	21	43
828	444	21	43
828	444	21	43
828	444	21	43
828	444	21	43
828	444	21	43
828	444	21	43
828	444	21	43
828	444	21	43
828	444	21	43
828	444	21	43
828	444	21	43
828	444	21	43
828	444	21	43
828	444	21	43
828	444	21	43
828	444	21	43
828	444	21	43
828	444	21	43
828	444	21	43
828	444	21	43
828	444	21	43
828	444	21	43
828	444	21	43
828	444	21	43
828	444	21	43
828	444	21	43
828	444	21	43
828	444	21	43
828	444	21	43
828	444	21	43
828	444	21	43
828	444	21	43
828	444	21	43
828	444	21	43
828	444	21	43
828	444	21	43
828	444	21	43
828	444	21	43
894	485	24	39
900	486	31	35
892	485	39	37
886	489	41	35
879	495	45	27
877	495	47	26
870	497	48	30
865	501	48	32
858	503	44	38
856	504	44	38
849	507	53	35
844	511	56	31
838	514	47	34
839	517	42	35
834	520	44	38
829	522	44	39
822	527	49	36
822	527	49	36
822	527	49	36
822	527	49	36
801	545	49	38
801	550	45	37
796	553	45	37
792	559	42	38
787	563	44	36
778	567	50	39
774	569	53	40
771	573	47	38
771	577	44	34
765	580	46	33
763	587	48	30
752	588	56	35
749	589	53	39
743	592	58	35
744	593	51	35
740	597	48	35
739	605	48	29
738	607	47	32
736	610	45	28
728	612	47	30
722	614	46	31
724	617	41	34
722	617	36	34
720	620	36	34
720	623	34	30
719	622	33	31
716	624	34	33
713	625	33	36
712	628	32	36
705	631	35	36
702	633	39	36
700	636	37	35
694	639	38	36
692	645	39	33
690	648	41	36
685	654	38	33
679	654	41	34
676	659	40	35
674	661	41	36
672	664	37	40
668	670	37	33
666	670	37	32
664	672	35	33
661	674	34	32
661	676	34	30
660	677	30	31
661	679	32	33
657	681	26	31
657	682	21	29
656	681	18	31
655	680	16	32
655	679	11	32
654	679	12	29
653	679	11	27
654	680	10	27
651	679	13	25
650	679	13	26
650	677	13	28
648	675	13	32
648	673	15	35
647	671	15	38
647	671	13	36
647	670	11	37
647	670	10	37
645	667	11	39
646	666	11	39
645	667	12	39
644	666	12	35
642	663	11	34
642	663	11	34
641	664	10	33
640	662	10	31
639	662	11	29
639	663	10	29
639	663	10	28
637	662	10	30
636	660	10	28
636	660	10	27
633	662	11	28
632	660	13	28
630	662	11	27
630	659	13	29
629	660	16	29
625	662	17	28
621	662	19	29
621	662	19	28
620	663	21	28
616	665	19	25
613	666	19	28
613	665	19	29
612	665	18	31
608	671	18	31
606	672	18	30
606	672	20	30
604	673	18	28
600	678	23	27
597	679	21	27
598	680	20	27
596	679	18	27
594	681	20	27
590	686	20	28
590	686	18	29
589	687	21	29
589	688	20	30
586	689	18	29
585	693	16	28
583	694	17	28
583	695	19	27
582	697	16	26
583	697	14	29
582	700	13	27
580	699	12	28
581	700	11	30
579	699	12	32
577	700	14	32
575	698	17	36
575	698	17	36
575	698	18	40
575	701	19	38
575	700	20	38
574	704	19	38
574	703	19	39
574	703	20	39
573	705	20	39
573	708	21	35
573	708	21	35
572	708	23	35
571	707	23	36
573	710	22	35
574	711	22	32
571	710	25	33
573	710	22	33
573	709	21	33
574	710	20	32
574	710	22	32
573	711	22	33
572	711	22	32
573	711	21	32
571	711	23	30
567	710	25	32
569	711	23	31
568	713	23	30
568	718	22	26
570	717	16	24
572	721	14	21
573	721	13	21
570	723	14	18
569	721	16	20
568	722	13	21
570	725	11	19
570	724	7	21
568	728	7	19
566	730	9	22
567	729	9	23
567	729	9	23
567	729	9	23
563	735	8	21
563	735	8	18
562	738	9	17
560	738	9	18
559	740	9	18
559	740	10	22
559	738	11	23
559	740	11	23
558	740	12	26
558	738	13	27
557	739	13	23
555	737	16	21
551	736	21	23
551	735	23	26
548	734	26	28
547	733	27	29
547	730	28	32
547	731	28	32
548	729	29	33
548	726	29	36
547	725	31	37
547	723	32	40
549	722	31	42
547	718	33	47
549	718	33	46
548	716	34	44
552	715	30	43
553	713	32	43
554	712	32	36
554	712	33	35
556	709	32	40
556	709	32	40
556	708	34	38
557	707	33	39
557	707	33	40
560	708	31	35
559	708	30	37
560	708	31	37
558	708	29	37
561	709	26	37
564	709	21	34
563	711	21	32
565	712	19	29
563	717	21	25
563	720	20	23
565	719	18	23
564	719	14	25
566	723	13	21
565	727	12	17
564	732	11	14
566	734	10	14
561	736	11	16
560	736	10	17
558	736	10	17
559	743	10	13
556	743	9	12
553	747	10	14
551	750	11	16
550	750	11	18
546	750	14	19
544	755	16	20
543	758	18	20
541	755	16	23
542	758	13	23
541	759	12	25
537	760	16	28
535	760	18	32
533	761	21	31
532	763	25	32
530	763	29	33
528	765	33	34
527	767	33	34
526	766	34	33
527	766	34	35
528	769	34	34
528	769	35	33
529	769	34	33
528	771	36	32
528	771	35	33
529	770	35	34
529	769	38	36
528	768	39	38
527	767	41	37
530	763	40	42
533	761	37	45
533	759	39	47
534	757	37	47
534	755	38	48
534	754	41	45
538	752	36	44
539	752	37	38
541	751	34	34
543	747	36	39
544	746	34	41
545	743	35	42
547	743	33	40
550	741	34	40
548	740	35	42
552	737	35	38
554	735	34	38
557	735	32	35
555	732	34	38
555	730	36	43
557	726	35	42
560	725	36	38
561	724	33	39
562	722	34	43
565	721	33	41
567	719	31	40
567	719	32	40
569	716	30	40
573	715	25	40
573	715	28	36
572	715	29	38
573	713	29	40
573	712	30	38
573	712	32	38
571	711	32	39
572	711	34	40
572	709	31	40
573	708	33	40
574	707	33	38
575	705	32	38
577	705	30	38
577	701	30	39
576	698	32	40
578	696	30	40
581	696	30	38
579	693	30	40
580	693	32	40
581	692	30	42
581	689	32	44
582	686	34	44
582	686	33	41
582	685	35	41
584	682	32	45
587	680	32	44
586	680	35	43
585	678	35	41
586	676	35	41
587	677	37	39
588	677	36	37
588	676	38	37
588	676	40	36
590	674	37	36
589	674	38	36
589	674	40	35
592	673	38	35
591	672	41	35
592	671	39	33
592	671	38	34
598	668	34	34
602	669	30	33
603	665	30	35
602	665	29	37
608	662	26	37
606	660	27	37
608	658	26	37
608	657	25	37
608	657	27	36
610	654	25	38
610	653	25	38
611	650	25	39
612	651	25	37
612	648	24	38
610	647	26	37
612	646	24	38
612	646	24	36
615	645	21	38
616	646	21	35
613	643	21	37
614	640	21	41
613	640	22	40
614	639	20	38
614	637	21	40
612	634	21	43
613	631	20	45
613	630	20	47
614	630	20	43
613	629	19	43
613	626	18	40
613	623	19	42
613	624	18	41
612	620	16	45
611	620	18	45
610	621	18	42
610	620	19	40
609	619	18	43
608	616	20	41
609	618	20	40
606	616	20	39
606	617	22	39
606	616	21	41
607	616	20	42
605	616	21	41
606	617	22	39
602	616	23	40
602	618	24	39
602	618	21	39
601	618	22	40
601	620	22	38
599	618	23	42
598	619	23	38
596	620	24	39
597	616	24	40
596	615	24	43
596	616	24	42
595	614	27	44
596	613	26	43
594	611	27	42
592	611	30	43
593	612	27	36
593	610	28	37
595	608	29	37
594	607	30	36
594	607	30	38
593	606	30	39
593	606	33	40
590	607	34	38
592	608	35	40
588	606	38	38
589	607	40	38
588	608	47	37
587	608	44	37
587	609	44	36
589	607	43	36
590	607	42	35
589	608	44	37
593	608	43	34
594	607	40	34
594	607	40	35
595	606	40	34
595	605	42	33
598	605	39	35
598	604	41	38
602	602	38	35
603	601	36	34
605	601	37	37
603	601	39	34
605	599	40	37
604	599	41	36
606	598	41	38
607	597	42	39
613	596	37	40
612	595	37	39
615	597	36	40
616	596	35	43
617	596	36	44
618	596	35	44
619	596	35	45
617	596	38	43
620	597	36	44
623	598	34	43
625	598	32	44
626	599	31	43
626	599	32	43
629	598	29	44
629	600	31	41
630	599	30	42
634	600	31	43
633	602	34	42
633	603	40	40
634	603	42	40
635	604	43	37
637	604	44	39
637	603	45	43
636	606	49	39
632	603	54	41
635	605	52	42
636	615	52	32
647	617	43	31
652	618	41	31
654	621	40	29
654	621	40	29
658	621	39	28
659	623	38	28
658	622	39	29
659	623	39	29
663	623	37	28
664	622	37	30
664	624	39	29
667	624	38	29
665	624	39	29
664	624	42	31
669	622	38	32
671	624	36	29
674	622	34	29
672	622	38	31
675	621	37	34
674	621	42	33
673	620	41	35
674	620	45	38
674	619	46	36
676	618	46	37
679	617	45	37
680	615	45	39
683	616	41	39
684	614	42	40
681	613	48	43
679	612	50	42
684	610	46	47
689	608	44	45
689	608	45	46
692	606	40	45
695	604	40	52
695	603	39	53
697	601	38	58
698	599	38	62
698	597	39	63
698	595	41	57
701	593	41	52
699	590	44	47
701	592	43	41
702	590	44	40
707	590	40	37
703	590	44	36
709	591	42	31
707	590	44	28
710	590	42	33
710	589	42	32
714	584	41	36
716	582	39	36
721	579	33	41
725	579	30	39
726	579	30	39
726	579	30	37
727	578	30	40
725	579	34	39
727	577	32	41
730	575	29	42
730	577	29	41
730	576	30	41
732	575	28	47
733	574	28	46
731	573	31	47
736	573	25	47
736	572	26	49
735	573	28	47
736	572	28	50
738	570	28	48
739	570	29	41
742	571	26	40
740	570	27	41
740	570	29	41
741	570	30	35
742	570	30	33
741	570	33	34
740	571	33	34
738	570	37	35
740	569	35	38
740	570	36	37
738	568	38	40
743	567	34	39
742	567	37	40
745	564	34	41
744	564	37	48
745	563	35	48
746	563	35	45
748	562	33	47
748	561	32	44
748	562	35	39
749	562	34	43
745	562	39	36
747	562	36	38
750	561	35	37
748	562	38	38
750	561	35	37
752	560	33	37
753	560	33	34
753	560	34	35
754	561	34	36
755	560	33	34
758	559	31	35
758	559	32	35
756	559	35	38
757	559	33	38
757	559	33	38
760	558	31	37
762	560	27	40
763	559	24	38
765	560	24	36
764	561	24	33
768	561	21	34
769	563	18	32
769	565	19	31
769	565	18	31
769	566	19	31
770	567	19	30
770	568	19	29
770	567	18	30
770	566	18	32
770	565	19	30
771	567	20	32
771	567	22	31
770	565	23	32
769	565	24	34
771	564	25	35
770	561	25	37
770	562	26	35
771	562	26	34
770	562	28	36
771	563	27	35
771	563	27	35
772	563	27	34
773	562	26	35
773	561	27	31
775	561	26	32
775	561	26	33
776	559	25	33
777	560	27	34
776	558	29	34
777	558	29	35
777	558	28	34
775	558	31	35
775	558	33	36
778	558	31	35
780	556	30	37
779	557	31	35
780	555	31	35
780	555	32	35
779	555	33	35
779	556	32	36
781	556	32	35
781	554	31	36
783	555	30	35
786	555	27	34
785	555	28	34
787	556	24	34
790	557	18	34
790	558	16	34
791	560	15	33
792	561	15	33
792	561	15	33
791	564	13	31
792	566	12	32
791	566	12	31
791	568	13	30
789	567	14	31
788	567	17	32
785	568	19	30
785	569	21	29
785	569	22	31
784	568	23	33
785	569	24	34
785	569	24	33
785	568	24	33
785	568	24	31
786	568	24	33
785	566	26	34
785	567	26	33
787	565	25	33
785	564	26	36
786	563	25	35
786	561	26	37
788	561	25	37
788	561	24	37
788	559	25	38
788	559	24	37
788	559	25	38
789	558	24	37
789	559	24	38
786	559	25	36
785	557	27	39
785	557	28	40
787	557	29	39
787	557	28	37
787	556	30	38
786	559	33	35
785	559	36	35
787	559	35	36
787	559	35	35
787	560	39	33
790	561	36	31
789	562	36	31
790	561	38	32
791	560	36	33
789	559	37	34
793	559	35	36
794	558	35	36
795	557	31	35
796	555	32	37
797	555	32	38
801	555	29	38
802	553	30	39
802	554	31	40
799	551	33	39
798	551	36	40
799	549	33	41
800	548	33	42
800	545	34	42
804	543	31	41
806	542	30	41
807	541	30	41
804	540	32	41
805	539	32	41
804	537	34	45
807	536	33	45
809	535	32	45
808	535	32	44
807	532	33	45
808	532	33	40
809	530	33	45
810	530	33	45
811	529	33	39
812	529	33	39
812	529	34	37
813	527	33	40
812	528	35	38
813	528	34	38
814	526	34	41
814	527	34	36
814	527	33	39
815	525	33	40
816	524	32	43
815	524	35	43
817	523	34	36
817	521	34	37
817	521	35	40
818	520	36	36
818	519	37	35
818	520	37	37
817	518	39	42
818	516	38	47
819	516	39	47
818	516	38	49
817	515	40	46
819	517	41	46
822	516	37	49
820	517	36	47
822	517	37	49
825	516	34	47
825	518	33	46
827	519	30	44
827	519	33	46
826	520	31	45
828	523	30	45
826	527	32	42
828	530	30	37
827	532	32	35
828	531	32	34
827	530	31	37
826	530	33	36
827	529	32	39
822	529	34	39
823	528	33	45
823	526	33	42
822	527	33	39
826	526	30	44
824	526	30	43
824	525	30	43
823	524	30	41
822	521	33	43
822	520	31	44
821	519	33	45
822	519	33	43
821	517	32	44
820	518	36	48
821	516	35	47
821	516	37	47
821	519	35	46
823	521	37	40
821	521	39	40
822	521	41	40
824	521	40	40
822	521	43	39
821	521	44	40
820	519	47	39
828	519	42	38
832	515	36	40
834	515	35	44
837	511	35	45
837	513	37	44
840	510	31	49
841	510	32	51
841	504	34	50
843	502	41	54
843	502	47	58
845	501	47	64
846	501	47	63
848	500	42	57
848	498	41	54
847	497	41	55
848	494	43	54
850	492	42	57
850	491	43	60
853	489	40	57
854	490	38	58
855	488	38	60
854	488	40	59
854	488	40	57
855	486	41	60
855	486	41	58
855	486	42	59
856	485	42	57
856	486	42	56
858	488	40	53
860	488	41	58
862	487	39	56
863	487	40	56
867	487	35	59
867	488	39	53
863	487	44	48
866	487	41	46
870	489	39	45
869	489	42	45
870	489	41	47
870	490	40	44
868	491	44	41
872	490	41	41
871	493	42	38
874	494	41	37
874	494	43	40
875	495	43	38
877	496	42	41
876	495	42	42
878	496	42	38
878	497	40	38
880	496	41	37
879	496	43	38
880	497	43	40
880	496	44	43
878	495	47	46
877	495	48	48
882	496	43	44
877	496	49	46
880	496	45	50
892	495	34	47
895	495	28	44
898	494	28	42
900	493	25	44
900	493	26	44
900	495	27	39
902	496	25	36
904	494	24	38
903	496	25	39
906	497	23	35
905	498	24	39
904	498	24	40
905	501	25	38
905	501	24	34
906	500	25	37
906	501	24	37
906	502	24	38
906	503	23	39
907	501	22	38
907	502	24	37
905	502	24	39
907	502	23	39
907	501	22	40
907	500	22	39
906	501	25	38
906	501	24	39
905	501	24	38
905	500	24	37
907	500	23	38
907	498	22	40
905	496	24	43
907	496	22	41
906	496	22	41
906	496	23	36
907	494	23	36
908	494	22	35
908	492	21	37
909	493	20	36
909	493	19	36
908	492	22	38
907	491	23	38
907	491	23	38
909	488	21	42
909	486	21	43
911	487	20	45
910	487	20	44
909	485	24	43
910	484	22	41
911	482	21	43
913	479	21	42
913	476	20	44
914	473	19	47
914	470	17	46
913	466	21	48
915	466	21	43
918	467	18	41
918	463	18	41
916	463	19	41
916	463	20	40
918	461	22	38
918	461	23	37
920	459	24	39
919	459	24	36
918	458	27	38
920	458	26	40
919	455	27	40
918	457	31	37
919	457	33	33
917	457	36	32
919	456	36	33
917	455	40	32
918	456	41	31
919	455	42	33
919	456	43	32
918	455	46	33
918	454	50	33
920	455	49	33
921	454	49	33
918	457	56	33
918	458	55	31
919	458	56	29
919	456	57	28
921	456	54	31
924	455	50	33
928	453	47	33
930	453	44	34
933	451	38	36
937	450	33	36
939	448	32	35
939	449	30	32
940	447	29	33
943	445	26	35
943	444	26	37
944	441	26	39
942	437	27	43
943	437	27	40
945	437	24	42
944	435	25	40
945	435	26	40
945	436	25	40
948	434	24	39
946	432	29	40
946	434	35	35
943	434	37	38
944	435	40	37
943	434	44	37
944	434	46	37
946	435	46	29
945	436	48	30
947	436	49	30
945	438	53	30
947	438	55	30
947	437	56	32
947	438	58	31
948	440	57	30
945	438	64	35
949	441	63	34
949	442	64	33
952	444	64	30
961	447	60	30
971	447	49	31
977	448	45	30
982	449	45	29
987	450	43	30
988	451	45	30
989	453	50	30
992	453	53	32
993	455	55	32
993	459	60	29
996	462	60	29
1003	465	57	29
1010	466	53	29
1011	468	60	27
1016	475	58	22
1023	477	57	21
1021	479	61	22
1032	480	54	29
1033	481	54	35
1034	483	55	35
1036	485	59	39
1034	487	65	37
1034	488	68	42
1035	489	69	50
1039	489	67	51
1036	487	72	60
1037	487	75	54
1035	487	81	57
1037	490	81	55
1045	491	76	53
1063	496	57	50
1070	497	52	41
1082	497	43	44
1087	496	38	44
1092	495	36	37
1099	496	25	38
1103	497	22	34
1105	497	21	34
1106	494	21	37
1108	492	20	37
1109	489	18	40
1109	488	18	41
1111	488	19	40
1111	486	18	42
1113	487	18	42
1114	487	17	42
1115	485	16	42
1116	485	17	43
1116	485	17	40
1117	484	16	40
1115	484	19	43
1118	483	18	45
1116	484	20	41
1119	483	16	38
1121	481	15	40
1122	481	18	39
1121	481	21	38
1123	480	22	40
1123	479	24	38
1122	481	27	36
1127	480	24	36
1130	480	23	37
1131	478	23	38
1133	478	24	38
1133	477	24	38
1138	479	20	36
1139	478	21	36
1140	478	24	36
1142	478	24	36
1142	478	26	37
1141	477	28	36
1149	479	25	32
1151	480	24	33
1152	480	26	33
1156	478	26	35
1157	475	26	37
1160	474	22	39
1162	473	20	40
1165	470	21	36
1166	470	21	36
1167	470	21	37
1168	470	21	38
1173	468	19	39
1174	467	20	38
1176	467	19	37
1178	466	18	35
1180	464	18	33
1182	463	19	32
1185	461	15	36
1187	462	13	33
1189	461	12	37
1194	457	13	40
1192	457	15	39
1193	456	16	41
1195	456	17	43
1195	455	18	42
1198	456	18	42
1196	456	21	39
1203	457	15	38
1205	455	16	42
1206	454	16	46
1208	454	15	46
1211	452	15	43
1215	452	14	45
1215	452	15	45
1217	453	14	41
1219	453	13	40
1222	453	15	42
1223	454	15	43
1227	456	13	42
1229	456	13	41
1230	459	13	37
1231	459	14	36
1232	461	16	38
1233	461	17	39
1234	463	21	39
1234	462	28	38
1236	464	30	38
1238	464	34	36
1239	469	42	36
1237	472	48	35
1236	471	55	37
1242	477	54	32
1252	480	48	28
1256	478	49	33
1256	482	54	34
1260	485	53	30
1266	487	54	37
1271	490	56	36
1277	491	53	34
1283	494	54	33
1282	497	61	32
1288	500	62	30
1295	503	56	30
1305	505	54	34
1312	509	48	35
1313	509	47	35
1319	511	43	38
1328	513	41	35
1333	515	39	36
1339	516	34	34
1344	516	31	36
1353	518	25	38
1355	520	23	35
1358	522	23	34
1359	523	26	34
1365	523	20	33
1372	524	19	30
1372	524	20	28
1373	525	20	31
1375	525	22	29
1378	526	21	30
1379	527	21	32
1380	528	22	30
1379	528	25	32
1386	528	20	31
1388	528	16	34
1390	528	17	33
1392	527	18	33
1394	525	15	37
1395	525	15	39
1394	524	18	41
1395	522	21	42
1393	522	26	41
1395	524	23	39
1398	521	21	43
1403	520	20	40
1403	516	21	38
1406	513	18	40
1408	513	16	40
1412	513	14	38
1412	513	12	40
1415	510	16	40
1414	510	17	39
1413	505	21	39
1416	503	21	35
1418	501	20	37
1419	498	22	38
1419	494	22	41
1423	494	19	41
1426	493	17	40
1426	491	19	39
1427	491	19	38
1428	491	21	37
1428	490	23	40
1428	487	25	39
1428	490	26	38
1429	488	26	36
1434	488	24	34
1434	488	24	34
1437	488	24	36
1439	486	23	32
1444	486	19	33
1449	485	17	35
1451	484	15	37
1453	482	16	36
1455	481	16	37
1455	479	17	41
1456	477	21	39
1454	476	27	38
1456	474	27	42
1459	472	28	39
1461	471	29	43
1462	469	33	43
1463	467	35	44
1464	465	33	44
1470	463	33	41
1470	460	36	42
1475	458	34	41
1475	456	40	44
1479	453	39	41
1485	450	38	42
1490	448	41	39
1492	444	44	40
1494	440	50	39
1499	436	52	41
1504	432	53	41
1508	429	55	43
1513	424	56	40
1519	419	55	40
1525	413	57	41
1538	408	51	43
1540	405	56	43
1547	398	54	43
1549	396	60	41
1554	391	64	42
1565	384	59	43
1572	380	59	43
1583	371	54	44
1585	368	61	46
1590	363	62	48
1597	357	65	45
1603	352	67	48
1611	344	70	48
1625	339	61	51
1631	334	64	52
1637	332	65	49
1635	327	75	45
1642	321	78	49
1653	318	75	45
1663	314	74	41
1665	311	77	45
1678	307	73	46
1682	302	77	45
1685	297	84	46
1696	293	82	47
1708	290	76	48
1722	287	69	45
1729	286	71	44
1734	282	71	46
1744	279	67	44
1750	275	68	47
1756	272	70	46
1760	270	71	46
1767	270	68	46
1775	266	68	48
1782	267	69	50
1793	265	61	51
1795	267	62	50
1798	264	60	52
1805	259	53	56
1818	256	38	60
1827	262	31	53
1825	260	34	55
1832	258	28	57
1835	258	25	54
1837	256	22	54
1834	258	27	51
1830	258	33	47
1823	259	42	41
1818	260	49	41
1815	263	50	38
1811	262	51	39
1807	262	50	38
1804	264	49	39
1800	265	48	38
1796	264	50	36
1789	264	51	38
1787	264	49	39
1784	264	50	38
1781	264	50	37
1777	264	49	38
1773	262	48	37
1768	263	49	37
1764	262	49	38
1759	262	48	38
1756	261	47	38
1753	261	46	37
1748	260	47	37
1744	259	47	38
1738	259	47	37
1732	258	47	36
1726	256	48	37
1721	256	47	37
1717	256	46	36
1713	254	43	36
1706	253	42	35
1703	253	42	35
1696	252	46	36
1690	251	45	35
1687	249	40	35
1680	249	42	34
1677	248	38	32
1670	246	41	34
1666	245	40	34
1664	243	37	34
1656	241	42	33
1647	241	45	34
1643	240	43	32
1636	239	45	32
1631	239	42	31
1623	237	47	31
1618	238	44	30
1612	235	46	32
1607	235	45	32
1600	233	47	33
1595	231	45	33
1590	232	45	31
1582	231	47	30
1577	232	45	31
1572	230	44	33
1567	228	45	34
1564	228	41	31
