244	72	718	599
272	105	684	580
271	111	687	599
252	111	688	586
221	108	734	591
244	102	675	584
236	100	685	599
234	104	696	587
227	106	690	584
210	110	708	591
207	112	722	583
273	108	663	539
195	126	733	575
203	137	733	575
272	126	672	545
197	136	749	571
211	141	741	568
212	136	755	583
229	146	724	561
393	141	561	566
391	139	563	551
398	152	565	544
226	149	715	553
220	151	728	562
237	151	709	560
232	146	723	570
220	149	735	550
247	146	718	569
219	151	751	561
225	151	733	567
216	159	744	556
227	128	735	564
373	126	593	569
229	141	725	562
219	152	754	560
232	145	736	550
253	144	708	574
215	148	737	552
353	150	621	553
336	155	626	558
347	151	604	547
324	149	619	540
298	146	648	540
296	144	658	543
287	140	657	556
282	130	659	571
284	136	670	563
269	129	677	567
270	122	678	563
264	121	682	574
260	116	676	576
237	114	686	578
254	115	666	564
256	120	665	577
255	114	656	576
242	113	655	580
264	117	637	584
254	113	631	583
224	115	648	586
251	120	646	582
248	111	641	586
238	125	659	582
219	115	665	588
221	121	659	592
231	117	664	588
236	113	666	589
283	114	627	595
286	118	634	586
265	112	654	589
270	112	659	597
251	113	669	591
273	115	638	597
252	103	657	596
238	116	663	593
258	113	646	598
260	112	630	601
267	115	625	594
277	118	616	592
246	120	658	592
268	119	640	592
283	122	646	588
280	124	647	581
268	132	661	577
232	132	614	588
256	132	680	589
292	137	673	581
267	149	694	578
306	133	675	583
253	133	709	586
264	145	659	564
250	134	684	577
205	164	704	558
194	162	701	557
209	159	682	564
184	148	711	571
205	149	683	575
181	141	712	578
181	137	691	591
195	135	667	587
205	127	637	459
202	115	654	451
208	117	641	446
218	113	602	447
189	111	596	426
194	109	584	425
194	112	580	405
195	110	565	395
207	116	562	392
215	115	562	397
241	121	537	406
264	127	507	406
277	127	492	419
279	133	499	426
299	134	472	484
291	138	482	588
290	140	478	578
285	131	474	584
286	167	476	574
284	133	479	576
286	140	473	576
292	140	465	568
315	131	439	575
332	131	420	560
359	129	394	489
336	135	428	520
264	128	498	563
248	114	520	590
241	123	527	582
251	126	522	573
249	116	525	585
251	126	527	585
291	120	488	593
316	125	494	583
223	120	550	594
204	120	579	591
207	121	589	592
197	115	589	593
217	120	576	590
223	121	579	590
239	124	565	578
166	104	659	604
179	120	625	597
137	121	659	601
134	101	657	599
120	105	670	604
172	98	629	605
210	91	605	616
172	94	639	634
190	101	639	623
186	75	624	626
135	90	679	639
196	85	615	637
203	67	616	646
205	52	621	649
193	61	628	650
191	41	632	659
182	52	638	658
158	57	682	666
183	45	663	675
159	53	694	672
143	52	720	678
168	55	700	672
191	55	699	663
165	62	713	664
173	65	727	655
177	71	731	655
173	68	732	650
174	70	735	657
179	71	745	654
177	64	759	655
203	63	728	652
129	75	800	648
217	71	731	656
148	82	788	639
129	79	814	641
199	77	739	642
147	89	815	631
148	93	764	638
107	86	770	619
103	104	764	609
119	110	744	606
122	106	742	598
144	101	853	596
152	103	851	611
158	123	773	599
60	114	877	606
35	120	885	604
176	116	803	599
174	107	807	597
156	110	822	602
134	111	849	594
137	120	836	595
148	115	830	592
161	125	814	586
175	109	808	596
313	105	692	601
366	100	640	593
185	112	800	613
88	99	865	616
119	88	856	628
148	92	832	629
163	92	824	622
200	82	787	630
179	70	811	632
280	68	727	637
278	61	702	639
379	66	633	637
341	42	673	655
267	63	746	645
227	71	753	641
365	69	646	650
167	71	762	641
162	65	757	641
177	69	739	647
177	69	751	656
206	66	824	656
131	72	799	652
149	64	814	668
192	64	760	661
156	65	813	663
193	70	774	660
168	59	782	662
285	56	701	667
102	52	806	657
167	57	781	660
155	69	780	652
54	53	855	664
131	70	779	650
31	50	862	666
241	61	685	652
145	61	764	660
47	53	828	662
98	66	776	648
151	82	715	636
175	84	738	632
140	80	745	628
234	76	692	637
185	91	715	633
161	77	724	641
137	71	743	621
71	78	824	620
200	76	733	627
23	65	861	635
46	70	850	643
49	74	840	640
82	83	823	638
118	93	796	631
78	85	848	631
167	107	745	619
163	103	757	618
115	96	790	611
85	101	823	600
160	130	763	582
133	120	795	580
116	132	814	579
61	138	867	572
56	142	868	573
57	149	868	567
57	148	869	562
76	163	858	552
99	154	835	546
95	170	824	531
122	171	813	526
133	170	780	517
151	182	786	532
221	177	715	521
233	182	719	527
202	184	711	523
232	184	708	531
171	174	772	547
226	166	722	525
221	169	731	544
264	172	682	532
263	167	670	534
264	156	678	544
256	159	680	552
264	150	672	555
179	163	737	547
148	160	762	557
140	148	758	552
300	135	624	536
333	145	557	480
349	147	546	438
349	154	548	426
345	160	544	417
334	157	551	418
324	160	555	409
329	163	540	405
234	170	592	400
348	168	540	401
176	175	685	397
117	182	751	400
145	189	732	401
179	193	700	398
236	199	637	388
219	194	664	398
240	195	652	514
256	194	623	506
239	196	614	497
249	200	583	503
242	206	596	511
280	202	604	505
267	208	561	467
421	236	476	374
370	214	516	411
257	227	585	491
240	227	629	489
283	222	603	425
257	229	616	472
285	240	595	475
277	236	597	469
280	238	568	478
275	245	569	477
283	241	557	475
298	244	557	466
292	249	558	459
291	248	565	463
287	252	572	458
272	251	594	450
299	262	563	380
323	266	577	353
321	264	573	420
342	283	541	440
346	284	546	441
354	285	538	439
360	282	527	443
373	288	508	401
373	292	517	411
372	303	495	405
380	301	488	366
435	304	459	349
396	310	470	350
390	318	480	341
369	319	504	337
383	314	490	338
392	311	481	336
414	307	465	345
402	304	478	348
407	309	471	341
405	304	474	343
412	323	459	335
406	315	467	342
436	327	444	356
454	324	439	382
483	332	407	384
454	331	432	377
454	333	433	372
437	337	450	378
439	338	447	373
434	346	448	371
433	339	443	371
430	348	450	359
427	348	446	339
429	347	450	325
478	355	410	298
474	360	424	286
436	363	430	275
419	364	444	279
419	361	449	278
418	360	464	286
420	376	473	337
421	369	450	337
413	371	445	336
418	383	449	321
405	308	429	404
421	385	419	332
427	391	414	328
433	397	405	316
453	411	390	313
479	414	390	308
468	415	368	307
449	416	383	299
469	413	377	306
476	414	359	277
487	415	355	263
505	413	341	296
516	412	325	307
521	412	319	310
530	413	315	310
520	410	326	311
501	442	356	268
508	416	343	302
479	413	363	306
522	407	330	294
533	400	343	274
512	401	351	275
523	398	332	274
552	392	330	277
563	382	288	285
562	388	267	279
558	376	272	343
563	377	275	286
558	374	280	325
558	375	271	279
561	374	265	274
556	375	276	289
558	375	272	314
553	376	275	345
544	378	310	342
538	382	308	342
532	378	315	342
535	345	400	339
548	340	418	360
532	341	408	310
535	346	384	318
515	342	335	318
518	361	323	293
528	364	308	298
544	324	287	307
530	363	301	354
533	344	372	355
513	336	436	369
510	322	443	383
535	329	427	312
527	326	430	324
519	334	448	356
528	334	422	372
527	323	420	373
526	333	432	374
528	346	397	360
522	348	383	366
529	338	382	337
532	342	407	311
540	345	381	304
536	349	380	300
537	351	371	299
536	344	337	298
489	346	329	292
512	341	304	289
534	341	271	258
539	349	262	248
542	347	259	250
536	346	263	245
535	346	267	265
529	344	272	270
536	338	265	264
536	337	265	262
531	340	272	261
543	336	258	264
539	336	265	268
554	331	251	269
553	332	260	271
557	320	255	270
557	325	339	282
549	325	306	272
562	329	253	249
561	324	327	290
563	326	333	289
566	325	331	279
558	322	346	273
564	322	329	282
576	325	322	295
547	321	288	281
557	317	257	262
554	321	253	267
556	319	251	279
549	319	261	271
557	320	267	280
564	316	259	293
534	315	296	293
538	319	275	295
524	317	304	300
542	316	292	313
557	318	273	298
570	316	327	304
569	325	356	313
568	322	356	326
577	329	345	324
572	329	345	327
564	326	367	335
566	328	357	336
570	333	356	322
563	337	358	317
555	335	273	306
560	335	264	309
559	339	272	324
568	329	300	345
557	334	330	343
555	332	358	331
547	332	364	343
556	331	355	363
553	338	356	362
553	341	350	350
559	340	340	356
549	331	350	326
547	328	345	329
548	334	324	324
545	333	298	337
540	334	278	329
543	327	269	361
542	323	307	372
529	316	339	389
543	263	312	380
541	322	274	342
522	311	275	266
512	311	294	258
480	310	325	321
472	304	335	301
478	307	316	324
481	303	305	318
472	300	309	335
467	301	311	329
481	305	291	323
484	296	280	292
481	292	279	295
470	289	291	291
471	293	292	282
479	292	286	261
484	279	271	271
485	289	278	263
476	283	276	260
478	287	276	260
481	282	278	271
477	278	280	278
479	281	276	287
478	294	273	284
477	277	277	306
475	269	278	314
463	285	290	299
475	287	284	274
477	287	294	279
484	267	275	308
473	281	288	312
478	288	292	309
472	306	395	340
458	240	309	345
467	269	288	334
459	309	296	353
470	272	283	311
460	271	298	300
479	257	274	309
479	257	307	342
478	263	296	317
457	265	327	326
471	234	339	350
454	296	326	302
476	295	305	310
475	300	309	313
477	284	303	329
468	296	308	317
474	301	296	314
475	294	288	327
475	289	285	329
476	295	283	321
471	300	290	312
470	308	292	301
476	305	284	301
470	294	356	332
428	287	347	320
423	288	357	338
430	284	367	342
456	285	376	334
442	285	354	350
464	288	327	329
437	265	374	355
474	285	341	318
468	277	360	334
489	278	336	318
487	237	335	348
482	240	334	353
484	247	325	345
498	280	309	359
476	287	335	323
459	235	358	364
449	225	377	380
462	216	377	396
483	241	361	366
488	215	353	393
488	213	369	400
485	205	363	421
480	206	377	420
476	200	393	430
478	239	407	398
469	222	414	394
466	292	409	358
471	192	413	453
471	206	415	444
477	176	422	478
479	186	418	472
495	299	386	391
504	293	373	395
502	301	379	399
480	298	406	398
462	298	430	383
477	303	416	381
460	301	435	383
461	292	435	415
446	303	447	407
433	307	463	402
413	312	484	396
400	307	492	405
377	297	516	410
386	302	511	409
401	178	500	521
414	183	489	505
392	242	497	454
397	170	493	493
384	157	519	530
361	231	521	467
363	163	526	522
366	174	517	523
348	172	538	527
338	164	543	531
331	155	543	516
332	152	544	549
317	167	563	502
319	160	552	534
311	174	561	509
291	159	596	545
314	175	579	521
287	158	597	528
298	181	601	520
293	150	596	547
278	157	615	547
282	173	618	540
281	170	616	548
283	170	608	547
267	181	628	531
259	173	627	538
253	163	627	550
261	162	633	551
275	160	618	551
257	138	632	572
250	144	640	574
247	130	643	581
249	133	635	575
251	124	639	581
248	120	647	589
249	127	645	588
243	133	667	590
234	111	662	599
245	112	662	603
242	117	650	598
228	117	676	598
238	111	671	605
239	104	659	602
260	88	646	607
252	90	655	604
232	117	662	608
203	87	671	613
204	97	664	622
205	94	661	625
217	84	653	634
216	82	656	631
202	71	661	633
206	70	658	621
218	65	634	630
206	65	655	642
204	74	632	642
204	64	653	650
188	58	638	644
202	58	613	652
210	46	626	649
202	56	609	647
201	44	622	653
205	56	612	631
205	59	604	657
207	62	612	644
207	58	607	630
209	68	607	641
203	60	586	631
225	51	579	640
222	56	595	637
229	61	580	630
230	82	571	626
231	74	595	634
240	58	544	629
237	86	560	625
247	68	549	629
249	65	561	634
247	58	560	647
245	58	562	640
240	49	557	647
230	58	582	641
225	52	581	648
225	62	586	646
219	66	617	639
212	72	660	646
206	83	638	641
209	84	649	644
205	94	652	635
188	94	695	640
190	92	688	639
198	88	626	638
199	97	633	628
217	80	663	655
194	79	693	656
187	71	695	658
176	62	718	669
169	47	705	674
177	31	714	685
163	31	738	697
173	29	736	694
211	28	698	692
192	32	706	690
201	29	701	691
214	45	691	678
195	45	717	677
201	64	712	660
204	58	710	666
192	74	691	643
191	74	682	658
202	71	672	655
198	65	683	654
210	65	684	665
199	50	692	676
194	50	701	672
206	43	701	684
221	31	693	682
220	35	706	686
223	22	673	691
236	18	664	699
253	23	654	703
233	29	647	692
249	28	660	690
255	32	675	681
252	35	640	690
261	36	667	690
247	38	683	680
256	38	659	675
