184	187	970	380
226	218	944	369
216	224	943	368
216	220	939	370
234	220	938	372
225	220	945	371
215	220	958	370
219	224	950	367
216	221	949	372
224	221	947	371
209	223	951	367
213	222	953	372
220	226	939	370
219	225	941	371
215	224	948	371
224	225	933	371
244	223	933	371
225	226	930	372
195	225	948	372
196	219	954	375
210	218	951	375
190	213	953	384
200	215	954	384
190	215	940	380
196	216	939	382
204	211	936	379
187	211	938	382
175	207	942	387
147	211	939	385
177	206	944	387
159	207	946	386
166	208	937	384
192	206	924	383
167	207	935	389
165	204	934	390
147	207	939	387
146	200	938	398
158	205	928	390
152	198	923	397
153	204	924	397
149	203	926	397
150	191	933	403
151	194	937	408
166	191	930	408
153	182	938	418
140	188	947	410
157	194	945	407
159	191	934	411
150	194	945	409
148	193	966	404
167	192	954	408
185	190	961	408
183	189	957	407
168	193	959	403
182	186	969	406
192	182	968	405
175	184	980	410
196	185	965	414
198	188	960	405
181	195	980	403
186	195	977	400
171	196	983	405
175	196	977	405
173	197	979	407
174	194	985	407
180	191	986	401
160	192	999	401
191	195	978	412
192	184	978	422
181	191	972	414
184	186	992	422
182	186	970	412
180	192	997	426
170	186	989	412
161	192	995	417
151	199	1003	413
171	196	999	402
165	205	1001	408
183	208	990	405
162	209	1011	401
157	214	1000	399
176	211	977	403
160	206	994	401
168	209	981	409
163	211	1001	405
164	211	984	402
160	205	997	412
158	204	996	409
148	205	997	407
153	212	1006	403
142	217	1005	399
134	215	1008	399
152	209	1003	409
135	210	1001	407
138	208	1010	410
135	212	1012	408
136	211	1008	409
161	211	986	408
147	207	1000	414
160	213	989	407
153	213	975	412
151	213	984	411
152	215	979	412
144	214	974	417
132	210	989	420
126	211	984	420
123	202	981	425
78	195	994	425
83	196	992	430
121	198	957	426
72	189	966	434
46	194	997	429
82	195	958	432
78	174	961	442
20	182	980	444
1	194	992	431
59	211	978	420
47	224	975	426
28	200	956	438
38	194	962	444
25	204	963	440
20	185	953	452
13	179	946	460
8	181	944	463
-2	190	933	454
29	187	928	462
-17	195	931	458
21	177	917	469
-14	189	930	463
2	194	921	458
13	192	912	462
12	188	916	468
5	189	922	466
-16	190	931	468
5	189	928	466
-3	198	940	453
0	205	937	442
-5	199	936	449
3	202	940	465
2	199	931	473
2	203	925	461
13	172	909	500
12	178	908	508
2	172	917	512
4	198	912	502
12	189	894	517
10	190	896	519
0	203	893	508
2	201	868	501
7	210	870	516
12	214	866	503
5	220	867	501
1	214	868	496
4	220	873	495
9	213	884	502
14	209	894	494
4	211	903	495
19	208	903	503
24	205	913	504
17	206	928	497
6	203	938	478
5	208	931	470
19	211	923	479
16	208	898	469
27	213	899	448
8	225	898	499
17	212	888	463
4	214	900	440
12	207	893	441
25	213	902	501
26	206	904	465
24	200	917	444
23	199	935	474
25	198	971	508
33	195	977	508
30	202	991	514
27	192	1007	532
20	187	1017	532
-3	183	1026	530
0	181	1031	534
0	172	1033	542
-13	166	1045	544
0	153	1045	545
-15	163	1058	540
0	161	1053	542
-11	148	1073	545
-14	154	1080	539
-7	167	1089	529
-6	149	1094	526
-2	156	1087	511
-5	158	1082	508
-2	153	1054	499
3	156	1038	504
7	162	1028	505
3	149	1032	503
11	153	1020	507
-3	147	1019	499
-4	152	1022	503
2	148	1024	522
4	150	1052	533
12	150	1028	538
7	139	1040	503
-5	126	1062	497
0	129	1071	488
1	133	1065	489
14	135	1058	508
-14	133	1045	512
-11	129	1062	505
-8	128	1056	499
-4	135	1060	522
7	134	1043	510
3	133	1060	502
-4	138	1059	510
-10	141	1079	499
11	140	1083	489
28	148	1066	477
26	143	1061	476
-10	144	1076	452
0	147	1065	460
41	158	1034	462
-11	155	1060	458
-17	152	1053	480
1	159	1033	470
-5	158	1040	500
16	162	1027	534
6	166	1048	542
-2	140	1052	514
-12	154	1058	510
6	167	1048	524
16	164	1051	517
24	156	1043	513
15	164	1057	523
10	175	1044	523
6	172	1061	535
15	150	1049	527
23	160	1055	551
7	146	1057	520
9	144	1066	565
-3	149	1063	573
-1	139	1061	586
0	143	1047	584
-8	134	1059	589
-6	130	1054	583
-22	126	1058	585
0	112	1042	596
19	115	1021	586
-5	125	1035	577
-5	109	1032	563
-8	110	1027	577
0	106	1014	569
0	106	1015	556
-7	125	1012	549
3	121	1017	555
2	117	987	551
1	119	994	547
0	125	1011	542
26	112	1008	516
6	98	1008	520
4	87	1009	536
-23	92	1022	542
-18	85	1041	547
-53	72	1051	545
-20	76	1051	557
9	57	1041	545
-5	59	1056	554
-18	64	1082	568
-2	78	1065	570
2	83	1065	554
1	71	1072	542
-6	82	1091	530
4	76	1078	551
2	83	1071	555
-5	100	1095	528
-12	92	1096	538
-15	105	1091	551
-11	100	1098	569
13	107	1068	569
-1	108	1082	554
-13	117	1082	537
-14	123	1081	533
-5	110	1055	556
3	112	1056	553
0	111	1056	522
12	119	1045	500
0	104	1034	506
24	106	1044	503
4	105	1075	510
6	104	1074	519
21	89	1078	540
-44	74	1115	556
1	64	1082	572
10	56	1082	553
3	58	1103	558
-16	64	1118	551
4	65	1102	545
-3	65	1106	553
12	58	1079	552
-8	64	1084	573
10	66	1071	563
-8	69	1078	541
-4	59	1082	558
-32	79	1089	536
-10	92	1060	519
13	91	1059	522
-2	106	1049	533
-6	107	1049	508
-7	112	1047	505
15	111	1022	486
-11	111	1036	474
-8	112	1014	484
-42	111	1028	501
-16	110	1004	503
-8	106	1002	503
0	102	975	510
18	110	938	515
4	107	941	509
-17	111	942	496
1	109	926	479
-11	110	935	459
8	122	929	478
-7	130	919	459
-9	133	939	462
11	140	930	473
0	137	944	475
-12	139	965	494
16	144	968	494
-43	142	998	485
6	141	999	492
-3	146	1015	493
14	150	1018	497
-13	145	1026	493
0	137	1030	504
-7	140	1045	504
-2	134	1087	527
2	141	1096	531
-10	127	1111	523
-7	129	1126	532
35	133	1118	534
16	142	1128	534
7	155	1157	542
-3	154	1139	539
1	159	1162	537
32	165	1164	543
9	164	1172	541
14	157	1145	543
48	161	1141	537
42	158	1140	540
61	154	1131	545
75	144	1133	548
101	133	1131	554
82	131	1113	565
95	118	1118	580
76	108	1138	584
60	108	1148	581
83	101	1124	584
79	87	1126	597
87	83	1136	609
65	92	1153	593
95	92	1140	586
119	62	1135	598
153	70	1127	589
144	56	1135	608
136	57	1139	604
173	36	1103	625
165	40	1097	619
171	40	1088	607
179	39	1105	624
193	45	1071	621
207	38	1081	623
185	42	1090	619
192	44	1093	620
188	39	1084	616
187	44	1092	619
175	45	1098	630
179	51	1092	627
158	49	1108	636
172	57	1105	625
175	46	1102	639
163	51	1098	643
158	40	1120	651
