0.33231
0.01901
0.01877
0.01917
0.01889
0.01884
0.01787
0.01781
0.01772
0.01764
0.01722
0.01651
0.0165
0.01633
0.01632
0.01634
0.01589
0.01593
0.01597
0.01603
0.01581
0.01582
0.01623
0.0156
0.01557
0.01557
0.01563
0.01642
0.01577
0.01675
0.01657
0.01658
0.01564
0.01572
0.01585
0.01595
0.01563
0.01551
0.01562
0.01561
0.01554
0.01546
0.01592
0.01551
0.01537
0.01552
0.0155
0.01534
0.01533
0.01536
0.0154
0.01541
0.01578
0.0155
0.0152
0.0153
0.01547
0.01532
0.01532
0.01544
0.01543
0.01571
0.01562
0.01557
0.01537
0.0154
0.0156
0.01536
0.01544
0.01546
0.01548
0.01531
0.01529
0.01541
0.01543
0.01528
0.01531
0.01542
0.01538
0.01533
0.01544
0.01538
0.01533
0.01554
0.01559
0.01534
0.01532
0.01546
0.01539
0.01523
0.01527
0.01542
0.01536
0.01529
0.0155
0.01532
0.01541
0.01546
0.01531
0.01525
0.01523
0.01677
0.01936
0.01646
0.01729
0.01701
0.01703
0.01542
0.01535
0.01534
0.01542
0.01532
0.01531
0.01536
0.0154
0.01524
0.01528
0.01543
0.01532
0.01553
0.01552
0.01548
0.01526
0.01534
0.01567
0.01537
0.01528
0.01551
0.01552
0.01611
0.01632
0.01635
0.01626
0.01619
0.01626
0.01631
0.01649
0.01653
0.01634
0.01639
0.01648
0.01659
0.01646
0.01641
0.0171
0.01673
0.01652
0.01663
0.01678
0.01647
0.01616
0.01631
0.01538
0.01535
0.01555
0.01544
0.01528
0.01523
0.01609
0.01612
0.01611
0.01627
0.01629
0.01615
0.01617
0.01625
0.01527
0.01533
0.01541
0.0153
0.01539
0.01559
0.01547
0.01524
0.01524
0.01535
0.01533
0.01528
0.01533
0.01535
0.01525
0.01527
0.01632
0.01627
0.01632
0.01651
0.01637
0.01636
0.01648
0.01637
0.01622
0.01628
0.01631
0.01657
0.01643
0.0164
0.01674
0.01718
0.0166
0.01785
0.01767
0.01852
0.0177
0.0168
0.01674
0.01774
0.01761
0.01759
0.0162
0.01617
0.01612
0.01617
0.01531
0.01526
0.01533
0.01535
0.01528
0.01545
0.01531
0.01532
0.01531
0.01553
0.01538
0.01524
0.01528
0.01552
0.01545
0.01528
0.01542
0.01616
0.01654
0.01659
0.01627
0.01641
0.01629
0.01631
0.01537
0.01566
0.01553
0.01532
0.01525
0.01525
0.01622
0.0161
0.0154
0.01545
0.0162
0.01532
0.01528
0.01532
0.01532
0.01521
0.01532
0.01523
0.01526
0.01523
0.0154
0.01527
0.01522
0.01525
0.01523
0.0153
0.0152
0.01531
0.01566
0.01524
0.01543
0.01524
0.01527
0.0152
0.01541
0.01573
0.01539
0.01546
0.01529
0.01523
0.01525
0.01533
0.01521
0.01536
0.01533
0.01525
0.01522
0.01529
0.01541
0.01525
0.01529
0.01575
0.0153
0.01521
0.01556
0.01541
0.01521
0.01524
0.01526
0.0152
0.01533
0.01519
0.01535
0.01518
0.01523
0.01569
0.01655
0.0158
0.0163
0.01665
0.01663
0.01636
0.01534
0.01531
0.01528
0.01532
0.0153
0.01531
0.01536
0.01528
0.01527
0.01531
0.01532
0.01526
0.01529
0.01529
0.01526
0.01533
0.01553
0.01531
0.0153
0.01517
0.01555
0.01533
0.01524
0.01529
0.01543
0.01525
0.01528
0.01529
0.01532
0.01522
0.01526
0.01548
0.01523
0.01531
0.01533
0.01533
0.01526
0.01526
0.01529
0.01531
0.01525
0.01533
0.01526
0.01527
0.01525
0.01534
0.01528
0.0152
0.01524
0.01529
0.0153
0.01541
0.01527
0.01531
0.01519
0.01522
0.01529
0.01532
0.01538
0.01611
0.01577
0.0156
0.0166
0.01659
0.01646
0.01544
0.01534
0.01537
0.01544
0.01527
0.01532
0.01537
0.01538
0.01534
0.01529
0.01611
0.01619
0.01608
0.01618
0.01629
0.01631
0.01655
0.01623
0.01624
0.01633
0.01671
0.01676
0.01683
0.01667
0.01643
0.01641
0.01622
0.01664
0.01751
0.01722
0.01824
0.0178
0.01759
0.01639
0.01649
0.01652
0.01655
0.01653
0.01645
0.01672
0.01686
0.01672
0.01679
0.01688
0.01691
0.01672
0.01679
0.01688
0.01684
0.01693
0.01726
0.01702
0.0171
0.01702
0.01701
0.01736
0.01791
0.0179
0.01782
0.01783
0.01795
0.01779
0.01789
0.01787
0.01789
0.01806
0.01764
0.01746
0.01773
0.01749
0.01774
0.01748
0.0173
0.01729
0.01709
0.01724
0.01712
0.01839
0.01735
0.01718
0.01703
0.01691
0.0168
0.01688
0.01687
0.01699
0.01721
0.01681
0.0168
0.01683
0.01681
0.01679
0.01778
0.01694
0.01699
0.01682
0.01675
0.01668
0.01693
0.01686
0.01692
0.01709
0.01685
0.01673
0.0168
0.01701
0.01682
0.01668
0.01671
0.01679
0.01663
0.01666
0.01672
0.01652
0.01657
0.01533
0.01629
0.01619
0.01636
0.01691
0.01707
0.017
0.0169
0.01677
0.01682
0.017
0.01691
0.01672
0.01732
0.02107
0.01903
0.01849
0.0184
0.01844
0.01663
0.01654
0.01649
0.01667
0.01661
0.01652
0.01674
0.01643
0.01635
0.0163
0.01636
0.01632
0.01624
0.01629
0.01628
0.01638
0.01645
0.01634
0.01628
0.01632
0.01646
0.01629
0.01625
0.01626
0.01666
0.01666
0.01652
0.01753
0.01761
0.01741
0.01621
0.01626
0.01631
0.0163
0.0162
0.01618
0.01627
0.01633
0.0162
0.01632
0.01629
0.01629
0.01627
0.0163
0.01631
0.01638
0.01634
0.01629
0.01634
0.01649
0.0165
0.01639
0.0163
0.0164
0.01642
0.01648
0.01637
0.01653
0.01677
0.01674
0.01663
0.01672
0.01663
0.01653
0.01714
0.01661
0.01667
0.01649
0.01649
0.01632
0.01644
0.01657
0.01644
0.01647
0.01657
0.01629
0.01621
0.01617
0.01621
0.01614
0.01629
0.01616
0.0161
