0.40359
0.01878
0.0189
0.01897
0.01874
0.01843
0.01836
0.01816
0.01823
0.01827
0.01818
0.01836
0.01761
0.0171
0.01744
0.01752
0.01723
0.01701
0.01641
0.01646
0.01668
0.01645
0.01666
0.01635
0.01736
0.01637
0.01582
0.01837
0.01616
0.01605
0.0173
0.01722
0.01725
0.01577
0.01595
0.01582
0.0157
0.0158
0.01591
0.01578
0.01568
0.01602
0.01604
0.01569
0.01721
0.01675
0.01583
0.01688
0.01719
0.01712
0.01716
0.01769
0.01724
0.01714
0.01722
0.0171
0.01702
0.01701
0.01714
0.01615
0.01625
0.01586
0.01573
0.01698
0.01706
0.01717
0.01747
0.01701
0.01698
0.01597
0.01563
0.01577
0.01664
0.01764
0.01686
0.01655
0.0169
0.0158
0.0165
0.01732
0.01738
0.01735
0.01733
0.01731
0.01718
0.01705
0.01704
0.01693
0.01563
0.01596
0.0156
0.01569
0.01829
0.01576
0.01585
0.01723
0.01724
0.01716
0.01566
0.01603
0.01573
0.01671
0.01834
0.01879
0.01998
0.01908
0.01733
0.01725
0.01777
0.01736
0.01779
0.0169
0.01698
0.0169
0.01747
0.01686
0.01677
0.0157
0.01582
0.0164
0.01697
0.01704
0.01713
0.0158
0.01613
0.01585
0.01568
0.01694
0.01693
0.017
0.01567
0.01566
0.01601
0.01661
0.01662
0.01686
0.01749
0.01733
0.01749
0.01736
0.01939
0.01769
0.01748
0.01936
0.01926
0.01927
0.01713
0.01765
0.0179
0.01745
0.01727
0.01559
0.01572
0.01558
0.01556
0.01597
0.01588
0.01608
0.01571
0.01554
0.01696
0.01684
0.01699
0.01551
0.01552
0.01611
0.0155
0.01563
0.01553
0.01679
0.01703
0.01895
0.01695
0.0181
0.01568
0.01573
