0.39727
0.02008
0.02064
0.02018
0.02027
0.01972
0.01967
0.02104
0.01966
0.01966
0.0185
0.01979
0.01782
0.01837
0.01869
0.01866
0.01858
0.01763
0.01759
0.01741
0.01729
0.01718
0.01744
0.01741
0.01747
0.01725
0.01805
0.01709
0.01837
0.02002
0.01866
0.01851
0.01842
0.01862
0.01823
0.01702
0.01721
0.01709
0.01739
0.0172
0.01732
0.01729
0.01865
0.01864
0.0196
0.01875
0.02045
0.0191
0.01881
0.01866
0.01861
0.01863
0.01724
0.01754
0.01727
0.01746
0.01725
0.01747
0.01721
0.0175
0.0172
0.01763
0.01737
0.01718
0.01916
0.01762
0.01755
0.01857
0.01854
0.01855
0.01705
0.01726
0.01717
0.01745
0.0171
0.01728
0.01731
0.01826
0.01878
0.01861
0.01882
0.01883
0.02091
0.0189
0.01874
0.0187
0.01871
0.01829
0.01728
0.01796
0.0174
0.01751
0.01765
0.01753
0.01759
0.01772
0.01748
0.01836
0.01867
0.01901
0.01963
0.01965
0.02038
0.01953
0.02258
0.02047
0.01972
0.01903
0.01924
0.0193
0.01969
0.01956
0.01929
0.01938
0.01901
0.019
0.02017
0.01916
0.01906
0.01897
0.01901
0.01771
0.01759
0.01807
0.01767
0.01748
0.01779
0.01746
0.01865
0.01902
0.01952
0.01926
0.01906
0.02157
0.01908
0.01905
0.01902
0.01908
0.01797
0.0176
0.01833
0.01756
0.01765
0.01763
0.0179
0.01803
0.0185
0.01794
0.01866
0.01917
0.02021
0.01932
0.01929
0.01913
0.01903
0.01915
0.01758
0.0177
0.01761
0.01767
0.01783
0.01752
0.01776
0.019
0.01917
0.01939
0.01891
0.01904
0.01933
0.019
0.01881
0.01881
0.01879
0.01733
0.01739
0.01734
0.0174
0.01729
0.01741
0.01752
0.01757
0.01737
0.01767
0.01744
0.0187
0.02053
0.01886
0.01885
0.01868
0.0187
0.01864
0.01729
0.01724
0.01739
0.01735
0.01782
0.01724
0.01747
0.01859
0.01876
0.01947
0.01939
0.0208
0.01938
0.0198
0.01913
0.01895
0.01885
0.01717
0.0176
0.0173
0.0173
0.01714
0.01708
0.01736
0.01726
0.01752
0.01848
0.01722
0.01871
0.02023
0.01899
0.01907
0.01905
0.01899
0.01806
0.01731
0.0192
0.01737
0.0177
0.01749
0.01749
0.01775
0.01895
0.01893
0.01917
0.01768
0.01902
0.01782
0.0184
0.01914
0.01931
0.01937
0.01819
0.01782
0.01773
0.01791
0.01794
0.01788
0.01814
0.01798
0.01827
0.01811
0.01844
0.0196
0.0204
0.01978
0.01942
0.01943
0.01939
0.01793
0.01799
0.01864
0.01881
0.01836
0.01834
0.01891
0.0186
0.01865
0.01893
0.01895
0.01848
0.02129
0.01894
0.02042
0.02037
0.02067
0.01948
0.01902
0.01881
0.01882
0.01887
0.01929
0.02066
0.02107
0.02097
0.02203
0.02119
0.02338
0.02111
0.02097
0.02072
0.02087
0.01962
0.01904
0.01911
0.01941
0.0193
0.0195
0.01962
0.01973
0.0202
0.0243
0.02222
0.02423
0.02182
0.02205
0.02186
0.02226
0.01993
0.01997
0.01985
0.01996
0.02007
0.02038
0.02068
0.02252
0.0219
0.02234
0.02296
0.02265
0.02246
0.02225
0.02223
0.02209
0.02042
0.02128
0.02095
0.02088
0.02103
0.02101
0.02143
0.02095
0.02254
0.02173
0.02192
0.02156
0.02284
0.02332
0.02364
0.02228
0.0221
0.02221
0.02205
0.02277
0.02226
0.02365
0.02509
0.02485
0.02364
0.02377
0.02448
0.02584
0.02581
0.0259
0.02421
0.02751
0.02445
0.02378
0.02397
0.02429
0.02405
