0.32538
0.0172
0.0181
0.01819
0.01977
0.01857
0.0181
0.01807
0.01768
0.01967
0.01777
0.01765
0.01767
0.01767
0.01664
0.01668
0.01683
0.01626
0.01629
0.01636
0.01609
0.01619
0.01625
0.01626
0.01577
0.01648
0.01606
0.01642
0.01646
0.01732
0.01695
0.01654
0.01634
0.01591
0.01568
0.01557
0.01585
0.01647
0.01645
0.01645
0.01652
0.01642
0.01687
0.01657
0.01645
0.01648
0.0163
0.01536
0.0158
0.01537
0.01541
0.01559
0.0154
0.01545
0.01561
0.01571
0.01569
0.01655
0.01845
0.0166
0.01657
0.01634
0.01647
0.01602
0.01635
0.0161
0.0162
0.0163
0.01627
0.01624
0.01639
0.01538
0.01671
0.01732
0.01823
0.01742
0.01738
0.01718
0.01723
0.01631
0.01629
0.01625
0.0163
0.01638
0.01634
0.01653
0.01767
0.01796
0.01762
0.01785
0.01895
0.01782
0.01809
0.01813
0.01801
0.01658
0.01652
0.01704
0.01648
0.01673
0.0167
0.01698
0.01849
0.0193
0.01822
0.01816
0.01911
0.01811
0.01843
0.01821
0.01823
0.0172
0.01786
0.01721
0.01799
0.01767
0.01773
0.01964
0.01666
0.01649
0.01654
0.01741
0.01669
0.0164
0.01631
0.01721
0.01658
0.01668
0.01699
0.01709
0.01718
0.01734
0.01879
0.01898
0.01885
0.01909
0.01871
0.02093
0.01896
0.01935
0.01955
0.01936
0.01813
0.01847
0.01796
0.01784
0.01811
0.0178
0.01812
0.01827
0.01831
0.01959
0.02035
0.0199
0.02022
0.02008
0.02035
0.01852
0.01967
0.02049
0.02138
0.02142
0.02168
0.01895
0.01922
0.02074
0.02191
0.02307
0.0225
0.02183
0.02249
0.02029
0.01968
0.01979
0.022
0.025
0.02575
0.02533
0.02452
0.02575
0.02734
0.02644
0.02921
0.02949
0.02635
0.02676
0.02661
0.02636
0.02802
0.02938
0.03034
0.02796
0.03007
0.03061
0.03447
0.03247
0.03252
0.02752
0.02548
0.02435
0.02334
0.02294
0.02293
0.02623
0.02673
0.02629
0.02516
0.02581
0.02325
0.02318
0.02265
0.02326
0.02303
0.0232
0.02438
0.02448
0.02438
0.02651
0.02492
0.02501
0.02551
0.02336
0.02331
0.02321
0.0232
0.02384
0.02293
0.02328
0.02349
0.0249
0.02694
0.02526
0.02521
0.02489
0.02288
0.02289
0.02328
0.02313
0.02296
0.02318
0.02324
0.02353
0.02293
0.02421
0.0231
0.02478
0.02484
0.02456
0.02534
0.02365
0.0235
0.02391
0.02404
0.02361
0.02362
0.02369
0.02525
0.02514
0.02491
0.02447
0.02455
0.0223
0.02299
0.02242
0.02258
0.02307
0.02479
0.02668
0.02388
0.02508
0.02501
0.02224
0.02237
0.02207
0.02055
0.02099
0.02016
0.02015
0.01974
0.01964
0.02107
0.02146
0.02129
0.01985
0.02015
0.01992
0.02123
0.02187
0.0199
0.01977
0.01996
0.01992
0.02025
0.02028
0.02056
0.02033
0.02086
0.02155
0.02343
0.02183
0.02206
0.02251
0.02246
0.03227
0.02234
0.02112
0.02111
0.0211
0.02116
