0.35376
0.01784
0.0175
0.01745
0.01783
0.01796
0.01701
0.01678
0.01731
0.01685
0.01709
0.0171
0.01676
0.01675
0.01674
0.01691
0.0169
0.01688
0.01685
0.01674
0.01691
0.01699
0.01736
0.01688
0.01681
0.01702
0.01676
0.01681
0.01673
0.01679
0.01695
0.01833
0.01724
0.01783
0.01788
0.01711
0.01723
0.01696
0.01687
0.01678
0.01705
0.01688
0.01678
0.0168
0.01683
0.017
0.01682
0.01677
0.01673
0.01706
0.01701
0.01686
0.01683
0.01679
0.01691
0.01691
0.01719
0.01689
0.01671
0.01682
0.01693
0.01695
0.0169
0.01673
0.01739
0.01693
0.01682
0.01687
0.01673
0.01677
0.01689
0.0168
0.01682
0.01677
0.01674
0.01694
0.01675
0.01741
0.0169
0.01687
0.01754
0.01682
0.01682
0.01731
0.01703
0.01728
0.01693
0.01681
0.01678
0.01714
0.01737
0.01698
0.01682
0.01684
0.01697
0.01694
0.01751
0.01686
0.01681
0.01682
0.01687
0.0183
0.01781
0.01701
0.01787
0.01804
0.01678
0.01692
0.01701
0.01679
0.01705
0.01683
0.01674
0.01684
0.0175
0.01743
0.01679
0.01676
0.01685
0.0168
0.01728
0.01693
0.01673
0.01678
0.01684
0.01782
0.01711
0.01688
0.01685
0.01684
0.01685
0.01688
0.01688
0.01702
0.01676
0.01741
0.01698
0.0173
0.01709
0.01689
0.01687
0.01698
0.01679
0.01696
0.01684
0.01689
0.01707
0.01679
0.01689
0.01702
0.01692
0.01707
0.01677
0.01697
0.01774
