0.33343
0.01801
0.01871
0.01769
0.01726
0.01718
0.01797
0.01797
0.0179
0.01702
0.01688
0.01669
0.01671
0.01621
0.01615
0.01609
0.01613
0.01609
0.01605
0.01616
0.01583
0.01548
0.01532
0.01537
0.01538
0.01533
0.01523
0.01522
0.01531
0.01515
0.01512
0.01526
0.0153
0.01515
0.01515
0.01518
0.01516
0.01511
0.01516
0.01524
0.01516
0.0154
0.01525
0.01525
0.01525
0.01521
0.01519
0.01514
0.0152
0.01535
0.01525
0.01527
0.0152
0.01522
0.01525
0.01512
0.01509
0.01514
0.01536
0.01527
0.01517
0.01526
0.01516
0.01542
0.01524
0.01531
0.01514
0.01517
0.0152
0.01537
0.01519
0.01513
0.01518
0.01516
0.0151
0.01514
0.01528
0.01526
0.01577
0.01521
0.01519
0.01517
0.01514
0.01522
0.01517
0.01545
0.01531
0.01519
0.01514
0.01505
0.01515
0.01514
0.01509
