0.38846
0.01726
0.01754
0.01808
0.01742
0.01698
0.01703
0.0173
0.01654
0.01749
0.01664
0.01674
0.01822
0.01837
0.01711
0.01705
0.0172
0.01715
0.01723
0.01723
0.0172
0.01788
0.01749
0.01704
0.01707
0.01709
0.01766
0.01777
0.01715
0.01707
0.01817
0.01753
0.01748
0.01701
0.01718
0.01827
0.01763
0.01717
0.01722
0.01716
0.01785
0.01785
0.0169
0.01785
0.01771
0.01759
0.01758
0.01779
0.01759
0.01746
0.01739
0.01729
0.01749
0.01764
0.01697
0.01857
0.01688
0.01719
0.01681
0.01667
0.01651
0.01653
0.01656
0.01783
0.01669
0.01706
0.0166
0.01545
0.01543
0.01556
0.01544
0.01554
0.01568
0.0154
0.01521
0.01519
0.01535
0.01515
0.01516
0.01524
0.01516
0.01514
0.01561
0.01727
0.01585
0.0166
0.01644
0.01677
0.01628
0.0163
0.01643
0.01529
0.01525
0.01533
0.01537
0.01628
0.01626
0.01637
0.01522
0.01505
0.01514
0.01849
0.01752
0.01832
0.01731
0.01789
0.01678
0.01668
0.01668
0.01654
0.01628
0.01666
0.01692
0.01618
0.0161
0.0152
0.01555
0.01549
0.01662
0.01666
0.0166
0.01657
0.01642
0.01635
0.01636
0.01658
0.01644
0.01883
0.01676
0.01669
0.01656
0.01508
0.01504
0.01515
0.01524
0.01531
0.01539
0.01516
0.0162
0.01753
0.01657
0.01675
0.01665
0.01653
0.01659
0.01656
0.01728
0.01644
0.01674
0.01664
0.0179
0.01673
0.01664
0.01654
0.01581
0.01534
0.01532
0.01531
0.0154
0.01558
0.0152
0.0152
0.0152
0.01539
0.01759
0.01629
0.01634
0.01659
0.01592
0.01544
0.01517
0.01772
0.01753
0.0165
0.01647
0.01551
0.01945
0.02117
0.01845
0.01833
0.01863
0.01864
0.01808
0.01897
0.0181
0.01736
0.01733
0.01813
0.01843
0.018
0.01741
0.0173
0.0175
0.01824
0.01812
0.01753
0.01718
0.01723
0.01807
0.01854
0.0182
0.01834
0.01794
0.01936
0.02368
0.01783
0.01766
0.01898
0.01834
0.01934
0.01747
0.01727
0.01855
