0.34345
0.02083
0.02191
0.01928
0.02084
0.02059
0.0187
0.01866
0.01857
0.0185
0.01843
0.01872
0.01828
0.01822
0.01891
0.0183
0.01838
0.01804
0.01788
0.01781
0.01769
0.01789
0.01764
0.01762
0.01758
0.01745
0.01782
0.01759
0.01758
0.01746
0.01741
0.01762
0.01938
0.0191
0.01898
0.01878
0.01895
0.01962
0.01959
0.01918
0.01897
0.01899
0.0192
0.01906
0.01903
0.0189
0.01921
0.01906
0.01903
0.01878
0.01916
0.02006
0.01964
0.01944
0.01923
0.01909
0.01888
0.01873
0.01858
0.01845
0.01859
0.01881
0.01865
0.01853
0.01834
0.01836
0.01849
0.01878
0.01878
0.01864
0.01692
0.01659
0.01661
0.0165
0.01662
0.01702
0.01681
0.01671
0.01652
0.0165
0.01662
0.01662
0.01664
0.01736
0.01655
0.01662
0.01657
0.01661
0.01669
0.01668
0.0167
0.01664
0.01658
0.01664
0.01684
0.01835
0.01814
0.0182
0.01654
0.01651
0.01832
0.01911
0.01874
0.01837
0.01935
0.01972
0.01849
0.01838
0.01826
0.01823
0.01823
0.01833
0.01863
0.01842
0.0184
0.01846
0.01842
0.01842
0.01901
0.01857
0.01869
0.01849
0.01843
0.01846
0.01892
0.01891
0.01889
0.01915
0.01934
0.01946
0.01953
0.01954
0.01953
0.01952
0.01985
0.01961
0.01965
0.01976
0.0196
0.01953
0.02002
0.01967
0.0198
0.01995
0.01983
0.01988
0.01979
0.01973
0.02008
0.02001
0.01984
0.01977
0.01972
0.01976
0.01976
0.01971
0.0196
0.01963
0.0204
0.01989
0.01988
0.01946
0.01945
0.01942
0.01915
0.01908
0.01905
0.01964
0.01903
0.01879
0.0188
0.01875
0.01899
0.01876
0.01876
0.0186
0.01857
0.01887
0.01857
0.01856
0.0184
0.01845
0.01846
0.01865
0.01846
0.0184
0.01824
0.01826
0.01813
0.01834
0.01658
0.01894
0.01954
0.01919
0.01889
0.01873
0.01875
0.01883
0.01823
0.01657
0.01651
0.0177
0.01756
0.01777
0.01756
0.0165
0.01663
0.01672
0.01662
0.01666
0.01653
0.01666
0.01656
0.0165
0.01651
0.01657
0.01661
0.0166
0.01655
0.01659
0.01653
0.01663
0.01697
0.01657
0.01659
0.01648
0.01656
0.01665
0.01654
0.01665
0.01654
0.0165
0.01665
0.01651
0.01657
0.01669
0.01653
0.01688
0.01661
0.01665
0.01662
0.01676
0.01668
0.01654
0.01688
0.01665
0.01651
0.01665
0.01659
0.01652
0.01657
0.01647
0.01669
0.01722
0.01654
0.01654
0.0165
0.01655
0.01654
0.01658
0.01676
0.0166
0.01651
0.0166
0.0165
0.01669
0.01659
0.01653
0.01679
0.01657
0.01654
0.01652
0.01659
0.01687
0.01658
0.01656
0.01654
0.0165
0.01667
0.01661
0.01655
0.01652
0.01652
0.02023
0.02187
0.02263
0.0227
0.0216
0.02102
0.02002
0.01974
0.01981
0.01979
0.01975
0.0197
0.01977
0.01965
0.02031
0.02059
0.0199
0.01996
0.02168
0.02168
0.02281
0.02218
0.02004
0.02007
0.02025
0.01993
0.0197
0.0194
0.01954
0.02108
0.02121
0.02126
0.02125
0.02093
0.02124
0.02099
0.02132
0.02138
0.0212
0.02122
0.02128
0.02095
0.0209
0.02033
0.02027
0.02009
0.02008
0.01971
0.019
0.02082
0.02112
0.02142
0.02121
0.02103
0.02116
0.02122
0.0212
0.02084
0.02082
0.02077
0.0211
0.01957
0.01958
0.01956
0.01956
0.01951
0.0196
0.01946
0.01947
0.01961
0.01972
0.01974
0.02017
0.02034
0.0201
0.01984
0.01957
0.01934
0.01939
0.01934
0.01913
0.01913
0.01925
0.0192
0.02014
0.01953
0.0197
0.01971
0.01988
0.01985
0.01944
0.01944
0.01961
0.02002
0.01977
0.01967
0.01979
0.01972
0.02017
0.01982
0.01989
0.01989
0.01994
0.02
0.0198
0.01997
0.01976
0.01984
0.01978
0.01958
0.01959
0.01963
0.01981
0.02006
0.01981
0.01987
0.02011
0.02052
0.02119
0.02094
0.02144
0.02209
0.02213
0.02116
0.02175
0.02123
0.02052
0.02008
0.01995
0.01981
0.02038
0.01996
0.0196
0.01967
0.01973
0.01953
0.01932
0.01929
0.01915
0.01903
0.01937
0.01938
0.01899
0.01885
0.01871
0.01905
0.01873
0.01868
0.02076
0.02053
0.02067
0.02036
0.02052
0.02043
0.02059
0.01964
0.01947
0.01943
0.01959
0.01964
0.01956
0.02073
0.0206
0.02037
0.02011
0.01971
0.01974
0.01989
0.01986
0.01998
0.01927
0.01899
0.01831
0.01904
0.01912
0.01873
0.01848
0.01832
0.01674
0.01664
0.01653
0.0165
0.01646
0.0168
0.01658
0.01647
0.01647
0.01647
0.01654
0.01652
0.0166
0.01663
0.01653
0.01653
0.01651
0.01657
0.01651
0.01655
0.01668
0.01683
0.01657
0.01653
0.0165
0.01667
0.01672
0.0166
0.01655
0.01658
0.01658
0.01681
0.01658
0.01659
0.01655
0.0166
0.01686
0.01655
0.01657
0.01662
0.01768
0.02265
0.01814
0.01778
0.01666
0.01669
0.01671
0.01672
0.01678
0.01649
0.01666
0.01684
0.01652
0.01662
0.01654
0.01658
0.0166
0.01653
0.01663
0.01652
0.01661
0.01825
0.01691
0.01686
0.01665
0.01667
0.0169
0.01661
0.01661
0.01662
0.01659
0.01671
0.01655
0.01655
0.01656
0.01654
0.01678
0.01658
0.01665
0.01656
0.01657
0.01683
0.01663
0.01657
0.01657
0.01655
0.01662
0.01722
0.01672
0.01677
0.01659
0.01669
0.01654
0.01661
0.01659
0.01652
0.01698
0.01661
0.01653
0.01654
0.01665
0.01685
0.01667
0.01651
0.01655
0.01651
0.01651
0.01662
0.01653
0.01656
0.01702
0.01655
0.01696
0.01657
0.01707
0.01685
0.01658
0.01881
0.01651
0.01706
0.01652
0.01653
0.01686
0.01833
0.01902
0.01853
0.01914
0.01699
0.01658
0.0171
0.0165
0.01652
0.01668
0.01653
0.01693
0.0166
0.01652
0.01666
0.01652
0.01672
0.01778
0.01732
0.01704
0.01759
0.01766
0.0165
0.01661
0.0167
0.0165
0.01676
0.01873
0.01877
0.01869
0.01829
0.01865
0.01844
0.01655
0.01672
0.01656
0.01654
0.0165
0.01651
0.01662
0.01652
0.01675
0.0166
0.01653
0.01673
0.0166
0.01658
0.01654
0.01654
0.01689
0.01659
0.01651
0.01651
0.01655
0.01685
0.01658
0.01653
0.01665
0.01651
0.0167
0.01658
0.01655
0.01654
0.01654
0.01652
0.01757
0.01672
0.0167
0.01671
0.01656
0.01665
0.01653
0.01652
0.01659
0.01655
0.01658
0.01651
0.01657
0.01656
0.01657
0.01698
0.01859
0.01665
0.01656
0.01652
0.01881
0.01655
0.01848
0.01655
0.02004
0.02031
0.02058
0.02045
0.02055
0.02101
0.02104
0.02051
0.02088
0.0205
0.02053
0.02044
0.0207
0.02062
0.02074
0.02103
0.02079
0.0207
0.02068
0.02089
0.02079
0.02061
0.02077
0.02075
0.02074
0.02055
0.0216
0.02111
0.02165
0.02256
0.02234
0.02165
0.02088
0.02129
0.02001
0.02241
0.02038
0.02017
0.0198
0.01957
0.02115
0.02124
0.02125
0.02122
0.02133
0.02126
0.02125
0.02144
0.02137
0.02146
0.02126
0.02139
0.02125
0.02125
0.02088
0.02099
0.02108
0.02108
0.02109
0.02114
0.02137
0.02102
0.02092
0.02087
0.0208
0.02094
0.02092
0.02099
0.02108
0.02118
0.02083
0.02044
0.02049
0.02041
0.02109
0.02085
0.02115
0.02147
0.02131
0.02153
0.02136
0.0213
0.02135
0.02166
0.02098
0.02099
0.0211
0.02112
0.02136
0.02102
0.02122
0.02145
0.02124
0.0218
0.02148
