1363	504	56	51
1363	498	55	51
1363	492	55	51
1362	488	54	50
1365	488	52	47
1368	488	50	45
1366	487	52	44
1368	482	50	47
1366	478	53	50
1367	481	53	48
1365	477	56	52
1316	494	46	44
1317	490	47	44
1318	486	49	43
1321	482	49	42
1325	478	49	42
1397	463	51	66
1330	471	50	40
1332	469	50	39
1410	465	52	68
1413	462	52	69
1417	462	51	70
1420	461	49	70
1424	462	48	72
1429	461	46	71
1435	458	46	74
1443	458	45	72
1449	458	46	71
1455	457	45	71
1460	459	45	69
1465	459	45	67
1470	458	44	67
1471	457	44	66
1471	459	43	65
1470	461	43	63
1469	464	43	61
1469	470	42	54
1470	469	41	55
1471	471	42	53
1471	468	43	52
1477	468	41	53
1386	432	55	54
1392	436	53	48
1483	475	42	48
1396	440	56	45
1480	476	62	47
1479	475	66	48
1481	478	69	47
1410	446	57	41
1411	444	56	43
1486	477	66	51
1487	475	63	52
1486	478	63	50
1485	479	62	49
1482	480	62	49
1484	480	58	50
1483	479	59	52
1483	478	59	55
1485	480	58	53
1493	479	52	53
1495	477	53	53
1497	477	51	55
1500	476	49	56
1500	477	49	57
1499	477	48	57
1496	478	49	54
1497	478	44	54
1497	478	43	56
1486	479	53	60
1486	487	55	51
1487	492	54	43
1493	485	50	49
1492	489	52	46
1502	491	48	42
1412	468	52	35
1410	468	53	37
1405	468	55	36
1402	469	59	37
1401	468	61	40
1398	467	64	39
1399	468	65	38
1401	463	65	47
1402	465	66	46
1403	470	68	40
1410	473	65	35
1417	466	60	40
1417	463	61	45
1424	465	54	41
1420	465	56	40
1425	461	49	46
1428	461	45	49
1421	461	50	49
1425	462	46	48
1431	466	41	44
1438	468	36	40
1437	468	35	32
1438	468	34	33
1439	460	33	44
1440	460	31	46
1439	458	31	46
1440	457	28	45
1439	457	29	47
1438	457	27	47
1434	458	30	45
1430	456	31	44
1428	458	31	42
1424	458	33	42
1422	457	34	41
1421	455	34	39
1420	453	35	40
1420	453	35	40
1417	451	36	42
1417	450	36	40
1416	450	36	41
1406	449	47	37
1401	447	49	38
1400	447	49	38
1396	444	58	43
1398	444	58	38
1397	444	58	38
1397	433	60	45
1396	434	62	44
1395	435	62	44
1393	443	65	32
1394	443	65	33
1392	441	65	36
1391	442	66	38
1392	442	66	38
1391	445	68	40
1477	446	43	61
1477	446	43	60
1472	446	47	62
1463	445	49	61
1463	444	49	62
1460	445	50	60
1454	445	50	57
1449	446	52	54
1429	444	66	76
1431	445	62	82
1430	445	60	89
1427	443	62	96
1429	444	60	96
1428	444	54	99
1423	444	53	104
1421	445	56	104
1412	447	63	115
1410	449	63	108
1405	344	62	108
1404	347	59	76
1405	352	52	38
1403	353	55	34
1401	354	57	33
1397	353	61	39
1394	352	65	42
1393	351	66	43
1392	351	69	43
1392	347	73	46
1391	345	77	49
1398	343	70	46
1405	342	62	42
1407	340	61	42
1406	338	60	43
1403	337	63	48
1405	335	61	49
1402	332	66	57
1393	329	75	59
1393	325	77	64
1396	322	76	62
1400	319	73	56
1410	313	65	50
1419	309	57	48
1420	304	57	48
1417	300	62	52
1410	296	73	74
1412	292	75	69
1412	289	81	67
1414	288	79	61
1416	286	79	63
1417	286	81	55
1419	283	82	53
1422	283	80	50
1424	288	81	36
1425	288	85	35
1429	287	83	30
1434	280	82	34
1435	273	82	43
1437	273	84	46
1437	275	84	47
1442	278	82	47
1442	280	86	46
1446	285	88	42
1461	288	76	41
1465	293	76	40
1470	294	77	42
1473	296	80	40
1476	293	79	45
1477	286	81	49
1481	285	80	45
1484	285	81	45
1495	280	73	52
1494	277	78	57
1497	275	77	54
1501	274	75	45
1504	270	75	43
1504	267	77	45
1509	262	74	49
1506	255	78	50
1518	246	66	51
1519	240	66	53
1520	234	67	52
1524	229	65	52
1528	222	64	52
1530	219	64	52
1531	216	62	49
1532	215	59	48
1532	212	57	49
1533	209	52	45
1537	203	46	44
1536	204	45	40
1533	200	47	40
1532	200	46	41
1532	188	49	48
1533	187	51	47
1528	187	61	54
1533	179	59	57
1533	178	63	51
1533	177	66	46
1532	170	69	51
1530	166	73	54
1530	169	76	49
1528	167	80	46
1526	155	83	58
1524	156	85	58
1520	161	89	51
1516	166	91	44
1513	159	94	53
1534	158	81	51
1525	162	89	46
1513	165	102	42
1516	159	104	51
1522	158	101	53
1522	166	102	47
1522	168	106	45
1532	167	97	48
1531	164	97	54
1536	168	91	56
1540	176	87	51
1536	115	68	52
1544	181	81	54
1545	189	80	50
1545	192	80	51
1529	131	74	54
1556	194	75	56
1559	197	73	56
1690	147	41	65
1546	150	67	48
1544	150	71	60
1538	158	75	52
1537	166	75	45
1537	162	74	59
1535	164	77	57
1537	172	75	49
1603	173	73	75
1611	176	56	67
1540	175	88	69
1546	177	104	77
1547	184	92	77
1536	190	91	74
1523	187	101	79
1506	192	117	80
1487	198	132	82
1471	204	148	80
1726	240	146	75
1781	242	91	76
1774	246	87	77
1766	245	86	79
1760	249	81	74
1758	254	73	70
1747	267	73	61
1745	268	66	65
1728	262	75	74
1721	265	71	72
1533	237	78	54
1525	244	84	49
1431	240	88	97
1422	247	94	101
1422	255	95	101
1223	290	110	80
1210	301	110	75
1194	313	82	70
1176	320	86	70
1160	327	82	70
1143	333	78	72
1127	337	77	76
1109	346	81	75
1095	355	84	76
1080	360	79	77
1070	363	82	83
1060	370	93	84
1049	376	95	87
1038	379	88	92
1021	378	84	102
1002	384	86	103
990	400	84	87
975	406	67	93
968	419	50	85
965	427	43	80
959	434	41	79
950	440	45	78
940	448	50	73
931	462	58	65
920	467	66	65
912	474	74	62
904	474	80	64
898	475	85	67
894	472	90	73
889	478	96	70
890	481	95	70
892	478	91	75
891	481	91	73
887	489	96	67
894	491	89	67
895	490	90	68
885	490	100	70
879	488	105	73
881	488	104	72
883	488	101	72
874	488	106	72
877	486	98	73
875	484	109	74
875	483	107	72
903	481	79	70
875	477	105	70
872	473	106	71
868	471	106	72
864	467	106	74
860	465	107	75
856	462	104	76
851	459	106	78
851	456	103	77
850	452	100	77
850	448	98	78
852	446	93	77
853	441	92	78
853	436	89	77
847	433	91	76
851	428	84	74
846	424	85	71
840	415	90	74
847	415	83	63
850	409	83	60
848	399	86	65
842	382	95	83
841	381	96	75
839	386	98	61
834	385	106	59
841	367	102	74
843	360	98	78
846	362	98	73
850	365	98	70
858	361	92	74
863	356	92	80
869	357	90	80
873	360	88	79
871	358	90	83
870	358	93	85
869	360	93	85
872	361	89	86
874	361	87	87
877	362	84	86
864	364	99	85
871	364	95	86
882	367	84	85
892	366	76	85
893	367	76	85
892	369	76	84
895	371	71	85
895	374	71	84
892	377	71	84
891	381	74	82
887	387	76	80
879	394	90	78
882	397	84	81
883	399	83	85
878	404	89	84
883	407	85	86
883	411	87	87
885	417	88	86
888	422	91	87
1047	217	100	76
1035	214	99	87
1023	220	103	90
1008	232	108	86
993	243	112	83
977	245	125	87
960	253	132	88
893	445	111	108
904	455	101	103
903	462	104	101
926	493	83	74
923	501	90	70
926	500	91	77
928	505	93	77
924	515	100	74
926	522	101	69
926	517	104	82
928	525	104	79
926	536	107	67
920	540	115	67
931	536	109	79
934	541	109	79
930	548	115	72
940	560	148	64
946	565	135	63
955	561	115	73
953	556	105	85
965	563	97	78
973	575	93	72
978	584	93	69
980	586	92	77
984	589	90	81
977	588	97	90
990	608	86	79
994	620	84	75
992	620	87	83
992	624	91	86
990	624	98	91
991	638	101	84
992	633	106	93
997	648	106	85
995	658	112	83
996	672	113	77
1007	680	107	75
1009	683	106	78
1007	686	108	82
1010	686	109	89
1002	695	120	86
1011	703	116	85
1023	707	110	85
1033	708	104	89
1034	712	106	92
1044	724	98	83
1052	741	90	71
1054	747	86	68
1042	742	97	76
1060	750	79	69
1069	746	67	73
1089	596	86	69
1096	607	83	54
1101	604	84	58
1102	597	84	62
1099	590	88	67
1088	590	94	69
1101	603	79	58
1096	606	83	58
1093	602	87	66
1093	605	88	68
1098	613	87	58
1096	615	95	59
1102	615	94	60
1112	606	90	68
1099	606	105	67
1090	612	116	61
1086	612	120	61
1101	610	108	67
1106	616	99	66
1127	621	109	74
1131	624	100	72
1132	622	94	77
1135	622	87	80
1139	621	83	76
1130	624	95	76
1134	628	96	74
1124	625	106	72
1123	623	111	76
1119	622	117	80
1107	637	129	68
1111	639	126	71
1244	563	126	80
1240	565	126	75
1237	566	125	67
1243	561	115	69
1246	553	107	81
1245	555	104	73
1245	556	98	69
1249	546	93	77
1252	536	90	87
1252	534	92	86
1244	537	103	82
1248	535	105	82
1249	523	107	93
1251	514	110	101
1251	513	113	102
1244	516	120	98
1260	509	106	94
1275	495	94	79
1280	488	94	83
1283	492	95	71
1288	495	99	62
1301	491	96	64
1309	488	97	71
1312	486	104	78
1317	495	109	74
1323	498	116	65
1335	486	114	71
1339	476	140	83
1347	470	141	84
1346	473	144	75
1352	472	139	73
1356	461	133	88
1364	462	126	87
1377	465	116	82
1388	464	111	82
1398	458	107	86
1409	457	107	86
1411	455	116	83
1412	455	122	80
1416	446	126	87
1435	446	116	86
1445	452	117	79
1440	456	136	77
1449	455	131	78
1454	442	128	93
1456	436	129	99
1467	441	127	78
1492	438	156	76
1501	436	139	79
1507	437	124	83
1512	447	116	72
1508	453	123	67
1527	443	110	75
1527	439	114	83
1525	445	118	80
1528	452	119	77
1546	448	100	84
1545	447	103	88
1556	451	94	86
1558	457	98	83
1565	457	95	84
1569	458	95	86
1569	459	100	88
1571	459	97	88
1573	462	94	86
1571	465	90	86
1570	466	86	85
1562	464	88	86
1559	463	83	87
1528	463	105	86
1537	464	91	86
1532	472	91	77
1542	478	77	70
1540	471	76	78
1532	465	85	84
1535	465	85	84
1532	474	89	74
1529	476	91	72
1521	472	98	77
1519	467	102	88
1512	473	103	84
1508	481	105	80
1502	485	109	80
1495	480	114	91
1518	497	91	77
1535	511	75	68
1534	515	77	68
1532	518	79	70
1530	521	81	70
1525	523	80	74
1520	527	82	73
1513	529	91	74
1515	532	100	76
1509	535	98	74
1510	541	93	72
1508	543	89	71
1499	543	90	70
1498	546	90	68
1504	547	81	67
1504	549	80	66
1501	551	82	64
1506	552	75	65
1503	552	74	64
1499	554	74	62
1496	554	75	61
1496	554	74	61
1495	554	73	61
1495	555	72	60
1492	558	74	58
1487	560	77	57
1489	563	73	55
1489	565	72	55
1485	564	77	57
1484	553	77	73
1481	562	79	63
1480	569	83	55
1476	568	89	59
1481	565	88	65
1478	568	93	62
1479	571	97	62
1480	573	100	62
1479	573	103	65
1480	573	105	66
1481	574	106	65
1488	575	103	65
1488	575	107	65
1495	573	104	67
1497	573	106	68
1503	573	107	68
1511	572	104	68
1532	573	89	67
1533	572	93	68
1542	573	89	67
1531	575	102	63
1543	577	97	61
1541	578	103	60
1556	576	98	62
1566	575	114	57
1567	576	108	54
1568	575	108	56
1588	569	95	62
1583	568	103	63
1589	567	101	61
1612	565	85	62
1621	561	81	66
1631	557	78	70
1634	559	84	70
1645	565	84	61
1655	571	86	57
1667	571	85	57
1674	565	91	62
1679	563	95	64
1759	673	91	52
1787	676	69	45
1795	672	72	50
1721	558	90	69
1735	558	89	68
1750	559	88	66
1760	558	89	65
1768	558	92	65
1775	558	96	65
1784	559	95	64
1791	559	92	62
1797	556	91	64
1715	520	91	95
1811	557	89	64
1816	557	90	65
1821	558	91	64
1828	559	88	65
1833	561	82	64
1838	562	77	63
1737	547	117	84
1832	560	81	66
1848	559	67	66
1742	553	120	81
1751	560	121	75
1761	566	114	69
1763	569	115	65
1771	560	132	75
1778	562	125	73
1782	565	132	72
1789	558	127	79
1793	558	122	88
1794	565	120	92
1789	577	122	78
1793	582	115	71
1816	588	100	64
1822	585	97	64
1825	581	92	64
1832	577	83	67
1847	568	70	78
1850	563	66	96
1855	569	62	91
1854	578	64	76
1858	581	59	66
1861	582	57	62
1863	578	54	66
1869	576	48	63
1875	575	43	60
1880	569	37	62
1884	568	34	67
1888	571	30	56
1891	574	27	54
1892	575	26	62
1893	577	25	65
1892	579	26	65
1889	581	29	66
1887	584	32	68
1886	589	32	64
1884	592	34	60
1883	594	35	56
1883	596	35	54
1884	598	35	49
1884	599	34	46
1884	601	35	43
1882	603	36	38
1881	605	37	32
1881	608	37	28
1883	609	36	24
1885	611	33	21
1886	614	32	16
1888	614	30	17
1886	615	32	18
1889	614	30	23
1890	612	29	27
1890	610	29	32
1887	610	31	31
1884	613	33	26
1882	616	35	23
1879	618	38	21
1877	617	41	25
1877	617	41	29
1877	619	41	27
1877	621	39	24
1878	621	37	24
1877	619	39	28
1878	617	39	33
1880	616	37	34
1883	617	36	31
1884	618	35	28
1885	619	33	24
1887	618	32	26
1887	616	32	27
1889	614	29	30
1889	612	30	33
1890	613	28	33
1893	618	26	29
1895	619	24	28
1897	619	22	26
1898	619	21	27
1897	620	21	26
1896	620	24	25
1895	620	23	24
1894	618	24	25
1894	619	24	24
1895	620	24	22
1895	621	24	22
1895	622	23	21
1895	622	23	20
1896	622	23	22
1893	622	26	23
1870	665	37	27
1868	668	39	25
1865	669	44	24
1861	670	51	23
1861	671	51	24
1860	671	53	24
1858	671	54	26
1857	672	56	25
1853	673	62	23
1849	675	67	24
1849	676	68	24
1847	676	71	27
1848	676	70	29
1855	676	63	29
1861	677	56	30
1861	678	56	30
1862	678	55	32
1861	678	55	36
1856	679	61	38
1857	681	60	39
1856	683	62	37
1862	686	55	31
1871	687	43	26
1870	688	42	24
1868	690	43	23
1864	691	48	23
1860	692	55	23
1859	693	57	25
1857	694	59	27
1858	696	58	27
1858	698	56	28
1857	700	56	27
1854	701	59	29
1851	702	61	32
1850	705	61	31
1845	708	64	29
1844	710	62	29
1841	711	62	29
1842	713	58	30
1841	714	60	30
1839	715	65	30
1840	717	63	28
1839	720	61	26
1841	723	57	25
1839	726	54	24
1837	728	53	24
1835	728	50	26
1837	728	44	27
1836	729	44	27
1834	731	46	26
1832	732	49	27
1830	735	51	27
1829	737	51	26
1829	740	50	26
1828	742	49	25
1829	745	48	23
1828	747	49	23
1829	748	49	23
1829	750	51	24
1826	751	57	27
1818	749	66	33
1816	745	67	39
1817	747	63	39
1819	750	55	37
1823	754	46	35
1824	758	44	33
1827	763	42	32
1827	766	43	32
1830	769	42	33
1831	771	41	34
