385	378	90	117
381	379	90	118
380	380	86	118
377	384	84	117
375	391	80	111
371	398	81	103
366	407	80	96
362	411	79	97
353	408	84	101
350	413	86	99
352	416	81	95
346	416	85	97
349	416	82	98
339	423	92	92
346	437	84	79
337	445	90	82
337	445	91	88
341	446	94	92
334	445	106	96
325	447	118	97
317	449	119	98
305	451	128	99
301	450	128	100
295	454	136	98
287	459	147	95
282	457	152	96
273	460	157	95
264	464	164	93
252	465	177	91
241	469	187	89
232	471	197	87
221	474	209	84
211	477	221	81
197	480	235	79
193	483	233	78
184	485	222	80
182	486	196	80
179	490	196	79
180	493	191	79
181	494	181	79
181	497	182	77
175	500	191	77
168	502	207	98
162	504	219	110
132	328	172	110
126	314	183	112
125	309	190	126
125	301	193	134
121	293	192	132
116	285	184	134
112	278	184	135
112	269	188	143
115	261	192	144
117	254	192	145
114	248	191	151
106	241	212	173
92	238	212	168
83	232	202	166
77	226	206	156
73	220	216	157
69	213	233	147
59	207	251	154
54	203	247	147
45	199	230	137
40	194	259	163
31	188	253	163
24	186	241	146
21	182	246	143
22	177	255	148
17	175	264	147
12	174	267	145
12	171	259	141
8	169	253	138
5	167	247	139
1	164	239	143
1	163	228	141
4	160	202	123
4	157	204	126
7	153	203	128
9	150	183	126
6	145	155	123
2	137	136	124
0	132	129	128
-1	132	116	129
75	575	108	82
69	577	113	77
64	579	115	76
59	581	123	76
54	584	130	75
46	588	138	75
41	591	149	76
40	594	149	75
38	598	152	73
43	603	147	72
49	606	149	79
55	609	147	80
57	612	141	81
57	617	132	80
55	622	124	80
50	629	118	81
40	633	111	83
40	637	106	84
41	639	116	88
50	640	95	92
61	642	86	101
57	643	94	102
59	644	96	107
70	644	88	107
70	645	92	110
66	645	102	111
63	644	109	111
65	646	112	116
66	645	114	118
86	644	100	115
80	644	111	113
69	643	124	116
60	642	136	110
61	642	136	119
65	642	133	117
64	642	135	116
70	642	131	110
72	641	129	118
90	640	119	112
100	641	102	112
100	639	101	115
94	640	107	109
87	640	114	111
85	640	116	118
84	640	116	115
90	641	112	107
95	641	109	107
94	643	107	110
101	642	101	113
103	641	96	120
108	640	87	118
112	641	85	121
117	640	82	123
119	640	87	122
126	639	85	117
127	637	85	122
122	637	92	121
116	635	102	124
109	632	111	121
104	631	119	127
105	629	118	128
106	628	117	127
113	626	111	126
131	624	94	124
137	623	91	126
135	621	95	132
128	620	104	134
122	620	111	134
122	618	112	132
125	618	110	131
138	615	106	132
161	611	88	136
164	608	101	138
159	607	110	149
159	606	110	150
149	602	125	161
143	597	133	152
143	599	135	154
135	597	141	145
138	598	137	144
139	595	137	147
158	594	120	127
158	593	120	124
164	593	116	125
169	590	115	129
171	590	114	128
170	588	117	126
167	584	124	130
167	585	124	129
163	584	128	128
163	583	129	136
163	582	128	136
169	581	122	141
183	580	110	140
195	579	103	140
193	578	108	139
191	577	111	141
189	575	116	142
180	575	124	144
176	573	128	141
174	573	130	145
179	571	126	147
185	570	123	139
204	561	171	138
207	560	165	140
205	558	169	142
199	557	174	145
191	556	182	146
186	555	179	145
186	554	177	143
196	554	176	139
204	554	173	137
212	551	163	143
218	551	161	137
220	548	162	139
215	548	163	137
211	547	166	140
212	545	168	145
214	547	162	140
217	544	164	143
240	542	143	146
250	541	132	142
250	538	128	128
242	536	137	127
237	534	138	131
237	532	144	142
238	531	142	147
246	533	134	148
255	533	127	149
258	531	121	145
259	529	118	136
265	528	111	127
284	528	89	102
278	527	95	101
274	527	98	102
270	525	104	112
278	525	97	106
298	526	77	102
307	525	77	102
308	526	67	98
307	526	67	98
305	526	70	100
297	526	79	104
299	527	77	100
299	528	74	101
308	528	66	98
326	530	47	92
318	529	56	90
309	531	65	92
305	537	68	87
299	534	74	91
293	534	81	98
286	527	88	100
276	535	97	89
270	545	102	83
258	546	119	130
257	541	122	139
258	548	122	135
256	550	123	134
257	553	121	131
267	553	107	105
257	557	118	121
259	556	120	125
259	556	121	128
269	555	107	105
259	556	122	128
260	555	119	129
259	556	123	129
259	554	120	129
258	554	122	130
259	555	121	131
259	554	120	129
259	555	122	129
296	554	78	97
299	553	75	73
292	554	81	69
294	555	81	69
295	554	78	70
290	553	82	71
302	553	71	69
297	554	77	67
292	554	81	67
299	554	74	65
301	554	72	66
309	553	64	68
326	551	49	67
325	552	49	66
326	552	48	66
327	552	47	67
327	549	47	72
322	551	51	69
323	553	53	66
326	553	49	65
326	554	48	64
326	553	48	65
326	554	48	65
325	553	49	65
326	553	48	65
326	554	48	64
325	553	49	64
326	553	48	64
325	553	48	64
326	553	48	65
326	553	48	66
326	552	48	65
327	552	48	66
326	553	48	66
326	553	48	65
326	553	48	65
326	554	48	65
325	553	48	66
326	554	48	65
326	553	48	65
326	553	48	66
326	553	48	66
326	553	49	66
326	553	48	65
326	553	48	65
326	553	48	65
326	554	48	65
326	554	48	65
326	554	48	65
326	554	48	65
326	553	49	65
326	553	48	65
326	553	49	65
326	553	49	65
326	554	49	65
325	553	49	65
326	553	49	64
326	553	48	65
326	553	48	64
326	553	48	64
325	553	49	64
326	553	49	65
325	553	48	64
325	553	49	64
325	554	49	64
326	553	48	65
329	553	48	64
327	553	48	64
326	553	48	64
326	553	48	64
326	554	48	65
326	554	48	64
326	553	48	66
326	553	48	65
325	553	48	65
326	553	48	65
326	553	48	64
326	553	48	65
326	553	48	65
326	552	48	65
327	553	48	65
326	553	48	65
326	554	49	63
327	551	49	65
327	552	49	64
327	553	48	65
326	553	49	65
326	552	48	65
327	553	47	63
327	553	48	63
328	552	48	63
327	553	47	63
328	552	48	62
328	551	47	64
327	552	47	63
328	551	47	64
327	552	46	64
328	552	46	63
329	551	47	63
329	550	46	64
328	551	46	64
328	551	47	62
328	550	47	64
328	550	46	64
329	550	46	64
328	550	47	64
328	550	47	63
329	550	47	64
328	549	48	65
327	550	48	64
328	549	47	65
328	549	48	65
328	549	47	65
328	548	47	65
328	548	48	65
327	547	48	65
327	548	48	65
328	547	48	65
327	548	48	66
327	547	48	66
327	547	48	66
328	546	48	66
326	546	49	68
327	546	49	66
327	546	49	66
327	546	49	66
327	546	48	66
327	546	49	66
327	546	49	66
326	546	48	66
326	545	49	66
327	545	49	66
327	545	49	67
326	545	49	67
326	544	49	68
326	545	49	67
327	545	49	67
327	544	49	66
326	544	49	68
326	545	49	67
327	544	49	67
326	544	49	68
326	544	49	67
326	544	49	68
326	544	49	67
326	544	49	67
326	544	49	65
325	544	50	66
326	544	49	67
325	545	50	66
326	544	50	67
326	545	49	67
326	544	50	66
326	544	49	67
326	543	49	68
327	544	49	66
326	544	49	67
326	543	50	66
327	543	50	66
327	544	50	66
326	545	49	65
326	544	49	66
326	545	49	66
327	544	49	67
326	544	50	67
326	544	50	67
326	544	50	67
326	544	50	68
325	544	50	67
326	544	50	67
326	544	50	68
325	545	50	67
326	544	50	67
326	544	50	68
325	544	50	68
326	545	49	67
326	544	50	67
326	545	50	68
326	545	50	68
325	544	50	67
