742	0	184	260
737	-1	188	258
739	0	189	259
743	-2	184	263
748	-1	183	265
746	0	185	268
747	-1	184	269
745	-1	187	270
743	0	189	273
745	0	188	273
744	0	189	279
749	0	187	279
747	-1	190	279
748	0	191	279
749	-1	193	280
744	0	204	287
747	-1	203	286
745	-1	211	291
748	0	216	293
756	0	212	297
748	0	225	299
755	0	225	305
740	1	244	307
755	0	231	314
750	2	244	328
753	1	250	345
738	1	272	350
738	0	276	365
764	-1	267	384
754	0	283	382
749	0	284	366
741	0	301	366
746	1	295	362
777	1	267	357
748	0	293	358
769	-1	274	351
774	0	269	357
765	-1	274	354
787	0	252	346
800	1	247	363
803	0	235	348
805	1	231	354
803	2	233	351
807	1	221	360
806	1	205	344
797	2	211	356
794	0	212	347
795	0	217	381
789	4	228	368
781	0	234	367
774	0	243	358
770	0	247	351
778	0	239	348
789	-1	234	347
575	118	210	237
833	0	197	338
820	-1	209	344
782	-1	239	351
559	118	184	251
553	207	180	170
550	208	171	176
550	205	167	185
550	207	164	188
546	205	158	191
542	203	155	197
538	205	153	196
533	208	153	199
531	205	150	204
529	204	147	207
522	205	147	205
522	202	146	212
520	200	141	214
518	201	138	215
511	198	144	219
509	200	139	219
510	202	134	219
508	203	133	221
508	204	131	223
505	201	129	228
503	200	127	231
502	201	121	233
502	203	119	232
502	207	112	232
502	209	108	233
501	211	109	233
501	211	104	237
499	212	102	234
499	213	103	230
499	213	100	226
500	213	102	224
500	213	103	243
501	210	103	229
501	206	104	215
499	206	104	225
498	206	103	212
499	201	107	219
497	198	110	229
497	193	113	232
494	188	116	228
491	182	133	226
489	181	137	235
489	178	126	218
488	174	146	225
489	170	148	210
487	166	161	202
486	163	164	207
487	162	167	213
485	159	168	210
483	155	174	190
486	154	174	175
489	151	176	169
491	150	176	170
493	150	181	142
491	149	186	162
493	147	191	154
497	146	193	149
497	144	195	151
492	144	204	154
505	145	201	132
507	144	204	130
512	145	208	116
513	143	213	127
515	143	216	121
521	139	216	122
528	137	214	123
530	134	221	118
528	133	229	122
527	134	243	117
530	133	254	116
524	132	269	118
521	132	279	118
528	130	277	118
528	132	288	116
530	132	292	109
528	131	295	107
533	131	292	106
536	134	294	106
541	132	294	104
547	134	293	101
557	136	289	96
563	137	293	97
575	137	291	97
588	138	283	95
587	138	283	95
595	139	279	94
601	137	276	98
617	138	272	97
627	137	262	97
633	139	263	97
641	140	260	96
643	139	262	98
651	136	256	102
653	140	264	99
673	145	248	92
679	139	249	96
690	138	245	96
700	138	240	93
714	145	229	86
715	144	235	84
724	145	231	82
735	143	224	82
747	141	218	85
756	141	211	83
768	141	204	82
780	139	194	82
785	138	190	83
794	136	180	84
801	135	178	84
808	135	172	83
813	134	168	86
820	133	158	83
822	133	157	83
828	132	158	87
830	132	152	81
834	133	144	81
840	132	133	83
840	132	128	85
846	132	117	85
855	130	116	88
856	130	111	88
857	130	108	85
857	128	106	86
862	122	97	89
869	123	83	85
885	116	92	97
887	108	77	104
891	102	66	105
891	98	65	111
890	100	61	112
891	103	59	105
893	104	55	98
894	104	52	95
895	105	48	88
895	107	47	78
894	108	50	71
893	109	54	69
892	107	58	71
894	108	60	69
895	108	62	71
895	110	63	68
896	109	62	68
898	111	62	64
900	112	60	61
902	112	55	62
903	112	51	62
932	1	51	55
933	1	51	52
933	0	53	52
934	0	53	52
934	0	56	51
934	0	57	50
937	0	55	48
939	0	56	47
939	0	59	45
940	0	60	44
938	0	63	43
937	0	64	43
936	0	66	41
936	0	68	40
935	0	70	40
936	0	70	40
937	0	71	40
938	0	72	41
938	0	73	41
939	0	74	42
941	0	75	44
941	0	76	44
942	0	75	45
945	0	72	48
947	0	71	49
948	0	71	50
950	0	69	50
951	0	66	50
846	244	84	91
639	16	83	84
634	15	87	86
630	13	91	87
632	14	87	86
828	239	107	132
817	240	115	120
808	245	120	106
794	247	133	93
787	256	135	88
779	262	144	102
790	275	126	119
794	271	123	152
801	260	118	186
803	253	121	210
1222	133	139	127
1244	156	248	125
1246	151	239	132
1250	144	229	139
1253	142	221	141
1257	140	208	139
1258	133	210	154
1261	129	208	152
1258	127	216	152
1258	124	227	149
1255	122	231	152
1263	119	237	158
1254	116	244	161
1253	115	249	160
1245	117	270	168
1235	117	284	174
1230	118	295	178
1225	118	304	179
1215	116	317	182
1208	117	337	190
1193	117	342	188
1190	116	347	187
1178	121	359	185
1160	122	383	181
1167	123	384	197
1158	123	400	192
1149	124	413	196
1143	126	429	205
1133	121	434	202
1128	121	447	206
1130	131	467	210
1103	121	494	220
1137	147	480	199
1173	202	455	154
1134	153	500	192
1071	121	553	231
1228	207	434	158
1192	179	480	169
1092	146	607	198
1266	206	462	160
1271	210	479	142
1285	211	491	143
1296	212	515	147
1301	209	511	143
1336	212	528	111
1343	213	545	123
1355	209	545	121
1375	207	527	126
1393	206	512	124
1412	205	490	125
1437	208	460	121
1458	208	445	123
889	104	303	148
879	104	301	149
867	104	298	147
852	101	310	151
832	104	315	146
822	104	312	148
798	108	326	142
783	109	332	141
772	110	334	145
773	103	326	150
766	100	316	156
755	94	315	161
735	89	321	163
719	87	332	164
707	84	335	171
693	81	340	175
672	77	352	169
653	68	359	170
632	62	366	172
618	59	371	172
606	49	374	180
592	40	381	191
574	33	385	199
553	26	386	207
531	22	395	230
511	15	398	222
498	14	401	221
471	9	414	247
442	4	429	251
425	2	435	257
376	1	471	238
369	1	461	212
338	1	481	211
313	0	500	227
274	0	513	221
249	0	516	214
225	1	506	212
194	0	514	219
175	1	506	223
135	0	515	225
119	0	508	224
104	1	496	227
42	2	521	228
16	3	518	235
3	2	503	242
0	3	472	243
2	0	448	251
20	1	405	240
6	3	390	248
-1	1	342	228
5	4	293	220
10	9	242	211
3	10	204	209
3	5	155	202
0	29	105	187
198	150	159	160
151	209	156	123
130	212	156	114
101	214	173	124
88	217	165	131
65	223	180	101
47	230	185	92
19	234	179	107
2	243	160	88
4	255	150	85
1	264	133	85
2	278	110	78
145	114	110	65
125	116	112	66
100	120	112	67
73	123	123	66
51	126	122	68
18	129	135	69
3	135	131	71
2	144	106	68
1	157	80	59
1	153	77	69
1	150	76	78
0	147	78	89
1	134	73	113
1	118	67	141
1	109	60	158
1	112	68	152
3	97	66	168
2	91	72	176
1	95	75	178
1	99	65	176
1	101	62	178
0	93	68	184
1	103	72	166
0	111	73	152
0	113	84	149
1	118	80	144
2	129	72	137
3	135	70	132
1	133	70	138
2	122	69	159
4	106	65	186
2	57	76	265
0	4	82	339
0	1	85	336
0	-1	86	317
1	0	87	292
1	-1	80	270
1	0	73	231
0	4	64	181
1	6	60	151
123	0	134	110
105	0	158	117
93	0	171	125
3	39	138	111
74	62	175	87
82	64	174	88
95	68	158	91
73	94	170	85
62	98	180	84
77	100	164	90
84	103	159	95
61	118	180	96
60	134	176	86
58	138	182	90
32	143	207	100
48	155	195	90
60	160	180	98
48	175	196	90
47	183	188	91
40	190	200	97
85	-3	207	97
