288	479	82	129
307	475	82	126
325	472	80	129
341	472	81	129
358	473	77	126
374	474	77	125
389	473	75	125
405	473	76	124
419	473	74	129
434	474	74	126
449	474	71	128
460	473	72	129
474	471	73	130
485	470	72	123
496	468	73	121
507	465	71	121
517	464	69	120
529	462	70	123
538	457	69	122
550	455	70	126
561	454	69	125
571	453	72	128
583	450	70	127
591	449	71	128
603	448	70	133
615	446	67	129
626	447	66	129
640	453	66	124
655	454	64	126
668	448	65	124
683	460	65	118
699	463	65	116
718	459	62	120
733	459	64	121
748	455	62	121
760	455	62	120
772	464	60	106
786	456	58	107
797	446	59	108
807	436	57	112
816	437	58	102
821	428	60	100
827	420	56	106
840	415	55	103
852	413	55	92
863	409	56	92
876	406	53	101
888	406	55	109
903	403	53	107
917	404	53	108
932	404	53	107
944	403	57	108
959	402	59	119
974	402	60	117
990	400	59	118
1008	398	60	116
1022	394	61	119
1038	391	60	115
1052	385	63	110
1068	383	62	112
1087	382	57	99
1099	380	65	99
1110	370	58	106
1125	368	59	110
1139	365	60	106
1147	361	60	110
1156	359	60	108
1164	359	62	104
1170	360	63	103
1177	357	64	105
1187	357	61	101
1194	357	62	104
1199	361	64	103
1201	356	64	104
1204	356	68	104
1211	356	66	107
1217	353	65	113
1219	353	66	114
1223	349	67	118
1226	355	66	117
1234	354	65	117
1243	355	66	113
1251	349	65	117
1260	351	66	115
1269	347	67	119
1276	348	68	113
1282	349	69	111
1288	348	69	112
1295	344	67	110
1298	340	69	111
1301	335	72	112
1306	332	70	105
1309	325	73	105
1312	319	74	114
1318	311	71	109
1323	304	72	99
1324	293	75	101
1326	286	76	99
1328	279	77	92
1331	274	77	90
1332	268	79	97
1333	264	77	99
1336	261	76	100
1336	258	75	95
1339	253	75	102
1336	252	76	106
1339	247	74	104
1337	244	74	95
1337	237	77	100
1338	234	76	104
1331	225	76	100
1325	223	73	108
1315	216	76	114
1307	220	76	107
1299	216	74	110
1292	217	78	108
1291	221	79	103
1284	220	76	101
1281	220	77	101
1280	218	75	103
1276	219	76	103
1272	222	76	99
1271	224	76	95
1269	223	76	97
1266	222	75	95
1263	220	75	97
1261	216	76	103
1258	216	73	97
1256	216	72	94
1253	218	74	91
1247	219	74	91
1241	222	75	90
1235	224	76	86
1228	224	74	88
1223	225	74	81
1217	226	74	82
1209	230	72	82
1198	235	73	84
1192	239	70	78
1186	241	70	77
1181	244	70	76
1180	244	65	75
1176	244	67	76
1172	241	72	101
1171	240	73	103
1168	238	73	104
1168	236	73	101
1171	233	72	103
1169	231	73	104
1170	230	71	104
1170	229	73	103
1171	228	74	102
1172	228	72	102
1174	227	71	104
1175	226	71	98
1173	224	72	107
1172	226	72	98
1169	225	73	99
1165	225	72	97
1164	223	72	97
1163	221	68	100
1158	219	70	102
1155	215	72	102
1152	216	71	100
1148	218	70	98
1141	218	72	98
1136	221	71	99
1134	223	71	101
1129	223	70	97
1123	225	73	97
1119	230	72	99
1119	230	71	98
1117	231	71	98
1118	233	68	96
1118	234	68	95
1113	235	67	93
1110	235	68	95
1108	235	66	95
1103	234	68	98
1100	230	72	98
1099	228	72	100
1099	223	72	109
1097	218	73	116
1097	214	73	122
1097	210	72	112
1092	205	76	115
1091	201	75	121
1088	199	75	127
1087	194	76	129
1089	195	77	129
1091	188	76	130
1088	186	77	134
1087	186	76	133
1087	184	76	130
1089	194	73	126
1084	177	76	129
1084	174	74	136
1082	171	75	136
1081	167	75	139
1079	165	76	140
1084	163	78	141
1086	159	77	142
1089	156	76	146
1090	153	78	149
1088	149	80	155
1086	144	82	156
1086	141	76	156
1082	143	79	159
1077	182	80	120
1072	180	81	120
1068	177	84	122
1070	174	81	123
1072	174	79	122
1071	169	78	127
1072	164	78	131
1076	157	78	136
1079	155	78	129
1078	150	80	134
1077	146	81	129
1079	141	84	139
1082	142	82	133
1086	135	80	144
1087	132	79	148
1089	126	78	152
1091	123	77	152
1093	125	78	145
1094	124	78	144
1096	123	79	141
1099	123	79	139
1099	122	79	141
1099	118	79	142
1098	116	81	139
1096	112	78	138
1094	114	78	138
1090	114	78	132
1087	112	79	134
1084	115	76	132
1079	117	76	128
1079	122	77	121
1079	129	77	118
1081	126	76	119
1082	128	75	119
1081	127	75	119
1082	127	77	118
1083	127	79	120
1083	124	79	124
1084	122	81	133
1083	121	81	133
1084	119	82	132
1084	117	82	136
1084	114	83	137
1085	114	85	137
1088	113	87	139
1088	109	89	143
1091	108	88	136
1090	111	90	131
1094	100	90	141
1094	102	93	138
1095	97	91	142
1097	92	88	140
1098	92	90	133
1093	91	95	132
1094	91	95	126
1094	88	94	129
1096	92	92	123
1095	89	94	130
1097	87	90	132
1096	85	90	129
1096	87	91	126
1096	84	91	130
1101	84	89	124
1102	88	92	122
1105	85	91	125
1105	87	94	124
1104	82	94	131
1105	80	92	130
1104	77	94	126
1103	72	95	128
1103	67	95	134
1101	66	98	135
1099	65	102	132
1101	63	103	133
1102	62	102	136
1102	57	107	137
1104	54	107	140
1109	55	107	141
1112	55	105	143
1110	51	106	146
1115	52	104	149
1118	46	101	155
1117	52	102	154
1116	48	102	157
1118	44	99	165
1116	49	97	161
1113	51	95	159
1114	57	90	156
1108	56	95	162
1104	50	97	169
1098	55	102	160
1095	52	104	166
1098	54	101	171
1099	56	99	171
1104	68	97	160
1108	64	95	164
1114	68	96	162
1121	65	96	160
1126	69	96	153
1134	69	96	153
1139	68	97	143
1142	67	97	137
1146	66	98	134
1150	66	98	133
1155	66	95	126
1160	65	96	129
1162	59	99	133
1166	55	99	137
1167	50	99	141
1169	48	97	142
1174	44	101	143
1181	40	99	143
1179	36	98	151
1180	36	99	150
1185	34	99	156
1186	32	101	159
1187	31	101	164
1186	31	101	160
1187	30	104	167
1186	30	106	173
1186	29	108	175
1190	29	105	177
1192	30	104	174
1192	32	106	179
1191	34	106	175
1192	37	110	178
1189	45	109	174
1183	54	107	175
1176	64	105	176
1177	71	104	169
1182	79	104	167
1186	90	105	166
1190	95	106	162
1193	100	106	165
1198	108	107	164
1202	111	104	163
1203	115	106	159
1205	119	107	160
1206	121	107	160
1207	123	108	160
1209	124	111	158
1213	123	114	157
1216	124	116	154
1219	122	118	153
1219	122	120	154
1218	123	124	151
1218	122	125	150
1216	124	123	149
1216	125	125	149
1218	126	123	149
1222	127	123	149
1220	130	127	146
1222	132	127	147
1223	134	127	149
1223	136	133	149
1222	140	140	153
1221	141	141	155
1221	141	148	155
1218	143	143	156
1218	145	149	156
1217	144	147	153
1218	143	151	156
1219	138	151	162
1223	140	149	158
1233	142	144	156
1237	143	141	159
1242	140	143	162
1248	139	140	159
1252	135	146	163
1253	127	153	174
1255	130	159	172
1257	128	161	174
1263	134	156	169
1266	133	159	170
1263	133	166	175
1266	135	167	173
1260	118	179	196
1265	125	174	192
1269	135	174	181
1271	133	173	182
1276	134	175	181
1282	139	175	176
1290	147	173	170
1300	149	138	156
1304	151	140	155
1309	155	126	149
1311	157	129	150
1316	160	130	149
1320	159	127	152
1325	162	127	152
1331	168	128	149
1336	169	129	149
1339	169	134	151
1341	167	135	152
1340	164	141	158
1340	161	147	161
1335	156	154	166
1338	157	150	166
1352	156	148	168
1343	156	148	171
1352	157	150	170
1345	156	154	173
1354	157	151	169
1342	156	161	172
1349	155	154	173
1346	156	152	173
1354	157	142	170
1350	156	139	170
1338	156	145	171
1330	156	144	172
1323	156	148	173
1316	159	147	172
1324	161	139	170
1329	163	139	181
1328	166	133	178
1319	167	138	184
1303	170	151	190
1318	174	131	191
1307	177	136	194
1315	179	126	192
1310	183	128	181
1314	182	124	197
1308	185	125	196
1309	188	124	195
1303	193	130	195
1305	195	125	196
1298	195	130	202
1294	194	131	204
1297	194	125	200
1297	197	126	195
1295	198	127	196
1295	201	128	194
1294	201	127	199
1293	204	128	200
1292	204	128	200
1275	206	145	201
1290	206	129	200
1293	208	124	198
1290	206	125	201
1285	208	125	196
1282	209	126	196
1280	209	125	192
1281	207	124	192
1276	206	127	191
1280	204	124	192
1281	205	124	188
1281	206	126	187
1280	206	129	186
1284	204	126	189
1279	204	132	187
1283	204	128	187
1286	205	126	188
1285	204	129	188
1289	204	128	191
1287	206	132	192
1293	205	131	194
1295	203	132	198
1296	205	135	197
1302	217	130	184
1304	224	129	177
1305	226	133	174
1309	229	132	173
1311	232	132	170
1314	227	135	176
1319	229	134	176
1323	227	133	178
