446	1498	513	303
445	1495	508	303
438	1497	509	302
427	1497	521	301
420	1497	529	302
389	1497	561	302
391	1497	563	302
396	1495	560	303
395	1496	565	302
409	1491	556	307
396	1487	571	311
409	1487	563	311
394	1485	582	310
410	1479	565	315
427	1475	554	316
452	1470	526	320
434	1467	535	324
425	1462	545	328
416	1459	546	331
427	1459	522	325
416	1462	526	324
424	1458	537	327
423	1457	539	326
416	1455	544	326
403	1452	546	326
394	1450	538	329
390	1449	536	327
375	1448	538	329
378	1448	538	328
370	1445	543	330
342	1442	566	331
352	1437	564	334
347	1433	573	339
365	1432	564	339
393	1435	536	325
402	1434	527	322
416	1429	518	322
427	1430	514	322
435	1429	510	318
445	1428	511	318
452	1428	505	315
455	1424	503	315
461	1426	497	316
464	1429	497	313
465	1427	494	315
465	1428	492	315
462	1428	487	316
458	1431	488	313
458	1433	492	314
457	1433	501	318
455	1434	502	317
455	1436	492	318
455	1438	496	319
455	1437	498	320
456	1440	504	317
457	1440	507	317
459	1440	505	320
460	1439	507	322
462	1438	505	320
467	1438	507	321
471	1436	506	323
477	1435	501	325
480	1432	507	326
486	1429	498	329
490	1422	501	336
492	1425	496	337
497	1424	494	335
501	1429	495	334
503	1432	487	331
507	1432	480	333
510	1437	477	329
515	1437	477	331
512	1442	482	327
512	1444	483	325
511	1448	486	321
513	1449	490	325
512	1451	491	323
511	1453	499	324
513	1454	499	325
520	1456	498	322
522	1454	483	324
531	1456	475	324
532	1455	477	324
531	1458	483	322
536	1460	482	320
529	1456	489	324
528	1455	492	323
551	1453	478	324
558	1453	480	326
569	1447	474	333
570	1443	485	340
576	1441	495	343
575	1442	508	341
570	1442	523	341
573	1447	523	336
575	1443	530	341
574	1448	533	335
578	1453	530	331
585	1464	520	323
584	1461	521	324
588	1466	524	320
592	1468	529	315
599	1465	530	317
604	1458	528	321
601	1457	530	320
604	1456	529	319
605	1457	529	313
606	1455	533	314
603	1456	537	312
599	1456	540	311
593	1457	540	310
593	1455	535	310
591	1456	530	308
585	1455	531	307
577	1453	537	308
575	1451	534	310
561	1448	548	310
544	1449	561	304
537	1440	564	306
502	1433	589	314
479	1427	600	321
504	1416	570	317
477	1413	584	340
467	1406	575	351
459	1399	560	373
452	1392	546	382
450	1385	537	392
439	1379	538	384
433	1374	536	390
431	1369	526	411
429	1366	530	415
424	1364	523	419
419	1360	528	432
411	1357	509	407
407	1360	513	424
404	1358	521	434
399	1360	506	422
400	1353	495	369
397	1356	499	427
399	1351	491	434
401	1351	489	430
401	1350	482	426
410	1349	467	426
410	1347	463	425
411	1349	454	424
413	1349	450	389
416	1351	441	352
413	1351	441	384
407	1357	447	426
406	1353	449	432
406	1355	447	436
406	1357	449	427
406	1359	447	431
404	1358	451	433
404	1357	462	435
402	1358	478	424
400	1357	497	428
401	1358	492	424
398	1359	495	424
400	1357	507	429
397	1356	521	437
401	1352	518	445
393	1351	526	442
393	1345	526	450
394	1335	515	454
386	1336	517	462
394	1328	501	465
383	1334	518	464
385	1327	499	466
379	1338	508	457
373	1339	508	455
369	1346	508	452
377	1346	492	453
379	1349	488	450
373	1356	489	445
370	1363	491	438
370	1369	495	430
376	1374	494	422
370	1379	514	415
337	1375	560	428
385	1379	527	414
329	1375	592	428
417	1377	508	408
589	1373	331	369
604	1373	319	364
606	1373	321	364
612	1371	326	371
611	1370	334	378
613	1370	342	379
617	1375	320	374
617	1375	318	372
617	1376	315	375
615	1376	325	377
617	1380	312	374
610	1381	331	372
606	1382	336	377
605	1387	319	373
601	1393	323	369
597	1396	328	369
584	1397	353	370
573	1394	371	374
575	1395	379	371
584	1401	375	361
586	1392	382	371
596	1382	377	365
616	1358	373	379
626	1349	375	381
645	1347	361	376
656	1351	366	368
665	1354	367	359
684	1361	368	350
691	1363	371	339
723	1356	377	332
738	1351	364	330
739	1353	372	333
743	1354	354	332
742	1363	346	334
740	1375	343	321
744	1372	377	320
749	1370	398	313
752	1365	401	311
751	1365	407	309
739	1374	455	300
739	1372	465	299
738	1373	473	296
729	1375	476	292
729	1375	467	290
728	1371	447	295
724	1371	446	297
722	1373	444	292
732	1378	435	287
735	1375	426	289
735	1373	416	291
745	1370	401	294
753	1373	400	295
756	1372	409	294
760	1374	412	295
764	1372	412	297
767	1374	415	296
770	1376	420	296
771	1374	420	300
771	1373	425	300
768	1373	440	297
766	1368	445	300
759	1368	446	301
754	1365	444	302
751	1359	439	305
749	1362	429	303
747	1364	423	300
740	1364	429	298
737	1363	429	297
735	1361	421	299
732	1357	415	302
732	1357	409	302
732	1354	420	304
729	1352	425	306
732	1350	427	307
734	1349	429	307
735	1348	436	308
741	1351	423	304
747	1351	421	306
753	1355	401	301
756	1357	404	298
761	1355	413	302
773	1360	403	297
782	1359	398	298
790	1360	382	299
800	1360	368	302
805	1362	358	301
814	1363	349	299
821	1356	345	305
829	1356	358	304
838	1366	366	299
846	1372	370	296
858	1373	366	296
868	1377	369	291
877	1378	374	290
884	1377	368	292
892	1375	361	294
906	1373	341	298
917	1371	325	298
921	1366	334	303
927	1363	361	303
929	1357	379	309
931	1354	377	307
931	1349	382	312
935	1348	370	309
939	1347	364	304
938	1348	357	300
939	1343	355	303
944	1345	304	298
944	1339	297	303
932	1335	313	304
932	1327	318	310
928	1316	330	318
927	1320	318	312
921	1320	312	313
914	1313	305	322
899	1297	309	334
889	1308	306	324
888	1296	292	335
885	1295	275	332
893	1295	263	331
894	1297	258	328
894	1304	253	321
897	1302	247	323
893	1316	244	309
878	1306	269	316
887	1309	254	317
886	1312	244	311
879	1316	237	306
878	1315	235	309
868	1328	247	295
852	1331	282	292
892	1331	243	293
902	1331	241	294
903	1333	248	291
904	1331	223	296
905	1318	233	307
902	1323	239	304
904	1325	243	302
901	1314	246	315
901	1324	236	306
902	1322	228	309
900	1327	229	304
900	1324	216	307
905	1269	297	360
900	1215	344	416
904	1238	327	394
908	1254	312	378
907	1268	311	363
902	1273	312	360
900	1275	307	358
907	1274	285	361
909	1278	302	356
911	1285	309	349
912	1293	268	338
914	1319	221	318
914	1316	215	319
914	1325	214	312
906	1327	219	311
909	1328	214	310
912	1326	213	311
911	1336	209	302
914	1335	207	306
916	1336	206	304
921	1335	214	305
923	1337	230	302
924	1332	234	307
925	1327	211	314
926	1321	225	319
924	1317	212	328
920	1331	213	314
918	1331	217	315
918	1339	217	308
920	1336	217	310
931	1347	207	301
932	1346	214	302
935	1348	228	303
936	1348	228	303
938	1355	225	298
937	1352	226	303
939	1357	227	299
936	1350	251	305
937	1340	255	317
941	1349	235	311
942	1350	230	312
944	1351	229	311
946	1356	225	309
947	1353	224	314
947	1351	229	318
954	1353	225	319
955	1350	234	322
957	1366	241	306
959	1375	242	299
960	1387	246	287
964	1373	233	304
964	1390	230	291
966	1396	224	286
966	1402	223	282
964	1406	229	277
962	1409	213	274
960	1415	185	269
960	1419	181	267
960	1414	181	274
959	1411	181	278
959	1408	182	283
957	1407	185	285
959	1406	193	288
958	1396	200	298
958	1399	204	299
960	1401	203	296
959	1391	203	309
961	1394	204	307
959	1389	208	314
960	1383	211	321
955	1364	216	340
956	1382	214	324
955	1379	218	326
952	1378	219	330
947	1374	222	335
945	1376	225	333
940	1368	229	342
935	1368	238	343
930	1374	246	339
925	1384	252	333
919	1391	258	326
909	1410	272	309
900	1411	284	307
893	1407	298	314
886	1413	306	309
879	1414	317	311
872	1417	325	308
863	1419	332	306
857	1419	341	308
850	1419	343	307
844	1420	349	307
836	1415	358	312
830	1415	361	314
820	1421	369	307
814	1418	374	310
808	1422	381	308
800	1415	387	315
793	1424	397	307
786	1422	409	309
782	1419	409	311
776	1424	420	307
767	1430	433	302
763	1428	439	303
757	1430	441	302
750	1433	448	298
744	1428	448	301
739	1430	448	302
735	1430	452	300
729	1431	445	301
724	1425	436	304
713	1428	434	301
711	1422	419	305
705	1421	416	305
697	1420	422	307
693	1419	425	307
686	1416	445	310
677	1419	448	307
674	1419	441	304
662	1416	448	308
655	1414	453	307
647	1417	458	305
639	1413	468	309
636	1410	458	310
630	1409	460	310
625	1407	461	313
616	1406	471	314
609	1408	474	312
600	1410	478	311
591	1406	482	314
585	1405	487	314
576	1403	489	316
569	1402	491	320
562	1397	492	327
556	1396	488	328
548	1394	490	328
544	1393	488	332
534	1391	487	334
527	1388	492	337
518	1389	492	336
509	1390	496	333
501	1395	498	329
493	1395	500	331
485	1398	505	328
477	1398	505	323
471	1397	504	328
465	1400	501	320
460	1396	503	328
453	1401	502	319
448	1404	492	321
443	1410	489	315
440	1408	480	314
436	1412	479	313
435	1416	472	308
433	1414	462	306
431	1414	459	309
431	1419	455	302
427	1415	452	306
425	1425	447	291
421	1424	446	293
420	1423	437	295
420	1428	433	287
421	1422	426	296
418	1422	421	292
419	1417	415	297
417	1425	413	287
416	1427	415	283
416	1424	407	285
415	1419	399	291
413	1415	392	293
415	1412	384	294
415	1414	375	290
413	1407	372	297
413	1404	364	297
411	1400	354	300
414	1398	339	299
413	1395	331	298
414	1398	332	295
413	1397	328	291
418	1397	322	289
417	1390	317	291
418	1390	309	290
418	1389	306	288
421	1391	302	283
421	1393	302	283
430	1408	277	261
437	1433	261	235
431	1410	267	258
428	1382	258	280
426	1384	254	274
428	1378	252	280
426	1386	249	266
427	1400	253	251
432	1411	246	241
432	1383	248	261
433	1383	247	262
436	1381	242	260
440	1381	234	256
440	1381	233	255
441	1380	231	254
443	1380	194	243
444	1380	173	242
448	1379	156	242
449	1379	154	238
449	1380	169	232
450	1383	158	228
452	1384	152	225
455	1386	158	218
460	1385	167	219
462	1382	177	219
460	1355	182	240
461	1370	183	223
463	1367	181	224
460	1362	178	226
459	1354	175	231
455	1345	182	237
455	1340	185	241
455	1329	188	249
452	1310	194	266
448	1287	203	287
448	1272	204	301
448	1266	207	305
447	1268	210	298
442	1259	218	303
440	1252	225	308
433	1249	233	308
430	1246	240	308
423	1241	250	309
421	1239	256	307
420	1237	262	305
408	1232	277	306
404	1229	286	304
396	1226	298	302
392	1222	304	302
388	1219	312	302
389	1213	313	302
386	1211	319	302
383	1203	325	304
383	1202	330	302
390	1200	325	302
391	1196	329	301
394	1188	330	305
394	1179	331	311
399	1174	331	313
399	1170	335	314
405	1170	330	311
407	1162	328	316
407	1162	330	313
408	1157	331	316
412	1154	327	318
412	1152	326	317
414	1152	325	317
415	1148	329	318
414	1143	330	320
415	1143	327	318
425	1277	306	180
427	1275	304	181
431	1276	301	178
431	1275	301	177
431	1274	301	175
436	1273	295	174
435	1267	294	176
440	1264	285	177
443	1266	280	171
447	1291	271	145
444	1307	270	127
451	1313	256	120
451	1319	250	111
456	1323	226	105
455	1326	210	100
457	1329	204	97
456	1333	201	93
454	1335	201	90
449	1338	199	87
446	1341	198	84
441	1345	201	80
437	1347	204	78
433	1350	209	79
426	1351	214	80
422	1352	214	82
416	1347	222	91
407	1329	232	112
397	1286	269	164
391	1247	346	244
388	1247	355	246
383	1247	360	246
378	1249	364	246
372	1253	369	244
368	1257	372	241
361	1262	377	239
356	1265	381	237
351	1269	387	231
345	1270	394	230
341	1272	403	228
335	1274	414	228
329	1279	409	224
322	1281	405	223
316	1291	397	215
314	1295	390	213
724	1087	288	239
781	1102	228	227
788	1102	215	228
784	1106	213	226
776	1107	213	226
764	1116	218	222
754	1121	223	220
746	1126	226	217
742	1128	224	219
737	1129	224	220
732	1133	221	220
724	1138	225	219
714	1146	230	213
709	1153	228	209
699	1153	228	210
695	1153	227	213
1139	964	154	284
1139	964	157	280
1140	967	157	274
1137	969	160	269
1139	970	157	266
1134	970	160	265
1134	974	160	258
1132	974	161	252
1127	976	163	243
1130	979	161	240
1133	983	158	225
1136	987	154	219
1132	987	158	215
1129	991	157	205
1129	993	157	198
1128	995	158	197
1129	994	158	194
1129	995	159	197
1129	996	159	196
1128	997	161	198
742	894	224	296
667	870	298	313
670	864	296	312
676	857	291	318
693	856	278	309
700	847	284	313
700	845	283	311
704	838	281	312
711	832	286	310
713	828	287	310
718	824	277	305
728	823	273	300
733	820	257	298
740	815	241	299
749	814	226	296
755	808	220	298
761	804	225	296
765	799	205	297
765	800	201	291
772	799	186	290
773	792	182	294
774	788	182	295
772	783	184	295
774	780	181	294
771	779	184	292
776	771	179	296
778	765	175	298
779	756	172	301
778	750	169	305
775	745	169	304
772	738	171	306
770	730	174	308
768	727	175	306
768	722	175	308
766	718	179	308
769	719	176	304
768	720	177	299
767	716	179	297
765	713	180	297
762	706	182	299
759	703	184	300
756	696	182	301
753	690	185	303
749	680	191	308
739	676	208	306
735	672	212	307
730	668	219	308
723	658	226	311
714	652	236	314
706	648	241	316
700	642	246	315
692	639	255	316
685	636	263	314
678	634	274	315
671	630	286	315
664	628	297	314
658	623	307	316
651	620	316	315
643	618	322	315
637	616	329	312
630	611	334	314
623	610	340	314
615	608	348	311
608	602	357	315
601	602	362	312
592	596	368	316
585	596	368	314
577	595	369	313
569	589	374	317
560	587	376	317
554	587	377	319
546	582	375	321
538	580	379	324
530	574	377	327
521	574	373	328
510	571	380	329
506	567	378	332
495	567	379	331
487	562	388	336
477	560	387	335
468	558	388	338
458	556	396	337
449	554	399	337
439	553	402	338
429	554	407	335
418	553	405	335
406	552	410	334
397	550	412	334
385	549	411	334
374	547	411	335
363	543	413	338
352	544	416	338
343	541	416	340
334	542	417	339
325	538	423	341
318	540	428	340
306	542	440	336
292	543	449	334
285	542	457	335
276	538	465	338
262	544	479	334
248	543	493	333
234	550	505	327
224	552	511	325
214	549	518	329
207	554	522	326
192	561	531	320
186	557	532	324
174	542	539	339
165	540	541	340
162	535	532	346
152	535	530	346
146	533	527	348
139	531	523	351
132	534	521	348
121	530	517	354
118	529	512	357
113	537	510	350
108	546	508	345
102	548	508	342
95	549	507	343
92	542	502	350
84	541	501	352
79	542	499	354
71	549	499	353
63	550	497	355
57	548	493	359
51	552	488	357
43	553	485	358
39	555	478	358
33	554	476	362
25	558	471	362
20	556	464	364
14	559	457	357
10	560	447	353
6	556	435	352
6	559	420	346
6	559	403	346
4	562	382	341
4	564	374	335
5	572	357	328
3	586	349	317
5	587	341	319
2	593	343	317
3	592	329	316
-2	591	318	319
0	592	305	330
0	593	289	331
-4	590	273	341
-4	598	254	340
-3	597	232	351
0	586	212	368
-1	598	200	363
0	594	174	359
0	594	161	371
0	603	144	377
0	620	131	356
1	632	117	338
0	639	104	319
0	654	108	304
1	664	110	290
2	668	109	278
2	676	109	259
0	682	110	258
0	695	107	244
0	703	99	225
0	712	92	218
0	717	87	217
0	729	98	210
0	733	98	200
-1	735	100	196
-2	734	101	194
0	740	93	187
1	736	84	195
2	743	79	188
3	749	79	180
2	755	82	173
0	757	87	169
0	781	93	153
0	791	99	148
0	800	102	148
1	802	102	142
2	811	98	128
1	813	98	128
0	810	106	142
2	813	107	148
3	809	100	132
4	808	103	146
3	815	107	144
6	823	105	140
11	830	101	139
20	832	91	140
27	840	87	137
100	859	101	175
102	859	98	175
104	860	98	176
99	861	102	177
99	860	101	179
99	860	101	179
95	861	105	178
91	861	109	177
90	862	111	178
82	865	119	176
78	863	124	177
66	865	136	176
57	861	145	182
560	1202	380	172
519	1180	494	213
472	1164	616	265
430	1156	727	331
2452	39	437	479
2441	49	439	472
2436	40	439	485
2424	39	452	489
2413	83	464	450
2409	47	463	487
2397	84	471	457
2388	83	471	464
2378	81	471	471
2362	82	481	478
2351	68	491	499
2333	137	493	440
2323	97	500	488
2310	149	491	447
2303	110	510	486
2292	110	512	493
2282	114	511	494
2272	115	507	502
2259	118	509	505
2250	132	503	500
2239	141	500	496
2228	157	491	488
2219	165	482	488
2211	182	475	476
2197	190	476	476
2188	201	473	473
2176	211	474	470
2164	222	472	466
2160	232	465	462
2152	241	459	461
2146	246	452	463
2139	249	445	469
2131	253	443	471
2118	268	446	460
2122	287	430	445
2100	307	437	433
2105	330	424	417
2104	370	363	381
2109	413	333	349
2146	453	296	322
2194	492	245	285
2194	501	245	276
2194	503	242	282
2196	511	242	281
2197	518	245	276
2197	523	247	276
2199	526	250	279
2195	529	257	282
2187	533	264	285
2126	531	329	295
2082	518	377	318
2026	487	437	360
2007	485	460	368
1999	492	473	369
1994	503	482	367
1979	520	503	361
1969	526	518	360
1959	527	534	367
1957	530	542	370
1957	532	549	378
1960	534	552	382
1960	538	558	385
1972	542	552	384
1971	544	559	387
1979	546	556	389
1967	547	573	391
1951	548	594	394
1941	550	608	395
1939	552	613	394
1942	555	612	394
1943	555	615	394
1940	556	620	393
2873	504	711	372
2862	499	713	369
2857	500	712	362
2851	496	708	362
2849	493	702	357
2837	483	709	362
2831	476	711	363
2824	474	707	358
2819	466	708	359
2812	465	711	355
2808	459	711	356
2801	456	710	354
2794	450	714	354
2790	443	713	357
2784	444	715	349
2773	442	715	344
2760	435	720	351
2757	440	721	338
2745	427	726	348
2738	414	724	358
2732	401	726	367
2720	398	732	363
2716	394	728	366
2712	392	727	361
2702	401	726	349
2693	399	731	341
2682	401	734	340
2670	398	734	340
2650	395	751	341
2631	396	762	334
2615	393	771	333
2605	390	771	336
2625	379	746	341
2605	367	756	352
2602	365	741	347
2599	362	741	348
2587	364	748	345
2577	363	753	340
2592	359	728	346
2589	360	720	338
2586	363	712	342
2593	361	693	343
2586	359	691	344
2582	358	688	347
2572	355	691	350
2560	371	692	332
2557	371	686	329
2541	370	694	328
2525	361	702	337
2521	352	697	343
2511	356	702	342
2494	353	709	339
2494	365	701	328
2470	384	716	310
2470	395	708	298
2464	403	704	285
2454	397	704	286
2447	392	703	291
2456	357	685	323
2460	383	678	296
2433	373	694	302
2450	366	670	307
2455	342	652	327
2458	322	634	344
2448	318	630	349
2390	290	669	378
2429	345	620	326
2414	330	624	335
2403	322	626	342
2383	304	633	358
2354	308	653	354
2331	283	662	379
2291	274	687	390
2300	274	664	390
2285	273	675	389
2269	274	672	387
2261	272	670	391
2247	269	674	391
2243	278	673	381
2201	269	698	389
2202	274	694	386
2164	275	716	381
2143	272	733	379
2121	272	741	372
2122	274	728	367
2096	273	738	371
2090	274	745	368
2071	271	750	371
2069	276	746	373
2052	280	754	367
2045	279	748	370
2037	281	749	372
2008	282	774	368
2010	284	760	361
1995	278	764	377
1954	293	780	359
1937	298	773	356
1910	287	797	368
1916	284	797	384
1909	281	796	392
1903	281	795	391
1870	284	812	389
1865	279	810	392
1863	284	807	396
1841	290	819	387
1830	290	819	390
1822	291	805	392
1806	290	822	396
1798	296	817	394
1826	304	774	382
1772	308	827	385
1804	311	783	382
1932	300	650	373
1903	299	668	369
1909	295	655	371
1913	301	644	368
1891	301	654	368
1898	305	641	367
1878	309	655	366
1866	311	662	368
1864	305	656	376
1859	304	655	372
1850	304	658	379
1841	303	660	383
1828	310	667	372
1813	319	679	372
1810	320	671	373
1792	329	681	366
1792	329	679	368
1786	334	674	364
1781	339	673	362
1777	343	670	360
1771	345	666	361
1764	349	662	356
1754	349	664	359
1749	355	661	360
1743	352	659	369
1736	345	663	377
1731	348	655	375
1727	348	657	377
1726	346	652	384
1718	345	654	389
1710	343	641	404
1703	359	637	389
1704	357	624	398
1697	362	629	393
1696	349	626	408
1692	355	611	406
1693	358	617	401
1692	353	638	408
1688	357	635	410
1687	362	635	408
1686	374	633	400
1683	374	630	399
1684	378	620	396
1686	380	615	396
1684	379	619	403
1681	384	621	401
1675	384	613	404
1679	385	607	405
1679	397	599	394
1674	390	594	406
1673	401	595	398
1676	399	584	406
1672	405	592	404
1675	402	592	402
1668	406	613	407
1672	406	605	410
1664	415	610	401
1663	417	603	404
1663	421	597	402
1662	423	590	403
1661	424	593	406
1657	427	596	407
1655	431	598	406
1655	434	589	406
1655	438	585	405
1650	444	586	402
1650	443	585	408
1653	441	571	413
1647	445	577	413
1646	447	574	414
1643	449	579	411
1650	449	568	415
1648	457	565	410
1642	454	571	414
1642	455	566	417
1640	459	566	417
1645	460	558	420
1640	462	560	420
1638	466	557	416
1644	470	553	417
1637	471	557	416
1640	468	554	421
1640	476	555	414
1638	477	557	416
1638	472	559	424
1633	480	564	417
1634	484	562	419
1632	483	564	418
1631	487	566	418
1633	482	563	426
1633	484	560	425
1632	489	560	423
1633	487	560	426
1634	488	559	425
1635	490	557	429
1637	492	554	424
1636	493	557	427
1637	490	559	434
1636	495	564	426
1635	494	563	429
1636	497	565	426
1634	505	561	421
1636	506	564	421
1633	509	566	421
1634	512	571	416
1632	520	574	410
1633	517	566	417
1635	525	562	411
1634	525	564	415
1631	533	561	406
1633	541	560	399
1628	545	565	398
1630	555	552	390
1631	559	547	389
1629	574	544	375
1628	572	538	378
1628	572	535	379
1628	576	532	376
1629	574	532	381
1628	573	532	381
1635	549	525	410
1631	555	528	407
1632	555	528	406
1631	559	531	404
1631	553	532	410
1632	560	530	404
1632	564	534	401
1632	565	538	401
1633	560	534	409
1631	567	548	405
1634	565	546	410
1634	570	544	405
1635	569	549	408
1636	569	549	408
1636	569	550	410
1639	569	542	410
1637	569	543	412
1640	571	545	411
1639	572	554	411
1637	571	552	414
1637	568	547	417
1636	569	542	418
1635	569	540	418
1631	571	542	416
1633	568	530	422
1630	569	527	422
1628	567	517	425
1626	571	515	425
1622	572	515	425
1618	571	515	426
1616	570	515	428
1613	571	514	427
1610	573	518	427
1607	575	519	426
1606	576	518	427
1605	573	519	430
1602	576	522	429
1598	579	529	428
1598	579	528	428
1595	581	533	425
1596	592	532	419
1592	591	533	421
1590	602	538	412
1590	596	540	420
1587	595	541	422
1584	594	545	425
1581	599	550	422
1581	600	549	423
1578	610	551	414
1580	602	549	424
1579	599	550	429
1580	594	552	436
1576	600	553	434
1573	602	557	434
1574	603	554	436
1574	602	553	438
1573	604	554	438
1565	608	564	434
1566	603	561	442
1566	614	561	432
1569	605	558	446
1564	607	562	444
1563	604	564	449
1563	606	565	448
1561	604	570	454
1560	606	574	454
1557	609	575	454
1556	614	576	452
1556	612	576	456
1561	612	573	458
1553	613	581	457
1551	616	585	457
1550	619	586	455
1549	614	587	463
1547	622	591	457
1548	622	585	458
1547	623	591	458
1547	622	587	460
1547	625	590	460
1545	631	590	455
1545	632	594	456
1545	631	591	460
1547	632	593	462
1549	630	590	465
1547	638	587	459
1547	632	589	465
1549	649	593	447
1548	641	587	460
1550	637	588	463
1549	648	590	453
1549	645	587	458
1549	635	584	473
1552	634	590	472
1553	626	585	483
1553	627	590	484
1552	626	588	485
1555	624	589	488
1555	629	585	485
1556	636	585	481
1560	630	581	487
1561	629	579	490
1565	629	575	492
1563	639	579	483
1565	643	577	480
1569	646	573	479
1568	648	577	478
1568	654	580	475
1570	660	579	471
1570	664	581	470
1574	666	579	468
1574	662	581	475
1574	673	585	467
1576	674	590	466
1582	675	588	469
1582	677	588	467
1586	679	587	470
1587	674	584	475
1591	687	584	463
1589	691	587	464
1590	692	591	467
1592	692	590	467
1593	690	591	471
1592	703	595	462
1593	712	593	455
1593	717	600	454
1593	718	603	456
1593	723	602	453
1596	723	603	454
1597	725	599	456
1597	724	605	461
1598	726	608	462
1598	732	609	459
1598	733	609	459
1602	734	611	462
1600	738	619	462
1601	737	619	464
1601	743	624	461
1602	743	623	464
1604	746	621	463
1605	747	622	465
1607	753	625	461
1606	753	631	464
1607	755	630	466
1607	754	632	468
1610	760	631	463
1609	756	635	471
1616	757	628	470
1614	757	634	471
1619	761	630	468
1620	763	637	469
1621	767	634	467
1623	768	641	469
1628	770	635	466
1626	768	642	470
1629	771	642	470
1632	769	641	470
1635	772	642	468
1638	774	648	469
1640	773	646	474
1642	771	647	478
1645	770	647	480
1646	772	649	480
1648	782	649	471
1648	783	654	475
1651	789	652	469
1652	791	649	470
1653	795	646	468
1660	799	639	464
1660	799	637	466
1660	796	639	471
1660	805	638	465
1663	805	635	466
1664	805	642	466
1667	810	636	465
1669	814	632	462
1668	817	636	462
1666	819	638	464
1669	824	635	461
1667	828	638	462
1668	832	639	460
1668	829	637	467
1668	831	638	465
1668	836	639	463
1669	842	640	458
1668	845	642	460
1671	847	641	457
1670	850	642	456
1670	851	643	459
1669	853	645	458
1670	852	644	462
1672	857	645	456
1671	858	649	458
1673	853	649	465
1674	858	654	461
1674	857	654	462
1675	862	656	457
1677	861	657	457
1679	864	657	455
1681	864	661	455
1682	869	661	450
1686	870	659	448
1691	869	652	450
1693	869	653	449
1692	875	660	443
1696	874	658	444
1693	875	666	446
1696	878	664	440
1696	880	670	437
1698	881	671	438
1701	878	668	442
1703	882	671	438
1705	882	670	442
1705	886	672	437
1708	885	671	436
1707	885	668	436
1709	885	666	438
1709	881	663	442
1709	886	664	437
1710	885	663	439
1708	885	661	440
1704	883	659	443
1702	888	659	443
1698	885	652	444
1696	890	648	440
1695	893	646	434
1691	892	650	438
1689	898	648	435
1687	905	647	427
1687	916	645	417
1686	917	645	415
1687	920	645	414
1684	924	646	410
1690	917	634	419
1687	918	633	419
1686	930	638	405
1686	920	634	416
1690	926	637	410
1684	928	633	406
1691	920	624	410
1692	917	622	411
1693	923	619	399
1693	920	622	393
1695	924	619	385
1696	932	617	368
1692	930	616	370
1688	921	621	377
1695	921	619	376
1698	918	614	376
1716	919	601	371
1718	912	605	377
1730	909	585	379
1750	913	567	366
1729	904	584	376
1725	898	595	383
1720	894	596	384
1720	894	604	382
1717	891	593	382
1718	886	589	384
1717	883	596	383
1727	877	578	386
1726	875	578	386
1726	874	581	381
1730	874	582	382
1730	867	573	386
1735	863	551	387
1732	866	563	383
1732	860	556	385
1734	857	549	388
1734	856	555	385
1731	864	553	372
1739	847	550	389
1737	842	535	390
1744	837	539	392
1739	841	540	384
1740	833	539	388
1742	830	538	389
1746	824	534	391
1745	825	532	388
1741	822	530	388
1741	817	529	393
1744	814	525	389
1747	811	522	391
1744	809	523	391
1746	808	521	390
1748	805	510	390
1749	803	502	386
1747	801	500	389
1749	800	492	388
1750	800	491	385
1746	802	491	382
1744	801	491	382
1745	795	490	385
1744	795	485	384
1744	792	487	383
1741	788	489	387
1739	788	487	383
1734	785	490	382
1726	783	493	380
1720	781	493	379
1715	778	491	378
1710	774	489	377
1701	776	496	371
1695	774	503	369
1689	772	515	369
1681	770	527	369
1674	769	541	366
1666	769	550	364
1660	767	561	365
1654	766	568	364
1647	765	578	362
1640	765	584	361
1635	765	592	357
1628	763	599	358
1621	762	606	356
1615	760	614	353
1605	758	623	352
1600	753	623	352
1594	750	629	350
1589	747	630	349
1583	744	636	346
1577	741	638	343
1572	735	642	343
1570	727	643	345
1558	726	651	343
1559	719	644	346
1549	714	651	346
1543	711	652	346
1539	707	656	345
1538	703	661	344
1528	699	662	346
1524	694	660	347
1520	690	658	346
1515	686	656	346
1511	680	651	348
1508	676	655	348
1498	672	663	351
1492	668	662	352
1491	670	660	349
1479	662	673	349
1477	656	676	352
1475	657	680	352
1465	650	677	350
1455	645	682	347
1457	646	677	350
1447	637	686	346
1448	636	686	347
1446	632	684	344
1444	626	656	343
1438	624	668	342
1434	625	664	336
1431	607	656	342
1429	609	657	344
1426	609	662	338
1424	600	657	343
1425	599	658	342
1420	595	657	344
1418	595	657	338
1418	588	655	341
1419	584	653	338
1420	584	646	339
1413	579	658	335
1418	579	645	336
1409	574	652	334
1409	573	652	338
1409	568	647	340
