717	263	242	166
717	265	240	164
715	264	240	163
713	266	240	162
712	267	241	161
710	267	241	160
710	267	241	160
708	266	241	161
706	267	241	159
705	268	240	159
703	266	240	160
701	267	241	161
700	268	240	158
701	266	238	162
699	266	239	161
696	268	239	161
695	267	239	161
695	269	239	160
692	268	239	161
691	270	239	162
689	268	241	163
690	261	237	170
689	267	236	164
687	271	237	162
686	271	234	161
686	272	234	162
685	272	236	162
683	273	237	158
682	269	234	164
683	273	232	160
683	266	229	167
681	271	230	163
680	276	232	159
680	275	232	162
677	274	233	163
678	275	230	160
677	275	228	159
676	273	231	165
676	273	234	166
674	276	234	161
672	277	231	160
673	276	232	162
672	274	235	165
671	274	236	166
671	275	230	164
671	276	232	163
670	276	226	163
670	275	232	162
669	276	232	163
665	277	230	161
667	279	229	158
666	277	226	159
666	279	222	158
667	278	222	159
666	279	221	159
665	277	218	160
662	280	219	158
663	280	219	158
663	280	218	157
663	281	218	156
661	275	216	163
660	277	218	161
659	278	217	161
659	279	218	160
660	280	216	158
660	279	217	160
659	278	215	158
659	281	215	155
658	280	214	158
658	279	215	158
656	279	216	158
656	279	215	158
656	279	215	159
655	279	216	157
655	278	216	158
654	279	218	158
653	278	217	159
653	278	216	161
653	275	220	162
653	276	225	162
653	279	214	157
651	278	216	157
650	280	217	154
651	277	216	157
649	279	215	156
649	279	217	154
648	279	215	156
648	278	214	157
648	276	213	158
646	277	214	157
645	277	214	156
645	276	212	156
646	274	212	159
644	275	213	159
643	274	216	159
642	275	216	159
642	273	216	158
643	275	216	157
642	274	216	158
641	275	218	155
640	274	218	156
640	271	218	157
639	272	216	157
638	272	217	155
638	271	213	154
638	267	210	160
637	272	211	155
636	273	212	155
634	271	216	155
634	272	215	153
633	274	218	152
633	273	220	152
630	271	223	154
631	270	223	153
631	271	226	152
631	271	225	153
631	269	225	154
626	269	230	153
626	267	229	158
627	268	226	155
626	268	222	156
624	268	220	156
624	267	220	155
624	269	220	152
623	267	222	158
621	266	225	154
622	267	226	152
621	267	229	153
620	268	230	154
620	265	231	154
617	266	234	154
616	266	235	155
615	265	236	153
614	265	236	156
615	265	235	155
614	264	236	157
614	263	235	156
613	263	234	158
614	263	233	157
613	264	231	156
613	263	231	153
612	262	230	158
609	262	233	155
610	261	232	155
609	263	232	153
608	261	233	156
606	258	233	156
606	258	234	155
606	258	234	155
605	259	234	154
606	257	232	155
604	256	233	156
604	255	232	156
603	255	235	154
601	253	234	160
600	255	236	156
598	254	237	157
597	252	235	159
599	248	232	161
598	249	232	160
598	249	232	159
595	249	232	160
594	245	233	159
594	247	233	159
594	245	230	160
593	245	230	161
593	246	228	158
593	243	226	158
591	246	228	154
592	246	227	154
591	240	227	161
589	242	227	156
589	241	228	156
585	243	230	153
585	243	228	154
586	241	225	155
584	240	225	157
585	239	224	159
583	238	224	158
581	237	226	156
581	235	225	157
580	231	224	159
580	234	223	155
575	236	228	155
574	236	229	153
574	234	229	156
574	235	226	154
573	234	224	152
575	234	222	153
573	233	223	155
571	232	221	156
572	231	220	157
570	231	221	155
569	228	220	158
570	228	217	156
567	227	219	157
568	225	219	157
567	228	217	154
565	225	220	158
566	224	217	157
566	223	216	159
565	223	217	157
564	222	216	156
564	221	218	159
566	222	216	158
565	221	214	160
565	222	212	161
566	222	211	160
565	222	208	159
565	220	207	162
564	219	205	164
563	218	204	160
562	218	202	166
563	218	199	167
562	217	199	164
560	217	198	171
558	218	199	162
560	214	197	167
561	218	197	165
560	214	196	170
559	215	195	165
561	217	192	166
560	216	191	165
561	215	190	166
561	217	187	166
561	215	184	167
562	214	182	166
562	212	180	169
559	212	182	172
562	213	180	171
565	213	177	164
564	213	177	167
564	213	176	165
564	213	175	171
564	214	172	163
564	213	171	170
564	213	168	170
563	214	165	172
562	213	162	165
562	212	157	169
563	210	154	169
562	212	152	163
562	210	150	165
561	211	149	165
562	211	150	161
560	211	151	163
563	212	151	169
565	212	151	173
566	211	151	172
566	214	150	176
564	213	152	173
564	211	150	171
566	212	146	171
567	211	141	170
568	213	137	168
570	213	129	167
572	211	123	174
574	213	117	170
575	212	113	172
574	212	111	172
576	212	107	169
576	212	104	168
577	211	101	171
579	213	100	172
581	214	100	173
580	216	102	170
582	216	103	171
583	216	103	177
583	217	103	170
586	218	98	174
587	217	94	172
589	216	89	173
586	218	91	172
580	216	85	171
575	217	81	173
571	217	81	167
567	217	90	166
593	220	75	169
593	220	77	168
589	220	85	168
583	222	88	168
571	223	93	163
576	221	83	162
582	222	73	170
590	222	65	171
596	222	61	176
598	225	55	164
602	225	53	165
602	226	55	161
603	226	55	163
604	227	56	164
605	227	57	167
605	226	59	170
603	227	62	169
606	229	62	167
605	230	65	167
605	231	68	167
606	232	70	167
607	233	72	166
606	233	75	167
606	235	78	164
607	236	80	164
609	237	80	163
608	238	84	164
608	237	87	170
607	240	90	163
607	241	93	163
607	240	95	165
605	240	99	163
606	241	101	167
606	241	103	165
607	243	104	163
607	244	107	165
608	245	108	164
609	245	110	165
610	245	111	164
610	245	113	168
610	245	116	166
612	247	118	163
611	246	121	168
611	246	122	166
611	247	125	169
611	247	127	169
611	248	130	170
611	251	132	167
611	250	134	169
610	251	137	168
612	251	138	169
612	253	141	167
614	253	141	166
614	253	143	167
614	255	144	165
616	257	146	166
617	257	148	168
618	257	148	166
619	257	148	169
621	261	149	167
623	261	150	169
625	261	150	171
627	261	149	168
630	263	149	170
631	264	149	172
633	265	149	169
636	265	149	170
636	267	150	170
638	268	151	169
638	269	152	170
641	268	153	175
642	270	152	170
643	272	152	172
646	273	152	172
648	275	151	170
652	273	150	173
655	275	149	170
658	276	147	169
659	278	147	173
662	279	146	173
664	279	146	174
665	282	145	171
667	283	145	173
668	284	146	171
671	286	144	172
675	286	143	174
676	286	142	174
679	288	141	171
682	288	139	174
685	289	138	175
688	290	136	176
689	291	136	173
692	292	134	173
692	292	134	174
692	295	135	174
694	296	135	173
695	297	135	172
699	297	133	175
704	300	130	172
706	301	127	172
713	303	123	173
717	304	119	171
722	305	118	174
726	307	116	170
728	308	115	172
732	308	113	173
735	310	111	170
736	312	111	170
739	312	111	169
740	313	111	168
742	314	112	173
745	318	111	171
747	320	110	167
749	320	110	172
752	321	108	170
754	321	107	173
758	323	105	168
760	326	104	172
762	325	103	169
764	329	103	171
765	331	104	165
768	330	103	174
771	330	102	172
773	335	101	169
776	336	100	171
778	340	99	170
778	339	101	172
778	341	103	169
778	343	105	169
780	346	105	168
783	347	105	170
787	347	103	170
790	349	101	171
796	351	98	167
798	353	97	170
800	355	96	168
803	358	96	170
805	359	94	167
806	359	96	170
805	363	99	168
804	362	101	169
804	364	103	172
805	367	104	171
806	367	105	172
807	371	106	167
810	371	105	169
812	370	106	167
812	371	110	164
816	372	113	172
820	373	112	167
824	376	112	163
826	374	112	171
827	377	108	170
829	378	105	168
828	378	106	171
828	377	110	173
827	379	112	173
828	378	114	171
828	380	116	172
828	382	118	170
826	384	121	170
829	386	121	170
828	386	124	170
829	387	125	170
830	387	127	173
834	389	126	172
836	389	126	170
841	390	124	170
842	391	124	171
846	393	124	171
848	394	124	172
849	393	125	172
850	394	127	173
849	396	129	170
849	395	132	172
850	396	134	171
848	396	137	172
847	397	140	170
848	397	142	169
848	399	144	170
847	400	146	169
848	399	149	169
848	401	151	167
851	402	151	168
852	402	151	169
854	401	150	170
857	402	150	168
858	403	153	168
859	403	154	168
859	405	155	168
863	405	154	170
864	406	156	170
866	405	157	169
867	405	156	171
868	408	156	167
870	406	158	170
872	407	158	169
873	408	159	168
873	407	159	168
876	409	160	167
878	407	159	168
881	408	158	166
885	409	157	165
888	410	158	166
891	410	157	167
893	409	157	167
896	409	156	169
899	411	155	166
901	410	155	167
902	411	156	166
905	411	156	166
908	411	155	166
909	412	156	165
912	412	155	166
915	412	155	167
917	413	155	168
920	412	154	170
922	412	153	167
923	412	155	167
925	412	155	167
927	412	155	168
929	411	157	171
930	412	156	171
933	415	156	169
934	414	156	169
936	414	156	169
937	414	156	169
939	414	157	166
941	415	157	168
943	415	158	167
943	415	158	170
945	415	159	168
945	414	160	170
946	415	162	169
948	417	161	165
948	416	161	166
952	417	161	165
956	417	160	165
955	417	160	166
962	418	157	165
964	417	156	167
964	417	156	167
967	417	157	166
967	417	157	167
969	418	157	165
972	419	158	166
972	419	158	166
973	419	158	167
980	420	155	164
980	420	155	165
985	420	152	166
988	420	151	164
992	420	149	168
995	419	148	168
997	419	148	168
999	418	148	168
999	420	150	167
1000	420	151	166
1001	420	152	164
1003	419	151	169
1007	421	149	165
1012	422	148	165
1019	423	143	164
1024	424	140	163
1030	424	137	164
1034	422	134	168
1037	423	133	166
1036	423	136	168
1031	423	142	170
1030	422	146	168
1027	423	151	164
1027	423	153	163
1027	422	153	168
1031	423	152	166
1035	423	150	168
1040	426	148	168
1045	425	146	167
1050	425	143	165
1055	424	141	167
1058	424	139	167
1061	426	139	167
1063	425	139	170
1063	426	140	168
1063	426	142	168
1065	426	143	168
1065	426	145	168
1066	427	147	166
1066	428	147	163
1069	427	148	164
1068	428	150	165
1070	429	151	165
1073	427	150	167
1075	429	150	167
1078	429	150	167
1080	428	150	167
1082	429	149	170
1083	428	150	168
1084	428	152	166
1085	428	153	171
1085	427	155	171
1086	429	155	170
1089	430	155	168
1092	430	154	170
1095	430	153	169
1100	432	150	167
1103	431	148	169
1104	431	148	167
1104	432	150	166
1104	432	152	166
1104	431	154	170
1104	434	155	167
1108	434	155	169
1114	435	150	169
1120	436	146	168
1128	439	142	168
1134	439	139	170
1141	440	135	170
1145	440	132	170
1148	442	133	168
1151	443	132	168
1151	442	135	169
1149	445	138	167
1148	445	142	168
1146	447	147	166
1147	449	148	166
1149	450	150	167
1152	451	149	167
1156	454	148	166
1161	456	147	164
1165	456	144	164
1171	459	142	165
1175	458	140	164
1178	460	140	167
1181	461	142	164
1183	460	143	167
1183	461	144	169
1181	462	149	167
1183	462	150	170
1182	464	153	169
1183	464	154	169
1184	467	155	169
1185	467	156	173
1187	470	157	169
1189	470	157	171
1193	472	158	169
1204	476	151	165
1216	478	145	168
1226	481	139	161
1228	484	145	157
1226	485	151	158
1220	486	161	154
1215	489	172	152
1211	488	174	147
1207	489	191	148
1206	487	203	150
1202	486	211	152
1202	484	212	158
1203	483	211	158
1209	483	202	156
1218	482	198	157
1227	483	190	157
1234	484	188	157
1241	488	190	154
1247	486	186	153
1251	489	186	147
1254	489	190	146
1254	489	197	148
1254	489	205	147
1254	487	210	148
1254	486	214	148
1253	483	218	149
1254	481	222	149
1254	480	229	148
1253	480	240	146
1254	477	249	148
1258	477	251	146
1261	476	253	145
1266	473	256	146
1273	462	254	156
1277	457	253	159
1283	456	250	159
1288	455	249	157
1294	453	249	160
1303	448	247	164
1304	461	250	149
1308	458	253	150
1314	455	251	151
1318	450	241	156
1326	417	238	189
1326	429	235	173
1332	423	236	185
1335	441	236	165
1339	447	239	156
1350	416	234	185
1356	414	237	186
1364	411	232	186
1369	423	236	171
1377	419	233	175
1384	409	235	181
1379	391	244	199
1381	402	255	184
1376	389	281	191
1372	386	293	195
1376	392	309	191
1369	399	317	189
1369	400	325	186
1372	396	329	183
1366	409	330	180
1412	409	326	183
1437	406	287	164
1473	412	234	145
1487	409	227	144
1499	405	218	156
1510	399	227	164
1526	394	218	165
1545	389	208	160
1556	385	203	167
1563	378	195	162
1560	373	196	165
1563	369	194	168
1569	364	190	159
1578	359	189	158
1587	354	186	160
1600	349	172	163
1613	343	169	171
1631	337	155	164
1649	329	142	173
1663	323	129	172
1672	319	122	167
1674	311	119	171
1667	304	128	166
1664	299	133	168
1665	294	135	167
1669	289	132	167
1676	284	127	168
1688	277	118	165
1704	273	106	163
1716	265	101	164
1721	260	102	169
1723	254	163	165
1727	248	160	168
1747	242	139	167
1738	237	147	166
1730	232	156	161
1726	227	161	160
1727	220	161	161
1733	215	156	159
1741	209	146	158
1752	204	133	159
1766	197	120	164
1780	192	105	163
1789	185	96	160
1786	180	100	166
1781	174	108	165
1777	169	112	166
1776	164	111	170
1775	158	114	150
1775	154	111	115
1773	150	113	104
1774	145	107	148
1773	141	101	146
1774	136	93	128
1775	130	89	120
1778	124	85	144
1779	119	86	146
1778	113	87	141
1787	107	78	144
1789	103	77	142
1818	101	54	141
1811	95	69	147
1819	88	66	146
1814	82	80	147
1813	80	85	144
1818	74	81	148
1821	67	78	149
1818	64	77	137
1810	61	81	136
1805	54	81	135
1801	48	78	139
1799	44	74	141
1799	41	71	139
1798	36	69	141
1799	31	69	138
1798	30	70	137
1809	25	58	141
1816	20	51	140
1820	14	49	137
1823	11	48	133
1823	7	53	135
1820	1	61	132
1819	0	66	132
1821	-1	69	132
1820	-1	71	131
1813	0	81	132
1801	1	92	138
1798	1	98	132
1798	4	72	123
1805	0	95	112
1817	2	61	107
1819	0	74	103
1822	0	58	95
1846	0	30	88
1848	0	30	89
1838	3	26	74
1826	1	43	73
1816	3	78	75
1814	1	90	72
1819	1	91	80
1835	-1	67	64
1834	0	74	63
1828	0	87	64
1823	2	105	62
1818	1	120	62
1819	1	118	59
