2648	1036	55	49
2636	1032	64	49
2621	1029	80	52
2601	1028	101	55
2580	1026	121	73
2564	1023	137	101
2545	1019	157	134
2491	1026	171	182
2481	1021	213	157
2486	1017	216	139
2482	1016	218	136
2469	1015	231	136
2456	1009	244	144
2449	1002	249	151
2437	991	261	169
2421	983	275	182
2403	984	286	174
2393	986	293	154
2383	978	295	160
2373	972	304	166
2361	994	291	146
2360	1001	277	136
2346	1009	282	125
2332	1010	280	122
2323	1008	296	126
2315	1011	190	94
2308	1008	167	87
2305	1010	156	87
2300	1011	150	85
2579	1264	116	76
2544	1262	157	82
2490	1051	158	78
2272	1015	126	85
2475	1046	189	74
2208	1016	164	102
2221	1017	149	103
2229	1017	126	100
2229	1018	117	95
2219	1017	124	100
2200	1020	144	96
2189	1021	164	94
2182	1020	169	97
2177	1025	172	95
2171	1025	175	97
2168	1023	177	100
2162	1025	178	92
2158	1024	183	93
2150	1023	199	102
2147	1022	198	105
2131	1025	212	96
2108	1021	237	102
2096	1021	243	99
2074	1015	257	104
1815	1329	227	104
1672	1105	250	132
1671	1098	245	138
1670	1101	244	128
1672	1103	234	123
1672	1103	213	123
1669	1103	222	121
1671	1104	213	118
1676	1096	208	130
1678	1096	216	126
1680	1098	214	121
1679	1099	213	118
1686	1096	191	119
1691	1099	175	112
1734	1298	199	97
1729	1296	209	102
1723	1296	212	101
1721	1294	205	103
1716	1292	201	100
1707	1292	208	104
1707	1292	208	103
1704	1288	204	107
1700	1286	204	108
1694	1286	190	106
1692	1281	189	108
1689	1279	194	111
1683	1278	197	111
1682	1275	197	113
1679	1274	206	117
1675	1273	208	118
1672	1272	211	120
1670	1270	208	122
1660	1269	203	117
1652	1266	203	121
1643	1262	186	107
1646	1260	173	106
1640	1259	181	106
1631	1256	193	108
1624	1256	203	91
1617	1253	215	93
1611	1253	216	91
1608	1250	217	95
1603	1249	220	82
1590	1247	233	84
1584	1243	228	78
1577	1238	223	80
1575	1233	209	87
1572	1228	199	89
1559	1226	191	91
1534	1227	203	80
1526	1226	193	76
1522	1226	187	75
1512	1225	180	81
1501	1221	177	81
1488	1222	181	73
1478	1221	179	73
1468	1216	185	78
1457	1218	190	77
1443	1218	197	76
1436	1217	191	73
1426	1215	184	71
1415	1215	182	70
1405	1213	176	71
1396	1209	188	72
1386	1212	195	69
1375	1206	186	71
1369	1206	175	70
1362	1203	181	67
1351	1202	177	67
1371	995	144	105
1328	1198	185	66
1320	1194	193	70
1312	1194	172	71
1303	1194	183	69
1291	1188	184	73
1284	1182	180	78
1275	1183	181	74
1270	1183	181	72
1252	1182	197	67
1243	1179	203	64
1237	1175	184	67
1229	1170	178	69
1222	1170	176	65
1215	1163	182	70
1206	1159	189	72
1197	1157	192	69
1182	1154	199	71
1175	1150	192	72
1162	1148	202	67
1159	1141	201	88
1151	1137	189	73
1140	1133	169	72
1128	1132	181	74
1127	1126	176	81
1125	1121	180	84
1124	1117	177	88
1118	1112	186	91
1109	1108	187	95
1100	1100	186	96
1102	1094	168	96
1090	1090	173	103
1085	1086	175	102
1078	1080	177	108
1377	1364	224	79
1363	1360	248	80
1334	1362	274	80
1325	1359	260	81
1316	1357	248	83
1300	1356	223	74
1287	1353	231	76
1269	1352	233	78
1258	1341	239	88
