371	195	38	62
373	195	38	63
375	195	37	62
376	195	38	62
377	195	38	62
379	195	38	62
380	195	38	62
381	195	39	62
383	195	39	62
384	196	40	62
386	196	39	62
388	197	39	62
390	197	40	62
391	196	39	63
393	195	40	64
395	194	40	63
397	196	40	63
400	195	39	62
402	196	39	61
403	196	40	61
405	196	40	61
408	195	41	62
409	195	42	63
412	195	40	62
415	196	40	61
416	196	42	63
417	196	42	63
419	196	42	64
420	196	44	64
422	198	44	63
424	199	44	63
425	200	44	64
427	201	45	65
430	203	46	64
431	205	45	64
434	205	45	66
436	207	45	62
438	208	44	64
441	209	44	63
446	209	42	63
447	209	44	64
451	209	45	64
453	209	45	65
456	209	47	64
460	210	47	65
463	211	46	65
466	210	48	65
468	212	47	63
471	211	47	65
474	213	48	64
478	213	47	63
480	212	48	65
482	212	49	65
485	213	48	66
487	212	48	66
488	214	50	66
491	214	50	66
492	215	52	66
495	215	49	66
496	217	52	67
499	216	50	68
502	218	48	66
503	219	50	66
504	221	51	64
508	223	50	63
509	224	50	64
511	225	51	63
513	226	51	64
516	228	51	64
518	227	51	65
520	230	52	65
523	231	52	65
525	233	51	65
528	234	51	66
530	234	51	67
532	237	52	66
535	239	52	65
538	240	52	66
540	240	51	67
543	241	52	67
545	242	52	68
547	241	53	69
550	243	53	68
553	246	53	67
555	245	52	67
557	247	52	67
559	246	52	68
562	248	52	67
564	248	52	68
565	249	52	67
568	250	52	66
569	251	54	67
571	251	55	67
573	250	54	69
574	251	54	69
575	255	55	65
579	253	54	68
581	255	55	66
582	256	53	66
584	257	55	66
587	258	54	67
588	260	54	65
590	259	56	67
591	259	56	68
594	261	55	69
596	262	55	69
598	263	56	69
599	264	56	68
601	264	57	69
604	263	56	70
607	265	56	68
607	265	56	68
609	266	57	68
611	266	56	68
613	267	56	67
615	267	57	67
617	267	57	68
619	268	57	67
620	271	56	66
622	270	56	67
623	270	57	67
623	273	58	67
624	272	58	68
625	273	58	67
627	273	58	69
625	274	60	67
628	273	60	69
629	274	61	70
629	275	58	69
629	276	60	69
630	278	61	68
631	279	60	69
632	279	60	67
632	280	59	69
635	281	59	69
635	280	59	70
636	280	60	71
637	280	61	71
639	282	60	70
639	283	61	71
641	285	61	70
643	287	61	69
644	288	63	71
645	289	64	70
646	290	63	70
648	291	62	71
650	292	63	70
652	295	62	70
654	297	63	70
655	297	64	71
658	303	62	68
660	303	64	69
662	305	62	68
664	305	63	71
666	309	63	69
668	308	63	71
671	311	62	70
672	312	64	71
674	315	64	72
677	319	62	70
679	321	63	69
681	321	64	72
683	324	64	70
686	328	62	69
688	328	63	71
689	328	66	73
690	331	64	72
693	335	65	70
695	336	64	72
697	338	65	72
699	339	65	72
701	341	64	73
701	344	66	71
704	345	65	72
704	345	68	73
707	349	66	71
708	348	66	73
710	350	66	73
711	352	67	73
713	354	66	73
715	355	66	74
718	357	65	74
720	358	65	73
721	362	66	71
722	362	66	73
725	364	67	73
726	367	68	71
728	368	68	72
730	369	68	72
732	370	67	74
733	371	68	73
734	373	68	73
736	375	68	74
738	379	69	72
739	378	69	75
742	382	69	72
743	383	69	73
744	385	68	75
745	386	68	74
746	388	68	74
747	390	70	75
748	391	70	75
749	393	70	76
751	396	70	76
752	396	71	76
753	399	71	74
754	398	73	77
755	402	72	75
755	402	73	76
757	403	71	77
757	405	71	75
760	404	70	76
761	406	71	75
761	407	71	75
762	407	71	77
763	408	72	76
764	408	71	75
765	409	72	75
767	409	71	78
768	410	72	76
770	410	72	77
770	410	72	78
771	412	71	76
773	412	71	77
774	412	71	78
774	413	72	77
775	413	72	78
776	414	72	76
778	415	71	77
778	416	71	76
777	416	74	76
779	415	72	77
779	415	72	77
779	416	74	78
779	416	74	75
780	416	73	76
780	415	73	75
783	415	73	76
783	415	73	78
783	414	74	78
784	415	73	77
785	415	75	78
786	415	75	77
788	415	74	78
788	416	73	77
790	416	73	76
790	417	72	77
790	420	74	74
791	421	72	74
792	425	72	70
794	426	71	68
794	428	70	67
797	428	71	66
798	417	67	77
800	425	66	70
791	418	75	78
751	414	116	81
750	412	117	82
752	413	116	82
756	412	112	84
762	412	107	83
763	412	106	84
768	411	103	86
773	411	97	86
776	409	94	89
781	409	89	89
784	408	87	89
786	406	84	92
787	405	85	94
790	404	82	95
791	403	82	97
791	402	82	98
791	401	83	99
791	401	85	100
791	399	87	101
790	399	88	101
790	398	89	103
789	395	92	104
790	395	94	105
790	394	95	107
788	401	88	99
789	415	78	84
789	422	76	78
791	421	76	81
788	417	76	82
789	417	77	82
789	416	77	83
789	416	77	83
789	415	77	82
789	414	79	82
789	414	79	83
791	414	78	83
791	413	78	82
790	413	81	82
793	410	78	84
794	411	78	84
794	409	79	84
796	408	79	84
796	407	80	84
798	406	78	84
799	403	78	86
800	403	78	84
802	400	78	86
803	399	77	85
803	398	78	84
804	394	78	85
805	395	78	85
806	391	77	87
806	390	78	85
805	389	79	85
805	387	79	86
806	384	78	88
805	384	80	86
805	383	79	86
805	380	80	87
805	378	80	88
806	376	80	88
805	375	80	89
806	372	79	90
804	372	80	90
806	370	79	89
805	369	80	88
806	367	80	88
805	365	81	88
806	363	80	89
806	363	80	89
807	361	80	89
808	360	80	90
807	360	82	88
806	358	82	90
807	357	81	90
807	356	82	91
807	357	82	91
806	356	81	91
806	356	82	91
806	355	82	91
807	354	82	93
807	354	81	91
806	353	82	92
806	352	83	92
806	353	83	91
807	352	82	92
806	351	82	92
805	352	83	91
806	351	82	92
805	349	82	93
804	350	83	92
803	349	83	92
804	348	83	92
804	349	83	91
803	346	82	92
803	345	83	93
802	345	83	93
802	344	84	93
802	344	83	93
802	344	84	93
802	344	83	94
802	344	83	92
801	342	84	94
801	342	84	94
799	340	84	95
799	338	85	97
798	339	85	96
797	339	85	96
797	338	85	97
798	339	85	96
797	339	84	95
796	337	85	96
795	338	85	97
795	337	84	96
794	338	85	96
791	336	86	98
791	337	86	97
791	338	85	97
790	337	85	97
790	336	86	99
790	337	85	98
789	337	85	97
788	338	85	99
788	338	84	99
786	338	86	100
785	338	86	100
785	344	86	97
784	341	86	98
784	330	85	109
784	329	86	112
783	329	86	111
783	330	86	111
782	329	87	112
782	328	86	112
782	327	86	112
781	328	86	112
781	329	87	111
781	328	87	112
781	329	88	112
780	330	87	112
780	329	87	113
780	330	87	113
779	331	87	113
779	330	88	114
779	330	88	115
779	332	88	113
779	333	88	112
779	333	88	113
779	333	88	114
779	333	88	115
778	337	88	111
778	338	89	111
778	338	89	113
777	338	90	113
778	339	90	113
778	340	91	113
777	341	91	112
777	341	92	114
777	343	91	112
777	346	91	112
777	347	91	113
778	348	91	113
778	349	92	113
779	352	92	111
779	353	92	113
779	354	92	114
781	356	92	114
780	358	92	115
780	359	92	116
781	361	91	116
782	363	93	116
783	364	93	115
783	367	94	114
785	369	93	114
785	371	93	116
786	371	93	117
787	373	94	117
788	377	94	116
789	377	95	117
790	380	95	116
791	381	96	117
792	383	95	117
794	385	96	116
797	387	93	116
798	387	95	118
798	389	96	119
799	391	96	117
801	393	97	116
803	394	95	115
804	392	96	119
804	392	97	118
806	393	96	119
806	395	96	119
808	395	97	118
809	395	95	119
810	396	97	120
813	397	95	120
813	397	94	120
815	397	95	119
815	397	96	120
816	396	95	122
817	398	95	121
818	397	93	122
819	398	96	123
820	397	96	122
822	396	95	123
823	397	94	123
823	397	96	124
824	398	95	122
825	398	96	125
826	397	97	125
827	396	96	128
828	396	96	127
829	396	96	127
829	397	96	125
832	399	96	125
831	398	97	127
833	399	96	126
832	400	97	127
834	400	95	127
833	401	95	128
833	401	95	126
833	402	97	127
834	402	96	127
834	402	96	128
834	403	97	130
834	402	96	129
834	402	97	129
833	402	98	130
833	402	98	131
834	403	97	130
832	401	98	131
833	401	97	131
833	402	97	132
833	402	97	131
832	401	97	134
833	402	97	133
832	403	96	134
831	402	97	135
831	403	98	136
831	403	97	136
831	404	98	137
830	405	98	137
830	406	96	136
830	407	95	137
830	408	95	136
829	408	97	136
829	408	95	137
829	408	97	137
826	408	98	138
825	409	97	137
824	408	96	140
823	410	97	140
823	410	96	139
822	412	96	139
820	413	97	136
820	410	97	140
820	412	96	138
818	413	96	139
815	414	98	139
814	416	99	138
812	413	100	142
811	416	99	139
809	416	99	139
810	415	97	140
809	414	97	143
805	416	101	142
805	417	98	143
801	418	101	142
800	420	101	140
798	420	102	142
798	421	101	142
795	421	103	142
795	420	101	145
794	421	101	146
792	421	102	146
791	422	100	147
789	422	101	148
787	422	103	149
785	423	104	150
784	422	103	151
783	425	104	151
782	425	104	150
781	425	104	151
779	426	105	152
777	427	104	153
776	427	104	154
774	429	104	154
772	432	106	151
770	432	107	153
769	432	106	152
767	433	106	153
765	435	108	154
764	435	107	154
763	435	107	155
761	437	108	153
759	440	108	151
758	440	107	152
758	441	107	153
755	443	108	152
755	445	109	151
754	449	110	151
752	446	111	155
752	450	112	153
750	453	112	151
750	453	113	152
750	454	113	153
747	456	115	155
747	459	117	151
746	459	117	155
747	463	116	154
746	466	118	151
745	466	121	153
744	468	121	153
744	469	121	154
744	471	122	154
742	474	125	153
743	474	125	154
742	477	127	155
741	480	128	155
740	482	129	156
740	485	130	158
740	487	130	156
740	490	131	155
740	490	131	156
740	491	131	157
741	493	131	159
740	496	131	158
741	498	131	156
741	498	131	161
739	501	132	159
739	505	133	157
739	507	133	159
737	508	135	161
736	511	136	159
736	512	136	161
736	516	136	158
737	515	135	163
735	516	137	164
735	520	138	165
734	524	139	166
733	525	140	169
732	530	142	167
731	532	142	171
733	534	140	169
734	537	141	167
734	539	140	168
734	541	141	167
735	546	140	167
735	547	140	169
733	553	145	169
734	555	144	167
735	557	143	168
735	560	143	168
734	560	145	169
735	564	146	169
735	567	146	169
738	567	145	171
740	570	143	169
738	571	146	172
738	572	147	171
735	574	150	175
736	575	150	175
738	578	150	173
739	577	151	175
739	580	150	172
739	579	153	171
740	578	153	174
741	580	152	171
742	580	152	172
742	581	154	177
743	580	154	178
743	582	155	179
743	581	156	183
746	583	154	177
745	582	157	185
747	586	155	179
748	585	155	182
747	587	156	184
746	587	158	188
748	589	155	186
747	589	156	188
746	589	157	190
745	591	160	191
747	588	157	189
747	591	158	188
745	591	159	189
746	592	160	190
746	591	160	189
745	592	160	191
744	591	162	192
743	597	165	194
743	593	162	190
743	592	162	190
742	590	166	193
740	592	166	190
740	591	166	193
741	589	163	191
740	588	167	192
740	587	167	195
741	588	166	197
742	588	166	197
741	587	167	197
743	594	170	200
744	585	166	199
743	585	168	202
743	585	169	200
746	594	172	203
745	583	170	200
746	582	170	201
746	583	170	203
745	583	172	206
745	582	171	204
745	586	172	208
745	583	171	204
744	585	172	208
745	583	171	203
744	583	171	210
743	582	172	208
742	580	173	205
741	581	174	205
740	579	175	211
738	577	176	210
738	576	175	210
738	574	174	208
736	574	176	209
735	573	177	212
734	572	175	211
733	571	176	212
732	571	175	210
731	568	174	213
729	568	175	213
727	567	176	212
725	565	178	216
724	564	177	215
723	564	177	220
722	564	176	216
719	562	179	218
719	563	177	218
717	561	180	220
715	559	181	221
713	559	179	224
712	559	181	224
709	558	181	224
708	558	181	226
707	558	181	218
705	556	181	228
703	557	180	226
700	557	182	229
697	556	182	230
698	557	181	230
695	556	182	230
694	557	186	231
692	557	186	232
691	555	184	233
689	557	186	234
688	558	185	235
685	557	187	234
683	557	185	234
681	558	185	235
680	562	190	232
679	557	188	238
676	559	187	238
675	559	187	239
675	557	188	240
674	559	187	239
671	559	189	244
671	560	187	242
671	558	187	242
669	559	188	241
667	564	192	239
665	561	190	240
666	561	189	242
665	559	191	242
665	560	190	244
664	560	193	243
665	559	190	245
666	558	193	244
664	557	194	247
663	558	196	246
662	584	201	222
667	556	194	245
665	578	203	229
665	573	203	234
665	579	204	229
666	581	205	230
665	576	207	233
666	577	208	233
666	573	207	239
667	574	209	236
668	583	210	229
667	579	212	235
669	585	211	227
671	584	211	226
671	583	211	231
671	581	215	232
672	546	207	257
674	546	208	257
675	545	208	258
673	544	210	258
675	544	211	256
676	546	211	253
675	544	213	257
675	545	212	251
675	544	214	252
676	545	216	253
675	543	219	253
675	542	218	255
677	543	218	252
679	541	217	251
677	539	219	256
676	539	222	258
678	537	221	258
680	535	221	263
680	554	226	250
678	565	231	242
681	534	224	265
680	555	233	250
682	533	226	270
682	542	226	268
682	538	227	266
680	532	229	275
682	537	227	280
682	536	229	275
682	536	229	281
683	527	225	279
681	544	233	272
681	530	228	288
679	545	233	266
681	523	224	287
678	551	234	262
675	539	235	271
677	538	234	275
681	516	226	287
678	532	235	284
678	529	237	284
683	514	228	294
678	547	238	266
684	512	227	291
685	514	230	295
685	510	232	291
686	506	226	292
686	505	224	292
685	527	237	297
687	517	235	303
688	537	238	290
689	535	237	290
690	548	237	280
693	503	231	313
692	511	234	312
693	511	231	313
691	514	236	310
693	532	236	296
693	527	234	301
692	532	234	295
691	539	236	290
694	527	234	302
694	518	234	311
693	517	235	307
694	502	234	319
695	517	235	300
693	536	237	293
693	539	240	296
694	545	241	288
696	542	234	283
698	551	232	268
699	535	227	271
703	492	227	291
701	487	225	301
703	487	224	306
702	558	234	274
705	536	229	270
708	485	223	295
709	486	226	304
709	490	228	305
711	489	226	289
706	555	242	251
710	557	234	244
713	558	235	220
711	559	242	243
709	558	239	251
712	526	234	264
712	559	238	251
712	557	232	246
712	557	236	242
714	561	226	247
714	557	224	258
713	551	227	271
712	550	229	269
714	550	226	274
714	543	226	275
714	550	226	269
712	559	226	260
714	553	223	286
717	565	221	267
716	536	222	285
716	560	222	268
717	553	220	278
718	574	222	256
717	565	221	266
720	573	217	254
720	565	216	266
721	564	216	255
721	569	214	263
723	570	215	257
723	571	215	258
722	561	215	263
722	562	214	266
723	566	214	257
723	565	215	260
726	582	213	247
726	583	213	244
726	579	211	248
727	583	211	244
726	586	209	238
727	583	210	244
726	581	209	245
728	581	209	243
726	579	213	241
725	571	215	249
727	581	213	241
727	581	214	239
727	573	214	244
726	567	215	244
726	576	218	240
725	575	218	240
728	572	216	243
729	571	213	247
729	569	216	238
730	567	215	247
733	563	215	245
734	560	216	243
736	564	217	238
737	557	216	243
737	558	215	240
739	555	216	241
741	555	214	239
740	553	219	241
743	550	218	247
745	549	217	248
745	549	218	247
749	547	218	249
751	547	217	245
752	549	218	244
754	544	217	247
757	546	216	248
758	542	216	246
759	542	218	246
760	546	216	243
764	538	217	249
764	544	221	246
765	537	224	252
766	539	223	254
770	544	220	245
772	542	215	250
773	538	217	253
776	530	217	262
777	534	216	253
778	533	214	254
778	536	214	256
779	537	214	253
779	539	214	251
780	535	216	250
782	535	214	254
782	530	214	252
782	532	214	251
782	529	214	253
783	527	215	252
782	525	215	250
782	522	216	252
782	520	219	252
781	520	220	250
782	518	220	251
781	517	219	254
781	516	223	254
782	514	220	258
782	507	224	265
782	508	225	263
782	510	230	265
782	500	230	276
781	499	232	276
782	493	237	286
782	503	242	276
783	493	240	284
783	497	240	280
785	497	240	278
787	498	236	281
789	489	235	289
791	501	234	283
792	497	234	283
793	496	236	283
794	500	232	282
795	500	234	284
793	504	236	283
795	494	236	292
796	500	239	288
796	506	242	285
796	487	242	302
796	497	245	289
800	485	243	305
800	504	241	283
801	499	242	292
803	503	240	287
804	498	240	294
806	505	240	290
806	504	240	290
806	498	243	295
806	497	243	298
806	502	243	294
808	493	242	306
808	490	242	309
811	501	241	298
810	496	243	303
811	490	243	309
811	497	246	305
810	508	247	295
811	508	246	296
812	493	247	311
812	488	251	315
813	492	251	311
812	493	249	312
813	499	253	305
816	496	251	308
818	498	246	302
819	491	250	313
822	506	246	295
823	488	246	313
826	505	244	296
826	487	249	316
829	494	249	310
831	491	246	308
833	461	244	338
835	469	240	329
838	484	231	313
837	475	238	321
837	473	240	325
840	471	240	325
841	482	241	311
845	478	239	315
846	472	238	319
847	477	235	314
847	473	239	317
848	476	239	312
855	485	227	308
856	484	228	307
855	482	232	313
860	485	231	308
861	483	228	313
862	478	226	322
862	482	224	321
870	479	223	327
866	480	223	328
870	476	224	337
871	474	221	341
874	476	211	340
877	481	213	336
880	475	219	344
881	465	217	356
887	469	221	355
887	468	217	357
892	482	214	342
894	478	211	347
897	480	213	346
897	482	231	341
898	476	200	354
904	486	204	338
906	474	212	346
904	468	194	360
910	447	187	377
911	450	188	375
913	446	188	379
918	472	186	349
917	444	183	380
921	444	181	377
922	456	181	367
925	467	179	355
924	444	178	380
932	481	176	335
931	430	171	388
930	441	177	380
933	432	174	388
935	465	172	355
938	444	167	374
938	457	171	364
941	470	168	352
945	466	164	358
946	448	162	373
950	408	158	411
951	475	160	350
954	465	160	364
956	464	160	360
957	440	158	388
961	444	157	385
962	449	158	381
965	459	155	375
969	467	149	369
972	465	147	367
973	457	147	380
978	467	142	363
977	446	142	391
980	467	141	374
984	456	132	379
986	460	132	378
989	457	130	378
991	462	126	369
993	454	127	379
996	460	122	371
997	459	121	372
999	448	120	387
1001	451	119	385
1001	442	119	395
1003	449	117	387
1006	448	116	390
1006	448	116	390
1007	449	118	392
1009	440	117	400
1010	446	116	391
1010	446	119	389
1012	439	116	397
1012	438	121	403
1012	438	114	395
1014	434	112	403
1012	428	108	409
1013	416	107	418
1013	424	106	411
1012	422	110	413
1010	418	100	416
1014	446	97	388
1013	422	100	412
1013	436	95	397
1008	392	98	427
1010	422	95	407
1013	423	91	396
1012	424	94	398
1014	414	98	402
1014	410	102	407
1018	406	103	401
1016	421	100	395
1013	387	97	420
1019	391	96	416
1016	370	97	427
1016	366	99	418
1018	366	99	424
1020	355	98	361
1035	382	82	312
1035	392	80	301
1041	405	75	287
1042	411	74	284
1036	402	81	298
1032	374	84	324
1029	365	90	343
1029	342	92	364
1028	344	94	370
1027	344	94	373
1029	346	93	375
1032	350	94	369
1034	375	93	345
1032	371	90	359
1030	363	96	373
1028	365	98	374
1027	354	98	380
1019	366	106	398
1027	350	103	393
1029	356	100	384
1027	357	102	388
1027	347	105	392
1028	352	105	397
1021	356	112	398
1008	381	122	390
1001	363	130	409
999	368	133	404
999	365	133	407
996	367	137	405
998	368	136	399
995	371	139	401
993	374	141	397
990	373	144	400
989	375	143	395
987	373	147	401
983	374	151	400
980	387	152	384
979	390	155	381
978	387	156	380
982	385	152	368
971	425	161	342
971	399	161	366
970	402	163	359
977	402	158	350
1000	385	137	333
1004	364	133	342
996	385	140	331
997	384	140	324
992	383	144	335
984	399	151	325
986	380	151	345
977	383	159	343
978	398	157	324
970	392	165	330
974	386	162	332
970	388	165	332
974	384	162	325
968	386	166	326
971	393	162	320
967	403	168	305
962	396	173	320
961	406	171	303
964	399	169	305
960	430	177	271
955	414	179	292
958	405	177	300
955	395	179	304
952	399	184	299
952	412	183	289
948	410	186	285
949	400	188	295
943	408	190	286
940	443	197	251
942	491	194	202
941	494	197	192
937	496	197	191
934	495	200	189
933	494	200	188
926	495	209	188
922	497	212	186
921	499	213	184
915	497	219	189
913	495	225	190
907	501	232	184
900	501	239	187
893	501	245	190
893	501	246	189
887	502	251	193
886	505	250	184
886	507	251	179
886	507	251	177
871	505	263	189
879	511	257	176
875	511	260	180
889	513	247	174
888	512	247	177
875	505	259	183
875	508	259	180
873	513	260	176
867	514	267	173
862	513	270	175
860	509	270	182
856	515	273	173
864	517	265	172
861	519	266	165
857	515	267	171
853	517	269	168
847	518	275	171
849	517	273	169
849	519	270	167
844	516	273	174
876	518	241	170
842	512	271	180
863	513	250	170
836	516	271	163
839	512	266	144
833	514	269	176
846	509	258	158
838	506	262	191
861	518	239	152
856	515	236	171
840	515	248	148
841	514	242	129
855	514	226	127
852	516	227	124
847	518	227	124
833	517	237	125
842	517	226	124
844	516	223	124
845	517	219	125
848	516	211	128
851	518	208	131
848	517	205	131
848	517	204	155
848	519	205	180
844	520	203	158
836	517	204	136
836	517	201	147
833	517	203	162
833	517	201	147
823	518	201	137
824	518	206	168
816	524	208	186
818	516	205	169
811	516	203	157
812	518	200	186
813	517	198	188
809	515	202	189
810	518	195	194
813	520	186	199
814	517	184	197
814	514	181	175
813	511	178	166
807	515	180	197
807	515	177	200
801	514	179	202
803	515	176	200
803	513	173	205
806	512	162	203
816	514	153	203
815	514	148	204
817	515	145	201
812	515	145	203
814	516	140	200
810	516	142	202
812	517	135	206
815	520	130	199
819	524	126	194
812	522	128	193
814	525	122	202
814	526	119	200
810	525	123	191
809	528	118	193
809	530	118	195
807	536	116	195
803	534	116	199
802	539	115	198
796	541	119	194
797	546	118	194
793	542	117	205
792	547	117	198
787	548	120	207
783	555	123	199
781	560	121	196
782	563	117	201
779	568	117	201
774	570	119	199
769	577	121	199
766	581	118	203
764	585	117	203
765	592	111	202
755	592	120	208
749	589	121	219
748	593	118	218
758	610	103	210
756	611	101	212
760	620	93	209
759	623	92	214
771	639	72	200
767	641	74	209
766	654	68	207
755	646	73	208
742	621	89	236
753	666	63	213
740	659	71	205
726	631	84	238
717	623	88	248
720	627	85	263
721	634	90	265
718	641	84	276
687	641	90	255
678	641	95	256
687	640	85	262
687	646	87	258
687	654	76	266
685	661	73	261
680	664	81	270
675	665	90	275
627	647	111	283
624	642	112	270
623	644	113	265
623	662	115	291
617	668	112	301
605	664	120	313
600	656	122	323
601	679	133	312
594	681	121	306
589	690	109	322
579	690	113	316
577	694	129	323
573	702	140	326
569	719	113	331
563	725	109	260
561	720	109	277
551	731	113	271
549	739	112	275
541	741	114	269
539	753	115	267
535	764	110	261
532	768	108	267
526	770	108	271
519	769	112	284
512	775	112	282
506	786	116	282
498	794	122	278
495	806	117	270
493	829	111	247
487	833	111	244
484	853	106	226
474	867	102	213
478	875	90	202
466	882	95	195
468	893	92	186
447	891	98	181
453	904	100	174
430	899	97	176
423	910	100	166
413	922	82	152
415	932	77	145
409	943	76	136
400	940	76	138
392	947	77	132
390	960	67	116
385	962	68	115
379	978	73	100
372	982	64	98
432	980	59	101
428	988	56	91
423	994	55	84
418	1009	55	70
