1191	348	522	507
1191	342	518	518
1189	351	528	517
1186	355	538	519
1182	374	548	508
1180	383	557	507
1174	384	570	512
1177	391	573	509
1175	406	581	502
1177	415	585	501
1174	424	586	498
1172	430	591	498
1170	432	598	500
1167	425	601	517
1165	424	597	522
1163	435	588	519
1161	442	583	518
1158	432	586	534
1157	434	585	538
1154	466	579	509
1157	435	569	545
1154	541	569	443
1154	438	558	553
1152	456	560	538
1152	473	558	527
1147	453	559	552
1145	456	549	551
1143	450	548	569
1140	465	545	557
1137	468	544	558
1131	470	540	559
1129	457	539	574
1124	466	537	567
1117	465	539	562
1114	471	533	560
1111	479	534	550
1102	474	536	553
1099	491	536	538
1089	492	544	534
1084	491	544	531
1081	491	547	523
1072	489	557	521
1062	517	564	492
1056	501	573	507
1048	511	577	496
1042	513	588	491
1036	512	595	504
1028	533	601	498
1025	512	599	518
1019	512	604	521
1018	502	608	540
1011	514	611	542
1008	514	612	547
1004	528	641	533
999	517	622	545
998	531	620	497
987	541	649	392
985	532	650	331
978	534	660	293
976	520	659	297
970	505	660	407
919	478	709	572
691	473	931	598
685	465	929	585
741	458	860	575
944	456	647	507
941	442	650	511
938	432	647	498
933	422	647	491
927	414	649	476
924	405	649	469
914	395	653	466
906	380	657	466
907	368	656	463
898	356	663	450
891	343	673	443
889	331	682	433
888	317	676	415
892	307	666	394
888	296	673	371
885	283	659	347
884	272	650	331
884	259	642	342
885	250	638	359
886	242	626	372
889	235	630	390
894	229	609	403
898	223	606	419
908	214	598	436
913	211	588	455
922	204	577	476
922	197	575	506
935	191	554	490
927	184	565	560
921	126	560	496
925	171	568	622
901	165	577	644
913	147	564	687
893	106	578	744
855	106	610	756
662	85	797	815
856	87	599	840
840	53	612	864
795	40	644	896
703	31	725	950
706	9	721	965
758	17	658	972
626	23	783	957
601	6	785	1000
593	8	797	1033
585	-1	803	1055
537	-4	845	1057
543	-11	845	1063
523	-13	870	1067
508	-16	896	1060
492	-9	918	1049
466	-16	962	1048
443	-15	999	1036
414	-12	1044	1014
383	-11	1094	935
360	-13	1130	941
346	-5	1166	910
461	-10	1076	887
472	-17	1093	863
564	-6	1023	846
503	-3	1113	846
530	0	1102	847
519	0	1127	866
485	0	1173	900
474	11	1207	911
464	11	1227	948
444	23	1252	958
432	42	1276	971
438	33	1286	1003
380	38	1354	1011
355	36	1377	1028
372	41	1358	1027
632	81	1102	990
814	123	911	953
800	119	946	953
833	102	924	976
812	172	957	893
789	166	998	909
778	180	1010	896
739	190	1066	878
710	177	1095	901
711	186	1101	888
726	201	1104	873
714	228	1121	841
700	234	1144	839
672	220	1157	818
674	186	1169	857
657	153	1179	881
639	138	1183	894
630	228	1174	781
597	31	1209	973
610	31	1213	984
647	22	1151	960
661	15	1137	1009
629	118	1243	948
632	197	1217	852
644	204	1216	855
623	206	1221	853
603	197	1258	867
610	201	1231	859
601	177	1218	874
598	164	1181	825
577	160	1205	800
583	123	1191	850
553	125	1293	914
781	98	1119	971
938	49	966	1017
911	67	987	996
885	56	1004	1014
857	52	1041	1019
953	38	949	1034
933	63	968	1016
895	147	1007	921
889	46	1009	1031
882	48	1014	1016
813	82	1094	987
875	41	1024	1027
882	30	1024	1032
877	40	1025	1030
868	54	1035	1015
827	19	1074	1044
808	36	1101	1028
792	42	1108	1022
762	27	1143	1025
706	29	1200	1028
697	25	1202	1035
618	38	1291	1022
615	3	1288	1023
574	18	1328	1019
578	31	1345	1003
592	63	1330	986
633	277	1301	781
613	173	1322	841
610	179	1324	843
674	268	1245	633
637	201	1296	674
635	228	1277	563
635	213	1279	551
618	220	1294	556
583	191	1348	565
593	214	1332	545
579	297	1348	501
613	296	1318	476
684	288	1242	463
725	281	1196	457
772	267	1142	457
808	248	1098	467
854	242	1072	467
886	229	1034	481
954	216	960	494
992	207	921	499
1036	193	875	509
1077	178	847	516
1108	169	809	495
1165	153	754	513
1203	151	714	507
1251	141	667	503
1291	147	625	482
1344	154	573	460
1372	126	545	452
1408	140	506	401
1437	131	474	371
1513	95	406	362
1521	74	393	343
503	-3	309	420
522	-1	298	396
539	-3	293	378
569	-1	273	359
592	-1	256	341
615	-3	239	327
632	-4	230	316
645	0	221	294
661	1	213	279
676	0	204	267
490	703	284	163
432	703	353	163
417	697	362	164
415	692	356	163
408	683	357	165
399	674	363	165
388	670	396	163
386	663	403	164
374	662	428	161
369	661	443	153
372	674	419	138
382	673	400	137
390	683	367	121
386	687	364	114
384	689	351	111
383	692	335	107
381	700	321	97
380	699	311	95
379	702	300	91
376	705	291	88
368	703	302	91
360	700	312	95
362	700	298	100
352	703	301	99
341	704	323	102
329	706	341	105
324	707	352	110
313	708	364	116
308	716	368	115
298	720	376	120
836	210	375	183
833	166	384	244
842	114	383	331
836	49	401	504
877	40	357	535
918	36	307	543
936	18	275	559
941	10	258	571
918	23	275	558
898	33	289	545
853	34	323	544
803	30	355	554
776	38	371	543
758	61	369	521
755	75	350	510
743	93	343	492
761	112	308	473
779	143	275	442
806	152	236	431
674	196	347	390
707	206	302	376
733	176	264	404
584	183	405	397
355	101	629	486
176	9	799	580
134	-1	1712	598
104	0	1762	613
93	0	1749	624
84	-1	1733	643
81	-2	1714	678
71	1	1731	701
68	4	1687	740
79	3	1624	773
70	-1	1637	811
59	-2	1628	847
52	3	1612	876
49	20	1598	900
71	32	1545	936
66	51	1514	971
65	46	1491	1007
85	63	1468	1005
81	66	1442	1013
92	81	1412	1001
95	59	1385	1027
100	52	1370	1033
115	106	1340	981
101	66	1331	1020
72	25	1334	1057
34	21	1302	1066
20	45	1296	1044
-1	56	1339	1033
-6	83	1371	998
11	82	1397	999
7	52	1449	1031
12	52	1487	1037
3	60	1561	1021
14	59	1615	1020
36	37	1654	1041
37	39	1747	1045
93	103	1746	981
89	335	1837	744
127	279	1796	800
93	248	1864	836
244	208	1696	873
392	154	1535	922
416	127	1507	948
147	88	1785	987
205	57	1721	1020
288	39	1635	1029
310	25	1606	1042
331	22	1584	1042
343	22	1566	1034
343	38	1574	965
333	6	1575	1021
322	27	1581	978
319	86	1487	724
319	64	1555	704
319	9	1561	741
301	-4	1618	731
305	-5	1598	699
339	10	1546	651
418	-2	1488	669
481	0	1426	664
592	3	1331	608
469	33	1314	588
671	53	1175	577
657	16	1088	571
695	5	1000	548
1005	-8	835	489
1066	51	657	405
1049	57	647	427
1221	16	539	332
1244	15	469	315
1268	13	429	297
1259	45	424	241
1233	40	465	246
1411	-2	386	227
1400	-1	403	222
1439	0	364	195
1457	-1	359	222
1490	13	323	192
1499	8	336	188
1511	0	315	208
1495	8	349	190
1478	3	356	180
1508	-2	340	172
1519	18	302	132
1537	13	281	140
1554	18	261	140
1555	13	279	162
1565	4	271	180
1559	20	263	174
1559	18	267	169
1547	27	300	161
1527	32	331	158
1512	38	354	150
1532	31	288	142
1088	526	264	135
1066	502	295	86
927	427	272	124
924	414	273	145
1128	338	173	120
1121	358	179	80
1141	117	182	87
1065	548	198	91
1072	461	177	98
1110	369	182	100
1188	252	189	109
1218	84	180	97
1047	492	186	85
1026	372	246	96
1045	16	188	144
1042	20	182	131
1226	518	157	82
1188	537	142	79
1187	434	151	68
1103	337	213	77
1143	313	245	77
1062	66	222	132
885	309	353	163
894	167	423	214
935	4	278	244
858	293	629	240
841	266	625	275
1095	596	485	248
1116	598	426	274
673	711	384	160
593	197	316	203
237	438	376	208
225	429	401	183
189	439	415	183
179	437	411	195
