920	451	195	140
922	453	190	138
928	455	181	135
934	458	183	131
937	462	174	125
941	467	170	116
937	470	162	109
935	473	162	106
937	474	160	109
941	477	161	113
947	475	165	124
955	477	167	137
958	481	171	138
958	478	174	139
953	473	178	136
945	468	179	134
936	464	185	132
924	454	183	127
914	438	188	138
902	411	195	157
898	408	186	155
895	401	171	150
891	397	171	140
885	410	163	118
879	405	168	119
876	404	173	125
865	400	210	128
866	395	188	133
864	392	188	136
859	388	197	142
856	386	206	149
852	390	215	147
850	380	217	158
846	384	214	156
841	389	211	150
832	385	218	151
829	385	220	146
826	387	216	143
826	392	216	126
825	390	211	125
817	399	214	117
812	393	212	126
803	392	207	128
796	401	210	123
787	394	215	138
780	411	210	129
773	403	218	142
775	403	218	151
773	406	219	153
774	419	217	145
780	426	210	144
780	423	209	151
778	411	215	168
774	418	223	162
774	430	225	147
781	428	220	147
776	434	226	145
777	441	227	143
781	454	188	133
779	460	198	128
781	465	195	125
782	470	202	121
784	475	200	113
783	478	220	107
783	481	215	103
782	480	220	106
783	478	215	114
782	480	221	118
777	479	227	125
773	481	227	133
765	481	232	140
762	484	229	138
755	485	226	139
745	486	228	133
737	488	229	128
725	488	246	131
717	492	246	130
711	491	262	131
705	494	261	122
698	494	262	117
690	493	255	107
685	490	263	102
682	487	257	96
677	485	254	99
676	481	250	104
679	479	243	108
681	476	242	113
688	472	227	118
688	466	218	123
686	462	207	127
687	453	198	136
692	445	187	140
702	443	180	139
709	438	178	141
711	429	181	149
710	431	185	147
706	421	191	163
700	415	195	175
698	417	201	180
693	399	205	200
694	405	206	199
698	394	209	218
703	407	211	208
706	394	216	222
706	398	220	222
708	389	212	232
703	390	220	230
699	386	228	232
696	391	228	223
692	403	235	205
686	406	244	199
682	401	247	200
678	416	248	180
673	421	252	170
669	447	246	133
668	456	242	123
665	463	239	123
664	466	241	131
665	466	241	143
670	462	234	157
671	463	230	165
675	461	217	175
674	464	211	179
670	464	211	182
665	462	220	185
660	461	231	180
654	462	233	172
653	464	235	162
648	466	236	152
644	466	242	153
637	468	254	154
638	469	255	155
642	473	256	155
647	477	234	152
651	481	205	149
651	486	213	143
651	490	216	139
649	495	232	138
650	499	217	141
648	505	214	139
644	503	237	144
647	501	230	147
644	499	240	154
640	500	241	153
643	493	233	160
642	494	225	158
643	494	218	160
638	497	216	156
645	498	212	164
639	500	210	163
642	503	202	159
636	502	199	150
634	503	197	143
633	503	198	130
643	502	191	122
645	500	196	121
647	499	196	124
653	492	192	130
653	486	201	133
651	481	211	140
650	470	218	148
655	466	229	150
664	450	234	158
663	444	247	146
668	439	253	137
664	434	262	134
671	431	265	136
675	428	255	137
687	430	239	130
699	432	240	121
711	431	236	116
722	425	221	115
731	419	276	116
737	417	276	117
743	414	235	122
750	409	252	124
760	409	271	128
769	403	266	132
773	405	257	133
779	407	263	132
782	407	255	134
784	407	253	135
789	414	248	131
797	425	232	121
798	438	228	111
807	439	230	114
816	437	219	121
826	435	211	127
828	433	210	138
834	433	208	143
832	430	208	149
831	431	211	152
833	432	205	156
828	435	207	156
822	435	215	158
817	434	225	160
816	435	231	159
809	436	238	152
802	438	246	144
803	440	244	132
802	436	243	132
810	438	240	126
814	436	247	133
818	441	246	130
810	447	248	122
814	447	246	125
817	446	248	124
813	457	222	111
816	458	217	109
830	457	213	110
838	456	216	109
833	452	229	110
826	452	239	109
826	453	239	100
828	451	235	93
824	451	236	92
829	449	230	94
832	447	228	97
840	444	215	97
848	440	211	101
850	437	208	104
850	437	210	103
847	435	216	103
848	435	214	102
839	435	222	100
841	435	217	98
847	433	211	96
850	433	208	92
854	432	199	92
855	434	194	89
850	436	195	84
841	437	197	85
834	437	201	92
827	439	205	95
818	440	214	100
809	438	218	105
800	437	220	108
799	436	229	109
801	432	231	110
798	430	238	109
794	429	244	106
790	428	255	104
790	425	261	102
787	425	254	100
794	423	254	97
794	423	235	94
791	423	245	93
799	421	240	92
804	421	237	91
806	419	236	91
808	416	235	92
812	413	230	95
816	412	225	96
818	412	223	96
820	411	223	96
824	410	225	96
827	409	223	95
831	406	224	95
833	404	222	95
833	402	222	97
832	401	224	100
832	399	222	101
827	397	224	103
836	394	210	106
835	394	204	107
835	390	199	109
835	389	199	108
832	387	202	109
825	384	210	110
831	381	203	108
837	379	196	108
839	380	200	108
837	378	205	110
838	379	209	113
833	380	216	111
833	384	219	110
828	387	230	114
827	390	239	116
832	393	246	119
841	394	245	123
851	396	235	124
854	401	232	125
858	401	233	126
854	404	243	126
855	404	235	126
852	408	232	120
845	412	229	113
844	412	229	108
843	410	230	106
850	404	231	109
854	400	226	109
861	398	219	111
863	394	210	114
862	392	211	116
854	390	216	118
851	389	212	119
845	388	212	118
841	388	210	118
851	384	195	119
848	384	193	118
839	386	199	118
829	388	207	118
828	392	201	115
821	396	200	112
811	402	200	109
809	407	203	107
808	409	199	107
802	412	201	105
797	415	214	105
795	412	220	120
798	411	218	126
801	412	226	130
806	413	227	135
808	419	234	135
808	427	234	133
809	428	242	142
805	433	246	141
804	436	235	142
799	443	243	141
806	448	223	139
808	451	193	138
814	453	235	134
816	453	216	132
822	453	215	127
821	454	228	121
824	454	224	115
827	453	233	110
827	453	227	115
826	451	230	121
826	449	228	126
827	449	234	130
829	448	232	133
828	449	233	135
825	450	228	137
816	453	239	136
818	453	235	138
822	453	229	138
822	454	229	140
825	458	223	137
827	461	220	136
829	462	214	136
827	464	212	136
828	465	202	140
823	466	198	144
814	469	207	147
805	475	210	147
792	480	221	150
783	482	229	151
783	487	236	150
785	490	248	150
810	492	242	147
801	490	242	146
804	491	253	146
803	489	258	141
806	488	269	140
802	488	279	142
807	489	282	146
811	493	281	150
820	491	253	158
821	495	295	157
823	496	301	159
817	502	311	157
829	506	291	152
834	512	302	142
835	517	305	142
839	521	304	145
835	521	303	145
837	522	307	148
837	516	305	156
838	512	306	163
835	517	302	167
838	518	291	174
844	522	282	172
852	521	269	178
850	513	264	191
846	514	266	196
841	514	260	196
835	511	258	201
826	514	257	201
818	513	257	201
808	509	252	204
801	512	244	202
792	505	249	212
783	503	250	212
779	500	246	208
773	499	255	208
768	497	258	202
761	496	267	191
758	491	272	186
751	488	278	185
749	493	278	185
744	490	286	196
738	492	298	165
734	496	296	153
731	498	300	142
728	493	298	198
726	486	297	208
722	479	290	207
723	478	280	199
724	468	290	190
709	464	298	207
710	461	292	211
711	458	287	219
712	448	295	217
716	444	288	246
713	433	281	257
714	429	285	264
707	419	289	277
701	416	296	279
696	441	303	257
694	436	304	257
684	437	314	253
685	436	315	249
685	441	317	239
694	435	308	235
696	436	303	235
699	433	307	241
701	422	310	251
699	420	310	259
699	416	314	266
700	407	316	274
704	405	318	273
708	402	315	273
713	397	319	276
722	393	312	271
730	397	309	261
736	393	317	252
732	391	316	243
728	392	326	237
731	389	332	227
734	384	326	228
715	386	347	228
722	378	333	239
734	377	319	232
761	376	294	219
778	370	283	204
786	378	277	189
788	386	278	176
783	383	287	177
775	373	298	197
772	387	251	183
771	368	304	201
766	363	317	206
765	360	321	213
763	359	320	205
763	355	339	212
766	353	342	212
777	354	342	214
785	354	334	216
789	351	344	221
807	342	331	228
