1158	526	90	318
1163	535	90	311
1159	543	98	312
1155	552	101	307
1150	549	105	317
1156	539	101	326
1157	547	114	333
1160	574	113	336
1165	584	101	325
1164	597	104	317
1158	601	111	319
1154	621	122	310
1147	626	126	312
1136	637	134	299
1126	644	143	292
1115	645	151	304
1098	658	166	301
1092	648	166	290
1083	662	169	294
1077	665	167	280
1068	663	171	277
1062	650	168	291
1054	647	175	290
1039	652	185	293
1028	666	187	288
1021	663	202	291
1021	677	192	274
1008	679	190	370
1000	682	188	361
995	679	191	341
995	691	174	321
989	690	189	293
979	686	184	276
970	681	184	275
976	682	171	268
970	680	167	255
952	673	181	298
926	661	202	309
918	655	209	347
914	649	210	338
907	644	212	332
908	631	207	343
900	626	207	296
905	618	203	296
911	612	198	294
901	612	211	284
906	605	206	279
900	600	219	271
905	601	209	252
908	589	199	239
930	580	159	204
944	554	160	216
952	547	156	231
952	542	169	228
949	536	187	210
969	495	195	225
975	518	193	189
978	523	196	170
985	506	187	184
1006	489	184	189
1003	486	189	181
999	483	201	172
1001	476	209	166
998	469	218	167
1003	465	223	161
1007	456	220	164
1009	441	220	178
1004	430	223	186
1015	417	204	198
1013	400	205	221
1011	383	217	231
1002	353	239	263
1000	338	227	270
999	324	222	282
1004	324	222	271
1271	647	206	252
1271	651	209	242
1267	644	217	250
1267	647	214	248
1266	650	199	247
1267	649	180	252
1271	653	169	251
1271	650	172	257
1068	324	199	267
1066	316	186	274
1070	317	177	267
1071	323	177	255
1075	318	173	253
1083	317	175	263
1095	327	164	252
1095	327	172	259
1098	330	170	255
1100	331	169	252
1106	332	165	248
1107	327	166	258
1111	321	165	263
1116	329	159	253
1120	333	155	249
1150	346	131	234
1177	347	107	234
1181	358	101	218
1181	359	106	214
1182	350	105	219
1180	355	110	211
1185	349	106	213
1186	342	102	215
1185	344	103	205
1178	343	108	208
1178	342	110	207
1140	310	156	225
1166	314	129	231
1149	308	143	230
1161	301	138	279
1131	298	156	290
1152	308	137	304
1129	279	158	265
1130	296	160	298
1120	286	171	312
1112	280	172	325
1121	305	161	318
1109	304	169	320
1108	295	179	325
1126	304	156	323
1123	281	160	310
1101	267	182	302
1121	307	158	319
1116	303	166	304
1111	270	171	247
1072	274	211	239
1077	266	207	235
1065	261	219	240
1054	256	226	247
1046	237	235	254
1066	260	207	244
1050	247	225	262
1073	247	204	242
1064	256	205	250
1103	285	179	279
1066	264	197	260
1092	259	177	239
1041	263	227	240
1124	263	167	233
1127	271	141	288
1073	253	196	243
1039	261	232	255
1050	260	223	258
1049	244	233	270
1052	255	220	261
1054	259	220	260
1050	259	226	262
1049	239	227	293
1070	270	210	350
1059	248	227	270
1052	290	224	257
1048	289	225	266
1035	266	245	283
1071	280	223	277
1055	272	221	285
1057	283	222	273
1060	304	212	252
1019	308	256	269
1043	304	231	266
1026	298	250	274
992	307	293	273
1009	320	269	278
981	317	294	280
938	343	332	256
1086	332	296	285
952	344	329	277
945	349	326	269
947	352	316	275
996	365	275	263
1024	368	241	263
1022	349	246	288
1040	371	231	264
997	377	261	272
1002	376	264	275
979	379	270	276
1085	445	160	334
1067	440	169	345
1058	408	183	269
1038	437	178	352
957	415	246	391
861	402	337	313
856	420	341	353
847	420	335	303
836	444	332	263
947	441	267	303
972	442	202	265
959	437	186	279
932	449	202	271
934	444	199	293
924	449	204	280
938	436	191	325
956	458	197	351
961	464	212	368
947	474	260	344
936	475	242	380
827	461	353	368
824	467	371	401
910	505	244	391
930	507	199	367
924	493	213	332
931	503	209	340
931	516	218	332
936	525	212	338
956	566	183	317
907	639	225	270
916	543	216	343
934	532	201	353
942	556	191	331
918	585	211	324
940	537	196	352
924	565	204	338
913	580	209	329
914	555	209	355
923	525	201	381
888	591	227	335
884	596	232	310
905	520	214	388
915	544	202	362
918	528	198	374
915	521	199	379
906	511	206	380
912	516	199	369
892	515	213	383
871	560	230	342
892	520	199	358
897	506	200	371
867	477	222	398
887	569	205	325
861	557	218	330
847	547	228	328
851	522	215	349
853	481	223	405
846	533	222	347
841	559	232	315
842	560	225	320
839	551	228	320
833	555	229	310
833	559	231	297
839	550	221	297
835	553	224	290
833	544	228	293
836	558	226	274
837	543	225	289
850	561	216	269
850	558	212	270
847	548	216	296
857	550	207	315
855	545	208	306
853	539	213	307
854	535	212	264
848	524	211	242
860	526	206	277
857	523	210	302
865	520	202	277
876	509	194	282
877	508	193	273
876	496	195	247
880	514	189	262
877	516	191	259
866	489	207	236
877	491	202	254
888	487	198	248
896	482	193	249
892	475	201	257
897	475	200	233
904	472	198	259
905	473	197	237
903	468	199	251
906	466	199	231
909	469	197	220
911	467	207	230
924	460	194	224
931	475	196	214
935	459	191	224
932	467	196	222
922	454	205	232
926	491	202	203
916	459	216	225
926	459	211	224
930	452	211	235
934	459	210	235
931	447	218	245
927	449	222	252
925	465	215	233
914	463	222	254
903	474	217	258
887	468	231	307
885	484	225	344
881	498	218	331
874	523	227	331
866	526	231	316
