340	71	441	562
335	71	442	562
334	77	444	556
335	79	445	555
334	80	447	553
332	79	451	557
332	80	451	556
330	79	457	557
333	79	461	557
331	84	465	553
326	85	471	552
339	91	462	549
337	94	466	546
340	101	465	540
340	101	466	539
336	99	474	541
331	91	483	551
340	89	476	551
341	99	476	540
340	84	482	556
346	109	482	532
345	86	484	555
352	87	482	553
353	89	487	557
357	89	484	557
357	87	488	557
354	93	493	554
360	88	494	563
359	98	498	552
360	103	498	547
363	110	499	541
364	115	500	536
368	122	502	530
360	113	514	539
365	111	511	538
361	119	515	532
367	117	516	537
369	121	514	535
370	107	520	550
373	96	519	562
375	99	521	564
383	112	517	551
381	110	521	556
384	104	523	563
385	108	525	562
387	106	527	571
392	104	527	575
392	120	528	566
393	122	531	576
391	134	534	573
393	135	532	577
391	145	536	577
395	153	536	582
395	157	536	584
388	161	547	579
392	167	546	584
391	177	548	572
397	179	542	569
399	187	543	560
395	183	549	557
404	201	543	523
407	207	541	514
409	206	541	511
412	214	539	504
404	217	542	509
409	215	538	515
401	216	546	521
396	223	552	520
370	222	590	533
359	224	603	536
352	225	614	537
348	228	626	539
327	229	668	547
320	231	683	547
316	235	696	547
313	241	710	535
294	248	747	533
296	258	757	522
284	260	784	519
285	259	788	521
271	272	827	506
267	275	845	499
270	276	846	506
259	282	871	495
251	274	872	495
255	294	895	473
243	296	912	471
243	301	926	462
245	314	934	446
252	322	937	439
259	331	932	428
263	328	929	436
272	332	927	436
276	332	929	442
274	337	933	443
273	334	912	450
267	332	949	460
270	329	931	475
267	334	951	477
277	331	943	482
267	325	953	496
265	323	946	500
271	325	940	507
271	319	937	510
268	318	936	522
259	307	951	533
262	308	940	528
260	311	937	529
257	313	936	528
247	304	941	543
252	300	942	550
250	303	935	547
243	293	943	557
240	292	934	559
239	296	927	552
228	293	944	556
239	294	918	560
232	290	928	570
234	293	923	574
234	284	920	580
236	284	934	580
240	295	888	567
234	289	918	575
241	291	907	572
235	292	906	564
227	295	908	563
222	292	893	561
232	292	892	563
232	292	876	555
236	288	860	562
228	292	869	551
227	288	861	552
223	286	858	550
221	286	856	548
209	280	861	546
220	277	846	541
219	274	833	537
207	267	846	535
228	271	818	529
227	262	828	529
224	259	832	524
221	253	840	524
229	259	829	519
222	246	839	523
223	249	834	516
224	247	844	516
239	250	829	511
232	247	838	510
257	243	823	508
256	243	832	505
272	241	813	504
273	238	810	496
279	228	813	499
269	217	823	506
283	221	817	496
284	208	817	504
272	200	836	500
270	192	838	509
287	191	824	504
283	186	831	509
292	183	824	506
292	174	829	511
305	173	814	510
317	177	808	505
301	168	821	507
297	160	832	515
303	163	829	511
304	155	828	517
327	157	809	517
325	156	818	507
328	154	817	504
333	158	818	503
322	147	831	508
331	154	824	500
326	149	830	507
323	145	833	517
324	148	832	520
327	145	828	525
325	146	831	521
324	143	835	527
329	139	826	529
321	138	837	534
328	141	833	532
324	137	840	540
321	135	838	538
323	126	843	552
318	125	844	551
322	120	841	559
310	124	854	551
318	130	844	548
313	127	847	548
311	121	852	553
308	117	855	553
316	116	840	549
309	115	851	555
300	116	860	552
309	119	855	552
306	119	855	551
303	127	855	541
300	122	859	541
306	132	846	522
297	135	855	511
290	134	861	511
296	139	856	508
299	140	851	506
305	143	842	506
317	142	830	511
309	146	834	508
311	142	830	523
310	141	828	528
310	139	825	530
322	143	815	530
324	137	821	542
323	141	826	539
394	267	767	416
424	330	749	352
407	323	771	359
392	309	780	372
411	261	774	418
429	313	769	365
384	319	808	358
369	294	822	382
319	165	884	513
319	169	888	507
314	162	892	511
360	284	857	392
333	264	874	412
357	300	869	373
365	320	874	356
347	307	885	369
335	312	906	363
336	317	901	357
308	317	934	358
291	326	933	351
178	306	1051	367
203	328	1037	348
139	324	1092	353
143	334	1089	345
130	333	1106	349
116	331	1114	354
111	341	1116	345
70	340	1167	351
96	342	1141	351
71	342	1170	353
78	345	1168	352
94	352	1144	351
87	350	1161	353
106	352	1146	356
235	349	1011	360
196	348	1055	359
72	352	1191	359
86	351	1180	359
103	351	1152	361
139	353	1135	355
78	351	1192	358
77	348	1188	359
84	351	1196	353
97	347	1174	355
148	356	1139	346
125	357	1171	340
152	361	1139	338
129	362	1172	334
98	363	1201	332
98	365	1200	331
94	368	1195	327
94	371	1204	320
119	378	1182	313
34	382	1235	304
32	382	1234	303
67	382	1240	303
59	387	1211	295
37	386	1215	296
46	382	1261	301
132	387	1185	291
130	384	1162	290
161	385	1156	288
148	384	1157	288
202	385	1103	280
244	389	1073	277
197	384	1121	281
244	394	1075	268
231	382	1085	274
229	381	1091	272
160	371	1134	281
187	377	1119	272
228	376	1081	269
265	381	1048	263
265	381	1053	261
259	383	1046	256
270	387	1051	250
264	387	1046	251
247	387	1051	251
260	391	1059	247
209	389	1068	249
250	389	1044	251
267	394	1035	247
245	391	1036	249
261	388	1020	256
274	391	1020	255
265	392	1014	256
216	380	1047	270
206	374	1065	283
156	345	1138	318
150	341	1159	323
124	324	1186	342
146	329	1167	341
141	329	1191	344
121	314	1190	362
207	359	1131	317
155	336	1184	349
182	338	1182	349
102	296	1247	395
23	220	1320	474
60	255	1303	449
85	289	1273	416
60	245	1285	461
73	249	1282	455
96	252	1264	458
115	254	1246	454
121	261	1239	449
132	264	1231	451
146	271	1208	443
157	296	1189	422
170	304	1182	415
161	307	1188	415
193	334	1171	393
204	358	1167	369
191	331	1180	399
189	347	1184	385
169	356	1192	389
167	370	1186	369
136	377	1207	370
152	394	1200	358
131	421	1215	333
92	429	1219	328
109	443	1228	315
119	449	1207	315
59	457	1214	309
119	458	1239	306
60	459	1282	305
37	458	1265	309
41	457	1311	307
24	459	1360	305
26	453	1358	309
182	456	1223	297
54	444	1341	306
79	448	1325	299
149	441	1262	298
60	444	1354	293
69	441	1351	299
67	427	1381	313
75	437	1347	305
66	445	1388	299
96	442	1350	316
170	438	1291	290
141	444	1321	285
150	439	1309	300
160	432	1293	306
204	437	1247	286
126	438	1332	297
201	445	1247	277
93	440	1325	278
106	443	1302	273
122	444	1283	267
214	447	1197	259
158	445	1249	255
243	448	1185	249
204	448	1224	250
144	443	1244	254
78	446	1295	243
205	444	1202	246
237	444	1180	241
284	443	1135	239
234	437	1193	240
266	435	1157	238
10	415	1021	248
10	405	1032	255
2	388	1111	271
38	387	1374	277
62	385	1348	278
13	371	1303	289
25	363	1378	294
30	354	1387	300
23	347	1380	305
10	333	1398	318
17	322	1371	328
12	317	1349	330
177	362	1227	283
291	389	1137	256
305	392	1081	247
321	374	1117	267
291	377	1115	264
288	374	1122	266
298	375	1105	264
306	373	1105	265
315	377	1082	261
296	367	1115	272
328	351	1094	290
257	345	1136	295
311	368	1097	276
224	317	1196	329
120	284	1263	364
32	221	1369	431
33	220	1373	432
24	221	1342	435
64	225	1355	439
49	214	1354	448
57	222	1301	441
74	222	1343	448
77	217	1307	461
76	224	1329	455
103	233	1317	451
96	226	1308	462
113	241	1305	452
141	247	1295	450
128	244	1296	457
144	244	1268	462
159	252	1262	452
169	254	1264	455
175	256	1251	456
184	262	1246	455
193	266	1240	455
219	275	1240	446
214	282	1223	443
237	289	1222	441
263	306	1202	430
277	314	1199	429
290	319	1177	428
316	328	1156	423
316	335	1143	425
331	347	1131	418
343	357	1115	413
358	367	1110	411
348	370	1113	413
343	391	1106	407
334	395	1134	409
323	404	1136	408
308	405	1154	413
265	418	1185	412
220	418	1211	416
226	424	1216	410
215	426	1235	411
184	431	1252	404
189	434	1197	405
182	434	1270	405
160	431	1277	409
129	433	1196	406
150	431	1261	408
154	430	1277	407
153	430	1251	410
237	433	1248	399
150	430	1268	408
152	428	1243	410
160	425	1262	406
182	429	1282	403
162	428	1278	403
162	425	1210	415
172	429	1232	418
150	423	1231	446
182	425	1253	443
162	419	1211	458
195	428	1248	446
190	424	1219	448
180	423	1236	448
188	422	1285	437
163	420	1243	436
167	418	1269	425
145	422	1261	414
167	419	1295	404
139	422	1278	388
207	419	1306	367
190	419	1330	359
132	415	1300	367
143	414	1311	354
117	412	1322	340
125	406	1361	337
157	397	1337	338
95	414	1292	319
113	411	1295	317
114	404	1298	324
114	408	1286	320
118	401	1310	322
105	392	1345	331
121	374	1354	342
127	385	1335	331
114	398	1265	315
126	381	1330	334
118	396	1289	320
113	382	1336	333
128	387	1306	327
130	388	1280	336
141	362	1341	366
144	374	1295	350
136	359	1336	367
165	350	1310	382
136	367	1305	364
143	367	1289	367
150	346	1305	393
160	349	1295	392
188	342	1266	399
184	335	1264	408
187	328	1269	412
180	329	1255	414
184	336	1249	405
194	357	1209	380
192	302	1260	441
217	296	1216	449
222	290	1213	460
186	319	1240	426
197	304	1243	442
206	297	1234	451
215	294	1220	456
220	300	1213	450
232	286	1202	470
275	282	1146	481
252	284	1179	481
261	292	1162	478
270	286	1156	486
286	297	1137	480
299	295	1122	484
313	301	1095	484
338	290	1097	497
355	297	1078	495
381	304	1049	489
378	304	1054	494
380	313	1065	490
395	323	1032	485
396	329	1030	483
392	334	1033	484
398	339	1024	487
394	352	1033	477
391	358	1033	475
383	363	1037	473
366	371	1052	466
335	379	1080	464
322	385	1092	463
297	397	1100	456
283	397	1130	459
273	410	1140	450
271	417	1145	445
265	422	1152	439
245	428	1168	439
229	441	1144	424
223	445	1159	421
213	448	1188	417
214	453	1174	409
204	455	1222	409
174	461	1201	409
166	462	1196	414
173	461	1219	423
201	465	1221	425
195	467	1195	429
204	467	1181	438
209	470	1195	437
222	473	1184	447
233	474	1164	450
239	472	1187	450
254	478	1156	447
270	477	1154	448
285	480	1188	448
277	483	1140	448
287	483	1142	447
283	484	1155	441
282	486	1151	443
274	487	1141	428
276	488	1152	424
269	489	1160	415
273	486	1188	411
257	481	1171	408
253	480	1173	400
254	477	1187	389
241	477	1176	379
253	475	1225	373
236	474	1190	364
209	466	1181	354
257	467	1232	341
184	466	1185	330
223	462	1159	324
231	458	1137	298
209	452	1175	291
