0	259	238	273
3	252	268	279
3	252	301	292
5	258	333	290
1	254	374	297
4	254	417	296
4	259	443	293
3	264	477	282
1	271	515	279
10	278	534	279
8	275	575	277
-2	276	621	274
0	279	636	276
2	280	683	269
11	287	693	272
42	289	689	265
78	291	673	267
114	290	659	282
160	284	669	303
170	278	683	306
216	283	659	302
248	286	651	283
301	282	630	292
352	280	605	312
387	284	615	315
401	284	618	305
450	280	597	292
476	271	595	313
503	268	594	318
537	265	593	329
553	260	608	328
579	254	600	331
637	251	580	325
633	245	619	333
660	238	618	341
681	232	631	348
720	224	629	362
739	219	641	361
777	208	654	382
783	201	673	397
804	186	675	410
823	178	690	416
825	163	717	432
822	142	754	450
826	128	771	464
823	112	804	479
826	97	825	485
834	82	830	493
833	72	852	489
848	63	863	487
847	50	885	493
858	39	883	487
864	29	898	487
863	19	920	482
875	13	913	479
884	12	918	475
894	7	921	475
905	3	916	476
911	1	920	473
927	3	913	458
943	4	908	444
959	0	903	436
971	0	908	426
979	1	916	425
992	0	912	423
1001	0	913	418
1007	0	910	415
1010	0	907	411
1012	0	904	404
1006	1	903	396
1019	3	894	398
1034	0	883	392
1039	5	873	384
1051	1	863	378
1046	8	866	365
1053	8	863	365
1062	7	854	361
1078	0	838	363
1102	-6	818	370
1111	-6	804	379
1121	-4	778	380
1141	-2	740	380
1162	-1	751	380
1189	-2	725	377
1196	0	713	369
1220	3	681	361
1236	3	665	358
1241	-4	659	368
1253	0	651	368
1263	3	643	364
1278	3	631	362
1279	1	628	372
1278	1	626	374
1280	1	629	376
1278	1	637	380
1280	2	635	378
1283	0	628	381
1287	1	618	378
1295	3	613	375
1315	1	599	377
1335	0	580	354
1359	1	564	348
1388	2	516	334
1407	0	508	327
1434	1	482	301
1446	5	469	293
1458	2	457	290
1478	1	441	296
1504	1	416	298
1533	1	379	298
