1410	0	509	355
1390	-2	522	353
1373	0	534	355
1374	-2	535	354
1350	-2	555	356
1335	-2	571	349
1313	-1	594	342
1295	-2	613	351
1301	-2	606	350
1271	-2	611	347
1248	-2	643	334
1224	-1	649	333
1145	-1	685	328
1131	0	700	321
1140	0	629	312
1024	-1	727	307
993	0	714	303
988	0	722	302
956	0	723	309
961	0	683	319
897	-2	739	342
900	-3	667	336
896	-2	703	337
897	-5	630	347
888	-4	578	377
876	-3	562	389
872	-5	525	405
872	-2	522	396
858	-3	493	382
830	-4	478	405
819	-1	442	417
806	-3	420	424
803	-4	418	425
791	-3	397	426
759	-4	409	439
757	-2	361	455
731	-2	367	467
731	-2	356	469
719	-3	359	470
706	-3	334	475
691	-2	287	448
690	-2	285	447
666	-3	289	437
1646	-7	269	307
1629	-3	285	261
1618	-5	296	243
1613	-4	302	246
1602	-2	310	243
1586	-6	324	273
1570	-4	342	235
1560	-1	355	225
1558	-2	358	225
1549	0	363	227
1535	-3	376	238
1525	0	386	237
1528	-1	383	237
1516	-3	399	237
1508	-3	408	250
1497	-2	414	246
1483	-2	437	242
1483	0	435	245
1465	-1	455	249
1453	-1	466	248
1461	0	457	248
1430	-2	486	257
1425	-3	492	258
1439	-3	481	255
1412	-4	504	259
1399	-4	514	261
1426	-3	492	258
1417	-3	501	259
1389	-6	527	270
1357	-4	555	268
1387	-5	519	272
1402	-5	498	282
1376	-5	527	280
1409	-2	484	279
1413	-2	461	279
1402	-1	481	286
1382	-1	500	282
1376	0	471	285
1392	0	494	284
1372	0	484	277
1403	-1	494	277
1390	0	505	275
1325	1	549	274
1373	1	522	276
1293	0	511	275
1355	-3	472	286
818	-2	328	230
821	0	314	233
833	-2	328	233
839	-3	330	232
853	-2	325	179
844	-2	329	197
864	-1	325	201
1396	3	361	323
1413	-7	511	316
1327	-4	585	316
1309	-6	610	327
1330	-7	573	338
1295	-7	622	345
1288	-7	632	339
1349	-8	573	331
1351	-9	563	380
1256	-12	629	444
1396	34	445	591
1400	88	371	546
1428	78	348	561
1406	101	380	514
1410	113	377	487
1404	118	386	466
914	162	296	419
1489	116	306	475
1482	129	309	460
1490	129	305	436
1402	131	387	440
1421	131	370	440
1385	107	412	454
1396	127	388	438
1405	102	375	457
1394	121	347	420
1401	131	352	408
1355	69	382	448
1373	49	375	447
1372	58	366	432
1390	68	373	412
1391	65	366	422
1357	41	413	426
1371	60	401	411
1352	46	412	427
1331	21	426	474
1350	4	443	478
1339	33	414	477
1337	0	569	525
1303	0	613	531
1280	0	631	537
1282	-2	633	531
1271	-7	646	537
1268	-4	654	553
1258	0	650	553
1275	5	624	554
1339	69	548	514
1291	37	565	537
1323	6	577	576
1322	35	573	559
1365	45	520	558
1368	31	545	589
1357	36	544	594
1246	-10	661	637
1245	-8	663	651
1256	-10	648	662
1265	-4	645	683
1246	-3	669	707
1210	0	705	698
1266	0	649	732
1233	0	684	751
1238	0	677	762
1220	-1	695	751
1169	-5	736	710
1230	-3	685	815
1239	-7	673	842
1219	-12	696	903
1268	-4	652	1017
1199	-3	710	1015
1172	-1	736	1002
1165	-10	742	1003
1199	-15	715	1026
1423	-18	496	857
1413	-20	507	787
1440	-18	477	785
1453	-13	460	767
1444	-32	468	838
1402	-17	514	780
1465	-19	452	842
1458	-19	464	866
1420	-2	501	819
1492	7	429	702
1566	-2	335	447
1561	19	345	419
1539	33	368	408
1544	43	368	411
1492	10	420	456
1452	-1	459	461
1460	-2	451	463
1426	-3	487	461
1452	-5	464	471
1272	-5	461	415
1340	-1	458	377
1292	0	463	279
1292	0	456	299
1303	0	427	281
1302	0	428	279
1293	-4	432	284
1293	-2	434	286
1294	-1	432	271
1302	-4	429	274
1286	-4	444	284
1289	-3	448	281
1287	-4	449	291
1277	-4	459	276
1272	-4	465	285
1305	-4	450	299
1277	0	468	276
1309	-2	419	291
1291	-4	459	298
1256	-2	490	298
1270	-3	495	297
1270	-1	478	298
1239	-4	503	318
1224	-5	539	312
1221	-2	535	313
1255	-4	520	323
1214	-6	530	337
1200	-4	564	313
1195	-5	544	325
1191	-6	565	340
1196	-5	555	337
1190	-6	538	342
1184	-7	545	341
1185	-1	541	332
1175	-4	566	323
1176	-1	548	356
1176	-3	539	332
1163	-2	521	323
1153	-2	532	345
1153	-1	512	363
1154	-6	521	373
1149	-2	512	376
1153	-6	502	392
1141	-3	530	402
1149	-2	521	402
1144	-4	519	411
1154	-4	487	430
1160	-4	477	450
1155	-1	484	459
1161	-4	473	447
