1434	80	330	78
1427	82	329	75
1421	86	326	76
1414	90	321	75
1404	93	320	75
1396	96	319	75
1391	100	317	76
1382	104	314	78
1372	108	315	82
1368	112	313	81
1362	115	312	82
1357	120	309	81
1350	124	308	79
1342	127	309	79
1331	127	308	80
1325	127	310	82
1320	125	306	85
1310	123	304	88
1305	122	300	89
1298	119	297	92
1290	119	296	92
1285	118	293	93
1276	117	295	95
1270	118	294	97
1259	116	292	101
1256	114	287	103
1251	113	283	103
1243	113	285	105
1236	115	286	109
1229	112	283	113
1224	112	281	113
1217	119	277	110
1214	118	268	113
1207	119	271	115
1196	122	276	115
1190	123	267	117
1185	122	265	119
1179	126	260	118
1172	122	256	126
1165	135	252	114
1161	133	250	121
1155	130	249	129
1147	136	251	125
1143	144	249	123
1134	149	252	122
1124	153	256	123
1115	156	254	125
1109	162	255	126
1102	165	258	129
1098	166	257	135
1092	171	257	137
1087	175	253	139
1083	182	238	136
1078	184	237	140
1074	191	234	139
1069	193	236	142
1063	197	233	143
1058	204	232	139
1053	206	232	146
1047	210	231	149
1045	214	229	150
1039	222	223	151
1034	225	225	154
1031	232	222	152
1028	238	220	154
1027	242	211	156
1024	251	203	154
1019	257	199	154
1019	260	193	162
1015	261	192	169
1011	265	193	173
1007	272	188	173
1003	280	183	169
1000	282	182	170
994	287	182	172
990	293	183	172
985	295	183	177
982	301	185	181
978	314	181	176
975	325	182	171
972	328	179	171
969	343	174	165
965	348	174	170
959	359	165	167
957	369	166	166
951	374	168	169
946	384	167	207
939	392	173	197
937	401	170	195
939	407	162	195
939	410	161	188
938	417	155	184
938	426	148	174
938	432	138	168
937	438	136	165
935	446	136	156
936	451	127	153
934	456	122	150
936	464	112	141
935	469	106	138
934	477	106	129
933	483	103	122
932	488	101	117
932	496	98	108
933	501	95	105
934	503	93	105
934	508	101	101
934	514	105	95
975	248	164	114
951	249	241	112
941	258	269	107
934	259	301	107
941	254	323	112
942	239	339	131
949	219	338	150
947	200	345	166
944	186	353	175
942	178	354	176
948	182	332	168
954	188	330	159
958	194	320	151
954	205	324	139
960	209	309	137
954	210	308	138
951	210	314	140
951	206	317	145
946	205	322	150
947	206	314	153
951	207	309	148
950	211	313	144
954	208	315	147
957	212	309	144
948	216	322	141
954	212	313	148
953	217	318	142
952	217	318	141
956	214	312	145
955	218	316	142
949	218	326	140
956	215	315	144
958	218	311	141
822	701	227	229
816	700	235	232
813	702	240	233
810	701	246	237
808	703	252	238
807	701	256	241
806	704	259	240
806	703	262	243
806	702	265	245
807	701	266	247
806	698	270	250
806	697	271	250
805	698	274	247
806	698	276	247
806	699	278	245
806	700	281	244
806	701	284	243
807	702	284	242
806	701	287	242
805	702	292	241
804	702	297	241
804	700	303	244
804	698	303	244
803	698	305	243
802	698	315	246
801	699	322	243
799	700	325	244
796	699	336	244
794	701	341	245
793	700	340	245
794	702	333	242
796	701	328	239
795	702	328	241
794	702	322	237
793	703	326	237
794	704	331	235
794	703	331	240
794	700	343	242
792	700	346	243
792	699	358	240
791	701	366	231
792	701	360	230
791	704	368	223
793	704	363	217
793	704	366	218
794	700	362	221
793	700	368	219
797	698	364	221
798	701	357	219
795	703	365	219
795	704	362	217
796	706	360	218
981	784	370	144
977	782	374	149
963	779	387	158
959	774	374	164
960	769	343	160
971	764	276	157
978	760	235	151
991	763	162	81
987	760	171	87
984	756	175	86
977	752	182	86
974	747	185	89
968	743	193	89
962	742	201	89
958	740	205	88
950	736	207	87
949	732	204	89
945	726	203	89
939	720	206	92
931	715	212	95
924	708	219	98
918	702	225	104
912	697	230	106
903	692	235	104
899	687	240	107
896	679	242	116
885	672	254	121
875	666	263	125
865	660	271	130
857	658	273	128
853	653	277	131
850	644	275	136
844	637	277	142
839	623	282	158
836	610	283	169
833	608	258	149
823	604	263	149
815	597	267	154
808	590	263	147
802	578	262	155
797	569	261	161
797	561	256	167
787	559	263	167
779	553	266	166
774	546	269	171
764	536	273	175
753	531	278	175
745	524	289	177
739	520	286	176
740	514	292	175
732	508	302	176
726	501	313	179
719	493	316	177
705	485	337	181
697	479	342	184
684	474	355	188
679	467	358	194
669	463	351	193
661	454	310	211
649	450	305	200
645	446	299	205
638	441	294	189
632	437	291	185
624	432	294	187
619	423	300	196
607	415	306	193
611	412	301	194
608	402	299	190
557	386	338	195
539	381	357	191
542	374	347	188
537	365	342	184
547	364	327	178
533	359	335	175
567	354	298	174
523	344	343	177
551	344	309	172
545	335	312	174
465	321	387	183
439	317	405	180
416	313	422	178
387	303	443	179
386	296	434	181
380	286	439	181
368	278	444	182
354	272	450	179
342	263	456	182
320	254	466	183
311	247	468	178
281	239	488	180
205	237	560	170
253	231	497	172
220	225	527	183
219	222	517	183
200	219	524	178
194	215	526	180
187	210	516	176
177	207	514	171
160	206	528	172
155	202	520	164
145	200	521	159
134	196	523	162
125	194	522	161
110	191	519	157
103	192	513	155
98	191	495	153
84	188	491	147
72	184	508	152
67	180	499	156
53	176	504	156
45	171	490	152
38	169	486	148
25	169	483	137
19	167	482	139
10	166	482	147
8	164	471	146
9	164	459	144
4	163	453	136
2	161	442	135
4	161	427	133
3	160	414	128
1	159	404	121
-1	160	401	121
-3	159	379	125
-3	160	374	125
-3	159	364	127
-3	158	342	127
-4	159	331	125
-3	160	322	126
-1	160	305	124
-2	162	296	123
-2	163	289	123
-6	164	275	120
-6	165	265	118
-5	165	257	123
-5	168	284	120
-6	170	286	116
-6	171	274	113
-7	172	262	105
-7	175	247	104
-5	176	196	100
-3	177	167	109
-3	182	161	81
-3	185	154	74
-3	190	146	74
-3	192	139	72
-3	197	128	68
-3	200	119	65
-1	203	100	64
-1	204	90	64
-1	206	80	64
0	206	66	64
0	208	60	66
0	210	57	69
0	211	48	73
