0.00792
0.06852
0.062
0.06278
0.05989
0.06003
0.06015
0.05966
0.06047
0.05982
0.05914
0.05945
0.05982
0.05939
0.06041
0.06102
0.05995
0.05951
0.06099
0.05974
0.05996
0.05976
0.06358
0.05973
0.05991
0.05987
0.06005
0.0595
0.06083
0.06034
0.05986
0.05991
0.06036
0.06062
0.06066
0.06055
0.05988
0.05923
0.0596
0.05942
0.05981
0.05973
0.06153
0.05899
0.05995
0.06234
0.06031
0.05978
0.05994
0.05959
0.05945
0.05928
0.05932
0.05982
0.05973
0.05987
0.05973
0.05916
0.05992
0.05912
0.05967
0.05975
0.06051
0.05996
0.05956
0.06123
0.05969
0.05954
0.05941
0.06092
0.05942
0.05952
0.06015
0.06066
0.06047
0.06036
0.06046
0.06016
0.06045
0.05988
0.05988
0.06154
0.06126
0.06005
0.06012
0.06024
0.06024
0.05988
0.06058
0.06316
0.0601
0.05951
0.06021
0.06022
0.06041
0.06037
0.06012
0.05969
0.06027
0.05973
0.05962
0.06629
0.06144
0.05962
0.05966
0.05961
0.05976
0.05975
0.06035
0.06158
0.05961
0.05981
0.05994
0.0601
0.06484
0.06166
0.06023
0.05927
0.05981
0.05928
0.05957
0.05947
0.06148
0.05914
0.05973
0.06021
0.05951
0.0596
0.0615
0.06038
0.05931
0.05949
0.05943
0.05937
0.05993
0.06083
0.05965
0.05891
0.0597
0.05912
0.05989
0.06162
0.06049
0.05897
0.05937
0.05986
0.05932
0.05897
0.06055
0.06183
0.05936
0.05954
0.05987
0.05965
0.06114
0.06152
0.06052
0.06023
0.06071
0.05933
0.06013
0.05955
0.06138
0.05981
0.0599
0.06026
0.05986
0.06001
0.06005
0.0616
0.06005
0.05975
0.06086
0.06014
0.06044
0.06089
0.06037
0.05982
0.06024
0.06095
0.05996
0.06011
0.06192
0.05964
0.06007
0.0604
0.0603
0.05985
0.06097
0.06034
0.05994
0.05987
0.06022
0.05985
0.06037
0.06176
0.06029
0.05949
0.06058
0.06007
0.06017
0.0658
0.06152
0.05929
0.06046
0.05983
0.06
0.06007
0.06087
0.05965
0.05979
0.05982
0.06039
0.0599
0.06178
0.06082
0.05985
0.0597
0.06081
0.0601
0.06039
0.06023
0.06153
0.05968
0.06049
0.06083
0.06044
0.06023
0.06088
0.06001
0.05998
0.06049
0.05988
0.06009
0.06064
0.06295
0.05999
0.05979
0.06052
0.06004
0.06019
0.06007
0.0607
0.06003
0.06062
0.05947
0.06038
0.06039
0.06132
0.05971
0.05939
0.06174
0.0604
0.05942
0.06021
0.06169
0.06013
0.05982
0.06009
0.05926
0.06007
0.06023
0.06021
0.05976
0.0602
0.06004
0.06013
0.06215
0.06122
0.05976
0.05992
0.06017
0.06013
0.06034
0.06007
0.06183
0.0601
0.06005
0.06044
0.05984
0.06018
0.06032
0.06024
0.05985
0.06022
0.0596
0.06011
0.06157
0.06169
0.05979
0.06003
0.06001
0.06019
0.06038
0.05999
0.06183
0.05982
0.06025
0.06022
0.05983
0.06096
0.06968
0.06019
0.05964
0.05985
0.05938
0.05971
0.05947
0.06149
0.0597
0.06018
0.06153
0.06025
0.06032
0.06303
0.05999
0.06011
0.05997
0.0601
0.05984
0.06144
0.0624
0.05967
0.05938
0.0598
0.05979
0.05966
0.05946
0.06048
0.0592
0.06037
0.06054
0.05945
0.05941
0.06047
0.05922
0.05946
0.05957
0.06019
0.05981
0.06216
0.0655
0.05994
0.05968
0.06054
0.05974
0.05996
0.06061
0.06032
0.05992
0.06033
0.06031
0.06042
0.06161
0.06174
0.05999
0.05992
0.06028
0.06005
0.06013
0.06014
0.06189
0.05997
0.06021
0.06016
0.06011
0.06032
0.06131
0.06013
0.05973
0.06012
0.05966
0.06054
0.06033
0.06176
0.06008
0.06007
0.06188
0.0604
0.0602
0.06058
0.06094
0.06009
0.06001
0.05984
0.06021
0.06066
0.06124
0.06021
0.06055
0.0604
0.05977
0.06017
0.05979
0.06246
0.05981
0.06019
0.06188
0.06088
0.05953
0.06004
0.06374
0.05974
0.05995
0.06003
0.05972
0.06218
0.06075
0.05953
0.05975
0.06006
0.06096
0.06
0.0617
0.06406
0.05962
0.06015
0.05999
0.0602
0.06038
0.06251
0.05991
0.05957
0.0596
0.05983
0.05915
0.05963
0.06117
0.06006
0.05932
0.06
0.05935
0.06036
0.0602
0.06178
0.06034
0.06054
0.05991
0.05997
0.06078
0.06108
0.05992
0.05997
0.05999
0.05979
0.05966
0.06026
0.06078
0.05949
0.05999
0.06054
0.0598
0.06022
0.05921
0.06092
0.0592
0.05941
0.05967
0.05958
0.06008
0.06162
0.05976
0.05981
0.05954
0.05968
0.05964
0.06141
0.06183
0.05966
0.05971
0.05968
0.05984
0.05937
0.05944
0.06225
0.05977
0.05948
0.0592
0.05986
0.0608
0.06078
0.06028
0.06007
0.06055
0.0603
0.05971
0.06203
0.06077
0.06008
0.05952
0.05998
0.06036
0.06019
0.06021
0.06248
0.0599
0.05989
0.05989
0.05998
0.06088
0.06061
0.0671
0.06037
0.06005
0.06019
0.05989
0.06203
0.06196
0.06024
0.05951
0.0604
0.05956
0.06051
0.05986
0.06503
0.05983
0.0603
0.05985
0.06013
0.06925
0.06079
0.05921
0.0595
0.05972
0.05984
0.06027
0.06013
0.06244
0.06003
0.05954
0.05998
0.05937
0.06047
0.06028
0.06022
0.05953
0.0605
0.05972
0.06023
0.06022
0.06105
0.05963
0.05981
0.06074
0.05963
0.05975
0.05972
0.06125
0.05977
0.05964
0.05989
0.06025
0.06035
0.06092
0.06042
0.05953
0.06043
0.06019
0.06049
0.06104
0.06101
0.05992
0.06004
0.06
0.06052
0.0602
0.06102
0.06114
0.06014
0.06061
0.06009
0.061
0.06105
0.06207
0.06046
0.05977
0.06015
0.05998
0.05996
0.06015
0.06494
0.06021
0.06031
0.05999
0.06089
0.06026
0.06085
0.06023
0.06036
0.06015
0.06044
0.06007
0.06075
0.0618
0.06001
0.05927
0.0609
0.06159
0.06091
0.06005
0.06276
0.07751
0.06189
0.05989
0.05965
0.06062
0.06149
0.05961
0.05996
0.05969
0.05999
0.05951
0.06
0.05984
0.06087
0.06032
0.05962
0.05995
0.0605
0.06048
0.05991
0.0592
0.05988
0.05951
0.05982
0.06111
0.06315
0.05918
0.05961
0.05955
0.05989
0.05971
0.05963
0.06027
0.06003
0.06022
0.06028
0.05953
0.06047
0.06154
0.0601
0.05954
0.06219
0.06017
0.06035
0.06003
0.06202
0.05975
0.06011
0.06037
0.06035
0.06001
0.06131
0.0602
0.06004
0.06034
0.06034
0.05946
0.05991
0.06114
0.0601
0.06008
0.06092
0.06013
0.06011
0.0601
0.06085
0.1214
0.06018
0.06028
0.06041
0.0609
0.05978
0.05987
0.06018
0.05972
0.05978
0.06065
0.06145
0.05979
0.05997
0.05979
0.06112
0.06001
0.06031
0.06115
0.0598
0.05945
0.05994
0.05984
0.06001
0.05973
0.06033
0.05908
0.05968
0.05928
0.05969
0.06028
0.06234
0.05988
0.0602
0.06556
0.05977
0.05929
0.06035
0.0603
0.06002
0.06084
0.06227
0.06001
0.0603
0.06134
0.05968
0.05967
0.06228
0.06052
0.06004
0.05959
0.06052
0.05982
0.06003
0.05937
0.0599
0.06
0.06201
0.06042
0.05996
0.06029
0.06008
0.05937
0.06062
0.06484
0.05988
0.0594
0.0602
0.06002
0.06079
0.05996
0.06011
0.05919
0.0596
0.05991
0.05986
0.06124
0.06842
0.06121
0.06069
0.06036
0.06034
0.06017
0.0626
0.06034
0.06082
0.06081
0.06008
0.05969
0.06072
0.06171
0.05997
0.0596
0.06079
0.0603
0.06005
0.05933
0.06045
0.05909
0.06008
0.05889
0.05937
0.05962
0.06064
0.0594
0.0597
0.0595
0.05968
0.05954
0.05989
0.0626
0.06005
0.05939
0.06112
0.06028
0.05968
0.05965
0.05988
0.05933
0.05985
0.05955
0.0598
0.0614
0.06206
0.06031
0.06272
0.05968
0.05938
0.05884
0.06069
0.06192
0.0592
0.05958
0.05957
0.06544
0.06082
0.06248
0.06026
0.05963
0.06058
0.05961
0.06017
0.06067
0.06534
0.05973
0.05995
0.05977
0.07058
0.05893
0.05975
0.05893
0.05881
0.05903
0.05889
0.05898
0.05991
0.06049
0.05881
0.05847
0.05933
0.05888
0.05945
0.05878
0.06127
0.05879
0.05902
0.05882
0.05886
0.059
0.05999
0.05875
0.05884
0.0592
0.05894
0.05858
0.06033
0.06016
0.05894
0.05854
0.05917
0.05872
0.05866
0.05883
0.06394
0.05879
0.05899
0.05871
0.05914
0.0603
0.0596
0.0594
0.05879
0.05911
0.05884
0.05899
0.05936
0.06008
0.05925
0.05861
0.0599
0.0591
0.05898
0.05864
0.06082
0.05837
0.05863
0.05978
0.05865
0.05838
0.0584
0.05917
0.05879
0.05831
0.05807
0.0581
0.05852
0.05841
0.05882
0.05783
0.05937
0.05785
0.05856
0.05829
0.05915
0.0585
0.05819
0.05863
0.05841
0.05799
0.05914
0.06048
0.05896
0.05808
0.05869
0.06556
0.05843
0.05813
0.05941
0.05871
0.05973
0.05912
0.05908
0.05908
0.06068
0.05897
0.05866
0.06006
0.0628
0.05909
0.0594
0.06027
0.05826
0.05863
0.05941
0.05905
0.05902
0.05925
0.06053
0.05894
0.05947
0.05878
0.05894
0.05984
0.05979
0.05957
0.05907
0.05914
0.05909
0.05898
0.05951
0.06041
0.05925
0.05945
0.06093
0.05917
0.05925
0.05909
0.06217
0.0587
0.05901
0.0597
0.05913
0.05888
0.05959
0.05957
0.05922
0.05918
0.05948
0.05912
0.05947
0.06078
0.0593
0.05878
0.06022
0.05949
0.05965
0.07063
0.0713
0.0595
0.06006
0.06025
0.06002
0.06181
0.06224
0.05958
0.06
0.06067
0.06046
0.05979
0.06022
0.0618
0.06028
0.06013
0.06027
0.06
0.05979
0.06089
0.05963
0.05912
0.05952
0.05997
0.05969
0.05947
0.06145
0.05973
0.05964
0.06088
0.06028
0.05996
0.06009
0.061
0.05995
0.06002
0.06031
0.06859
0.06165
0.06109
0.05927
0.05897
0.05952
0.05925
0.05976
0.06165
0.0607
0.0591
0.05975
0.05976
0.06125
0.05953
0.06056
0.06005
0.05979
0.06033
0.05988
0.05978
0.06153
0.06353
0.05998
0.05958
0.06009
0.06069
0.0605
0.06198
0.06069
0.05989
0.06016
0.06009
0.06026
0.06158
0.06209
0.0598
0.06033
0.06068
0.0606
0.06004
0.06005
0.06093
0.05987
0.05971
0.06016
0.0596
0.0598
0.06102
0.05968
0.05922
0.06101
0.05992
0.05959
0.05997
0.06215
0.06011
0.05977
0.0601
0.06011
0.06
0.06147
0.05976
0.05994
0.05998
0.06036
0.06063
0.06168
0.0607
0.05973
0.05998
0.06072
0.05978
0.06012
0.06196
0.06243
0.06009
0.06047
0.05981
0.05984
0.05941
0.05992
0.0593
0.05945
0.05913
0.05972
0.05988
0.06175
0.06153
0.05986
0.05952
0.06095
0.05975
0.06092
0.05976
0.06061
0.05944
0.06008
0.0596
0.06028
0.06698
0.06147
0.0598
0.06006
0.06116
0.06022
0.05982
0.06001
0.06224
0.0597
0.05964
0.05962
0.05906
0.06319
0.06139
0.05962
0.05906
0.05998
0.05987
0.06926
0.06931
0.06888
0.0596
0.06023
0.05943
0.05991
0.06065
0.06229
0.05989
0.05997
0.06171
0.06077
0.05974
0.06015
0.06048
0.05986
0.05979
0.05995
0.05956
0.06034
0.0616
0.0601
0.05954
0.06175
0.06044
0.06004
0.05962
0.06163
0.06026
0.06006
0.05955
0.05988
0.05969
0.0608
0.05971
0.0596
0.05989
0.06047
0.05956
0.05999
0.06047
0.06008
0.05939
0.0598
0.05946
0.05949
0.05928
0.06244
0.05904
0.06005
0.05977
0.05995
0.06012
0.06097
0.05964
0.05944
0.05937
0.05957
0.05925
0.05991
0.06142
0.05941
0.05931
0.06136
0.05994
0.05964
0.05908
0.06018
0.05961
0.06026
0.05937
0.05979
0.05963
0.06109
0.05926
0.05936
0.06015
0.05955
0.05983
0.06098
0.0673
0.05988
0.06083
0.06004
0.06018
0.06044
0.06132
0.06033
0.05974
0.06037
0.05982
0.06005
0.06194
0.06589
0.05954
0.05916
0.05922
0.05939
0.06027
0.06039
0.05917
0.05929
0.06011
0.05935
0.05942
0.06033
0.06244
0.05983
0.05966
0.06041
0.05924
0.05965
0.05929
0.06082
0.05979
0.06054
0.05934
0.05984
0.0601
0.06163
0.05938
0.05939
0.06034
0.05966
0.059
0.06084
0.06212
0.05928
0.059
0.05943
0.05967
0.0598
0.05935
0.05988
0.05933
0.05989
0.05964
0.05967
0.05946
0.06071
0.05936
0.05933
0.05968
0.06002
0.06013
0.06126
0.06516
0.05995
0.05896
0.05975
0.06002
0.06039
0.06123
0.06036
0.06033
0.06056
0.05994
0.05985
0.05997
0.06184
0.06083
0.0602
0.06228
0.06124
0.06056
0.06074
0.06094
0.05992
0.06065
0.06034
0.05968
0.06027
0.06089
0.06009
0.05958
0.06042
0.05983
0.06022
0.05896
0.06269
0.07173
0.06064
0.06008
0.06055
0.0612
0.06142
0.06037
0.06026
0.05968
0.06029
0.05977
0.06214
0.06144
0.06045
0.06022
0.05953
0.06063
0.06049
0.06099
0.05969
0.05936
0.05981
0.0596
0.05956
0.05976
0.06258
0.05984
0.05934
0.0607
0.06002
0.06074
0.0599
0.0597
0.05931
0.05989
0.05986
0.06005
0.06047
0.0614
0.06003
0.05952
0.06075
0.05985
0.06004
0.0594
0.0615
0.0595
0.05953
0.05978
0.05976
0.05975
0.061
0.06028
0.0598
0.05999
0.06003
0.06002
0.06032
0.06215
0.05976
0.05961
0.06013
0.06048
0.06072
0.06011
0.06083
0.06008
0.06067
0.06106
0.06022
0.06029
0.06103
0.06002
0.06033
0.06054
0.06062
0.06061
0.06049
0.06084
0.06034
0.06041
0.06085
0.06019
0.06088
0.06126
0.06032
0.0598
0.06197
0.06121
0.06023
0.06021
0.06228
0.06017
0.06027
0.06065
0.06072
0.06059
0.06239
0.06055
0.06802
0.06885
0.06081
0.06125
0.06068
0.07023
0.0594
0.05959
0.05955
0.05963
0.05987
0.06126
0.05947
0.05955
0.05996
0.05917
0.05978
0.05932
0.06224
0.05893
0.05928
0.05928
0.05928
0.05883
0.06049
0.05895
0.05915
0.05933
0.05935
0.05836
0.05898
0.05955
0.05888
0.05894
0.05956
0.0588
0.05917
0.05951
0.0606
0.05872
0.05911
0.05892
0.05916
0.05935
0.05949
0.05879
0.05901
0.05904
0.05896
0.05867
0.05929
0.05966
0.05906
0.05889
0.06093
0.05893
0.05891
0.0587
0.06168
0.05867
0.05894
0.05925
0.05896
0.05858
0.05875
0.05908
0.0589
0.0589
0.05871
0.05841
0.05915
0.05966
0.05992
0.05845
0.05937
0.05868
0.059
0.06035
0.06099
0.05818
0.05855
0.05887
0.05921
0.05904
0.05924
0.05972
0.0594
0.05925
0.05946
0.05879
0.05959
0.05985
0.05916
0.05867
0.05937
0.05884
0.059
0.07071
0.06173
0.05891
0.05999
0.07201
0.06968
0.06142
0.0635
0.06064
0.06096
0.06082
0.06108
0.06051
0.06153
0.06119
0.06131
0.0624
0.06102
0.06076
0.06117
0.06286
0.06098
0.06039
0.0615
0.06115
0.06107
0.06152
0.06169
0.06151
0.06192
0.06095
0.06165
0.0615
0.06345
0.06128
0.06116
0.06157
0.06142
0.06098
0.06287
0.07025
0.06205
0.06299
0.06109
0.06107
0.06126
0.06342
0.06254
0.06081
0.06092
0.06041
0.06094
0.06241
0.06117
0.06112
0.06329
0.06084
0.06125
0.06076
0.06354
0.06081
0.06133
0.06046
0.06082
0.06075
0.0625
0.06052
0.06063
0.06254
0.06095
0.06055
0.06062
0.06379
0.06047
0.06113
0.0607
0.06032
0.06087
0.06167
0.06068
0.06055
0.06134
0.06067
0.06043
0.06043
0.06239
0.06092
0.06441
0.06028
0.06047
0.06046
0.06149
0.0604
0.06049
0.06235
0.06047
0.06064
0.06105
0.06212
0.06088
0.06062
0.06116
0.0605
0.06095
0.06981
0.06071
0.06011
0.06089
0.06032
0.06062
0.06075
0.0618
0.06085
0.06088
0.06306
0.06086
0.06321
0.06283
0.06032
0.06033
0.06105
0.06167
0.06036
0.06398
0.06143
0.06094
0.06084
0.06108
0.06098
0.06283
0.06203
0.06088
0.06076
0.06281
0.06181
0.06098
0.06066
0.0615
0.06093
0.06125
0.06125
0.061
