0.00808
0.06874
0.07007
0.07024
0.06949
0.05909
0.05946
0.05889
0.06023
0.06009
0.05921
0.06008
0.05924
0.05889
0.05967
0.06151
0.05931
0.05928
0.06009
0.05945
0.05925
0.05976
0.06253
0.05879
0.06006
0.05887
0.05935
0.05942
0.0604
0.05952
0.05999
0.06021
0.05917
0.05889
0.06026
0.06437
0.05927
0.05908
0.05981
0.05934
0.06037
0.0607
0.05983
0.05912
0.06011
0.05916
0.05955
0.06056
0.06158
0.05918
0.05976
0.05979
0.05978
0.06003
0.06082
0.05969
0.0594
0.05997
0.05962
0.05937
0.06019
0.06231
0.05954
0.0594
0.05957
0.05938
0.05977
0.05934
0.05994
0.05922
0.06099
0.0592
0.05965
0.0596
0.06114
0.05937
0.05939
0.06047
0.0593
0.05914
0.05939
0.05927
0.05918
0.05967
0.0595
0.05913
0.06046
0.06243
0.05975
0.05906
0.06025
0.05956
0.05935
0.06083
0.06159
0.05961
0.06062
0.06007
0.05907
0.06196
0.06156
0.06805
0.06038
0.07474
0.07228
0.06012
0.0709
0.06381
0.06339
0.06214
0.06083
0.06032
0.06811
0.06502
0.06032
0.05987
0.06019
0.06601
0.06223
0.06171
0.06038
0.05972
0.06013
0.061
0.06078
0.06035
0.06094
0.05913
0.06307
0.0605
0.06027
0.05901
0.06165
0.06079
0.05967
0.0592
0.05952
0.05915
0.06048
0.05945
0.05914
0.05958
0.05938
0.05902
0.05986
0.06253
0.05978
0.05879
0.05966
0.05888
0.05982
0.05992
0.05961
0.05863
0.06033
0.05906
0.05973
0.05895
0.06107
0.06019
0.06069
0.06164
0.06062
0.06159
0.06107
0.06145
0.06103
0.06146
0.06096
0.06128
0.06238
0.06467
0.06303
0.06361
0.06371
0.0639
0.06375
0.0648
0.06419
0.06414
0.06591
0.06403
0.06471
0.06481
0.06365
0.06026
0.07318
0.07213
0.07264
0.07215
0.06275
0.06076
0.06204
0.06144
0.0628
0.06342
0.06311
0.06271
0.07349
0.07123
0.072
0.07032
0.07471
0.06005
0.06042
0.06152
0.06469
0.06269
0.06095
0.0625
0.0709
0.06698
0.07627
0.06906
0.06477
0.06497
0.0737
0.06826
0.06787
0.07403
0.06149
0.06111
0.06127
0.0618
0.0607
0.06481
0.06568
0.06092
0.0598
0.06161
0.06645
0.06444
0.0622
0.0606
0.06666
0.06095
0.05999
0.05952
0.06124
0.05888
0.06105
0.06093
0.05947
0.05879
0.05952
0.05963
0.0593
0.05913
0.05932
0.05908
0.06093
0.06006
0.06095
0.059
0.0597
0.05852
0.05917
0.05879
0.06146
0.0625
0.0713
0.07042
0.06864
0.07225
0.07148
0.06571
0.06281
0.06049
0.07783
0.07673
0.07806
0.08316
0.06511
0.05813
0.06056
0.06138
0.05907
0.06145
0.06136
0.05929
0.05972
0.06013
0.06286
0.06184
0.06123
0.06132
0.06353
0.06109
0.06051
0.05871
0.05986
0.06054
0.05967
0.0587
0.05928
0.06235
0.06047
0.05881
0.0596
0.05859
0.05949
0.07104
0.05992
0.06124
0.06007
0.0587
0.06261
0.0588
0.06055
0.05847
0.05927
0.05863
0.05895
0.06001
0.06942
0.05978
0.06009
0.06139
0.0603
0.06046
0.06076
0.06083
0.05981
0.06003
0.0603
0.06016
0.0605
0.07124
0.05916
0.0593
0.05877
0.05835
0.05917
0.06083
0.05942
0.05798
0.05991
0.05893
0.05914
0.05948
0.06053
0.05856
0.05898
0.06043
0.05916
0.05886
0.05903
0.05952
0.05921
0.05927
0.05937
0.05905
0.05987
0.06034
0.05926
0.05875
0.06111
0.05894
0.05917
0.05884
0.06187
0.05939
0.05959
0.05905
0.05958
0.05937
0.06051
0.0592
0.05974
0.06136
0.05936
0.05947
0.05913
0.06013
0.05937
0.05929
0.0593
0.05851
0.05947
0.06004
0.05921
0.05888
0.05993
0.0591
0.05922
0.06092
0.06506
0.05926
0.05946
0.05912
0.05932
0.05953
0.06031
0.05902
0.05905
0.05954
0.059
0.05934
0.06025
0.06169
0.05913
0.06574
0.05943
0.05923
0.05993
0.06032
0.0596
0.05931
0.06
0.05964
0.06011
0.06097
0.06397
0.06139
0.06051
0.05953
0.05958
0.05966
0.06147
0.06002
0.0597
0.06134
0.05992
0.06049
0.06066
0.06477
0.06342
0.0618
0.0652
0.06467
0.06335
0.06677
0.06096
0.05997
0.06014
0.0601
0.06099
0.06076
0.06031
0.05918
0.05969
0.05905
0.0595
0.06116
0.06453
0.05914
0.0594
0.05912
0.05961
0.06047
0.06128
0.05988
0.05959
0.0623
0.06119
0.06316
0.06679
0.07191
0.06292
0.06151
0.06598
0.06375
0.06322
0.06425
0.06816
0.06526
0.0721
0.08103
0.07588
0.06129
0.05884
0.05994
0.05925
0.05844
0.05992
0.06194
0.05974
0.05927
0.06059
0.05988
0.06363
0.06089
0.06053
0.05914
0.05913
0.06058
0.05966
0.05981
0.06089
0.06987
0.06674
0.06722
0.06076
0.06468
0.06685
0.06223
0.06421
0.06323
0.07121
0.06277
0.06647
0.06617
0.06064
0.06332
0.06207
0.06086
0.06298
0.05943
0.0596
0.0599
0.05965
0.05901
0.05973
0.06153
0.07663
0.06471
0.06195
0.06182
0.06192
0.0621
0.06253
0.0611
0.06317
0.06082
0.06524
0.06319
0.06277
0.0613
0.06253
0.06634
0.06297
0.06195
0.06224
0.06039
0.06114
0.06184
0.06501
0.06655
0.06599
0.06316
0.0651
0.06291
0.06293
0.06199
0.06705
0.06403
0.06651
0.06645
0.06538
0.0663
0.07272
0.0726
0.07285
0.06595
0.06504
0.06304
0.06579
0.06298
0.06185
0.06432
0.06067
0.06437
0.07431
0.06876
0.06298
0.06285
0.06334
0.06192
0.06251
0.06481
0.06927
0.06591
0.06329
0.06186
0.06404
0.06113
0.06211
0.06396
0.06713
0.06202
0.06454
0.06497
0.06226
0.06142
0.06247
0.06258
0.06347
0.06489
0.0636
0.06349
0.07215
0.06121
0.06209
0.06098
0.06251
0.0593
0.05964
0.05985
0.06025
0.05917
0.06886
0.07818
0.05982
0.05972
0.05994
0.05926
0.06223
0.05954
0.06007
0.05999
0.05984
0.05958
0.05976
0.05983
0.06032
0.05909
0.05931
0.05896
0.06096
0.06157
0.0599
0.05895
0.05999
0.06007
0.05946
0.06168
0.06041
0.05949
0.05958
0.05946
0.05949
0.05951
0.06378
0.06125
0.06003
0.05964
0.0602
0.06717
0.06519
0.06136
0.06087
0.06327
0.06159
0.06406
0.06213
0.06458
0.06007
0.06192
0.06125
0.06076
0.06862
0.0641
0.07825
0.06819
0.06441
0.06563
0.06296
0.06243
0.06253
0.06529
0.06249
0.06179
0.06402
0.06856
0.06357
0.06439
0.06586
0.06436
0.06261
0.06259
0.06179
0.06814
0.06536
0.07237
0.06628
0.06636
0.06612
0.06437
0.06514
0.0648
0.06584
0.06776
0.06397
0.06233
0.06243
0.06327
0.06413
0.06524
0.06563
0.0641
0.07115
0.06199
0.06373
0.06684
0.06589
0.06383
0.07455
0.07056
0.06442
0.06715
0.07604
0.07158
0.0645
0.07506
0.07408
0.07425
0.0663
0.07946
0.07012
0.07075
0.0649
0.06399
0.06629
0.06379
0.06374
0.06453
0.06422
0.06458
0.06405
0.06425
0.06412
0.06349
0.06365
0.06371
0.06329
0.06399
0.0635
0.0654
0.08042
0.07275
0.07258
0.06423
0.0637
0.06465
0.0734
0.07066
0.073
0.06336
0.06412
0.06428
0.08002
0.0789
0.07675
0.07507
0.07301
0.0664
0.0688
0.07819
0.07665
0.0738
0.06235
0.06381
0.06315
0.06337
0.07803
0.07145
0.06313
0.06359
0.06365
0.07455
0.0741
0.07356
0.06287
0.06312
0.06289
0.06299
0.06235
0.06354
0.06247
0.06279
0.06278
0.06252
0.06249
0.06546
0.06302
0.06309
0.0622
0.0623
0.0625
0.06157
0.06409
0.06444
0.06308
0.06787
0.0674
0.07241
0.06551
0.0708
0.06363
0.0614
0.0653
0.11631
0.06809
0.06603
0.06518
0.09006
0.0657
0.18837
0.08003
0.06628
0.0706
0.07131
0.06683
0.0783
0.07246
0.08184
0.08745
0.07805
0.06683
0.05963
0.05988
0.06621
0.06736
0.06085
0.06107
0.06118
0.0622
0.06242
0.06318
0.06394
0.06275
0.0613
0.06147
0.06176
0.06109
0.06089
0.06242
0.06208
0.06091
0.06111
0.06301
0.06113
0.06897
0.06885
0.06822
0.07946
0.07708
0.0748
0.06392
0.06395
0.06091
0.0663
0.06219
0.06051
0.06034
0.0621
0.06118
0.06183
0.06376
0.06134
0.06293
0.06207
0.06398
0.0621
0.06199
0.066
0.06231
0.06285
0.06344
0.06364
0.06204
0.06252
0.06035
0.0601
0.06075
0.06015
0.06051
0.06158
0.06054
0.06196
0.06163
0.0732
0.06394
0.06305
0.06123
0.06088
0.0605
0.06515
0.06431
0.06125
0.05994
0.06138
0.0612
0.0627
0.06247
0.06258
0.06237
0.06209
0.06154
0.06267
0.06262
0.06265
0.06124
0.06148
0.06062
0.06053
0.061
0.06067
0.06006
0.07012
0.06014
0.06777
0.06009
0.06715
0.06025
0.06279
0.06707
0.06914
0.06885
0.06504
0.06795
0.06438
0.06341
0.06932
0.06509
0.07618
0.07508
0.0654
0.06339
0.06211
0.06097
0.06124
0.06134
0.06364
0.06308
0.06536
0.06205
0.06131
0.06217
0.06113
0.0625
0.06222
0.08743
0.0781
0.07863
0.06827
0.07988
0.07744
0.07866
0.08099
0.0731
0.07423
0.08568
0.07385
0.07455
0.07364
0.07411
0.07524
0.07616
0.07404
0.07386
0.07279
0.07862
0.07102
0.07179
0.07158
0.06751
0.06362
0.0657
0.06306
0.0715
0.06375
0.06431
0.06503
0.06525
0.06458
0.0639
0.06562
0.06613
0.06463
0.06548
0.06485
0.07228
0.06829
0.06808
0.0638
0.06245
0.07056
0.07953
0.06932
0.0748
0.06677
0.06733
0.06411
0.06647
0.07382
0.06981
0.06693
0.06685
0.09903
0.06868
0.0697
0.07221
0.07005
0.07034
0.06421
0.07315
0.07612
0.06777
0.06412
0.07089
0.09825
0.06736
0.07023
0.0658
0.06674
0.06698
0.06292
0.06402
0.06392
0.0635
0.0672
0.06317
0.06271
0.06573
0.0717
0.07214
0.07127
0.06872
0.0693
0.06977
0.06943
0.06272
0.05949
0.05928
0.05981
0.06016
0.06097
0.0603
0.05927
0.05837
0.05853
0.05858
0.06601
0.06303
0.06297
0.06026
0.06023
0.06053
0.06294
0.06317
0.06318
0.07113
0.07733
