0.01076
0.0687
0.06721
0.06857
0.06723
0.06691
0.06734
0.0679
0.06803
0.06857
0.06703
0.07692
0.08263
0.0687
0.068
0.07034
0.06719
0.06765
0.06714
0.06689
0.06915
0.06941
0.06712
0.07741
0.06805
0.07716
0.06877
0.08129
0.0783
0.06836
0.06793
0.06847
0.06944
0.06865
0.06819
0.06898
0.06839
0.06874
0.06968
0.06858
0.06804
0.06838
0.06818
0.06846
0.06977
0.06802
0.06847
0.06818
0.06794
0.0778
0.07291
0.07964
0.06939
0.06964
0.06919
0.06951
0.0723
0.07121
0.0717
0.07123
0.0711
0.07277
0.07194
0.07157
0.07373
0.07236
0.07235
0.08094
0.08066
0.08085
0.07322
0.07312
0.07363
0.07427
0.07447
0.07503
0.07531
0.07601
0.0779
0.07547
0.07608
0.07636
0.07611
0.0779
0.08988
0.08921
0.08801
0.07875
0.08743
0.08722
0.07579
0.07768
0.07699
0.07871
0.07978
0.0776
0.07769
0.07749
0.07809
0.07847
0.08542
0.08758
0.07827
0.07837
0.08125
0.07911
0.07921
0.08054
0.07946
0.08069
0.08212
0.08369
0.07873
0.07782
0.07944
0.0922
0.08142
0.08351
0.08167
0.08287
0.08323
0.08257
0.083
0.08371
0.08191
0.08449
0.08343
0.08442
0.08432
0.08448
0.08535
0.0842
0.08373
0.08399
0.08475
0.08989
0.08523
0.08546
0.08539
0.08618
0.08647
0.08558
0.08544
0.08547
0.08621
0.08697
0.08554
0.08555
0.08416
0.08478
0.08169
0.08675
0.09408
0.08493
0.08388
0.08675
0.08284
0.08313
0.08294
0.08183
0.08366
0.08443
0.08167
0.09006
0.08965
0.09306
0.08914
0.07877
0.07897
0.07939
0.07965
0.08123
0.07862
0.08042
0.07863
0.08694
0.08101
0.09073
0.08756
0.08878
0.07923
0.08051
0.07846
