0.01668
0.1123
0.10405
0.08797
0.08535
0.08348
0.08351
0.08516
0.09416
0.09733
0.09898
0.08456
0.09329
0.09834
0.09416
0.09181
0.09506
0.10366
0.08908
0.09543
0.08715
0.09818
0.09196
0.10315
0.10184
0.0883
0.0998
0.08325
0.08223
0.09482
0.09411
0.09286
0.11481
0.0998
0.08017
0.10185
0.11746
0.08411
0.09009
0.12924
0.11709
0.37953
0.12678
0.09368
0.08912
0.08111
0.11046
0.12911
0.09551
0.08949
0.08741
0.08765
0.09685
0.12248
0.07747
0.07865
0.07482
0.07363
0.07879
0.0631
0.06348
0.06325
0.06469
0.06365
0.07431
0.10732
0.11552
0.13161
0.10418
0.09803
0.0921
0.09617
0.08347
0.10372
0.10287
0.09839
0.09465
0.10613
0.09065
0.09364
0.09864
0.0924
0.09133
0.09494
0.09737
0.09754
0.10734
0.08505
0.09625
0.10248
0.08299
0.09281
0.08871
0.10384
0.08436
0.09693
0.18562
0.09599
0.10873
0.0946
0.09828
0.10857
0.08714
0.09522
0.10927
0.08706
0.09705
0.12906
0.08315
0.11361
0.10957
0.10442
0.08447
0.12625
0.10594
0.0789
0.08137
0.09812
0.11183
0.11587
0.09793
0.09062
0.10108
0.1039
0.12908
0.09337
0.09506
0.08564
0.09131
0.10296
0.10792
0.06855
0.07906
0.06945
0.07638
0.08167
0.0919
0.06501
0.06062
0.06159
0.07114
0.10804
0.10529
0.12085
0.0939
0.09557
0.09934
0.10565
0.09936
0.12867
0.1096
0.10472
0.11556
0.10127
0.09092
0.10075
0.10005
0.0937
0.09247
0.08677
0.09552
0.09572
0.09855
0.09509
0.09006
0.10658
0.08854
0.10147
0.09033
0.11342
0.09733
0.09924
0.09223
0.09924
0.10031
0.0932
0.0877
0.10069
0.08083
0.08838
0.10342
0.09364
0.08856
0.10225
0.0938
0.09086
0.10311
0.10374
0.08499
0.09534
0.11626
0.08656
0.07922
0.07271
0.10891
0.11787
0.09749
0.07161
0.0752
0.1105
0.10448
0.12701
0.09608
0.07988
0.0743
0.10947
0.13517
0.06868
0.08088
0.07181
0.08612
0.06414
0.06347
0.06212
0.06591
0.06252
0.09676
0.13369
0.13875
0.1081
0.09402
0.09112
0.09059
0.08807
0.09662
0.09981
0.10329
0.10073
0.1007
0.0972
0.10219
0.09389
0.0959
0.08553
0.09189
0.09749
0.09523
0.09083
0.10123
0.09509
0.09884
0.10773
0.09449
0.10878
0.09706
0.10485
0.10165
0.08958
0.10249
0.09969
0.09773
0.0885
0.08958
0.0981
0.09421
0.09255
0.10718
0.09052
0.09048
0.10046
0.08354
0.0832
0.10157
0.10685
0.08955
0.08542
0.09098
0.10012
0.09933
0.08965
0.10035
0.10326
0.10811
0.0881
0.08594
0.07767
0.10755
0.11955
0.09159
0.10053
0.0776
0.07347
0.10622
0.11486
0.07898
0.0797
0.06998
0.08352
0.0689
0.06367
0.06397
0.06575
0.06395
0.06441
0.10565
0.12453
0.11923
0.13168
0.11063
0.09646
0.11453
0.10863
0.12553
0.11964
0.10706
0.10278
0.10515
0.09817
0.10896
0.09812
0.09185
0.09388
0.10077
0.09263
0.09561
0.10863
0.09539
0.09886
0.10379
0.09895
0.10185
0.0954
0.10341
0.09584
0.10659
0.08719
0.10381
0.10102
0.11224
0.10181
0.11376
0.09188
0.089
0.10227
0.09415
0.09294
0.10639
0.08389
0.09076
0.10106
0.10403
0.09217
0.09388
0.11878
0.09105
0.07802
0.07436
0.12017
0.10914
0.0957
0.07918
0.07649
0.12051
0.10228
0.12289
0.09965
0.0856
0.07863
0.0936
0.09432
0.10037
0.07201
0.07634
0.07129
0.07843
0.06382
0.06225
0.06048
0.06175
0.07686
0.08066
0.11789
0.12027
0.11565
0.10613
0.10008
0.09853
0.10503
0.09771
0.13582
0.1218
0.10769
0.11122
0.09844
0.0993
0.09929
0.09867
0.08893
0.08801
0.09259
0.09731
0.10004
0.09751
0.09319
0.103
0.10964
0.09269
0.09536
0.0974
0.09322
0.10467
0.10103
0.10708
0.08795
0.10065
0.09507
0.09233
0.10434
0.09136
0.08817
0.11458
0.08673
0.1138
0.11462
0.08824
0.11355
0.10254
0.08942
0.08782
0.11145
0.14437
0.08589
0.08184
0.11868
0.12469
0.10078
0.09101
0.08241
0.10597
0.16515
0.09848
0.09378
0.09064
0.10056
0.10487
0.11451
0.08044
0.07771
0.08491
0.06566
0.06479
0.0642
0.06266
0.06456
0.06332
0.07609
0.1101
0.10861
0.11811
0.10326
0.08969
0.09247
0.09456
0.09407
0.11029
0.11605
0.12254
0.10492
0.1061
0.09753
0.09384
0.09313
0.08959
0.09217
0.09809
0.08876
0.09377
0.10634
0.09598
0.09192
0.10158
0.08934
0.10062
0.09382
0.11131
0.08475
0.10561
0.09316
0.09731
0.09499
0.10612
0.09079
0.10314
0.08511
0.08651
0.10833
0.09004
0.08473
0.09681
0.09061
0.08594
0.10186
0.11595
0.08451
0.08827
0.13264
0.09554
0.07428
0.07442
0.11323
0.13649
0.09743
0.08423
0.08294
0.10918
0.09736
0.11602
0.09066
0.08945
0.0885
0.09668
0.11468
0.10859
0.07739
0.0781
0.08167
0.06623
0.08851
0.08757
0.07601
0.07569
0.07747
0.08021
0.1105
0.12351
0.12353
0.10139
0.10871
0.10761
0.10172
0.10401
0.14668
0.108
0.09587
0.10791
0.10347
0.10406
0.09622
0.08567
0.08475
0.09198
0.08559
0.0908
0.09398
0.08609
0.08731
0.08685
0.09351
0.09287
0.09131
0.09944
0.0823
0.09233
0.08979
0.10355
0.09013
0.10731
0.09555
0.08604
0.10644
0.08828
0.09949
0.10458
0.08745
0.10178
0.10246
0.0839
0.10281
0.11138
0.10354
0.08605
0.10147
0.10862
0.08998
0.07803
0.07184
0.12143
0.11699
0.08501
0.07455
0.0754
0.10391
0.11451
0.12227
0.10173
0.08736
0.08208
0.10099
0.13151
0.08288
0.0785
0.0721
0.07857
0.06519
0.06481
0.06473
0.06404
0.06407
0.13437
0.13989
0.12621
0.11682
0.10909
0.1002
0.10082
0.09517
0.11915
0.12392
0.10813
0.1031
0.0956
0.11225
0.11342
0.09723
0.09405
0.09259
0.1017
0.09163
0.09911
0.10264
0.09358
0.09094
0.09989
0.10495
0.08966
0.10851
0.08983
0.1006
0.0812
0.09747
0.08916
0.10491
0.09759
0.0918
0.12012
0.08594
0.09977
0.09329
0.08505
0.10812
0.09377
0.09099
0.09574
0.11419
0.08488
0.0922
0.09881
0.09677
0.07894
0.07366
0.10318
0.11617
0.11357
0.07559
0.08581
0.11873
0.61773
0.09415
0.0953
0.10962
0.07126
0.0817
0.06942
0.07842
0.06497
0.06337
0.06442
0.06364
0.06376
0.06399
0.07992
0.1063
0.12389
0.11529
0.11831
0.12165
0.10657
0.09905
0.09687
0.12044
0.13044
0.10312
0.09783
0.09971
0.10042
0.0964
0.09891
0.09311
0.09102
0.09322
0.09001
0.08683
0.11042
0.09797
0.09866
0.10864
0.08594
0.11215
0.09476
0.10055
0.10654
0.1013
0.08452
0.09047
0.08831
0.10995
0.09243
0.11289
0.09654
0.10431
0.12756
0.094
0.12015
0.09879
0.08509
0.10456
0.11271
0.10244
0.10568
0.13027
0.09962
0.08995
0.0882
0.11313
0.11993
0.09024
0.08383
0.0815
0.09641
0.10163
0.11053
0.08315
0.08007
0.08076
0.10271
0.10007
0.09624
0.081
0.07671
0.08067
0.06602
0.06469
0.06575
0.06492
0.06381
0.06454
0.13979
0.13539
0.12665
0.11144
0.1258
0.08875
0.09209
0.09757
0.12667
0.1106
0.11954
0.10279
0.10628
0.09475
0.09518
0.09253
0.08718
0.09154
0.10349
0.09095
0.10583
0.09472
