0.01185
0.07781
0.06412
0.06704
0.06437
0.06358
0.06719
0.06646
0.06626
0.06569
0.06818
0.06434
0.06253
0.0633
0.06335
0.06332
0.06332
0.06468
0.0687
0.0647
0.06223
0.08664
0.07012
0.06696
0.06082
0.06109
0.064
0.06197
0.06745
0.06386
0.06024
0.06074
0.06455
0.06177
0.06468
0.06591
0.06697
0.06907
0.06117
0.06243
0.06384
0.06059
0.06173
0.06573
0.06057
0.07421
0.06606
0.06588
0.06062
0.06502
0.0613
0.06222
0.06199
0.06255
0.06164
0.08175
0.07467
0.06162
0.06038
0.06448
0.06134
0.06352
0.06406
0.07799
0.07015
0.06599
0.06699
0.07347
0.06503
0.06588
0.06604
0.06448
0.06564
0.06334
0.06047
0.05982
0.06596
0.06136
0.06931
0.06465
0.06564
0.06751
0.06348
0.06354
0.06796
0.06398
0.06417
0.06608
0.06459
0.07287
0.06114
0.06149
0.06403
0.06153
0.06506
0.07151
0.06772
0.0644
0.06205
0.06205
0.06638
0.07765
0.06609
0.06197
0.06095
0.06215
0.06514
0.0668
0.06371
0.06465
0.06338
0.0663
0.0627
0.06226
0.06431
0.06517
0.07439
0.07233
0.06728
0.06905
0.06484
0.06396
0.06707
0.06272
0.06299
0.06888
0.07524
0.06502
0.07237
0.07752
0.07786
0.07099
0.07053
0.0743
0.06385
0.05994
0.06165
0.06368
0.06589
0.06677
0.06881
0.06808
0.06385
0.06689
0.06526
0.06326
0.0644
0.06455
0.06384
0.06402
0.06298
0.06213
0.07364
0.06437
0.06159
0.05971
0.0633
0.06083
0.06589
0.06452
0.06364
0.06617
0.06156
0.06062
0.06076
0.06268
0.063
0.06327
0.07295
0.07634
0.06869
0.0598
0.06145
0.05954
0.06704
0.06327
0.06176
0.0592
0.05949
0.06373
0.05979
0.06292
0.0613
0.05903
0.05921
0.05908
0.06019
0.06785
0.07359
0.07895
0.07023
0.0608
0.06075
0.06218
0.06222
0.06404
0.0628
0.06312
0.0668
0.07552
0.07295
0.08298
0.06996
0.06172
0.06144
0.0601
0.06032
0.06053
0.0607
0.06007
0.0597
0.06042
0.05922
0.06611
0.0623
0.06076
0.0604
0.0603
0.05979
0.0598
0.0593
0.05937
0.05906
0.05965
0.06024
0.0596
0.06231
0.0621
0.05967
0.05956
0.05961
0.05931
0.0598
0.06177
0.05951
0.05932
0.05998
0.05959
0.05946
0.05977
0.06228
0.05926
0.05955
0.05904
0.05933
0.06009
0.06125
0.05934
0.05926
0.05943
0.05895
0.05838
0.05924
0.06437
0.05957
0.05876
0.05939
0.05916
0.05977
0.06045
0.05956
0.05877
0.06101
0.05931
0.05916
0.05957
0.06406
0.06053
0.06009
0.05899
0.05924
0.06021
0.06071
0.0601
0.05963
0.06189
0.06002
0.0595
0.0596
0.06009
0.05965
0.06035
0.05978
0.05963
0.06053
0.06249
0.05934
0.05937
0.0599
0.0602
0.06054
0.05959
0.05978
0.05929
0.06015
0.06069
0.06024
0.0622
0.06129
0.0596
0.05969
0.06763
0.05927
0.06048
0.06137
0.06058
0.05973
0.06138
0.06003
0.05942
0.07163
0.07554
0.07093
0.07019
0.06713
0.05989
0.05973
0.05937
0.05912
0.05913
0.05945
0.05906
0.06034
0.05939
0.06058
0.06094
0.07446
0.06094
0.06063
0.06088
0.06078
0.06053
0.05983
0.06003
0.06154
0.05971
0.05916
0.05922
0.06052
0.06899
0.07149
0.06996
0.05909
0.05848
0.05932
0.05967
0.05979
0.05957
0.07179
0.06283
0.06349
0.06176
0.06194
0.06132
0.07555
0.07085
0.05994
0.06155
0.05984
0.0589
0.06026
0.05947
0.05974
0.05953
0.05965
0.06036
0.06226
0.05944
0.05962
0.05932
0.05983
0.05986
0.06119
0.06054
0.06015
0.05976
0.0596
0.05937
0.05958
0.06101
0.06027
0.06087
0.05965
0.05925
0.0599
0.06056
0.05981
0.05943
0.06098
0.06034
0.06072
0.05959
0.05994
0.05943
0.05988
0.05945
0.05966
0.05971
0.06163
0.05912
0.05949
0.06547
0.05947
0.05886
0.06013
0.06006
0.06004
0.05922
0.05935
0.05923
0.05925
0.06105
0.05947
0.06052
0.05971
0.05908
0.05946
0.0606
0.05971
0.05915
0.06144
0.05955
0.06042
0.05888
0.05972
0.07676
0.06017
0.05945
0.05949
0.05961
0.06236
0.06076
0.06089
0.05932
0.0595
0.05979
0.06031
0.05968
0.05993
0.06237
0.05989
0.06025
0.05948
0.05965
0.05938
0.05946
0.06047
0.07541
0.06928
0.07098
0.06051
0.06127
0.05965
0.07049
0.06138
0.0601
0.05942
0.06009
0.05894
0.05903
0.05958
0.06458
0.07637
0.05991
0.05913
0.05855
0.0591
0.06121
0.05901
0.05903
0.05927
0.05909
0.06835
0.06806
0.05974
0.05903
0.06159
0.06036
0.06031
0.06186
0.05989
0.05905
0.05951
0.05923
0.05958
0.05902
0.06232
0.05895
0.05906
0.0591
0.05937
0.05917
0.0602
0.06037
0.05926
0.05971
0.05938
0.05903
0.05952
0.061
0.05927
0.06662
0.06026
0.05863
0.05958
0.0609
0.05994
0.05928
0.05986
0.05964
0.05956
0.06034
0.06016
0.05927
0.06211
0.06886
0.06878
0.07038
0.07366
0.07125
0.06935
0.06843
0.06676
0.06638
0.06294
0.06344
0.0633
0.05996
0.0598
0.06193
0.05979
0.06047
0.05938
0.05972
0.05947
0.05887
0.06005
0.06349
0.05947
0.05904
0.06109
0.05956
0.06009
0.05981
0.06112
0.05935
0.05987
0.06573
0.06219
0.06029
0.06116
0.06045
0.05976
0.05957
0.06073
0.06218
0.06388
0.06693
0.06479
0.06444
0.06544
0.06198
0.06326
0.06017
0.06098
0.06123
0.06001
0.06111
0.06485
0.0677
0.06486
0.06935
0.07466
0.06423
0.06579
0.06462
0.0632
0.06456
0.06287
0.05941
0.06092
0.05872
0.05961
0.05925
0.06023
0.05918
0.06119
0.05907
0.0594
0.0605
0.05913
0.05938
0.05926
0.05977
0.05901
0.05931
0.0597
0.05891
0.05956
0.06207
0.05961
0.06617
0.06153
0.06108
0.07973
0.07659
0.07667
0.06122
0.0626
0.06011
0.06419
0.06023
0.06331
0.06089
0.06103
0.06145
0.06182
0.05995
0.06403
0.06144
0.06161
0.06051
0.05953
0.05945
0.05966
0.05987
0.05961
0.0591
0.06096
0.05848
0.05852
0.05952
0.0589
0.05866
0.05901
0.05811
0.06269
0.06198
0.06178
0.06448
0.06225
0.05994
0.06001
0.06138
0.06166
0.06102
0.06047
0.06843
0.0636
0.07397
0.07444
0.07389
0.06518
0.06299
0.06456
0.06421
0.06453
0.06297
0.0622
0.06072
0.06284
0.06134
0.06119
0.06103
0.06125
0.06208
0.06244
0.06117
0.06073
0.0615
0.0615
0.06087
0.06128
0.06138
0.06115
0.06304
0.06172
0.06164
0.06354
0.06123
0.06323
0.06177
0.06225
0.06378
0.06139
0.06132
0.06138
0.06111
0.06246
0.0608
0.0614
0.06168
0.06114
0.06524
0.06631
0.0641
0.07845
0.06797
0.06721
0.06547
0.06473
0.07928
0.06596
0.06753
0.06678
0.06407
0.06882
0.06527
0.06452
0.0628
0.06142
0.06145
0.06389
0.06676
0.07483
0.0753
0.06544
0.0666
0.0635
0.07191
0.06992
0.06995
0.06706
0.0635
0.06297
0.06254
0.06225
0.06219
0.06355
0.06242
0.06474
0.06255
0.06314
0.06522
0.06298
0.06547
0.07723
0.07577
0.06995
0.06221
0.06323
0.06116
0.06283
0.06136
0.06148
0.06754
0.06404
0.07303
0.07055
0.06349
0.06164
0.06138
0.06401
0.06242
0.06433
0.06378
0.06183
0.07441
0.06235
0.06102
0.06186
0.06091
0.06088
0.06157
0.06189
0.06217
0.06136
0.06148
0.06274
0.06095
0.06083
0.06072
0.06181
0.06571
0.06376
0.06138
0.07087
0.06218
0.06748
0.06477
0.07433
0.06216
0.0716
0.06367
0.06185
0.06706
0.06953
0.06284
0.07145
0.0682
0.06791
0.06269
0.07194
0.06827
0.06511
0.06206
0.07243
0.06257
0.06118
0.06084
0.0608
0.06587
0.06134
0.06105
0.06299
0.06172
0.06137
0.06102
0.06903
0.06486
0.0617
0.06063
0.06704
0.0717
0.06097
0.072
0.06393
0.06827
0.06183
0.06816
0.06132
0.06086
0.07938
0.07137
0.06286
0.06205
0.06262
0.0622
0.07906
0.0861
0.06259
0.06178
0.06252
0.06247
0.06229
0.06281
0.06274
0.06768
0.06321
0.06339
0.08178
0.08262
0.06387
0.06192
0.06279
0.07208
0.07501
0.07193
0.06309
0.0649
0.06248
0.06314
0.06196
0.06055
0.06246
0.06054
0.06304
0.06461
0.06507
0.06483
0.06306
0.06159
0.06081
0.06108
0.06116
0.06101
0.06118
0.06095
0.06101
0.06226
0.06961
0.06282
0.0632
0.06353
0.0626
0.06272
0.06251
0.06126
0.06075
0.06261
0.06255
0.06216
0.06255
0.06011
0.0613
0.06333
0.07143
0.06395
0.06323
0.06202
0.06335
0.06352
0.06229
0.06003
0.05978
0.06293
0.06303
0.06002
0.06425
0.06295
0.06284
0.06921
0.06086
0.06197
0.07054
0.06859
0.07807
0.07705
0.06441
0.06768
0.07554
0.07929
0.08303
0.08011
0.08423
0.08016
0.07916
0.07744
0.07673
0.077
0.07578
0.07501
0.07349
0.0672
0.0639
0.0707
0.06842
0.06681
0.06564
0.07949
0.07049
0.09182
0.07577
0.07745
0.10666
0.10276
0.0898
0.08617
0.08895
0.07546
0.07778
0.07118
0.06767
0.06882
0.08782
0.07209
0.06715
0.07175
0.06776
0.06983
0.06738
0.06439
0.08256
0.07437
0.07047
0.07773
0.06887
0.06817
0.06533
0.06645
0.06549
0.06828
0.06501
0.06454
0.06911
0.06549
0.06615
0.07083
0.06557
0.06536
0.06227
0.07379
0.07261
0.07262
0.07323
0.06744
0.06433
0.06502
0.06349
0.0642
0.06561
0.06465
0.0644
0.06332
0.06582
0.06515
0.06388
0.06504
