0.00786
0.06053
0.06075
0.06099
0.06051
0.05949
0.0594
0.06121
0.05957
0.06138
0.06002
0.0599
0.0601
0.05926
0.05958
0.06034
0.06162
0.06
0.05962
0.05978
0.05989
0.06032
0.06031
0.06018
0.0597
0.06053
0.06035
0.05999
0.06049
0.06178
0.05992
0.0603
0.0728
0.06012
0.06035
0.06113
0.06079
0.06049
0.06076
0.06035
0.06008
0.06031
0.06298
0.06018
0.06001
0.06233
0.06063
0.06003
0.05998
0.06179
0.06032
0.05989
0.06012
0.06
0.0607
0.06134
0.06068
0.06006
0.06007
0.05939
0.06001
0.06146
0.0614
0.05934
0.06023
0.06001
0.06006
0.06012
0.06048
0.06388
0.06038
0.05974
0.06054
0.05995
0.06037
0.06187
0.06064
0.06031
0.06098
0.06029
0.06011
0.06065
0.06177
0.05993
0.06034
0.06212
0.06034
0.05988
0.05949
0.06074
0.05968
0.06024
0.05978
0.05966
0.06042
0.06014
0.06002
0.05945
0.0599
0.05962
0.06004
0.06285
0.06135
0.06045
0.0602
0.06185
0.06055
0.0603
0.06026
0.06203
0.06011
0.05992
0.06026
0.05972
0.06057
0.05988
0.06071
0.06034
0.06039
0.05988
0.05991
0.06022
0.06075
0.06002
0.05884
0.05919
0.05928
0.05916
0.06754
0.06092
0.05971
0.05868
0.05925
0.05918
0.05903
0.05939
0.06273
0.05854
0.05923
0.05938
0.059
0.05929
0.05943
0.05981
0.05924
0.05937
0.05956
0.05903
0.05945
0.06019
0.05953
0.05906
0.05947
0.05926
0.05925
0.05949
0.06
0.05942
0.05911
0.06016
0.05938
0.05931
0.05907
0.06118
0.05881
0.05872
0.05954
0.05878
0.05942
0.05929
0.06119
0.05913
0.0589
0.05886
0.05897
0.05902
0.05924
0.05981
0.0592
0.05941
0.05924
0.05907
0.05964
0.05995
0.05951
0.05934
0.05921
0.05926
0.05947
0.06144
0.06025
0.05897
0.05919
0.06004
0.05957
0.05959
0.06081
0.06292
0.05922
0.05937
0.06816
0.06156
0.05951
0.06003
0.05937
0.05916
0.0604
0.0592
0.05932
0.06116
0.06019
0.05946
0.0592
0.05955
0.05959
0.05947
0.06125
0.06213
0.05915
0.05897
0.05922
0.05888
0.05918
0.05938
0.05997
0.0588
0.06053
0.05857
0.05957
0.05932
0.05899
0.0594
0.059
0.05948
0.05875
0.05939
0.05936
0.06015
0.05975
0.05933
0.05984
0.05922
0.05947
0.05977
0.06038
0.05959
0.06068
0.0602
0.05895
0.05886
0.05944
0.06048
0.05893
0.0588
0.0601
0.05922
0.05966
0.05901
0.0594
0.05894
0.05905
0.05924
0.0594
0.05926
0.05964
0.05911
0.0589
0.05896
0.05855
0.05881
0.0595
0.06041
0.05934
0.05901
0.06183
0.05962
0.05921
0.05974
0.06147
0.06012
0.05977
0.05945
0.05991
0.06011
0.06081
0.05965
0.05943
0.06027
0.06001
0.05986
0.06002
0.06102
0.05972
0.05936
0.06005
0.05976
0.06007
0.05972
0.06261
0.05993
0.0602
0.06038
0.05934
0.05925
0.05944
0.05959
0.05962
0.05963
0.06033
0.05983
0.06032
0.06143
0.06067
0.05971
0.06282
0.05955
0.06119
0.06008
0.06071
0.06013
0.06064
0.06009
0.06053
0.06179
0.06252
0.06128
0.06095
0.06107
0.06063
0.06042
0.06314
0.06263
0.06039
0.06079
0.06041
0.06038
0.06061
0.06082
0.06054
0.05996
0.06064
0.06034
0.05994
0.06088
0.06274
0.06036
0.05988
0.0612
0.06108
0.06096
0.06087
0.06468
0.06084
0.06047
0.06028
0.06077
0.06074
0.0605
0.06067
0.06044
0.06207
0.06161
0.06036
0.05991
0.0615
0.0597
0.05975
0.05935
0.05962
0.05925
0.06055
0.06028
0.05949
0.06054
0.05994
0.05997
0.06138
0.06162
0.05957
0.05969
0.06018
0.05964
0.05971
0.06085
0.06284
0.06015
0.0595
0.05984
0.06001
0.0603
0.06059
0.06049
0.06043
0.06025
0.06015
0.05923
0.06046
0.0607
0.06094
0.05978
0.06991
0.06158
0.06043
0.05987
0.06234
0.05973
0.06034
0.05997
0.05989
0.06022
0.06042
0.06025
0.05967
0.05995
0.06152
0.05977
0.06221
0.06151
0.05951
0.05954
0.05963
0.06
0.05986
0.05996
0.05998
0.05957
0.05976
0.05965
0.05958
0.05995
0.05995
0.06018
0.05982
0.06046
0.0601
0.06039
0.0607
0.06167
0.06006
0.06025
0.06096
0.06024
0.0602
0.06042
0.06082
0.05993
0.06006
0.06043
0.06044
0.06057
0.06086
0.06048
0.06017
0.06074
0.06012
0.06023
0.06053
0.06247
0.06047
0.06064
0.0621
0.06097
0.06105
0.06093
0.06158
0.06114
0.06158
0.06124
0.06095
0.0634
0.0619
0.06148
0.06093
0.06127
0.06087
0.06102
0.06216
0.06378
0.06116
0.06128
0.06093
0.06066
0.06099
0.06131
0.06116
0.06063
0.06133
0.06072
0.06092
0.06258
0.06513
0.06039
0.06015
0.06049
0.06037
0.06048
0.05979
0.06035
0.06024
0.06025
0.05963
0.06169
0.06057
0.06103
0.06014
0.0597
0.06186
0.0597
0.05962
0.0597
0.06313
