0.00879
0.06374
0.06263
0.06602
0.06306
0.06357
0.06343
0.07424
0.07279
0.07349
0.0629
0.0628
0.06232
0.06312
0.06162
0.06454
0.06232
0.06252
0.06229
0.06246
0.06447
0.06311
0.06541
0.06324
0.06243
0.063
0.06293
0.06534
0.06338
0.06556
0.06286
0.06383
0.06343
0.06361
0.06346
0.06371
0.0742
0.07365
0.06242
0.06417
0.06222
0.06524
0.06203
0.07294
0.06259
0.06299
0.06273
0.06318
0.06321
0.06268
0.06219
0.06223
0.06179
0.06297
0.06219
0.06501
0.06198
0.06268
0.06223
0.06289
0.06301
0.06301
0.06462
0.06244
0.06221
0.06313
0.06269
0.06301
0.06252
0.06373
0.06217
0.0628
0.06222
0.06381
0.0628
0.06259
0.06252
0.06254
0.06286
0.06317
0.06241
0.06282
0.062
0.06253
0.06249
0.06331
0.06173
0.06239
0.06204
0.06266
0.06431
0.06288
0.06278
0.0632
0.06344
0.06332
0.06283
0.06318
0.06217
0.06338
0.06194
0.06277
0.06138
0.06233
0.06188
0.06271
0.06444
0.06246
0.06211
0.06395
0.06216
0.06297
0.0616
0.06364
0.06204
0.06338
0.06179
0.0623
0.06213
0.06272
0.06259
0.06264
0.06308
0.06226
0.06205
0.06346
0.06189
0.06259
0.06239
0.0732
0.06463
0.06331
0.06283
0.06382
0.06674
0.06439
0.06271
0.06467
0.06548
0.06607
0.0654
0.06688
0.06648
0.0664
0.06693
0.07705
0.06733
0.06517
0.06472
0.06491
0.07672
0.06795
0.06338
0.06335
0.06301
0.06295
0.0633
0.06282
0.06543
0.06319
0.06197
0.06309
0.06257
0.06354
0.06235
0.06409
0.06348
0.06336
0.06265
0.06314
0.06256
0.06344
0.06234
0.06322
0.06315
0.06346
0.0627
0.06499
0.06255
0.06471
0.06189
0.06451
0.06203
0.06293
0.06386
0.06321
0.06447
0.06271
0.06249
0.06239
0.0623
0.06287
0.0621
0.0628
0.06147
0.06433
0.06232
0.06278
0.06233
0.06292
0.06255
0.0635
0.06362
0.06298
0.06273
0.06322
0.06266
0.06352
0.06268
0.07221
0.07478
0.07347
0.06318
0.06314
0.07273
0.06291
0.06221
0.06303
0.0616
0.06295
0.06161
0.06225
0.06139
0.06195
0.06187
0.06206
0.06333
0.06206
0.06163
0.06239
0.06159
0.06299
0.06199
0.06352
0.0613
0.06215
0.06156
0.06225
0.06193
0.06234
0.06151
0.06175
0.06182
0.06196
0.06112
0.06154
0.06061
0.06192
0.06029
0.06287
0.06083
0.06036
0.06222
0.06405
0.06211
0.06287
0.06245
0.06249
0.06159
0.06206
0.06112
0.06209
0.06114
0.06244
0.06092
0.06196
0.06069
0.06216
0.05875
0.05939
0.05899
0.05981
0.05971
0.06159
0.06223
0.06251
0.07298
0.06315
0.06194
0.06366
0.07329
0.06294
0.06256
0.06337
0.06268
0.07463
0.06636
0.0644
0.06434
0.06426
0.06455
0.0649
0.06407
0.06517
0.06374
0.06474
0.06422
0.06459
0.06429
0.06524
0.06433
0.07411
0.06477
0.06372
0.06298
0.06414
0.0638
0.06486
0.06378
0.06657
0.06423
0.06489
0.06487
0.06572
0.06447
0.0642
0.06414
0.07414
0.06476
0.06314
0.06293
0.06697
0.06597
0.06672
0.07002
0.06582
0.06724
0.06725
0.06473
0.06509
0.06486
0.06449
0.06671
0.06702
0.06682
0.06755
0.0698
0.06592
0.06661
0.07063
0.06784
0.06705
0.06791
0.06669
0.06686
0.07787
0.0768
0.07652
0.07894
0.07555
0.07066
0.08227
0.08201
0.0796
0.08092
0.08852
0.07204
0.06701
0.0628
0.06268
0.06267
0.06267
0.06321
0.06332
0.06299
0.06348
0.06233
0.06296
0.06211
0.06345
0.06198
0.06303
0.06208
0.06331
0.06151
0.06239
0.06197
0.063
0.06226
0.06312
0.06226
0.06364
0.06481
0.07476
0.06327
0.06382
0.064
0.06463
0.06447
0.06528
0.06442
0.0654
0.06464
0.06625
0.07601
0.07552
0.07582
0.06547
0.06429
0.06465
0.06382
0.07625
0.0647
0.06494
0.06421
0.0647
0.06509
0.06528
0.06473
0.06461
0.06332
0.06349
0.06215
0.06364
0.06306
0.06238
0.06922
0.08106
0.06816
0.0635
0.06256
0.06294
0.06211
0.06311
0.06146
0.06675
0.06263
0.06325
0.06345
0.06364
0.06667
0.06395
0.07012
0.06543
0.06305
0.06348
0.06337
0.06329
0.06277
0.06377
0.06258
0.06487
0.08016
0.06938
0.07137
0.0666
0.06726
0.06228
0.06439
0.06422
0.06266
0.07713
0.07315
0.06244
0.06407
0.06654
0.07094
0.0766
0.06462
0.0733
0.06374
0.06398
0.06307
0.06512
0.06198
0.06275
0.06158
0.06228
0.06151
0.06226
0.06138
0.06147
0.06036
0.06112
0.05974
0.06145
0.06031
0.06143
0.06041
0.06354
0.06014
0.06142
0.06031
0.06146
0.06088
0.06175
0.06091
0.06114
0.06058
0.06135
0.0608
0.06195
0.07202
0.06431
0.06121
0.06163
0.07093
0.07646
0.06224
0.06248
0.06312
0.07329
0.07058
0.06242
0.06071
0.0617
0.06024
0.0616
0.06016
0.06255
0.06157
0.06306
0.06339
0.06374
0.06133
0.06143
0.06219
0.06198
0.0603
0.06166
0.06057
0.06192
0.06008
0.06073
0.06035
0.06096
0.06063
0.061
0.06105
0.06262
0.06354
0.06277
0.06232
0.06285
0.06204
0.06313
0.06154
0.06254
0.06094
0.06154
0.06028
0.06145
0.06108
0.06146
0.06117
0.06176
0.06182
0.06237
0.06144
0.063
0.06135
0.06278
0.06278
0.063
0.06263
0.06378
0.06099
0.06166
0.06115
0.06139
0.06281
0.06152
0.06096
0.06158
0.06114
0.06274
0.06271
0.06319
0.06224
0.06306
0.06178
0.06318
0.06275
0.06295
0.06227
0.06272
0.0744
0.06341
0.06273
0.06334
0.06253
0.06445
0.06249
0.06297
0.06254
0.06312
0.06409
0.06546
0.07966
0.06513
0.06376
0.06338
0.06364
0.0643
0.05985
0.06276
0.06292
0.06466
0.06301
0.07328
0.063
0.06563
0.06227
0.0633
0.06187
0.06398
0.06218
0.06324
0.06201
0.06423
0.06411
0.06199
0.06166
0.06254
0.06319
0.06286
0.06234
0.06261
0.06206
0.06228
0.06136
0.06194
0.06133
0.06341
0.061
0.06157
0.06008
0.0614
0.06073
0.06126
0.06128
0.0617
0.06352
0.06218
0.06166
0.06224
0.06128
0.06418
0.06211
0.06439
0.06202
0.06235
0.06175
0.06269
0.06323
0.06276
0.06346
0.06251
0.06391
0.06266
0.06153
0.06229
0.06196
0.06246
0.06123
0.06413
0.06148
0.06211
0.06115
0.06197
0.06089
0.06157
0.06125
0.0616
0.06331
0.06119
0.06055
0.06083
0.05954
0.06053
0.05963
0.06046
0.05933
0.06267
0.06216
0.06257
0.06123
0.06136
0.05965
0.06033
0.06015
