0.00892
0.07126
0.06363
0.07318
0.07372
0.07167
0.06511
0.06833
0.06365
0.06092
0.06175
0.06093
0.06123
0.06242
0.06863
0.07665
0.07949
0.08121
0.07165
0.07308
0.07205
0.07058
0.07187
0.07138
0.07087
0.07136
0.07118
0.07039
0.07177
0.07012
0.07124
0.07499
0.0766
0.0767
0.07459
0.07064
0.06743
0.08181
0.07434
0.07435
0.06702
0.06448
0.0818
0.07989
0.07462
0.07072
0.07888
0.07345
0.07213
0.07229
0.07082
0.07029
0.06918
0.07007
0.06914
0.07147
0.06879
0.07434
0.06596
0.06643
0.06497
0.06614
0.06613
0.06992
0.07552
0.07185
0.07009
0.06703
0.06517
0.07212
0.0693
0.06498
0.06439
0.0659
0.06336
0.06337
0.07524
0.06677
0.06457
0.06686
0.06564
0.06405
0.06422
0.06369
0.06466
0.06516
0.06433
0.06367
0.06473
0.06484
0.0647
0.0644
0.06763
0.06419
0.06562
0.07584
0.07412
0.07401
0.06583
0.06375
0.06457
0.06776
0.07207
0.06613
0.0804
0.07721
0.08109
0.08042
0.07586
0.08312
0.07306
0.08085
0.07359
0.0694
0.07137
0.07997
0.0828
0.08685
0.08542
0.08485
0.08665
0.07297
0.07205
0.07348
0.08341
0.09024
0.07471
0.07451
0.08232
0.09018
0.07932
0.07778
0.08285
0.08401
0.08521
0.08841
0.10207
0.08693
0.09038
0.09062
0.08662
0.08185
0.07212
0.06868
0.06875
0.07611
0.06949
0.06497
0.06626
0.06403
0.0645
0.06569
0.06591
0.06482
0.06728
0.06536
0.06459
0.06348
0.06382
0.06444
0.06366
0.06356
0.07028
0.0673
0.06889
0.06841
0.06392
