0.00804
0.06142
0.05935
0.05848
0.05856
0.05973
0.06071
0.05873
0.05876
0.06027
0.05839
0.05878
0.05895
0.06003
0.05812
0.05851
0.05931
0.05888
0.05896
0.06049
0.05883
0.05914
0.05915
0.05859
0.05872
0.06123
0.06008
0.05935
0.05873
0.05929
0.05875
0.05909
0.05949
0.06207
0.05847
0.05887
0.05886
0.05921
0.05954
0.05971
0.05959
0.0594
0.0594
0.05944
0.05923
0.06005
0.06023
0.05953
0.05916
0.06112
0.05898
0.05892
0.05875
0.0608
0.05864
0.05887
0.05928
0.05898
0.05924
0.05985
0.05889
0.05882
0.05919
0.05983
0.05908
0.05942
0.05948
0.0589
0.05865
0.06137
0.05865
0.05869
0.05875
0.06156
0.05876
0.05878
0.05916
0.05859
0.05919
0.05919
0.05909
0.0587
0.05955
0.05874
0.05889
0.05921
0.06025
0.05863
0.05836
0.05938
0.05893
0.05941
0.06083
0.06447
0.05936
0.05891
0.05891
0.05891
0.0594
0.05914
0.05968
0.06157
0.05883
0.05861
0.05851
0.05915
0.06017
0.05875
0.05837
0.06037
0.05869
0.05933
0.05908
0.06324
0.05911
0.05879
0.06573
0.0591
0.0594
0.0606
0.05927
0.05939
0.05929
0.0592
0.05896
0.06114
0.05998
0.05929
0.05908
0.05959
0.05888
0.05888
0.05967
0.06059
0.0589
0.05904
0.05896
0.059
0.05946
0.06067
0.0593
0.05907
0.05916
0.05902
0.05896
0.05923
0.06103
0.05923
0.05877
0.06055
0.05906
0.05918
0.05912
0.06255
0.05914
0.05914
0.05957
0.05943
0.05932
0.06053
0.05915
0.05828
0.05877
0.05862
0.05842
0.05925
0.05966
0.05879
0.05903
0.06005
0.05876
0.05879
0.05844
0.06268
0.05838
0.05864
0.05899
0.05869
0.05855
0.05884
0.05917
0.05897
0.05895
0.0592
0.05857
0.05947
0.05973
0.0592
0.05901
0.05913
0.05874
0.05883
0.05898
0.06022
0.05855
0.05874
0.06043
0.05893
0.05858
0.05912
0.06012
0.06036
0.05881
0.0584
0.05886
0.05906
0.0597
0.05931
0.05875
0.05918
0.05903
0.05952
0.05926
0.06154
0.06164
0.05853
0.05998
0.05927
0.05948
0.05903
0.06004
0.05929
0.05951
0.05923
0.05939
0.05965
0.06027
0.05941
0.05919
0.05949
0.05907
0.05843
0.05843
0.05986
0.05858
0.05854
0.05936
0.05865
0.05902
0.05904
0.05954
0.05937
0.05917
0.05887
0.0587
0.05917
0.05924
0.05932
0.05887
0.05918
0.05875
0.05862
0.05926
0.06019
0.05909
0.05912
0.06068
0.05949
0.05887
0.05881
0.06114
0.05911
0.05892
0.05935
0.05906
0.06003
0.0604
0.0596
0.05893
0.05978
0.05917
0.0593
0.05986
0.06163
0.05948
0.0591
0.05975
0.05906
0.05913
0.05996
0.0628
0.05916
0.05891
0.05923
0.05905
0.05994
0.06006
0.05988
0.05935
0.06037
0.0595
0.06013
0.06002
0.06151
0.05932
0.05915
0.06082
0.05955
0.05905
0.05893
0.06185
0.06084
0.05951
0.05905
0.05908
0.06049
0.06104
0.05954
0.059
0.0599
0.05933
0.05915
0.05994
0.06235
0.06004
0.05969
0.06077
0.05933
0.05914
0.05928
0.0605
0.05954
0.0602
0.05925
0.059
0.06028
0.06111
0.05972
0.05887
0.06029
0.05886
0.05886
0.05975
0.06148
0.05911
0.05922
0.0607
0.05968
0.05923
0.05935
0.05999
0.05957
0.05997
0.0598
0.05921
0.06043
0.05991
0.05979
0.05925
0.05989
0.05916
0.05922
0.06058
0.06092
0.05896
0.05863
0.05944
0.05871
0.05865
0.05958
0.06098
0.05981
0.05951
0.05899
0.05926
0.05954
0.05979
0.05961
0.05911
0.05965
0.0592
0.05856
0.05878
0.05937
0.05906
0.05858
0.06045
0.05885
0.05835
0.05858
0.06101
0.05876
0.05891
0.05953
0.05844
0.05915
0.05862
0.0589
0.05837
0.05873
0.05873
0.05854
0.05887
0.05918
0.05889
0.05884
0.05954
0.05901
0.05895
0.06013
0.06842
0.05933
0.05888
0.05872
0.05914
0.05911
0.05919
0.05937
0.0696
0.06916
0.05927
0.05895
0.06002
0.06162
0.06104
0.05972
0.05944
0.05929
0.05963
0.05881
0.05967
0.05968
0.06027
0.05966
0.0594
0.05958
0.05963
0.05946
0.05897
0.05928
0.05908
0.05884
0.06038
0.06014
0.05854
0.05887
0.05909
0.05919
0.05903
0.05946
0.05912
0.05876
0.05928
0.05908
0.05882
0.05938
0.05974
0.05924
0.05921
0.05921
0.0587
0.05895
0.05976
0.06055
0.05941
0.0593
0.05973
0.06019
0.05976
0.05946
0.06302
0.05972
0.05955
0.05941
0.05944
0.05995
0.06008
0.05929
0.05924
0.0595
0.05899
0.05921
0.05917
0.06147
0.05921
0.0593
0.06091
0.05932
0.0594
0.05927
0.05994
0.06
0.05964
0.0595
0.0592
0.05936
0.06
0.05946
0.05916
0.05981
0.05917
0.05883
0.05957
0.06078
0.05909
0.05908
0.05972
0.05964
0.05915
0.05936
0.06057
0.06103
0.06029
0.05976
0.05954
0.05993
0.06057
0.06007
0.05987
0.06024
0.05993
0.06011
0.05995
0.06068
0.06194
0.05953
0.05996
0.05966
0.05981
0.05982
0.05993
0.05997
0.06023
0.05981
0.06004
0.06034
0.0612
0.06069
0.05993
0.06139
0.06031
0.05993
0.05994
0.06249
0.06009
0.05982
0.05998
0.06003
0.06023
0.06088
0.06025
0.05973
0.06051
0.05999
0.06046
0.06239
0.06587
0.05988
0.05975
0.05996
0.06021
0.06006
0.06171
0.06022
0.0604
0.06058
0.05981
0.05999
0.0606
0.06115
0.0604
0.06011
0.06082
0.0604
0.06066
0.06027
0.06139
0.06044
0.06157
0.05979
0.06043
0.06044
0.06192
0.06026
0.06149
0.06066
0.06031
0.06081
0.05989
0.06346
0.06026
0.06012
0.05984
0.05973
0.06113
0.06182
0.06015
0.05991
0.06095
0.06003
0.06016
0.05998
0.06318
0.0601
0.05984
0.06014
0.05987
0.06003
0.06212
0.06029
0.06792
0.06139
0.06032
0.06
0.06183
0.06323
0.05997
0.05954
0.05946
0.05928
0.05997
0.05993
0.05968
0.06001
0.06155
0.05967
0.05999
0.06061
0.06215
0.05991
0.0601
0.06051
0.06028
0.06075
0.05973
0.06227
0.05991
0.0608
0.06008
0.06025
0.06103
0.06208
0.06063
0.06027
0.06211
0.0601
0.06047
0.05982
0.06358
0.06015
0.05988
0.05987
0.05972
0.06133
0.06031
0.06023
0.06203
0.0598
0.05948
0.06017
0.05944
0.06219
0.0598
0.06042
0.06168
0.06023
0.05958
0.05997
0.0604
0.0604
0.06069
0.0603
0.05977
0.06059
0.06082
0.06032
0.05972
0.06065
0.05972
0.06075
0.0599
0.06244
0.06005
0.06101
0.06036
0.06035
0.0602
0.06206
0.06061
0.06055
0.07104
0.05982
0.05996
0.05952
0.06238
0.05993
0.06044
0.06021
0.06006
0.06076
0.06081
0.0605
0.05997
0.05984
0.05998
0.05947
0.06146
0.06344
0.05958
0.06028
0.06024
0.06053
0.06044
0.06088
0.06026
0.05963
0.06028
0.05984
0.06006
0.05992
0.06105
0.05959
0.05947
0.06015
0.06326
0.06
0.06016
0.06118
0.05979
0.05982
0.05948
0.05964
0.05994
0.06175
0.05956
0.05973
0.05995
0.05934
0.05942
0.05937
0.06515
0.05874
0.05968
0.0586
0.05952
0.05945
0.0607
0.05918
0.05971
0.05984
0.05909
0.0595
0.05985
0.06129
0.05941
0.05896
0.06123
0.05931
0.05932
0.05926
0.06308
0.05936
0.05927
0.05956
0.0594
0.05972
0.06139
0.05978
0.05951
0.05976
0.0597
0.05958
0.06016
0.06071
0.05904
0.05971
0.06142
0.06048
0.06347
0.0644
0.06453
0.06754
0.07517
0.07413
0.08069
0.07952
0.09709
0.09423
0.07164
0.06766
0.06779
0.06748
0.06672
0.0749
0.07877
0.07007
0.07056
0.06751
0.0761
0.06588
0.06703
0.07197
0.07947
0.07491
0.07273
0.06066
0.0607
0.06101
0.06149
0.05969
0.06003
0.06242
0.06002
0.06002
