0.01234
0.08749
0.08753
0.08904
0.08853
0.0882
0.08663
0.08693
0.08659
0.08756
0.08611
0.08885
0.09527
0.09726
0.08616
0.08959
0.08648
0.08724
0.09691
0.08677
0.08605
0.08753
0.08548
0.08748
0.0875
0.08721
0.08792
0.08737
0.08647
0.0882
0.08639
0.08638
0.09762
0.09795
0.08905
0.08967
0.08908
0.08968
0.08834
0.0894
0.091
0.09
0.08871
0.08861
0.08932
0.08939
0.08836
0.09011
0.08819
0.089
0.08703
0.08915
0.08793
0.09115
0.08817
0.08941
0.0898
0.0894
0.08896
0.09065
0.08898
0.08899
0.09008
0.09057
0.08847
0.09045
0.08951
0.08954
0.08913
0.08894
0.08879
0.09016
0.09588
0.09669
0.09935
0.10012
0.08578
0.08692
0.08628
0.08684
0.0861
0.08792
0.08671
0.08698
0.08801
0.08642
0.0862
0.0876
0.08596
0.08665
0.08721
0.09812
0.08696
0.09018
0.08727
0.08796
0.08891
0.09413
0.09797
0.09779
0.08535
0.08529
0.08714
0.08613
0.09421
0.09006
0.09897
0.08472
0.08619
0.08515
0.08509
0.08725
0.0852
0.0824
0.08518
0.08558
0.08543
0.0962
0.08659
0.08496
0.08861
0.08883
0.08826
0.08993
0.08826
0.08933
0.08848
0.08897
0.09767
0.08944
0.0885
0.08896
0.08779
0.09935
0.08744
0.08904
0.08733
0.08882
0.09066
0.08853
0.08807
0.0966
0.09904
0.08932
0.0998
0.08976
0.08811
0.08832
0.08814
0.10007
0.09856
0.10122
0.10022
0.08774
0.09627
0.09179
0.08715
0.08834
0.0885
0.08808
0.08693
0.08842
0.08674
0.08712
0.08864
0.08817
0.08693
0.08929
0.08705
0.08786
0.0882
0.08753
0.0864
0.08908
0.08766
0.08714
0.08827
0.09696
0.09917
0.08846
0.08887
0.08808
0.08717
0.09017
0.08681
0.08775
0.0887
0.08318
0.08484
0.08752
0.08321
0.08603
0.08515
0.08161
0.08624
0.08327
0.08524
0.09777
0.09637
0.08646
0.09784
0.08965
0.08647
0.08797
0.08858
0.08655
0.08606
0.08951
0.08719
0.08613
0.08786
0.0828
0.08483
0.08673
0.08639
0.08696
0.08449
0.08554
0.08582
0.08249
0.0852
0.09322
0.0965
0.08462
0.08771
0.08845
0.09454
0.08414
0.08868
0.08313
0.08599
0.08438
0.08587
0.08415
0.0867
0.08445
0.08639
0.08464
0.08674
0.0841
0.08582
0.08405
0.09331
0.08375
0.08594
0.08477
0.08543
0.08388
0.08735
0.08433
0.08564
0.08554
0.08696
0.08359
0.08692
0.08396
0.08513
0.08496
0.08683
0.08464
0.08642
0.08806
0.08747
0.08548
0.08719
0.08447
0.08767
0.08808
0.08564
0.09048
0.08541
0.08333
0.09639
0.09207
0.0845
0.08255
0.09489
0.09579
0.08549
0.08419
0.0867
0.08427
0.08627
0.08754
0.08667
0.0835
0.08737
0.08401
0.08557
0.08597
0.0865
0.0846
0.08677
0.08378
0.08555
0.08357
0.09581
0.09195
0.08603
0.08337
0.0973
0.09287
0.08887
0.08368
0.08659
0.08419
0.08627
0.08448
0.08598
0.08443
0.08707
0.08994
0.09563
0.08121
0.0825
0.09221
0.08258
0.08079
0.08248
0.08042
0.08318
0.08109
0.0833
0.08248
0.08262
0.08079
0.08237
0.08028
0.08187
0.08867
0.09374
0.09287
0.08478
0.08165
0.08504
0.0813
0.08309
0.08972
0.08989
0.08933
0.08349
0.0915
0.08441
0.08289
0.08345
0.08232
0.08333
0.08262
0.08305
0.08255
0.08304
0.08295
0.08314
0.08284
0.084
0.08252
0.08526
0.08246
0.08509
0.08386
0.08463
0.0825
0.08382
0.08279
0.08332
0.08225
0.08366
0.08395
0.08336
0.08215
0.08496
0.08328
0.08408
0.08368
0.08565
0.08354
0.08562
0.0829
0.08616
0.08437
0.08695
0.08841
0.087
0.08426
0.0883
0.08777
0.08615
0.08586
0.0862
0.08403
0.08514
0.08278
0.08469
0.09213
0.0863
0.08278
0.08477
0.08768
0.08857
0.08479
0.09866
0.08603
0.08713
0.0877
0.08845
0.08328
0.08616
0.08562
0.08871
0.08303
0.08583
0.08371
0.08427
0.08437
0.08594
0.0831
0.08563
0.08333
0.08682
0.08668
0.0859
0.08336
0.0853
0.08341
0.08754
0.08304
0.08649
0.08484
0.08649
0.08436
0.08749
0.08364
0.08619
0.08948
0.08691
0.08746
0.08785
0.08796
0.08683
0.08875
0.08725
0.08839
0.08815
0.09379
0.09618
0.08742
0.08695
0.08775
0.08671
0.08424
0.09755
0.09915
0.09866
0.09928
0.09719
0.09572
0.09834
0.09698
0.09881
0.08725
0.08721
0.08741
0.08609
0.08794
0.08636
0.08219
0.08561
0.08404
0.09737
0.09312
0.08412
0.08141
0.08552
0.08267
0.08385
0.08161
0.08525
0.08165
0.08517
0.0829
0.08386
0.08359
0.08566
0.08664
0.08496
0.08685
0.09291
0.09419
0.08678
0.08766
0.08712
0.08766
0.08708
0.08962
0.08788
0.08364
0.09811
0.09299
0.08378
0.08173
0.08581
0.09403
0.08471
0.08761
0.08531
0.08624
0.09806
0.08902
0.08865
0.09184
0.08999
0.09436
0.08822
0.08823
0.09608
0.09808
0.08839
0.08762
0.08843
0.08943
0.08837
0.08925
0.09016
0.08911
0.08719
0.09027
0.08606
0.08665
0.08914
0.08882
0.08878
0.08971
0.08874
0.08895
0.09088
0.08852
0.09454
0.097
0.09379
0.08506
0.08703
0.09019
0.08675
0.08963
0.08732
0.08443
0.08822
0.09015
0.08836
0.09037
0.08936
0.08909
0.08326
0.08209
0.08734
0.08382
0.08491
0.08807
0.0854
0.08439
0.08392
0.08237
0.0844
0.08225
0.09407
0.0921
0.08271
0.09354
0.08594
0.09184
0.08529
0.08426
0.0849
0.08379
0.08664
0.08368
0.08555
0.08391
0.08578
0.08394
0.09561
0.0939
0.09534
0.09452
0.09379
0.08158
0.08418
0.08227
0.08394
0.08321
0.0839
0.08194
0.0855
0.08206
0.08412
0.08379
0.08426
0.0816
0.08498
0.08194
0.10655
0.09286
0.09547
0.09258
0.08372
0.08222
0.08362
0.08342
0.08398
0.08243
0.08559
0.09252
0.08565
0.08548
0.0857
0.08292
0.08596
0.08558
0.08551
0.08736
0.08576
0.08564
0.09715
0.09337
0.08541
0.08744
0.08578
0.09785
0.08812
0.09876
0.08689
0.08741
0.08976
0.08684
0.09573
0.08587
0.08815
0.08587
0.08579
0.08712
0.08593
0.08778
0.08553
0.08698
0.08797
0.08663
0.08694
0.08906
0.08557
0.08655
0.08722
0.08678
0.08584
0.08711
0.08668
0.0963
0.08805
0.08718
0.08738
0.08963
0.08589
0.08705
0.08902
0.08728
0.08689
0.08838
0.08693
0.08709
0.08721
0.08701
0.08649
0.08736
0.08622
0.08744
0.08668
0.09905
0.08731
0.08814
0.08726
0.08837
0.09752
0.08687
0.08781
0.08877
0.08596
0.08735
0.08918
0.08784
0.08704
0.08932
0.08726
0.08778
0.08752
0.08636
0.08673
0.08828
0.08491
0.08617
0.08781
0.08659
0.08584
0.08722
0.08577
0.08565
0.08617
0.08272
0.08536
0.0846
0.086
0.08553
0.08521
0.08275
0.08464
0.08218
0.08449
0.08199
0.09623
0.08448
0.0873
0.0858
0.08645
0.08424
0.08738
0.08654
0.08674
0.08503
0.08787
0.08561
0.08702
0.08499
0.08738
0.08516
0.08814
0.08552
0.08829
0.0851
0.09473
0.08255
0.08497
0.09299
0.08889
0.0938
0.08554
0.0839
0.08661
0.08463
0.09351
0.08237
0.08527
0.08364
0.08481
0.08227
0.08493
0.09204
0.09292
0.09396
0.08836
0.0932
0.09413
0.08406
0.09673
0.0842
0.08608
0.08308
0.08646
0.08325
0.0846
0.08469
0.08508
0.08324
0.08634
0.08328
0.08467
0.08497
0.09373
0.09312
0.08584
0.08335
0.084
0.0835
0.0844
0.08128
0.08432
0.07997
0.08236
0.08078
0.0816
0.08027
0.08268
0.08077
0.0831
0.08094
0.08327
0.09269
0.08463
0.08454
0.08439
0.08205
0.08504
0.08231
0.09461
0.08188
0.08486
0.08187
0.08656
0.09258
0.09596
0.09294
0.08682
0.08931
0.08048
0.08057
0.08065
0.07895
0.08093
0.07822
0.08052
0.0881
0.09137
0.08895
0.09253
0.09058
0.08025
0.07862
0.09034
0.08797
0.09167
0.08815
0.09466
0.08783
0.08087
0.0796
0.08899
0.08023
0.09104
0.087
0.08877
0.09168
0.07599
0.0766
0.07967
0.07845
0.07999
0.07812
0.07879
0.078
0.07653
0.07755
0.07557
0.07507
0.07475
0.07564
0.07566
0.07562
0.07571
0.07508
0.07461
0.08945
0.07768
0.08359
0.08612
0.08031
0.07284
0.07239
0.07215
0.07604
0.07569
0.0767
0.07799
0.0769
0.07664
0.08632
0.08341
0.08233
0.07322
0.07472
0.08929
0.07696
0.07563
0.08791
0.08527
0.07594
0.07598
0.07515
0.07462
0.07526
0.07356
0.0767
0.07443
0.07574
0.07497
0.0741
0.07486
0.07084
0.07091
0.07044
0.07341
0.07235
0.06915
0.07266
0.07214
0.07265
0.07077
0.07296
0.08881
0.07271
0.07259
0.07496
0.0722
0.07386
0.0698
0.07311
0.07315
0.08377
0.08293
0.08416
0.07735
0.07386
0.07478
0.07465
0.07227
0.07248
0.07274
0.06571
0.07364
0.07584
0.07449
0.06524
0.08088
0.08237
0.08526
0.08123
0.0781
0.08568
0.07472
0.07459
0.08622
0.0855
0.07353
0.07338
0.07475
0.06833
0.07073
0.07426
0.07323
0.07313
0.07387
0.07611
0.08406
0.08671
0.08366
0.07461
0.07296
0.07544
0.07402
0.07599
0.07584
0.07617
0.07508
0.07619
0.07646
0.07624
0.07695
0.07633
0.07367
0.07544
0.07359
0.07577
0.07602
0.0775
0.08082
0.07524
0.07557
0.07325
0.07196
0.07462
0.07766
0.08992
0.08842
0.08397
0.08737
0.08051
0.09603
0.08297
0.08445
0.08365
0.08843
0.0881
0.08664
0.0971
0.08395
0.07968
0.08544
0.07787
0.07918
0.06639
0.06646
0.07309
0.07662
0.07931
0.07649
0.07936
0.07811
0.07753
0.07262
0.06884
0.07038
0.07329
0.07586
0.07674
0.07026
0.07001
0.0795
0.06757
0.07892
0.06744
0.06667
0.06758
0.06769
0.06754
0.0692
0.06737
0.06893
0.06846
0.06901
0.07049
0.07075
0.0675
0.06931
0.0679
0.06876
0.07183
0.06949
0.07214
0.0693
0.07048
0.06965
0.0701
0.0717
0.07069
0.08161
0.08878
0.08298
0.08492
0.07671
0.08438
0.08199
0.08389
0.08341
0.07306
0.0734
0.0733
0.07431
0.07376
0.08382
0.08368
0.07195
0.07501
0.07191
0.07274
0.07287
0.08316
0.07357
0.08594
0.08299
0.07302
0.07251
0.07362
0.07209
0.07304
0.07279
0.07298
0.0743
0.07289
0.07264
0.0744
0.08376
0.07604
0.07475
0.07426
0.07421
0.07427
0.07471
0.08591
0.08593
0.08636
0.08405
0.07543
0.07459
0.07508
0.07459
0.08443
0.08257
0.08302
0.08411
0.08453
0.0821
0.08646
0.08351
0.08378
0.08429
0.08501
0.08346
0.0839
0.08481
0.08452
