0.00812
0.06079
0.05971
0.05935
0.05897
0.05914
0.05935
0.05979
0.05995
0.06082
0.05964
0.05938
0.0611
0.05948
0.06118
0.05933
0.06214
0.0596
0.05954
0.05933
0.06037
0.06055
0.06049
0.06011
0.05981
0.05941
0.0604
0.06005
0.06042
0.06069
0.06037
0.05971
0.0606
0.05974
0.05995
0.06159
0.06077
0.0592
0.05959
0.06078
0.05904
0.05916
0.05962
0.06498
0.05982
0.05947
0.05987
0.05962
0.06054
0.05986
0.05989
0.05929
0.06013
0.05925
0.05978
0.05959
0.06086
0.05945
0.06044
0.05992
0.05968
0.06
0.06162
0.06069
0.05955
0.05993
0.0618
0.05961
0.05967
0.0593
0.06474
0.05951
0.05975
0.05944
0.06052
0.06018
0.05987
0.05982
0.05977
0.05923
0.05948
0.05913
0.05989
0.06065
0.06036
0.05943
0.06018
0.05965
0.06067
0.06145
0.06093
0.05932
0.0598
0.06161
0.0601
0.05967
0.05967
0.06473
0.0604
0.05969
0.06021
0.06039
0.06046
0.05963
0.06099
0.05947
0.06018
0.05985
0.0601
0.0599
0.0614
0.06003
0.05969
0.06006
0.06015
0.05998
0.06097
0.06172
0.06044
0.06015
0.06142
0.06029
0.06068
0.05969
0.06276
0.05979
0.05976
0.05954
0.05981
0.0606
0.06141
0.05993
0.06037
0.05974
0.06031
0.0603
0.06071
0.06105
0.0611
0.06066
0.0614
0.06032
0.06301
0.06048
0.06594
0.05998
0.06028
0.0607
0.06094
0.06035
0.06188
0.06068
0.06063
0.06162
0.06105
0.06258
0.06218
0.06241
0.06086
0.06027
0.06276
0.06061
0.06092
0.0604
0.06412
0.06101
0.06065
0.06003
0.06132
0.06097
0.06277
0.06063
0.06083
0.06083
0.06065
0.06063
0.0627
0.06344
0.06081
0.0604
0.06178
0.0609
0.06091
0.06063
0.06325
0.06147
0.06116
0.06095
0.06089
0.06092
0.06146
0.06073
0.0603
0.06092
0.06083
0.06053
0.06234
0.0613
0.06079
0.06088
0.06109
0.06136
0.06096
0.06048
0.06314
0.06106
0.06099
0.06038
0.06061
0.06087
0.06209
0.06059
0.0609
0.06064
0.06258
0.06084
0.06175
0.06164
0.0608
0.06062
0.06103
0.06059
0.0606
0.05988
0.06367
0.06066
0.06137
0.0602
0.06065
0.06046
0.06144
0.06057
0.06048
0.06042
0.06087
0.06049
0.06244
0.06138
0.0604
0.06066
0.06085
0.06048
0.06077
0.06093
0.06391
0.06027
0.06026
0.06094
0.06051
0.0596
0.06106
0.0604
0.05993
0.06017
0.06025
0.06037
0.06138
0.06481
0.07068
0.0649
0.06486
0.06435
0.06489
0.06528
0.06482
0.07587
0.07664
0.07016
0.06466
0.06594
