0.00869
0.06092
0.0607
0.05966
0.06037
0.05966
0.0623
0.05971
0.06003
0.05993
0.06012
0.0603
0.06189
0.06035
0.05973
0.05973
0.06056
0.07047
0.06192
0.06396
0.06113
0.06023
0.06171
0.0604
0.06058
0.06396
0.06066
0.06034
0.06126
0.06069
0.06075
0.06249
0.0618
0.06079
0.06135
0.06081
0.06073
0.06069
0.06247
0.06254
0.06097
0.06104
0.06107
0.06122
0.06135
0.06135
0.06112
0.06035
0.06102
0.06037
0.06035
0.06032
0.06099
0.06056
0.06052
0.06084
0.06089
0.0614
0.0611
0.07412
0.05979
0.05969
0.05972
0.05963
0.06363
0.06167
0.06001
0.05994
0.06077
0.05937
0.06033
0.06
0.06442
0.06048
0.06071
0.06309
0.06114
0.06072
0.06496
0.06137
0.06086
0.06186
0.06115
0.06083
0.06247
0.06344
0.07249
0.0711
0.07182
0.07319
0.07475
0.06422
0.06329
0.063
0.0636
0.06355
0.06405
0.0653
0.06367
0.06371
0.06596
0.06397
0.06396
0.06417
0.06404
0.06324
0.06365
0.06347
0.06372
0.06426
0.06668
0.06333
0.06423
0.06397
0.07051
0.0646
0.06586
0.06493
0.0643
0.06628
0.06485
0.06541
0.0658
0.06501
0.06562
0.06528
0.06525
0.07578
0.07456
0.06504
0.06547
0.06754
0.06528
0.07411
0.06571
0.07774
0.07577
0.0713
0.06508
0.06571
0.07618
0.06935
0.06476
0.06554
0.06473
0.0657
0.06796
0.06519
0.06507
0.06491
0.06248
0.06379
0.06567
0.06861
0.06508
0.06588
0.06552
0.06109
0.06112
0.06264
0.06086
0.06037
0.06189
0.06202
0.06181
0.06536
0.06339
0.06392
0.06427
0.06227
0.06284
0.06441
0.06646
0.06401
0.06429
0.06366
0.0637
0.06433
0.07162
0.06415
0.06396
0.0654
0.06388
0.06367
0.06389
0.06635
0.06419
0.06437
0.07093
0.07249
0.0656
0.06695
0.06425
0.06546
0.06433
0.06431
0.06658
0.06489
0.06282
0.06052
0.06175
0.0611
0.06051
0.06025
0.06144
0.05969
0.06084
0.06046
0.06054
0.06063
0.06276
0.06045
0.06054
0.06006
0.06377
0.0609
0.06225
0.06315
0.06054
0.05996
0.06224
0.0605
0.06172
0.06165
0.06114
0.06069
0.06134
0.06136
0.0618
0.06313
0.06374
0.06169
0.06098
0.06182
0.0616
0.06105
0.06096
0.06203
0.06074
0.06142
0.06073
0.06035
0.06283
0.06253
0.06127
0.06061
0.06122
0.06109
0.06097
0.06194
0.06748
0.06152
0.06125
0.0605
0.06108
0.06082
0.06289
0.06067
0.06133
0.06154
0.06155
0.0622
0.06139
0.06378
0.06115
0.06065
0.06225
0.06185
0.06166
0.06138
0.06295
0.06184
0.06213
0.06236
0.06539
0.06339
0.06775
0.06804
0.06668
0.06717
0.0717
0.06501
0.07434
0.07337
0.06649
0.06552
0.06479
0.06721
0.07685
0.07621
0.07632
0.06542
0.06551
0.06509
0.06656
0.06461
0.07326
0.06932
0.07108
0.07379
0.07457
0.06566
0.07241
0.07334
0.06593
0.07441
0.07
0.06339
0.06333
0.06185
0.06331
0.06138
0.06352
0.06455
0.06326
0.06236
0.06124
0.06313
0.06363
0.06439
0.062
0.06268
0.06418
0.06463
0.06209
0.06661
0.06353
0.06178
0.06122
0.06236
0.06259
0.06164
0.0621
0.06146
0.06396
0.06155
0.06255
0.06064
0.06374
0.06276
0.06263
0.06221
0.06191
0.06136
0.06463
0.06201
0.06255
0.06544
0.0636
0.06538
0.06801
