0.02171
0.0723
0.07483
0.08359
0.06288
0.06334
0.06398
0.06337
0.07124
0.12787
0.11812
0.11092
0.10269
0.09066
0.08799
0.10381
0.11229
0.11061
0.09095
0.09587
0.08016
0.08535
0.08644
0.08894
0.09485
0.09454
0.09299
0.10388
0.09733
0.08815
0.10807
0.10287
0.07945
0.10015
0.09371
0.09703
0.08258
0.08535
0.09415
0.1014
0.08651
0.10549
0.07668
0.08773
0.09864
0.08615
0.11081
0.08831
0.08199
0.10669
0.10667
0.09698
0.07613
0.09485
0.10704
0.09598
0.07155
0.08647
0.12949
0.07079
0.07763
0.07356
0.06337
0.08956
0.06519
0.06347
0.11721
0.13068
0.11907
0.1099
0.09857
0.09652
0.10868
0.12282
0.10156
0.10205
0.09488
0.09377
0.09002
0.09947
0.09649
0.09863
0.09754
0.09533
0.09405
0.10327
0.08962
0.09443
0.10427
0.09251
0.08604
0.09803
0.08247
0.11
0.08189
0.10851
0.08724
0.11518
0.09161
0.08623
0.10288
0.08737
0.08373
0.11185
0.07798
0.07218
0.10132
0.11295
0.07799
0.08848
0.10975
0.11895
0.09341
0.09311
0.09808
0.10713
0.07679
0.07524
0.07379
0.07197
0.06389
0.0747
0.10768
0.10048
0.1028
0.09954
0.09721
0.09497
0.09967
0.12319
0.10895
0.10313
0.10037
0.10036
0.08736
0.09788
0.09384
0.09302
0.08167
0.09122
0.10617
0.1028
0.0937
0.08553
0.09056
0.08606
0.08868
0.1062
0.08653
0.10337
0.08189
0.10375
0.08887
0.1048
0.08985
0.09084
0.10179
0.09342
0.08819
0.09068
0.09518
0.07766
0.09291
0.10866
0.0755
0.08252
0.10256
0.12789
0.08971
0.08616
0.09139
0.12473
0.06895
0.07683
0.08103
0.0651
0.06283
0.06409
0.06344
0.06407
0.06306
0.12581
0.10981
0.09437
0.09883
0.09737
0.0884
0.09885
0.11103
0.10464
0.0857
0.0975
0.10755
0.09245
0.09518
0.09348
0.09055
0.09315
0.09442
0.08963
0.10003
0.09405
0.08969
0.10064
0.10296
0.09398
0.08891
0.10283
0.08342
0.11065
0.08336
0.11137
0.08059
0.10458
0.07555
0.09047
0.10123
0.0902
0.09117
0.08898
0.08845
0.10327
0.09762
0.08722
0.08403
0.10976
0.1095
0.09007
0.07584
0.07283
0.10862
0.10691
0.08172
0.0753
0.06445
0.06168
0.06101
0.06148
0.07067
0.12406
0.12838
0.10892
0.08647
0.08841
0.09229
0.10545
0.14136
0.09166
0.08843
0.09179
0.09255
0.08537
0.08464
0.0928
0.10243
0.0953
0.08722
0.09579
0.08717
0.09262
0.0866
0.08816
0.09051
0.08364
0.08578
0.09696
0.09475
0.09392
0.08839
0.09167
0.09361
0.07985
0.10004
0.08554
0.10756
0.0849
0.08421
0.10732
0.09619
0.08858
0.10498
0.12753
0.09347
0.0756
0.11083
0.10395
0.08595
0.08451
0.07811
0.11196
0.09219
0.0798
0.06863
0.06431
0.06159
0.06172
0.07593
0.07826
0.07506
0.1312
0.10958
0.0991
0.10809
0.0812
0.08344
0.09144
0.12066
0.11289
0.08784
0.09067
0.09162
0.09344
0.09214
0.08528
0.09147
0.09414
0.09839
0.08983
0.09943
0.09883
0.09071
0.08819
0.09435
0.08194
0.09164
0.09565
0.08809
0.08628
0.08905
0.09808
0.11054
0.09344
0.1084
0.08569
0.10794
0.10563
0.08676
0.11567
0.0832
0.07264
0.10986
0.11024
0.08042
0.09282
0.10628
0.11811
0.09302
0.08572
0.09862
0.11402
0.07187
0.07042
0.07938
0.07972
0.0706
0.07173
0.06417
0.06611
0.11308
0.12912
0.09615
0.10014
0.09333
0.09638
0.12596
0.10294
0.08612
0.09528
0.09553
0.09589
0.08429
0.09267
0.08745
0.08812
0.09403
0.08997
0.08442
0.09672
0.1134
0.09628
0.08374
0.08792
0.09422
0.09308
0.09787
0.08248
0.09959
0.08546
0.1027
0.08308
0.09842
0.09238
0.10047
0.10802
0.08312
0.09709
0.09631
0.08453
0.09028
0.10165
0.08937
0.08546
0.09139
0.10739
0.10313
0.09073
0.0798
0.09166
0.10335
0.0765
0.07401
0.08172
0.0635
0.06137
0.06021
0.06177
0.06268
0.11649
0.10824
0.09824
0.09418
0.09344
0.09198
0.09038
0.11333
0.10391
0.10091
0.09671
0.0948
0.08591
0.08244
0.09273
0.08632
0.10394
0.0796
0.08415
0.10029
0.0914
0.08242
0.10153
0.08886
0.09028
0.09664
0.08907
0.08433
0.09383
0.08591
0.08879
0.10471
0.08683
0.10395
0.08452
0.1018
0.09923
0.08249
0.1149
0.08301
0.07498
0.11687
0.10306
0.08535
0.07679
0.09566
0.10292
0.09448
0.07606
0.08384
0.11025
0.07438
0.07865
0.07964
0.06188
0.06042
0.06151
0.06179
0.06152
0.06136
0.10361
0.11489
0.10234
0.09559
0.09445
0.09016
0.09562
0.12599
0.10061
0.09481
0.0964
0.09724
0.08767
0.0843
0.08762
0.08553
0.08452
0.08858
0.08078
0.07914
0.11601
0.0997
0.09101
0.10085
0.10158
0.09539
0.10312
0.08767
0.11284
0.08853
0.111
0.08561
0.10072
0.09016
0.11511
0.09271
0.08076
0.11829
0.09387
0.07553
0.11991
0.12624
0.07379
0.08239
0.11207
0.11454
0.09491
0.08864
0.09922
0.10956
0.07608
0.07686
0.07966
0.06611
0.06448
0.06427
0.06844
0.11028
0.12784
0.08881
0.11296
0.10279
0.09682
0.10866
0.1207
0.10167
0.10079
0.10494
0.09466
0.08263
0.09003
0.08509
0.09073
0.09468
0.0968
0.10614
0.10569
0.08877
0.09302
0.10202
0.0913
0.0981
0.10879
0.08807
0.08849
0.08095
0.10722
0.08597
0.11791
0.08539
0.09106
0.10654
0.09042
0.09197
0.11809
0.08171
0.08094
0.11056
0.10932
0.08196
0.10023
0.10797
0.10481
0.09489
0.08787
0.10121
0.13312
0.08159
0.07127
0.07371
0.06456
0.06218
0.06216
0.12114
0.11134
0.09725
0.10329
0.09553
0.10406
0.10864
0.12649
0.11321
0.09696
0.1101
0.10605
0.09444
0.09598
0.07771
0.08169
0.09249
0.08688
0.09746
0.09121
0.09421
0.09985
0.08781
0.08655
0.08816
0.0908
0.10024
0.08902
0.09131
0.09361
0.11364
0.08227
0.12014
0.08277
0.09715
0.09705
0.08357
0.10398
0.09003
0.08776
0.10583
0.13171
0.09163
0.07139
0.10969
0.11518
0.09256
0.08083
0.08707
0.13832
0.06817
0.07313
0.07999
0.0822
0.08099
0.06179
0.06278
0.09881
0.12127
0.11807
0.09337
0.10132
0.08285
0.08409
0.10735
0.11448
0.09647
0.09963
0.08921
0.10398
0.08044
0.09112
0.10009
0.09416
0.10034
0.09479
0.1033
0.0946
0.07532
0.10704
0.10081
0.09123
0.09674
0.10106
0.09241
0.10146
0.08697
0.11632
0.09416
0.12368
0.0901
0.10126
0.10568
0.0801
0.1002
0.09911
0.09116
0.0765
0.09534
0.11697
0.07333
0.0764
0.09711
0.11258
0.09205
0.07583
0.08551
0.09939
0.08168
0.08024
0.07494
0.06445
0.0626
0.06299
0.0615
0.0849
0.11671
0.13656
0.09999
0.10578
0.08401
0.09409
0.11094
0.10252
0.1148
0.08698
0.0921
0.0885
0.09457
0.10228
0.09595
0.0955
0.09773
0.0922
0.08685
0.0946
0.0942
0.08882
0.10086
0.10322
0.0811
0.10883
0.09003
0.10522
0.08963
0.11911
0.09425
0.10325
0.0852
0.11273
0.0858
0.08279
0.1128
0.10329
0.08474
0.09742
0.10782
0.09414
0.08689
0.09942
0.10863
0.10292
0.08923
0.0897
0.10494
0.11466
0.07263
0.07042
0.07528
0.06758
0.06332
0.06384
0.06294
0.08991
0.13008
0.10974
0.08692
0.09076
0.09659
0.08738
0.13896
0.11718
0.0974
0.09249
0.09284
0.08866
0.08474
0.10016
0.09397
0.0974
0.09724
0.09167
0.08861
0.09038
0.08753
0.08251
0.09315
0.08976
0.0966
0.09715
0.08947
0.10407
0.08989
0.11135
0.08808
0.09694
0.10239
0.09234
0.10896
0.08972
0.09611
0.11018
0.08571
0.07227
0.10592
0.12416
0.08116
0.08612
0.11797
0.10415
0.09527
0.08697
0.09968
0.12723
0.07312
0.06915
0.08039
0.06421
0.06323
0.06358
0.06295
0.1216
0.13969
0.10968
0.09972
0.10644
0.08797
0.10719
0.1038
0.09803
0.10277
0.09964
0.10084
0.08811
0.08646
0.09405
0.09961
0.09017
0.08541
0.09292
0.089
0.08438
0.11019
0.07893
0.08236
0.09708
0.09681
0.08777
0.09219
0.08992
0.1059
0.11359
0.10903
0.09714
0.08422
0.10743
0.08795
0.07925
0.10167
0.08807
0.08018
0.10259
0.11663
0.09035
0.07382
0.10141
0.11015
0.09261
0.08351
0.08072
0.10908
0.08461
0.08379
0.07207
0.06462
0.06166
0.06177
0.06376
0.06158
0.06114
0.12815
0.13506
0.11956
0.11806
0.10315
0.09633
0.11597
0.10689
0.10369
0.10173
0.09134
0.08586
0.09059
0.09004
0.08987
0.08652
0.08803
0.08085
0.09073
0.08517
0.09502
0.08537
0.08765
0.09338
0.0857
0.09679
0.09809
0.09245
0.10139
0.08798
0.10614
0.08934
0.09244
0.10683
0.08697
0.10216
0.10402
0.08608
0.10018
0.08783
0.07317
0.09525
0.10211
0.07827
0.07324
0.10056
0.11409
0.08782
0.0787
0.09102
0.0959
0.08906
0.08195
0.0821
0.0891
0.09092
0.07598
0.0686
0.08193
0.16963
0.1338
0.10261
0.09154
0.1043
0.09408
0.13674
0.10078
0.09823
0.0974
0.09214
0.09896
0.09804
0.09513
0.0964
0.09905
0.09888
0.09153
0.08432
0.09314
0.10331
0.09491
0.08739
0.10676
0.09767
0.08647
0.10796
0.08253
0.11757
0.08902
0.11801
0.08655
0.10262
0.11978
0.09224
0.11703
0.09946
0.08361
0.09271
0.1193
0.09389
0.08719
0.09776
0.10532
0.10207
0.08634
0.0848
0.0993
0.10924
0.07006
0.07224
0.08263
0.06205
0.0626
0.06518
0.0713
0.13669
0.18292
0.19326
0.15264
0.15469
0.2456
0.16806
0.13911
0.13353
0.13332
0.14134
0.14591
0.15604
0.12406
0.12688
0.11631
0.09408
0.10094
0.10764
0.10337
0.09294
0.11107
0.09135
0.10333
0.08808
0.11787
0.09611
0.10514
0.09627
0.11586
0.11848
0.1026
0.14528
0.08525
0.08504
0.10323
0.12673
0.08327
0.10047
0.11108
0.12866
0.1025
0.1049
0.11277
0.14111
0.09016
0.0851
0.09244
0.06943
0.06576
0.07
0.14629
0.15839
0.11979
0.10176
0.1132
0.102
0.10319
0.11394
0.10598
0.09284
0.109
0.09242
0.09601
0.0938
0.09642
0.10151
0.09079
0.08612
0.09517
0.11006
0.0989
0.09517
0.13801
0.12127
0.10841
0.08999
0.10503
0.0983
0.11917
0.09586
0.09954
0.10331
0.08913
0.1134
0.09395
0.09813
0.10757
0.097
0.09035
0.12768
0.11315
0.09172
0.11813
0.14655
0.11447
0.0939
0.08435
0.09867
0.10608
0.08611
0.07361
0.06832
0.06749
0.0654
0.06933
0.07358
0.14094
0.12814
0.11791
0.08992
0.10701
0.10567
0.13488
0.12934
0.10039
0.12265
0.15797
0.12481
0.13488
0.42549
0.12105
0.10335
0.09124
0.10539
0.10759
0.09697
0.08839
0.10641
0.09428
0.09685
0.09069
0.10556
0.08517
0.10243
0.0833
0.10115
0.09597
0.09206
0.10567
0.10827
0.0836
0.09091
0.09741
0.09622
0.08486
0.09857
0.10317
0.10642
0.09841
0.07583
0.10113
0.11199
0.08306
0.07211
0.06368
0.06342
0.06376
0.08312
0.08153
0.13334
0.10481
0.11065
0.09391
0.09633
0.10178
0.13757
0.0894
0.09223
0.0879
0.09432
0.08829
0.09085
0.09514
0.09549
0.10246
0.09241
0.09914
0.09313
0.09612
0.09048
0.09475
0.09451
0.10852
0.10251
0.0947
0.10673
0.09184
0.10265
0.08572
0.08423
0.10729
0.08626
0.09868
0.09779
0.08201
0.08881
0.08733
0.07639
0.08524
0.09907
0.08634
0.07692
0.0858
0.09534
0.11142
0.08538
0.0868
0.09583
0.1048
0.06837
0.07551
0.07899
0.08059
0.08183
0.06044
0.07052
0.11248
0.09701
0.09272
0.10805
0.09668
0.09981
0.10314
0.11643
0.09944
0.09823
0.09278
0.09551
0.08345
0.09419
0.09418
0.08778
0.0994
0.09389
0.09781
0.09281
0.09042
0.09869
0.09189
0.08153
0.10936
0.10317
0.09423
0.10899
0.08158
0.10402
0.08913
0.11909
0.09453
0.1206
0.10096
0.08741
0.10475
0.10311
0.0921
0.09922
0.10597
0.09775
0.08398
0.09773
0.11317
0.09967
0.08927
0.08047
0.10322
0.10603
0.07575
0.06806
0.07902
0.06347
0.06226
0.06289
0.06176
0.09605
0.10479
0.1018
0.11644
0.10282
0.08539
0.08611
0.10797
0.10198
0.10353
0.09196
0.0939
0.10508
0.09364
0.09617
0.08802
0.10202
0.09877
0.0925
0.10158
0.09378
0.09055
0.10029
0.09418
0.09034
0.10924
0.1017
0.1001
0.10274
0.07842
0.0885
0.09787
0.08404
0.09892
0.08652
0.09302
0.08606
0.07954
0.09669
0.09266
0.08414
0.09169
0.10716
0.09194
0.08435
0.0928
0.10087
0.10997
0.0877
0.08858
0.09643
0.09924
0.07088
0.07654
0.07877
0.06483
0.06422
0.06381
0.06459
0.08196
0.11138
0.10701
0.0968
0.09822
0.09708
0.09159
0.11999
0.11585
0.09999
0.08524
0.08753
0.09328
0.08117
0.09939
0.08757
0.09275
0.09417
0.0977
0.08604
0.0987
0.09081
0.08948
0.10552
0.09829
0.08937
0.10479
0.08535
0.10272
0.08771
0.09767
0.08382
0.10912
0.08725
0.11212
0.10844
0.08366
0.09876
0.1011
0.0895
0.09747
0.11071
0.09549
0.08897
0.10486
0.11526
0.09475
0.08101
0.07799
0.10563
0.09314
0.07587
0.06686
0.07781
0.07835
0.07818
0.07754
0.07873
0.12672
0.13555
0.10089
0.09554
0.10097
0.09528
0.12508
0.10995
0.09857
0.10668
0.10084
0.08459
0.09369
0.09227
0.09551
0.10212
0.08376
0.08687
0.08399
0.10672
0.08814
0.09026
0.09694
0.10215
0.08586
0.10132
0.08852
0.10557
0.09008
0.12143
0.08529
0.11393
0.08467
0.10928
0.09587
0.09085
0.10253
0.08314
0.07323
0.09946
0.10862
0.07935
0.07559
0.11369
0.11667
0.08703
0.08472
0.09726
0.11206
0.08027
0.07324
0.07625
0.06397
0.06405
0.06299
0.07725
0.10982
0.10043
0.09787
0.09268
0.09985
0.09662
0.10962
0.11649
0.09498
0.09572
0.091
0.09511
0.08853
0.0826
0.10035
0.08713
0.09698
0.08683
0.09294
0.09655
0.09537
0.08454
0.10198
0.10086
0.0937
0.09505
0.10148
0.08609
0.1011
0.07589
0.09424
0.0878
0.08859
0.1042
0.08699
0.09381
0.10202
0.08999
0.11829
0.09067
0.07706
0.10073
0.10488
0.08745
0.07937
0.09847
0.10998
0.0863
0.07695
0.08426
0.1148
0.07129
0.08047
0.07299
0.07411
0.08545
0.06687
0.06518
0.06412
0.10123
0.10627
0.11279
0.10531
0.11097
0.10275
0.09348
0.13241
0.1274
0.09616
0.08549
0.09271
0.08586
0.08417
0.1015
0.08743
0.09582
0.09295
0.0934
0.08929
0.10643
0.10167
0.08988
0.09175
0.10396
0.09373
0.09749
0.09008
0.09283
0.09121
0.10673
0.08308
0.09922
0.08684
0.10971
0.10103
0.09072
0.09708
