0.01102
0.07469
0.07092
0.07052
0.07098
0.07041
0.0709
0.07108
0.07043
0.07014
0.06099
0.06047
0.06092
0.06132
0.06091
0.0613
0.06443
0.06053
0.06075
0.06739
0.06087
0.06105
0.06171
0.06088
0.06076
0.0613
0.06095
0.06456
0.06655
0.06154
0.06112
0.06104
0.06113
0.06069
0.06088
0.06157
0.0608
0.06083
0.06066
0.06067
0.06156
0.06444
0.06092
0.06066
0.06063
0.06079
0.06103
0.06193
0.06126
0.06146
0.06314
0.06157
0.06235
0.06088
0.06154
0.06094
0.06171
0.06089
0.06149
0.06079
0.06344
0.06174
0.06222
0.06103
0.06227
0.06307
0.0632
0.06066
0.06044
0.06034
0.06052
0.061
0.06133
0.06948
0.05968
0.06013
0.06055
0.06036
0.05962
0.06014
0.05959
0.05969
0.05916
0.05924
0.06137
0.06174
0.05973
0.05992
0.05986
0.05961
0.06039
0.06088
0.06086
0.05994
0.06006
0.05972
0.05973
0.05976
0.06134
0.06003
0.06018
0.06594
0.05975
0.06172
0.06244
0.06113
0.06347
0.05992
0.05994
0.06162
0.06041
0.06016
0.0602
0.05992
0.0592
0.05906
0.05936
0.06149
0.05951
0.06064
0.05945
0.05981
0.05977
0.06027
0.06078
0.06002
0.06019
0.07237
0.07223
0.06774
0.06602
0.06453
0.0643
0.06333
0.06517
0.06525
0.06498
0.06374
0.06374
0.06275
0.06181
0.06303
0.06317
0.06274
0.06228
0.06203
0.06191
0.06263
0.06174
0.06211
0.06227
0.06189
0.06178
0.06198
0.07066
0.06063
0.05996
0.05963
0.06088
0.06172
0.06604
0.06048
0.06246
0.06019
0.06051
0.06002
0.06126
0.06035
0.06089
0.06089
0.06029
0.06156
0.06095
0.06042
0.06108
0.05969
0.06018
0.06015
0.06045
0.06278
0.05971
0.05968
0.05996
0.05995
0.06032
0.06102
0.06144
0.06074
0.06056
0.05987
0.05988
0.05979
0.06122
0.05981
0.06009
0.06066
0.06123
0.06231
0.06154
0.05986
0.06021
0.06691
0.05954
0.05951
0.06102
0.06041
0.06084
0.06112
0.05959
0.05962
0.06031
0.06102
0.06036
0.06166
0.05984
0.05972
0.05967
0.06065
0.06107
0.05985
0.05992
0.06013
0.05992
0.06055
0.06299
0.06052
0.06087
0.06071
0.06062
0.06092
0.06333
0.06025
0.0607
0.06001
0.06036
0.0614
0.06089
0.05998
0.06033
0.06239
0.06039
0.06071
0.06115
0.06051
0.06068
0.06018
0.0607
0.06101
0.06064
0.06677
0.06062
0.06123
0.06187
0.06131
0.06109
0.06287
0.06102
0.06099
0.06141
0.06096
0.06135
0.06267
0.06222
0.0616
0.06144
0.07253
0.07203
0.0732
0.06479
0.06279
0.06435
0.06206
0.06491
0.06287
0.06515
0.06342
0.06301
0.06442
0.06332
0.06521
0.0643
0.0646
0.06617
0.06489
0.06444
0.07259
0.06309
0.06427
0.06223
0.06246
0.06378
0.06286
0.07419
0.07007
0.07227
0.07161
0.07242
0.07289
0.06888
0.0609
0.06034
0.06854
0.06194
0.06378
0.06066
0.06063
0.06063
0.06013
0.06288
0.06132
0.06098
0.06075
0.06102
0.06093
0.06023
0.06109
0.0607
0.06011
0.06088
0.06024
0.06059
0.06098
0.06208
0.06054
0.06138
0.061
0.06138
0.06091
0.06158
0.0605
0.06095
0.0621
0.06087
0.06071
0.06122
0.06064
0.05971
0.05971
0.06165
0.06059
0.06231
0.06381
0.0608
0.06126
0.06045
0.0593
0.05974
0.06053
0.06226
0.06515
0.06694
0.06621
0.0679
0.06422
0.06548
0.07623
0.07001
0.07277
0.0866
0.09017
0.09828
0.10143
0.10128
0.11938
0.0903
0.08846
0.08383
0.09369
0.0848
0.08472
0.08551
0.09944
0.10111
0.09065
0.08098
0.07596
0.0796
0.08182
0.0779
0.07383
0.07163
0.07759
0.08851
0.09126
0.07874
0.07508
0.07105
0.06746
0.06247
0.06356
0.06298
0.06518
0.06431
0.064
0.06278
0.06184
0.06277
0.06113
0.06094
0.06126
0.06539
0.06844
0.06084
0.06084
0.06134
0.06051
0.06609
0.06077
0.06048
0.06019
0.06069
0.06059
0.06137
0.06105
0.06088
0.06092
0.06366
0.0666
0.06514
0.06418
0.06465
0.06801
0.06538
0.07391
0.06338
0.06269
0.06
0.06143
0.05939
0.0596
0.05932
0.06377
0.05968
0.0592
0.05946
0.05937
0.06008
0.0601
0.05989
0.05933
0.0594
0.0595
0.05955
0.05947
0.06011
0.05932
0.05938
0.05912
0.05958
0.06144
0.06024
0.05899
0.06005
0.06434
0.05986
0.0597
0.05892
0.05944
0.05937
0.06038
0.06351
0.07449
0.06338
0.06817
0.06485
0.06185
0.06244
0.06236
0.06441
0.06653
0.06481
0.06408
0.06098
0.06114
0.06176
0.06338
0.06479
0.07043
0.0671
0.06363
0.06268
0.06194
0.06094
0.06045
0.06129
0.06101
0.06129
0.06181
0.0614
0.06088
0.06132
0.06139
0.06138
0.0615
0.0625
0.06072
0.06099
0.06058
0.06113
0.06095
0.06195
0.06718
0.06081
0.06226
0.06108
0.06045
0.06153
0.06071
0.06008
0.06074
0.06085
0.06038
0.06102
0.06111
0.06071
0.06046
0.06066
0.06069
0.06115
0.0619
0.06064
0.06049
0.0607
0.05983
0.06162
0.06173
0.06121
0.06078
0.06046
0.0606
0.06094
0.06067
0.06233
0.06075
0.06054
0.0609
0.06098
0.06082
0.0624
0.06055
0.06072
0.06123
0.06129
0.06081
0.06184
0.06111
0.06064
0.06086
0.06059
0.06064
0.06131
0.06336
0.06046
0.06063
0.06066
0.06059
0.06083
0.0617
0.06067
0.05986
0.06031
0.06066
0.0605
0.06041
0.06115
0.06016
0.06034
0.06029
0.06018
0.06056
0.06237
0.06009
0.06013
0.06079
0.06051
0.0613
0.06288
0.0606
0.0606
0.06271
0.06065
0.06098
0.06065
0.0631
0.06072
0.06109
0.06137
0.0614
0.06243
0.06498
0.06031
0.06249
0.06169
0.06222
0.06119
0.06195
0.06112
0.06051
0.06228
0.06038
0.06106
0.06813
0.06154
0.06033
0.06132
0.06122
0.06105
0.06121
0.06283
0.06006
0.06096
0.06062
0.06063
0.0613
0.06233
0.06041
0.06064
0.06256
0.06077
0.06079
0.06165
0.06041
0.06059
0.06047
0.06056
0.06026
0.06149
0.06431
0.06078
0.06073
0.06089
0.0607
0.06179
0.06155
0.0616
0.06075
0.06162
0.06086
0.06159
0.06191
0.06249
0.06102
0.06122
0.061
0.06146
0.06133
0.06497
0.06013
0.06017
0.06042
0.0601
0.0606
0.06109
0.06012
0.06024
0.06168
0.06017
0.06081
0.07243
0.07043
0.06151
0.06103
0.06122
0.06118
0.06328
0.06099
0.0608
0.06279
0.06119
0.06073
0.06399
0.06271
0.06223
0.06226
0.06079
0.06084
0.07151
0.06081
0.05905
0.05963
0.06217
0.05986
0.05981
0.05866
0.05925
0.05931
0.05965
0.06283
0.06033
0.06032
0.06105
0.06135
0.05989
0.05938
0.05929
0.05985
0.05988
0.06106
0.05946
0.05944
0.05914
0.07009
0.06058
0.06242
0.05994
0.06173
0.06396
0.07289
0.06496
0.0688
0.06028
0.05943
0.05952
0.06052
0.05954
0.06063
0.05967
0.05911
0.05975
0.05945
0.05998
0.05996
0.06205
0.05941
0.05931
0.06
0.06067
0.0665
0.08903
0.07143
0.07405
0.07585
0.07252
0.07023
0.07265
0.07087
0.08033
0.07273
0.08166
0.0742
0.07508
0.09455
0.08079
0.07201
0.06565
0.07098
0.06003
0.05949
0.05917
0.05973
0.06125
0.05956
0.05896
0.05988
0.05895
0.05913
0.05929
0.06282
0.05973
0.05963
0.0603
0.06032
0.05983
0.06068
0.05939
0.0593
0.05979
0.05913
0.0595
0.05934
0.06263
0.05925
0.05928
0.05941
0.05922
0.0601
0.06141
0.05983
0.05967
0.06038
0.05994
0.05967
0.05988
0.06205
0.05968
0.05985
0.05951
0.05916
0.06001
0.06016
0.05945
0.05925
0.06041
0.05939
0.05953
0.05908
0.06103
0.05907
0.05932
0.05965
0.0596
0.06707
0.06057
0.05969
0.05942
0.05982
0.05962
0.06017
0.06008
0.06179
0.0595
0.05979
0.05973
0.05994
0.06029
0.06034
0.05981
0.05955
0.05991
0.06061
0.06001
0.0597
0.06051
0.05937
0.06014
0.05946
0.05961
0.05968
0.06053
0.05948
0.05938
0.0596
0.05915
0.05907
0.05888
0.05935
0.05888
0.05906
0.0591
0.05894
0.06188
0.06038
0.05931
0.05927
0.06063
0.05973
0.05968
0.05922
0.05998
0.0596
0.0599
0.05949
0.06001
0.06137
0.06074
0.05974
0.07084
0.06042
0.05994
0.06019
0.06126
0.0606
0.06004
0.06074
0.06075
0.06007
0.06026
0.06157
0.06022
0.06036
0.06031
0.06039
0.06113
0.06148
0.06083
0.06056
0.06081
0.06056
0.06096
0.06083
0.0613
0.06056
0.06073
0.06042
0.06059
0.06085
0.06154
0.06033
0.06049
0.0605
0.0605
0.06093
0.06163
0.06068
0.06081
0.0609
0.06151
0.06091
0.06138
0.06342
0.06075
0.06763
0.06144
0.06095
0.06152
0.06225
0.06101
0.06119
0.06116
0.06091
0.0615
0.06204
0.06114
0.06724
0.06364
0.06121
0.06158
0.06129
0.0637
0.06092
0.06168
0.0615
0.06167
0.06206
0.06297
0.0615
0.06136
0.06136
0.06126
0.06113
0.06236
0.06095
0.06095
0.06284
0.061
0.06108
0.0608
0.06334
0.06079
0.06089
0.06053
0.06047
0.06082
0.06214
0.06077
0.06098
0.06048
0.06081
0.06097
0.06219
0.06084
0.06045
0.06074
0.06102
