865	313	170	230
877	311	155	230
883	308	148	231
881	313	151	243
884	318	144	246
875	324	157	231
879	322	160	234
869	321	167	241
882	328	153	237
879	331	155	236
887	334	148	241
886	338	152	241
876	347	159	237
886	338	146	243
883	347	155	238
884	343	155	244
882	337	151	245
884	343	150	243
884	340	156	244
884	344	147	245
884	337	159	248
890	346	146	248
891	340	155	246
884	334	157	252
892	336	152	243
884	335	159	253
887	337	160	256
894	334	156	251
895	330	150	246
894	334	150	250
887	324	168	247
894	332	154	238
905	326	150	233
905	335	145	228
903	330	148	228
906	331	152	223
909	336	146	207
908	339	148	198
914	340	145	191
912	341	145	189
919	344	147	170
914	345	151	166
913	343	154	171
915	345	151	161
914	345	156	160
917	347	161	156
919	344	154	144
920	346	152	145
922	345	154	139
922	346	148	135
919	345	154	134
921	345	150	135
923	349	156	131
923	347	149	131
925	348	148	138
921	348	152	130
923	350	152	129
922	349	151	134
921	351	152	134
920	351	155	131
921	350	151	132
926	351	148	126
921	351	150	129
922	351	144	127
921	351	149	132
921	352	143	125
920	351	147	127
918	354	142	127
916	352	144	125
916	352	145	128
917	350	142	127
917	349	145	127
914	351	142	124
914	349	141	124
910	349	145	123
910	349	144	120
905	344	142	127
906	346	143	124
899	345	144	124
901	344	140	122
899	342	141	125
899	343	139	124
900	341	139	123
897	341	137	124
902	340	137	124
898	339	142	130
898	338	138	132
900	340	141	129
898	335	140	138
897	337	142	138
898	337	138	143
898	336	136	143
898	336	135	152
896	333	137	153
904	330	131	165
896	326	142	167
902	317	143	185
902	320	138	190
898	316	147	201
899	313	150	203
902	310	148	216
905	307	148	222
909	307	148	223
904	312	148	223
905	304	164	243
906	302	153	243
909	302	158	253
911	294	160	264
912	305	160	251
910	299	166	257
919	301	161	253
918	302	155	256
923	299	167	262
921	304	154	254
931	297	165	261
928	296	164	259
929	293	168	271
927	297	170	265
939	294	161	268
931	297	162	262
942	295	168	269
942	301	158	263
946	306	168	253
943	297	165	263
949	299	162	262
952	296	165	265
950	297	167	266
958	297	154	266
961	294	159	267
960	284	157	273
961	295	162	262
960	287	159	268
967	281	157	277
962	285	157	273
967	292	159	262
964	294	154	262
969	283	155	274
969	282	156	267
972	286	154	271
970	281	155	273
973	280	155	272
973	280	151	280
973	279	143	284
976	281	145	279
971	280	150	273
971	278	148	271
975	275	144	273
974	277	147	280
973	273	151	274
967	268	151	279
965	280	151	279
966	266	154	282
953	262	166	293
948	247	167	310
945	239	168	314
946	268	167	279
942	256	171	286
939	244	172	303
931	244	177	302
927	237	187	308
931	243	181	311
923	260	188	288
924	256	196	291
921	261	196	296
926	259	198	295
923	274	194	268
921	274	196	272
922	284	191	249
920	291	187	237
920	287	191	241
919	292	186	232
923	293	190	239
923	293	179	237
921	298	180	232
925	305	183	212
925	309	170	201
925	309	177	201
930	316	175	189
934	312	172	185
932	318	171	183
931	324	165	173
932	326	171	167
928	330	167	162
939	330	162	163
938	327	161	169
937	335	161	165
942	336	159	159
941	345	164	156
936	342	169	158
941	349	175	153
943	349	168	152
936	350	189	154
935	352	192	151
931	356	215	155
933	359	217	147
932	357	219	149
933	356	214	148
933	364	214	147
930	363	224	146
927	366	223	152
927	362	224	155
926	367	235	147
926	366	236	150
918	374	244	145
920	370	250	144
916	366	258	158
915	369	257	153
917	369	265	149
906	372	272	145
906	371	280	157
906	370	282	164
897	370	290	161
904	373	278	157
896	369	288	166
892	368	295	165
894	377	292	150
886	371	303	164
884	372	302	167
886	370	304	164
879	371	316	174
877	377	314	162
869	381	328	159
865	375	331	165
861	377	331	168
858	378	336	171
846	374	345	172
849	378	343	173
847	383	348	170
847	374	340	186
836	377	361	176
840	380	347	177
829	386	365	168
821	380	375	174
822	380	375	178
824	383	369	183
836	387	368	175
830	385	366	183
834	390	375	182
825	392	385	179
831	393	381	181
824	394	385	184
839	390	367	192
829	392	368	188
835	395	373	182
839	400	353	180
847	405	350	173
843	407	352	170
840	410	360	170
844	411	358	171
837	418	358	164
840	417	365	169
835	415	363	174
840	418	352	172
849	424	341	166
843	415	350	172
836	426	354	165
846	425	346	173
835	425	347	168
837	430	356	170
836	426	350	176
833	432	356	171
815	433	372	177
833	425	346	187
821	430	361	186
830	421	346	194
815	434	354	179
830	436	357	177
818	442	342	168
814	436	358	184
813	437	350	178
809	442	362	172
817	440	348	180
810	445	357	176
830	443	328	179
820	441	330	180
822	446	343	175
804	449	348	168
812	456	346	169
810	457	338	169
813	455	338	170
816	453	333	172
812	448	330	180
825	457	316	176
817	452	321	176
836	453	303	180
837	456	297	180
846	454	292	174
835	462	294	173
845	457	294	175
839	464	294	173
837	466	301	168
812	457	331	180
799	459	340	180
805	466	337	172
821	463	319	176
798	470	342	166
808	474	335	162
805	474	326	165
808	475	322	162
816	474	307	167
804	473	325	170
819	482	308	160
815	478	312	163
811	483	322	154
820	477	308	164
841	481	279	164
853	479	268	165
855	485	265	157
871	483	247	163
863	488	257	154
874	487	243	152
876	488	244	153
890	493	224	154
882	492	233	155
893	489	220	156
905	492	206	154
901	487	209	154
904	494	211	151
898	493	216	151
910	488	204	155
927	492	187	154
935	495	178	155
935	493	182	151
942	487	172	154
940	487	179	153
935	487	175	155
947	482	176	155
941	483	171	152
952	479	175	151
945	479	172	152
952	476	167	154
942	476	180	152
927	478	197	145
915	470	215	153
914	471	216	156
922	464	213	160
920	466	207	155
928	464	212	151
926	460	213	155
930	456	213	151
933	453	207	158
929	448	225	158
944	443	210	162
952	444	199	157
950	442	204	157
949	437	202	164
951	436	203	164
951	430	203	162
950	425	200	169
943	422	211	176
946	421	211	167
937	419	213	166
933	417	222	165
926	414	233	164
921	411	235	167
916	406	241	171
925	408	238	163
905	404	254	163
910	401	251	162
890	401	264	155
881	403	277	149
870	405	275	145
880	401	269	148
858	398	283	147
865	395	286	150
851	388	282	153
844	390	298	149
837	388	293	153
829	389	296	155
821	392	298	148
812	395	309	145
794	391	325	152
799	397	319	146
791	397	320	146
794	392	317	153
777	395	331	154
772	395	341	154
765	395	341	158
760	396	344	156
761	394	332	155
754	394	340	162
745	397	343	160
751	392	342	171
747	394	332	173
752	390	320	179
747	392	321	189
749	389	314	186
745	394	309	186
746	391	309	189
748	387	305	201
744	389	307	194
746	391	299	191
736	394	306	184
742	393	298	193
728	389	311	192
738	399	308	188
733	395	307	190
734	396	300	193
733	399	300	188
728	396	301	188
726	396	304	199
724	394	308	194
725	396	313	197
731	400	310	198
724	401	312	188
725	406	313	185
737	399	300	195
735	413	304	183
730	406	304	180
733	408	315	187
726	410	314	180
726	406	308	183
736	413	315	169
722	413	324	175
734	406	305	191
740	403	302	182
730	410	320	166
723	403	332	182
725	407	326	181
715	405	340	170
719	407	335	174
718	398	334	177
723	403	323	171
725	399	325	174
720	394	320	189
720	391	322	182
720	391	322	183
722	389	325	176
713	393	332	179
715	390	327	168
725	388	322	170
721	379	330	179
717	379	326	183
726	371	321	206
724	372	323	188
724	362	320	220
725	363	320	196
726	366	325	178
726	357	325	196
726	356	330	187
727	353	323	194
729	355	331	168
725	359	339	155
725	347	341	170
720	353	351	161
721	349	349	166
726	350	349	154
733	349	347	154
737	352	345	152
734	348	355	157
744	341	342	166
732	346	356	161
738	338	347	163
731	348	360	153
733	339	359	161
746	342	332	161
740	343	353	155
742	340	356	157
748	339	345	160
745	340	346	158
737	335	370	164
735	342	373	157
740	344	371	150
737	337	367	161
745	338	363	164
755	336	350	173
750	338	365	167
746	337	375	172
752	333	367	181
762	332	351	183
768	334	347	178
777	329	325	193
775	325	328	204
774	326	324	203
794	335	302	194
792	326	306	214
