1335	144	546	129
1328	138	566	145
1320	116	563	180
1326	127	557	160
1303	133	549	140
1298	124	517	142
1282	133	533	134
1259	134	514	132
1262	138	497	127
1241	141	489	119
1218	132	511	123
1218	132	511	123
1218	132	511	123
1218	132	511	123
1218	132	511	123
1218	132	511	123
1218	132	511	123
1218	132	511	123
1218	132	511	123
1218	132	511	123
1218	132	511	123
1218	132	511	123
1218	132	511	123
1218	132	511	123
1218	132	511	123
1218	132	511	123
1218	132	511	123
1218	132	511	123
1218	132	511	123
1218	132	511	123
1218	132	511	123
1218	132	511	123
1218	132	511	123
1218	132	511	123
1218	132	511	123
1218	132	511	123
1218	132	511	123
1218	132	511	123
1218	132	511	123
1218	132	511	123
1218	132	511	123
1218	132	511	123
1218	132	511	123
1218	132	511	123
1218	132	511	123
1218	132	511	123
1218	132	511	123
1218	132	511	123
1218	132	511	123
1218	132	511	123
1218	132	511	123
1218	132	511	123
1218	132	511	123
1218	132	511	123
1218	132	511	123
1218	132	511	123
1218	132	511	123
1218	132	511	123
1218	132	511	123
1218	132	511	123
1316	317	483	139
1398	757	484	186
1380	208	537	231
1323	310	515	281
1394	180	522	264
1329	309	523	205
1334	175	594	282
1321	143	605	328
1322	141	619	321
1328	156	591	218
1323	152	614	201
1316	135	609	234
1350	125	575	231
1330	116	605	254
1318	107	615	273
1273	108	653	233
1268	99	661	232
1244	95	666	206
1324	105	588	182
1286	100	640	176
1350	90	557	196
1327	92	569	173
1322	78	573	196
1328	57	552	224
1326	36	564	263
1308	52	583	241
1315	48	584	236
1325	50	559	217
1305	44	602	216
1307	47	586	215
1287	44	609	217
1287	49	619	188
1291	47	602	187
1291	56	610	176
1285	51	608	178
1271	45	626	175
1274	41	635	181
1259	46	640	177
1255	38	654	186
1251	43	663	174
1245	45	672	162
1218	40	662	175
1203	34	628	181
1200	35	599	187
1204	37	585	170
1190	41	597	172
1190	35	636	176
1187	36	674	183
1191	34	686	194
1164	31	725	208
1174	46	717	171
1148	47	746	174
1130	43	749	188
1095	48	718	180
1067	71	636	159
1054	75	594	157
1057	73	591	144
1037	77	599	148
1028	76	587	146
1008	73	584	148
992	65	563	153
977	69	534	144
974	67	553	153
958	66	543	151
945	64	577	152
922	65	616	161
904	69	614	151
897	64	598	154
896	61	593	163
883	53	537	173
875	61	508	145
865	56	500	149
851	55	509	144
839	50	525	155
836	50	518	143
825	56	509	138
819	54	505	135
812	50	513	145
800	46	513	154
797	45	489	149
796	49	499	140
784	55	494	134
782	53	472	135
779	60	490	128
774	62	489	112
773	63	473	115
770	64	464	112
766	59	449	120
766	58	427	122
766	57	419	127
763	56	424	121
751	48	425	130
751	48	431	135
743	44	417	138
730	42	421	150
726	43	429	146
718	38	428	152
716	37	429	156
712	37	432	154
705	32	436	163
700	33	440	152
698	29	451	155
692	22	447	163
691	11	432	169
692	10	444	173
697	11	423	170
701	14	411	161
