681	612	69	49
682	610	74	49
681	609	75	50
682	608	70	54
682	607	77	54
683	609	74	48
685	607	72	50
685	606	75	51
685	605	78	49
684	603	80	49
687	605	80	46
689	603	76	46
686	601	85	55
685	599	91	53
683	597	99	56
685	598	105	46
687	596	113	44
687	594	111	46
689	591	116	49
688	586	113	54
687	582	121	57
689	582	118	55
689	577	120	57
689	576	115	56
689	573	108	57
687	569	106	60
687	562	100	64
680	559	93	61
692	553	84	69
694	552	81	66
694	549	63	69
698	550	59	66
700	551	58	63
703	548	60	65
704	547	61	64
704	545	61	69
704	543	62	69
706	541	64	72
707	539	63	71
708	534	60	74
709	531	57	78
710	525	60	82
710	524	55	84
711	522	42	90
712	520	34	89
712	519	33	90
712	516	34	91
712	513	35	91
714	512	32	97
713	511	36	94
712	509	37	89
714	507	35	92
713	503	37	94
712	503	38	94
713	501	40	86
713	498	40	86
713	496	43	89
712	494	44	89
713	494	45	86
712	492	47	85
712	491	50	78
712	490	50	80
712	488	52	79
712	486	52	78
711	484	55	79
710	485	56	78
712	484	55	77
714	481	55	81
715	480	55	83
716	480	52	85
718	481	53	82
719	481	54	80
721	480	53	74
722	479	51	74
725	478	51	68
725	478	51	65
725	477	53	68
726	476	54	68
726	474	53	71
726	473	53	72
727	472	54	68
727	471	57	72
729	470	53	63
728	468	56	64
727	469	56	62
728	466	57	65
731	464	50	70
732	464	50	68
730	464	52	68
732	462	53	69
731	458	55	64
732	458	54	58
729	454	60	63
728	452	62	68
729	452	60	63
730	447	59	66
730	444	61	67
732	441	58	67
731	441	58	63
733	439	58	63
729	437	63	62
731	435	62	63
734	435	61	62
732	436	62	57
732	433	62	58
735	432	60	57
732	431	63	57
733	430	61	59
733	428	60	59
732	427	61	60
731	426	64	62
729	426	67	64
728	424	64	70
730	422	63	72
734	421	60	68
734	421	62	69
734	421	58	66
733	420	63	68
732	418	64	69
735	419	60	68
736	418	58	69
737	417	56	68
739	418	54	67
736	418	57	67
735	418	58	71
737	417	56	70
729	413	65	79
722	410	72	87
722	413	72	82
726	412	68	82
724	411	69	81
724	414	70	71
726	417	68	61
725	416	71	59
724	416	70	62
722	416	77	61
723	416	76	58
720	417	78	58
722	416	77	57
716	416	86	61
712	416	90	64
712	415	91	68
714	414	88	65
715	413	89	65
705	411	100	76
704	410	102	75
701	408	108	79
703	409	108	76
703	407	109	79
714	409	97	68
724	408	91	62
728	409	86	55
729	410	87	54
730	409	85	51
731	407	85	52
729	407	90	49
729	406	92	50
732	404	86	51
735	405	85	49
732	404	90	50
736	404	84	50
734	403	89	50
734	402	90	51
736	402	90	50
733	401	95	49
736	400	93	50
736	399	91	51
738	398	90	52
738	397	91	51
738	397	91	50
741	397	91	51
742	397	90	50
740	397	96	52
744	396	89	52
747	397	88	50
748	396	87	51
747	395	92	51
750	395	89	51
751	395	90	50
751	395	88	51
752	395	88	51
753	394	89	49
752	394	91	51
753	393	92	52
754	394	90	49
754	392	94	50
754	391	93	51
755	391	96	50
757	390	95	50
758	388	91	49
758	387	90	50
760	387	93	49
762	385	91	50
764	384	91	52
766	384	87	52
768	383	90	52
768	384	93	50
765	384	97	43
766	383	94	40
765	382	94	40
764	381	97	39
768	381	97	38
756	381	90	33
760	383	94	33
738	380	98	37
723	378	101	43
742	383	112	36
713	380	115	43
737	382	119	42
766	383	103	42
767	382	98	47
770	383	96	46
774	383	91	48
776	381	88	51
769	377	96	55
775	385	92	50
780	385	88	52
788	385	82	52
796	384	74	54
795	386	76	51
790	386	79	51
788	386	82	51
787	387	79	49
781	386	89	51
778	385	101	57
780	387	98	55
779	387	100	55
777	386	99	56
776	386	100	55
779	385	97	55
777	385	98	53
774	384	102	55
774	383	100	56
777	382	97	56
775	382	100	55
776	382	98	57
775	382	96	54
775	382	97	54
778	381	93	54
776	381	96	54
775	380	96	55
775	379	99	53
773	378	99	55
772	377	103	54
772	375	102	53
769	373	102	55
769	371	100	54
770	370	101	56
769	371	106	54
767	371	110	55
765	371	110	54
763	368	118	59
762	369	116	55
758	368	124	55
758	368	123	56
759	370	112	55
767	368	106	61
771	369	107	59
772	367	122	61
775	368	121	58
774	367	118	59
772	366	116	63
773	367	114	62
776	366	109	61
775	366	113	60
774	365	112	59
780	363	110	58
785	363	105	58
789	361	100	59
786	362	103	59
789	361	102	59
792	361	98	59
798	362	89	58
798	362	90	57
794	360	95	60
796	361	96	59
796	363	97	60
795	362	100	59
801	365	98	60
801	361	104	60
800	360	103	65
801	361	102	62
800	361	103	61
801	363	99	58
803	363	95	59
805	362	89	58
805	362	81	58
805	362	82	58
805	361	81	60
804	360	82	61
804	358	82	67
800	356	90	67
802	351	87	74
808	351	78	76
806	349	80	77
808	350	76	73
813	356	72	67
812	356	73	66
814	356	70	66
811	356	71	65
808	356	75	66
808	357	72	65
808	357	72	63
809	356	69	65
808	357	68	63
803	357	71	66
803	360	69	64
799	360	72	65
800	362	69	65
800	363	68	66
800	361	67	71
801	365	64	68
804	369	60	67
805	372	59	68
801	370	62	74
803	373	59	83
803	374	56	83
803	375	56	79
801	377	59	71
801	379	56	66
802	380	55	67
801	381	56	67
801	380	52	72
798	382	53	74
793	382	59	74
792	386	59	69
792	383	58	71
791	383	55	68
792	382	52	69
798	380	45	70
796	381	43	71
796	381	43	70
797	381	40	69
798	380	38	69
797	378	36	69
796	376	35	71
794	374	35	75
793	371	33	78
792	366	31	80
789	370	34	79
791	375	29	76
790	374	27	77
789	370	28	76
787	371	29	76
784	370	31	74
783	369	30	75
781	369	29	73
780	371	30	69
779	370	33	66
776	369	39	66
773	366	47	70
773	363	43	73
773	363	36	85
772	363	34	91
772	365	33	92
771	364	33	91
770	362	33	99
768	367	34	93
765	369	35	89
764	370	35	89
762	369	36	93
760	369	37	93
757	368	40	96
754	368	42	97
752	370	43	94
750	370	44	95
748	370	44	92
746	371	47	93
743	372	49	94
742	372	49	93
740	372	51	95
739	369	51	101
739	371	51	99
739	372	48	103
732	373	55	101
731	375	54	96
728	376	58	99
725	376	58	103
722	381	59	96
720	381	60	96
713	386	67	89
712	384	63	95
705	389	69	86
702	391	68	77
700	392	68	75
701	393	63	77
690	397	75	74
685	398	74	73
683	402	80	82
678	404	76	70
677	403	78	75
673	403	78	73
669	404	81	71
665	405	78	70
664	404	80	70
659	404	88	72
653	404	91	72
648	402	97	73
643	402	96	71
639	400	98	69
636	399	95	69
633	397	99	71
628	395	99	72
624	390	105	77
624	388	101	79
622	388	97	76
620	388	93	73
615	388	105	73
608	385	116	74
603	383	115	76
600	384	118	73
591	383	131	74
590	381	127	73
584	376	152	79
567	372	163	81
567	372	164	79
559	372	178	74
559	370	172	82
556	370	171	76
554	368	161	77
552	366	153	80
548	366	149	78
549	363	127	79
543	359	135	74
539	358	131	77
535	356	130	77
530	357	141	74
525	354	151	75
524	352	146	80
520	351	149	76
517	347	155	90
514	342	142	107
515	341	119	104
510	336	118	116
505	335	118	115
502	335	115	121
497	333	119	114
490	339	133	122
484	335	139	120
483	339	129	114
473	344	143	105
467	346	149	92
463	346	144	87
457	349	141	68
452	349	148	69
448	351	129	65
445	348	126	68
441	346	137	70
436	347	158	69
431	345	167	70
424	344	172	70
418	345	173	68
417	346	174	66
411	343	175	76
404	344	186	69
399	343	189	68
395	341	192	74
373	339	211	70
377	337	215	73
372	334	212	75
373	332	201	81
368	332	202	83
361	331	214	83
363	335	222	73
359	333	228	74
356	334	216	87
349	337	230	73
347	334	213	83
340	335	215	77
335	334	207	87
339	332	190	103
336	323	158	128
335	324	148	122
329	321	160	124
330	321	136	118
329	324	136	112
323	321	138	108
320	321	144	106
315	317	146	111
312	322	140	97
305	320	146	106
301	316	148	100
294	319	154	106
287	314	159	108
281	317	162	100
273	310	172	110
271	314	177	109
270	317	184	94
271	312	169	107
269	311	169	103
267	312	164	100
263	307	164	101
261	306	163	111
258	302	174	110
253	307	174	95
251	302	191	97
250	304	197	94
247	302	200	92
246	301	201	93
240	299	210	89
237	298	207	92
227	296	226	88
226	294	219	98
222	292	202	100
220	290	181	115
226	288	148	115
223	286	148	125
220	284	146	120
217	287	139	106
212	286	162	109
209	287	163	106
204	290	163	90
198	291	173	77
192	290	173	73
187	288	179	85
182	286	182	86
179	281	187	99
171	281	193	92
165	280	200	86
156	280	205	84
151	277	208	79
147	276	215	96
135	272	223	111
132	272	226	107
130	270	230	111
131	273	224	98
127	270	238	115
116	270	252	108
109	274	259	94
108	273	253	88
106	272	259	91
99	271	266	96
97	275	265	82
92	274	273	79
83	271	284	86
79	272	291	92
75	274	294	87
69	271	305	97
65	269	312	95
59	272	291	102
56	276	267	86
54	275	245	97
50	277	247	100
39	279	248	91
26	280	269	85
22	283	271	79
19	279	261	102
12	280	266	96
7	277	281	108
3	281	273	98
1	279	286	104
0	279	284	100
4	276	264	104
2	281	249	98
0	282	236	108
-2	280	232	106
-6	278	241	112
0	288	221	104
-2	283	213	109
-1	284	187	107
1	282	170	120
-1	279	163	131
0	282	138	140
1	284	117	127
3	289	98	118
8	264	116	124
0	278	117	139
-1	287	96	134
0	280	86	122
8	284	98	115
-3	294	79	108
1	298	74	103
11	301	88	100
-2	302	94	84
-1	301	97	78
-1	298	111	70
1	326	128	54
0	331	123	41
0	331	123	41
0	331	123	41
0	331	123	41
0	331	123	41
0	331	123	41
0	331	123	41
0	331	123	41
0	331	123	41
114	235	103	55
148	232	84	58
131	238	81	53
145	239	65	54
143	242	62	50
