1489	733	33	87
1488	726	32	101
1488	726	31	104
1489	727	31	104
1488	727	32	103
1487	727	33	93
1488	726	35	105
1487	725	35	106
1485	724	36	106
1482	726	38	103
1483	727	36	87
1483	731	37	78
1483	731	37	80
1482	729	45	86
1485	731	51	94
1481	730	49	84
1481	733	64	92
1480	729	58	98
1481	729	45	84
1483	731	47	82
1484	732	43	86
1483	731	42	84
1483	732	43	84
1487	730	36	90
1484	728	35	95
1484	728	33	98
1482	747	36	88
1477	743	37	83
1475	743	35	80
1476	733	36	83
1481	749	32	81
1479	752	37	79
1470	749	46	80
1467	748	51	78
1464	749	56	63
1468	750	45	55
1472	763	42	43
1493	784	42	51
1480	785	36	50
1481	786	34	49
1493	788	39	45
1488	789	39	38
1478	801	35	37
1490	796	42	46
1477	797	35	46
1483	798	31	44
1485	803	28	39
1491	801	22	43
1493	803	20	43
1494	805	17	42
1495	807	14	37
1495	807	14	37
1495	807	14	37
1495	807	14	37
1495	807	14	37
1495	807	14	37
1495	807	14	37
1495	807	14	37
1495	807	14	37
1495	807	14	37
1495	807	14	37
1495	807	14	37
1495	807	14	37
1495	807	14	37
1495	807	14	37
1495	807	14	37
1495	807	14	37
1495	807	14	37
1495	807	14	37
1495	807	14	37
1495	807	14	37
1495	807	14	37
1495	807	14	37
1495	807	14	37
1495	807	14	37
1495	807	14	37
1495	807	14	37
1495	807	14	37
1495	807	14	37
1495	807	14	37
1495	807	14	37
1495	807	14	37
1495	807	14	37
1495	807	14	37
1495	807	14	37
1495	807	14	37
1495	807	14	37
1495	807	14	37
1495	807	14	37
1495	807	14	37
1495	807	14	37
1495	807	14	37
1495	807	14	37
1495	807	14	37
1495	807	14	37
1495	807	14	37
1495	807	14	37
1495	807	14	37
1495	807	14	37
1495	807	14	37
1495	807	14	37
1495	807	14	37
1495	807	14	37
1495	807	14	37
1495	807	14	37
1495	807	14	37
1495	807	14	37
1495	807	14	37
1495	807	14	37
1495	807	14	37
1495	807	14	37
1495	807	14	37
1495	807	14	37
1495	807	14	37
1495	807	14	37
1495	807	14	37
1495	807	14	37
1495	807	14	37
1495	807	14	37
1495	807	14	37
1495	807	14	37
1495	807	14	37
1495	807	14	37
1495	807	14	37
1495	807	14	37
1495	807	14	37
1495	807	14	37
1495	807	14	37
1495	807	14	37
1495	807	14	37
1495	807	14	37
1495	807	14	37
1495	807	14	37
1495	807	14	37
1495	807	14	37
1495	807	14	37
1495	807	14	37
1495	807	14	37
1495	807	14	37
1495	807	14	37
1495	807	14	37
1495	807	14	37
1495	807	14	37
1495	807	14	37
1495	807	14	37
1495	807	14	37
1495	807	14	37
1495	807	14	37
1495	807	14	37
1495	807	14	37
1495	807	14	37
1495	807	14	37
1495	807	14	37
1495	807	14	37
1495	807	14	37
1495	807	14	37
1495	807	14	37
1495	807	14	37
1495	807	14	37
1495	807	14	37
1495	807	14	37
1495	807	14	37
1495	807	14	37
1495	807	14	37
1495	807	14	37
1495	807	14	37
1495	807	14	37
1495	807	14	37
1495	807	14	37
1495	807	14	37
1495	807	14	37
1495	807	14	37
1495	807	14	37
1495	807	14	37
1495	807	14	37
1495	807	14	37
1495	807	14	37
1495	807	14	37
1495	807	14	37
1495	807	14	37
1495	807	14	37
1495	807	14	37
1495	807	14	37
1495	807	14	37
1495	807	14	37
1495	807	14	37
1495	807	14	37
1495	807	14	37
1495	807	14	37
1495	807	14	37
1495	807	14	37
1495	807	14	37
1495	807	14	37
1495	807	14	37
1495	807	14	37
1495	807	14	37
1495	807	14	37
1495	807	14	37
1495	807	14	37
1495	807	14	37
1495	807	14	37
1495	807	14	37
1495	807	14	37
1495	807	14	37
1495	807	14	37
1495	807	14	37
1495	807	14	37
1495	807	14	37
1495	807	14	37
1495	807	14	37
1495	807	14	37
1495	807	14	37
1495	807	14	37
1495	807	14	37
1495	807	14	37
1495	807	14	37
1495	807	14	37
1495	807	14	37
1495	807	14	37
1495	807	14	37
1495	807	14	37
1495	807	14	37
1495	807	14	37
1495	807	14	37
1495	807	14	37
1495	807	14	37
1495	807	14	37
1495	807	14	37
1495	807	14	37
1495	807	14	37
1495	807	14	37
1495	807	14	37
1495	807	14	37
1495	807	14	37
1495	807	14	37
1495	807	14	37
1495	807	14	37
1495	807	14	37
1495	807	14	37
1495	807	14	37
1495	807	14	37
1495	807	14	37
1495	807	14	37
1495	807	14	37
1495	807	14	37
1495	807	14	37
1495	807	14	37
1495	807	14	37
1495	807	14	37
1495	807	14	37
1495	807	14	37
1495	807	14	37
1495	807	14	37
1495	807	14	37
1495	807	14	37
1495	807	14	37
1495	807	14	37
1495	807	14	37
1495	807	14	37
1495	807	14	37
1495	807	14	37
1495	807	14	37
1495	807	14	37
1495	807	14	37
1495	807	14	37
1495	807	14	37
1495	807	14	37
1495	807	14	37
1495	807	14	37
1495	807	14	37
1495	807	14	37
1495	807	14	37
1495	807	14	37
1495	807	14	37
1495	807	14	37
1495	807	14	37
1495	807	14	37
1495	807	14	37
1495	807	14	37
1495	807	14	37
1495	807	14	37
1495	807	14	37
1495	807	14	37
1495	807	14	37
1495	807	14	37
1495	807	14	37
1495	807	14	37
1495	807	14	37
1495	807	14	37
1495	807	14	37
1495	807	14	37
1495	807	14	37
1495	807	14	37
1495	807	14	37
1495	807	14	37
1495	807	14	37
1495	807	14	37
1495	807	14	37
1495	807	14	37
1495	807	14	37
1495	807	14	37
1495	807	14	37
1495	807	14	37
1495	807	14	37
1495	807	14	37
1495	807	14	37
1495	807	14	37
1495	807	14	37
1495	807	14	37
1495	807	14	37
1495	807	14	37
1495	807	14	37
1495	807	14	37
1495	807	14	37
1495	807	14	37
1495	807	14	37
1495	807	14	37
1495	807	14	37
1495	807	14	37
1495	807	14	37
1495	807	14	37
1495	807	14	37
1495	807	14	37
1495	807	14	37
1495	807	14	37
1495	807	14	37
1495	807	14	37
1495	807	14	37
1495	807	14	37
1495	807	14	37
1495	807	14	37
1495	807	14	37
1495	807	14	37
1495	807	14	37
1495	807	14	37
1495	807	14	37
1495	807	14	37
1495	807	14	37
1495	807	14	37
1495	807	14	37
1495	807	14	37
1495	807	14	37
1495	807	14	37
1495	807	14	37
1495	807	14	37
1495	807	14	37
1495	807	14	37
1495	807	14	37
1495	807	14	37
1495	807	14	37
1495	807	14	37
1495	807	14	37
1495	807	14	37
1495	807	14	37
1495	807	14	37
1495	807	14	37
1495	807	14	37
1495	807	14	37
1495	807	14	37
1495	807	14	37
1495	807	14	37
1495	807	14	37
1495	807	14	37
1495	807	14	37
1495	807	14	37
1495	807	14	37
1495	807	14	37
1495	807	14	37
1495	807	14	37
1495	807	14	37
1495	807	14	37
1495	807	14	37
1495	807	14	37
1495	807	14	37
1495	807	14	37
1495	807	14	37
1495	807	14	37
1495	807	14	37
1495	807	14	37
1495	807	14	37
1495	807	14	37
1495	807	14	37
1495	807	14	37
1495	807	14	37
1495	807	14	37
1495	807	14	37
1495	807	14	37
1495	807	14	37
1495	807	14	37
1495	807	14	37
1495	807	14	37
1495	807	14	37
1495	807	14	37
1495	807	14	37
1495	807	14	37
1495	807	14	37
1495	807	14	37
1495	807	14	37
1495	807	14	37
1495	807	14	37
1495	807	14	37
1495	807	14	37
1495	807	14	37
1495	807	14	37
1495	807	14	37
1495	807	14	37
1495	807	14	37
1495	807	14	37
1495	807	14	37
1495	807	14	37
1495	807	14	37
1495	807	14	37
1495	807	14	37
1495	807	14	37
1495	807	14	37
1495	807	14	37
1495	807	14	37
1495	807	14	37
1495	807	14	37
1495	807	14	37
1495	807	14	37
1495	807	14	37
1495	807	14	37
1495	807	14	37
1444	822	17	35
1444	822	17	35
1444	822	17	35
1444	822	17	35
1444	822	17	35
1444	822	17	35
1444	822	17	35
1444	822	17	35
1444	822	17	35
1444	822	17	35
1444	822	17	35
1444	822	17	35
1444	822	17	35
1444	822	17	35
1444	822	17	35
1444	822	17	35
1444	822	17	35
1444	822	17	35
1444	822	17	35
1444	822	17	35
1444	822	17	35
1444	822	17	35
1444	822	17	35
1444	822	17	35
1444	822	17	35
1444	822	17	35
1444	822	17	35
1444	822	17	35
1444	822	17	35
1444	822	17	35
1444	822	17	35
1444	822	17	35
1444	822	17	35
1444	822	17	35
1444	822	17	35
1444	822	17	35
1444	822	17	35
1444	822	17	35
1444	822	17	35
1444	822	17	35
1444	822	17	35
1444	822	17	35
1444	822	17	35
1444	822	17	35
1444	822	17	35
1444	822	17	35
1444	822	17	35
1444	822	17	35
1444	822	17	35
1444	822	17	35
1444	822	17	35
1444	822	17	35
1444	822	17	35
1444	822	17	35
1444	822	17	35
1444	822	17	35
1444	822	17	35
1444	822	17	35
1444	822	17	35
1444	822	17	35
1444	822	17	35
1444	822	17	35
1444	822	17	35
1444	822	17	35
1444	822	17	35
1444	822	17	35
1444	822	17	35
1444	822	17	35
1444	822	17	35
1444	822	17	35
1444	822	17	35
1444	822	17	35
1444	822	17	35
1444	822	17	35
1444	822	17	35
1444	822	17	35
1444	822	17	35
1444	822	17	35
1444	822	17	35
1444	822	17	35
1444	822	17	35
1444	822	17	35
1444	822	17	35
1444	822	17	35
1444	822	17	35
1444	822	17	35
1444	822	17	35
1444	822	17	35
1444	822	17	35
1444	822	17	35
1444	822	17	35
1444	822	17	35
1444	822	17	35
1444	822	17	35
1444	822	17	35
1444	822	17	35
1444	822	17	35
1444	822	17	35
1444	822	17	35
1444	822	17	35
1444	822	17	35
1444	822	17	35
1444	822	17	35
1444	822	17	35
1444	822	17	35
1444	822	17	35
1444	822	17	35
1444	822	17	35
1444	822	17	35
1444	822	17	35
1444	822	17	35
1444	822	17	35
1444	822	17	35
1444	822	17	35
1444	822	17	35
1444	822	17	35
1444	822	17	35
1444	822	17	35
1444	822	17	35
1444	822	17	35
1444	822	17	35
1444	822	17	35
1444	822	17	35
1444	822	17	35
1444	822	17	35
1444	822	17	35
1444	822	17	35
1444	822	17	35
1444	822	17	35
1444	822	17	35
1400	847	17	33
1400	847	17	33
1400	847	17	33
1400	847	17	33
1400	847	17	33
1400	847	17	33
1400	847	17	33
1400	847	17	33
1400	847	17	33
1400	847	17	33
1400	847	17	33
1400	847	17	33
1400	847	17	33
1400	847	17	33
1400	847	17	33
1400	847	17	33
1434	875	19	30
1434	875	19	30
1434	875	19	30
1434	875	19	30
1434	875	19	30
1434	875	19	30
1434	875	19	30
1434	875	19	30
1434	875	19	30
1434	875	19	30
1434	875	19	30
1434	875	19	30
1434	875	19	30
1434	875	19	30
1434	875	19	30
1434	875	19	30
1434	875	19	30
1434	875	19	30
1434	875	19	30
1434	875	19	30
1475	922	23	29
1475	922	23	29
1475	922	23	29
1475	922	23	29
1475	922	23	29
1475	922	23	29
1483	936	24	33
1483	936	24	33
1483	936	24	33
1483	936	24	33
1483	936	24	33
1483	936	24	33
1483	936	24	33
1483	936	24	33
1483	936	24	33
1483	936	24	33
1483	936	24	33
1483	936	24	33
1483	936	24	33
1483	936	24	33
1483	936	24	33
1483	936	24	33
1483	936	24	33
1483	936	24	33
1483	936	24	33
1483	936	24	33
1483	936	24	33
1483	936	24	33
1483	936	24	33
1483	936	24	33
1483	936	24	33
1483	936	24	33
1483	936	24	33
1483	936	24	33
1483	936	24	33
1483	936	24	33
1483	936	24	33
1483	936	24	33
1483	936	24	33
1483	936	24	33
1483	936	24	33
1483	936	24	33
1483	936	24	33
1483	936	24	33
1483	936	24	33
1483	936	24	33
1483	936	24	33
1483	936	24	33
1483	936	24	33
1483	936	24	33
1483	936	24	33
1483	936	24	33
1483	936	24	33
1483	936	24	33
1483	936	24	33
1483	936	24	33
1483	936	24	33
1483	936	24	33
1483	936	24	33
1483	936	24	33
1483	936	24	33
1483	936	24	33
1483	936	24	33
1483	936	24	33
1483	936	24	33
1483	936	24	33
1483	936	24	33
1483	936	24	33
1483	936	24	33
1483	936	24	33
1483	936	24	33
