1875	436	44	58
1872	437	47	57
1872	437	48	55
1867	442	54	55
1861	447	58	58
1857	452	64	60
1848	446	71	62
1841	459	75	52
1844	445	75	66
1837	450	80	64
1834	462	79	51
1830	468	78	46
1822	471	83	48
1817	472	77	47
1814	462	76	56
1806	470	79	57
1806	470	79	57
1779	460	87	54
1846	462	80	55
1772	537	86	54
1773	538	89	51
1760	539	82	49
1757	478	78	45
1749	480	78	42
1740	479	79	45
1730	479	76	51
1731	477	72	53
1723	478	73	53
1697	547	75	46
1679	547	74	47
1667	546	66	49
1681	482	70	48
1646	550	69	49
1627	553	69	44
1612	555	68	45
1596	556	65	45
1645	484	69	48
1562	557	67	50
1563	556	67	52
1546	558	61	47
1534	558	59	48
1518	557	60	49
1501	559	65	46
1487	560	66	47
1597	485	62	48
1591	486	67	45
1585	487	68	44
1581	489	65	44
1570	489	68	48
1565	489	63	49
1566	490	61	45
1559	490	61	41
1550	488	65	43
1546	487	57	38
1533	487	63	38
1521	486	63	46
1520	488	62	46
1507	488	67	47
1497	490	66	50
1488	490	61	48
1474	490	60	48
1461	488	56	44
1460	489	60	42
1445	486	61	43
1431	487	60	42
1417	489	59	40
1404	491	60	35
1388	492	61	39
1388	492	61	37
1373	493	61	36
1355	493	59	39
1337	493	58	40
1320	491	56	42
1299	491	57	48
1298	491	53	62
1280	493	52	59
1255	492	57	58
1235	493	60	60
1225	493	47	63
1208	493	45	60
1207	489	52	60
1189	494	55	48
1173	495	50	40
1152	495	53	39
1134	495	55	39
1118	497	48	40
1118	497	49	40
1101	499	48	37
1086	498	46	37
1066	499	49	40
1066	499	49	40
1038	500	44	42
1042	499	39	39
1028	498	36	39
1011	500	36	38
1005	499	27	37
991	499	26	31
977	499	26	23
978	499	24	20
963	501	25	19
950	500	23	19
935	503	21	17
919	504	21	17
907	503	17	17
908	504	16	16
895	504	15	15
879	504	18	16
865	503	18	17
852	504	17	16
839	504	18	16
839	504	17	16
827	507	17	16
814	508	16	15
800	508	18	16
786	510	17	15
773	509	16	16
773	509	17	17
760	508	17	16
748	507	17	16
735	505	17	16
722	506	17	15
709	504	16	16
709	504	16	16
695	504	18	16
682	505	16	15
669	504	16	15
656	503	16	15
643	502	17	15
644	502	16	15
631	501	17	16
621	500	14	16
608	498	16	15
598	498	15	14
586	496	16	15
586	496	16	15
575	494	16	15
565	493	16	15
554	492	18	14
545	491	16	14
536	489	15	15
536	487	16	17
527	486	15	15
517	485	14	15
507	481	15	14
500	479	13	13
492	477	14	14
492	477	14	13
484	474	14	14
475	471	14	13
468	469	13	13
460	466	12	14
452	463	14	12
452	463	14	13
444	460	13	14
436	458	13	13
427	456	13	13
418	452	13	14
410	451	12	13
410	450	13	14
400	448	14	14
391	447	15	13
383	446	15	13
375	444	15	13
367	443	15	14
368	442	15	13
360	441	16	15
351	440	17	14
344	439	16	15
337	437	15	15
331	436	13	15
331	436	13	14
324	436	12	13
324	436	12	13
324	436	12	13
324	436	12	13
336	428	13	13
336	426	15	15
336	426	15	15
336	426	15	15
336	426	15	15
336	426	15	15
336	426	15	15
336	426	15	15
336	426	15	15
336	426	15	15
310	441	17	15
306	441	18	15
303	441	17	15
304	440	17	15
301	441	17	15
297	441	18	15
294	441	18	16
290	441	18	17
250	434	18	15
243	435	15	14
241	436	14	13
241	438	14	12
240	437	13	12
239	438	14	11
239	440	13	12
239	440	13	12
239	440	12	11
237	439	13	12
237	439	11	12
236	439	11	13
235	441	12	13
235	441	12	13
234	441	13	13
234	442	12	13
234	442	12	12
233	442	13	13
232	443	12	12
232	445	12	11
230	444	12	11
230	446	12	11
228	447	12	12
228	447	12	12
227	448	11	13
227	448	11	13
225	448	12	12
