452	47	328	627
432	63	351	615
434	88	341	586
433	75	356	584
425	64	368	602
416	68	379	598
402	49	408	607
392	65	409	594
389	83	419	580
384	84	423	563
374	91	440	557
372	107	446	545
358	146	455	509
363	124	457	521
342	151	480	506
342	170	482	482
332	164	499	491
329	220	492	441
320	207	512	449
305	204	537	463
311	166	516	498
299	201	528	461
291	219	553	446
286	230	575	439
291	238	558	437
280	255	569	426
278	241	557	438
280	240	578	439
262	230	584	456
246	266	610	427
261	298	581	392
246	322	631	364
241	321	619	380
220	308	625	397
234	338	619	369
216	330	625	376
222	325	641	373
197	345	645	350
211	346	647	354
186	328	646	374
178	350	687	344
202	351	628	330
189	340	666	344
190	346	662	339
186	351	675	325
170	357	689	308
164	365	693	293
168	368	660	293
175	372	681	278
165	360	686	299
176	354	670	308
178	357	683	289
189	364	673	284
187	363	686	290
183	360	672	292
204	374	639	281
189	372	663	292
207	375	655	284
215	376	653	278
233	377	632	291
240	380	625	286
260	388	618	279
262	396	600	286
275	393	596	308
273	391	598	314
292	400	588	303
317	403	555	302
320	409	549	308
346	400	518	313
339	397	520	313
359	395	518	338
342	390	524	347
380	393	501	351
350	387	531	366
366	375	489	382
368	383	525	378
357	378	541	385
348	377	530	393
381	379	510	390
399	362	520	417
373	365	530	411
356	367	546	410
365	361	537	423
376	347	551	453
395	348	497	443
384	349	536	449
393	345	511	465
403	331	524	468
400	321	510	486
402	315	538	489
398	300	537	529
417	284	521	532
408	284	513	538
421	274	518	515
425	273	518	516
435	258	521	502
414	255	526	533
444	231	520	532
468	231	499	581
434	214	538	545
442	223	524	562
460	218	518	546
433	200	530	556
480	187	504	562
460	192	517	555
472	174	506	572
452	164	530	618
453	142	556	601
456	163	552	573
462	128	546	625
450	132	538	617
476	117	533	640
474	111	549	617
420	102	573	637
453	86	578	648
449	68	584	681
467	64	583	670
469	59	558	689
467	40	570	709
479	31	573	710
467	8	573	754
495	-6	576	732
480	10	568	721
487	-10	583	741
489	-15	566	754
495	-15	585	774
482	-7	569	754
469	-24	616	790
455	-21	627	780
488	-14	596	756
513	-25	582	778
532	-13	540	773
527	-18	538	773
531	-19	566	784
535	-5	544	755
510	-10	560	751
515	-10	566	774
498	-17	585	767
514	-10	564	752
501	-3	567	752
503	4	569	738
487	-18	592	774
478	-16	608	780
487	-36	601	807
500	-24	579	784
502	-19	556	777
490	-25	575	797
475	-26	592	790
472	-23	596	789
470	-18	601	801
484	-13	599	776
494	-14	596	792
479	-17	583	799
474	-21	611	832
452	-22	618	838
454	-24	591	816
464	-21	606	812
438	-27	637	857
430	-38	632	880
395	-25	686	859
371	-31	682	854
408	-30	671	864
348	-20	742	818
364	-26	739	796
366	-36	738	852
326	-30	780	819
364	-30	761	830
336	-46	788	855
305	-36	837	832
330	-12	812	803
368	-26	759	815
386	-23	738	831
367	-10	760	850
393	-25	732	842
369	-12	784	845
350	-10	772	829
335	-2	778	850
337	-9	779	847
366	-10	717	882
368	6	716	879
367	-7	718	899
380	0	703	871
383	-15	726	907
383	0	701	892
398	-10	696	920
402	-17	737	932
401	-3	683	909
418	-6	676	925
411	-27	675	943
435	-10	639	946
446	-14	630	933
416	-8	661	926
413	-29	661	944
455	2	630	933
438	-5	659	944
421	-12	673	947
540	4	544	965
496	-7	574	991
468	-8	607	975
428	3	651	1001
474	-8	597	985
516	1	555	1007
596	0	474	1009
662	26	403	970
658	9	415	997
661	45	394	956
667	24	408	957
683	24	415	952
695	34	416	923
690	26	442	928
688	26	454	917
708	10	451	942
712	1	458	949
726	37	463	897
715	17	497	923
713	26	503	896
731	45	509	884
713	-20	522	939
733	-21	528	947
721	0	537	920
724	20	554	869
737	28	561	878
749	123	554	763
782	158	536	749
760	72	555	827
767	78	554	812
744	44	568	836
