404	200	278	191
404	200	278	191
404	201	278	191
402	200	278	191
409	201	278	191
411	203	278	191
416	203	278	191
415	201	278	191
422	207	278	191
427	201	278	191
431	207	278	191
429	201	278	191
434	205	284	195
430	199	284	195
434	203	284	195
434	201	284	195
432	201	284	195
434	199	284	195
430	196	284	195
430	197	284	195
430	188	284	195
428	197	284	195
432	190	284	195
432	186	284	195
432	190	284	195
433	178	290	199
435	182	296	203
436	175	303	208
433	179	310	213
431	179	310	213
431	183	310	213
429	181	310	213
427	188	310	213
425	186	310	213
423	194	310	213
421	198	310	213
416	202	310	213
414	196	310	213
410	206	303	208
405	204	297	204
401	208	290	199
402	211	284	195
409	216	278	191
408	217	272	187
412	218	272	187
406	204	272	187
408	211	272	187
416	220	266	183
411	215	266	183
417	225	261	179
414	222	261	179
417	225	261	179
416	222	261	179
419	225	261	179
417	217	261	179
421	218	261	179
421	220	261	179
416	210	261	179
421	211	261	179
416	204	261	179
422	204	261	179
429	206	261	179
429	204	261	179
436	204	261	179
429	206	261	179
436	213	261	179
440	201	261	179
426	211	261	179
434	200	266	183
439	215	266	183
432	222	266	183
430	211	266	183
432	225	266	183
427	215	266	183
428	225	266	183
425	215	266	183
423	225	266	183
421	216	266	183
420	227	266	183
416	216	266	183
418	227	266	183
413	216	266	183
409	225	266	183
404	215	266	183
402	223	266	183
397	213	266	183
400	223	266	183
395	211	266	183
391	222	266	183
388	211	266	183
384	220	266	183
382	212	261	179
386	222	261	179
379	212	261	179
379	219	261	179
375	214	255	175
376	221	250	171
376	217	250	171
376	219	250	171
373	216	250	171
375	224	244	168
378	221	239	164
376	224	239	164
377	223	234	161
377	226	234	161
376	223	234	161
377	226	234	161
374	220	234	161
375	226	229	157
378	223	224	154
379	226	219	150
380	228	215	147
382	228	210	144
381	230	205	141
381	230	201	138
382	226	201	138
383	230	197	135
384	227	197	135
386	225	197	135
388	226	197	135
390	225	197	135
392	229	197	135
390	226	197	135
388	227	197	135
391	223	197	135
391	223	197	135
390	219	197	135
394	217	197	135
392	215	197	135
392	210	197	135
391	205	197	135
394	201	197	135
398	197	197	135
403	196	197	135
403	197	197	135
406	194	201	138
409	193	206	141
414	196	210	144
404	190	210	144
406	194	210	144
404	190	210	144
404	186	210	144
406	191	210	144
403	183	210	144
404	189	210	144
400	182	210	144
402	186	210	144
399	180	210	144
397	182	210	144
393	179	210	144
392	180	210	144
391	182	206	141
394	180	206	141
392	184	201	138
389	186	197	135
392	185	197	135
395	191	193	132
391	183	193	132
393	191	193	132
395	189	193	132
398	192	193	132
402	198	193	132
402	200	193	132
404	203	193	132
404	200	193	132
400	196	193	132
408	203	193	132
403	195	193	132
411	201	193	132
403	196	193	132
409	199	193	132
403	194	193	132
411	195	193	132
413	192	193	132
421	195	193	132
427	199	193	132
429	195	193	132
428	188	197	135
421	181	201	138
420	177	201	138
417	176	201	138
419	175	201	138
417	175	201	138
419	176	201	138
420	181	201	138
424	187	201	138
421	176	201	138
424	184	201	138
421	176	201	138
423	183	201	138
420	176	201	138
421	181	201	138
420	183	201	138
417	177	201	138
421	181	201	138
419	183	201	138
419	184	201	138
417	180	201	138
420	183	201	138
419	183	201	138
420	184	201	138
421	184	201	138
421	183	201	138
424	185	201	138
424	187	201	138
425	189	201	138
424	188	201	138
424	192	201	138
424	191	201	138
425	192	201	138
425	189	201	138
427	192	201	138
424	189	201	138
428	192	201	138
427	189	201	138
427	187	201	138
428	191	201	138
427	187	201	138
429	189	201	138
425	185	201	138
429	189	201	138
427	187	201	138
428	191	201	138
427	188	201	138
427	191	201	138
425	188	201	138
429	196	201	138
427	192	201	138
428	199	201	138
425	195	201	138
429	201	201	138
425	195	201	138
428	203	201	138
424	195	201	138
424	200	201	138
425	193	201	138
424	191	201	138
423	192	201	138
425	184	201	138
427	188	201	138
423	179	201	138
429	187	201	138
425	191	201	138
424	183	201	138
431	193	201	138
427	201	201	138
434	207	201	138
431	204	201	138
435	213	201	138
431	208	201	138
438	217	201	138
434	211	201	138
440	220	201	138
435	212	201	138
440	223	201	138
435	216	201	138
438	223	201	138
434	213	201	138
438	220	201	138
435	215	201	138
444	221	201	138
442	215	201	138
451	221	201	138
455	228	201	138
454	220	206	141
454	230	206	141
449	222	206	141
453	232	206	141
447	222	206	141
442	215	206	141
440	224	206	141
438	220	206	141
435	222	206	141
439	218	206	141
434	221	206	141
442	218	206	141
436	221	206	141
439	222	206	141
436	221	206	141
442	226	206	141
438	220	206	141
436	228	206	141
432	225	206	141
430	223	201	138
436	227	201	138
436	231	201	138
441	231	201	138
444	233	201	138
444	237	201	138
444	243	201	138
441	239	201	138
446	241	201	138
442	237	201	138
444	233	201	138
444	231	201	138
446	232	201	138
450	231	201	138
449	231	201	138
449	231	201	138
449	232	201	138
446	229	201	138
442	232	201	138
448	235	201	138
444	228	201	138
445	235	201	138
444	232	201	138
444	236	201	138
441	237	201	138
440	229	201	138
442	235	201	138
440	236	201	138
438	231	201	138
440	235	201	138
436	229	201	138
437	236	201	138
436	229	201	138
434	236	201	138
437	231	201	138
436	235	201	138
433	227	201	138
437	233	201	138
436	224	201	138
436	232	201	138
436	223	201	138
437	229	201	138
437	220	201	138
438	224	201	138
439	225	197	135
442	227	197	135
441	221	197	135
445	225	197	135
446	227	197	135
445	223	197	135
446	225	197	135
446	227	197	135
446	224	197	135
445	225	197	135
448	227	197	135
448	221	197	135
450	225	197	135
450	224	197	135
451	225	197	135
452	224	197	135
454	224	197	135
451	223	197	135
454	224	197	135
450	221	197	135
455	227	197	135
454	220	197	135
456	227	197	135
454	220	197	135
456	225	197	135
454	221	197	135
455	225	197	135
450	220	197	135
451	223	197	135
446	216	197	135
450	220	197	135
445	216	197	135
446	216	197	135
442	214	197	135
442	216	197	135
438	212	197	135
441	215	197	135
438	212	197	135
437	214	197	135
435	211	197	135
438	208	197	135
436	219	193	132
440	215	193	132
439	215	193	132
444	217	193	132
441	215	193	132
448	217	193	132
448	220	193	132
447	217	193	132
453	221	193	132
452	217	193	132
459	221	193	132
458	217	193	132
464	224	193	132
461	220	193	132
468	225	193	132
468	219	193	132
473	220	193	132
475	215	193	132
482	221	193	132
481	215	193	132
484	221	193	132
481	215	193	132
480	217	193	132
477	212	193	132
475	214	193	132
473	210	193	132
471	212	193	132
467	208	193	132
462	205	193	132
457	206	193	132
453	202	193	132
457	205	193	132
449	201	193	132
444	208	189	130
450	203	189	130
446	210	185	127
450	207	185	127
449	212	181	124
452	209	177	121
451	209	177	121
447	205	177	121
445	203	177	121
444	202	177	121
445	202	177	121
441	200	177	121
442	204	177	121
437	202	177	121
438	205	177	121
440	210	177	121
437	208	177	121
438	210	177	121
438	209	177	121
442	215	177	121
442	211	177	121
442	205	177	121
443	206	177	121
441	200	177	121
444	206	177	121
442	198	177	121
441	196	177	121
440	199	177	121
440	196	177	121
438	195	177	121
437	198	177	121
435	195	177	121
432	196	177	121
434	193	177	121
434	192	177	121
434	191	177	121
434	192	177	121
432	191	177	121
430	193	177	121
428	196	177	121
427	195	177	121
427	198	177	121
429	198	177	121
429	200	177	121
430	203	177	121
429	200	177	121
428	196	177	121
430	196	177	121
427	190	177	121
428	195	177	121
421	186	177	121
429	186	177	121
421	185	177	121
428	188	177	121
423	190	173	119
430	192	173	119
425	194	169	116
423	192	169	116
423	191	169	116
424	192	169	116
418	194	169	116
423	194	169	116
417	196	169	116
420	195	169	116
419	196	169	116
420	196	169	116
422	198	169	116
423	200	169	116
424	200	169	116
425	201	169	116
426	203	169	116
427	203	169	116
428	203	169	116
429	204	169	116
431	205	169	116
429	205	169	116
431	207	169	116
429	208	169	116
431	209	169	116
433	210	169	116
435	212	169	116
435	213	169	116
435	214	169	116
434	214	169	116
438	218	169	116
425	204	173	119
431	208	177	122
420	199	177	122
410	194	177	122
400	189	173	119
451	35	173	119
451	44	170	116
454	42	170	116
455	49	166	114
453	46	166	114
455	45	166	114
454	46	166	114
454	44	166	114
454	43	166	114
454	46	166	114
454	45	166	114
454	43	166	114
453	42	166	114
457	49	166	114
455	51	162	111
455	49	159	109
456	47	159	109
455	49	159	109
456	47	159	109
455	48	159	109
452	49	159	109
452	46	159	109
451	42	159	109
450	37	159	109
454	47	162	111
457	44	166	114
457	40	166	114
454	36	166	114
452	41	166	114
456	37	166	114
452	26	166	114
454	35	166	114
453	41	166	114
453	36	166	114
453	33	166	114
454	43	166	114
453	37	166	114
454	29	166	114
453	15	166	114
456	39	166	114
453	9	166	114
454	13	166	114
453	1	166	114
453	7	163	112
454	10	163	112
455	15	159	109
456	5	159	109
455	7	159	109
455	8	159	109
455	14	159	109
455	6	159	109
453	8	159	109
452	9	159	109
455	8	163	112
456	10	166	114
455	5	166	114
450	8	166	114
451	16	163	112
453	10	163	112
455	20	159	109
455	30	159	109
455	25	159	109
453	35	159	109
451	28	159	109
460	14	163	112
457	17	163	112
455	7	166	114
453	14	166	114
456	22	170	117
455	13	174	119
454	15	178	122
451	7	178	122
453	15	178	122
452	7	182	125
453	15	182	125
454	22	178	122
456	11	182	125
454	17	182	125
452	9	182	125
451	18	182	125
453	11	182	125
455	22	178	122
456	14	178	122
456	25	174	119
458	18	174	119
457	29	170	117
457	25	174	119
460	15	174	119
456	28	170	117
457	24	174	119
459	18	174	119
455	30	170	117
455	24	174	119
458	29	174	119
460	29	170	117
461	27	170	117
460	24	170	117
460	31	170	117
461	27	170	117
461	25	170	117
458	33	167	114
456	31	170	117
456	25	174	120
458	29	174	120
460	33	171	117
460	30	171	117
461	28	171	117
455	36	171	117
514	44	171	117
521	46	171	117
530	53	167	114
539	52	167	114
544	53	171	117
531	50	174	120
519	41	178	122
523	36	178	122
527	44	178	122
532	44	178	122
534	44	178	122
530	43	178	122
534	44	178	122
539	47	178	122
700	-25	182	125
695	-27	182	125
694	-25	182	125
697	-27	182	125
699	-27	178	122
697	-25	178	122
700	-25	178	122
702	-25	178	122
699	-25	178	122
701	-24	178	122
699	-25	174	120
704	-22	174	120
705	-22	171	117
706	-21	171	117
704	-23	171	117
705	-22	171	117
706	-20	171	117
709	-21	167	115
704	-22	167	115
708	-22	167	115
705	-21	167	115
708	-21	167	115
704	-20	167	115
709	-20	167	115
707	-21	167	115
708	-20	167	115
708	-19	167	115
705	-20	167	115
709	-20	167	115
707	-20	167	115
710	-19	167	115
708	-17	164	112
711	-17	164	112
708	-17	164	112
711	-17	164	112
708	-16	164	112
708	-18	164	112
710	-18	164	112
706	-18	164	112
707	-18	164	112
710	-17	164	112
704	-17	164	112
702	-18	164	112
698	-18	164	112
700	-18	164	112
694	-18	164	112
701	-17	164	112
699	-17	164	112
700	-18	164	112
699	-17	164	112
700	-17	164	112
700	-17	164	112
699	-18	164	112
699	-19	164	112
702	-18	164	112
698	-18	164	112
699	-17	164	112
699	-17	164	112
699	-17	164	112
698	-17	164	112
699	-16	164	112
699	-17	164	112
698	-16	164	112
699	-16	164	112
699	-16	164	112
695	-17	164	112
697	-16	164	112
694	-16	164	112
695	-15	164	112
694	-17	164	112
691	-16	164	112
694	-15	164	112
691	-16	164	112
692	-15	164	112
685	-18	164	112
686	-17	164	112
685	-17	164	112
681	-17	164	112
682	-16	164	112
682	-16	164	112
681	-15	164	112
680	-15	164	112
681	-15	164	112
681	-14	167	115
680	-14	167	115
681	-13	167	115
679	-15	171	117
679	-14	175	120
680	-15	179	122
679	-16	179	122
679	-16	182	125
681	-16	182	125
685	-15	182	125
678	-15	182	125
683	-13	182	125
