565	76	309	290
557	80	309	290
558	83	302	283
556	81	302	283
558	81	302	283
554	81	302	283
556	83	302	283
558	83	302	283
554	86	302	283
554	83	302	283
552	81	302	283
556	79	302	283
549	76	302	283
555	84	295	277
552	82	295	277
548	79	295	277
550	82	295	277
550	79	295	277
548	77	295	277
546	82	295	277
548	73	295	277
548	75	295	277
546	73	295	277
541	79	295	277
541	73	295	277
546	73	295	277
546	70	295	277
546	70	295	277
546	70	295	277
548	61	295	277
546	54	295	277
548	57	295	277
548	54	295	277
546	61	295	277
550	64	295	277
549	66	289	271
556	66	289	271
549	64	289	271
551	64	289	271
552	69	283	266
556	74	283	266
548	65	283	266
555	74	277	260
551	76	277	260
558	81	271	254
554	73	271	254
558	77	271	254
558	81	271	254
558	79	271	254
562	81	271	254
560	77	271	254
560	77	271	254
560	77	271	254
562	79	271	254
556	69	271	254
564	77	271	254
564	69	271	254
562	79	271	254
570	64	271	254
570	71	271	254
569	68	277	260
563	74	277	260
569	59	277	260
576	70	277	260
567	57	277	260
578	68	277	260
575	64	271	254
586	75	265	249
582	65	265	249
592	74	260	244
584	80	260	244
593	71	254	238
589	75	254	238
582	70	260	244
589	57	265	249
584	63	260	244
592	59	260	244
584	63	260	244
592	56	260	244
586	59	260	244
594	63	260	244
588	65	260	244
584	65	260	244
590	54	260	244
596	57	260	244
588	61	260	244
592	54	260	244
596	56	260	244
598	56	260	244
600	53	266	249
593	53	266	249
600	55	266	249
593	49	266	249
593	53	266	249
600	53	266	249
589	49	266	249
600	49	266	249
591	51	266	249
600	53	266	249
600	45	266	249
598	51	266	249
598	53	266	249
598	55	266	249
600	55	266	249
600	61	266	249
600	61	266	249
593	65	266	249
593	73	266	249
587	71	266	249
589	75	266	249
579	83	266	249
579	89	266	249
579	95	266	249
575	102	266	249
579	93	266	249
581	102	266	249
583	91	266	249
577	102	266	249
581	87	266	249
583	97	266	249
585	104	266	249
589	91	266	249
591	100	266	249
591	102	266	249
596	85	266	249
593	95	266	249
598	106	266	249
602	87	266	249
602	95	266	249
604	83	266	249
608	87	266	249
610	89	266	249
612	83	266	249
602	85	266	249
608	87	266	249
616	83	266	249
604	85	266	249
610	81	266	249
616	81	266	249
604	83	266	249
614	75	266	249
602	79	266	249
616	79	266	249
604	79	266	249
610	79	266	249
600	81	266	249
598	83	266	249
591	85	266	249
583	87	266	249
585	89	266	249
575	95	266	249
577	97	266	249
565	106	266	249
567	106	266	249
561	110	266	249
563	100	266	249
551	110	266	249
553	97	266	249
543	106	266	249
551	95	266	249
539	102	266	249
545	91	266	249
537	100	266	249
543	87	266	249
533	95	266	249
541	97	266	249
543	85	266	249
547	91	266	249
533	83	266	249
541	89	266	249
543	93	266	249
531	87	266	249
541	93	266	249
526	83	266	249
537	87	266	249
526	79	266	249
533	81	266	249
539	83	266	249
539	83	266	249
541	83	266	249
543	85	266	249
547	75	266	249
539	81	266	249
541	79	266	249
533	79	266	249
545	79	266	249
537	77	266	249
545	75	266	249
537	75	266	249
549	73	266	249
541	75	266	249
547	71	266	249
549	71	266	249
553	71	266	249
555	71	266	249
561	71	266	249
571	71	266	249
581	73	266	249
587	73	266	249
585	73	266	249
596	75	266	249
591	71	266	249
600	73	266	249
593	69	266	249
587	69	266	249
583	65	266	249
589	67	266	249
587	65	266	249
600	67	266	249
599	74	260	244
589	68	260	244
599	76	260	244
606	78	260	244
599	72	260	244
610	78	260	244
602	70	260	244
610	68	260	244
608	68	260	244
604	60	260	244
614	68	260	244
608	62	260	244
620	72	260	244
610	64	260	244
614	68	260	244
606	60	260	244
610	68	260	244
604	60	260	244
612	68	260	244
606	60	260	244
612	68	260	244
608	58	260	244
614	66	260	244
618	68	260	244
610	60	260	244
616	68	260	244
622	72	260	244
610	62	260	244
618	72	260	244
608	62	260	244
622	74	260	244
612	68	260	244
600	58	260	244
612	70	260	244
600	60	260	244
599	70	260	244
604	78	260	244
593	64	260	244
602	78	260	244
595	80	260	244
593	84	260	244
587	72	260	244
593	82	260	244
587	74	260	244
591	82	260	244
589	84	260	244
583	72	260	244
585	78	260	244
583	84	260	244
585	88	260	244
583	93	260	244
575	78	260	244
579	82	260	244
581	88	260	244
573	76	260	244
569	80	260	244
569	84	260	244
567	88	260	244
573	91	260	244
579	97	260	244
569	99	260	244
574	97	266	249
566	99	266	249
574	98	272	255
567	100	272	255
576	102	272	255
566	102	278	260
564	104	278	260
548	103	284	266
538	102	290	272
549	102	290	272
556	102	290	272
542	102	290	272
546	99	296	278
535	99	296	278
546	102	296	278
539	102	296	278
544	104	296	278
553	106	296	278
555	104	296	278
541	104	296	278
557	102	296	278
564	95	296	278
578	88	296	278
580	86	296	278
582	86	296	278
580	86	296	278
580	83	296	278
582	83	296	278
580	83	296	278
584	86	296	278
580	86	296	278
582	83	296	278
584	79	296	278
591	79	296	278
598	81	296	278
604	80	303	284
602	85	303	284
597	87	303	284
595	87	303	284
593	87	303	284
590	90	303	284
586	90	303	284
581	90	303	284
576	90	303	284
579	90	303	284
576	90	303	284
576	90	303	284
572	92	303	284
574	94	303	284
580	96	310	291
571	98	310	291
573	101	310	291
564	103	310	291
566	105	310	291
557	110	310	291
561	117	310	291
552	120	310	291
552	124	310	291
557	124	310	291
557	124	310	291
557	127	310	291
557	129	310	291
557	120	310	291
564	124	310	291
552	110	310	291
559	117	310	291
550	124	310	291
564	105	310	291
564	113	310	291
568	117	317	297
568	131	317	297
573	155	317	297
576	163	310	291
574	170	310	291
569	177	310	291
566	180	310	291
564	192	310	291
555	199	310	291
550	237	310	291
542	243	317	297
537	326	317	297
531	345	324	304
531	360	324	304
523	414	324	304
502	434	331	311
517	424	331	311
527	439	331	311
517	421	331	311
524	439	331	311
519	419	331	311
509	436	331	311
535	424	331	311
530	409	331	311
542	381	331	311
535	404	331	311
522	426	331	311
530	414	331	311
524	431	331	311
514	416	331	311
504	431	331	311
514	416	331	311
527	431	331	311
512	416	331	311
502	439	331	311
507	421	331	311
497	441	331	311
514	381	331	311
504	383	331	311
494	406	331	311
509	388	331	311
514	368	331	311
504	361	331	311
514	347	338	317
516	352	338	317
524	354	338	317
527	360	338	317
521	367	338	317
514	370	338	317
511	362	338	317
516	365	338	317
516	370	338	317
516	375	338	317
501	378	338	317
500	358	346	324
501	360	353	332
500	351	361	339
499	344	369	346
559	343	377	354
597	349	377	354
591	352	377	354
585	349	377	354
582	352	377	354
577	352	377	354
571	352	377	354
565	349	377	354
559	355	377	354
556	346	377	354
556	355	377	354
554	349	377	354
551	355	377	354
551	352	377	354
551	355	377	354
542	349	377	354
536	346	377	354
533	352	377	354
533	352	377	354
528	352	377	354
522	349	377	354
516	352	377	354
510	352	377	354
505	352	377	354
499	349	377	354
493	349	377	354
490	346	377	354
487	343	377	354
487	349	377	354
482	346	377	354
476	352	377	354
470	346	377	354
467	355	377	354
461	349	377	354
464	349	377	354
464	349	377	354
461	352	377	354
458	349	377	354
456	346	377	354
453	352	377	354
458	343	377	354
458	346	377	354
458	343	377	354
456	334	377	354
461	349	377	354
453	337	377	354
453	334	377	354
456	343	377	354
458	346	377	354
458	346	377	354
464	340	377	354
464	337	377	354
467	346	377	354
464	349	377	354
467	337	377	354
470	340	377	354
467	352	377	354
470	337	377	354
470	346	377	354
470	337	377	354
476	337	377	354
482	343	377	354
484	329	377	354
488	338	369	347
497	321	369	347
505	335	369	347
505	318	369	347
508	332	369	347
517	310	369	347
522	324	369	347
524	314	361	339
529	328	361	339
537	342	361	339
526	331	361	339
535	342	361	339
524	331	361	339
526	339	361	339
524	333	361	339
518	333	361	339
512	342	361	339
504	344	361	339
499	350	361	339
493	347	361	339
488	336	361	339
485	347	361	339
486	364	354	332
481	348	354	332
475	348	354	332
470	356	354	332
462	342	354	332
456	359	354	332
451	351	354	332
446	359	354	332
443	351	354	332
437	351	354	332
437	356	354	332
435	353	354	332
435	361	354	332
422	346	362	339
433	355	362	339
422	358	362	339
417	349	362	339
403	358	362	339
417	366	362	339
393	348	370	347
396	353	370	347
381	345	370	347
393	353	370	347
373	345	370	347
384	348	370	347
379	351	370	347
376	353	370	347
367	356	370	347
362	359	370	347
365	359	370	347
350	353	370	347
348	353	370	347
350	362	370	347
345	359	370	347
342	368	370	347
342	362	370	347
336	362	370	347
336	362	370	347
333	365	370	347
325	368	370	347
322	362	370	347
319	362	370	347
317	356	370	347
314	356	370	347
314	362	370	347
305	359	370	347
312	368	362	339
317	368	362	339
317	371	362	339
320	368	362	339
320	374	362	339
326	371	362	339
323	376	362	339
315	368	362	339
315	382	362	339
309	371	362	339
304	368	362	339
301	379	362	339
315	378	354	332
307	375	354	332
307	380	354	332
307	378	354	332
302	378	354	332
302	375	354	332
299	388	354	332
300	384	346	325
314	400	346	325
290	389	346	325
295	405	346	325
266	392	346	325
255	411	346	325
229	400	346	325
218	416	346	325
200	403	346	325
194	418	346	325
179	408	346	325
134	400	346	325
118	397	346	325
110	405	346	325
14	389	346	325
-16	408	346	325
-30	392	346	325
-16	411	346	325
-16	389	346	325
-38	408	346	325
-27	392	346	325
-24	416	346	325
-16	397	346	325
-38	416	346	325
-24	395	346	325
-16	376	346	325
-14	384	346	325
-11	376	346	325
-14	387	346	325
-11	376	346	325
-19	387	346	325
-16	397	346	325
-11	373	346	325
-22	384	346	325
-19	400	346	325
-14	379	346	325
-11	395	346	325
-11	418	346	325
-14	400	346	325
-11	421	346	325
-11	405	346	325
-22	387	346	325
-16	405	346	325
-16	384	346	325
-16	403	346	325
-19	424	346	325
-16	405	346	325
-19	381	346	325
-16	397	346	325
-22	416	346	325
-19	389	346	325
-19	408	346	325
-14	426	346	325
-14	397	346	325
-22	413	346	325
-19	395	346	325
-19	405	346	325
-14	381	346	325
-14	392	346	325
-14	405	346	325
-11	381	346	325
-11	387	346	325
-22	376	346	325
-16	384	346	325
-14	400	346	325
-6	376	346	325
-24	397	346	325
-16	387	346	325
-3	397	346	325
1	392	346	325
12	400	346	325
22	395	346	325
0	389	346	325
-19	411	346	325
-14	397	346	325
-11	418	346	325
-14	397	346	325
-19	413	346	325
-14	389	346	325
-11	397	346	325
-35	387	346	325
-27	400	346	325
-19	384	346	325
-11	389	346	325
-32	403	346	325
-22	387	346	325
-40	395	346	325
-24	381	346	325
-19	389	346	325
-6	376	346	325
-30	389	346	325
-14	381	346	325
-27	392	346	325
-16	400	346	325
-6	387	346	325
14	395	346	325
-6	389	346	325
14	395	346	325
-3	392	346	325
12	397	346	325
4	392	346	325
1	395	346	325
1	392	346	325
-3	392	346	325
-3	389	346	325
-8	400	346	325
-8	387	346	325
-8	405	346	325
-8	392	346	325
-8	411	346	325
-8	395	346	325
-8	411	346	325
-8	392	346	325
-16	411	346	325
-16	395	346	325
-14	416	346	325
-11	397	346	325
-11	416	346	325
-14	397	346	325
-11	416	346	325
-11	395	346	325
-22	405	346	325
-16	392	346	325
-14	408	346	325
-11	397	346	325
-24	411	346	325
-22	395	346	325
-19	408	346	325
-16	395	346	325
-14	403	346	325
-32	413	346	325
-24	400	346	325
-16	389	346	325
-35	405	346	325
-22	392	346	325
-16	411	346	325
-14	395	346	325
-38	416	339	318
-28	424	339	318
-25	411	339	318
-23	424	339	318
-15	408	339	318
-15	395	339	318
-10	411	339	318
-12	400	339	318
-10	413	339	318
-10	400	339	318
-3	419	332	311
-11	406	332	311
-6	391	332	311
-14	409	332	311
-17	429	325	305
-12	417	325	305
-26	437	318	298
-16	425	318	298
-16	437	318	298
-6	426	311	292
-25	450	304	286
-20	445	304	286
-14	440	304	286
-23	457	304	286
-11	445	304	286
-30	464	298	279
-8	450	298	279
3	434	298	279
7	452	298	279
1	466	298	279
-5	452	298	279
-5	436	298	279
-14	452	298	279
-12	434	298	279
-24	448	291	273
-4	464	291	273
-11	446	291	273
-7	459	291	273
-9	475	291	273
-13	457	291	273
-9	473	291	273
-18	453	291	273
-9	468	291	273
-13	450	291	273
-9	466	291	273
-9	448	291	273
-4	466	291	273
-2	455	291	273
-2	448	291	273
-4	461	291	273
0	450	291	273
-9	459	291	273
-4	448	291	273
-11	461	291	273
-11	453	291	273
-11	464	291	273
-18	448	291	273
-9	459	291	273
-18	446	291	273
-11	457	291	273
-24	448	291	273
-18	461	291	273
-20	450	291	273
-22	441	291	273
-20	457	291	273
-22	448	291	273
-24	466	291	273
-27	457	291	273
-29	475	291	273
-29	461	291	273
-26	482	285	268
-21	464	285	268
-2	479	285	268
6	460	285	268
4	477	285	268
85	444	285	268
95	438	285	268
80	436	285	268
