1463	750	147	26
1479	746	147	19
1500	745	140	22
1507	745	150	24
1521	743	155	23
1541	745	151	24
1563	743	149	22
1561	747	152	16
1564	748	148	15
1600	747	141	24
1612	740	150	27
1607	741	150	31
1616	746	169	31
1649	737	140	43
1645	741	144	42
1615	741	190	34
1647	735	162	42
1648	738	162	41
1647	737	164	49
1660	859	137	105
1655	875	90	113
1645	802	85	175
1607	849	122	141
1568	744	251	54
1630	741	195	55
1672	743	150	49
1684	727	139	60
1671	736	141	50
1666	740	144	37
1696	738	120	33
1701	730	122	37
1685	720	146	41
1687	723	143	42
1712	724	124	41
1653	715	59	87
1624	721	40	52
1602	719	64	56
1592	706	132	118
1692	739	219	292
1169	794	252	45
1237	777	90	83
1226	800	67	92
1249	775	175	137
1208	780	135	81
1214	767	115	93
1197	761	216	131
1168	774	119	81
1154	778	105	106
1180	762	115	69
1163	764	102	94
1154	801	155	73
1153	775	75	89
1131	752	73	96
1136	760	112	39
1112	761	88	109
1095	764	80	64
1248	792	48	83
1166	777	138	103
1068	772	71	97
1123	771	135	100
1149	847	122	54
1058	757	111	54
1032	770	135	111
1025	778	131	100
1001	791	119	94
984	793	95	91
985	773	110	48
979	805	63	96
951	772	55	93
952	790	87	54
949	800	100	66
972	797	98	47
905	796	119	85
900	856	86	62
1022	877	86	134
990	786	169	21
1044	846	73	79
1022	849	75	87
1040	863	99	69
1026	774	97	84
982	896	70	65
957	859	99	94
930	886	56	78
862	831	63	86
754	822	93	116
776	836	59	76
673	843	85	77
757	863	74	91
737	847	37	74
721	847	106	117
705	839	142	126
732	857	109	149
686	847	75	56
658	862	33	73
654	928	34	68
644	930	58	62
745	931	52	78
704	913	112	102
831	803	123	79
967	614	92	139
1015	619	231	67
987	721	56	114
1025	783	28	85
1070	766	75	100
1160	742	48	102
1156	755	46	90
1056	768	149	80
1133	889	95	148
1094	889	133	165
1079	649	71	157
1114	597	80	86
1113	569	131	63
1107	567	127	35
1109	571	106	30
1104	570	98	27
1088	568	113	33
1092	568	109	39
1087	567	118	39
1072	568	117	60
1069	574	101	34
1134	627	98	98
1317	733	85	114
1396	674	175	27
1415	592	105	61
1413	716	48	63
1310	745	89	96
1294	751	55	104
1389	732	70	54
1281	769	43	88
1276	808	38	51
1216	788	125	141
1284	556	143	68
1240	553	166	70
1177	744	102	86
1206	791	98	76
1163	757	105	128
1112	657	338	202
1209	584	195	76
1070	754	133	46
1192	615	121	15
1210	598	103	23
1192	601	105	25
1186	598	104	34
1181	581	100	45
1165	594	107	31
1152	596	103	27
1133	593	114	28
1123	597	118	23
1122	597	102	23
1114	598	99	20
1121	598	82	22
1091	581	98	31
1080	577	102	33
1075	576	101	36
1068	584	110	30
1060	576	115	40
1056	574	117	37
1051	572	118	36
1049	569	119	39
1046	569	108	34
1044	568	107	32
1039	566	110	33
1033	568	114	29
1032	570	111	27
1030	572	110	29
1049	572	117	52
1029	566	141	54
1028	579	124	39
1119	689	50	10
1134	721	32	23
1157	721	41	50
1151	721	69	60
1078	773	176	102
1015	794	75	96
1044	820	43	67
1051	847	22	66
1062	833	42	75
1041	775	63	87
1041	768	130	89
1033	607	127	20
1032	572	123	34
1042	574	114	38
1063	576	101	40
1084	583	85	40
1045	579	126	44
1041	581	134	45
1041	583	166	76
1093	614	244	114
1227	706	222	89
1107	777	69	152
1055	760	128	10
1114	772	29	65
1034	839	60	62
1088	822	83	128
1188	767	94	66
1091	611	143	64
1100	613	136	61
1108	616	149	65
1127	616	142	78
1155	616	156	74
1137	617	186	58
1143	611	152	76
1153	628	143	56
1259	667	115	182
1151	853	212	51
1066	703	201	204
1213	630	140	69
1322	640	133	82
1379	792	127	115
1333	643	164	187
1241	636	170	64
1363	648	137	75
1383	642	134	79
1396	642	134	76
1269	636	157	52
1273	636	233	73
1283	641	180	91
1283	634	150	53
1292	632	167	64
1427	644	135	88
1424	645	178	122
1434	638	135	92
1499	834	93	11
1500	831	45	55
1538	849	66	57
1522	925	139	91
1579	690	206	111
1354	614	183	88
1467	618	156	85
1504	624	129	83
1464	614	87	99
1512	625	46	78
1527	625	138	79
1538	626	134	80
1547	626	128	77
1547	631	131	79
1557	637	156	84
1563	640	149	95
1567	649	141	91
1578	657	152	109
1574	653	146	80
1568	657	153	78
1583	662	143	75
1588	663	153	83
1599	665	142	81
1601	669	148	80
1587	670	168	89
1489	644	148	67
1541	654	190	117
1523	641	145	96
