1057	9	193	515
930	35	316	623
822	158	426	644
884	127	467	648
849	254	492	582
859	2	457	566
839	136	418	681
888	158	434	663
863	26	420	643
945	4	345	592
909	182	442	599
874	232	428	577
813	33	492	633
838	307	517	508
891	79	446	580
911	64	399	631
964	6	416	518
935	41	392	595
1048	4	279	490
1074	44	239	425
1108	55	207	374
1109	67	204	339
1097	71	212	355
1069	70	241	362
1030	77	269	408
990	80	322	505
876	242	388	538
869	34	359	701
856	160	369	649
908	57	382	571
930	75	347	538
800	301	485	468
1002	0	254	486
982	14	247	388
933	36	292	510
753	361	463	423
745	325	400	484
702	378	458	417
722	365	450	436
723	351	451	468
709	261	403	554
685	315	476	518
728	243	469	539
729	257	386	581
704	301	451	530
677	329	482	512
786	128	381	676
710	239	409	574
749	171	382	632
748	120	346	614
748	201	403	650
740	196	370	630
710	207	378	622
811	158	298	504
827	128	236	535
824	151	250	462
835	171	265	442
796	168	256	535
824	148	282	498
812	142	292	506
791	192	313	497
792	224	312	478
840	66	346	529
797	216	319	479
779	244	289	462
818	120	353	544
781	145	383	562
801	83	409	581
779	205	447	500
761	239	474	452
817	133	419	539
804	62	440	647
749	192	489	529
804	111	461	564
759	41	509	665
806	66	462	575
772	134	467	560
804	46	450	618
820	58	466	627
805	102	507	608
787	274	392	394
822	164	403	515
762	252	371	436
817	308	357	348
888	79	389	528
816	286	408	368
830	312	369	341
831	297	445	349
808	326	304	324
848	239	350	421
802	311	343	328
798	256	373	380
836	222	404	387
743	287	372	347
766	286	314	323
735	294	359	349
793	267	377	344
803	282	380	333
760	245	427	384
822	184	485	436
783	210	517	408
754	271	504	346
794	195	522	389
753	245	539	383
788	220	539	409
749	301	338	323
770	308	308	301
814	320	231	289
809	338	212	281
811	347	222	276
809	351	230	279
804	365	207	271
815	374	189	253
803	384	191	257
792	392	193	256
815	387	204	257
786	401	220	241
818	382	354	252
743	403	262	256
764	407	241	234
778	399	381	217
722	334	321	306
695	387	273	256
738	358	306	268
743	347	403	303
725	309	393	322
710	303	476	348
695	312	479	339
742	279	532	370
795	272	474	399
784	163	506	471
739	269	565	369
816	253	449	378
757	239	531	382
835	220	454	401
744	245	521	367
773	182	539	422
827	169	509	452
717	232	561	379
879	147	558	436
712	223	543	393
775	195	533	431
772	123	536	449
844	136	472	449
760	222	554	352
711	211	511	364
722	237	568	312
920	112	472	335
871	145	414	369
709	241	526	287
690	253	519	280
742	206	504	331
875	143	484	352
768	182	530	311
675	235	582	306
1004	113	428	295
788	205	540	268
855	173	504	315
844	153	526	334
812	165	579	327
867	167	488	337
789	216	522	298
738	263	546	274
1013	111	472	347
760	236	529	327
906	162	497	356
883	164	517	335
947	102	511	383
1017	35	602	384
954	139	436	384
962	120	444	376
885	139	507	346
813	189	636	357
769	177	527	438
910	94	556	412
782	155	594	380
791	153	547	364
856	153	457	398
806	164	493	346
786	170	416	399
771	164	541	349
748	193	418	393
929	145	403	331
851	141	474	352
798	153	477	349
720	212	298	354
719	215	359	291
711	208	343	303
757	205	459	262
760	203	481	270
918	121	443	314
730	199	388	243
697	242	298	226
699	246	356	212
680	249	279	230
737	210	552	175
708	240	452	258
737	228	306	264
1072	60	434	304
666	249	438	266
1028	100	547	360
808	159	628	357
681	249	462	322
759	234	472	293
763	231	560	336
845	152	606	409
682	267	622	322
718	252	301	317
996	157	368	340
958	149	423	345
771	233	536	302
1036	83	385	404
1081	55	344	414
1087	110	340	385
1017	133	326	379
999	144	367	380
1057	119	309	327
1081	44	336	367
949	134	389	315
1009	121	335	327
1007	118	326	326
1023	105	313	321
1002	102	336	328
969	106	351	320
1011	78	307	340
935	117	369	325
984	81	334	329
1083	83	238	307
1096	70	232	309
1081	64	243	322
1067	65	262	300
1053	67	281	301
1102	58	224	285
1019	54	293	339
1019	64	280	304
1018	60	282	296
993	66	306	310
947	69	357	370
906	84	402	323
741	126	420	418
855	75	459	345
782	98	475	381
731	108	522	358
739	104	450	372
726	146	418	342
833	95	453	371
751	118	453	358
702	172	383	350
796	115	423	347
838	90	460	342
784	130	421	345
783	126	427	355
758	143	414	379
943	59	357	353
951	78	344	359
751	158	408	311
829	117	443	373
737	131	425	399
779	115	468	374
586	244	345	360
658	189	383	348
646	208	383	324
686	183	415	341
613	243	343	307
683	172	493	324
725	147	479	406
777	64	477	376
776	113	433	347
698	114	498	456
662	152	469	464
783	73	432	387
702	103	495	459
662	152	395	473
627	140	463	502
700	118	430	490
589	163	503	480
642	106	538	533
700	81	472	542
668	126	410	488
743	113	378	497
707	124	449	456
686	130	452	484
747	108	397	518
775	128	367	437
730	144	291	405
788	73	430	468
671	137	451	523
813	135	331	391
833	67	424	470
791	112	425	474
773	122	438	542
808	104	431	474
875	66	439	446
774	152	415	477
769	160	345	479
850	60	411	404
744	142	437	456
745	181	286	445
792	117	374	480
754	97	443	457
714	109	465	518
750	89	464	512
616	169	458	546
703	142	356	476
673	124	481	524
609	119	530	552
698	107	430	463
726	35	549	569
701	76	538	593
666	12	650	651
694	30	627	565
747	19	605	572
752	51	553	578
710	94	540	567
791	118	385	526
828	9	564	543
771	48	510	564
723	175	484	481
777	0	645	524
789	48	517	475
760	111	501	475
773	44	566	506
740	9	619	557
757	104	501	508
761	96	530	519
764	7	632	560
779	106	415	482
750	2	664	538
729	192	457	442
828	85	469	459
803	84	505	461
797	52	543	478
760	68	539	478
776	64	521	498
754	163	428	435
803	112	474	386
847	126	394	430
811	160	417	458
845	114	378	425
794	59	584	466
789	106	409	443
816	39	596	441
849	86	471	416
786	98	514	410
813	77	484	422
780	135	417	416
791	64	585	438
848	78	486	417
795	86	543	446
810	128	520	464
837	80	497	504
777	11	667	554
846	94	427	436
870	133	366	419
821	210	316	357
844	156	458	391
888	93	449	438
878	101	423	422
847	19	551	477
900	52	391	453
857	179	247	336
816	235	232	275
841	228	529	361
888	34	510	467
808	55	537	518
781	153	463	465
826	50	531	485
896	120	446	448
903	62	507	443
824	62	565	486
911	76	488	458
872	181	409	424
864	139	407	449
909	103	435	472
857	52	558	490
794	109	510	522
850	94	483	533
829	110	494	511
806	120	490	466
850	145	481	535
901	106	505	543
852	77	552	540
782	71	628	512
861	101	544	467
789	187	521	457
866	115	543	521
882	38	596	532
853	150	472	539
879	88	512	535
924	27	551	510
867	73	552	512
824	64	586	574
787	147	516	514
868	58	575	477
855	61	570	479
880	138	472	501
904	66	513	577
830	26	597	614
867	83	547	509
809	115	437	684
837	68	570	585
911	33	550	566
836	109	561	518
878	108	527	508
819	169	321	744
911	46	534	530
836	150	568	494
877	76	530	512
839	186	438	413
872	165	504	500
902	101	523	533
815	229	524	527
831	147	581	533
881	246	523	382
838	202	413	413
828	257	434	440
838	204	509	393
915	193	423	436
908	198	444	489
832	224	436	438
913	172	386	462
896	215	453	478
861	197	390	506
917	163	405	488
880	223	487	472
838	197	442	509
870	162	514	494
862	184	521	489
845	170	550	497
856	182	513	468
845	183	403	462
829	199	379	451
847	178	550	502
860	170	490	497
827	196	552	487
843	196	547	493
864	208	510	496
879	158	516	543
826	204	548	506
854	206	557	504
847	219	532	496
846	154	571	558
839	178	570	523
841	177	557	515
819	150	548	531
845	145	532	551
866	69	585	631
848	178	476	519
840	130	564	539
877	60	568	563
847	253	372	470
857	155	543	526
834	122	601	535
845	120	571	541
864	125	532	499
877	119	533	515
890	241	376	425
870	158	534	495
883	161	492	510
793	182	568	540
812	225	533	471
1016	5	501	596
803	85	645	605
791	120	573	607
780	193	579	585
757	235	547	508
719	245	555	738
816	174	477	525
695	321	492	683
592	313	548	764
775	41	650	668
762	111	637	553
793	84	620	590
777	177	594	524
804	194	599	502
799	67	644	582
777	82	682	590
799	62	682	593
789	183	645	573
927	13	580	601
824	227	596	553
797	228	492	559
723	265	621	533
736	252	617	461
765	154	763	593
729	183	680	542
739	163	620	551
757	10	739	668
686	284	553	393
739	144	727	557
759	68	688	600
743	144	600	533
794	57	678	617
733	230	592	493
725	86	769	610
788	1	726	657
770	183	528	565
748	221	592	542
734	119	741	607
801	66	673	618
765	262	605	495
786	195	650	556
776	74	686	651
758	195	638	541
907	68	595	605
807	175	582	581
832	106	636	609
823	79	679	641
772	152	664	603
807	111	655	661
720	207	610	571
1067	57	441	518
747	227	654	544
735	181	631	623
788	81	671	638
891	68	616	566
721	173	635	640
755	66	745	663
824	69	671	633
762	95	716	625
747	61	725	654
744	145	604	655
1060	21	485	569
751	158	691	589
748	83	740	665
722	112	725	682
741	52	782	699
771	53	746	629
766	116	682	658
789	101	682	632
863	67	672	553
925	78	596	578
848	129	653	552
970	53	611	601
780	146	596	636
766	76	656	634
719	111	686	630
715	118	654	665
679	242	700	561
730	200	659	607
762	177	672	630
799	46	747	638
752	117	736	656
701	150	720	646
812	102	676	664
691	84	859	676
764	99	719	642
760	64	718	696
677	262	668	538
745	194	643	607
673	169	836	607
718	150	697	651
734	211	604	609
662	300	691	511
712	368	619	437
716	262	731	476
737	236	702	544
780	78	823	633
830	95	738	636
720	194	833	634
752	140	570	732
752	109	863	671
749	58	917	719
715	129	845	642
659	130	839	672
677	259	586	626
680	306	650	470
715	329	643	498
704	216	888	518
719	245	732	587
682	373	646	461
690	322	777	406
636	376	649	429
658	385	609	405
664	380	490	379
728	348	861	371
726	359	698	426
705	352	763	424
670	371	605	423
691	389	614	378
720	358	634	390
709	371	766	373
703	349	866	418
682	353	538	408
732	371	817	378
709	367	727	398
751	306	901	431
730	284	696	513
763	295	780	468
674	316	542	456
724	355	774	377
716	339	900	420
730	316	692	426
758	340	769	410
735	341	776	436
733	276	675	532
746	327	770	423
704	301	586	512
772	245	785	523
748	275	812	476
704	330	757	460
790	256	868	499
786	219	622	586
745	293	649	508
828	289	800	454
761	349	845	427
754	308	590	469
851	291	778	479
761	336	800	434
750	334	803	476
731	322	709	492
761	321	776	428
824	354	740	421
763	309	683	517
730	349	725	433
787	309	825	441
758	319	772	443
764	393	797	397
837	240	791	533
723	266	806	515
811	310	752	454
729	321	765	449
729	404	856	362
871	246	788	487
790	323	788	447
725	315	773	454
724	296	803	480
737	296	765	480
713	286	844	467
703	326	809	439
679	280	810	488
757	307	753	471
697	337	827	471
707	252	642	559
732	267	725	512
700	334	737	433
762	279	871	408
742	308	753	418
776	320	774	397
736	332	823	405
768	324	817	414
737	324	799	411
705	353	903	395
763	227	838	518
736	293	841	483
721	357	812	417
794	257	752	519
810	395	749	370
790	290	820	413
744	314	775	427
745	315	814	422
747	351	822	372
850	323	793	382
866	391	772	353
854	274	830	410
800	329	848	346
871	312	786	342
950	337	702	327
782	279	875	397
747	318	855	358
713	277	870	405
901	252	747	413
810	289	822	377
809	273	798	394
863	271	733	396
974	327	602	372
719	287	891	394
774	274	794	440
779	293	772	424
734	315	819	394
694	318	814	403
680	262	847	475
697	307	766	389
747	323	824	385
806	246	770	443
822	335	752	393
959	231	623	485
701	332	830	394
1015	198	606	513
840	327	799	355
924	253	710	454
936	198	730	495
897	324	782	406
1066	150	615	557
738	284	902	469
1063	140	619	577
1037	296	578	483
971	275	684	461
960	251	711	493
1025	172	670	568
822	264	805	470
883	246	630	525
1005	165	677	559
1011	308	736	398
1094	271	558	438
1099	266	569	420
1114	294	531	384
869	305	723	377
792	287	856	432
1052	106	746	561
850	253	826	485
840	214	875	544
787	231	876	577
770	237	838	617
731	248	838	638
787	261	961	550
808	223	839	634
739	241	506	533
916	270	883	394
951	212	909	517
849	278	1005	480
810	282	849	526
760	343	954	462
804	318	984	448
888	281	1010	461
835	314	1019	465
866	207	1019	511
896	259	927	514
817	303	1048	498
906	267	958	480
848	267	1020	516
842	234	1016	566
807	214	1027	609
775	191	979	622
784	236	994	549
783	275	775	500
807	272	951	447
855	240	693	558
940	283	965	408
836	255	781	499
828	260	1045	474
819	230	844	613
860	247	976	525
813	264	729	620
810	277	915	558
853	246	937	528
843	236	900	579
784	251	788	644
873	252	802	602
813	226	1051	575
768	237	840	755
781	266	1070	608
765	262	1113	540
771	257	1014	620
787	230	835	603
740	278	1011	595
875	242	814	647
728	274	1006	563
783	237	1054	532
795	253	1070	544
767	253	1051	562
799	233	806	612
774	261	1012	530
790	228	1096	587
758	216	1033	620
777	216	967	591
783	199	925	643
762	230	985	581
793	211	1108	591
775	199	971	621
763	239	740	574
911	221	785	529
919	230	934	528
795	210	924	500
794	229	1000	544
800	218	1077	509
808	204	972	552
787	237	478	514
756	222	756	470
784	247	752	403
865	257	1028	381
805	209	395	436
781	205	838	469
854	195	652	502
746	197	786	468
767	211	915	461
794	167	439	483
777	223	772	448
763	216	469	425
763	195	650	416
823	174	983	408
791	191	623	493
736	186	430	424
880	207	721	426
1122	116	785	470
771	172	768	458
921	165	979	470
855	121	403	554
903	194	600	417
726	189	516	429
695	157	439	424
946	145	875	503
770	159	551	501
747	142	507	466
928	144	920	465
1023	70	884	490
809	129	783	519
894	81	864	587
769	137	722	567
624	120	560	575
839	144	935	491
907	114	990	458
942	118	696	553
847	149	992	483
1142	32	769	548
1275	85	640	453
1200	94	704	488
1040	119	760	500
864	165	661	517
787	141	918	527
882	144	1001	582
846	157	974	579
912	58	940	653
698	180	783	569
1213	112	687	496
1088	113	731	588
798	239	1008	518
741	203	713	597
724	150	922	589
1009	20	853	717
767	171	954	635
795	154	747	696
738	151	868	646
755	147	909	677
783	123	909	805
793	164	895	712
814	159	774	730
799	145	700	734
769	200	607	656
980	177	768	593
772	203	905	607
958	154	753	668
854	214	817	588
752	212	523	600
710	197	466	571
820	220	328	492
902	124	638	567
801	211	755	580
983	92	842	697
755	246	417	596
719	209	486	613
1052	120	710	574
761	186	481	634
760	220	745	635
844	225	917	641
870	253	800	734
689	230	494	658
829	244	435	609
737	290	419	516
842	225	438	584
749	210	656	630
711	258	529	606
829	239	482	613
827	196	1070	639
929	180	846	764
857	279	911	721
755	261	692	619
847	270	542	666
936	260	825	623
746	256	958	714
838	178	957	700
797	240	745	734
765	293	483	604
850	256	397	565
829	233	487	581
790	293	561	552
745	223	590	616
819	317	376	528
880	232	381	536
796	303	389	510
944	223	537	597
763	296	460	582
789	255	550	604
790	267	477	571
800	250	391	580
767	294	406	525
927	213	671	646
742	297	406	547
972	232	923	652
721	371	444	600
696	264	480	563
744	264	510	578
725	261	418	577
764	244	418	577
886	197	881	678
947	189	851	760
799	321	949	698
629	175	557	732
591	167	664	633
808	250	912	779
898	212	873	805
355	89	863	807
717	202	1060	843
657	102	643	832
826	236	915	725
848	263	981	737
721	243	471	647
242	0	349	272
812	132	298	565
272	5	331	268
873	135	236	558
679	58	1040	663
246	2	1002	798
798	53	1068	901
737	215	611	718
537	180	692	660
225	7	787	631
473	83	1116	798
348	50	862	779
449	86	803	760
365	84	784	769
554	166	584	695
609	182	1002	745
738	286	966	779
198	0	1238	817
623	286	1181	792
813	139	1034	874
902	297	744	747
678	285	717	673
702	415	756	659
590	112	610	729
838	281	695	643
886	345	898	678
676	271	531	655
789	203	857	735
705	356	677	660
721	293	475	644
818	370	1032	682
667	291	621	737
715	302	466	639
835	390	810	661
739	309	481	698
886	288	629	775
792	211	526	761
719	301	519	635
823	428	438	580
1042	182	823	834
669	275	526	758
939	327	585	735
983	279	585	736
945	344	773	732
876	455	454	609
981	314	918	708
713	383	537	639
884	367	954	688
855	446	575	625
811	294	482	676
871	365	710	629
896	252	724	693
851	397	563	657
822	287	438	618
966	266	740	740
759	410	782	652
800	395	633	672
1018	280	668	758
848	347	407	665
970	334	782	722
858	338	505	639
874	440	658	639
927	384	601	690
969	398	487	663
937	215	654	710
850	406	572	648
842	362	749	714
708	295	614	736
947	336	664	694
686	264	469	650
835	241	645	695
803	236	554	661
1022	222	638	816
789	297	670	767
711	287	528	616
888	289	718	742
829	277	432	721
786	491	734	570
639	233	507	578
798	260	651	662
738	213	383	568
949	150	762	829
639	221	726	757
850	191	704	867
631	242	528	688
897	198	706	785
703	262	842	811
949	182	661	807
665	283	455	638
848	157	821	755
1040	193	545	835
567	190	605	672
618	224	593	606
704	286	413	542
1012	137	694	754
1033	149	599	780
1156	142	510	777
852	386	630	693
886	196	742	816
754	381	444	698
1055	156	645	806
1041	121	538	895
1205	94	419	817
921	123	657	900
677	226	435	730
1024	134	540	763
817	124	799	696
1035	131	658	803
1239	82	395	878
786	172	385	628
937	205	656	726
752	273	379	615
858	186	722	741
769	217	415	645
752	214	416	572
874	179	383	649
940	196	335	647
918	225	291	585
922	95	294	703
929	227	309	586
953	169	267	646
934	78	428	633
859	230	357	600
892	215	400	631
901	82	483	760
866	167	428	727
886	279	314	610
895	138	328	693
869	8	337	737
867	61	347	748
797	120	402	699
829	208	372	608
901	192	317	641
900	241	242	564
908	137	247	643
871	64	297	707
844	186	352	584
898	152	462	676
845	224	322	572
864	219	292	567
896	128	248	630
867	101	287	667
838	88	314	661
823	126	335	629
839	183	319	593
892	210	248	572
873	154	248	637
877	134	245	674
888	201	265	607
824	64	288	735
853	216	269	596
880	209	267	602
853	136	260	666
881	272	243	547
894	247	224	556
889	233	204	544
855	42	241	723
897	353	209	441
923	466	196	318
911	410	202	369
900	386	207	392
889	353	221	424
889	362	218	411
892	369	216	404
888	340	219	438
886	367	222	408
890	387	215	391
865	307	236	470
870	336	214	433
873	370	215	411
885	411	210	372
872	366	239	414
873	385	241	401
886	414	231	378
876	317	241	470
873	356	253	427
880	404	246	390
936	505	196	304
890	356	234	430
869	377	263	412
891	387	245	414
891	377	249	429
877	284	240	514
867	293	260	521
863	281	257	515
902	337	221	475
857	294	291	521
882	318	255	512
875	345	270	514
877	336	239	473
904	358	206	451
895	346	229	465
901	367	235	461
896	392	264	471
886	288	236	526
905	368	232	452
867	334	275	491
886	353	263	508
897	397	267	447
880	290	247	529
899	378	245	450
884	312	272	506
891	337	229	460
905	369	248	471
861	214	258	571
894	308	264	520
855	198	264	574
909	370	250	498
840	183	283	581
923	344	239	508
891	306	233	471
897	278	233	481
855	139	268	600
906	293	242	493
876	151	265	608
878	257	253	527
906	267	230	533
868	139	262	604
849	192	284	574
875	248	254	529
852	165	273	554
870	230	261	562
877	219	255	576
853	121	281	652
879	202	265	585
874	186	267	590
890	257	255	527
863	208	275	480
889	232	250	518
871	215	276	521
891	252	250	516
869	190	259	502
861	250	282	468
827	152	293	483
853	193	272	550
870	264	270	499
841	196	262	535
880	245	230	536
870	301	225	480
882	329	188	441
892	360	165	396
891	360	167	407
897	384	176	384
862	326	201	457
837	250	210	529
809	227	249	573
761	162	261	595
783	176	494	596
732	177	494	610
718	87	466	705
771	3	659	689
1128	2	393	868
672	35	313	706
699	96	359	627
742	175	279	566
759	249	320	556
720	147	314	658
744	175	287	590
760	255	298	544
761	217	245	550
775	340	285	470
755	112	334	623
787	284	235	517
785	281	217	485
796	279	218	499
803	253	224	518
780	230	215	543
798	303	214	487
798	346	232	441
790	334	231	442
789	319	235	461
788	263	240	503
794	329	221	459
790	237	245	539
800	369	197	433
808	365	213	413
802	258	227	504
743	73	297	538
774	165	250	494
769	110	273	468
818	195	242	393
801	147	263	484
815	198	247	514
841	224	230	491
841	280	233	367
835	204	239	379
808	168	253	445
823	213	248	388
823	180	239	396
820	187	248	439
836	171	237	393
820	180	265	378
816	177	229	362
826	205	278	326
831	164	268	527
774	142	287	413
781	114	331	434
800	177	309	395
823	157	286	372
845	123	265	390
863	119	214	398
883	149	211	356
875	121	217	380
864	153	220	352
871	149	249	360
873	120	207	369
881	108	189	395
876	82	184	413
862	72	237	452
856	157	220	364
848	89	226	435
858	83	218	437
830	105	216	413
810	125	250	417
836	157	234	395
834	171	246	371
830	143	248	402
802	87	254	451
839	166	231	375
845	167	226	374
851	170	217	377
852	165	217	385
855	168	213	382
844	135	222	419
862	132	205	418
864	139	206	419
865	129	209	437
855	75	214	486
853	141	221	428
848	138	226	426
861	126	214	440
857	143	224	423
858	133	230	431
857	135	243	429
862	129	240	439
856	118	248	452
849	114	260	457
839	120	268	452
847	75	261	495
847	3	263	553
828	24	272	535
830	53	278	504
842	67	266	484
852	74	266	474
851	56	249	500
858	75	262	502
846	52	244	509
855	40	265	513
857	52	263	514
846	69	215	493
863	64	248	579
842	51	281	497
844	31	288	513
854	23	270	512
854	27	277	508
849	25	283	525
853	13	287	539
855	10	247	527
868	17	281	518
860	25	238	514
878	7	271	507
863	81	248	441
889	18	259	490
867	67	256	454
866	28	239	472
870	24	247	468
861	23	217	454
873	63	251	462
874	61	241	444
862	86	230	427
882	57	228	441
866	76	268	429
888	3	250	408
863	20	204	443
876	67	248	452
859	100	254	414
869	3	223	515
820	21	243	485
820	37	193	465
863	35	208	502
815	69	227	461
834	30	185	472
848	95	188	437
856	99	211	429
834	46	238	488
779	46	272	479
821	14	202	512
840	46	203	494
845	105	182	433
857	78	184	453
851	25	188	512
839	69	216	473
852	40	183	502
849	34	191	508
847	46	207	505
832	66	207	488
824	103	204	463
842	117	216	453
840	93	220	477
835	92	222	481
834	84	217	489
829	130	225	443
830	105	234	464
817	122	247	446
815	113	243	451
811	84	244	472
816	94	246	485
798	66	251	501
795	81	272	496
772	67	268	511
796	97	253	459
776	104	279	461
777	90	248	452
758	118	307	461
769	110	268	430
770	124	310	451
782	105	260	447
804	128	242	418
813	123	245	427
821	149	238	395
832	112	227	425
838	129	216	406
843	119	219	411
848	137	218	406
855	146	207	389
860	160	204	379
859	161	203	380
864	169	200	376
858	167	207	390
857	172	199	383
834	168	208	396
794	176	202	391
747	182	211	380
712	180	214	381
699	175	207	389
684	184	214	418
687	184	220	420
706	187	203	416
721	200	189	399
724	190	197	418
734	187	193	415
742	186	188	412
751	179	185	424
749	172	186	416
749	181	185	420
745	176	183	408
743	199	179	385
735	189	188	395
748	163	181	423
739	174	194	426
755	165	186	447
751	176	199	432
768	160	195	449
749	166	209	434
722	176	226	436
701	199	230	404
676	195	244	409
651	219	247	399
632	246	250	367
604	249	261	368
582	242	266	385
564	213	273	425
562	221	275	424
549	225	301	428
572	238	289	413
566	243	306	408
583	257	306	389
598	257	307	399
610	254	308	406
623	254	309	398
645	242	300	403
658	245	310	397
669	238	311	403
685	240	307	399
750	225	261	390
719	222	308	390
734	225	306	377
773	223	277	346
752	224	311	386
743	216	327	380
746	225	331	340
763	228	321	351
764	223	322	369
757	224	336	360
764	228	334	353
758	225	342	368
755	233	348	343
754	235	353	341
763	234	352	336
761	236	358	335
748	237	372	319
747	233	376	320
878	234	262	291
761	242	375	304
733	235	410	312
800	238	345	307
729	288	525	460
812	246	424	455
885	245	276	372
817	340	425	378
705	251	456	314
908	397	513	359
723	285	609	459
700	263	469	297
714	271	455	271
715	275	463	260
804	274	385	257
739	270	456	262
713	274	478	255
760	275	435	259
717	276	621	352
753	266	443	287
734	265	458	280
870	258	317	285
789	254	399	267
874	246	306	274
893	244	301	291
756	239	408	279
793	224	367	291
877	227	280	294
820	217	346	313
841	242	782	707
725	213	410	375
790	218	957	750
794	208	413	492
744	205	371	304
806	251	814	691
917	212	800	777
767	213	354	395
815	236	933	791
738	212	513	513
745	197	1054	824
771	189	1057	813
777	185	1065	812
804	178	912	788
875	208	1029	859
822	183	838	728
877	205	1013	844
752	194	613	557
808	207	300	336
672	214	775	580
705	209	1115	810
741	204	1067	798
750	192	1003	762
735	199	1103	797
730	209	1055	761
707	204	986	712
670	227	1173	776
718	218	1095	777
705	229	1047	706
692	236	1189	795
846	233	1043	803
623	237	1216	746
742	241	1120	766
651	256	1091	682
997	299	900	700
948	336	950	687
596	251	1087	654
788	266	1046	730
593	246	896	537
667	264	747	450
651	256	766	482
649	262	592	383
632	267	571	245
637	259	738	346
642	260	627	415
624	250	681	428
624	255	670	419
633	253	628	405
643	247	601	391
629	252	642	388
630	249	580	324
629	250	551	307
636	251	605	430
649	247	540	408
648	243	534	417
653	241	516	421
649	245	474	379
647	243	460	316
642	246	421	224
640	250	420	221
637	258	426	223
630	261	591	376
630	258	393	216
624	267	509	283
623	264	600	330
625	263	415	248
620	268	404	236
622	259	400	251
619	266	450	255
623	266	545	394
627	257	360	273
630	269	376	278
631	268	360	277
628	272	351	282
631	276	353	279
634	281	336	277
629	284	349	277
629	288	335	272
621	292	336	284
618	298	321	270
614	301	322	280
608	305	314	276
605	303	333	295
601	305	303	281
596	305	306	299
591	297	303	307
591	295	296	315
592	288	286	325
589	283	285	335
584	276	286	342
584	266	282	352
585	256	280	360
586	249	274	367
587	250	276	365
584	237	282	375
587	228	286	382
586	225	331	390
586	211	295	389
589	201	296	392
586	202	301	393
596	189	305	395
589	186	309	392
593	182	312	385
591	162	307	383
592	163	309	380
586	154	334	375
568	123	402	381
566	127	336	363
555	109	324	369
537	85	320	351
541	92	315	346
528	87	323	327
518	79	322	309
510	78	693	601
705	125	745	602
563	85	865	644
962	277	492	465
459	68	385	290
933	388	285	290
931	442	259	229
934	450	246	212
929	442	253	225
924	422	240	228
919	428	236	220
909	428	243	212
904	408	245	222
903	406	235	232
896	408	244	218
892	408	240	220
906	278	225	332
885	348	245	269
886	322	237	293
877	369	244	244
874	295	243	302
866	354	244	243
926	30	206	523
905	78	301	408
898	35	368	547
853	115	311	449
883	19	289	380
828	246	293	353
834	300	248	272
824	331	245	245
817	313	253	265
812	311	253	264
803	322	255	245
784	296	295	289
788	296	266	271
784	304	263	265
775	299	264	262
769	219	274	328
759	261	271	296
759	196	266	343
742	282	271	261
741	274	253	249
740	267	257	256
737	259	252	252
733	243	253	265
731	241	249	260
731	235	253	265
726	228	255	264
725	215	247	272
720	214	255	271
718	203	255	280
717	204	257	278
714	203	260	287
710	200	265	294
709	202	264	293
707	206	266	300
710	215	264	301
710	221	270	306
711	229	265	305
722	244	262	295
730	251	259	298
738	259	261	301
745	265	258	301
757	274	249	300
780	278	239	300
780	285	244	298
793	293	253	306
796	304	262	306
805	299	270	331
802	283	280	347
815	154	328	555
799	0	405	660
836	48	387	545
837	151	355	527
832	195	328	441
835	333	306	284
852	361	262	261
853	368	292	249
860	343	309	284
852	219	285	406
859	387	296	249
866	387	311	240
861	386	301	245
860	393	301	239
861	381	341	292
865	381	331	264
873	288	313	354
871	300	390	374
879	0	298	428
906	34	302	523
892	192	335	460
894	0	320	576
910	228	295	429
866	171	366	484
899	197	323	461
826	219	396	447
742	65	528	584
802	0	449	641
878	1	341	604
915	0	354	600
915	0	376	581
905	0	375	582
917	0	326	488
916	0	358	585
931	6	375	628
943	0	372	612
964	0	387	557
978	14	364	633
1001	11	351	645
972	0	399	656
979	0	401	636
981	1	404	652
1001	0	389	619
980	0	382	559
1011	0	311	491
997	20	439	639
883	47	563	620
998	0	442	631
1108	339	381	316
1127	403	391	244
1133	371	396	274
1150	404	404	242
1154	396	409	252
1165	398	405	250
1172	408	398	241
1175	402	397	251
1181	383	397	272
1191	391	384	262
1184	416	392	237
1193	416	390	236
1188	369	397	285
1197	312	317	331
1201	364	398	289
1208	356	394	289
1207	363	403	277
1204	346	396	292
1212	344	346	290
1217	346	401	287
1214	304	319	321
1216	333	417	292
1219	333	415	289
1222	318	398	297
1225	312	388	300
1226	304	355	303
1227	301	309	298
1229	315	292	280
1229	316	433	277
1230	320	432	273
1232	329	429	260
1228	296	438	286
1236	317	431	261
1231	308	438	267
1232	309	441	266
1232	308	441	266
1232	303	443	265
1233	311	441	257
1235	310	445	256
1239	307	445	259
1241	313	440	248
1239	303	450	261
1245	309	442	251
1251	309	447	246
1247	308	454	242
1244	308	460	240
1258	305	446	242
1254	293	454	248
1253	298	461	247
1267	293	450	245
1235	287	471	248
1269	298	451	244
1269	295	456	246
1270	293	458	250
1269	297	463	242
1154	245	576	294
1270	298	462	239
1277	294	460	238
1276	291	463	237
1278	293	466	235
1281	289	468	237
1282	292	474	233
1282	287	479	244
1284	289	486	242
1285	289	497	240
1290	288	504	244
1293	287	516	239
1295	290	527	223
1295	285	543	230
1298	288	554	222
1304	285	563	227
1129	203	752	301
1252	261	647	251
1303	282	609	221
1283	266	632	231
1220	239	680	251
1323	269	566	226
1323	270	507	213
1326	263	590	215
1321	270	593	206
1324	263	586	207
1317	262	594	204
1312	258	573	206
1311	252	599	206
1311	252	598	202
1307	250	605	199
1307	244	601	212
1308	244	606	200
1314	240	597	205
1314	236	598	205
1320	229	595	201
1327	223	561	209
1340	220	561	213
1350	217	552	208
1365	204	542	211
1375	198	533	219
1392	186	521	230
1406	181	507	234
1418	171	492	233
1436	167	475	234
1462	170	449	230
1448	178	465	216
1514	155	405	239
1534	148	380	244
1548	206	369	186
1594	249	323	145
1633	243	286	151
1588	212	330	230
1135	478	682	326
751	0	480	212
774	0	476	206
788	0	480	204
809	0	479	202
826	0	485	197
853	1	484	191
876	1	488	187
896	0	495	183
922	0	500	175
946	0	501	169
971	0	505	170
998	0	511	167
1025	0	511	165
1051	0	516	166
1069	0	519	160
1085	1	532	154
1088	3	557	152
1095	7	581	140
1106	2	600	143
1116	1	555	126
1120	0	527	118
1129	0	579	120
1141	0	587	113
1151	0	604	110
1163	0	620	113
1174	0	636	120
1184	0	642	126
1195	0	687	125
1204	0	659	136
1212	0	675	128
1223	0	511	119
1231	0	592	155
1235	0	649	126
1241	0	502	130
1247	0	565	149
1253	0	586	135
1260	0	502	182
1259	0	490	250
1284	0	566	257
1309	0	416	111
1287	4	281	321
1174	10	425	575
751	23	875	815
556	65	1300	950
47	268	1065	717
405	215	1182	777
