1009	184	112	43
1014	182	108	41
1014	183	108	41
1014	183	108	40
1020	183	105	37
1018	183	106	40
1019	183	105	38
1020	183	107	38
1020	183	107	40
1020	182	106	39
1024	183	104	38
1022	183	105	38
1024	183	105	39
1028	183	103	38
1029	183	100	37
1029	183	100	38
1030	183	102	36
1031	183	100	37
1030	183	101	36
1030	184	102	32
1031	185	102	32
1031	184	102	32
1034	184	99	34
1034	184	99	34
1034	184	99	34
1035	184	100	34
1035	184	100	34
1036	184	99	34
1035	185	100	35
1035	184	101	35
1036	185	100	35
1037	186	100	35
1037	185	100	36
1037	185	99	36
1037	186	102	36
1037	185	101	36
1038	185	101	35
1039	185	102	37
1040	185	101	37
1040	185	101	37
1042	187	99	35
1041	186	100	35
1042	186	100	35
1044	187	98	34
1044	186	99	35
1043	186	99	34
1047	186	97	34
1045	186	98	35
1046	186	97	35
1044	186	101	34
1044	187	102	34
1043	186	102	35
1051	187	97	34
1052	185	95	33
1052	187	95	32
1056	187	94	33
1056	186	94	33
1055	187	95	32
1060	187	91	33
1060	187	91	33
1060	187	91	32
1064	188	89	32
1064	187	90	33
1064	187	90	32
1071	188	85	30
1072	188	86	31
1071	188	86	30
1076	189	85	31
1075	189	85	33
1074	188	86	33
1080	189	83	33
1080	188	82	32
1080	190	82	32
1084	190	83	33
1085	189	83	33
1086	189	82	33
1087	190	84	35
1088	189	82	34
1088	190	81	34
1090	190	83	34
1091	190	82	33
1090	189	81	34
1091	190	85	36
1090	190	85	38
1091	190	84	36
1093	192	86	34
1092	192	88	34
1093	192	86	33
1102	193	81	35
1101	192	81	35
1101	192	82	36
1103	193	82	35
1102	192	82	36
1102	193	82	35
1105	194	84	35
1103	195	85	34
1104	194	84	35
1108	195	88	34
1109	195	86	34
1109	195	86	35
1114	197	85	34
1115	196	83	34
1115	196	83	34
1119	198	84	34
1119	197	83	34
1119	197	83	35
1121	199	86	33
1122	198	85	34
1123	198	85	34
1125	199	85	36
1126	199	84	35
1126	198	84	36
1126	201	88	36
1126	199	88	36
1127	200	88	36
1127	201	92	37
1127	201	92	37
1126	200	92	37
1128	201	95	38
1127	201	94	38
1128	201	94	38
1128	203	98	39
1128	202	98	39
1128	202	98	40
1131	204	100	40
1130	203	100	41
1129	203	101	41
1130	204	103	42
1130	204	102	42
1130	204	102	42
1133	206	102	41
1133	205	101	42
1133	205	102	42
1136	206	100	41
1137	205	101	42
1137	205	101	42
1139	207	100	43
1139	207	100	42
1139	207	99	43
1141	207	104	46
1141	208	103	44
1142	208	104	44
1143	208	105	48
1144	209	106	50
1143	209	106	50
1148	210	103	51
1148	210	104	51
1148	210	104	50
1150	211	107	51
1151	211	108	51
1151	211	107	51
1155	211	102	50
1157	211	101	52
1156	210	102	52
1159	210	103	55
1159	210	103	56
1159	210	104	56
1162	209	104	60
1163	209	104	60
1164	209	104	61
1168	210	102	61
1167	210	101	61
1166	208	102	63
1168	211	104	62
1166	207	107	66
1168	210	105	62
1177	216	107	65
1175	215	104	66
1174	215	105	67
1178	216	104	66
1178	215	100	67
1177	215	105	67
1187	220	101	63
1186	219	99	63
1185	219	98	63
1192	220	103	66
1191	220	102	65
1191	220	102	65
1192	222	100	63
1191	222	101	64
1192	221	102	66
1196	225	105	65
1197	222	104	69
1195	222	105	69
1199	224	100	66
1199	223	102	68
1198	224	103	67
1204	227	113	76
1202	228	112	76
1201	229	107	70
1206	230	102	71
1207	230	115	72
1200	227	130	85
1210	227	108	78
1209	230	132	85
1211	227	118	76
1217	235	115	85
1216	231	121	103
1217	227	130	91
1221	236	124	77
1221	230	123	81
1220	234	123	84
1223	231	129	91
1234	175	125	149
1222	235	159	139
1228	232	131	108
1231	230	127	100
1231	242	123	85
1243	244	105	80
1243	239	105	81
1243	244	103	78
1245	249	102	81
1245	239	103	88
1245	244	105	89
1249	221	104	110
1246	238	113	104
1252	223	103	109
1253	244	106	92
1251	253	103	78
1253	251	101	84
1257	256	101	86
1298	211	61	130
1302	212	56	125
1288	230	71	107
1285	210	76	128
1288	209	73	131
1299	210	62	128
1287	211	73	126
1282	210	77	128
1303	211	58	129
1276	240	85	101
1285	210	77	131
1302	211	59	132
1285	211	76	131
1304	211	58	129
1285	218	76	123
1283	246	80	98
1296	211	64	132
1280	256	83	105
1279	278	85	73
1281	266	83	84
1281	266	84	80
1283	276	83	71
1282	276	83	69
1284	281	83	65
1298	238	68	107
1284	272	85	76
1313	212	56	135
1302	277	65	70
1311	213	45	65
1313	214	46	54
1311	214	47	55
1311	214	47	54
1312	214	47	49
1311	214	47	46
1312	214	45	42
1311	214	44	47
1311	214	45	48
1311	215	48	44
1310	214	46	47
1310	214	44	44
1312	214	42	46
1311	215	44	43
1312	214	42	43
1312	214	42	43
1312	215	42	43
1313	214	41	43
1313	215	41	42
1312	214	41	40
1312	214	41	41
1311	215	41	41
1311	214	41	39
1311	215	40	41
1312	214	41	39
1312	214	40	41
1313	215	40	42
1311	214	41	41
1312	214	40	39
1311	214	42	40
1312	214	41	40
1311	215	41	40
1312	214	39	39
1313	214	40	40
1315	215	39	36
1315	214	38	36
1315	215	38	36
1311	214	42	37
1314	214	39	41
1313	215	41	42
1312	215	40	40
1312	214	40	40
1312	214	41	39
1313	214	40	39
1314	214	39	39
1314	215	40	40
1313	215	41	36
