1652	621	266	179
1646	618	264	184
1631	617	258	187
1619	618	265	189
1611	617	251	191
1592	618	256	186
1584	618	265	191
1563	617	282	199
1541	615	304	201
1522	611	322	203
1505	612	325	201
1497	613	323	200
1490	618	331	204
1480	617	333	208
1473	617	333	220
1465	617	345	202
1455	616	350	208
1447	615	351	211
1446	617	354	203
1441	618	350	208
1429	616	360	210
1425	615	371	210
1421	616	401	213
1419	614	363	213
1412	615	386	219
1409	609	362	213
1408	610	356	217
1407	609	352	220
1403	608	360	214
1413	608	343	203
1418	605	328	204
1418	602	318	203
1426	602	321	208
1425	600	298	206
1422	596	299	216
1424	596	272	202
1429	594	261	204
1428	591	257	204
1430	588	253	205
1427	588	252	201
1425	584	244	205
1424	585	247	217
1420	583	253	197
1416	580	249	207
1407	576	248	215
1393	575	237	212
1382	571	248	219
1352	569	269	233
1335	567	288	235
1319	562	318	247
1319	559	332	249
1313	555	346	249
1304	557	364	245
1306	560	379	239
1283	563	414	237
1278	568	432	252
1279	571	441	225
1274	572	455	237
1243	578	491	232
1255	579	472	231
1246	583	452	249
1221	584	448	221
1205	588	480	227
1201	590	445	214
1201	589	440	216
1197	590	429	227
1186	596	428	208
1184	597	415	218
1178	601	433	215
1173	601	419	218
1160	600	396	210
1152	603	379	207
1138	606	371	212
1124	604	385	212
1121	598	361	201
1105	602	376	211
1099	607	376	200
1096	608	336	203
1083	610	323	198
1078	609	316	198
1070	609	394	232
1063	608	327	195
1050	609	342	196
1041	611	323	194
1028	610	335	192
1019	611	348	203
1010	606	353	195
1005	607	369	205
994	604	361	204
986	611	352	189
972	610	337	191
963	613	322	207
943	609	324	215
935	608	351	219
937	609	333	217
916	609	327	217
897	611	337	210
900	613	314	186
886	613	323	184
861	616	353	204
781	613	404	212
762	613	410	195
760	612	397	218
757	618	379	210
794	617	345	167
750	623	318	195
771	630	289	192
674	610	386	214
741	615	321	212
604	584	459	243
643	596	410	237
621	626	428	205
577	588	475	240
592	589	463	245
711	604	349	224
515	590	302	252
515	592	293	244
508	591	255	236
501	592	286	248
484	600	302	248
440	597	330	275
436	596	338	259
419	604	349	245
405	593	360	269
392	593	338	260
433	459	332	400
358	598	374	275
343	611	376	273
330	610	389	264
311	632	403	254
293	636	398	243
280	634	385	264
259	680	410	199
242	691	347	192
227	695	362	193
203	702	350	192
183	709	366	186
165	709	379	187
141	711	382	200
