935	160	210	328
932	139	193	373
927	125	199	374
916	115	218	378
896	122	222	383
890	111	226	386
860	107	261	395
871	99	227	382
861	101	244	376
834	98	279	381
830	73	254	403
835	77	231	397
814	86	277	400
818	75	218	417
800	87	233	402
832	77	220	433
784	123	266	385
797	110	231	389
797	98	247	404
815	128	222	369
787	132	275	403
796	146	268	368
787	149	278	362
790	154	272	367
781	154	265	355
788	154	265	360
785	157	274	356
782	157	282	348
783	152	288	353
789	158	290	349
791	159	300	346
797	154	304	343
808	152	313	335
800	144	323	328
782	138	349	332
829	137	305	328
817	134	322	332
829	128	320	344
825	128	330	344
841	109	304	378
827	85	302	400
870	121	267	359
866	116	265	359
877	90	239	402
884	89	211	401
898	99	201	413
905	115	228	418
886	120	230	399
911	124	209	411
904	143	207	386
907	139	219	388
904	139	201	384
892	149	257	368
879	139	211	377
897	119	200	377
892	100	218	399
885	95	203	396
899	91	239	391
873	84	254	399
884	87	240	393
882	83	258	405
883	74	252	409
889	72	251	426
886	63	258	432
886	73	250	417
891	52	222	430
899	52	203	418
888	58	232	413
902	58	226	407
897	49	212	422
903	67	210	397
907	70	210	393
901	86	220	381
901	92	195	379
895	87	191	397
901	99	187	388
891	115	185	379
905	116	174	376
914	132	151	368
922	122	124	381
919	145	137	352
899	147	170	359
862	144	275	358
883	147	233	354
860	152	244	366
855	160	295	359
857	168	296	346
868	181	286	349
878	187	274	364
887	192	268	368
898	209	266	385
902	246	285	373
900	274	299	389
851	296	360	387
882	312	358	382
874	316	394	416
855	317	408	395
837	349	445	362
834	355	404	360
825	361	426	364
822	346	394	361
832	286	434	448
781	306	422	402
778	349	453	383
861	487	432	334
768	411	448	399
854	507	338	299
821	481	375	325
798	499	418	326
819	510	363	312
937	564	278	337
939	588	284	320
840	564	353	307
975	570	428	408
952	579	293	362
884	562	325	347
910	557	304	378
905	540	318	385
933	559	295	362
964	552	260	364
1081	547	280	432
1223	619	178	366
1232	629	159	354
1239	620	155	355
1221	619	156	347
1208	613	177	397
1207	600	173	371
1200	582	180	419
1212	573	152	387
1207	580	138	388
1219	599	162	359
1210	589	148	417
1205	603	173	382
1218	595	186	362
1181	562	180	380
1209	588	189	383
1157	553	195	422
1179	583	194	389
1143	616	236	435
1173	592	176	370
1145	593	226	446
1177	573	183	416
1166	602	211	460
1130	593	215	469
1175	619	228	383
1166	604	184	447
1138	644	215	432
1140	647	214	416
1134	651	194	401
1132	636	211	407
1129	636	176	429
1119	620	205	418
1116	628	188	422
1126	639	206	390
1133	623	183	405
1134	597	203	386
1124	663	180	398
1142	585	198	293
1131	596	185	416
1138	620	225	359
1129	559	201	455
1088	572	280	420
1103	599	258	396
1101	565	265	413
1086	592	281	377
1101	590	274	376
1094	613	242	385
1084	610	274	390
1121	602	243	383
1092	597	249	404
1112	560	252	401
1141	552	214	402
1116	556	220	389
1137	528	230	401
1070	544	258	409
1066	537	293	390
1094	531	288	392
1086	501	283	402
1082	543	281	364
1116	568	248	340
1104	546	270	339
1100	556	272	346
1117	540	264	359
1097	532	296	378
1121	514	285	376
1155	504	258	389
1104	502	296	383
1134	490	280	374
1184	489	247	349
1167	478	227	341
1162	470	268	335
1077	465	314	383
1087	457	302	401
1061	454	329	402
1168	447	216	314
1156	460	227	306
1157	444	229	316
1144	445	222	304
1166	448	239	282
1135	431	226	300
1164	432	236	288
1149	413	231	303
1152	413	240	336
1165	406	223	307
1165	396	215	291
1182	393	200	314
1170	384	194	275
1185	392	193	297
1172	385	184	313
1180	393	188	282
1159	379	194	262
1161	384	203	265
1142	369	222	274
1122	365	247	264
1126	365	245	250
1101	359	274	281
1086	355	295	302
1066	345	312	337
1099	326	286	351
1123	320	253	322
1097	315	274	347
1097	340	255	324
1086	341	265	346
1039	345	306	361
1060	342	286	384
1051	335	283	375
1037	325	297	368
1057	320	285	377
1038	319	316	388
1080	317	258	390
1073	320	280	384
1080	302	265	379
1105	286	245	392
1114	266	245	423
1130	265	244	447
1137	262	242	460
1134	258	251	493
1133	260	251	483
1129	248	270	505
1128	240	269	480
1148	245	269	471
1166	224	248	478
1162	229	252	434
1175	317	264	383
1192	235	240	448
1187	188	233	439
1177	203	243	455
1158	159	259	497
1188	147	221	505
1183	131	206	502
1178	105	219	532
1189	98	181	501
1189	76	149	475
1194	28	176	571
1194	13	151	546
1188	0	192	592
1200	0	164	591
1195	0	167	587
1199	0	156	558
1187	3	148	493
1180	8	193	574
1167	17	212	626
1159	3	195	602
1153	161	226	514
1149	143	201	471
1166	0	198	594
1154	322	188	299
1176	1	212	474
1153	136	240	485
1128	336	260	263
1173	47	200	535
1137	222	213	357
1153	0	150	458
1145	0	139	368
1136	0	142	346
1131	0	117	291
1136	0	130	561
1085	227	193	440
1057	345	201	305
1098	260	181	385
1124	0	143	550
1067	364	204	321
1083	315	207	358
1050	304	219	378
1040	375	224	329
1049	388	186	292
1039	213	204	430
1051	360	191	297
1057	130	171	494
1026	357	190	302
1056	71	168	364
1026	192	183	368
1008	336	196	317
1013	238	191	376
980	317	195	312
990	99	190	457
938	292	208	327
944	215	181	342
951	263	192	307
945	292	164	281
944	277	141	303
949	288	143	292
964	251	146	335
956	226	147	360
969	103	194	388
907	308	229	290
947	278	211	324
1010	60	208	303
1017	99	218	430
990	133	228	450
958	339	220	331
1022	103	202	448
1038	77	226	321
1023	113	230	412
1027	99	223	400
1039	107	221	316
1004	461	192	305
1016	192	212	341
1023	140	228	337
1024	211	214	303
1061	149	183	310
1047	211	195	390
982	381	206	354
1078	129	182	346
1068	162	176	394
1027	298	181	420
968	418	207	334
1032	275	171	353
973	441	197	319
996	411	177	360
993	478	180	288
979	485	190	287
971	507	207	284
991	419	200	328
1063	216	138	304
1063	207	146	301
1068	210	152	363
966	509	230	284
970	497	240	380
972	492	214	265
972	475	229	405
970	467	238	315
976	421	238	298
973	466	222	359
969	465	239	366
965	466	242	380
938	470	261	353
947	468	258	299
943	503	247	299
922	490	263	346
932	464	267	358
1007	138	182	471
903	466	252	274
894	387	254	323
874	431	263	333
887	454	237	344
884	358	260	305
847	434	262	302
988	137	156	345
921	312	230	409
874	426	280	353
996	153	168	359
867	468	256	289
886	504	259	333
873	487	281	329
878	440	253	379
860	452	284	382
903	403	232	377
847	461	281	403
875	539	238	311
856	517	257	329
944	147	183	408
949	150	183	329
910	252	194	571
800	559	337	245
935	153	188	325
923	157	191	296
922	158	188	288
916	162	196	305
894	195	218	648
930	147	213	355
926	158	205	317
922	164	216	338
932	160	200	328
935	160	195	316
926	156	208	330
887	248	265	545
928	172	234	338
823	559	332	259
917	184	220	358
917	167	216	334
824	530	326	253
