728	1057	43	17
695	999	91	51
713	856	182	121
467	566	593	314
1008	254	659	379
971	242	353	406
970	232	364	404
975	222	367	402
978	212	366	403
984	203	369	404
987	193	362	402
990	181	360	410
993	166	360	412
997	155	358	414
1001	136	353	420
1005	124	350	425
1008	110	350	429
1010	102	347	432
1017	89	344	431
1019	80	345	431
1025	67	340	434
1024	55	345	435
1032	39	347	429
1035	26	355	425
1041	10	359	432
1051	0	361	414
1074	0	349	402
1099	0	337	379
1112	0	339	368
1125	0	338	352
1132	0	343	333
1135	0	357	316
1142	0	364	302
1143	7	352	352
1047	151	328	548
1155	40	373	270
1190	19	366	244
1296	0	268	246
1486	132	90	105
1513	148	71	82
1519	135	72	84
1524	122	74	84
1528	108	76	86
1533	91	76	85
1537	77	78	86
1541	66	81	89
1544	51	81	94
1549	2	83	133
1557	1	88	121
1560	0	100	111
1548	0	122	107
1564	0	114	107
1586	1	97	113
1561	0	130	121
1592	0	105	126
1597	0	109	130
1596	0	116	132
1601	0	117	138
1586	0	132	141
1601	0	119	145
1607	63	113	88
1610	65	110	93
1612	72	110	93
1615	63	110	108
1620	75	109	101
1627	80	109	98
1631	80	109	99
1634	79	110	101
1640	83	111	99
1649	80	116	100
1658	84	115	100
1665	92	119	97
1672	98	120	101
1682	103	123	99
1690	106	127	98
1696	109	129	96
1699	111	127	96
1702	111	128	96
1707	113	127	98
1714	120	128	98
1724	127	127	97
1734	132	127	98
1746	140	128	97
1757	149	130	96
1765	159	130	94
1778	168	130	91
1787	177	129	92
1794	186	122	91
1795	199	121	90
1794	212	122	90
1793	227	115	85
1789	240	76	86
1782	257	71	76
1769	266	147	74
1755	271	149	71
1748	278	152	72
1734	289	150	68
1720	299	150	69
1704	305	149	69
1686	309	151	69
1667	312	150	71
1646	317	145	74
1625	320	145	77
1611	321	144	82
1600	325	144	84
1591	331	146	84
1581	335	145	89
1572	343	146	92
1560	353	143	89
1545	362	145	85
1536	368	145	86
1529	376	147	85
1519	384	148	84
1508	389	150	82
1499	395	149	83
1493	397	152	83
1485	402	153	81
1480	409	153	82
1474	414	155	83
1471	421	157	83
1471	428	156	83
1474	434	156	85
1475	439	157	84
1470	442	161	82
1459	419	161	98
1448	421	160	80
1434	399	160	89
1421	388	159	87
1405	366	162	95
1398	367	157	77
1375	339	168	93
1375	349	156	80
1362	352	156	78
1336	303	172	133
1249	197	244	246
1134	0	347	446
1270	0	640	427
1449	6	456	441
1409	17	10	1014
1282	411	153	72
1269	414	156	77
1237	419	181	81
1350	193	61	305
1080	40	108	191
1112	46	347	189
1068	55	312	469
1351	61	480	461
1355	74	460	448
1349	87	447	451
1344	108	438	445
1337	126	422	443
1326	147	409	432
1295	157	416	440
1282	167	408	435
1258	167	411	436
1240	169	413	434
1233	173	404	429
1225	175	400	427
1216	176	404	423
1208	171	401	425
1196	168	396	422
1187	164	393	418
1172	156	396	417
1166	152	386	419
561	88	624	991
565	138	574	929
572	147	554	932
569	145	551	919
573	151	543	925
570	154	535	922
565	163	548	909
563	178	515	899
565	182	529	890
567	188	512	888
569	194	529	883
574	209	525	866
584	218	529	854
587	220	531	854
591	235	503	842
598	228	595	851
590	228	555	838
590	236	522	837
603	240	520	839
600	240	567	839
614	237	791	836
618	238	775	834
633	236	759	842
636	234	756	842
647	240	757	834
649	246	750	828
655	247	732	826
666	257	734	812
668	264	709	804
664	265	721	809
669	267	684	802
670	268	687	800
669	269	661	798
664	265	656	806
664	266	643	806
666	261	626	810
663	258	612	813
658	246	601	822
654	238	601	834
647	227	596	844
641	225	589	854
640	225	587	840
634	224	588	848
625	222	592	855
618	218	597	861
612	221	595	848
605	221	605	854
597	218	615	852
592	225	621	846
581	226	627	849
570	237	639	841
562	233	642	835
564	237	636	825
554	233	642	840
553	230	639	835
543	227	647	851
559	219	636	848
558	214	640	861
555	205	650	855
581	194	625	878
567	187	641	892
577	181	633	897
592	178	621	891
620	163	594	908
631	0	587	1071
637	68	562	1010
645	176	543	899
650	274	522	795
633	318	524	755
647	292	514	786
641	291	519	788
652	259	518	812
642	241	525	836
649	219	519	849
656	182	512	897
679	207	484	864
691	194	477	876
675	212	506	866
680	42	525	1037
689	32	495	1038
646	63	553	999
670	72	534	997
645	6	559	1066
648	166	566	897
616	23	583	1036
591	241	601	809
548	197	648	846
551	141	642	877
649	49	509	976
439	261	702	773
579	128	572	843
583	127	558	797
434	45	689	886
478	211	669	715
461	328	691	570
715	55	493	540
443	381	719	468
557	204	632	599
657	289	536	430
478	376	217	423
466	359	162	404
453	341	172	397
468	290	165	461
476	309	161	422
488	296	159	435
501	288	159	424
498	271	152	430
500	266	155	423
504	261	174	420
503	229	146	445
507	245	149	428
509	256	141	416
507	262	137	412
500	264	136	409
493	266	146	415
479	266	162	378
499	256	226	308
143	188	632	420
840	298	491	487
849	287	483	508
854	258	480	532
846	215	485	575
851	188	472	587
857	184	474	587
860	172	464	588
798	124	548	622
848	127	520	612
940	136	415	596
932	110	424	609
937	96	415	604
940	96	411	585
975	107	364	557
947	92	388	560
942	83	398	563
944	81	394	552
950	68	405	560
969	57	401	575
1011	69	372	561
1004	77	373	549
989	66	374	564
958	61	389	575
946	46	385	592
931	22	404	616
946	23	372	611
953	12	366	609
951	19	369	594
954	24	383	586
965	20	394	591
1010	25	367	592
1021	42	363	576
1021	64	365	570
1024	91	357	566
1020	109	354	567
1019	116	351	573
1030	119	347	570
1041	124	343	567
1049	122	336	570
1053	128	334	572
1055	127	331	588
1060	149	330	573
1064	163	331	565
1069	172	329	566
1070	191	324	562
1071	209	327	550
1072	221	324	544
1075	233	325	535
1078	249	325	533
1084	270	326	523
1090	285	328	517
1095	298	328	513
1100	312	330	506
1104	319	333	498
1109	324	336	489
1115	324	337	482
1125	323	333	469
1132	308	331	468
1137	300	332	457
1139	286	336	458
1143	272	335	451
1143	257	336	447
1143	246	335	446
1142	240	338	446
1140	236	342	442
1139	230	346	441
1142	223	343	440
1135	222	350	434
1131	226	357	421
1128	222	363	419
1120	215	374	415
1113	220	380	404
1104	219	392	401
1097	218	397	398
1089	218	398	386
1077	216	400	374
1066	212	402	367
1052	208	407	365
1043	206	410	363
1033	207	417	361
1027	201	421	361
1022	195	424	359
1010	190	433	357
1003	182	437	360
998	188	436	355
991	190	440	353
983	193	442	356
973	204	441	356
965	221	444	342
953	225	445	343
943	227	443	345
931	234	444	346
921	245	447	336
910	252	444	333
902	265	444	326
892	268	445	328
885	267	447	324
879	269	447	320
873	271	448	314
868	265	450	319
864	257	454	315
861	252	452	318
859	249	455	322
857	249	457	317
849	243	460	313
844	239	469	309
838	230	475	312
836	233	473	303
828	225	477	303
831	227	472	307
835	215	472	319
841	221	470	320
845	242	471	306
838	239	478	317
845	251	470	306
839	251	475	309
843	255	469	300
840	262	470	299
838	265	472	300
843	273	465	294
837	272	473	296
846	280	467	295
849	281	467	293
844	281	472	296
849	283	463	292
846	289	464	282
843	281	458	282
841	264	453	288
841	255	450	290
835	254	450	288
837	251	441	290
834	253	438	289
832	252	431	287
833	261	427	280
839	263	420	282
838	263	416	284
838	274	413	277
839	275	412	283
841	286	403	273
839	289	403	275
839	294	396	274
839	295	395	276
837	298	392	274
837	303	389	272
833	304	388	272
833	303	380	264
833	300	379	261
832	296	374	263
833	295	368	259
832	294	366	260
833	293	363	262
832	293	358	263
836	303	350	257
839	318	341	259
837	333	338	253
834	349	335	254
832	362	333	260
827	374	335	259
830	385	327	260
828	391	322	259
823	400	320	259
811	411	317	254
801	414	312	258
797	418	308	257
795	413	303	260
792	408	302	259
790	400	301	260
786	392	302	260
783	382	299	263
783	375	300	263
787	365	299	265
787	350	297	269
779	341	298	262
760	315	298	263
746	294	297	270
737	276	301	274
735	257	304	272
732	226	307	272
730	190	307	275
729	159	310	273
729	119	317	281
740	91	316	280
757	63	318	282
