0	346	48	21
1	347	47	19
0	347	47	19
0	348	46	18
0	348	46	18
0	347	44	18
0	348	45	18
0	348	45	18
0	348	44	18
0	348	44	18
0	348	44	17
0	349	43	18
0	348	43	18
0	349	43	18
0	348	42	19
0	347	40	19
1	348	40	19
1	347	40	19
1	349	39	19
0	348	37	19
0	349	37	19
0	349	35	20
1	349	34	19
0	345	33	23
0	349	33	21
1	348	33	21
0	344	32	28
0	343	31	31
0	346	32	29
0	344	31	30
0	346	26	29
0	348	26	26
0	348	26	27
0	349	26	27
0	348	24	26
0	348	24	26
0	348	25	24
0	347	25	25
0	347	25	24
0	345	27	25
0	344	29	25
0	343	27	26
0	341	28	28
0	340	30	28
0	340	31	28
0	337	34	28
0	337	33	27
0	336	35	28
0	335	35	27
0	335	32	26
0	333	32	25
0	333	32	25
0	332	31	25
0	332	30	24
0	330	31	25
0	331	32	25
0	330	32	25
0	330	33	24
0	330	34	24
0	331	35	24
0	331	36	24
0	331	38	24
0	331	39	24
1	332	40	23
0	332	41	23
0	333	39	21
0	332	39	22
0	333	40	21
0	332	41	23
0	332	41	23
2	332	40	25
2	332	42	25
1	332	44	25
0	332	45	25
0	332	47	28
1	331	47	30
47	387	15	32
39	381	23	36
0	333	51	25
4	335	60	69
2	333	54	28
4	334	52	27
4	334	53	30
5	333	56	33
6	331	53	37
5	335	56	37
61	239	42	80
62	233	42	24
64	239	37	19
64	239	38	21
63	239	39	22
63	242	38	22
62	243	40	22
63	245	39	21
62	247	37	21
61	248	39	22
62	248	39	24
62	249	38	24
62	249	41	25
63	251	39	24
93	242	50	23
132	235	39	30
132	235	41	30
129	237	43	29
126	239	38	29
93	248	24	31
66	257	39	26
68	260	37	25
68	261	39	25
69	261	40	26
128	242	34	26
127	243	45	25
129	243	45	24
127	245	46	22
72	270	41	17
74	272	36	18
76	273	33	17
77	273	32	16
77	273	32	17
79	274	31	16
79	273	32	17
80	271	33	20
82	274	30	16
83	274	28	17
84	273	27	17
85	274	24	17
86	273	25	17
88	273	24	17
89	273	24	17
90	273	24	17
92	272	24	17
94	272	23	17
94	272	22	17
82	257	36	31
32	313	49	35
32	312	45	75
31	360	63	48
32	311	54	49
33	307	48	45
34	304	57	51
32	305	47	40
35	305	47	40
34	303	33	34
35	302	26	32
36	301	57	48
34	302	59	44
34	300	47	36
36	300	56	44
35	300	53	34
36	298	57	39
36	298	57	34
37	296	58	37
37	297	58	34
38	296	59	34
37	295	56	49
17	335	60	39
30	310	47	62
33	299	44	73
19	322	59	53
37	292	69	34
35	292	50	26
35	292	33	22
24	314	50	48
36	292	33	21
25	311	46	45
39	291	31	20
27	307	44	39
40	290	35	21
39	291	33	21
39	290	55	22
41	290	69	23
41	291	32	23
42	291	32	22
63	288	48	24
44	290	35	24
45	291	34	22
81	285	29	21
46	290	63	16
47	291	48	18
82	286	27	18
46	293	27	43
49	295	29	21
49	295	29	22
51	297	28	20
48	299	31	21
47	299	30	22
46	302	33	18
53	301	24	19
56	302	24	19
92	288	25	15
86	290	40	17
95	288	31	15
96	288	30	15
96	288	29	17
53	307	27	33
39	304	51	30
41	306	42	31
102	287	28	16
102	287	28	16
104	287	32	15
106	287	31	14
108	287	31	14
111	287	32	14
113	287	32	15
116	286	30	15
117	286	30	15
119	286	29	15
121	287	28	16
94	301	16	24
118	289	10	35
82	308	23	19
97	294	43	10
67	308	35	25
62	307	43	21
87	306	19	21
124	289	19	12
134	286	11	28
94	304	18	20
87	307	24	19
87	307	24	19
88	307	24	18
89	307	25	18
89	308	26	18
89	309	27	18
90	309	28	17
90	308	31	18
103	301	57	10
72	310	45	19
85	309	32	21
88	307	37	20
78	309	41	22
68	311	51	21
67	311	50	21
70	312	48	22
70	312	47	21
70	313	47	19
71	314	47	19
70	315	47	20
71	316	49	19
69	317	48	19
70	318	49	20
71	318	48	21
69	319	50	20
71	320	48	19
68	320	52	19
74	321	49	15
37	275	30	35
77	246	37	24
77	247	38	30
77	249	38	33
76	250	45	30
78	250	46	34
77	253	47	32
73	266	46	26
79	269	44	18
75	326	37	10
45	293	35	31
92	259	37	19
93	259	37	19
96	259	42	21
96	261	41	19
100	260	39	22
102	260	41	23
81	322	34	13
81	325	28	25
89	282	39	18
110	261	40	23
106	265	43	21
116	264	36	22
117	265	41	23
114	265	44	24
117	266	42	21
86	318	31	26
119	266	42	21
124	267	43	23
127	266	42	24
129	266	40	22
131	266	41	23
136	266	37	23
137	266	37	25
139	266	36	23
141	267	36	22
143	265	35	26
145	266	36	23
146	266	34	23
147	266	34	23
149	263	35	26
150	266	35	22
151	266	36	21
152	266	35	21
154	268	32	19
155	268	33	19
156	267	34	19
158	268	34	18
161	269	31	19
165	269	29	20
167	269	29	21
167	269	29	20
168	269	30	24
170	269	30	24
170	268	30	27
170	268	31	27
172	268	31	30
172	267	32	31
171	267	34	32
173	268	33	31
174	268	33	33
176	268	31	33
176	267	31	33
177	268	31	33
177	267	31	34
175	266	33	34
180	269	30	32
182	269	29	31
183	271	29	30
185	272	27	29
186	272	29	29
184	270	30	32
186	271	28	30
187	272	29	30
186	268	34	37
185	269	32	31
185	268	31	33
187	267	30	35
185	265	32	35
187	264	32	38
143	320	36	38
96	262	69	30
14	263	44	37
0	265	56	33
31	262	95	20
95	258	48	21
96	257	44	20
96	256	79	49
97	266	85	81
138	331	48	28
191	259	26	39
190	259	26	39
190	259	28	39
190	258	29	43
191	259	27	41
192	259	27	41
192	259	26	41
191	259	27	42
192	260	27	42
193	267	27	35
194	269	26	33
197	274	26	34
196	275	29	35
226	337	49	29
194	279	28	34
194	285	22	55
116	260	42	21
109	261	79	38
159	339	48	28
196	290	31	30
199	294	29	32
199	294	29	33
199	296	29	34
202	298	28	36
203	302	27	34
204	302	26	34
205	307	27	32
203	310	29	31
204	308	29	35
205	312	29	33
254	376	36	22
202	317	32	33
259	385	34	21
207	328	30	25
205	325	34	32
209	332	30	28
210	333	29	28
208	335	32	30
274	405	21	15
281	407	28	22
278	408	31	22
276	403	35	28
213	347	36	46
191	351	52	41
194	354	51	40
195	355	51	40
194	356	52	39
195	361	54	35
196	364	54	33
198	367	53	33
199	371	54	30
200	372	54	29
185	358	70	45
188	364	69	42
206	378	51	28
211	382	49	27
208	383	52	27
213	384	49	27
213	388	49	25
214	392	51	24
214	393	50	23
214	394	51	23
214	396	53	22
219	397	48	23
215	397	54	24
220	400	49	23
230	400	40	22
233	402	39	24
236	403	35	25
239	405	33	24
240	406	35	24
243	407	34	24
245	408	33	24
245	410	33	24
248	410	33	24
251	412	33	25
252	415	32	24
252	417	33	23
251	417	35	25
253	420	33	24
253	422	33	24
253	423	34	24
253	426	34	25
253	427	34	24
254	429	33	25
253	430	35	26
254	431	33	26
253	433	34	26
253	434	34	26
258	373	42	29
253	418	37	48
184	393	79	29
193	388	109	13
259	370	45	28
255	375	39	77
136	371	38	27
130	372	42	25
82	419	29	35
128	375	42	25
124	378	53	28
127	378	56	36
101	405	20	53
81	427	35	35
82	428	34	38
82	429	34	37
83	429	36	42
83	429	36	42
81	431	39	44
163	392	31	47
165	392	38	45
170	396	32	41
170	397	34	38
170	397	33	38
111	389	91	45
169	397	36	39
169	401	36	33
168	402	36	32
168	401	39	33
169	402	38	36
164	403	43	38
85	443	40	49
24	415	102	153
207	602	88	71
82	450	47	48
32	411	94	102
61	455	232	218
128	766	290	120
470	489	117	62
364	343	17	124
302	410	43	19
305	412	41	14
346	454	29	16
346	454	30	15
347	454	29	15
347	455	31	15
351	457	28	15
351	457	30	16
352	457	30	15
327	421	33	14
330	422	28	13
361	459	23	14
359	456	22	13
334	425	30	13
340	430	26	12
354	450	30	25
339	426	24	13
342	429	27	17
345	429	20	12
345	430	19	12
348	429	18	13
352	430	14	11
353	428	14	12
355	430	13	12
357	430	11	12
358	429	11	12
360	429	10	13
361	428	10	12
360	428	10	12
361	427	10	14
361	407	12	27
361	424	12	18
362	403	13	29
362	430	12	14
364	430	11	15
364	417	12	26
365	430	13	14
366	437	10	10
365	437	12	11
366	438	11	10
367	439	10	11
368	440	10	11
369	441	10	12
368	441	11	12
369	442	10	14
369	443	10	14
369	434	10	20
370	445	10	14
370	446	12	14
370	445	10	14
371	423	11	14
371	445	10	10
371	430	10	21
380	426	29	16
402	431	30	12
404	432	30	13
401	433	33	13
403	434	29	12
400	434	30	15
401	436	32	13
401	436	31	15
401	436	30	16
399	439	31	16
399	439	31	16
398	440	31	16
398	442	30	17
396	444	28	18
396	444	27	18
396	443	28	20
394	444	29	21
395	449	28	20
389	449	33	21
388	449	34	25
379	452	42	37
380	453	40	38
380	455	37	36
382	456	36	32
383	457	34	32
383	457	35	33
384	458	34	31
386	458	33	30
385	461	31	26
386	467	28	21
387	459	29	31
387	463	29	26
387	465	27	26
385	460	29	32
387	464	27	28
387	464	27	29
386	463	28	33
385	464	29	34
387	463	27	36
388	463	27	35
387	466	27	32
387	464	27	33
387	464	28	32
388	463	28	33
399	449	19	48
438	427	30	19
392	476	23	16
385	460	29	36
388	454	27	38
388	450	27	43
335	461	44	32
288	395	24	149
239	498	49	59
223	577	41	52
243	502	37	42
218	583	44	27
241	510	33	31
313	447	19	36
311	450	27	33
308	451	29	29
318	453	16	28
315	453	18	27
296	455	36	25
278	461	43	24
278	462	40	24
276	463	39	24
277	462	34	23
276	463	30	23
276	467	36	22
247	450	63	37
365	462	18	36
367	464	23	37
