1328	295	124	68
1328	291	127	64
1327	294	129	62
1327	296	129	64
1327	298	129	66
1325	301	131	63
1326	299	128	64
1326	302	128	65
1324	305	129	63
1323	309	130	64
1323	312	130	63
1323	311	129	65
1325	317	128	63
1324	318	129	64
1323	319	129	64
1323	319	129	65
1321	323	130	63
1320	327	132	63
1319	330	130	63
1320	331	129	62
1319	332	129	63
1318	332	131	64
1319	334	132	65
1318	333	135	66
1316	335	137	64
1315	332	136	67
1320	330	134	67
1318	327	128	66
1321	328	136	66
1319	326	137	68
1319	326	138	67
1321	324	138	70
1322	326	139	70
1323	327	138	70
1324	328	125	69
1325	330	124	67
1325	328	124	72
1325	334	126	68
1326	333	127	73
1325	335	126	70
1328	332	122	76
1295	331	152	77
1327	339	128	74
1331	342	125	72
1332	341	122	71
1328	346	131	69
1331	349	137	66
1333	350	139	68
1195	312	239	100
1050	562	144	65
1045	568	142	63
1044	570	138	62
1044	572	144	63
1044	572	141	60
1044	572	146	61
1044	571	141	64
1043	572	144	62
1043	571	142	62
1043	571	142	63
1041	570	148	65
1042	570	147	63
1041	570	151	62
1039	569	151	60
1038	568	157	67
1040	567	157	66
1136	345	189	72
1332	349	144	70
1339	348	139	68
1335	349	144	68
1331	341	148	72
1333	339	145	72
1185	322	290	90
1459	121	171	125
1238	325	227	86
1389	232	188	76
1184	325	165	70
1330	335	145	85
1328	340	145	78
1152	317	283	95
1455	140	176	108
1337	335	128	69
1184	324	180	76
1174	328	157	71
1327	332	134	67
1252	319	214	79
1193	317	257	85
1166	332	129	109
1187	320	138	70
1325	310	133	77
1181	315	132	73
1185	305	144	83
1172	312	146	74
1185	306	139	79
1175	310	138	74
1178	307	140	77
1184	310	238	62
1179	309	135	75
1176	306	146	78
1177	311	136	73
1178	311	130	78
1176	312	133	76
1177	312	129	76
1178	314	125	77
1178	316	121	75
1177	317	116	76
1177	320	117	77
1176	320	121	76
1178	322	117	79
1176	322	124	80
1174	326	116	81
1172	326	120	81
1173	325	123	80
1170	322	126	86
984	282	304	122
1389	88	183	131
1522	411	211	88
1286	281	134	84
1170	318	333	155
1522	391	249	116
1394	76	133	127
1169	305	138	92
955	297	102	67
947	300	110	62
947	297	112	71
950	298	112	75
948	296	124	76
949	299	127	74
1015	234	146	110
1226	224	146	119
1154	314	146	97
1355	101	133	130
1159	319	145	92
1381	92	93	144
1148	334	142	86
1280	130	177	110
1147	336	142	81
1221	259	157	82
1218	228	148	112
1416	374	165	114
1360	87	124	151
1438	368	220	104
1351	75	132	128
1119	333	149	87
1189	258	161	72
1194	255	161	74
1188	255	155	74
1180	256	157	75
1216	185	110	137
1164	249	155	77
1169	248	145	78
1165	249	140	78
1156	257	156	70
1147	262	156	65
1139	262	161	69
1141	266	158	65
1130	268	154	64
1124	268	163	68
1110	267	167	73
1261	105	165	108
1083	260	314	136
1309	364	208	127
1302	364	206	122
1298	364	201	120
1303	363	198	120
1293	365	202	120
1284	366	205	119
1276	368	205	118
1262	362	202	130
1265	367	207	124
1257	373	211	120
1247	379	212	121
1244	386	213	116
1239	384	212	121
1237	382	213	123
1230	387	215	121
1220	392	209	117
1213	389	208	120
1216	384	206	122
1210	387	208	120
1152	333	246	182
1198	384	219	125
1188	406	206	105
1187	393	206	121
1185	400	214	110
1180	407	204	107
1157	379	200	139
1172	409	229	107
1168	409	210	113
959	133	211	101
967	131	418	370
954	121	198	190
1164	407	238	105
989	132	317	179
1159	405	236	110
1120	401	200	136
1092	384	176	161
983	113	202	244
1121	400	269	147
990	113	172	111
1183	100	135	113
999	114	120	67
1049	145	206	75
1005	112	119	69
1006	112	208	137
1087	129	223	102
1076	177	157	88
1070	173	153	94
1070	176	170	89
1113	129	186	102
1081	174	159	82
1026	95	232	148
1078	126	217	130
1042	95	252	150
1064	90	232	169
1053	97	239	146
1065	100	231	144
1037	84	198	122
1114	85	184	157
1124	81	170	164
1112	78	181	166
1123	77	170	162
1123	75	169	165
1106	72	186	170
1118	71	147	196
1104	68	211	178
1152	77	138	106
1066	64	124	71
1074	65	119	67
1075	62	120	70
1080	61	123	73
1076	62	128	67
1124	70	188	165
