494	286	73	50
491	285	77	51
491	285	76	51
486	284	80	53
485	283	81	54
485	283	80	54
483	280	81	57
483	281	81	58
482	280	82	58
470	281	90	55
472	282	89	55
468	281	91	53
466	280	92	55
467	280	92	56
467	279	92	57
470	277	89	60
469	278	89	60
470	278	88	60
472	276	86	63
472	276	85	62
472	276	85	63
466	274	89	57
467	273	88	60
468	274	86	57
463	273	91	63
464	272	89	63
464	272	89	62
461	271	90	61
461	270	90	62
461	271	91	64
460	269	95	67
460	270	93	65
460	270	92	65
455	269	96	59
455	268	97	63
459	268	94	61
454	268	97	62
454	268	96	63
453	267	98	64
447	267	101	60
448	267	101	61
448	266	101	62
446	265	98	63
446	264	97	64
446	264	99	62
440	264	103	61
438	264	102	62
438	263	104	62
436	263	100	57
437	262	99	57
437	263	98	57
434	264	98	53
433	264	100	54
432	262	100	54
431	263	99	49
430	263	98	49
430	264	97	49
424	263	103	48
424	263	104	48
423	264	103	47
420	264	106	48
420	264	104	47
420	263	105	47
416	264	106	46
416	264	105	46
416	264	105	46
414	262	103	44
414	262	101	44
414	263	101	44
409	262	107	43
410	263	108	43
409	262	110	43
404	262	110	44
406	260	109	44
405	261	108	44
400	261	114	45
402	262	113	43
401	261	113	43
398	259	115	44
399	261	114	44
400	260	112	44
394	259	111	40
396	259	111	41
395	259	110	40
391	256	106	47
392	257	107	46
392	257	106	46
388	255	107	47
388	257	107	47
389	256	107	47
385	257	108	43
385	258	108	45
386	257	108	45
383	258	112	44
382	258	113	44
383	258	113	43
379	257	116	44
378	258	115	43
378	257	115	43
375	257	117	45
376	256	117	46
375	256	117	45
371	254	108	41
371	254	108	40
371	254	108	40
365	255	118	43
365	255	117	41
364	254	117	42
360	258	123	40
361	258	121	39
361	258	121	39
357	258	122	41
357	258	121	42
357	258	121	43
352	256	126	42
353	256	123	42
353	258	127	41
352	257	124	41
351	259	125	41
352	259	124	40
347	259	130	41
347	260	129	40
347	260	129	40
345	260	132	41
346	260	133	41
346	261	132	40
341	260	135	41
341	260	135	42
341	261	137	42
338	261	149	46
338	262	146	48
338	261	147	49
335	260	110	51
336	260	110	49
336	260	109	46
334	259	106	44
335	259	106	44
334	259	106	44
329	258	109	43
330	257	110	43
331	258	107	43
324	257	110	44
325	257	110	44
325	258	109	44
323	258	112	45
323	258	111	45
322	258	112	44
319	261	108	42
319	262	111	40
319	262	110	40
317	262	105	41
318	263	104	41
318	263	105	41
310	264	111	40
310	264	109	40
310	264	117	41
304	265	115	41
303	265	119	41
303	265	117	41
300	267	117	41
302	266	114	41
301	266	116	41
299	268	112	41
299	267	111	41
299	267	111	41
294	268	116	40
294	268	115	40
295	268	115	41
288	267	120	41
289	267	119	41
289	267	118	42
285	270	120	40
286	270	121	41
284	269	121	41
275	270	131	45
276	269	129	44
275	270	130	44
275	270	125	45
276	271	123	46
276	270	123	47
272	270	124	51
273	269	123	51
273	268	124	52
272	269	117	53
272	269	117	52
271	268	117	52
268	267	120	51
267	268	120	51
267	269	121	49
260	267	125	50
262	269	124	49
261	267	124	50
261	269	125	49
260	268	125	51
260	269	125	51
257	270	126	50
258	269	126	51
258	270	125	51
255	269	127	50
255	269	128	50
256	268	128	51
251	272	128	48
252	272	125	48
251	272	127	48
248	273	128	49
248	273	128	47
249	273	129	47
242	273	128	51
243	275	132	50
242	276	134	48
240	277	141	49
240	277	138	47
241	277	140	48
235	278	143	49
237	278	141	49
236	278	142	49
229	281	146	47
230	280	142	47
230	281	143	47
226	281	143	48
228	281	141	47
227	281	142	48
221	283	151	51
221	282	148	53
222	283	150	51
216	284	143	52
217	284	142	52
217	284	144	52
212	284	135	55
211	285	136	57
210	284	137	57
203	286	135	60
205	286	128	61
207	286	126	57
190	287	137	60
192	286	133	61
185	286	139	65
192	284	127	57
194	286	126	58
196	286	125	56
192	285	128	61
189	286	130	59
189	286	131	59
184	287	134	60
182	287	137	57
183	288	135	57
172	291	135	56
171	293	136	56
173	293	135	54
174	291	138	57
174	291	138	60
173	291	139	59
169	290	143	57
169	291	142	57
169	291	143	56
160	293	150	57
164	292	148	59
162	293	148	57
155	295	150	64
157	295	150	62
158	296	149	62
146	298	160	63
150	299	157	59
150	299	156	57
143	300	163	57
145	299	161	57
145	300	161	57
136	303	167	55
136	303	169	53
136	304	169	53
131	302	173	53
131	302	171	53
131	301	171	53
127	302	176	58
127	301	177	60
127	301	177	60
119	308	178	51
119	307	178	52
118	309	179	51
114	310	183	49
115	309	183	50
115	310	183	49
107	311	192	52
109	309	191	53
108	310	190	52
104	313	198	52
104	312	197	53
104	312	198	53
96	314	199	52
97	314	199	52
97	314	198	52
91	315	192	54
91	314	190	55
90	315	189	54
86	320	183	50
87	321	182	51
88	320	184	51
81	320	190	49
82	321	183	48
83	321	185	47
71	324	192	51
75	322	195	54
74	322	193	53
69	324	190	54
69	324	190	54
69	323	190	54
64	326	191	54
65	326	191	52
64	327	193	53
65	327	181	51
66	328	181	53
66	327	181	53
65	327	176	55
65	328	175	59
65	328	174	60
64	329	175	60
62	328	176	59
63	329	178	62
56	329	180	62
54	331	180	58
54	330	183	62
52	328	174	43
56	329	180	37
53	329	180	37
42	330	188	42
42	330	190	44
44	329	182	44
43	332	172	44
44	331	169	45
45	330	169	43
41	332	165	49
46	331	160	49
42	332	163	46
31	328	170	55
33	329	167	54
31	330	169	55
37	329	156	57
35	329	159	58
40	331	151	54
28	331	158	48
32	328	155	52
30	330	156	53
31	329	149	55
35	329	143	56
34	329	145	55
28	329	142	62
30	329	140	67
31	329	141	70
17	330	145	73
31	331	131	73
28	328	135	75
8	330	147	79
14	330	141	77
11	330	146	79
6	322	187	68
4	330	193	62
10	330	181	58
30	318	145	75
34	320	168	72
36	318	162	72
48	324	164	66
40	322	170	71
49	325	156	68
3	310	211	84
300	604	91	50
299	611	89	75
332	603	120	103
299	599	89	108
301	603	87	105
299	602	89	98
296	540	103	130
297	598	91	109
301	604	87	108
301	602	93	97
302	604	89	106
302	607	89	88
303	605	85	99
302	607	85	99
323	600	172	103
