315	48	353	152
317	47	343	184
336	52	340	178
332	56	358	180
342	60	356	191
346	67	358	192
366	79	353	193
370	91	359	190
375	94	371	195
383	97	553	251
376	88	409	216
681	104	569	294
392	92	616	238
403	95	412	225
665	104	543	278
700	99	909	255
675	115	816	223
375	116	470	237
734	122	605	287
717	122	667	252
418	130	494	252
730	140	704	342
329	148	636	239
708	140	630	222
504	128	603	281
742	153	701	212
741	168	626	231
764	158	670	221
753	156	587	205
754	168	617	233
562	181	848	198
775	165	626	207
597	179	670	195
612	149	707	193
791	150	494	211
804	159	488	202
524	171	714	217
702	136	615	211
794	151	520	215
505	127	696	250
544	141	416	223
522	142	804	245
560	132	429	228
557	141	685	234
573	147	521	198
557	148	480	205
577	130	484	217
574	146	532	205
578	152	479	194
574	154	439	202
568	154	468	202
572	155	436	200
571	155	460	198
570	152	472	204
564	166	462	194
546	145	445	235
590	155	398	241
465	168	527	231
508	175	548	215
504	150	653	279
597	139	592	271
459	169	1301	434
556	156	1222	429
572	164	1327	465
525	161	1289	448
478	140	1304	482
479	156	1188	440
632	130	994	353
996	157	909	296
1073	176	764	296
1102	143	300	195
870	144	902	197
467	241	1384	205
331	239	1495	322
444	163	1234	459
453	155	1178	394
328	180	1568	459
324	208	1225	375
524	159	1168	412
464	201	1275	383
353	167	1229	405
294	222	1389	405
292	183	1587	314
268	196	1533	395
279	183	1266	376
218	241	1286	359
257	197	1622	298
190	232	1293	420
190	199	1415	383
168	189	1378	323
248	159	1356	335
708	141	889	320
873	122	727	258
750	113	873	305
655	147	954	262
882	123	674	215
800	141	852	227
878	133	765	208
749	147	857	228
785	117	799	251
774	142	646	249
777	122	800	200
805	146	674	206
836	159	788	198
803	147	775	232
822	134	794	232
887	155	688	237
827	148	746	195
833	168	544	167
854	183	507	188
933	152	692	213
790	136	635	285
751	116	858	251
813	136	705	282
690	133	789	257
750	158	794	225
783	144	734	237
719	133	666	295
876	126	760	239
1132	145	546	207
1292	155	368	187
1319	153	362	187
1296	157	407	178
1318	155	378	165
1289	149	398	199
1031	179	651	199
1080	150	620	204
1027	149	657	219
1248	149	481	206
1109	157	617	181
860	130	820	244
947	152	781	221
1013	132	694	251
1138	144	633	231
1016	152	506	250
870	164	673	248
815	218	660	216
1011	163	645	271
857	214	685	247
940	164	660	278
853	168	783	289
722	144	912	301
787	92	733	305
863	151	810	322
874	104	834	297
1241	137	634	245
862	93	896	317
1051	132	646	273
842	107	729	312
1097	141	796	250
971	191	609	270
1139	144	729	255
891	113	674	325
908	119	891	313
782	65	509	277
1014	150	558	295
1051	148	645	298
899	139	717	281
768	95	453	271
1155	178	529	253
1158	156	569	259
968	150	782	259
1119	156	553	260
1113	272	560	258
1172	151	472	297
1048	155	599	272
1093	134	546	328
1142	150	552	321
1112	148	583	252
833	128	850	364
862	174	850	264
889	172	829	324
870	147	840	296
872	176	872	268
891	164	869	309
943	155	817	313
880	168	877	295
851	118	900	310
853	174	894	254
899	160	930	280
894	159	887	294
880	164	846	266
904	136	929	307
1281	144	531	272
899	172	870	277
903	142	843	308
918	154	861	275
925	144	869	313
941	144	911	290
986	142	891	299
965	138	920	313
975	134	906	303
1149	136	744	276
967	137	709	296
1107	125	783	306
1287	125	606	274
