1867	719	53	68
1836	713	58	67
1779	679	104	78
1608	768	163	65
1509	709	126	116
1380	761	261	119
1364	774	304	111
1282	615	532	221
785	710	413	170
420	301	322	184
472	335	312	217
718	684	450	203
495	400	597	329
603	639	742	224
487	533	662	262
485	459	887	386
509	438	512	297
532	593	593	249
538	272	902	535
427	450	1035	414
1100	617	560	286
381	418	685	372
1022	616	584	283
358	458	497	275
1046	654	388	206
749	344	1060	294
248	564	818	277
482	518	756	324
651	552	614	282
800	603	580	250
871	654	397	196
817	594	440	238
988	664	511	162
1038	729	373	144
650	522	750	295
770	664	591	219
979	714	419	170
558	428	745	404
354	671	987	235
811	670	497	226
941	632	435	260
393	321	1219	454
398	457	905	443
609	521	626	319
237	516	1282	265
527	461	642	350
369	522	741	258
711	469	712	307
320	474	644	328
585	483	781	325
483	465	604	399
568	464	757	335
464	412	687	372
351	554	628	327
453	401	623	387
564	417	607	359
409	444	563	448
377	440	505	466
375	477	616	454
257	503	570	408
310	476	464	361
779	577	407	185
392	580	394	200
315	549	845	241
728	552	535	232
168	564	711	322
367	490	505	414
533	461	614	303
468	543	703	265
597	566	509	232
657	582	412	188
557	540	490	199
157	494	343	199
442	270	377	264
670	512	395	260
261	382	511	332
541	460	473	261
195	501	465	205
649	534	468	140
771	715	407	157
532	439	379	243
606	548	280	177
512	396	380	193
654	548	489	320
686	640	421	243
580	504	462	200
495	528	415	196
494	584	611	337
513	541	527	224
382	592	348	299
57	510	394	185
188	312	652	402
656	495	864	232
369	516	572	286
168	466	524	274
536	529	446	198
65	567	484	195
32	625	772	256
800	325	619	353
698	263	675	451
517	490	993	317
547	528	1016	292
640	475	946	265
772	421	1142	323
698	502	1013	394
618	517	838	350
1021	670	706	236
