866	695	102	67
868	697	91	73
860	700	96	78
859	702	93	80
859	704	94	79
852	707	95	80
852	705	96	80
850	705	98	87
849	705	94	84
850	705	94	81
848	707	99	88
849	706	99	95
832	688	157	168
857	702	86	101
835	719	179	177
919	579	114	118
857	702	93	91
860	700	100	98
862	699	94	96
869	701	91	90
877	698	83	93
867	699	161	171
871	498	160	150
833	638	123	134
871	684	169	197
957	787	100	102
866	687	106	105
814	475	169	108
577	481	125	104
690	465	119	106
694	464	151	127
952	737	89	64
924	765	108	117
947	772	91	107
941	769	93	110
940	765	90	106
846	677	178	195
905	508	126	137
704	474	157	161
815	450	127	117
809	450	133	116
708	472	218	132
562	742	92	50
560	795	77	82
554	798	71	83
549	798	69	79
545	800	71	85
546	803	66	78
540	804	69	83
533	804	72	80
526	801	75	82
514	797	81	84
517	798	81	83
510	795	81	82
506	794	82	84
504	796	89	83
504	797	85	82
500	800	89	78
498	805	89	76
494	811	87	75
493	808	83	75
499	809	78	72
493	808	82	72
492	805	84	75
490	814	87	67
475	786	102	89
478	815	95	68
481	822	89	61
467	817	98	77
462	810	107	92
466	802	113	109
461	804	109	105
442	784	109	110
475	621	101	302
528	455	118	171
361	223	97	133
367	221	91	132
582	431	78	99
642	471	150	80
480	536	102	83
497	535	83	82
499	537	80	76
495	536	87	76
510	536	70	74
510	530	73	71
509	531	74	73
511	528	72	67
510	526	78	67
611	419	100	90
616	421	113	88
631	424	197	177
623	445	363	211
973	541	158	151
1012	564	99	107
1015	566	92	101
1022	562	86	99
1029	563	78	99
1032	553	76	105
1036	554	72	106
1036	553	71	107
1039	546	72	112
1048	548	71	99
1047	543	79	100
1052	525	85	115
1051	537	64	111
1060	527	70	114
1000	492	123	131
1060	524	84	101
1070	502	74	122
1067	506	69	115
1072	509	74	108
1078	516	95	105
1070	490	83	118
1073	501	88	103
972	450	135	123
1138	515	85	121
1103	504	91	120
1148	504	81	103
1175	512	51	96
1171	508	57	113
1151	472	74	140
1173	498	57	116
1160	473	68	131
1182	492	49	108
1098	385	62	94
1098	381	68	95
1035	439	169	144
853	448	125	174
658	661	96	143
513	623	117	130
513	617	99	122
506	612	103	114
514	607	95	106
501	607	57	114
499	603	99	103
498	594	107	100
499	578	100	112
500	578	102	111
486	567	113	120
496	562	102	113
548	583	205	181
635	638	121	124
633	636	124	122
649	635	111	97
533	426	75	72
528	428	75	78
525	428	92	87
676	434	96	87
678	432	100	83
641	429	130	92
478	508	108	100
518	433	74	101
484	516	90	90
513	430	85	73
622	383	109	122
496	499	81	91
520	429	78	68
513	430	80	101
495	488	85	95
483	469	102	117
512	459	74	116
537	430	63	69
488	497	103	86
490	490	104	95
490	490	108	99
528	455	245	230
473	488	128	106
484	485	123	108
503	475	166	60
489	485	117	98
533	440	236	231
831	377	163	227
673	587	98	92
668	601	93	78
709	607	77	68
709	608	73	64
709	607	79	63
659	552	127	119
534	461	108	104
522	433	129	140
522	449	129	110
529	453	237	183
548	435	164	114
546	436	94	93
547	438	118	96
558	433	125	106
553	437	85	82
584	430	83	99
585	421	119	101
593	406	121	111
599	413	109	102
598	405	113	106
602	405	111	99
602	396	115	103
608	399	109	102
614	396	100	99
621	392	101	105
626	392	106	101
639	391	102	104
640	391	112	114
640	396	110	106
641	399	114	111
648	399	114	115
659	406	107	104
658	406	109	107
661	408	107	95
661	409	106	96
661	410	112	93
675	417	103	89
669	416	108	91
664	418	116	92
658	420	96	92
656	419	104	105
653	421	96	101
663	419	253	163
701	769	148	188
711	755	147	204
871	423	82	172
652	434	69	91
650	443	71	90
648	446	73	85
646	452	89	87
652	439	229	167
635	445	86	108
640	453	90	97
639	458	85	90
637	460	111	92
637	467	80	84
637	468	95	83
637	463	140	88
635	472	79	86
636	473	84	84
635	471	81	85
635	475	83	85
635	476	84	84
636	477	81	84
636	475	82	90
631	474	75	92
630	477	83	92
629	470	83	100
629	470	90	103
625	467	87	103
624	478	84	88
628	475	86	92
627	486	83	83
627	492	84	78
626	497	84	74
629	499	88	72
631	498	89	73
633	500	86	70
632	501	84	70
632	505	85	65
640	498	99	70
636	499	92	74
640	502	83	71
639	501	88	72
643	492	108	77
641	497	90	77
641	496	92	77
641	497	88	77
642	496	85	75
644	496	87	76
646	494	88	74
648	492	83	74
648	493	85	74
650	491	82	76
655	491	84	75
658	490	84	78
661	490	83	79
