1004	0	181	36
995	0	186	38
986	0	183	42
973	0	266	45
963	0	269	48
955	0	263	49
946	0	265	52
939	0	261	52
929	0	264	51
919	0	261	50
910	0	258	52
899	0	257	53
887	0	262	56
876	0	270	57
864	0	279	58
852	0	272	63
840	0	268	65
829	0	266	67
817	0	270	65
805	0	275	67
794	0	276	65
782	0	266	67
768	0	238	68
754	0	255	68
741	0	252	66
727	0	260	66
715	0	264	67
699	0	273	68
687	0	275	72
674	0	272	73
664	0	269	74
657	0	263	74
648	0	262	76
637	0	258	76
627	0	251	78
615	0	245	83
602	0	244	86
589	0	237	87
575	0	235	86
562	1	230	85
549	2	226	82
544	0	209	94
543	0	193	90
546	0	191	91
543	4	184	88
539	5	168	91
535	8	148	96
530	11	317	451
529	12	304	399
545	12	303	396
679	248	180	170
677	247	188	185
675	246	195	203
673	244	192	205
669	241	173	205
665	241	174	206
662	241	165	207
656	238	161	213
651	236	157	217
647	236	147	216
645	235	142	177
644	232	156	189
643	230	170	219
642	229	179	187
644	228	183	200
644	226	183	211
643	224	184	214
642	221	175	216
641	220	168	217
639	220	167	218
637	219	165	221
636	219	154	223
637	219	148	223
644	238	153	193
653	257	150	153
646	272	158	156
660	291	138	136
672	311	125	114
454	113	255	76
444	74	275	117
444	72	320	133
508	74	318	198
459	75	355	209
484	74	344	219
459	74	380	209
522	86	329	202
563	108	305	184
666	118	218	183
658	147	244	191
650	138	264	260
641	129	283	268
625	117	312	212
641	107	303	230
626	97	326	248
619	88	451	298
492	76	577	306
499	68	568	530
487	59	575	329
455	41	603	344
461	34	598	353
493	21	564	367
492	12	563	381
493	0	564	397
513	0	544	403
500	0	558	410
499	0	566	417
498	0	573	423
497	0	579	427
500	0	592	441
560	0	534	442
502	0	602	450
498	0	607	443
496	0	244	292
498	0	171	206
499	0	166	164
496	0	169	201
492	0	163	167
471	0	185	159
479	0	174	156
480	0	176	156
479	0	184	154
484	0	182	167
505	0	89	144
497	0	156	144
471	0	193	159
473	0	193	164
517	0	28	46
527	0	17	21
0	0	1	1
0	0	1	1
0	0	1	1
0	0	1	1
0	0	1	1
0	0	1	1
0	0	1	1
0	0	1	1
0	0	1	1
0	0	1	1
0	0	1	1
0	0	1	1
0	0	1	1
0	0	1	1
0	0	1	1
0	0	1	1
0	0	1	1
0	0	1	1
0	0	1	1
0	0	1	1
0	0	1	1
0	0	1	1
1174	607	61	91
1166	590	99	133
1159	615	127	115
1119	550	186	194
1156	626	158	126
1156	629	163	126
1159	630	161	129
1170	634	152	131
1316	746	10	18
0	0	1	1
0	0	1	1
0	0	1	1
0	0	1	1
0	0	1	1
1188	153	121	212
1184	183	117	181
0	0	1	1
0	0	1	1
1089	131	227	224
1075	128	324	696
1067	135	334	689
1058	142	355	696
1047	145	372	698
1034	148	391	699
1028	151	406	702
1019	154	368	192
1008	149	380	197
1000	160	454	700
994	166	476	705
987	137	485	732
979	132	410	217
971	131	520	762
963	139	427	210
959	157	549	738
946	160	568	740
938	168	587	743
931	174	602	739
923	180	623	738
911	185	641	736
900	172	659	751
889	168	679	761
883	184	691	743
874	180	707	752
869	184	715	749
1251	179	338	759
1239	177	356	765
1242	188	361	758
1579	914	27	32
1529	913	82	37
824	263	795	691
1598	932	22	21
1609	937	13	15
0	0	1	1
0	0	1	1
0	0	1	1
0	0	1	1
0	0	1	1
0	0	1	1
0	0	1	1
0	0	1	1
562	63	30	32
414	0	205	160
419	0	200	179
420	0	242	205
423	0	198	238
423	0	232	251
427	45	196	225
0	0	1	1
0	0	1	1
417	53	205	274
416	21	251	324
416	17	277	350
415	54	207	332
416	62	201	356
265	961	14	32
108	773	621	421
129	781	603	411
173	210	676	880
237	249	611	593
403	248	445	321
391	231	453	329
257	278	233	848
380	264	132	326
419	271	112	334
413	301	135	333
409	290	162	404
398	299	175	424
371	375	205	347
381	361	205	360
359	368	243	360
420	436	198	319
466	507	167	269
436	487	212	312
443	493	220	327
451	506	225	335
467	515	227	349
490	556	2521	423
534	599	184	251
2431	1051	13	24
504	536	250	398
548	626	222	327
544	619	242	344
560	632	253	367
565	624	272	388
579	638	274	388
600	688	267	353
630	724	315	341
630	713	317	362
651	729	259	356
677	749	251	363
708	791	234	328
737	829	224	305
749	851	224	301
809	858	178	323
727	869	304	416
921	997	916	121
765	870	1078	422
778	972	1071	325
827	985	1027	276
818	988	1039	318
834	991	1025	320
1661	999	206	117
1687	999	185	120
978	1026	897	269
1662	1010	219	107
912	1008	347	385
927	1014	957	337
943	1039	330	382
956	1029	187	422
973	1115	352	238
1278	1277	56	43
1005	1043	359	446
1018	1043	367	484
1034	1051	361	498
1066	1020	856	268
1088	1017	841	351
1759	1013	173	65
1121	1010	816	274
1109	1007	831	646
1774	1022	139	33
0	0	1	1
1137	1447	35	51
1129	1438	139	279
1125	1439	158	292
1131	986	829	708
1131	978	837	799
1128	1472	217	308
1141	1499	172	304
1164	1514	160	305
0	0	1	1
0	0	1	1
0	0	1	1
0	0	1	1
1267	1618	75	290
1255	1607	104	328
619	1648	748	310
677	1647	696	339
0	0	1	1
0	0	1	1
1183	317	17	26
1126	78	95	316
1138	92	90	322
1136	135	104	309
1134	144	108	322
1135	170	104	319
1137	192	89	327
1137	238	83	305
1135	268	82	304
1131	291	84	301
1128	341	89	288
1127	370	95	283
1123	374	101	301
1118	384	109	321
1112	406	118	335
1109	427	124	317
1102	457	124	322
1088	471	135	348
1073	539	139	303
1062	549	153	312
1043	577	178	303
1026	592	201	304
1000	596	232	306
986	640	245	248
983	674	248	223
982	726	251	174
979	773	246	136
978	778	236	139
975	763	228	159
975	750	219	172
979	736	200	189
983	722	171	208
984	711	152	229
984	698	135	250
992	686	91	254
990	677	115	257
978	669	126	209
987	661	124	222
988	654	134	246
988	648	95	246
990	644	99	239
992	640	114	231
983	635	135	228
992	630	132	220
972	626	152	204
969	619	125	193
953	613	145	155
942	603	163	141
933	336	439	404
926	589	195	151
922	581	211	157
916	574	230	162
911	565	252	168
912	558	267	170
910	549	284	175
908	543	294	183
908	533	302	200
912	525	287	203
915	513	259	206
916	504	247	200
917	493	234	199
917	483	251	210
917	473	245	220
915	461	256	240
914	448	272	257
913	437	272	272
911	424	267	278
911	411	257	288
915	401	240	285
921	390	242	280
932	380	233	254
940	370	231	253
942	359	210	257
943	348	192	263
940	336	171	281
934	325	159	336
930	313	137	352
927	301	127	356
926	292	141	354
931	281	151	355
934	272	156	244
937	262	154	255
935	254	142	372
915	244	140	384
875	240	140	278
841	233	183	265
812	228	218	232
783	223	259	237
750	219	312	213
728	209	339	211
698	200	357	198
665	198	347	197
632	193	343	230
600	192	343	249
563	183	346	222
529	177	364	214
489	170	372	202
446	167	374	229
407	169	375	215
350	165	386	216
315	160	392	198
267	160	392	184
226	161	389	202
171	176	377	166
120	183	394	147
57	203	399	122
15	228	399	124
0	251	416	129
0	283	405	124
0	309	319	117
0	356	221	112
0	382	226	118
0	0	205	547
0	0	196	580
0	0	180	606
0	0	172	657
23	0	137	58
15	0	135	61
2	0	138	62
0	0	129	59
0	0	120	59
0	0	109	57
0	0	1	1
0	0	1	1
0	0	1	1
5	20	7	18
0	0	1	1
0	0	1	1
0	0	1	1
0	0	1	1
0	0	1	1
0	0	1	1
0	0	1	1
0	0	1	1
0	0	1	1
0	0	1	1
0	0	1	1
1699	919	33	26
0	0	1	1
1650	749	119	158
0	0	1	1
0	0	1	1
0	0	1	1
0	0	1	1
0	0	1	1
1848	735	9	24
0	0	1	1
4	825	130	32
1754	643	74	55
0	674	209	165
0	697	220	404
0	0	1	1
1386	448	257	132
1345	412	544	187
1294	299	700	398
1244	170	832	450
1188	339	746	251
1129	326	764	244
1070	314	766	211
981	301	852	196
960	274	895	210
908	273	948	212
850	276	801	347
796	280	796	336
679	280	844	247
349	279	1058	484
0	0	1	1
377	386	1263	1774
380	313	1267	1847
388	378	1250	1782
250	317	775	363
220	529	1313	1606
659	439	844	1617
1280	2027	261	133
1284	2030	217	130
1275	2034	211	126
1244	2035	247	125
1231	2045	241	115
0	0	1	1
522	195	157	410
0	0	1	1
0	0	1	1
546	135	293	428
572	125	267	413
586	112	255	409
586	99	256	424
585	86	257	438
583	73	260	451
587	47	268	476
555	10	316	512
544	31	339	491
537	28	367	490
524	23	390	500
534	15	393	505
552	3	467	515
570	0	494	496
716	0	350	519
687	0	377	509
683	0	381	450
683	0	396	341
691	0	414	334
695	0	421	393
696	0	447	334
699	0	459	330
700	0	481	328
705	0	495	322
707	0	507	353
707	0	521	365
716	0	515	352
719	0	542	349
726	0	563	351
730	0	604	332
747	0	621	335
735	0	643	335
743	0	662	205
743	0	703	254
975	0	494	239
992	0	597	233
1027	0	524	230
1064	0	549	229
1117	0	495	208
1162	0	486	245
1211	0	446	180
1218	0	462	161
1259	0	385	148
1302	0	383	134
1353	0	144	114
1426	0	165	104
1472	0	145	95
1563	0	201	724
1565	0	78	22
1600	565	187	146
1598	559	181	144
1590	551	166	145
1580	543	312	147
1577	537	314	148
1568	527	210	149
1561	520	176	148
1558	519	165	143
1549	492	177	171
1548	489	172	156
1548	483	123	157
1493	375	212	261
1548	472	138	149
1547	469	111	141
0	0	1	1
0	0	1	1
0	0	1	1
0	0	1	1
0	0	1	1
0	0	1	1
0	0	1	1
0	0	1	1
0	0	1	1
0	0	1	1
0	0	1	1
0	0	1	1
0	0	1	1
0	0	1	1
0	0	1	1
0	0	1	1
0	0	1	1
0	0	1	1
0	0	1	1
0	0	1	1
0	0	1	1
0	0	1	1
0	0	1	1
0	0	1	1
2715	568	23	266
2615	521	286	349
2597	552	304	328
0	0	1	1
2554	575	347	326
2495	567	406	342
2462	549	439	363
2431	597	470	333
2403	597	498	335
2376	565	682	369
2348	589	681	356
2325	609	678	337
2302	621	675	334
2281	634	667	335
2261	641	660	337
2236	649	642	339
2201	653	666	351
2190	676	659	332
2174	680	642	332
2159	690	774	330
2141	698	657	331
2119	700	730	339
2107	707	635	336
2091	721	643	336
2076	728	648	336
2061	738	661	341
2049	745	620	340
2033	755	675	338
2026	768	614	331
2012	780	586	329
2002	777	600	338
1989	803	595	317
1980	808	578	315
1391	799	1159	1040
1963	857	589	278
1955	815	562	321
1947	871	565	269
1366	852	1139	978
1936	857	560	287
1312	850	1165	939
1313	872	1161	910
1932	882	528	269
1931	884	526	271
1919	886	541	274
1915	884	538	276
1915	895	549	267
1910	902	556	258
1914	906	541	256
1912	908	501	255
1907	911	499	254
1904	914	512	251
1904	918	510	250
1905	916	511	254
1904	918	508	254
1905	916	517	260
1903	923	524	258
1904	935	520	250
1902	920	518	269
1901	911	518	280
1902	916	507	278
1904	915	507	283
1905	912	501	289
1909	900	496	306
1913	897	493	308
1921	896	484	311
1923	905	491	303
1920	909	473	298
1923	914	457	293
1924	921	439	288
1934	920	435	288
1952	917	413	295
1965	921	389	294
1972	925	376	296
1983	937	361	292
1986	931	345	301
1990	939	326	294
1994	950	309	287
1988	943	300	301
1954	969	322	273
1098	501	1160	737
1998	948	253	300
1994	955	245	302
1998	958	227	306
1995	969	220	295
1503	530	706	735
1497	504	703	759
1492	479	213	303
1478	476	204	332
1458	477	150	185
1469	434	136	229
1482	419	132	263
1480	409	148	294
1477	403	164	453
1399	394	253	512
1373	291	288	456
1482	368	192	334
1492	344	210	349
1503	313	228	398
1515	286	218	380
1522	264	203	405
1523	243	204	381
1521	217	176	409
1521	195	141	423
1523	175	143	418
1525	151	153	437
1531	128	169	396
1538	105	193	413
1539	67	197	439
1539	64	203	407
1539	50	199	415
1538	24	165	431
1538	13	163	425
1542	0	174	435
1555	0	186	394
1565	0	205	375
1561	0	229	344
1561	0	237	316
1563	0	237	305
1563	0	216	294
1562	0	194	295
1562	0	186	290
1560	0	208	268
1565	0	241	248
1564	0	270	207
1570	0	280	189
1565	0	295	174
1681	0	170	152
1706	0	127	147
1727	0	120	156
1568	0	253	166
1579	0	306	96
2141	155	50	37
0	0	1	1
2141	162	218	365
2129	82	93	132
2129	81	97	131
2127	80	99	132
2126	80	101	132
2130	80	99	131
2132	78	97	133
2133	77	97	132
2133	75	97	133
2131	74	97	133
2131	72	98	135
2130	71	97	135
2130	69	97	135
2130	67	100	135
2129	66	97	135
2129	65	97	134
2128	63	97	136
2128	61	97	138
2126	59	100	138
2125	57	101	138
2124	55	102	139
2125	53	102	140
2119	52	109	140
2115	50	114	142
2114	49	116	143
2114	45	116	147
2115	45	122	147
2117	43	123	149
2118	42	116	151
2121	41	112	152
2123	39	109	155
2127	42	104	153
2128	41	103	155
2128	43	102	155
2125	38	104	161
2121	35	107	168
2131	40	96	167
2132	40	96	151
2135	38	92	138
2135	39	89	127
2137	39	85	109
2140	39	80	104
2144	40	67	93
2151	44	51	83
0	0	1	1
2160	337	15	32
2169	343	9	8
2197	245	16	11
2129	0	164	322
2124	0	175	307
2120	0	183	275
2115	74	78	141
2110	79	88	138
2105	79	97	140
2101	71	115	160
2096	80	116	149
2093	74	131	158
2090	83	152	148
2089	85	152	154
2089	86	153	154
2089	88	154	155
2087	90	158	152
2086	92	159	150
2087	91	158	153
2086	91	159	152
2088	94	156	149
2088	94	156	150
2086	94	157	151
2081	94	162	154
2080	94	165	153
2079	96	165	151
2079	97	166	149
2076	99	170	147
2074	101	174	146
2074	102	173	147
2074	102	175	146
2069	99	177	149
2066	97	181	151
2066	93	180	155
2067	91	180	158
2067	94	179	155
2065	96	180	154
2064	97	179	152
2061	97	181	151
1553	191	313	204
1553	173	341	211
1559	159	359	219
1560	148	386	224
1589	134	383	232
1612	121	382	238
1633	111	387	234
1642	98	600	263
1661	85	414	260
1683	71	417	258
1733	57	508	246
1737	48	504	250
1765	38	476	367
1790	28	448	254
1822	19	415	263
1862	2	394	271
1895	0	384	250
1942	0	365	234
1975	0	350	235
1978	0	380	234
1997	0	405	234
2019	0	339	234
2053	0	359	235
2096	0	309	221
2114	0	305	228
2151	0	275	226
2167	0	263	192
1417	0	963	535
1397	387	199	153
1399	0	1015	539
1420	378	167	145
1429	374	165	146
1431	371	169	145
1464	367	143	144
1433	363	181	144
1433	360	187	144
1437	356	190	145
1444	353	189	144
1449	349	190	146
1456	345	189	146
1466	343	184	144
1470	340	186	146
1460	338	204	151
1455	332	215	157
1452	330	223	161
1450	326	231	165
1449	323	238	168
1503	320	187	146
1507	315	190	147
1455	312	246	183
1512	309	191	147
1514	305	194	148
1517	303	192	146
1521	301	196	146
1525	298	195	145
1530	299	196	142
1535	297	194	141
1540	297	193	137
1544	296	194	137
1548	297	194	133
1553	296	195	132
1557	298	192	126
1559	296	197	127
1562	297	197	123
1566	299	196	120
1568	299	199	118
1570	298	200	118
1573	298	201	116
1575	296	202	117
1578	284	203	126
1581	277	203	130
1584	274	204	132
1587	269	205	136
1592	265	203	137
1595	261	203	139
1594	258	207	141
1596	255	208	142
1604	260	200	133
1602	247	208	143
1611	145	200	242
0	0	1	1
1615	53	729	328
1627	34	707	341
2190	0	201	145
2183	0	212	165
2259	0	117	107
2172	0	236	154
1649	226	182	136
1651	216	201	144
1658	213	199	143
1664	210	199	142
1668	207	199	142
1675	205	198	142
1679	202	200	142
1684	199	200	141
1690	197	200	140
1698	195	199	140
1704	192	198	141
1711	190	197	142
1717	188	200	139
1724	184	198	140
1732	181	216	140
1739	179	181	140
1746	176	174	142
1753	173	169	136
