629	1046	18	32
629	1042	19	37
629	1040	19	39
629	1038	20	41
628	1035	21	44
628	1032	21	43
627	1031	23	44
628	1029	23	49
627	1027	24	49
627	1024	24	54
626	1023	25	52
628	1018	25	53
628	1018	26	49
629	1015	26	50
629	1011	26	54
629	1008	25	59
629	1007	23	59
629	1007	21	59
629	1002	17	63
630	999	15	55
631	997	14	56
630	994	15	58
630	992	15	59
630	991	15	58
631	991	14	57
631	990	14	58
630	985	17	60
630	983	18	60
630	983	19	59
631	979	18	61
631	977	17	65
631	975	18	69
631	975	18	67
631	973	18	66
632	972	17	55
634	970	16	53
634	967	15	56
636	966	14	55
637	964	14	54
636	963	14	54
637	961	14	52
638	959	16	49
638	958	16	49
639	955	16	51
640	953	16	50
638	953	18	52
639	951	17	56
639	947	18	53
639	947	17	50
639	946	17	53
640	943	17	52
641	943	16	53
644	943	13	54
644	941	15	44
645	942	14	40
645	939	17	44
646	939	17	43
646	939	18	44
647	939	17	43
648	939	18	42
648	939	18	42
649	939	19	43
651	938	18	41
655	938	16	40
656	938	16	37
658	936	15	40
659	936	15	37
660	936	18	36
660	936	19	32
660	936	19	32
662	935	20	33
662	933	22	34
663	932	23	35
664	932	24	34
666	930	22	36
670	930	21	35
673	930	19	34
676	930	17	27
678	931	17	26
679	930	18	26
679	930	18	24
680	931	19	23
680	929	22	27
682	930	22	26
682	931	22	25
685	929	21	27
687	929	21	30
688	928	22	27
690	927	22	27
692	927	21	27
693	927	22	27
694	927	23	26
698	925	21	29
699	926	21	26
702	923	20	28
703	922	20	30
704	922	21	29
705	921	21	29
705	919	22	31
708	918	21	32
708	916	21	34
711	915	19	35
715	913	16	36
717	912	15	39
719	911	16	33
719	911	17	31
719	908	16	34
720	906	17	34
721	905	16	33
721	903	17	35
721	903	17	35
720	902	19	35
720	901	19	36
719	899	21	38
719	898	23	39
715	895	27	39
715	894	30	43
712	890	33	42
713	894	34	32
688	920	23	60
0	0	1	1
693	921	20	56
696	923	18	62
698	925	15	58
697	928	18	56
698	928	17	56
697	926	19	61
698	931	19	57
697	931	20	59
698	931	20	55
698	930	21	60
698	933	21	57
699	932	21	58
700	934	20	56
700	938	21	53
701	937	20	53
701	938	20	52
700	937	21	54
702	938	20	54
702	936	21	57
701	941	21	53
702	938	21	57
703	939	20	56
703	938	21	59
703	938	21	60
703	941	17	56
703	937	21	62
703	941	20	57
703	942	20	58
703	943	19	57
704	950	17	50
704	953	18	48
705	950	21	50
704	951	22	49
705	950	24	49
703	950	29	50
703	952	31	48
704	953	32	46
702	956	38	44
703	958	34	41
570	1006	23	39
565	1004	28	41
566	1004	27	42
562	1004	32	38
566	1003	30	38
564	1002	33	41
568	1000	31	42
560	1000	40	40
561	999	39	40
562	999	40	40
567	998	35	38
579	998	22	32
541	997	63	62
0	0	1	1
564	922	4	2
532	1047	25	32
530	1043	30	36
531	1039	34	40
560	915	14	28
559	915	16	29
559	914	15	27
560	914	14	27
560	915	15	26
560	914	15	25
561	915	15	24
561	915	15	24
561	915	15	25
562	915	14	22
563	915	15	23
563	914	15	22
564	912	13	24
565	913	13	20
565	911	13	22
567	911	14	23
567	910	15	23
568	907	14	23
568	908	15	22
568	907	16	23
568	905	18	25
570	903	19	22
571	903	19	22
572	902	19	21
575	901	17	22
575	900	19	23
618	943	14	16
619	942	18	45
621	941	18	43
622	936	18	44
623	934	18	43
625	930	23	45
626	927	24	50
627	922	26	50
628	920	28	56
629	918	28	54
631	916	29	50
631	877	31	87
631	875	34	90
629	874	38	92
631	874	38	92
632	872	39	91
640	870	34	88
646	871	34	82
649	869	35	77
650	868	38	81
651	869	37	78
650	868	42	75
650	867	46	72
651	866	50	69
650	866	54	70
653	867	58	72
652	868	65	59
653	867	27	31
655	867	68	45
0	0	1	1
0	0	1	1
0	0	1	1
0	0	1	1
0	0	1	1
0	0	1	1
0	0	1	1
0	0	1	1
0	0	1	1
0	0	1	1
0	0	1	1
717	858	40	48
724	856	34	52
725	853	35	58
729	851	33	59
743	849	21	43
749	849	16	32
749	847	19	42
749	843	20	50
753	842	17	35
754	839	17	32
0	0	1	1
0	0	1	1
0	0	1	1
0	0	1	1
0	0	1	1
0	0	1	1
0	0	1	1
0	0	1	1
0	0	1	1
673	922	24	38
673	920	24	40
673	920	25	38
674	918	24	42
675	918	23	39
0	0	1	1
0	0	1	1
0	0	1	1
0	0	1	1
0	0	1	1
0	0	1	1
0	0	1	1
0	0	1	1
623	888	21	37
617	887	27	45
637	891	2	2
620	886	25	49
638	892	64	48
624	885	75	45
624	884	80	67
624	884	80	69
623	884	21	51
623	884	21	49
624	884	70	41
627	885	14	26
621	884	21	37
686	907	18	35
0	0	1	1
0	0	1	1
622	886	14	32
0	0	1	1
0	0	1	1
684	911	17	34
0	0	1	1
0	0	1	1
0	0	1	1
0	0	1	1
618	851	63	84
618	873	21	54
617	870	30	51
0	0	1	1
0	0	1	1
0	0	1	1
0	0	1	1
0	0	1	1
0	0	1	1
0	0	1	1
0	0	1	1
0	0	1	1
0	0	1	1
0	0	1	1
0	0	1	1
0	0	1	1
0	0	1	1
0	0	1	1
0	0	1	1
0	0	1	1
0	0	1	1
604	835	13	16
0	0	1	1
0	0	1	1
0	0	1	1
0	0	1	1
434	750	22	50
433	749	23	54
433	748	23	54
0	0	1	1
0	0	1	1
0	0	1	1
0	0	1	1
0	0	1	1
825	813	17	38
824	809	58	87
0	0	1	1
0	0	1	1
641	831	30	63
634	832	38	69
631	833	42	72
631	834	42	73
635	835	38	70
638	836	34	68
640	847	31	57
645	849	28	54
637	842	35	66
642	850	30	54
642	849	30	57
643	847	29	56
640	851	33	54
641	855	31	54
631	856	40	56
0	0	1	1
760	820	34	72
766	824	26	33
762	825	30	78
762	827	30	79
764	830	27	71
766	831	26	71
766	832	25	72
764	834	27	71
764	835	27	74
761	838	28	73
758	839	32	74
757	841	32	74
752	842	35	73
750	843	37	74
748	848	39	71
747	849	40	72
744	850	43	72
744	853	43	71
742	855	47	72
741	857	48	71
750	860	83	152
814	961	19	62
814	962	19	62
815	972	18	53
815	976	17	55
815	980	17	55
815	982	17	54
815	983	17	59
815	984	18	60
815	984	19	69
816	990	17	64
816	999	18	58
817	998	17	62
818	1008	17	61
815	997	21	75
815	997	22	75
816	1001	21	75
817	1021	21	57
818	1024	20	53
822	1032	17	47
823	1036	16	42
823	1043	16	36
823	1038	17	41
823	1038	18	41
826	1049	15	30
827	1053	13	26
826	1055	14	24
827	1055	13	24
827	1059	14	20
0	0	1	1
0	0	1	1
0	0	1	1
0	0	1	1
0	0	1	1
0	0	1	1
0	0	1	1
0	0	1	1
0	0	1	1
0	0	1	1
0	0	1	1
0	0	1	1
0	0	1	1
0	0	1	1
0	0	1	1
0	0	1	1
0	0	1	1
0	0	1	1
0	0	1	1
0	0	1	1
0	0	1	1
0	0	1	1
0	0	1	1
0	0	1	1
0	0	1	1
0	0	1	1
0	0	1	1
0	0	1	1
0	0	1	1
690	1011	9	31
690	1016	2	4
0	0	1	1
0	0	1	1
0	0	1	1
0	0	1	1
0	0	1	1
0	0	1	1
0	0	1	1
0	0	1	1
0	0	1	1
0	0	1	1
0	0	1	1
0	0	1	1
0	0	1	1
0	0	1	1
0	0	1	1
0	0	1	1
0	0	1	1
0	0	1	1
0	0	1	1
0	0	1	1
0	0	1	1
719	977	7	15
716	975	11	20
0	0	1	1
0	0	1	1
0	0	1	1
717	989	3	3
0	0	1	1
0	0	1	1
0	0	1	1
0	0	1	1
0	0	1	1
0	0	1	1
0	0	1	1
0	0	1	1
0	0	1	1
0	0	1	1
0	0	1	1
0	0	1	1
0	0	1	1
0	0	1	1
0	0	1	1
714	977	9	13
715	977	8	12
0	0	1	1
0	0	1	1
714	978	9	13
715	978	8	13
716	977	7	12
716	978	7	9
714	976	9	16
715	976	8	12
716	976	7	10
715	976	9	13
0	0	1	1
716	976	6	10
717	977	5	5
716	976	7	10
0	0	1	1
717	976	6	11
716	976	7	12
717	976	6	9
0	0	1	1
717	977	6	9
715	976	11	19
716	977	10	17
717	978	9	11
719	980	1	2
0	0	1	1
0	0	1	1
0	0	1	1
0	0	1	1
0	0	1	1
0	0	1	1
0	0	1	1
0	0	1	1
0	0	1	1
0	0	1	1
0	0	1	1
0	0	1	1
0	0	1	1
0	0	1	1
0	0	1	1
0	0	1	1
0	0	1	1
0	0	1	1
0	0	1	1
0	0	1	1
0	0	1	1
0	0	1	1
0	0	1	1
722	983	12	16
722	984	12	21
723	984	11	18
723	987	8	14
723	984	11	15
724	985	10	20
724	987	13	17
728	987	2	7
724	986	11	18
0	0	1	1
0	0	1	1
0	0	1	1
727	987	6	10
728	988	10	27
0	0	1	1
0	0	1	1
0	0	1	1
0	0	1	1
731	988	11	24
0	0	1	1
0	0	1	1
734	989	11	18
0	0	1	1
0	0	1	1
0	0	1	1
0	0	1	1
0	0	1	1
0	0	1	1
0	0	1	1
0	0	1	1
0	0	1	1
0	0	1	1
0	0	1	1
0	0	1	1
0	0	1	1
0	0	1	1
0	0	1	1
0	0	1	1
0	0	1	1
0	0	1	1
0	0	1	1
0	0	1	1
0	0	1	1
0	0	1	1
0	0	1	1
0	0	1	1
0	0	1	1
0	0	1	1
0	0	1	1
0	0	1	1
0	0	1	1
0	0	1	1
0	0	1	1
0	0	1	1
0	0	1	1
0	0	1	1
0	0	1	1
0	0	1	1
0	0	1	1
0	0	1	1
0	0	1	1
0	0	1	1
0	0	1	1
0	0	1	1
0	0	1	1
