0	234	96	150
0	234	107	162
0	233	119	169
0	229	130	177
0	229	144	186
0	227	156	188
0	227	168	193
0	226	180	194
0	226	193	239
16	225	189	190
30	224	188	192
42	225	187	186
57	226	183	185
69	227	182	186
82	227	180	186
96	228	177	184
109	230	177	181
120	231	175	180
134	231	171	181
146	234	171	179
159	236	169	177
172	239	165	174
182	241	166	172
193	243	162	171
204	245	163	171
215	248	160	170
223	250	162	170
235	256	159	168
245	256	159	170
257	261	156	168
266	266	154	166
275	270	154	167
283	275	154	165
291	279	153	166
301	285	149	162
308	288	151	164
315	294	150	163
323	299	150	163
331	305	150	161
337	308	152	162
345	315	152	158
353	321	149	157
358	324	150	158
363	329	152	159
373	334	148	159
378	339	149	160
386	345	146	157
395	351	142	155
398	354	145	156
407	359	141	154
412	361	141	156
415	366	143	155
422	371	141	155
428	373	139	154
434	375	139	156
438	380	138	155
441	383	139	155
447	385	137	157
452	387	136	159
456	389	137	160
459	394	137	159
464	397	135	161
467	403	134	158
472	405	134	160
474	408	134	159
480	411	132	159
482	415	132	158
485	418	132	158
488	420	132	159
491	423	129	158
494	425	128	159
494	425	135	162
497	428	129	161
499	429	129	161
501	432	130	159
503	432	130	160
505	433	130	160
507	433	130	160
508	432	127	161
506	430	131	163
510	430	129	163
510	429	130	163
511	428	131	162
511	432	135	157
512	431	136	156
514	428	146	158
514	430	141	154
514	426	136	156
514	423	148	157
515	423	137	153
515	420	140	153
516	417	137	153
516	415	136	152
517	412	138	151
517	410	139	150
519	407	139	150
522	405	139	150
522	403	141	150
523	401	143	148
527	399	144	147
528	398	146	146
530	396	147	146
533	395	152	144
538	394	150	143
539	392	151	143
543	390	154	143
547	389	155	141
550	389	157	139
555	389	158	138
559	389	160	137
561	388	163	137
567	388	161	135
573	388	162	134
578	388	161	134
584	388	163	132
590	387	162	131
595	387	161	131
600	387	160	131
605	387	158	129
610	387	161	127
614	386	164	125
620	386	164	124
625	385	167	123
631	384	166	122
634	384	168	121
640	384	167	120
645	382	167	121
651	378	167	123
654	384	169	116
659	380	166	116
664	374	167	122
666	371	169	124
671	382	169	111
676	378	165	113
676	377	169	115
679	377	169	114
685	378	167	113
687	378	166	112
690	376	167	112
693	374	166	112
695	374	167	111
694	373	169	110
698	373	169	109
701	372	167	108
702	371	168	108
703	370	171	106
703	368	173	106
703	366	176	106
704	366	172	104
705	362	177	105
705	362	173	103
703	360	174	103
703	360	173	102
697	359	177	101
697	359	177	99
692	357	179	99
692	356	178	98
690	356	177	96
685	356	180	94
686	355	176	93
679	355	181	92
675	356	182	91
672	354	182	92
671	354	180	91
663	355	185	90
660	355	184	90
658	356	184	89
655	356	184	88
649	356	185	89
646	357	185	88
642	358	187	87
639	358	187	88
638	359	185	87
633	358	188	88
630	358	189	88
628	358	189	88
625	358	189	88
624	358	189	89
622	356	190	91
623	355	186	91
618	355	191	91
617	355	189	92
616	356	190	92
615	355	190	93
585	347	218	100
613	362	189	85
611	362	190	85
610	361	191	86
593	344	207	103
590	338	208	109
590	338	206	109
592	339	202	108
591	337	201	110
592	338	197	108
593	339	193	107
592	338	193	108
589	339	196	107
588	339	191	107
585	341	190	106
580	341	192	106
577	342	190	105
573	345	193	102
569	346	194	102
565	344	194	105
561	349	195	102
556	351	197	101
553	352	198	100
548	354	198	100
543	355	198	101
537	357	199	100
535	359	199	100
531	363	200	98
513	346	214	116
508	345	216	118
520	368	201	98
513	348	209	119
513	373	201	96
509	348	204	122
504	356	207	116
502	349	203	124
499	350	203	124
495	353	204	123
492	349	206	127
489	354	205	123
486	350	204	127
484	363	204	116
480	353	207	126
478	358	206	121
473	354	208	126
472	356	206	124
469	354	207	127
466	355	208	127
462	399	210	83
460	355	207	126
455	399	208	83
450	356	210	126
448	401	209	82
443	357	211	125
441	402	211	83
435	403	214	82
432	403	214	82
428	359	214	126
425	357	215	128
423	404	214	82
418	359	215	127
414	360	217	128
410	404	218	83
407	360	217	127
403	363	219	125
399	362	220	126
394	407	222	81
391	365	222	123
388	366	222	122
385	362	223	125
382	407	224	80
379	406	227	81
375	405	230	81
371	405	234	80
367	403	238	82
364	368	241	116
359	403	246	83
354	402	250	83
349	402	254	83
344	401	257	84
339	400	232	83
333	400	233	83
329	400	260	83
324	400	234	83
318	400	236	83
313	400	238	83
308	400	237	84
301	401	240	83
296	401	240	84
291	401	240	84
285	401	242	84
279	402	244	85
275	401	244	85
270	402	245	86
264	402	246	86
259	402	247	86
256	402	246	87
248	403	249	87
244	403	251	87
239	403	251	89
234	405	253	87
229	405	254	88
225	406	254	88
220	406	255	89
215	407	257	88
211	409	258	87
208	409	257	88
203	409	258	87
199	410	260	87
196	410	260	87
193	410	261	89
188	410	263	91
184	411	264	90
181	412	264	89
179	411	262	91
175	411	264	91
172	411	266	92
169	412	266	91
166	412	266	91
163	411	267	91
161	412	267	91
156	412	268	91
153	412	269	91
149	412	271	91
147	411	270	91
145	410	269	91
141	410	271	91
139	409	271	91
136	409	271	90
132	408	273	91
131	408	270	90
127	407	272	91
124	407	272	90
121	406	273	90
121	408	269	84
115	406	274	88
113	405	274	88
110	404	274	89
106	404	275	88
106	402	272	89
100	402	276	88
98	402	275	89
90	401	280	89
89	401	278	88
84	400	280	89
81	400	279	89
76	400	281	89
73	399	281	89
67	400	283	87
63	399	284	88
59	399	285	87
55	399	285	86
52	398	284	86
47	398	286	86
45	396	285	87
41	395	285	86
36	393	287	86
31	392	289	86
27	391	290	86
23	389	290	87
21	387	288	87
17	383	288	88
16	384	286	86
9	381	290	87
7	379	289	87
4	377	289	86
0	375	290	86
0	371	287	88
0	369	283	88
0	368	280	87
0	367	274	86
0	364	272	87
0	362	268	86
0	361	263	85
0	357	259	87
0	355	256	88
0	354	252	88
0	352	248	88
0	351	244	87
0	349	241	88
0	347	237	90
0	345	232	92
0	345	226	88
0	343	223	91
0	341	219	90
0	338	215	92
0	339	209	91
0	339	206	91
0	338	203	90
0	337	198	90
0	336	193	89
0	335	190	91
0	335	186	88
0	333	182	90
0	332	176	89
0	330	171	88
0	330	166	87
0	328	161	87
0	328	155	85
0	327	151	86
0	326	145	86
0	325	141	87
0	325	136	85
0	323	131	84
0	323	126	84
0	322	122	80
0	321	116	79
0	320	111	77
0	319	106	75
0	320	99	71
0	319	101	62
0	318	99	63
0	316	106	64
0	314	76	64
0	315	71	63
0	313	64	64
0	312	59	63
0	310	57	65
0	307	48	66
0	305	39	66
0	307	33	62
0	341	26	26
0	345	642	101
1	353	641	91
625	389	16	50
627	389	15	48
625	388	17	50
627	386	15	37
626	386	17	46
612	385	31	53
626	371	108	45
567	383	77	57
609	383	32	56
754	144	13	37
752	132	26	57
748	127	41	64
745	124	54	67
741	121	68	69
737	118	83	70
733	116	96	71
730	114	109	71
724	114	181	71
721	112	183	72
717	110	180	71
713	108	182	71
710	106	183	70
690	92	199	83
704	101	181	72
700	99	181	72
696	97	182	71
692	94	184	72
689	83	186	79
687	89	183	71
682	86	186	72
679	71	185	85
675	69	186	84
672	63	187	88
667	61	187	88
663	74	187	73
660	55	187	90
656	54	189	89
651	49	190	92
648	46	190	92
644	44	190	92
641	41	190	94
637	38	192	95
633	36	192	96
630	34	190	97
627	31	190	96
623	27	191	98
617	25	194	99
616	24	192	98
611	20	195	101
607	18	198	100
604	38	195	78
600	11	194	104
595	9	196	103
593	30	196	80
589	28	195	80
585	27	195	79
580	24	198	79
578	21	197	80
572	18	199	82
569	16	199	80
564	14	200	80
561	12	200	80
557	10	201	79
554	7	200	81
549	0	202	85
545	0	203	82
541	0	202	80
538	0	202	78
533	0	203	76
530	0	202	75
525	0	203	72
521	0	204	71
517	0	203	70
514	0	203	68
511	0	203	65
506	0	206	65
503	0	205	64
500	0	204	62
497	0	204	61
492	0	205	60
489	0	205	59
485	0	205	57
482	0	205	56
479	0	206	55
475	0	206	54
472	0	204	53
467	0	206	51
463	0	206	49
459	0	209	47
455	0	209	44
449	0	206	44
444	0	159	42
440	0	157	40
434	0	156	38
428	0	154	37
423	0	151	35
