163	545	68	85
180	536	54	97
184	524	49	81
178	524	55	109
167	512	109	123
184	520	101	115
172	523	121	113
172	519	118	117
193	529	105	106
205	535	111	98
213	540	110	86
228	544	107	79
257	543	96	79
241	542	119	78
241	540	131	78
245	538	133	77
252	531	145	75
258	527	148	76
258	527	148	76
259	525	149	76
257	522	152	77
256	521	152	80
261	522	147	83
250	523	157	83
248	522	159	86
255	522	154	87
346	529	64	64
272	521	148	73
271	521	148	72
279	517	147	83
306	509	133	93
374	507	75	95
314	507	155	91
319	508	155	84
319	507	156	84
319	505	159	84
327	505	160	82
335	505	158	83
334	502	160	87
335	497	145	98
336	482	134	108
340	475	123	85
344	459	112	97
342	445	113	107
339	432	126	115
337	421	152	122
336	418	161	121
339	424	165	114
338	424	167	114
349	429	162	83
350	430	164	103
351	432	166	87
350	431	167	87
350	432	166	85
351	432	165	86
349	429	166	87
347	426	166	86
344	422	165	87
344	418	161	87
347	413	158	88
356	410	146	89
354	402	148	91
362	397	140	92
363	395	144	92
364	394	153	92
409	395	116	92
393	397	142	93
429	399	115	93
428	398	116	93
404	400	145	94
401	400	152	94
398	400	158	96
400	398	158	98
402	396	153	93
403	389	142	106
404	383	140	95
402	378	140	97
399	377	141	97
395	377	143	96
392	379	144	96
392	382	145	96
391	384	147	96
394	388	148	95
401	394	148	94
407	402	147	95
411	410	148	94
411	423	149	90
417	437	150	90
417	435	150	91
424	448	152	92
426	457	154	96
427	462	155	101
428	468	154	103
434	474	155	103
438	473	154	109
443	488	154	97
462	494	144	97
466	483	146	113
467	495	145	105
505	510	108	96
492	493	127	118
500	509	124	108
523	526	104	96
520	526	104	97
490	523	125	94
491	510	129	136
486	499	98	100
465	481	157	163
464	481	138	117
453	480	101	81
446	468	109	84
440	451	95	93
443	454	98	89
445	457	107	86
428	457	127	125
426	464	132	121
427	479	132	108
423	500	144	91
471	520	103	67
473	513	105	81
491	517	96	82
492	521	98	86
493	527	96	85
490	528	100	88
480	532	104	90
474	534	102	94
460	539	109	102
447	507	166	138
447	512	162	133
442	548	162	98
440	519	165	120
439	539	169	107
437	534	155	120
436	528	163	133
434	535	173	132
430	555	199	118
430	556	194	121
432	558	211	109
436	565	111	89
437	569	107	85
434	570	109	86
437	571	106	85
433	571	112	86
439	516	105	139
438	568	102	87
434	524	102	134
432	568	103	89
427	570	109	89
426	570	109	89
419	571	117	90
422	570	112	91
417	567	111	94
406	563	113	96
393	558	173	94
384	544	183	102
380	549	189	97
369	560	194	91
365	565	116	90
362	570	126	90
354	576	219	90
354	574	136	98
354	571	144	114
362	594	129	118
363	594	127	118
362	595	132	117
365	599	129	113
368	597	125	117
369	598	121	117
369	599	119	116
374	588	121	129
377	582	181	132
382	563	187	121
388	564	186	114
396	566	168	108
400	565	165	97
404	556	161	103
404	559	160	97
422	556	136	101
426	557	134	104
436	557	138	107
440	556	124	111
451	557	114	115
457	558	110	114
469	558	98	113
470	558	99	109
472	558	98	108
471	559	101	108
471	566	102	103
471	563	103	105
463	566	111	104
460	569	122	101
452	573	130	94
448	575	133	88
444	573	131	81
447	571	122	79
447	565	102	97
450	558	96	81
456	553	88	80
458	548	84	79
460	544	93	83
465	542	87	84
470	538	82	88
470	533	81	91
473	529	80	93
475	524	80	96
480	517	80	99
480	515	86	100
475	516	98	98
488	516	85	98
490	519	85	95
493	524	88	90
494	530	87	87
491	533	93	84
