399	0	277	366
398	23	248	344
394	3	277	365
393	28	249	348
390	25	254	351
391	31	246	351
382	32	254	352
390	33	245	356
388	35	246	355
380	42	234	358
379	42	234	358
378	45	227	363
378	44	226	364
373	46	222	370
372	47	222	371
346	48	235	375
349	49	233	378
342	51	228	382
341	49	226	385
344	51	216	388
342	53	214	390
344	53	206	398
344	53	201	401
352	54	193	410
350	54	195	411
352	54	195	417
350	56	197	416
355	56	193	422
353	58	196	423
351	67	202	415
353	67	200	416
349	84	206	385
349	80	207	388
350	85	206	389
342	86	214	388
355	88	202	388
352	88	205	383
357	96	202	373
353	95	207	365
367	102	193	345
366	102	195	333
366	113	196	267
365	114	198	270
365	114	203	269
367	114	203	268
506	124	62	260
506	122	63	266
367	127	201	265
380	132	186	362
523	193	45	246
381	186	186	332
373	190	205	373
383	185	194	381
373	207	195	365
386	186	183	387
378	200	192	377
383	195	184	385
377	205	191	378
380	210	188	375
373	216	195	378
371	213	196	381
381	223	185	374
381	217	186	380
387	234	185	370
386	212	182	393
384	271	184	338
385	223	198	387
387	239	188	377
385	226	192	390
386	262	184	359
386	244	191	378
386	271	181	354
387	256	189	370
388	255	186	375
388	252	186	379
389	259	184	376
389	257	182	379
390	252	185	387
389	256	185	383
387	261	182	382
387	260	186	379
389	280	181	360
387	279	184	365
388	293	184	352
387	290	187	354
391	295	182	355
390	295	183	355
388	297	186	355
387	291	189	363
390	290	190	366
388	290	193	370
392	294	185	364
394	289	186	373
395	290	183	375
393	289	186	376
409	299	158	363
409	296	162	365
409	296	159	365
408	293	164	369
410	293	160	373
411	290	162	379
424	294	145	382
424	293	146	380
426	309	133	371
429	290	141	394
427	298	139	386
429	289	145	395
439	293	131	391
434	290	137	412
435	300	129	392
431	398	119	302
427	392	124	309
433	400	116	299
422	398	127	312
420	396	129	315
419	426	110	285
419	402	123	311
420	404	119	307
419	398	124	317
420	404	117	316
419	398	120	324
419	405	116	319
420	404	114	322
419	407	114	322
419	408	108	322
416	406	111	321
416	406	110	321
417	405	107	317
417	406	105	329
414	409	105	326
412	407	107	321
410	411	104	324
411	408	104	320
409	408	105	337
408	409	101	319
403	405	110	337
402	408	109	330
401	413	103	341
400	412	104	343
400	417	99	345
400	420	94	341
394	422	101	356
392	421	101	351
390	433	87	346
390	429	91	345
387	432	92	351
386	433	90	352
386	434	89	358
386	430	94	352
384	437	81	359
383	435	88	355
383	437	83	361
382	435	86	362
382	431	91	373
381	437	90	368
381	442	97	391
380	442	96	373
375	446	107	410
373	445	109	377
368	447	121	422
368	445	119	393
367	450	124	414
368	449	124	400
362	464	134	389
357	461	143	394
355	469	146	394
351	469	151	397
346	481	159	388
343	477	164	393
339	493	171	381
337	481	174	393
341	500	171	392
341	489	171	402
348	496	165	400
350	498	164	398
351	513	164	388
351	515	164	387
367	521	148	388
367	522	150	389
383	519	134	398
375	522	143	396
380	527	137	398
378	522	139	405
377	552	138	381
380	534	136	398
385	557	131	383
385	560	131	381
382	562	133	386
384	564	133	387
384	564	134	392
389	571	129	386
383	568	138	399
387	573	133	400
384	245	570	730
379	569	463	427
379	570	467	434
411	673	434	335
402	599	443	409
404	676	474	331
404	609	445	395
406	685	435	331
391	599	453	416
400	680	442	343
398	679	443	345
394	672	446	352
394	671	448	358
393	665	449	360
355	611	487	410
364	613	531	423
360	612	477	424
363	615	531	426
358	610	482	375
361	647	480	345
362	615	478	379
359	660	136	344
361	652	136	354
366	659	131	357
362	661	136	356
372	682	126	343
370	679	128	348
375	853	122	182
368	692	129	346
376	867	119	178
375	714	119	333
385	846	107	200
386	841	105	206
385	837	104	205
370	697	116	342
382	846	97	190
367	698	115	338
363	691	121	340
362	688	116	340
373	857	103	165
342	685	129	334
325	841	155	177
321	693	157	318
319	328	648	686
320	700	148	313
319	718	146	293
318	705	151	305
318	686	156	325
320	683	149	328
320	669	147	342
321	692	148	319
318	691	151	321
319	694	157	314
314	702	146	307
313	693	150	317
311	703	154	308
309	694	155	316
307	708	158	304
306	707	159	305
318	703	147	311
318	693	148	322
316	695	150	321
315	700	153	317
312	701	154	316
308	690	159	327
309	699	159	318
306	681	163	335
306	702	168	311
303	664	176	348
304	697	164	313
303	677	175	333
303	666	167	339
303	678	170	323
303	700	168	297
304	695	170	302
300	698	176	295
301	665	171	327
294	667	177	320
293	649	178	336
281	719	192	265
279	700	192	279
275	688	197	288
279	667	195	312
286	679	167	296
270	684	174	291
286	685	181	291
282	784	182	190
283	776	161	202
273	694	189	283
288	710	161	264
260	723	201	249
275	782	175	190
268	721	185	251
303	778	154	193
277	776	167	196
287	773	170	198
294	767	158	203
300	677	139	294
299	760	141	210
311	752	126	215
317	675	120	281
321	683	129	285
318	682	123	285
346	696	92	252
327	687	122	270
332	683	114	266
337	673	99	277
335	677	113	256
336	673	112	262
335	672	114	259
334	672	114	255
326	670	122	232
320	672	128	235
316	671	131	234
314	688	130	220
304	683	141	228
305	681	140	234
306	675	125	245
302	675	140	240
305	669	136	248
298	667	148	258
316	660	131	251
295	659	155	251
300	654	150	245
285	652	169	250
292	644	163	247
285	643	173	247
310	637	152	233
300	634	163	236
309	629	157	242
299	625	168	246
309	619	153	248
286	616	184	248
305	609	167	250
307	604	165	253
311	280	794	572
309	597	150	251
305	593	158	245
303	588	177	246
296	282	811	542
293	577	196	243
286	283	823	513
267	570	225	247
279	562	207	237
276	285	836	487
271	552	228	213
266	551	238	214
256	543	229	212
257	288	858	467
270	534	238	210
272	533	233	210
274	294	843	445
272	522	229	216
272	514	229	217
269	293	853	436
255	505	229	218
251	501	240	219
241	300	880	413
238	309	875	391
249	302	873	395
248	300	875	399
246	301	879	395
247	471	199	228
249	463	202	225
250	315	865	372
253	312	867	368
253	440	229	248
256	312	867	362
242	306	887	363
267	312	861	369
263	400	187	269
221	309	909	340
225	397	266	263
252	382	237	294
227	382	239	277
251	369	209	280
246	366	189	282
270	351	193	261
267	353	175	259
271	346	174	263
272	345	176	266
286	338	226	288
288	336	172	453
297	282	214	362
301	337	175	437
306	285	206	373
307	338	183	314
316	288	200	372
318	293	199	362
327	300	196	360
329	299	196	358
336	301	212	363
339	307	208	357
338	303	215	369
340	303	213	370
345	302	214	386
349	301	208	382
357	302	210	392
358	303	208	393
360	301	219	403
359	302	225	405
362	302	234	415
364	304	234	418
364	422	248	307
365	440	249	294
369	448	264	292
369	430	266	315
375	455	276	299
378	452	274	306
386	509	279	256
387	450	276	319
397	512	275	268
395	437	276	347
401	512	283	280
404	457	281	338
411	504	282	299
411	489	281	320
423	321	274	496
426	497	273	327
432	327	275	506
438	490	269	345
443	568	273	280
442	529	272	317
450	554	271	299
447	562	275	320
458	564	270	309
457	549	274	323
464	548	275	329
466	549	278	330
475	548	288	343
477	550	285	341
481	567	285	342
481	573	285	339
490	574	278	341
498	575	268	340
507	580	266	339
519	584	253	335
536	581	242	345
534	581	245	345
541	575	250	356
538	572	253	362
545	566	254	372
554	566	247	375
565	575	241	370
564	573	244	373
569	575	241	374
574	583	239	369
582	579	231	379
