619	331	125	56
620	332	126	55
618	331	129	56
617	331	129	56
615	332	130	55
614	332	129	55
611	332	128	55
609	332	131	56
607	331	133	57
607	331	132	56
605	330	134	58
600	328	111	54
599	329	113	54
597	327	114	56
594	327	118	57
590	325	123	60
588	325	125	58
585	323	127	60
586	322	127	61
584	321	131	62
585	321	130	63
585	319	131	64
585	318	132	66
584	318	132	66
585	316	131	69
585	316	131	71
586	314	130	70
591	314	126	69
592	313	125	70
595	311	119	72
595	310	117	72
599	308	113	74
600	309	111	74
603	306	109	75
605	307	105	74
607	307	101	72
609	307	97	69
614	305	93	70
615	304	91	67
621	304	86	65
621	303	86	65
630	303	76	64
631	303	75	63
635	303	69	61
637	303	62	58
639	303	55	55
639	305	61	52
642	303	70	54
643	304	63	53
645	303	49	55
646	302	47	55
648	304	35	50
649	303	35	50
652	304	36	50
654	305	34	49
656	303	41	51
656	306	40	49
657	309	41	49
657	309	39	50
659	310	39	48
662	311	37	47
660	312	41	49
668	311	36	50
674	315	38	52
676	314	32	53
679	318	34	50
680	319	32	50
686	319	28	50
687	320	27	49
688	321	30	49
688	321	31	50
689	320	34	55
689	323	33	52
690	326	36	51
691	325	36	52
691	327	38	51
692	327	37	53
695	329	36	52
693	328	38	53
694	331	42	53
693	331	44	53
692	332	45	55
692	332	47	55
695	333	47	54
695	334	46	53
695	333	47	56
695	334	48	55
693	333	51	57
692	333	52	56
691	334	53	54
691	333	54	55
686	333	58	56
687	333	57	57
685	333	56	56
684	333	57	56
679	334	61	56
672	334	67	57
670	334	67	58
669	334	68	59
668	333	67	59
664	331	71	61
656	330	78	62
655	329	80	62
652	327	82	63
650	327	84	64
640	324	90	65
638	324	91	65
630	322	98	68
621	321	106	68
620	319	100	68
618	318	102	68
612	317	103	68
610	315	100	69
602	312	103	69
601	312	103	64
590	310	105	63
589	308	107	66
578	306	111	62
577	306	112	62
566	305	115	63
564	305	119	63
555	301	116	64
552	301	123	64
543	299	128	85
543	297	127	72
538	295	129	72
536	294	134	74
532	289	128	77
530	288	100	76
483	287	144	144
457	287	168	124
519	280	113	81
516	280	115	81
447	279	82	169
448	277	184	160
440	273	197	175
498	268	142	89
444	271	182	158
433	270	201	174
430	267	144	195
431	262	186	192
429	259	197	196
426	259	198	200
427	260	197	199
425	257	193	204
422	257	190	196
422	258	194	194
418	258	191	190
418	259	189	186
419	258	188	188
416	259	182	189
417	259	183	185
415	260	179	188
413	260	165	185
413	261	167	184
413	261	151	188
413	262	150	187
413	262	153	188
412	262	153	182
410	262	154	185
405	262	158	180
402	262	161	180
396	261	166	177
394	261	170	176
386	260	176	170
384	260	173	164
377	260	170	166
375	260	170	170
366	261	169	161
365	260	159	165
358	260	156	168
355	261	176	162
349	261	198	158
347	261	198	157
341	262	198	153
339	263	195	153
334	263	202	149
332	263	206	150
326	264	211	144
324	264	214	144
318	265	206	140
317	266	207	139
312	267	204	138
311	267	202	137
306	268	195	128
304	269	195	124
302	271	200	119
300	272	201	117
297	273	216	112
295	273	222	113
293	275	232	107
292	275	233	109
288	275	238	106
288	275	241	106
285	272	236	105
285	271	235	107
283	267	245	106
282	266	250	106
281	262	253	108
281	261	251	108
280	256	251	111
280	256	250	111
280	252	248	109
280	249	243	112
280	244	239	110
280	243	241	110
281	239	246	119
281	238	241	109
283	234	246	108
284	232	247	109
285	230	252	111
285	228	253	112
289	225	251	111
290	224	251	113
291	221	249	115
292	220	249	114
295	217	248	110
295	216	248	108
298	213	244	110
298	212	243	111
300	213	239	109
301	213	239	109
302	214	241	111
302	213	242	109
302	214	241	104
302	214	240	103
302	215	241	104
301	215	242	106
302	216	245	104
301	216	248	104
301	217	249	105
299	217	252	106
301	216	251	108
300	216	253	109
299	216	254	111
299	216	256	112
295	215	262	114
295	215	261	115
293	215	263	116
293	214	264	116
291	213	269	118
291	213	268	117
289	213	272	119
288	213	274	120
288	213	230	108
287	213	252	114
285	213	238	106
285	214	240	103
283	216	234	103
283	216	240	105
282	220	269	119
282	220	226	105
280	223	276	122
280	225	276	124
278	228	282	124
279	229	281	126
277	232	286	128
277	233	287	128
277	238	289	129
276	240	289	128
277	244	306	126
276	246	306	126
277	250	306	127
277	253	305	125
278	258	311	132
278	261	311	129
281	266	313	131
281	267	314	132
284	272	314	133
284	274	317	133
287	277	316	141
289	279	315	142
293	284	315	140
295	285	315	142
299	287	321	150
301	288	324	147
307	293	325	151
307	295	326	148
313	298	323	149
