1032	391	154	95
1032	395	154	106
1034	401	154	108
1033	407	155	105
1038	411	146	102
1038	414	143	100
1037	417	141	101
1036	417	138	110
1035	416	135	104
1036	411	133	119
1034	409	133	128
1034	408	133	138
1035	407	129	142
1030	404	128	146
1027	401	127	148
1026	401	125	148
1024	400	125	149
1024	398	124	152
1024	397	122	153
1023	397	122	153
1022	397	121	155
1020	396	120	157
1017	396	120	161
1011	400	121	161
1004	409	121	155
1000	418	118	141
996	427	118	146
995	436	116	153
991	441	116	152
986	444	115	152
977	449	114	157
968	457	111	158
959	462	111	163
955	470	108	168
951	478	108	176
946	478	112	184
945	481	112	186
944	486	113	185
939	487	116	193
936	493	115	192
938	498	107	194
933	502	106	198
927	505	108	203
923	510	107	188
918	516	111	190
916	524	111	183
914	530	112	179
914	534	112	175
918	531	107	176
919	520	106	177
914	512	108	186
913	509	110	188
914	507	113	186
918	510	115	186
922	514	119	186
924	516	122	185
923	518	124	183
913	523	133	174
914	527	130	179
894	532	145	183
876	537	159	198
866	543	164	197
867	540	157	196
864	531	157	194
865	523	155	195
861	518	157	199
853	514	164	209
855	513	163	208
858	508	162	206
859	501	163	206
862	494	163	208
866	488	165	208
870	483	168	206
876	478	168	207
867	474	181	226
869	469	184	229
860	466	195	239
855	462	198	242
851	455	199	241
810	449	236	277
798	444	243	280
795	439	243	281
788	436	249	280
783	432	249	279
778	428	253	281
771	434	259	283
769	442	263	285
764	452	270	284
756	462	278	285
738	473	293	290
738	485	291	288
753	495	278	273
744	506	290	277
733	518	303	287
735	527	306	293
736	536	310	309
736	544	310	303
736	550	314	312
734	555	318	325
737	556	320	330
737	555	324	333
734	554	327	328
731	547	332	331
728	538	335	336
727	532	337	340
725	526	340	340
721	519	344	340
722	507	347	342
724	493	347	345
725	485	349	333
724	482	352	337
722	483	356	343
719	481	356	345
718	475	355	354
714	468	355	357
715	463	350	351
714	463	347	375
710	462	346	389
708	462	345	389
705	463	347	388
704	464	348	397
701	467	350	405
700	473	351	410
696	482	355	417
694	491	356	419
689	500	358	422
684	505	362	426
679	510	368	427
675	514	373	429
669	521	383	424
666	529	389	425
664	530	398	424
666	531	399	421
680	532	389	420
688	530	387	422
699	528	381	425
704	527	377	425
709	524	372	428
707	524	376	428
716	528	367	428
732	528	353	435
780	531	306	438
782	532	307	442
735	534	354	447
720	535	365	450
722	531	368	455
718	541	371	435
718	540	371	433
754	515	331	491
742	511	340	506
741	509	340	514
744	509	336	519
753	510	330	521
757	511	326	528
766	512	319	524
656	507	428	533
648	503	436	536
645	500	438	543
641	501	440	546
640	502	441	550
638	504	442	554
629	502	449	559
624	514	456	548
633	506	447	563
642	514	440	559
655	514	429	566
652	523	434	552
757	512	331	568
644	525	444	555
660	528	429	552
637	549	453	531
625	553	467	527
620	554	475	526
611	554	484	526
606	554	490	524
599	547	500	403
740	535	361	528
585	524	520	538
584	514	523	543
791	505	320	430
785	499	329	434
782	491	338	546
795	490	330	445
801	491	327	443
800	491	334	511
805	491	334	466
815	494	329	415
823	495	329	299
829	490	331	301
838	486	328	418
845	480	327	302
852	472	326	306
795	466	386	309
856	462	330	316
858	458	332	446
859	453	334	453
833	453	358	325
850	453	340	327
820	456	364	332
811	461	371	333
818	454	366	335
818	444	370	337
816	436	374	336
488	428	704	400
630	420	570	335
736	412	472	338
597	407	617	336
637	399	582	339
737	394	482	339
672	388	548	335
640	380	579	336
644	370	577	338
754	363	465	332
757	362	458	332
755	363	452	486
749	370	450	335
744	380	450	342
735	396	447	336
724	401	452	334
706	401	464	336
684	407	474	333
677	409	475	333
563	411	573	334
620	414	510	335
474	416	646	369
661	435	453	322
666	459	447	317
701	490	412	303
698	507	413	297
611	504	499	310
550	512	562	307
612	518	500	298
551	518	564	288
505	516	613	278
359	491	763	469
345	498	773	456
460	489	653	285
326	490	781	493
296	492	798	493
292	509	785	326
402	517	655	328
403	535	635	330
363	553	661	328
424	565	591	321
130	577	869	310
93	590	887	292
802	1050	215	30
801	1059	200	21
360	0	494	195
0	0	1173	456
0	0	1920	630
241	0	1679	630
238	0	1682	643
455	0	1454	641
91	0	1797	640
532	0	1362	613
319	0	1601	623
616	468	293	127
625	518	280	73
621	512	249	65
573	492	320	61
580	457	221	74
751	449	46	41
596	420	209	40
3	389	890	206
0	4	1589	550
80	0	1593	445
526	0	1394	405
679	0	1063	477
452	292	527	170
107	257	868	192
100	222	869	214
100	185	866	242
96	169	864	256
101	148	851	272
97	158	848	256
89	137	849	275
99	153	834	260
89	170	839	251
91	180	828	256
93	216	826	245
97	222	819	266
119	259	803	250
133	273	788	254
151	289	779	254
156	320	774	235
171	337	763	221
177	341	761	221
192	369	748	196
180	371	767	195
178	338	771	233
179	315	771	260
180	309	775	257
191	286	767	265
192	268	774	277
216	259	755	279
230	241	743	282
193	207	782	297
147	176	828	314
296	185	676	301
272	174	695	310
262	177	696	307
239	159	715	332
140	143	807	361
80	136	857	376
205	169	724	352
189	175	730	348
168	194	742	334
146	144	755	375
126	153	762	359
110	169	774	337
94	106	792	394
83	96	800	393
76	70	804	409
47	36	833	438
73	62	807	409
76	152	803	317
317	161	566	302
326	165	559	291
138	78	750	371
140	88	748	358
147	83	743	361
160	67	736	380
161	60	738	388
171	69	732	379
170	66	735	383
180	18	731	432
179	1	735	450
192	0	728	484
221	1	708	474
224	80	715	412
194	5	760	496
257	90	710	413
276	25	702	487
297	104	694	417
72	6	933	525
51	14	969	536
257	66	777	500
429	178	617	404
406	178	645	417
441	192	693	494
430	199	706	497
526	222	622	486
447	199	629	427
450	212	633	417
460	228	705	490
573	199	523	444
463	222	707	492
463	226	711	496
468	226	705	495
470	223	705	491
470	214	708	484
465	203	712	470
462	186	716	485
453	158	727	493
451	147	734	490
447	126	732	500
439	113	737	481
437	105	736	496
434	95	739	491
433	87	736	487
425	77	742	499
424	56	738	497
