560	525	460	554
573	523	452	557
583	527	457	553
586	528	457	552
591	531	458	549
595	530	453	550
601	531	448	549
606	533	451	547
609	535	446	545
614	532	420	548
619	533	434	547
618	535	439	545
621	536	446	544
621	537	447	543
621	534	448	546
621	533	451	547
624	532	454	548
632	530	445	550
631	529	464	551
636	528	434	552
639	521	430	559
641	516	430	564
641	517	429	563
643	517	432	563
644	516	426	564
645	515	426	565
648	509	425	571
649	502	432	578
652	502	441	578
653	499	457	581
651	496	476	584
651	495	489	585
650	494	508	586
648	491	528	589
637	488	559	592
631	486	584	594
648	486	588	594
651	482	594	598
643	478	604	602
648	477	596	603
645	474	626	606
643	469	642	611
643	466	650	614
642	463	644	617
641	462	643	618
641	459	639	621
640	459	635	621
641	458	626	622
638	456	621	624
634	452	615	628
630	452	612	628
627	447	610	633
629	446	603	634
630	438	601	642
628	440	600	640
625	438	596	642
626	433	594	647
623	433	592	647
620	433	593	647
617	430	593	650
616	429	589	651
617	432	599	648
611	429	591	651
609	430	589	650
613	427	588	653
607	427	598	653
614	426	597	654
616	422	605	658
616	423	608	657
616	419	615	661
616	413	614	667
615	413	613	667
612	410	619	670
612	405	635	675
612	402	628	678
611	397	631	683
612	392	609	688
613	389	611	691
614	385	613	695
614	383	621	697
615	382	628	698
616	379	620	701
620	380	614	700
619	378	618	702
609	376	633	704
612	373	595	707
608	371	600	709
611	368	584	712
614	365	565	715
616	364	574	716
615	361	673	719
613	354	698	726
608	353	714	727
605	350	717	730
603	346	726	734
602	341	734	739
602	336	731	744
602	326	736	754
597	320	738	760
597	282	732	798
594	289	733	791
593	288	731	792
591	291	732	789
596	295	723	785
595	297	719	783
598	300	709	780
600	299	704	781
597	297	700	783
593	295	690	785
586	295	667	785
584	293	661	787
582	292	649	788
582	290	641	790
583	284	639	796
587	284	636	796
588	283	640	797
586	282	648	798
586	281	660	799
587	281	669	799
585	281	675	799
584	278	678	802
582	276	682	804
580	274	687	806
580	271	693	809
580	269	698	811
579	267	706	813
577	265	715	815
574	261	717	819
570	258	723	822
566	252	733	828
569	247	732	833
567	245	738	835
571	243	740	837
571	236	745	844
569	232	748	848
568	226	752	854
567	216	755	864
569	210	754	870
569	205	757	875
572	198	754	882
572	190	756	890
575	186	753	894
578	179	749	899
580	172	746	902
583	163	747	907
590	157	745	897
594	148	745	900
602	140	732	909
604	132	740	906
607	124	737	898
611	117	713	894
612	109	737	893
617	98	711	895
619	93	690	897
624	86	677	897
624	82	670	892
625	81	663	889
625	75	657	890
625	74	653	888
628	73	659	887
631	71	649	888
634	70	633	887
639	71	648	894
642	74	701	896
643	76	648	886
646	77	640	894
645	78	623	917
646	80	712	897
649	84	702	908
648	88	710	880
646	94	647	881
645	97	714	879
648	99	646	878
648	102	698	936
651	109	691	881
657	115	661	883
664	121	659	861
666	128	694	863
666	133	677	934
665	141	670	937
668	151	676	926
665	156	681	912
657	160	677	914
641	168	694	869
639	172	709	867
638	178	719	852
636	182	730	868
635	189	709	852
633	193	745	856
632	197	731	846
626	205	725	848
622	210	748	861
615	211	758	867
616	216	721	852
615	218	700	849
622	220	703	856
628	226	711	848
627	223	723	855
627	231	715	849
623	234	676	846
623	238	696	842
623	239	701	841
630	234	662	846
631	232	663	848
631	228	707	852
633	236	690	844
622	248	722	832
622	248	733	832
623	254	705	826
626	268	726	812
627	272	715	808
627	275	707	805
623	274	728	806
628	275	726	805
626	277	653	803
628	277	660	803
632	278	647	802
634	275	661	805
636	276	669	804
635	276	678	804
639	276	674	804
642	276	699	804
649	274	722	806
652	270	734	810
655	267	737	813
658	265	726	815
660	265	728	815
659	262	737	818
659	257	741	823
659	253	749	827
660	249	743	831
663	247	755	833
666	240	758	840
669	237	756	843
672	234	754	841
675	229	753	845
673	222	754	844
672	219	753	848
671	215	751	858
672	210	751	851
675	205	749	834
673	200	749	873
673	193	747	884
674	189	744	805
681	186	738	821
678	180	741	824
678	175	741	842
678	173	741	844
677	171	740	857
674	167	741	866
667	165	747	873
666	163	748	835
667	160	748	856
661	159	753	892
655	157	760	847
652	155	761	850
648	155	766	878
648	154	762	890
639	151	770	889
630	148	781	904
631	144	780	889
637	144	775	874
636	143	779	863
636	140	782	865
634	139	781	857
631	137	782	908
626	136	787	847
628	134	788	841
630	133	790	872
628	132	796	893
625	132	806	891
621	132	811	911
614	133	819	897
600	134	838	856
593	137	841	852
593	139	832	853
589	139	836	853
586	140	867	854
581	143	879	857
578	145	883	857
573	147	855	857
564	147	861	861
562	148	865	862
559	149	870	864
553	152	876	865
550	153	878	867
548	153	880	866
539	155	886	869
532	154	888	873
524	155	893	871
523	156	892	873
526	155	893	874
530	152	893	876
531	151	896	925
532	150	899	915
531	151	902	925
529	148	904	880
528	146	902	928
522	147	905	887
517	145	907	891
518	145	907	924
519	143	908	899
518	143	910	905
515	143	912	907
513	141	917	909
511	138	920	927
510	136	925	935
501	136	938	944
502	131	939	949
498	127	945	953
499	121	943	959
500	118	950	962
499	115	986	965
496	107	995	973
491	100	991	980
509	97	987	983
511	91	977	989
509	86	995	994
503	78	999	1002
509	75	1002	1005
508	68	1004	1012
492	61	1002	1019
488	57	1006	1023
498	49	999	1031
502	46	1001	1034
500	39	1005	1040
530	29	981	1049
531	20	984	1056
518	15	1006	1060
526	10	1009	1066
550	5	988	1072
563	0	981	1066
562	0	976	1071
555	0	994	1071
561	0	996	1064
560	0	995	1061
547	0	1004	1057
551	0	1003	1058
557	0	998	1056
561	0	994	1055
561	0	990	1053
576	0	975	1060
552	0	1022	1066
553	0	1021	1047
549	0	968	1046
549	1	964	1045
562	1	955	1045
575	91	978	956
584	1	945	1051
591	0	945	1054
592	50	897	1004
592	0	883	1057
585	0	881	1057
581	0	879	1059
581	0	873	1059
581	0	873	1061
582	73	873	986
581	80	874	980
581	0	871	1059
579	0	868	1059
577	7	869	1053
576	78	867	982
569	74	875	985
564	73	881	985
564	0	885	1054
567	66	890	986
567	65	897	986
564	63	907	993
559	0	913	1052
564	0	916	1055
562	58	923	1006
575	31	916	1023
574	55	929	1019
571	54	937	1016
570	54	936	1016
567	52	945	1004
576	50	938	1006
578	50	938	1008
577	53	943	1010
582	3	942	1056
580	56	944	1006
584	59	939	1008
580	64	944	1008
577	68	947	1008
572	71	953	1009
577	74	955	1006
573	77	962	1003
574	80	963	1000
572	83	963	997
567	89	967	991
562	95	969	985
556	0	971	1080
548	0	974	1080
555	0	966	1080
550	0	971	1080
540	0	983	1080
535	0	988	1080
533	0	986	1080
526	0	991	1080
504	0	1010	1080
508	0	1003	1080
509	0	1004	1080
514	0	1000	1080
514	0	1000	1080
514	15	1000	1065
514	0	1001	1080
514	0	1000	1080
511	0	1004	1080
517	0	1000	1080
515	0	1004	1080
517	12	1001	1068
517	22	1002	1058
515	31	1005	1049
512	42	1008	1038
504	56	1014	1024
513	67	1006	1013
511	78	1006	1002
514	85	1003	995
518	93	996	987
514	101	998	979
523	109	990	971
526	115	987	965
528	124	984	956
530	132	979	948
533	139	974	941
530	143	971	937
532	147	968	933
536	155	965	925
537	161	960	919
542	168	956	912
543	171	954	909
545	176	950	904
546	180	947	900
546	185	944	895
546	188	941	892
548	191	936	889
550	196	933	884
554	200	929	880
555	202	928	878
561	206	920	874
563	210	914	870
565	212	907	868
563	217	904	863
566	219	896	861
570	222	890	858
578	225	882	855
580	226	875	854
585	222	868	858
590	218	857	862
594	209	849	871
599	198	840	882
603	191	832	889
609	184	826	896
611	177	828	903
610	170	829	910
618	164	820	916
613	158	822	922
610	149	819	931
610	142	817	938
614	134	813	946
613	126	813	954
610	119	813	961
611	109	812	971
614	99	808	981
619	89	803	991
625	82	799	998
625	79	797	1001
628	77	794	1003
630	75	796	1005
631	76	798	1004
633	78	797	1002
636	93	795	987
643	114	789	966
647	122	789	958
647	137	796	943
648	153	796	927
648	135	799	945
651	153	798	927
645	144	781	936
661	109	760	971
666	115	752	964
665	100	752	976
665	111	754	964
664	140	778	926
662	163	740	903
660	154	713	909
658	157	748	899
660	155	689	894
664	153	712	895
668	150	685	895
674	148	672	896
676	142	705	892
678	139	695	886
673	134	709	899
675	129	733	922
678	123	727	916
677	111	738	895
677	110	737	895
682	107	740	893
684	106	736	892
686	100	746	902
688	97	794	902
688	95	802	900
688	89	800	892
685	88	804	896
686	87	797	896
684	87	787	890
684	87	781	887
684	85	771	889
684	86	765	891
681	86	759	888
681	87	753	889
680	87	746	888
682	90	740	887
679	93	737	888
678	94	731	891
672	97	732	892
668	101	729	893
664	103	730	893
661	107	729	896
658	112	732	893
655	113	725	895
646	113	730	895
643	116	728	902
641	119	724	898
631	118	730	898
623	117	733	905
613	116	736	901
609	115	735	904
604	114	736	914
601	111	736	914
597	107	734	953
590	105	734	927
584	102	737	950
582	99	738	959
580	98	736	925
578	98	737	933
574	95	739	952
570	92	738	936
568	88	737	927
568	85	737	928
567	81	738	927
567	80	739	919
564	77	741	916
562	74	742	916
564	72	741	920
566	69	740	918
567	68	741	915
568	64	740	915
569	60	739	920
568	60	741	916
570	57	740	916
572	56	744	915
573	55	746	917
576	54	744	915
576	52	745	915
578	53	744	913
580	51	745	915
584	53	744	913
587	54	744	913
590	54	739	912
595	56	738	910
599	57	739	908
605	59	734	908
609	59	735	907
613	60	734	906
616	62	736	905
620	65	735	904
625	67	729	904
628	71	729	902
635	73	725	902
637	74	727	899
642	75	724	901
647	76	722	898
649	79	724	896
653	79	723	896
659	78	720	898
661	79	720	898
666	78	716	898
668	81	716	895
673	81	716	895
675	84	716	893
675	85	715	893
675	85	717	893
682	86	714	892
684	88	716	893
688	88	712	889
689	89	712	890
688	92	712	889
685	93	714	888
685	93	713	888
687	96	715	888
689	95	718	892
691	96	722	887
690	96	723	882
690	96	719	883
686	96	719	884
680	97	720	885
678	97	722	886
679	94	721	886
679	95	722	884
679	96	723	883
679	95	725	881
676	95	725	880
675	95	725	880
673	97	725	879
673	96	725	882
674	97	726	879
681	98	725	880
686	99	723	875
689	99	720	871
691	97	721	873
689	97	721	868
691	96	720	866
694	97	717	866
693	98	719	861
701	96	715	861
706	97	714	860
711	98	712	859
715	99	713	858
718	98	719	858
718	97	724	860
723	96	727	862
726	95	726	866
729	96	728	863
733	95	729	856
731	94	734	856
728	96	738	853
725	96	743	854
730	93	741	858
739	94	738	857
742	93	736	856
743	91	736	852
743	92	735	848
738	91	736	848
740	91	729	848
742	91	729	847
745	89	727	849
742	90	728	848
748	89	723	849
751	88	709	846
750	86	713	845
751	86	712	843
752	86	709	843
755	86	705	842
754	86	692	842
752	86	679	841
751	87	677	840
753	86	666	840
754	85	660	841
759	87	649	841
763	87	641	841
764	88	637	838
763	89	632	838
762	89	628	837
762	92	625	834
763	95	618	833
764	97	614	831
765	99	610	830
763	100	608	830
763	103	607	826
761	105	608	825
759	107	611	825
759	109	614	823
761	111	616	822
760	110	617	821
756	112	622	820
743	112	633	818
742	113	637	815
744	113	637	815
742	112	639	815
748	113	637	812
748	112	640	810
756	111	635	811
757	112	633	808
756	112	632	807
750	112	636	806
742	112	643	805
737	111	650	801
738	112	653	801
738	112	656	802
736	113	659	799
732	115	664	796
730	116	667	796
725	116	671	793
726	116	672	794
725	116	674	795
725	116	676	792
726	115	676	786
727	115	678	783
733	114	676	779
734	113	676	779
735	112	675	778
737	112	673	776
739	110	671	779
741	110	668	775
743	109	665	774
742	110	664	771
743	109	661	770
747	108	659	767
751	107	655	767
754	107	653	764
757	108	651	762
761	108	650	759
762	108	650	757
764	107	648	756
762	107	648	753
764	108	646	751
763	109	648	750
765	109	647	749
767	108	645	751
766	108	644	753
765	109	641	751
762	111	641	754
760	113	639	756
757	113	638	758
759	115	636	761
765	119	636	761
767	121	637	759
765	123	636	758
758	124	637	754
761	127	631	757
758	128	632	747
757	128	637	746
760	128	641	745
761	130	642	745
760	130	644	745
755	131	645	744
748	130	646	743
749	130	641	744
739	132	648	747
740	132	647	744
737	132	654	746
736	136	655	740
737	135	643	740
730	133	647	740
720	133	648	741
719	132	665	742
722	132	659	741
692	132	692	738
677	132	693	738
656	133	720	740
627	133	750	742
625	132	748	746
624	132	742	748
670	132	689	750
626	130	724	752
654	127	687	730
666	120	676	732
691	120	645	729
676	115	664	729
696	112	635	732
695	107	623	733
694	106	624	733
686	102	635	736
684	100	628	734
696	98	623	735
690	97	625	733
690	96	616	733
694	93	602	735
697	91	596	737
698	87	592	737
705	85	583	742
687	85	596	742
692	83	588	741
692	83	586	740
697	84	580	736
699	86	579	739
696	85	588	734
708	84	584	734
705	85	595	734
706	85	597	732
706	86	601	731
706	85	604	731
708	87	607	728
715	87	602	727
716	89	601	727
719	89	598	724
716	91	599	721
713	91	599	722
718	93	594	721
718	94	593	718
723	94	588	718
724	96	586	718
723	99	584	718
726	100	578	716
724	101	577	716
722	103	576	715
724	106	571	712
724	108	567	710
719	109	566	710
716	108	563	711
711	105	564	714
714	104	560	719
718	102	559	720
721	97	555	725
722	96	556	726
722	93	556	731
722	92	554	731
723	92	552	731
720	94	553	731
718	95	555	727
717	95	555	725
717	99	559	722
721	101	562	719
726	104	565	715
727	108	572	712
730	113	578	714
731	118	586	710
731	125	593	706
729	126	597	694
728	127	606	710
723	126	616	713
723	128	617	716
724	127	618	720
724	127	622	725
725	126	624	732
723	130	626	750
722	131	630	747
719	132	632	737
717	135	632	727
711	134	638	730
705	133	642	733
697	132	648	742
691	131	655	737
687	132	659	736
686	37	663	833
683	132	667	740
681	133	668	743
676	134	671	743
669	133	675	745
658	134	681	743
653	135	680	740
645	135	685	740
644	51	684	827
645	54	681	825
644	56	681	820
638	60	682	815
629	64	687	808
625	134	689	737
613	134	696	737
616	123	691	748
608	76	692	793
609	83	688	785
613	88	680	779
618	84	676	788
620	89	673	805
620	91	672	797
617	93	672	775
617	108	668	753
617	100	669	763
618	99	666	761
617	101	670	759
616	111	673	748
615	111	673	754
614	115	674	750
613	116	680	750
615	119	682	748
624	142	676	723
619	144	680	726
639	145	656	721
671	136	614	732
672	148	607	714
656	152	616	714
648	153	619	712
640	154	624	712
644	154	614	711
642	157	605	708
636	159	601	707
623	162	601	707
604	164	606	707
594	164	604	706
576	164	616	706
563	164	623	705
583	165	602	706
586	170	596	701
586	172	587	700
592	174	574	698
586	174	575	698
603	176	559	696
589	176	573	694
620	176	545	693
645	174	523	693
654	174	514	692
635	171	532	693
631	171	533	690
624	170	539	688
628	168	532	686
676	168	479	682
676	165	479	683
649	163	510	679
652	161	510	678
620	159	549	677
613	158	558	675
613	159	560	675
611	159	561	672
610	158	563	671
599	158	576	670
599	158	575	670
598	157	554	669
598	157	556	667
589	158	591	667
585	159	585	667
582	158	567	666
575	154	573	667
573	155	579	667
584	162	570	661
581	160	577	660
579	163	583	659
577	166	590	655
573	167	596	653
570	169	604	652
571	172	609	647
574	175	614	644
574	173	620	647
574	171	624	647
576	170	630	647
577	166	636	653
581	163	639	656
574	162	651	658
577	159	653	659
575	156	657	663
583	155	653	665
592	153	649	668
598	150	647	670
607	147	649	673
615	145	649	675
622	145	648	675
628	143	647	677
631	139	647	680
635	139	645	680
637	137	645	681
639	136	643	682
644	136	640	682
651	136	644	681
656	133	643	683
664	128	639	686
674	126	651	710
682	123	634	695
686	119	631	696
694	117	627	700
703	121	617	698
713	140	606	681
720	143	598	676
718	173	596	638
717	177	599	635
688	174	632	632
675	176	648	627
677	175	670	662
669	179	656	626
664	183	660	637
663	187	661	613
666	185	656	621
669	187	656	590
698	188	630	602
753	190	578	585
721	193	608	571
754	198	574	569
737	198	588	568
745	197	583	557
744	198	585	550
689	197	645	549
747	198	592	546
707	199	632	544
749	199	592	541
755	199	584	539
785	197	554	539
785	198	552	539
797	198	544	539
806	195	538	540
829	198	521	539
839	197	511	540
847	197	501	540
847	199	496	539
857	198	507	535
851	196	524	539
857	192	489	534
867	192	473	540
871	190	519	557
876	190	453	538
869	189	445	544
874	189	431	547
873	189	430	542
875	190	426	549
864	177	431	560
869	183	422	552
869	199	420	540
861	199	425	548
855	203	429	554
846	199	438	563
839	206	447	547
859	204	427	548
863	212	424	545
864	207	425	554
774	223	516	543
781	226	510	541
780	225	512	544
768	225	529	548
766	223	532	551
775	222	530	554
772	221	530	544
773	219	531	560
777	220	528	563
773	217	530	569
766	215	530	541
760	213	534	542
756	212	535	547
755	211	536	554
754	209	536	557
754	209	537	558
752	209	538	560
747	209	540	563
744	208	539	565
746	208	536	565
752	208	531	565
754	207	532	564
756	206	528	564
754	205	529	564
749	205	533	564
749	204	534	565
751	208	531	561
757	207	529	561
762	211	528	559
768	212	526	556
770	212	525	557
771	216	525	555
776	219	524	552
779	219	525	554
784	222	526	554
795	229	514	546
826	231	492	545
865	233	455	543
870	238	447	539
845	245	472	532
847	252	469	525
845	263	472	512
857	276	465	496
902	277	423	495
896	281	429	484
898	281	427	482
902	283	424	474
865	284	462	472
901	288	428	465
901	287	428	465
876	284	451	465
878	282	452	464
912	278	415	464
912	275	414	464
909	271	409	465
900	269	416	461
898	269	411	460
897	263	414	465
898	260	410	467
901	256	407	473
902	253	402	476
902	265	404	467
902	254	400	481
903	227	426	512
904	234	395	507
893	238	405	507
882	226	415	490
850	226	443	505
887	216	403	500
877	217	410	507
886	212	398	512
899	207	390	512
899	201	391	512
898	197	389	519
899	193	386	508
895	191	384	499
890	188	384	499
886	185	382	500
884	183	379	502
885	103	374	580
889	181	370	501
890	180	372	502
872	179	393	505
874	178	395	507
869	178	404	511
873	108	407	580
865	177	415	511
858	177	420	516
852	181	421	515
856	181	416	500
846	182	427	503
836	185	437	501
829	189	441	513
822	189	444	499
825	189	437	496
796	137	459	548
788	142	460	546
818	200	422	488
778	200	458	490
808	154	425	539
763	204	468	493
798	204	426	494
790	208	426	495
779	210	430	491
771	209	428	492
768	210	427	492
761	177	429	530
694	212	493	501
681	189	504	526
677	218	500	502
672	220	497	500
659	220	501	502
658	222	498	500
645	222	508	502
642	224	510	503
646	226	505	500
639	227	508	503
632	227	509	503
630	228	509	502
619	229	517	507
614	229	520	509
610	231	521	511
606	233	523	509
600	233	527	511
593	235	527	518
590	235	530	520
590	235	529	523
588	235	533	527
594	237	531	524
596	240	533	527
596	242	535	524
599	243	532	522
598	244	533	530
598	247	533	514
601	248	533	511
605	249	530	512
610	250	529	514
634	252	509	514
634	255	514	513
640	258	519	512
631	258	519	512
641	259	514	513
648	261	508	511
628	262	522	509
644	259	527	509
659	259	509	510
658	260	435	510
661	258	458	510
671	258	420	511
664	257	506	511
677	254	443	513
676	254	503	509
676	252	409	507
675	249	405	510
667	230	408	526
665	220	407	533
654	214	416	536
657	234	407	515
638	216	423	534
637	217	424	532
646	215	414	536
660	214	398	536
697	213	488	535
693	208	355	535
686	213	357	530
685	210	415	533
686	212	392	533
685	212	415	534
684	215	511	533
683	212	430	532
682	212	514	529
680	214	512	526
675	216	479	522
674	218	512	518
668	216	450	518
669	216	458	515
665	222	454	511
664	218	463	515
661	217	461	515
656	219	524	513
655	225	513	507
652	226	489	503
642	226	476	501
631	231	550	497
626	229	555	496
626	230	576	493
623	235	573	488
617	236	569	486
614	237	573	485
610	240	580	480
614	233	581	485
606	237	592	481
601	236	518	482
603	249	606	468
611	247	511	467
612	246	512	471
614	245	511	473
613	251	511	469
615	248	510	475
618	261	508	463
618	278	507	451
620	272	619	457
621	272	611	462
626	278	501	459
627	285	498	455
630	289	495	455
634	289	491	454
636	298	601	448
638	299	571	449
643	305	486	445
643	304	484	451
644	303	482	456
647	301	479	461
650	301	477	453
654	301	473	448
664	302	464	445
671	303	577	443
673	303	560	441
673	302	461	442
682	305	611	439
696	304	596	437
702	310	431	430
701	322	410	420
699	346	362	396
693	347	370	391
688	346	371	393
690	348	365	391
691	349	363	389
690	342	361	390
686	338	365	391
680	338	375	391
676	343	375	387
676	340	363	389
670	335	365	393
668	332	365	397
671	329	408	396
666	327	397	395
671	324	395	397
672	322	392	396
662	319	401	399
672	319	391	398
674	313	390	401
673	312	394	401
671	307	402	404
677	320	551	389
673	324	548	383
673	312	602	392
674	322	638	378
690	306	626	393
678	306	645	389
684	314	645	376
682	284	644	407
696	282	627	407
708	277	633	409
688	274	659	414
702	273	599	410
702	271	443	410
698	268	627	421
710	266	643	421
716	266	644	421
718	264	424	426
728	263	420	394
731	263	422	426
731	262	423	424
729	256	425	431
729	253	427	389
733	252	426	429
730	248	432	428
725	244	437	430
726	241	437	430
723	237	440	431
722	235	441	434
737	232	425	432
726	230	677	436
724	226	681	443
721	222	635	438
725	224	443	436
736	221	432	437
735	220	434	438
731	219	668	438
725	218	444	440
721	218	446	442
708	218	456	444
709	217	454	442
703	216	458	435
693	214	468	446
689	213	471	442
692	210	471	451
693	210	473	449
685	207	482	450
720	205	450	408
722	205	453	413
723	205	454	417
721	204	455	406
722	204	457	413
726	205	456	426
710	210	472	406
714	218	471	407
720	211	473	408
721	212	756	414
724	213	475	417
726	212	474	415
721	211	480	415
723	211	478	418
723	212	479	421
751	213	452	419
727	211	475	422
725	214	480	419
733	213	479	420
734	214	480	425
735	215	480	427
736	218	479	424
736	217	476	423
730	219	480	420
732	224	486	410
733	229	487	418
734	229	487	414
734	230	487	413
739	233	486	418
755	237	470	418
748	240	478	410
759	247	470	402
758	249	475	401
759	252	478	399
764	256	476	395
770	257	471	392
785	260	459	391
780	266	466	389
780	266	471	388
799	271	457	392
810	271	451	396
828	287	437	380
833	287	434	380
839	294	430	377
859	298	410	378
871	300	398	380
876	307	397	378
871	312	389	376
872	318	402	376
871	322	403	372
872	323	403	373
872	328	404	372
871	328	404	371
871	328	406	373
872	332	406	377
873	335	407	374
873	337	408	371
872	338	407	374
872	338	370	372
868	340	410	376
867	343	409	375
861	344	417	377
865	345	413	376
858	346	416	375
858	347	415	372
838	348	433	376
