1378	349	59	48
1378	349	58	48
1376	351	58	48
1375	352	59	48
1373	352	59	49
1372	353	59	49
1370	356	59	48
1369	357	59	48
1369	357	59	48
1368	357	59	48
1366	358	59	48
1357	367	58	48
1356	368	58	48
1355	368	59	48
1349	368	59	49
1347	369	59	49
1346	369	59	49
1344	370	59	48
1335	374	59	48
1332	376	59	48
1331	377	59	48
1329	377	59	48
1327	378	59	48
1327	378	59	48
1326	380	60	47
1325	379	60	47
1321	381	60	47
1321	381	60	47
1319	382	60	47
1318	382	60	47
1317	383	61	47
1315	385	61	46
1314	384	61	46
1313	387	62	46
1309	388	62	46
1306	390	62	45
1304	391	63	45
1303	391	63	44
1300	393	63	44
1298	394	63	43
1298	394	63	43
1296	395	63	42
1292	397	64	41
1292	398	64	41
1289	400	64	40
1289	401	64	39
1287	402	65	39
1285	402	65	38
1285	404	65	38
1284	404	65	37
1281	405	65	37
1279	405	64	36
1280	405	64	36
1278	406	64	36
1276	406	64	35
1275	408	63	35
1275	407	63	35
1272	409	62	35
1271	410	62	34
1270	411	62	34
1269	412	61	34
1268	413	61	34
1267	415	60	34
1269	416	60	33
1276	419	59	33
1276	420	59	33
1274	421	59	33
1273	421	59	32
1272	421	58	32
1272	423	58	32
1270	424	58	31
1268	425	58	31
1268	425	58	30
1268	425	58	30
1265	425	58	29
1265	425	58	29
1264	425	57	28
1261	427	57	28
1259	437	56	30
1266	429	56	31
1261	424	57	31
1255	425	57	30
1251	426	58	30
1249	427	58	30
1248	426	59	30
1246	427	60	30
1242	427	60	30
1241	429	61	30
1239	428	61	30
1237	428	61	30
1234	430	62	31
1234	430	62	31
1234	431	62	31
1232	432	62	31
1230	434	62	31
1230	434	63	31
1229	433	63	31
1228	434	63	31
1226	434	63	31
1225	435	63	32
1224	437	63	32
1223	436	63	32
1221	435	63	32
1220	435	63	32
1219	435	62	32
1218	435	62	32
1216	430	61	33
1215	429	61	33
1215	427	61	33
1214	426	60	34
1212	425	60	34
1211	426	60	34
1211	425	60	35
1210	424	59	35
1211	420	59	35
1210	420	59	35
1211	416	59	35
1212	415	59	35
1213	411	59	35
1212	409	59	35
1213	406	59	35
1213	403	59	35
1213	399	59	35
1214	398	60	36
1213	397	60	36
1215	397	61	37
1215	396	61	37
1214	396	62	37
1213	394	62	38
1213	394	63	38
1210	393	64	38
1209	393	64	39
1208	393	65	39
1208	391	65	39
1207	390	66	40
1205	388	66	40
1204	386	67	40
1203	387	68	40
1201	384	68	40
1199	382	69	40
1198	380	69	40
1197	380	70	41
1195	377	70	41
1193	375	70	41
1191	373	70	41
1191	371	70	41
1188	369	70	42
1186	367	69	42
1185	366	69	42
1184	365	69	42
1181	363	69	41
1179	362	69	41
1178	362	69	41
1177	361	69	41
1174	359	69	41
1173	359	69	40
1172	359	69	40
1169	358	69	40
1166	356	69	40
1164	354	70	40
1162	353	70	40
1160	352	70	40
1155	351	70	40
1155	349	70	41
1154	349	71	41
1153	347	71	42
1148	346	71	43
1145	344	71	43
1143	343	72	44
1140	341	72	45
1135	339	72	46
1134	339	73	46
1132	337	73	47
1129	337	73	47
1123	333	74	48
1122	333	75	48
1119	332	75	48
1117	331	76	48
1113	329	76	48
1110	328	76	48
1107	325	76	48
1104	324	77	48
1098	322	77	48
1099	321	77	47
1097	320	77	47
1104	336	77	47
1137	347	76	47
1135	345	76	47
1133	344	76	47
1132	343	76	47
1127	342	76	47
1124	340	75	47
1121	338	75	46
1119	337	75	46
1116	336	75	46
1113	334	75	46
1111	332	75	46
1108	331	75	45
1104	329	75	45
1100	325	75	45
1082	324	76	45
1052	316	77	45
1045	312	77	45
1042	310	78	45
1039	309	78	45
1036	308	79	45
1030	304	80	46
1027	302	80	47
1024	301	80	48
1021	299	81	49
1016	295	81	50
1012	293	82	51
1007	292	82	52
1005	291	82	53
997	288	83	54
993	287	83	54
989	286	83	55
987	285	84	55
979	284	84	55
975	282	85	55
971	281	85	55
968	281	85	55
960	277	85	54
965	277	85	54
970	275	86	54
967	274	86	54
959	271	86	53
956	270	85	53
954	268	85	53
950	266	84	53
945	264	84	53
941	262	83	53
936	262	83	52
932	262	83	52
926	262	83	52
924	262	82	51
920	261	82	51
917	262	82	51
909	260	82	50
904	258	82	50
901	257	82	49
897	257	82	49
888	256	82	48
883	256	82	48
879	256	82	48
876	257	83	48
870	259	83	48
865	257	83	48
861	258	84	49
859	258	84	49
849	260	84	50
845	260	84	51
841	259	85	53
837	258	85	54
828	260	86	54
822	260	87	55
819	260	87	55
824	260	88	55
837	261	89	55
835	262	90	55
833	263	91	55
830	263	91	54
825	263	92	54
820	263	92	54
817	263	92	53
812	262	93	53
818	260	93	52
814	258	94	52
810	258	95	51
808	258	95	51
801	255	96	50
797	256	96	50
792	255	97	50
788	254	98	50
780	252	99	50
778	251	99	50
776	251	100	50
779	252	100	50
793	254	101	49
788	255	102	48
787	255	102	47
791	254	103	46
819	255	104	46
827	256	104	45
831	256	105	44
838	256	105	43
876	257	106	42
884	257	106	42
895	259	106	42
898	261	106	41
923	263	107	41
928	264	108	40
932	266	108	40
940	267	109	40
946	269	109	39
954	270	109	39
959	270	110	39
972	271	110	40
973	273	111	40
980	272	111	41
966	264	111	41
962	263	112	42
965	265	112	43
969	265	112	45
973	266	113	47
980	267	112	49
985	265	111	51
995	263	112	52
995	263	112	54
1007	262	112	55
1011	262	113	57
1017	261	113	58
1021	261	113	60
1031	261	113	61
1036	262	113	63
1041	265	113	64
1046	268	113	66
1052	276	112	68
1056	281	112	70
1058	288	112	71
1061	295	112	73
1065	311	111	74
1065	315	111	76
1067	323	111	77
1067	330	110	78
1071	344	110	80
1072	351	109	81
1072	352	109	82
1075	356	108	83
1080	365	108	84
1083	369	108	85
1085	373	108	86
1085	374	108	87
1089	342	107	88
1093	325	107	89
1096	317	107	89
1099	311	107	90
1104	318	107	91
1105	321	107	92
1108	326	107	92
1111	326	108	93
1118	325	109	93
1121	329	109	93
1123	334	110	93
1128	338	110	93
1134	343	110	93
1136	345	110	94
1140	351	110	94
1144	355	111	94
1152	361	111	95
1155	363	112	95
1158	367	112	94
1160	367	112	94
1167	366	113	93
1171	364	113	92
1174	370	113	91
1179	375	113	89
1188	379	113	88
1192	379	113	87
1194	379	113	87
1201	381	113	87
1209	393	113	85
1211	397	113	84
1214	399	114	83
1217	402	114	82
1224	407	115	80
1226	409	116	79
1229	411	117	78
1233	414	117	77
1244	420	117	76
1249	424	116	75
1253	427	116	73
1258	431	115	72
1266	436	115	71
1270	440	114	69
1272	442	114	68
1278	445	113	67
1287	450	113	66
1292	453	112	64
1297	456	111	63
1303	459	110	62
1311	463	110	61
1312	464	108	60
1317	467	108	59
1319	468	108	58
1324	470	108	57
1325	471	107	56
1326	475	107	55
1324	473	106	54
1331	479	106	53
1330	482	104	53
1332	483	103	54
1332	480	102	54
1335	479	101	54
1332	479	101	55
1330	480	100	55
1327	477	100	56
1325	481	100	56
1324	483	99	56
1324	484	99	56
1321	486	98	57
1315	481	98	57
1312	480	98	56
1311	479	97	56
1308	478	97	56
1298	477	96	56
1297	475	95	56
1294	473	94	57
1294	469	94	56
1288	464	93	56
1285	461	92	55
1281	458	91	55
1279	458	91	54
1274	455	90	53
1270	452	90	53
1267	452	89	52
1265	450	89	52
1258	447	88	52
1254	445	88	52
1252	444	88	52
1247	443	88	52
1240	440	87	52
1233	438	87	52
1229	436	87	52
1223	437	88	52
1210	435	88	52
1204	434	89	51
1202	433	90	51
1199	434	90	51
1195	435	91	51
1189	434	91	51
1186	434	92	51
1183	433	92	51
1174	432	92	51
1172	431	92	51
1168	432	92	51
1165	433	92	51
1157	432	92	51
1153	431	91	51
1148	431	91	51
1144	431	90	51
1137	431	90	50
1135	430	89	50
1133	430	89	50
1127	430	88	49
1118	429	87	49
1114	429	86	49
1110	429	86	49
1107	429	85	48
1100	427	85	48
1095	427	84	48
1090	426	84	47
1088	424	83	47
1078	421	83	47
1074	420	83	47
1070	419	82	47
1066	418	82	48
1056	415	82	48
1052	413	82	48
1049	412	82	48
1043	411	82	49
1035	410	82	49
1031	411	81	50
1027	408	81	51
1023	409	81	52
1013	407	80	52
1009	407	80	53
1004	406	80	53
1000	406	80	54
990	406	80	54
984	405	80	54
982	405	80	54
978	405	81	55
967	405	81	55
962	404	81	55
958	405	81	55
953	405	81	55
942	404	81	55
938	404	81	54
933	405	81	54
930	405	80	54
923	404	80	54
919	403	81	53
914	403	81	53
911	401	81	53
905	399	81	52
901	398	81	52
899	395	82	51
897	394	82	50
894	390	83	50
893	390	83	50
891	387	84	49
891	384	85	49
891	380	85	49
891	378	86	49
892	377	86	49
892	376	87	49
895	373	87	49
899	372	87	49
902	370	88	49
905	369	88	49
911	368	88	49
915	368	87	49
919	366	87	50
923	367	86	50
929	365	86	50
930	364	87	50
932	364	87	50
935	363	87	50
938	360	87	51
940	358	87	52
942	358	86	52
944	356	86	53
950	352	86	53
950	349	87	54
950	349	87	54
949	348	87	54
953	344	87	54
955	341	86	54
957	338	86	54
959	335	86	55
963	334	85	54
967	333	85	54
969	335	86	53
970	334	85	54
973	332	84	55
974	332	84	56
976	333	83	57
977	329	82	58
981	316	82	58
984	310	81	59
984	309	81	60
987	307	80	60
993	306	80	60
996	308	80	59
998	310	80	58
1000	314	79	58
1006	320	79	58
1006	323	79	58
1007	321	79	59
1010	318	78	58
1018	316	77	58
1018	317	77	58
1020	317	76	57
1024	310	76	58
1029	302	75	59
1029	300	75	59
1032	304	74	58
1037	306	74	58
1043	310	74	57
1051	307	73	57
1053	306	73	58
1055	307	73	58
1061	310	73	57
1065	310	73	57
1069	310	72	58
1070	308	71	58
1072	309	72	57
1080	310	72	56
1085	310	72	56
1089	307	71	56
1096	307	71	56
1100	312	71	56
1104	311	70	55
1109	312	70	54
1112	315	71	53
1115	315	72	53
1121	315	72	52
1124	314	72	51
1131	315	71	51
1135	316	71	50
1139	316	70	50
1142	318	70	50
1150	317	69	49
1153	318	68	49
1156	318	68	49
1160	319	67	49
1167	319	67	49
1171	319	67	49
1175	318	66	49
1177	319	66	49
1183	319	66	49
1185	317	67	48
1189	318	67	48
1189	318	68	48
1193	318	69	47
1196	318	70	47
1202	317	71	46
1209	318	71	45
1217	319	71	45
1222	320	71	44
1225	320	71	44
1229	322	71	44
1235	324	70	44
1239	324	70	44
1243	325	70	44
1246	327	70	44
1254	329	70	44
1257	331	70	44
1260	331	70	44
1264	332	70	45
1272	335	70	45
1274	336	70	45
1278	335	70	45
1281	337	70	45
1289	338	69	45
1292	338	69	45
1297	339	68	45
1304	340	68	45
1308	340	68	45
1312	341	68	45
1316	342	67	45
1323	344	67	45
1327	344	67	45
1330	345	67	44
1335	346	67	44
1341	347	67	44
1344	348	66	44
1348	350	66	44
1353	351	66	44
1362	353	65	44
1365	353	65	44
1369	354	65	44
1373	356	64	44
1381	359	64	44
1383	360	64	43
1385	362	65	43
1389	364	65	43
1396	368	65	43
1399	369	65	43
1403	371	65	43
1407	374	66	43
1414	379	66	42
1418	381	66	42
1421	382	66	43
1424	384	66	43
1431	388	66	43
1435	389	67	43
1439	392	67	44
1443	393	67	44
1449	397	68	45
1452	397	68	45
1456	399	68	46
1459	401	68	46
1467	408	68	47
1471	409	68	47
1474	410	68	48
1478	412	68	49
1485	416	68	50
1489	416	68	51
1493	416	68	51
1497	417	68	51
1505	420	69	51
1509	418	69	51
1514	418	70	52
1516	418	71	52
1523	418	71	53
1527	418	71	54
1531	420	71	55
1534	424	71	56
1539	429	71	57
1543	428	70	58
1546	427	70	60
1547	429	69	61
1552	432	69	63
1553	432	68	65
1555	428	66	67
1559	431	67	70
1556	421	65	74
1553	417	63	77
1559	427	65	79
1553	417	66	83
1556	409	66	89
1553	409	67	92
1553	402	67	93
1552	386	68	92
1563	382	67	90
1567	382	66	90
1570	380	65	88
1575	369	63	87
1583	348	62	87
1570	342	62	87
1570	336	62	89
1581	277	60	91
1573	245	60	88
