1273	292	94	89
1275	293	86	89
1274	292	86	89
1274	291	87	90
1274	291	88	90
1277	290	86	91
1284	287	77	92
1294	284	67	88
1293	282	68	89
1297	280	64	91
1298	278	64	91
1299	275	65	91
1303	273	59	88
1304	272	60	88
1303	268	63	88
1300	267	91	91
1304	266	87	88
1306	266	84	90
1296	263	91	101
1309	261	75	99
1322	258	61	100
1316	255	64	103
1307	250	65	112
1319	249	52	103
1326	247	45	99
1325	246	49	100
1323	242	49	101
1323	240	50	99
1321	238	52	99
1318	233	56	102
1317	230	72	103
1316	226	77	108
1315	222	84	111
1317	222	85	109
1311	220	93	106
1312	216	91	108
1315	214	88	106
1315	211	87	101
1320	208	82	105
1323	205	78	104
1337	200	59	104
1337	197	52	105
1338	192	48	106
1338	188	45	110
1331	182	53	108
1332	178	53	107
1321	175	64	107
1320	175	64	104
1320	171	68	109
1321	167	67	108
1327	164	62	111
1329	161	62	113
1328	158	65	113
1327	154	67	115
1327	151	69	115
1326	148	70	117
1327	145	73	117
1327	142	75	121
1327	137	78	120
1327	133	78	119
1327	131	81	120
1327	128	84	120
1328	126	85	121
1328	123	86	122
1328	120	86	122
1329	118	87	126
1329	115	88	126
1328	114	89	126
1329	110	90	128
1330	109	90	128
1329	107	91	130
1321	105	100	128
1317	102	104	128
1317	101	104	129
1323	99	98	128
1328	99	93	125
1330	97	91	125
1331	97	89	124
1332	96	89	125
1330	96	88	123
1330	94	89	122
1329	94	88	122
1327	92	91	124
1328	92	90	124
1326	91	91	123
1325	91	91	123
1325	90	91	122
1325	91	89	120
1324	90	90	121
1322	90	87	120
1322	90	90	118
1321	90	90	118
1320	90	86	117
1320	90	93	117
1319	92	94	115
1318	92	90	115
1318	92	91	116
1317	93	88	115
1316	93	92	115
1316	94	87	114
1315	95	90	113
1314	94	87	113
1314	95	90	114
1313	95	79	115
1312	96	80	117
1311	97	84	117
1311	98	84	117
1311	99	81	118
1310	100	81	117
1309	101	81	117
1308	102	77	116
1307	104	80	116
1307	106	82	114
1307	108	85	111
1306	109	88	112
1306	110	87	118
1305	112	89	112
1301	111	90	113
1301	113	91	116
1300	113	90	113
1302	113	88	113
1300	114	90	115
1296	115	93	111
1291	115	98	110
1296	114	90	112
1300	115	83	113
1299	116	82	110
1297	118	83	109
1296	118	84	109
1294	119	86	110
1294	120	86	107
1294	120	85	106
1293	121	86	105
1292	122	87	104
1291	122	92	102
1291	123	94	103
1291	124	87	101
1290	127	100	106
1290	127	97	107
1288	128	94	105
1288	130	91	104
1288	129	95	114
1289	131	110	109
1289	133	112	108
1289	134	113	107
1288	136	111	108
1288	137	115	107
1290	137	114	108
1288	139	111	111
1287	142	114	110
1286	143	119	112
1285	144	116	114
1288	146	117	115
1286	149	114	111
1296	151	110	109
1292	153	112	112
1293	155	114	112
1292	158	115	109
1292	161	112	110
1290	166	120	105
1290	169	118	100
1291	170	118	103
1293	174	115	103
1295	177	97	102
1299	179	86	114
1297	182	98	111
1299	183	91	107
1296	185	91	91
1297	187	104	82
1296	188	95	84
1296	190	108	80
1296	190	97	84
1295	191	110	86
1295	191	94	95
1298	191	110	97
1295	190	114	93
1296	190	112	111
1291	189	120	120
1291	189	110	121
1293	190	100	123
1290	189	108	123
1291	190	102	112
1293	195	112	109
1292	197	113	108
1287	199	117	110
1285	199	111	110
1287	200	118	112
1285	201	108	108
1285	201	111	108
1286	204	110	108
1288	203	110	110
1280	203	119	111
1286	205	114	111
1276	207	125	112
1283	206	120	108
1279	207	127	107
1289	208	119	109
1279	208	131	112
1282	210	130	114
1284	211	134	113
1283	211	140	111
1275	210	144	111
1283	212	146	111
1274	212	156	113
1281	214	151	111
1277	214	155	113
1277	216	158	113
1274	216	161	115
1278	217	157	118
1274	215	161	118
1274	218	160	116
1275	220	161	120
1268	221	165	115
1266	221	156	117
1268	222	166	119
1262	219	170	117
1274	220	157	117
1266	216	160	112
1265	214	162	121
1259	211	164	113
1254	209	170	124
1247	207	175	123
1246	204	180	125
1244	201	183	125
1234	200	195	123
1237	197	193	123
1227	194	204	124
1234	191	200	121
1223	187	210	124
1235	178	210	126
1223	179	210	124
1221	170	215	133
1225	167	222	130
1217	169	218	126
1216	164	190	130
1219	162	172	132
1222	161	162	128
1216	159	162	129
1217	158	163	126
1209	155	168	126
1215	152	158	126
1210	151	160	127
1207	149	159	131
1207	146	158	130
1209	144	154	131
1208	144	152	117
1203	142	155	109
1201	138	157	113
1202	135	154	113
1201	136	144	110
1199	131	152	112
1199	128	144	114
1201	132	140	110
1198	134	143	110
1201	134	137	108
1198	135	140	107
1199	135	137	107
1198	135	127	107
1198	135	126	107
1200	131	128	110
1196	135	117	107
1195	135	117	106
1195	135	111	106
1193	135	112	108
1192	135	107	109
1193	136	106	109
1192	136	104	108
1189	137	106	109
1190	138	104	109
1188	138	102	110
1188	138	101	111
1188	140	100	112
1186	140	101	111
1184	142	99	111
1184	141	100	112
1183	143	97	111
1182	144	97	112
1181	144	100	112
1179	145	93	113
1178	145	97	114
1175	146	96	115
1177	147	89	116
1175	147	91	118
1176	145	89	121
1176	146	83	119
1175	148	84	118
1174	150	81	117
1173	153	82	117
1174	154	80	118
1171	154	87	118
1172	153	89	121
1170	154	90	121
1165	155	94	121
1164	156	96	120
1157	158	95	120
1150	161	102	119
1151	161	98	120
1148	164	101	119
1147	164	101	120
1149	165	100	122
1149	167	96	120
1147	168	101	119
1147	170	114	119
1148	172	103	116
1149	172	112	116
1149	175	108	114
1149	176	105	113
1150	177	104	114
1152	180	102	111
1153	181	103	112
1152	184	106	112
1152	185	106	111
1148	186	107	111
1145	190	107	108
1142	192	103	107
1140	193	100	109
1135	194	107	111
1133	198	103	108
1132	202	109	108
1125	202	107	114
1158	208	73	114
1158	210	70	118
1156	212	70	111
1158	216	69	114
1163	217	66	103
1156	222	75	95
1161	224	70	83
1163	224	71	81
1159	227	78	79
1155	228	82	82
1152	230	84	81
1149	231	89	86
1146	232	85	87
1147	234	83	84
1149	234	81	85
1151	235	77	86
1153	236	72	86
1156	236	61	92
1157	238	54	81
1152	239	54	89
1149	244	53	87
1146	240	48	96
1145	241	50	99
1145	242	80	98
1142	241	80	102
1141	244	90	102
1138	248	96	103
1134	247	97	103
1131	250	94	99
1130	251	97	101
1128	251	97	104
1126	255	100	103
1124	256	100	107
1125	256	101	106
1122	259	103	106
1122	261	106	109
1124	263	103	106
1123	264	106	108
1116	266	110	107
1120	267	113	109
1109	267	119	112
1109	271	122	111
1105	273	123	115
1111	277	123	114
1124	276	108	119
1116	280	123	120
1127	281	114	123
1123	283	117	124
1133	291	110	120
1129	292	113	123
1129	296	114	122
1125	299	120	125
1107	304	139	128
1124	310	118	126
1116	314	117	131
1129	322	118	125
1129	329	91	124
1139	336	99	122
1139	340	93	121
1139	345	87	119
1143	351	97	115
1144	354	83	109
1145	358	87	104
1147	364	89	99
1148	371	90	97
1152	373	94	96
1152	379	103	95
1149	384	99	88
1151	388	94	78
1159	393	85	70
1158	397	82	65
1157	402	76	54
1158	405	78	49
1166	410	67	53
1170	416	57	57
1173	421	60	46
1178	426	59	41
1177	431	56	34
1180	437	53	30
1182	440	49	26
1183	445	47	26
1189	448	39	27
1195	449	33	31
1198	449	32	31
1202	449	35	37
1208	448	35	47
1206	454	39	54
1216	470	43	63
1222	479	46	77
1215	469	53	94
1193	485	79	99
1191	466	83	121
1185	462	82	122
1190	477	81	108
1180	478	92	105
1184	462	95	117
1198	472	86	121
1196	472	93	114
1179	475	108	107
1174	462	115	119
1161	453	112	142
1149	465	127	139
1159	468	135	161
1151	481	147	158
1169	485	134	196
1153	469	152	216
1187	497	125	203
1178	478	130	196
1192	479	113	231
1190	473	118	219
1193	469	118	205
1187	526	130	187
1180	483	135	202
1185	461	123	208
1177	466	129	187
1190	446	128	194
1181	460	129	190
1205	438	120	205
1207	436	122	177
1185	457	138	174
1181	461	132	178
1231	416	114	190
1191	443	133	194
1180	464	140	198
1182	466	142	183
1232	430	109	198
1253	414	96	196
1280	465	100	163
1295	494	141	103
1291	480	112	114
1296	507	144	87
1304	495	125	127
1293	482	108	143
1278	494	105	118
1313	495	124	112
1327	504	119	166
1326	412	81	200
1249	492	94	137
1254	506	90	116
1281	510	87	93
1261	510	77	96
1256	511	82	84
1281	519	58	98
1273	515	69	76
1275	513	68	62
1289	516	55	66
1296	515	49	62
1296	514	50	54
1303	511	44	52
1308	504	41	53
1316	486	34	60
1320	482	32	57
1324	482	30	55
1326	481	26	52
1327	480	26	53
1326	481	30	54
1327	483	30	55
1327	491	32	51
1326	499	35	43
1326	508	36	43
1329	497	32	42
1328	504	35	39
1328	502	32	43
1330	497	34	43
1329	502	37	42
1330	493	38	45
1330	472	34	45
1330	472	35	43
1329	472	38	44
1329	471	38	48
1329	471	39	44
1329	471	40	45
1329	470	40	45
1329	470	43	56
1329	468	45	63
1329	468	46	64
1330	467	46	65
1329	467	46	65
1330	467	46	65
1331	466	45	63
1329	466	45	64
1330	466	46	61
1331	466	45	64
1330	466	45	65
1331	466	45	65
1331	465	45	65
1332	465	44	64
1331	465	45	64
1332	465	44	65
1333	464	44	64
1332	465	44	66
1332	464	44	65
1333	464	43	65
1333	463	44	65
1333	464	44	65
1334	463	43	65
1333	463	45	67
1334	462	44	68
1334	462	44	66
1335	462	44	69
1335	461	44	66
1336	461	44	71
1336	460	44	67
1337	460	44	66
1338	460	43	73
1337	460	45	67
1334	460	49	60
1341	459	42	64
1341	459	43	64
1342	459	42	62
1343	458	43	68
1344	458	42	68
1343	458	43	66
1343	457	44	72
1342	458	46	68
1343	458	46	58
1345	457	44	55
1345	457	45	52
1345	457	45	51
1345	457	45	49
1345	457	45	49
1346	456	44	50
1346	456	44	48
1346	455	44	51
1347	455	44	50
1347	454	44	49
1348	454	43	50
1348	454	44	50
1348	454	44	50
1348	452	43	50
1348	453	43	51
1348	452	44	50
1348	451	43	50
1348	452	44	49
1348	451	44	51
1348	451	44	50
1348	452	44	49
1348	451	44	51
1348	451	44	50
1346	451	43	49
1347	451	43	52
1346	450	44	49
1346	450	44	52
1345	450	44	50
1346	449	45	49
1345	449	44	49
1345	449	44	49
1345	449	44	48
1345	449	43	48
1345	448	44	48
1345	449	44	48
1344	449	44	47
1344	449	44	46
1344	447	43	48
1344	447	44	47
1345	447	44	47
1344	446	44	48
1344	446	44	48
1344	445	44	48
1344	444	44	48
1343	444	44	49
1343	444	44	49
1344	444	43	54
1344	442	44	50
1343	443	45	50
1344	443	43	51
1344	442	43	49
1343	442	44	48
1344	440	43	48
1344	441	43	48
1344	441	43	47
1345	440	43	47
1345	439	43	47
1343	440	44	49
1344	439	43	48
1343	439	44	51
1343	438	44	50
1343	437	44	50
1343	437	43	49
1343	437	44	50
1343	437	44	49
1343	437	44	48
1343	436	44	48
1343	436	43	47
1342	435	44	47
1343	435	44	49
1341	435	45	50
1340	435	45	50
1342	435	45	50
1340	435	46	50
1340	433	47	50
1341	433	45	49
1340	433	45	48
1339	433	46	48
1340	433	45	51
1339	432	46	50
1338	432	47	56
1330	432	54	56
1320	431	64	60
1314	431	70	64
1308	431	74	63
1309	431	75	61
1309	430	73	62
1315	432	71	61
1309	429	77	64
1309	431	77	62
1313	430	74	64
1315	432	72	62
1313	430	70	66
1307	429	79	68
1281	430	93	69
1282	427	92	74
1269	429	105	69
1265	420	104	81
1285	419	94	88
1286	413	100	88
1263	428	119	69
1259	421	116	76
1288	387	103	119
1305	385	114	125
1408	368	100	145
1421	383	109	134
1424	379	111	130
1414	376	119	121
1411	374	115	133
1416	372	120	123
1419	390	115	131
1422	409	112	131
1407	402	122	115
1428	395	102	127
1434	399	101	119
1410	400	118	110
1437	375	106	117
1437	384	105	120
1410	384	92	144
1415	391	100	146
1399	401	127	124
1415	387	104	152
1269	436	131	89
1299	424	105	106
1308	429	97	95
1316	430	85	75
1311	432	89	67
1272	432	123	65
1313	432	88	66
1316	433	86	63
1284	434	108	66
1309	428	82	74
1296	436	106	63
1274	437	118	68
1273	440	122	62
1270	441	121	63
1310	435	95	85
1280	438	117	69
1309	434	87	89
1283	439	111	73
1270	434	128	69
1314	440	90	92
1317	443	95	78
1297	442	106	69
1334	441	79	74
1314	441	92	67
1327	442	80	67
1339	441	71	65
1337	445	70	66
1336	442	72	69
1336	443	71	68
1336	443	69	68
1337	444	69	68
1337	444	69	68
1337	446	70	67
1338	447	69	70
1339	448	67	70
1338	448	69	69
1337	450	69	68
1339	450	69	68
1331	451	60	69
1335	450	61	72
1333	452	67	70
1330	453	66	70
1332	453	59	70
1335	455	60	68
1332	453	54	72
1333	457	64	71
1330	454	59	72
1329	457	58	70
1331	457	67	70
1331	458	68	78
1321	457	61	69
1325	457	51	71
1332	461	57	71
1324	458	41	73
1326	459	47	71
1330	463	53	73
1327	462	58	72
1320	460	47	74
1320	459	41	71
1323	459	38	72
1321	459	39	67
1323	461	36	67
1321	461	40	64
1322	461	40	58
1319	462	35	58
1317	459	32	54
1318	461	31	55
1318	462	30	54
1316	461	29	49
1315	461	31	49
1317	459	29	51
1316	462	29	49
1316	461	29	50
1316	462	28	47
1317	464	28	48
1319	464	26	47
1316	465	28	44
1318	466	25	45
1318	466	24	43
1319	467	25	44
1318	468	26	43
1317	467	25	43
1316	468	25	43
1315	469	26	43
1314	470	26	42
1312	471	28	43
1312	471	27	44
1311	473	27	44
1312	474	28	44
1311	474	28	43
1311	474	26	42
1311	475	26	41
1311	478	25	42
1310	478	26	43
1311	479	25	41
1311	479	25	44
1311	480	25	45
1310	480	25	45
1312	481	23	45
1310	482	24	42
1313	482	19	42
1313	484	18	42
1312	485	19	41
1313	485	17	41
1313	486	17	41
1312	486	18	42
1312	487	18	41
1312	488	17	42
1311	488	18	43
1310	488	18	44
1310	489	17	44
1309	490	17	44
1308	491	17	45
1308	492	16	45
1307	492	17	44
1305	491	17	47
1305	493	18	46
1302	491	21	48
1300	492	22	50
1296	494	27	50
1298	491	31	55
1317	496	38	63
1316	496	46	75
1310	496	51	79
1309	498	52	77
1306	500	53	78
1305	500	54	74
1304	497	53	78
1305	498	52	82
1304	499	51	77
1305	499	51	77
1303	501	52	78
1301	500	52	81
1298	499	54	83
1300	500	51	82
1296	500	56	77
1296	501	54	79
1279	508	70	76
1287	507	64	78
1214	526	90	57
1201	523	92	62
1200	515	80	72
1278	507	63	75
1262	510	71	64
1270	512	67	74
1273	511	63	79
1268	515	67	82
1278	510	55	80
1277	510	57	78
1252	513	76	69
1285	512	47	92
1276	512	53	87
1280	511	57	86
1270	525	63	77
1265	524	66	78
1266	528	66	71
1251	543	76	61
1256	541	66	69
1257	541	66	72
1258	545	64	72
1257	547	65	63
1254	544	67	64
1255	546	65	65
1256	544	64	70
1254	545	67	65
1252	544	66	63
1254	545	62	71
1253	545	64	66
1251	548	69	64
1250	547	69	64
1251	546	68	65
1247	548	70	64
1247	549	68	61
1244	547	72	64
1244	547	66	61
1240	548	67	57
1239	548	72	57
1232	543	77	56
1234	532	76	69
1220	535	82	74
1206	532	94	78
1189	499	82	96
1200	507	81	102
1199	501	88	105
1194	483	87	109
1201	492	84	124
1214	454	79	153
1231	437	82	159
1233	431	77	163
1206	449	86	154
1227	479	92	168
1210	471	104	143
1219	465	87	168
1209	455	96	151
1199	461	94	153
1195	468	99	145
1216	485	97	159
1217	455	94	146
1225	468	97	167
1212	467	100	154
1210	498	105	170
1211	466	103	155
1202	482	115	179
1199	499	126	160
1188	492	118	150
1234	481	96	156
1246	516	86	157
1244	523	91	128
1251	521	90	138
1252	505	83	155
1249	499	91	117
1254	516	83	134
1241	511	89	121
1253	508	81	128
1271	521	79	154
1403	513	151	97
1402	516	147	100
1407	520	141	108
1410	519	137	123
1401	521	146	122
1401	520	148	122
1399	520	150	122
1398	519	155	120
1401	519	153	124
1403	518	152	129
1395	518	157	124
1410	517	155	128
1397	517	144	128
1404	517	150	129
1410	515	149	126
1416	517	140	135
1318	524	132	140
1398	518	157	121
1413	520	144	109
1412	521	147	105
1414	520	142	102
1420	519	137	107
1409	519	148	107
1419	519	144	112
1399	517	151	111
1418	515	135	111
1443	514	135	103
1432	510	113	85
1422	508	101	86
1418	504	84	74
1425	502	75	57
1424	502	74	57
1422	500	77	57
1422	498	76	55
1421	498	78	49
1450	492	61	48
1465	485	51	50
1466	484	50	53
1464	494	54	47
1457	469	54	64
1442	472	66	65
1472	493	83	68
1424	489	126	66
1420	488	95	75
1424	485	87	68
1424	485	83	69
1425	483	84	66
1423	482	88	69
1424	482	87	68
1426	480	87	68
1418	481	96	66
1419	482	97	65
1407	481	110	66
1404	481	113	59
1402	482	115	65
1399	483	121	67
1401	484	119	65
1401	484	119	64
1403	485	116	55
1414	485	106	52
1421	484	98	55
1461	486	60	53
1463	486	56	56
1464	487	56	56
1464	488	56	56
1464	489	55	61
1464	490	55	60
1466	492	52	58
1465	494	53	58
1466	496	52	58
1464	497	55	60
1463	498	58	60
1447	501	73	61
1430	502	89	63
1450	503	71	70
1454	504	72	71
1467	505	71	86
1466	505	71	76
1454	506	83	90
1406	505	130	82
1399	506	134	80
1404	507	130	84
1405	505	128	87
1405	505	129	88
1404	506	129	90
1401	505	135	91
1400	505	140	92
1404	505	140	93
1401	504	147	96
1403	505	152	98
1400	505	162	98
1384	504	184	97
1391	506	180	97
1412	509	162	95
1423	526	154	81
