1522	418	329	194
1511	419	336	186
1496	418	347	187
1496	418	349	186
1484	414	359	189
1472	412	370	192
1458	410	381	194
1445	408	392	195
1432	407	397	198
1434	407	401	198
1419	402	392	198
1407	402	367	196
1394	401	370	193
1381	401	376	192
1369	401	372	193
1369	401	364	193
1358	403	368	192
1347	401	360	194
1334	402	353	194
1319	398	367	196
1307	396	381	199
1305	395	383	198
1292	395	391	198
1278	394	404	200
1264	393	397	201
1252	394	400	200
1237	393	417	202
1236	393	412	201
1223	392	431	203
1207	392	433	203
1192	395	425	201
1178	393	427	199
1163	392	421	196
1167	391	411	198
1150	391	404	194
1134	390	432	200
1126	385	451	201
1113	385	462	198
1102	380	458	204
1102	381	459	202
1088	380	469	199
1075	376	465	198
1063	373	468	197
1052	368	468	200
1044	365	471	203
1043	364	481	205
1033	360	441	203
1020	360	453	203
1009	357	451	201
996	352	465	204
985	349	457	203
990	348	447	203
975	346	442	203
962	343	454	201
952	338	418	202
936	337	435	198
919	334	433	197
922	335	420	198
909	331	422	199
892	331	427	197
876	328	428	198
859	325	413	199
842	321	426	200
841	320	441	204
823	320	442	204
805	317	440	204
789	315	446	203
775	311	431	198
761	310	435	204
754	308	442	207
747	307	441	206
736	306	446	207
725	305	463	208
718	305	458	213
703	303	466	213
704	303	473	211
679	302	490	211
665	301	507	213
611	301	544	210
599	298	565	209
596	296	552	214
594	295	557	213
590	295	564	212
586	294	521	204
580	295	525	210
577	293	490	206
567	293	509	206
566	292	493	209
565	293	485	207
560	292	473	210
550	293	480	209
537	290	474	215
531	286	466	214
533	288	476	218
522	283	459	218
516	282	439	221
509	282	427	217
501	283	425	217
508	287	403	222
504	284	392	230
509	281	379	229
494	279	373	220
504	283	355	203
490	280	327	204
489	285	344	204
488	281	327	201
489	278	314	211
479	273	304	212
473	284	309	203
463	284	308	207
461	282	283	203
462	281	282	202
448	286	284	193
433	280	295	191
426	283	288	191
423	290	295	186
407	285	307	184
414	284	303	195
388	277	331	174
395	280	347	187
789	498	342	174
750	500	330	174
729	506	310	174
728	505	317	175
698	508	314	189
674	511	321	190
648	517	346	183
615	521	354	179
597	524	398	185
594	525	368	187
572	530	402	184
537	536	450	186
504	546	474	185
488	544	521	186
447	549	570	183
442	551	602	180
411	541	645	210
402	555	679	241
549	532	565	280
636	525	495	256
623	538	478	256
728	530	417	260
810	527	332	246
864	500	283	267
869	467	306	288
873	485	321	275
864	492	337	268
874	542	362	237
1184	238	207	401
1177	212	203	422
1165	194	200	398
1161	187	229	366
1176	169	211	376
1176	166	221	355
1163	143	227	363
1160	142	179	377
1124	133	186	376
1127	118	180	352
1103	111	202	281
1101	111	210	276
1076	96	232	341
1054	88	260	297
1038	78	279	292
1021	67	298	321
1008	54	314	307
1008	54	314	321
994	43	345	329
982	31	372	277
965	17	400	303
952	5	414	313
932	0	428	310
941	2	417	300
929	6	424	291
912	8	426	276
900	0	432	267
854	2	425	234
882	1	438	237
880	-9	429	235
598	427	537	258
580	429	598	258
623	426	560	257
669	427	538	249
693	420	538	252
710	422	523	251
744	425	514	251
840	433	463	241
808	437	516	233
880	438	452	232
855	436	487	227
835	438	506	225
885	439	477	226
1037	441	350	222
1078	441	331	225
1102	441	329	230
1063	442	392	224
1111	442	342	220
1019	442	454	226
1038	441	446	226
1111	450	386	214
1122	452	382	218
1111	459	411	208
1086	458	435	213
1099	460	420	208
1167	462	360	203
1225	461	329	201
1214	468	329	204
1250	470	319	206
1261	470	300	205
1286	473	313	207
1320	477	323	203
1345	479	301	207
1359	488	281	204
1372	485	273	212
1376	480	357	215
1361	463	459	230
1350	466	501	235
1358	463	491	242
1422	469	413	244
1424	471	392	246
1427	474	376	241
1410	473	390	246
1397	473	393	257
1386	473	395	260
1387	488	376	258
1458	523	280	226
1465	564	261	183
1459	568	265	187
1467	577	265	183
1526	578	218	187
1561	590	192	177
1569	595	192	172
1571	593	188	176
1569	600	202	170
1573	606	205	165
1574	610	213	165
1565	612	226	166
1563	619	234	163
1564	618	235	162
1561	621	242	160
1549	623	256	158
1546	625	261	156
1539	625	274	156
1551	627	273	158
1541	626	283	157
1579	631	263	155
1668	625	173	157
1678	628	171	153
1684	630	174	152
1688	632	179	151
1692	632	173	151
1688	634	189	149
1684	633	198	149
1684	633	205	149
1686	633	206	148
1689	631	207	148
1683	632	212	148
1693	629	208	149
1704	630	203	147
1716	631	194	146
1741	630	171	149
1766	631	147	146
1763	632	151	145
1785	632	130	145
1795	631	120	146
1801	631	114	147
1802	631	113	146
1799	633	112	143
1798	633	114	142
1797	633	116	140
1794	633	121	137
1793	633	120	136
1797	634	116	129
1814	635	102	128
1811	636	103	126
1827	638	87	122
1845	637	71	124
1861	640	57	120
1877	639	42	118
1888	636	29	118
1890	640	29	113
1890	645	33	112
1810	686	93	73
1760	703	117	75
1707	705	134	83
1636	678	150	99
1457	651	202	101
1444	645	221	110
1454	653	225	132
1474	670	226	134
1470	663	221	132
1473	662	209	118
1460	666	215	121
1435	644	228	112
1436	642	238	124
1181	726	288	182
1157	689	315	199
1166	687	326	214
1161	673	331	227
1153	663	334	218
865	497	393	222
850	478	375	169
846	471	370	174
859	465	372	185
853	450	380	211
815	485	386	216
862	537	342	222
831	471	364	195
830	480	356	192
821	483	372	164
807	472	387	181
802	480	390	191
797	475	379	167
778	472	395	199
775	478	413	206
765	475	429	228
381	457	498	281
355	449	527	293
225	429	697	313
218	410	713	323
245	450	710	281
381	451	643	283
409	450	584	280
447	453	565	274
492	452	553	273
503	447	566	279
385	433	663	283
407	428	669	285
397	429	692	284
452	430	656	280
447	424	661	278
470	418	654	274
508	415	626	272
523	408	620	275
562	411	586	275
645	399	514	285
691	388	482	288
671	380	521	297
634	368	568	301
592	356	617	318
588	352	618	322
618	337	593	347
646	323	571	357
653	305	572	407
647	297	595	391
657	285	598	400
646	279	607	388
652	264	613	437
828	253	450	321
876	240	414	311
888	220	410	318
919	197	386	321
901	196	402	324
909	174	403	325
929	150	385	333
906	130	415	333
884	109	447	335
779	90	565	344
792	85	543	357
814	70	529	382
830	52	529	380
842	36	528	367
857	17	537	347
865	14	531	335
857	13	541	335
894	10	509	297
992	3	419	263
1011	1	409	242
1042	1	394	231
1047	1	402	224
1031	3	418	228
1067	2	394	213
952	0	530	212
1041	6	445	221
1090	2	411	201
1098	2	411	194
1090	-1	426	213
1108	-3	419	218
1136	1	398	204
1142	0	390	196
1162	1	393	193
1172	2	393	185
1171	1	389	185
1190	1	375	183
1206	3	373	185
1226	5	388	187
1236	0	390	203
1263	2	381	208
1266	2	370	200
1217	4	423	194
1288	3	366	195
1278	0	397	203
1332	-1	360	212
1340	0	371	220
1340	-2	379	207
1352	1	374	218
1394	0	334	222
1286	1	450	228
1305	0	449	226
1350	0	415	233
1385	3	382	234
1426	7	357	231
1420	14	382	232
1454	21	362	230
1531	28	301	229
1506	29	347	232
1503	29	348	233
1443	10	423	256
1441	20	443	259
1466	5	423	279
1486	12	410	281
1512	14	395	283
1508	11	401	285
1531	21	374	277
1555	21	353	279
1562	20	340	290
1566	17	342	301
1567	7	341	325
1566	7	347	322
1563	0	349	338
1557	4	350	343
1550	8	362	328
1547	22	363	325
1539	22	375	314
1532	9	383	332
1540	30	369	319
1652	79	264	280
1706	100	206	265
1721	121	188	239
1736	160	176	205
1738	169	173	196
1746	175	165	189
1755	187	157	184
1765	161	146	181
1788	170	127	156
1798	169	126	142
1805	170	114	142
1821	176	95	152
1837	184	82	155
1852	228	73	134
1881	234	45	105
1877	230	42	88
1878	230	41	85
1864	220	54	91
1848	198	68	111
1834	189	82	125
1824	180	91	140
1818	173	98	173
1819	176	96	170
1816	171	98	178
1814	171	98	184
1807	168	107	189
1789	167	124	189
1764	167	151	187
1764	166	150	190
1735	167	176	188
1713	166	196	189
1695	167	216	187
1685	165	229	188
1674	163	222	192
1673	164	217	189
1649	164	201	189
1617	162	194	193
