958	501	126	122
958	498	122	120
959	497	120	120
960	497	119	120
962	498	117	119
964	497	115	119
965	495	114	117
965	495	111	119
965	494	110	116
966	492	108	118
967	493	109	119
965	494	111	118
963	495	114	117
962	498	117	117
957	499	118	117
954	501	122	118
948	504	128	119
944	504	132	120
943	505	134	121
941	505	136	121
941	509	134	120
939	506	135	122
929	506	144	122
928	508	148	122
921	509	153	122
916	510	155	122
913	510	157	123
910	510	158	123
908	511	159	125
908	514	159	125
909	518	158	124
910	520	157	124
910	519	157	125
910	519	158	125
909	522	160	124
909	524	160	124
911	525	159	124
913	524	160	124
913	523	161	124
915	523	161	124
917	522	162	125
920	522	163	127
921	522	165	127
921	521	166	128
920	520	169	128
920	520	170	128
920	521	173	125
918	521	176	126
918	520	174	126
919	517	180	127
919	518	178	124
920	515	179	124
918	515	181	122
918	515	180	120
919	516	181	118
922	518	180	116
922	518	178	118
923	518	178	114
923	516	176	123
926	516	173	112
932	513	170	122
937	511	165	116
938	507	168	123
939	504	168	121
940	503	169	120
942	502	165	115
946	503	167	114
950	500	166	115
953	496	167	117
957	491	165	121
963	487	162	125
959	484	167	129
958	477	171	130
959	473	173	129
962	472	177	125
966	472	174	122
966	469	173	125
966	465	171	127
970	464	163	127
988	463	141	125
984	466	137	123
990	469	131	122
989	473	128	121
990	475	122	121
990	477	120	123
996	480	112	123
1005	479	100	127
1015	477	90	126
1021	479	92	124
1023	479	79	125
1021	480	80	124
1021	482	74	123
1021	482	73	125
1019	484	74	124
1016	485	78	125
1013	486	82	126
1009	489	87	124
996	487	101	123
990	488	109	123
984	488	112	124
980	488	114	124
981	490	112	122
984	492	110	123
985	494	108	121
985	496	105	124
987	495	102	123
993	496	98	123
999	496	93	124
1003	495	92	125
1003	496	89	124
1004	493	92	126
1008	494	91	126
1012	492	90	125
1011	491	94	125
1000	488	106	128
997	486	110	128
996	485	112	127
995	484	115	129
998	483	114	125
1000	482	116	124
1001	480	117	125
1007	478	116	124
1009	479	120	122
1013	478	121	120
1016	477	121	119
1012	478	124	116
999	475	137	118
997	474	134	119
998	472	129	121
1002	475	119	120
1012	479	104	116
1021	484	91	113
1031	482	78	116
1042	480	67	118
1043	479	66	119
1035	479	71	121
1030	479	72	119
1027	475	66	122
1023	471	58	127
1018	541	113	58
1020	545	70	54
1006	532	56	68
1022	571	57	31
1028	572	56	30
1032	516	85	82
1021	424	124	170
1019	422	106	168
984	407	144	183
985	439	147	147
1020	466	119	121
1024	465	118	122
1021	462	123	124
1013	463	131	125
1010	465	134	119
1009	465	132	116
1012	465	124	116
1019	469	113	114
1021	472	107	114
1024	474	100	115
1028	477	94	115
1029	476	93	117
1021	480	99	113
1018	483	98	112
1020	486	95	109
1025	487	89	110
1029	487	82	109
1034	488	74	108
1035	488	69	109
1033	486	67	109
1029	487	65	111
1026	484	65	115
1022	485	65	116
1018	486	65	117
1014	488	69	117
1012	488	69	120
1009	489	73	120
1009	488	76	122
1007	488	78	121
1006	488	77	121
1005	488	78	120
1004	486	87	119
1004	485	86	119
1004	482	89	119
1003	480	93	119
1002	478	96	119
998	476	101	119
999	475	106	119
998	471	110	121
996	466	113	122
1001	463	112	123
1010	462	110	122
1019	460	106	122
1017	459	112	123
1015	459	113	124
1012	457	118	124
1004	460	126	120
995	462	134	119
992	462	132	117
991	461	131	118
994	461	127	120
996	461	123	121
999	461	118	121
1007	459	110	120
1015	460	102	120
1010	461	107	121
999	460	119	121
996	460	120	122
997	460	119	122
998	460	119	120
1007	460	112	117
1015	459	110	117
1006	459	122	117
1000	457	133	117
999	457	136	118
1002	456	137	119
1002	454	139	122
1003	453	138	118
1001	457	136	115
999	461	131	112
1000	465	127	109
1005	471	119	106
1011	476	109	103
1015	476	100	102
1019	473	97	106
1018	475	95	104
1019	472	92	106
1018	471	92	106
1015	470	100	108
1013	467	99	111
1008	468	101	110
1008	467	101	111
1013	465	96	113
1017	464	93	114
1015	463	94	113
1018	463	95	113
1024	462	91	112
1027	461	84	112
1031	461	81	111
1031	457	84	111
1028	458	90	107
1024	449	97	110
1028	445	98	113
1033	443	96	114
1036	437	99	118
1041	434	90	118
1045	430	89	118
1046	428	91	117
1050	427	94	118
1049	423	101	124
1043	422	107	124
1036	422	114	121
1033	421	117	119
1031	421	116	119
1031	422	114	117
1032	426	110	113
1031	428	106	112
1029	430	106	115
1026	430	104	115
1024	431	101	117
1021	428	101	117
1022	427	98	118
1021	425	97	119
1023	426	94	119
1024	426	92	118
1023	424	94	117
1022	424	95	115
1021	421	99	117
1019	420	105	117
1018	418	110	116
1014	416	116	115
1012	415	122	113
1011	413	128	115
1013	411	130	116
1005	417	139	111
1005	419	137	109
1005	423	134	111
1007	430	129	107
1010	434	121	107
1013	436	110	111
1014	439	104	112
1015	438	96	117
1017	437	89	120
1015	440	84	117
1013	442	81	118
1009	444	77	121
1004	445	83	122
998	447	90	123
994	449	89	124
992	450	101	127
988	449	108	129
983	450	100	132
981	452	82	134
977	455	86	133
976	454	88	131
974	457	89	132
963	460	98	132
956	464	104	130
953	468	109	130
953	470	111	130
953	474	108	127
956	477	104	126
959	477	100	128
960	478	99	126
958	478	99	127
955	477	104	129
953	477	107	128
948	475	106	131
947	475	106	132
940	476	110	130
942	476	108	132
945	477	104	129
950	479	96	127
954	480	89	128
957	478	84	129
960	479	79	129
965	481	73	128
964	481	71	127
962	481	71	127
960	481	72	127
958	481	75	125
957	480	78	124
952	479	83	126
951	478	85	125
949	479	92	124
951	478	94	123
948	478	95	123
946	478	96	124
946	479	98	125
940	476	108	127
938	475	114	127
936	472	115	128
939	473	113	125
941	469	114	129
942	469	115	124
945	469	115	121
948	468	111	123
950	467	111	124
953	468	109	124
958	467	107	121
960	464	103	126
964	469	99	121
967	467	98	123
971	466	96	125
968	467	99	126
967	468	99	127
967	468	103	129
965	468	107	129
959	470	109	127
953	469	121	130
954	469	120	129
952	468	124	131
950	466	132	131
951	466	134	133
950	466	137	133
949	465	140	134
946	465	144	135
945	463	147	135
945	460	151	136
944	458	153	137
940	457	156	137
939	456	156	136
939	455	155	136
938	453	154	136
936	454	149	134
937	456	141	133
939	457	125	131
903	492	145	101
947	522	130	74
952	539	97	60
948	529	77	58
943	513	60	54
948	579	83	24
952	572	82	25
955	567	81	32
966	567	78	32
974	551	82	46
977	512	109	83
978	479	109	114
973	396	163	198
975	387	142	204
975	386	119	205
969	378	123	218
940	374	154	225
914	365	180	234
899	355	197	238
879	351	225	242
858	345	248	241
795	336	266	159
711	326	217	147
687	320	197	170
689	308	171	182
705	298	139	189
722	284	101	202
704	287	98	191
682	283	117	180
661	271	112	132
638	266	103	120
615	255	107	125
594	253	108	121
570	249	112	115
546	241	111	118
521	235	113	118
498	230	113	116
475	226	111	116
451	225	112	119
423	222	115	124
402	223	117	127
378	223	115	140
352	231	112	129
332	228	111	132
308	231	112	133
282	238	112	129
256	240	114	127
225	238	115	132
201	231	112	138
171	228	113	133
142	225	114	134
114	222	112	135
87	219	115	135
58	221	116	127
23	216	122	130
4	207	108	138
0	204	91	143
0	200	50	144
-4	235	33	104
-20	229	43	100
-10	210	36	103
-21	207	51	94
-25	205	56	95
-29	206	58	96
-29	198	58	103
-23	198	53	104
-15	199	48	97
-21	207	47	93
-22	213	47	92
-18	212	45	94
-10	203	40	94
-7	209	38	92
-11	208	39	86
-11	212	42	82
-24	222	48	81
-22	222	44	90
-21	215	49	92
-29	224	58	92
-24	213	49	100
-16	216	44	98
-10	216	39	92
-22	224	45	87
-24	216	49	90
-19	213	48	89
-13	208	41	93
-13	205	44	91
-12	206	39	92
-10	206	41	90
-3	201	40	91
-8	201	40	91
-6	197	41	87
-3	184	38	87
-10	183	44	85
-8	176	43	93
-9	170	57	93
-6	158	48	117
-3	138	56	126
-2	132	64	131
-12	166	63	126
-16	166	58	133
-10	154	58	142
-14	168	67	131
-42	170	84	127
-47	185	94	126
-51	190	102	131
-26	192	73	133
-35	180	84	130
-45	174	91	136
-52	185	105	130
-24	185	88	128
-48	189	96	125
-51	192	102	125
-52	190	105	132
-55	178	110	132
-57	171	114	140
-62	175	124	138
-60	174	120	140
-45	174	107	140
-57	151	115	151
-63	166	126	142
-63	167	126	146
-61	174	122	142
-62	175	124	141
-59	180	119	142
-58	179	117	138
-53	187	112	130
-57	188	115	131
-56	189	113	129
-56	183	113	135
-46	193	101	136
-53	199	107	126
-52	148	105	112
-58	131	117	96
-22	75	112	139
-7	41	120	150
-2	49	145	139
8	38	170	122
5	22	189	124
17	-4	218	134
21	21	240	157
29	199	291	102
146	262	250	137
217	291	246	101
279	256	237	141
260	291	237	123
262	265	221	132
153	136	252	168
13	-12	272	156
-90	-48	213	158
-18	-6	150	97
21	1	120	81
43	1	120	83
64	1	121	87
86	1	120	91
112	2	115	96
135	0	122	104
157	0	139	114
179	0	145	118
202	1	141	120
230	0	135	127
253	1	132	134
277	0	121	140
305	0	115	147
333	1	109	152
355	12	113	150
378	29	110	145
400	43	110	140
423	57	110	134
444	70	114	131
462	87	119	123
478	98	124	117
490	109	131	117
503	117	142	123
516	124	149	134
529	128	157	148
544	134	165	153
563	144	171	155
581	154	176	156
600	161	176	161
615	159	178	171
631	167	179	174
649	174	180	179
667	181	168	184
684	190	166	186
702	194	161	194
718	189	160	211
737	187	152	224
760	190	141	242
777	190	136	248
793	190	130	259
819	201	113	255
825	209	124	230
836	209	127	163
871	208	104	134
890	201	100	133
913	198	94	125
930	189	93	126
946	181	90	126
961	172	92	129
979	166	92	129
995	159	91	129
1010	152	92	127
1026	147	94	121
1044	142	98	118
1064	134	100	117
1082	126	102	118
1097	126	102	112
1116	119	106	114
1135	116	106	112
1154	111	109	116
1176	111	105	114
1197	109	105	113
1219	97	108	120
1237	97	109	119
1256	95	113	118
1275	96	112	115
1294	93	115	117
1320	89	118	120
1348	97	119	111
1370	92	120	118
1403	93	114	118
1427	105	109	107
1447	107	109	107
1468	104	113	112
1485	108	118	112
1527	120	122	108
1554	121	116	112
1578	127	118	111
1591	129	125	110
1609	131	129	113
1627	118	132	134
1651	133	133	122
1673	144	130	119
1696	148	128	121
1717	156	127	119
1747	163	121	120
1763	172	127	121
1781	179	124	122
1801	190	116	115
1817	199	101	113
1837	217	82	101
1864	239	59	87
1890	252	51	78
1893	248	53	86
1889	241	60	96
1884	225	70	105
1880	227	78	113
1877	234	84	123
1874	225	91	137
1866	156	106	154
1860	109	118	143
1861	94	117	136
1863	92	112	132
1864	89	111	130
1865	99	109	129
1866	95	106	129
1866	88	106	129
1867	83	105	131
1866	80	106	126
1868	91	103	120
1870	86	99	120
1871	84	96	122
1871	83	96	122
1872	84	95	122
1872	84	94	119
1872	88	94	123
1871	85	97	119
1872	79	95	119
1873	79	93	123
1872	79	95	119
1872	75	95	123
1872	72	95	122
1872	74	95	124
1871	74	97	125
1870	75	98	127
1870	76	99	128
1869	73	100	125
1870	73	99	129
1869	78	100	126
1870	75	99	129
1870	75	99	126
1870	79	99	128
1868	84	102	123
1868	98	103	127
1868	95	103	129
1867	94	105	135
1865	88	109	127
1866	85	107	132
1865	82	109	128
1865	81	108	130
1866	81	106	128
1866	83	106	129
1866	86	106	133
1865	82	108	127
1866	85	106	128
1866	86	106	128
1867	84	105	124
1867	84	104	126
1867	90	104	128
1865	87	108	126
1866	89	106	129
1865	86	108	125
1867	89	105	127
1867	102	105	126
1868	100	103	125
1868	97	102	122
1869	94	101	118
1871	104	96	120
1870	102	98	118
1870	99	98	118
1870	104	99	115
1871	100	96	122
1871	99	96	121
1871	106	97	122
1871	109	96	119
1872	108	94	125
1871	108	97	125
1871	111	96	120
1871	114	97	118
1870	116	98	114
1870	121	99	112
1872	118	95	120
1870	117	98	117
1871	114	96	122
1870	119	98	122
1868	116	102	120
1869	111	101	120
1869	111	101	122
1867	113	104	120
1867	113	104	124
1866	116	106	115
1868	117	103	119
1868	119	102	123
1868	115	102	121
1867	120	104	120
1866	121	107	128
1866	118	107	138
1865	112	109	143
1863	127	113	137
1861	124	116	139
1860	127	118	139
1861	123	116	141
1861	118	116	140
1861	133	117	141
1861	133	116	144
1861	125	117	147
1857	150	125	136
1858	139	122	142
1860	127	119	151
1857	123	124	152
1857	116	125	154
1856	126	127	154
1856	145	127	152
1857	138	124	157
1856	123	126	150
1855	140	128	148
1857	149	124	145
