1134	184	134	215
1132	186	130	209
1130	188	128	207
1129	188	126	206
1129	189	127	205
1124	190	127	206
1126	192	123	206
1126	192	108	208
1122	191	112	209
1120	194	122	207
1119	199	116	205
1121	197	117	211
1118	202	121	205
1116	202	105	205
1111	202	118	206
1109	204	111	206
1105	204	103	208
1102	204	99	208
1100	210	101	204
1096	211	103	204
1093	217	99	201
1089	222	96	196
1085	224	104	195
1084	242	101	181
1081	250	97	176
1077	249	95	176
1074	261	101	166
1071	263	104	166
1069	262	100	170
1067	263	106	169
1063	263	102	172
1061	260	96	178
1058	261	96	179
1056	254	98	186
1052	267	105	174
1048	272	104	169
1047	268	109	174
1044	265	103	178
1041	268	102	174
1039	267	99	179
1037	276	100	171
1034	254	106	194
1032	260	107	191
1029	268	107	182
1027	263	103	189
1025	266	105	185
1023	269	106	185
1019	270	108	186
1016	274	115	181
1014	276	115	182
1012	279	117	180
1009	281	118	181
1007	284	117	182
1005	287	121	181
1004	294	117	178
1002	294	112	181
1000	298	110	180
998	305	109	179
997	305	119	181
995	314	128	175
995	320	131	175
993	322	123	176
992	328	131	173
990	332	117	173
988	336	128	173
988	342	124	171
987	347	122	171
985	349	126	173
983	354	127	172
984	359	124	172
982	362	112	171
980	364	105	174
977	367	109	174
978	369	103	176
978	372	110	178
976	379	115	176
977	381	113	175
977	389	109	172
977	393	108	171
977	396	111	172
977	402	114	171
978	415	107	163
977	424	109	156
977	425	109	159
976	422	109	166
975	438	113	154
976	447	115	152
976	451	120	151
975	455	123	149
975	462	125	148
975	465	121	148
976	453	120	165
978	437	106	186
973	441	108	186
977	432	105	202
971	436	109	200
972	441	106	200
970	447	114	196
969	453	112	192
972	455	105	195
971	461	104	192
971	463	100	194
967	468	103	190
966	473	102	190
977	476	93	191
970	479	100	192
957	483	111	192
967	485	102	195
958	486	112	193
967	488	107	195
964	489	106	196
956	491	114	196
958	491	107	197
950	490	118	199
954	491	114	204
952	488	113	208
953	489	114	208
956	487	109	210
958	487	107	210
961	485	105	212
958	485	107	211
954	484	110	211
959	481	109	214
956	481	110	213
962	481	105	213
962	483	107	212
963	481	102	212
964	481	104	216
963	492	105	203
964	501	106	194
964	499	107	195
964	508	110	185
963	503	110	191
960	501	112	194
955	502	117	191
951	500	121	199
944	501	133	195
938	500	140	197
932	497	138	201
930	494	141	200
926	486	147	212
923	482	153	222
922	473	148	226
920	486	149	211
911	493	159	197
906	488	168	203
906	482	160	205
900	485	167	212
898	485	167	202
894	481	170	200
889	490	173	198
885	485	173	202
881	478	180	212
879	477	182	213
871	483	184	200
866	481	181	204
859	472	183	213
858	476	185	205
850	480	184	208
849	476	194	206
848	480	176	209
843	481	188	201
846	476	182	208
841	477	193	220
839	474	193	210
844	471	181	223
838	473	185	198
838	459	177	212
828	462	204	209
827	450	185	219
829	464	158	204
826	467	159	197
825	465	161	197
828	464	153	199
827	468	155	194
826	469	159	194
833	465	171	206
833	466	169	210
832	464	145	201
842	468	149	208
838	460	137	209
832	465	137	195
832	464	138	201
835	467	131	202
835	463	122	206
838	465	103	210
837	465	107	206
840	466	99	207
839	467	99	205
842	469	99	201
841	473	94	202
843	471	93	202
844	475	91	201
846	477	90	197
844	478	90	200
847	479	87	197
846	481	84	194
846	484	86	193
846	481	83	194
846	484	81	187
847	484	82	187
846	482	81	187
846	484	81	188
848	490	80	174
845	490	86	174
846	487	85	176
843	483	89	180
847	481	77	173
848	482	80	179
846	479	84	185
845	480	84	166
842	481	82	170
843	481	81	175
843	478	84	172
840	477	82	181
838	477	86	169
838	478	85	173
835	475	83	168
834	476	84	174
834	475	86	162
836	475	83	170
831	472	85	175
835	472	84	170
836	471	72	176
836	470	74	182
835	469	77	184
827	469	82	176
832	470	76	184
833	467	76	182
827	468	77	184
820	468	95	179
808	471	99	176
808	477	114	168
801	475	107	169
826	476	78	166
827	475	71	166
826	473	73	169
826	473	74	164
824	474	80	164
823	477	103	158
805	465	122	169
807	469	119	164
805	471	121	161
806	471	121	157
809	467	118	160
813	467	113	158
809	469	116	155
809	468	113	153
810	467	115	151
811	462	115	156
813	462	116	154
816	461	112	151
817	461	110	151
818	459	111	151
820	459	104	150
820	460	105	147
822	452	104	153
822	456	103	149
824	458	102	146
824	455	102	147
825	452	101	150
825	447	101	154
824	451	103	149
826	452	104	142
825	454	103	143
826	448	102	147
826	442	103	154
825	435	104	157
825	440	106	153
825	439	105	153
824	437	106	156
823	433	106	158
822	436	106	155
822	417	106	174
821	389	106	205
806	368	121	223
810	371	115	225
803	371	123	219
809	362	116	237
807	369	119	222
801	339	123	252
774	335	149	255
764	320	156	268
739	283	184	304
741	290	182	300
735	235	187	350
715	218	206	364
692	183	230	399
673	173	242	399
689	181	230	393
699	194	219	378
707	194	213	376
701	188	223	387
688	178	235	393
709	191	211	383
724	229	203	345
745	265	183	312
736	206	191	368
719	183	211	388
703	234	227	338
738	229	193	340
746	265	183	304
751	232	185	337
752	307	183	264
783	342	152	234
800	336	142	229
804	301	133	272
795	323	142	245
811	327	127	240
806	324	130	248
815	330	121	245
800	314	135	257
800	324	134	251
801	319	134	255
814	322	120	250
812	328	121	245
807	322	127	249
813	315	118	258
810	320	120	251
810	318	119	254
810	332	119	239
807	339	120	232
807	346	118	225
806	331	118	240
806	328	118	244
802	320	120	252
799	323	124	248
789	260	133	313
792	329	132	238
790	312	130	254
787	306	134	266
790	308	130	258
793	309	125	258
793	292	128	271
792	255	128	305
778	247	142	312
788	194	132	359
775	294	144	261
774	273	144	283
780	291	137	263
779	320	140	234
798	346	122	205
803	357	115	194
800	361	118	188
800	357	117	191
803	361	116	185
802	366	117	179
804	372	116	173
803	361	116	184
803	361	116	182
807	356	113	187
805	354	114	190
806	350	114	193
808	366	113	177
809	370	113	172
809	373	112	170
815	372	108	171
814	372	109	171
815	361	107	182
812	371	111	173
814	369	109	175
812	358	110	186
809	367	114	177
813	369	110	175
815	361	109	182
814	361	109	185
815	362	109	184
816	368	108	178
818	369	107	178
818	358	107	190
819	357	107	189
819	360	106	189
819	358	107	192
820	359	107	191
817	358	109	192
818	362	109	191
818	360	108	188
819	357	108	193
819	358	110	193
819	358	108	194
817	354	110	196
807	355	119	200
813	356	113	197
819	352	107	198
783	350	141	206
775	351	152	198
778	342	146	214
780	342	147	210
785	336	142	216
782	347	146	204
771	348	158	200
753	322	172	215
742	313	180	229
707	170	187	312
707	165	200	334
701	187	208	291
698	183	202	292
702	224	223	267
707	193	202	289
701	174	187	276
699	186	208	278
700	169	200	305
691	169	202	275
696	172	200	252
691	181	219	272
690	183	212	311
697	277	249	246
707	293	232	230
753	335	189	199
741	321	188	200
714	321	205	215
709	326	221	207
744	325	193	198
693	240	212	236
727	317	208	222
711	308	223	219
694	259	222	232
744	332	192	206
692	234	219	253
755	308	212	217
737	299	193	213
728	331	202	205
709	308	213	223
717	306	209	207
705	302	230	210
717	287	222	227
700	250	220	237
697	211	219	265
767	314	224	230
823	559	190	246
816	574	203	223
817	576	200	219
820	576	197	219
821	577	198	219
822	574	200	224
828	574	198	220
766	572	258	222
816	567	208	224
824	569	204	223
822	566	208	227
825	568	205	224
817	563	217	231
820	568	216	222
756	564	302	227
810	563	346	230
806	563	353	229
819	566	342	231
807	559	356	240
813	565	343	230
775	564	381	235
809	561	349	242
798	561	309	241
759	561	402	243
786	566	360	237
817	571	336	232
812	569	336	232
817	568	330	234
735	565	408	235
827	567	308	233
740	566	402	231
828	566	308	232
811	567	327	232
822	567	314	233
819	566	305	232
817	569	316	233
819	571	316	228
828	568	300	228
844	567	289	228
819	564	306	228
823	566	288	225
823	567	252	223
827	566	263	220
828	564	247	225
829	563	260	220
825	561	264	225
830	566	246	220
831	567	259	217
832	565	254	218
835	567	228	216
834	563	236	215
826	567	222	217
840	565	255	217
819	569	280	216
829	566	222	213
834	568	198	212
841	569	286	211
830	570	257	211
835	573	225	210
832	571	274	210
839	574	261	209
835	573	262	208
823	572	259	208
831	569	258	210
829	572	258	208
824	571	265	210
828	570	203	205
767	562	291	210
668	566	457	204
680	559	403	211
716	562	363	210
833	568	320	202
773	565	273	207
834	567	326	203
688	567	395	199
684	560	366	207
758	564	343	202
691	563	341	201
670	560	405	201
738	557	327	212
672	559	400	201
684	559	360	203
702	559	397	199
679	557	460	204
677	550	465	205
679	543	472	211
676	544	468	213
684	545	465	209
679	542	477	214
682	542	443	215
676	547	464	209
806	553	348	208
713	550	413	202
683	548	466	209
683	547	448	210
677	547	466	205
683	545	462	210
677	545	462	212
680	548	471	205
683	545	459	209
681	546	466	208
682	549	467	208
683	545	463	210
682	550	467	206
684	543	464	208
678	545	471	210
684	544	469	211
684	545	465	206
678	546	459	209
685	547	461	204
679	544	472	209
688	548	463	203
683	553	471	202
687	553	468	200
690	553	462	201
691	554	460	201
694	556	462	197
690	558	470	196
688	556	474	199
694	553	465	199
692	557	469	198
691	554	471	198
685	555	482	196
691	558	471	194
692	557	467	196
692	556	469	197
807	560	343	200
694	561	458	191
690	555	468	198
700	557	462	195
697	558	469	195
699	561	473	193
698	559	471	193
701	562	469	194
705	573	451	187
698	559	463	194
706	559	460	195
701	565	466	192
697	560	471	197
704	566	467	191
708	559	463	198
732	564	402	196
707	563	461	197
705	564	467	196
709	559	457	202
707	558	391	204
711	558	452	203
715	559	409	200
726	557	374	201
830	550	319	212
798	561	305	204
706	559	370	200
729	559	336	206
713	563	386	201
708	562	350	201
712	562	375	200
745	559	326	209
718	565	327	198
800	567	319	201
798	556	352	208
719	560	329	207
825	564	248	207
849	560	302	199
831	566	225	199
837	566	212	200
846	570	196	195
862	555	176	212
862	568	177	198
869	556	168	212
864	557	172	211
864	571	172	196
867	563	173	207
857	573	183	197
831	570	210	201
849	573	196	197
796	569	245	202
830	568	220	203
863	558	172	215
795	576	251	195
825	575	296	200
729	572	430	197
738	574	345	198
732	573	410	200
740	573	371	200
731	570	418	202
738	575	345	198
729	570	304	200
742	571	309	205
770	576	362	197
748	573	306	201
735	575	402	196
739	575	355	199
730	576	385	194
734	573	411	201
740	579	401	195
742	570	404	200
754	576	385	204
755	574	385	200
737	575	398	200
738	580	392	194
734	576	378	199
804	580	334	202
757	584	384	195
744	576	396	202
793	582	349	204
752	581	373	199
797	584	311	199
826	587	275	198
740	581	390	203
748	583	383	203
758	586	371	202
785	587	316	201
766	577	301	205
772	589	339	200
788	587	320	210
760	586	344	203
829	587	280	216
744	587	354	207
783	584	309	218
757	584	340	216
789	590	307	216
761	588	332	226
771	586	318	230
792	587	293	238
804	591	276	233
769	589	315	236
771	587	313	236
770	592	312	229
775	585	308	239
774	584	310	229
774	595	311	224
781	589	304	232
780	590	307	228
784	585	305	236
789	593	307	232
790	594	309	233
793	596	308	234
798	598	306	233
793	597	310	218
798	595	307	235
801	595	303	219
802	598	307	216
803	597	305	205
805	596	304	215
810	596	302	234
812	600	299	229
818	600	297	232
819	602	293	223
821	603	292	221
824	599	287	236
825	596	273	235
829	601	288	236
833	588	261	232
835	595	282	234
834	591	278	243
838	591	275	238
842	591	275	238
844	591	275	237
847	592	274	229
850	592	268	217
859	591	264	223
854	588	259	212
858	583	228	216
858	579	204	215
858	584	193	204
867	583	192	206
858	364	154	136
884	370	125	131
883	372	128	128
888	373	124	129
883	373	128	125
882	374	132	127
884	373	128	128
886	374	125	128
891	373	120	128
886	374	119	129
890	375	126	130
888	374	126	131
891	375	118	129
893	374	112	130
896	376	110	130
892	378	110	125
896	379	109	125
892	379	109	127
898	380	104	124
907	382	93	122
894	382	106	122
896	384	108	122
898	383	100	122
894	385	104	120
896	386	107	120
892	388	102	117
896	387	112	117
897	387	105	118
896	388	116	116
898	389	114	116
895	390	116	115
897	391	104	113
897	392	99	113
896	393	105	111
900	393	104	111
899	394	112	109
899	396	111	109
899	395	107	110
901	394	99	110
906	392	91	115
905	392	103	114
905	396	102	111
908	394	103	109
909	393	90	112
909	394	95	113
912	393	91	112
909	392	97	112
911	393	98	113
910	391	103	112
911	388	105	115
912	391	105	115
910	393	107	113
915	395	101	105
916	392	89	112
919	391	104	110
917	397	95	96
923	394	94	77
923	394	90	82
922	394	94	84
924	394	93	85
925	395	91	82
925	396	88	102
925	396	90	124
928	395	86	131
927	398	89	123
929	400	87	124
927	398	90	118
928	398	89	115
928	398	89	117
927	401	92	107
928	400	91	109
927	400	95	106
928	404	93	106
929	403	95	99
930	402	90	105
930	406	95	97
930	413	98	98
932	416	97	96
930	413	93	94
930	414	98	94
936	408	96	93
934	419	100	108
938	570	133	117
911	566	176	224
911	570	234	222
910	570	232	223
909	571	233	223
906	572	236	225
908	573	235	228
905	572	225	227
906	572	235	228
905	573	237	230
904	573	237	236
910	572	199	238
907	573	236	241
905	575	238	241
