595	474	154	74
596	476	153	70
598	478	162	73
601	477	164	75
604	476	168	79
614	479	170	82
614	483	172	79
614	491	177	75
635	493	163	80
632	497	168	76
639	498	170	78
654	503	158	78
667	502	154	85
673	506	152	86
674	504	155	88
678	509	160	89
686	503	158	100
702	508	147	99
709	513	140	97
721	513	140	118
728	519	136	115
728	527	135	106
737	523	127	117
736	529	131	115
740	529	131	127
747	538	119	116
750	532	122	128
757	539	114	127
766	534	104	137
773	534	98	142
782	537	93	147
787	539	88	150
790	545	87	149
793	549	83	150
794	546	84	158
806	556	72	158
805	557	74	162
805	562	77	167
807	568	77	160
808	571	78	159
808	572	81	159
813	581	79	152
816	586	71	153
815	597	72	155
820	620	72	135
814	613	76	145
820	616	70	148
814	612	80	157
818	620	73	151
818	626	74	150
822	637	75	146
820	632	76	156
823	645	73	149
823	644	75	160
822	646	78	156
823	645	78	165
821	648	82	160
823	670	82	142
823	681	84	135
820	679	90	136
821	677	89	141
823	676	89	148
824	681	89	146
822	689	93	141
822	690	93	144
819	692	98	147
816	698	100	137
816	708	98	125
816	713	100	123
817	714	102	124
817	721	103	119
813	728	109	115
812	733	110	114
815	739	112	115
809	742	117	114
808	745	120	111
815	748	114	113
805	751	122	112
806	752	121	112
807	756	119	110
819	765	107	104
827	789	96	84
832	801	90	78
837	806	84	79
836	804	84	86
831	805	88	86
824	802	94	95
832	808	85	94
833	809	82	97
835	810	77	103
837	809	77	109
840	810	74	110
839	810	75	112
837	812	77	115
838	810	76	117
850	811	63	118
848	812	65	121
853	812	61	121
854	809	59	125
856	809	59	125
856	811	60	127
857	808	61	133
857	808	60	130
856	808	62	131
856	812	64	131
851	811	68	128
853	814	68	131
842	813	79	132
844	813	80	130
843	814	78	132
846	816	79	132
846	821	80	131
848	818	77	132
847	820	78	128
831	822	97	130
854	847	97	110
849	850	96	103
827	851	118	96
843	854	115	91
825	852	123	95
829	856	130	89
980	899	156	84
975	898	153	87
976	898	150	88
973	899	149	88
969	899	151	85
966	900	153	88
966	896	150	89
968	898	143	90
965	896	146	92
963	896	149	94
963	893	150	95
960	891	150	98
961	888	147	101
960	894	137	95
956	888	141	102
954	887	140	102
953	886	140	104
948	885	143	106
948	887	138	106
944	911	142	84
943	909	139	86
935	895	150	103
929	902	158	96
931	905	152	94
930	908	150	93
929	910	149	88
928	910	150	88
931	904	145	95
926	906	141	95
921	896	152	107
914	896	160	110
918	908	155	97
919	905	157	103
920	906	151	102
920	905	159	101
921	906	127	102
923	907	128	102
914	907	131	105
916	911	148	100
914	909	136	104
916	909	143	103
915	910	137	101
917	910	150	102
916	911	154	99
918	908	152	106
917	900	149	115
918	896	137	121
916	873	142	145
914	867	136	153
917	895	134	128
916	914	132	108
915	929	132	94
909	934	137	90
909	942	140	84
905	941	144	89
903	941	148	90
903	940	150	94
903	943	149	93
901	944	153	95
901	940	155	98
901	948	155	91
899	943	154	96
902	951	149	88
901	952	148	90
903	948	148	94
901	956	150	90
903	948	154	99
904	960	144	91
904	959	149	97
904	961	148	99
904	961	151	104
907	963	145	103
908	962	144	102
907	962	145	108
908	963	145	107
907	962	142	110
906	963	139	113
907	960	140	114
907	955	144	122
910	952	140	125
907	951	145	127
907	951	142	127
904	954	143	126
898	952	139	125
902	951	144	127
898	937	142	136
975	850	138	57
975	848	141	60
975	848	146	64
976	847	145	58
978	847	151	62
979	847	149	59
980	847	148	59
981	847	150	60
983	847	151	63
985	847	152	63
986	847	154	61
988	847	152	61
989	845	151	63
990	846	150	64
991	845	150	64
993	845	149	64
996	843	149	63
999	842	147	62
1003	841	144	61
1004	839	146	62
1008	840	143	60
1008	838	144	61
1009	837	145	58
1023	836	132	59
1025	832	132	61
1027	833	131	58
1028	831	133	60
1031	831	132	59
1033	830	132	87
1030	828	135	82
1030	824	135	75
1035	821	128	68
1047	804	114	82
1051	804	109	84
1056	802	103	85
1055	803	104	75
1061	801	98	82
1061	802	99	76
1065	801	96	77
1066	801	95	77
1059	802	102	77
1069	800	95	77
1063	799	99	77
1058	799	106	75
1067	797	97	76
1074	797	90	78
1075	794	90	83
1078	792	86	81
1078	790	88	82
1080	787	82	84
1082	786	83	85
1083	785	79	85
1085	784	79	84
1086	780	78	89
967	749	103	43
949	746	123	46
970	742	102	48
935	742	143	47
954	740	120	49
985	737	90	49
957	735	118	51
983	734	94	50
975	730	101	53
986	727	90	56
977	727	98	56
995	722	87	55
1101	761	71	89
1102	760	68	83
1102	777	68	61
1101	779	67	55
1099	779	71	55
1094	779	76	52
1093	777	77	52
1090	774	79	54
1086	771	83	56
1085	767	84	57
1081	762	89	61
1077	743	95	79
1075	745	92	76
1070	746	97	72
1067	741	102	78
1065	740	103	76
1063	739	108	77
1058	739	114	74
1054	737	115	77
1051	736	116	76
1048	733	120	79
1044	732	124	80
1029	732	138	79
1036	732	128	80
1034	730	132	78
1028	730	136	78
1004	732	158	73
1019	728	145	75
1008	731	152	75
1009	732	151	71
1000	729	163	70
1004	727	157	68
983	726	177	69
993	727	165	61
979	725	177	65
984	727	171	57
974	723	180	56
979	722	171	57
973	721	177	59
970	719	179	62
968	716	180	60
965	713	181	62
962	714	181	60
961	712	179	62
959	711	132	63
959	712	131	60
953	711	133	59
951	710	131	58
944	709	131	57
943	708	132	57
941	708	134	56
936	706	138	56
933	705	149	56
931	703	151	58
925	701	158	59
903	698	174	56
898	694	177	65
879	688	181	71
878	682	180	81
880	679	171	85
880	694	166	71
884	692	162	70
882	690	165	70
880	684	165	71
875	679	169	72
836	624	208	126
830	626	219	112
848	635	195	101
849	649	194	87
847	651	184	80
843	653	193	78
844	651	190	76
837	649	191	75
841	646	170	77
826	639	190	82
828	636	180	83
822	630	189	85
817	627	198	83
816	622	182	88
814	617	186	103
810	610	191	112
805	605	193	113
812	599	184	120
807	594	170	120
810	588	152	119
808	580	152	121
803	574	133	103
800	563	132	116
802	566	123	106
797	556	118	111
791	551	107	114
785	546	112	123
780	542	108	123
776	533	108	128
766	514	110	141
766	505	114	150
762	506	115	144
760	505	117	131
754	501	123	132
745	495	131	139
748	493	124	137
737	488	127	135
728	484	124	126
721	476	112	118
717	453	99	133
718	391	93	190
715	390	92	171
707	426	100	150
701	405	102	146
687	423	122	120
686	425	120	116
685	405	121	126
683	408	122	113
682	390	122	127
675	383	132	136
667	380	140	134
659	383	153	126
653	380	158	126
647	383	149	113
636	392	147	103
646	412	148	81
637	392	160	92
635	411	124	71
629	409	122	71
624	404	126	80
618	402	123	67
617	402	121	60
612	398	127	58
611	397	119	57
608	393	124	63
605	393	127	65
600	389	126	63
599	385	130	67
596	384	134	66
591	380	128	66
589	377	125	63
586	374	121	63
583	371	120	64
578	372	119	61
575	364	110	72
565	363	117	75
504	359	176	80
503	358	163	70
507	357	147	63
510	358	142	57
512	359	141	61
514	358	137	59
516	358	135	60
518	358	135	58
521	358	129	48
521	358	128	50
523	357	128	47
518	358	133	46
512	359	140	53
510	357	143	52
504	360	148	57
501	359	151	58
495	361	157	62
492	360	158	59
490	360	160	54
487	359	150	53
488	359	150	57
488	357	153	60
488	356	157	59
484	358	159	62
486	357	160	64
484	358	165	65
481	359	170	71
481	360	171	71
477	359	178	73
476	358	181	79
477	354	172	84
472	356	188	81
473	348	189	94
471	351	194	94
471	352	135	95
470	352	100	100
468	350	104	102
468	348	93	105
466	352	92	103
468	354	89	104
466	354	96	104
461	358	100	103
465	362	89	102
461	358	89	107
462	361	89	105
460	365	87	103
459	363	87	106
459	366	81	106
458	364	79	110
458	365	76	112
454	373	76	104
453	380	71	100
452	379	68	104
451	381	68	104
450	381	72	106
448	387	70	101
447	391	69	98
446	391	71	99
446	393	71	99
445	393	71	99
445	395	72	99
445	394	71	100
445	394	70	101
445	395	70	102
445	395	69	104
445	396	69	104
445	394	71	106
445	394	70	106
444	393	72	109
444	391	72	112
445	394	68	109
443	389	70	118
443	389	64	119
443	392	45	119
442	394	42	121
441	392	35	125
438	393	35	128
440	396	30	130
440	396	29	131
439	397	28	130
438	400	27	132
438	396	27	136
438	397	26	137
439	394	26	146
438	398	28	143
438	401	27	144
438	404	27	145
436	410	27	138
437	404	28	147
437	411	29	144
435	421	30	134
436	420	29	134
435	424	29	134
436	427	27	131
437	428	27	133
436	429	27	136
436	430	24	138
435	421	25	149
435	428	25	145
435	435	25	140
435	435	25	143
435	439	24	144
435	439	25	144
436	439	25	148
435	441	26	147
436	455	26	136
436	447	27	145
436	447	26	148
435	451	27	147
435	454	28	146
435	457	29	143
436	468	30	132
435	473	32	133
436	458	33	150
435	459	29	149
434	477	33	133
430	480	38	132
430	483	40	129
429	483	39	130
426	487	39	128
429	487	35	129
426	491	40	126
424	497	42	124
423	498	46	123
423	499	46	126
422	502	49	126
421	503	50	126
421	505	51	126
420	507	54	125
420	507	55	125
418	511	59	123
420	510	58	125
418	513	61	125
416	512	64	129
418	513	64	127
415	515	67	125
414	516	69	126
409	520	75	125
407	523	76	123
405	525	78	122
405	526	78	120
405	529	77	116
401	534	82	114
400	534	85	115
399	537	87	113
397	537	94	112
382	542	112	110
367	544	128	114
348	544	145	123
347	549	153	115
349	550	151	113
350	551	150	113
350	553	152	114
349	555	156	114
347	555	158	113
344	551	162	116
342	556	167	116
346	564	163	110
343	570	172	109
350	562	167	114
345	565	170	114
350	574	166	107
351	567	170	115
354	569	170	116
355	572	170	113
358	570	168	118
360	572	169	116
361	578	169	111
363	582	162	110
363	578	158	117
365	578	160	121
367	580	157	121
368	581	156	122
371	577	157	126
374	574	153	130
376	579	148	126
380	578	143	129
384	582	135	126
387	583	138	128
391	584	135	128
392	583	134	131
396	584	126	129
396	592	126	122
397	591	129	125
399	598	121	116
400	601	126	111
402	605	125	104
403	608	126	105
404	608	126	106
406	611	125	109
406	609	127	112
405	608	125	125
404	614	128	122
407	618	118	123
409	623	118	115
407	621	122	119
408	634	112	105
410	639	112	102
409	649	108	94
409	648	99	99
411	649	103	101
410	649	98	102
411	649	100	105
411	654	96	105
411	656	99	103
412	657	93	109
412	662	94	106
414	665	94	107
414	676	90	97
414	682	93	89
415	685	98	89
414	686	102	89
415	686	105	91
415	678	99	100
416	681	93	101
419	684	73	101
415	684	69	102
417	700	111	90
420	704	120	86
422	697	107	95
426	720	106	82
448	766	109	35
468	764	93	28
476	766	86	29
481	768	85	26
483	769	85	27
485	771	85	26
485	773	90	27
486	774	92	27
488	776	89	26
487	777	90	32
498	777	83	33
498	779	85	32
502	779	83	32
505	779	84	31
505	779	86	31
506	779	89	33
504	780	89	33
505	781	89	37
504	781	91	35
506	781	91	33
513	779	86	31
514	778	87	32
523	778	81	31
526	777	82	31
530	777	79	29
535	777	76	27
533	778	81	25
535	777	80	26
534	778	85	27
537	778	83	26
538	778	88	24
541	777	89	24
549	777	80	23
550	777	81	23
554	776	81	22
556	776	82	23
558	776	81	23
560	775	80	23
561	774	82	22
564	774	83	21
567	772	82	22
567	772	84	22
572	770	83	21
575	768	81	23
577	767	79	24
582	766	76	23
580	764	83	25
584	761	79	28
585	760	80	27
589	758	77	24
589	756	80	26
591	755	81	25
591	752	81	26
593	751	84	29
596	749	80	26
603	746	76	27
605	745	74	28
605	744	77	28
612	741	71	27
612	740	72	28
614	740	72	31
615	738	73	29
617	736	72	31
618	736	71	31
616	735	74	34
615	734	81	32
617	732	77	33
619	733	76	31
621	733	77	32
626	732	75	32
623	732	78	33
627	729	73	30
632	730	77	30
631	728	77	33
632	730	75	31
630	730	82	30
633	727	78	33
638	728	74	36
649	727	61	41
651	727	60	43
651	726	58	45
652	726	55	45
661	723	45	50
677	723	32	57
669	720	41	61
690	709	18	71
678	719	33	61
686	715	25	66
692	698	19	82
692	711	20	71
692	717	20	66
692	719	21	63
692	717	21	66
690	716	23	68
690	721	25	64
690	720	24	64
690	722	26	62
689	723	28	62
689	724	29	60
687	725	32	61
686	727	33	59
685	728	36	58
683	727	39	60
678	729	42	57
678	728	42	57
676	728	42	53
670	732	48	48
669	736	49	45
666	736	54	39
662	735	57	40
660	736	58	38
656	735	67	35
656	735	66	34
655	734	70	33
655	733	68	36
654	734	67	33
652	734	69	31
645	735	76	30
644	733	75	31
644	734	74	30
639	736	77	28
639	734	74	29
633	735	74	24
626	735	75	21
622	733	75	21
621	732	69	21
621	731	65	23
618	730	65	24
614	727	69	27
614	728	65	27
610	728	68	27
606	728	68	28
604	728	68	27
605	728	66	27
600	727	70	28
596	726	74	28
595	726	72	27
593	725	72	28
590	725	64	29
589	723	62	30
586	722	59	30
584	719	53	32
582	719	56	33
580	718	56	33
576	718	57	34
574	715	52	36
572	714	54	38
568	714	60	38
565	713	66	39
561	708	63	46
562	711	61	43
559	709	60	44
558	709	61	43
556	707	59	45
553	702	61	47
549	699	51	51
547	699	51	52
546	701	58	50
544	699	56	52
506	611	56	81
506	595	56	99
504	594	55	101
500	607	61	89
496	607	64	87
494	604	66	89
489	603	70	89
490	605	70	88
484	604	76	88
481	602	78	87
481	602	79	89
477	602	82	87
472	602	85	90
471	602	87	90
466	602	91	93
463	603	93	94
460	602	97	93
458	605	100	91
453	601	101	94
451	604	104	94
446	603	108	95
468	602	87	81
488	603	65	68
492	601	61	69
489	599	65	71
485	599	67	71
487	599	66	71
490	604	62	69
492	601	62	67
491	602	62	68
492	603	59	68
496	601	56	70
497	602	56	68
493	604	60	68
493	610	60	63
491	606	64	67
492	611	60	61
492	604	64	71
492	613	61	59
490	616	66	57
489	614	66	58
489	614	65	57
487	615	67	56
487	614	67	56
486	615	68	56
486	612	69	58
487	610	69	60
485	608	72	62
488	609	70	58
489	609	69	58
489	608	72	59
490	605	70	61
489	605	67	60
492	607	67	58
493	608	66	61
494	610	63	57
493	611	64	55
498	614	59	51
503	614	54	54
504	610	52	58
503	610	54	59
510	608	46	62
515	608	43	62
513	606	46	64
515	616	45	54
516	616	45	55
517	606	44	66
522	606	42	64
524	605	38	66
526	605	39	65
529	613	37	59
532	612	34	62
532	613	36	61
533	611	36	60
533	611	38	59
534	609	36	61
535	608	37	60
540	607	34	60
540	605	36	62
540	605	38	58
543	602	35	59
549	604	30	54
553	603	28	53
554	604	29	52
555	603	29	50
558	600	27	53
556	599	30	52
559	598	27	52
563	601	24	50
565	599	23	50
567	595	22	53
570	598	19	49
573	596	17	53
578	596	13	54
579	596	13	54
578	597	16	55
581	594	15	57
581	601	15	51
583	602	14	51
584	606	14	47
585	611	15	42
587	610	15	43
587	611	15	44
588	609	14	46
589	611	15	42
591	611	16	41
591	611	17	41
592	610	16	41
594	609	16	40
595	609	16	39
595	608	17	38
597	606	18	39
597	601	19	42
598	596	20	46
599	595	18	46
600	596	20	43
601	591	20	45
605	588	18	44
604	586	18	45
606	585	18	43
608	584	16	42
610	582	15	43
610	580	14	43
612	577	16	44
612	575	15	45
612	573	17	47
614	570	16	48
614	567	18	51
616	560	16	59
607	515	35	46
607	514	38	43
607	514	39	42
606	513	38	42
608	512	37	43
608	513	38	41
607	512	41	43
608	511	39	44
608	509	38	45
608	509	39	44
608	509	39	44
607	509	38	45
608	507	39	44
607	507	39	43
606	507	42	44
605	506	41	42
604	505	39	40
604	505	41	41
603	505	43	39
598	505	50	38
598	505	48	36
598	504	49	36
598	502	50	37
597	503	51	35
597	502	52	35
598	500	52	36
597	500	53	36
596	499	53	36
595	498	53	35
595	497	55	37
594	496	54	36
593	495	54	37
593	495	51	36
592	494	54	36
591	493	55	36
590	492	53	36
588	490	53	39
586	490	54	39
588	490	52	39
588	489	52	41
590	487	49	42
593	485	45	43
595	485	41	43
600	484	35	46
600	484	37	43
643	519	46	41
648	522	43	37
651	520	42	38
651	518	44	40
651	518	45	41
655	517	44	36
657	518	47	34
661	516	45	33
663	517	46	31
665	518	46	30
667	517	46	29
666	515	49	29
667	514	52	30
668	513	51	30
668	511	55	31
669	509	59	32
670	509	60	32
671	508	58	31
674	506	62	34
676	503	62	35
676	502	62	35
680	500	57	37
683	500	60	35
686	498	60	37
685	498	63	35
690	497	62	34
693	494	66	36
696	496	67	31
701	497	64	29
705	496	64	28
712	497	61	25
712	496	64	24
713	495	68	24
720	495	65	24
720	492	68	25
721	490	70	25
722	487	73	26
729	487	70	26
729	485	74	25
737	483	73	25
736	482	78	26
742	449	99	55
830	393	62	109
819	385	79	117
815	386	82	115
813	381	89	123
808	390	95	114
808	387	95	117
814	388	89	118
797	419	107	85
816	403	88	103
808	405	104	101
812	398	99	109
793	405	119	103
803	403	113	103
808	405	112	102
812	406	112	99
817	408	111	95
820	421	112	79
824	434	105	67
830	436	107	63
834	433	110	68
837	418	114	72
841	421	115	69
841	409	120	83
851	386	108	47
855	388	106	44
859	387	105	43
863	386	101	42
865	385	101	43
873	384	95	40
875	383	96	39
879	383	95	36
884	383	93	37
885	381	95	37
885	381	94	39
889	383	95	36
891	380	94	36
893	381	95	34
896	380	90	34
896	378	95	37
899	379	155	38
897	378	149	46
894	382	129	59
898	376	134	63
902	378	120	54
812	494	97	54
821	491	96	55
825	488	94	58
837	489	87	55
841	489	85	53
845	488	89	52
846	487	93	51
849	487	95	49
852	485	95	49
851	484	101	49
854	484	103	48
857	479	104	50
858	477	106	51
859	478	111	48
860	478	114	46
865	477	113	46
873	476	111	45
877	473	111	45
881	473	111	45
889	468	106	49
893	467	108	46
896	467	109	45
903	463	106	47
908	462	104	48
909	460	107	46
915	458	105	47
916	459	109	44
925	460	103	43
921	460	109	42
925	459	111	42
925	458	114	44
929	456	113	42
927	454	119	44
930	455	122	41
932	456	126	39
946	456	115	40
969	455	95	40
972	453	93	42
972	452	99	42
979	451	92	41
979	450	96	40
983	449	98	40
984	448	100	42
985	447	102	42
985	447	103	41
989	447	104	40
993	446	104	40
992	444	107	43
996	444	106	48
1000	441	101	49
1002	440	101	45
1006	440	99	40
1020	399	155	70
1028	391	170	76
1044	361	161	98
1089	356	117	92
1089	357	121	88
1079	375	126	80
1105	359	102	74
1104	362	104	68
1102	366	106	68
1105	370	106	60
1110	382	100	40
1115	369	92	48
1117	359	93	54
1115	356	98	57
1114	353	97	57
1099	352	107	56
1112	350	95	58
1097	347	110	62
1119	356	94	56
1123	345	87	66
1119	344	93	69
1098	336	116	77
1101	328	114	88
1095	320	115	96
1098	324	120	92
1122	323	87	94
1131	323	80	98
1131	321	80	100
1127	324	90	99
1126	320	94	105
1121	320	102	105
1126	321	98	111
1120	327	102	107
1077	401	72	59
1078	402	70	63
1078	404	68	65
1073	402	69	66
1075	402	61	69
1074	400	58	63
1072	399	61	69
1071	398	61	65
1068	397	59	59
1067	397	61	53
1066	397	61	50
1067	395	65	56
1064	393	71	61
1062	393	74	59
1059	391	76	61
1061	388	77	64
1061	388	76	64
1061	388	78	67
1062	387	76	70
1062	386	74	66
1063	384	75	68
1062	384	67	69
1061	382	63	70
1061	381	59	69
1061	381	59	73
1061	380	59	72
1061	379	58	73
1058	378	57	73
1059	377	58	76
1060	375	59	77
1061	374	58	79
1062	373	58	80
1062	372	60	79
1063	370	60	79
1062	369	57	81
1062	367	58	80
1062	366	52	70
1062	366	48	69
1060	363	50	69
1061	362	47	70
1061	361	44	72
1061	359	43	74
1063	356	41	75
1063	356	43	72
1063	354	43	75
1065	352	43	73
1065	352	47	75
1066	349	47	81
1069	348	46	63
1069	347	49	71
1072	346	50	69
1073	340	47	78
1075	334	50	79
1077	330	51	80
1078	329	47	73
1078	330	56	75
1081	330	53	80
1083	331	49	77
1083	332	49	72
1085	332	63	72
1085	319	69	82
1085	292	65	112
1075	295	54	106
1090	296	32	104
1089	323	26	65
1092	333	26	54
1091	334	31	62
1093	334	31	62
1094	335	32	60
1096	335	33	62
1098	335	31	62
1100	337	38	64
1100	335	30	65
1103	335	24	65
1103	337	33	54
1103	334	26	58
1106	338	30	56
1104	339	36	57
1105	340	37	53
1107	339	34	53
1108	338	33	51
1108	339	35	49
1110	339	34	50
1110	339	35	50
1060	383	46	17
1057	385	52	15
1064	386	47	14
1066	388	45	13
1070	388	43	15
1070	390	46	14
1071	391	47	15
1074	392	47	15
1075	394	46	15
1077	395	46	15
1080	396	46	16
1080	399	48	15
1081	400	49	16
1083	402	48	17
1086	403	47	17
1086	405	45	17
1087	408	47	15
1125	364	49	38
1126	364	50	38
1125	365	52	38
1124	367	55	38
1125	368	58	36
1124	369	59	36
1124	370	62	36
1123	371	68	35
1124	372	66	35
1123	373	83	35
1125	373	83	35
1127	372	82	35
1129	371	82	38
1132	373	78	36
1134	374	77	37
1136	374	73	36
1141	374	71	36
1146	375	67	35
1148	376	66	35
1152	377	66	34
1155	377	65	35
1159	378	64	33
1162	378	64	32
1165	378	66	32
1168	379	70	30
1169	378	72	32
1168	378	70	32
1172	379	76	32
1174	379	76	31
1178	378	75	29
1176	378	77	29
1178	379	77	29
1179	379	76	30
1181	380	76	29
1181	378	74	29
1183	378	71	29
1186	379	75	28
1189	376	73	31
1188	377	75	30
1190	377	75	30
1193	377	72	31
1197	377	71	31
1198	377	68	32
1198	377	69	31
1199	375	73	33
1208	380	66	27
1210	379	64	28
1214	377	62	30
1214	377	62	30
1218	377	62	29
1218	378	62	28
1218	377	61	30
1225	375	59	30
1224	375	61	30
1224	375	62	30
1227	374	59	30
1225	375	61	32
1224	374	63	32
1227	374	60	31
1227	374	61	32
1231	373	54	33
1236	373	51	33
1231	374	56	32
1229	373	59	33
1229	373	62	33
1231	373	61	34
1233	373	61	34
1237	373	56	34
1244	373	52	33
1239	373	58	33
1240	373	57	34
1243	373	55	33
1248	374	52	34
1245	372	57	36
1239	367	63	39
1241	371	62	34
1249	373	56	36
1241	369	64	37
1236	370	69	37
1236	369	70	38
1239	373	68	35
1240	369	68	37
1239	366	69	41
1238	355	72	49
1239	361	71	46
1244	365	68	44
1248	369	67	37
1251	367	66	38
1259	368	54	35
1261	365	54	37
1265	365	51	37
1267	364	50	37
1268	364	48	37
1270	363	48	41
1272	360	47	39
1272	359	49	43
1278	358	43	43
1280	356	41	43
1280	355	40	44
1274	359	42	48
1270	364	42	47
1266	368	40	44
1265	369	36	40
1265	367	18	43
1268	366	15	43
1270	363	15	45
1266	360	19	47
1266	357	20	48
1267	355	19	50
1269	352	18	52
1268	350	20	53
1266	347	23	54
1268	344	22	56
1267	342	23	57
1267	338	25	65
1267	335	25	80
1268	335	25	81
1267	330	26	86
1266	324	27	91
1266	320	28	92
1267	322	30	88
1266	318	33	86
1266	319	34	84
1265	316	34	86
1269	315	24	84
1270	311	21	86
1269	309	22	88
1270	306	28	89
1268	303	29	88
1268	302	31	87
1268	301	29	84
1267	297	31	82
1266	294	29	87
1265	292	31	84
1221	323	20	82
1140	345	44	55
1140	345	42	53
1139	344	46	54
1139	340	61	57
1139	339	58	57
1138	338	55	57
1139	335	56	56
1135	333	57	60
1134	334	51	56
1134	333	50	57
1134	333	50	58
1133	332	53	59
1131	333	56	59
1130	331	58	59
1129	331	57	59
1127	331	59	59
1126	331	60	59
1127	330	60	59
1126	330	57	61
1130	330	57	62
1127	328	57	63
1127	327	57	65
1129	322	56	71
1127	318	59	74
1127	320	59	73
1124	321	57	73
1116	324	54	69
1117	318	61	75
1123	304	69	90
1115	303	74	90
1123	305	66	89
1118	305	68	89
1121	307	56	88
1124	312	48	84
1125	316	43	80
1124	322	32	74
1124	329	32	68
1122	307	56	91
1120	308	61	90
1121	311	58	86
1120	308	62	90
1119	307	61	91
1118	306	62	90
1118	305	49	94
1117	308	49	91
1118	311	50	88
1116	295	53	105
1117	305	52	94
1115	314	58	85
1114	323	60	76
1113	329	62	69
1110	323	66	75
1109	328	67	68
1107	324	71	73
1107	326	73	70
1105	315	73	80
1102	315	84	81
1102	322	117	77
1099	332	112	68
1100	331	126	69
1097	335	125	66
1094	335	126	67
1093	335	130	66
1090	336	129	65
1087	334	138	68
1085	331	133	71
1083	333	134	70
1084	331	125	69
1083	330	123	70
1084	330	122	71
1085	333	122	67
1083	332	123	69
1081	334	128	70
1079	332	131	71
1077	332	135	73
1077	334	137	72
1079	334	137	69
1079	334	138	71
1082	328	136	75
1086	330	134	75
1086	331	137	72
1087	332	137	72
1101	350	124	57
1101	354	125	56
1105	350	124	58
1105	350	125	58
1104	347	127	65
1101	347	134	63
1100	346	137	66
1100	345	138	65
1100	344	141	71
1100	336	146	75
1094	328	155	87
1098	324	153	88
1096	313	160	97
1094	336	162	75
1095	332	166	82
1092	331	171	81
1090	328	177	85
1089	326	180	86
1087	323	184	88
1086	321	187	91
1091	319	185	88
1142	314	138	48
1133	309	148	56
1141	307	142	51
1143	304	143	53
1146	303	142	49
1141	297	148	55
1141	292	153	55
1140	288	158	57
1143	286	157	57
1146	284	158	59
1152	282	154	55
1155	279	152	56
1170	275	140	56
1171	271	142	57
1178	267	139	56
1181	265	137	58
1184	261	136	55
1188	256	133	60
1186	251	136	61
1185	244	139	63
1183	240	143	64
1182	232	147	66
1192	223	141	71
1171	219	163	71
1181	209	155	78
1200	197	136	84
1206	200	131	82
1213	195	129	87
1227	191	115	86
1222	185	123	89
1227	180	122	94
1232	174	119	94
1235	170	121	95
1248	166	112	98
1247	161	115	106
1247	156	118	106
1249	151	126	105
1254	146	121	112
1245	141	131	111
1250	133	129	119
1244	130	137	120
1248	124	135	127
1243	119	142	125
1243	113	146	119
1244	108	147	131
1241	103	154	125
1250	96	146	131
1261	91	139	129
1272	86	129	124
1275	79	129	117
