843	691	69	60
843	692	71	59
843	692	76	64
841	691	79	69
841	687	84	78
838	683	92	83
839	681	95	83
843	681	98	80
847	681	101	78
852	682	100	75
857	683	101	70
858	684	105	70
859	684	110	67
862	686	111	61
864	690	112	59
867	688	111	55
870	691	110	54
873	690	109	54
876	692	116	52
891	693	108	48
893	693	113	51
908	692	105	49
908	693	110	51
907	693	117	53
914	693	114	54
917	696	114	52
913	700	123	56
917	700	119	59
923	699	117	61
927	700	118	61
927	700	124	65
929	700	129	72
943	698	124	68
936	698	136	72
957	698	118	66
963	698	115	68
962	699	118	63
963	700	120	60
964	701	125	59
968	701	125	58
973	703	128	52
975	706	131	51
980	707	132	46
982	706	134	43
985	708	134	40
989	707	133	36
989	708	134	36
996	709	132	37
999	712	131	37
1012	713	123	38
1013	709	133	44
1019	704	133	51
1024	706	134	52
1028	709	135	52
1030	713	135	49
1034	715	133	50
1038	715	135	51
1042	714	135	55
1045	718	137	55
1047	724	139	49
1055	735	138	35
1055	738	142	34
1060	742	140	30
1067	743	139	32
1073	742	138	38
1078	742	139	38
1083	740	140	42
1087	735	141	48
1090	732	141	52
1092	731	140	56
1096	728	138	59
1106	727	133	61
1112	726	131	65
1127	725	121	68
1134	722	119	72
1137	720	119	77
1140	718	119	84
1143	717	118	89
1144	715	117	95
1142	713	119	98
1139	709	117	102
1136	709	121	105
1132	706	113	112
1126	702	122	117
1120	700	129	121
1112	697	136	123
1106	694	139	128
1096	694	147	131
1091	694	150	135
1083	693	153	136
1077	691	153	135
1069	690	152	138
1062	690	153	138
1056	688	156	136
1053	689	159	136
1038	692	171	134
1028	695	169	132
1022	696	169	133
1046	697	132	112
1057	700	118	116
1050	704	123	112
1030	707	142	108
1011	713	140	103
1016	720	142	90
1014	721	129	91
1002	732	128	84
985	730	114	91
969	727	122	98
987	723	106	103
951	725	124	110
930	717	143	119
924	696	146	140
922	692	154	160
918	666	154	190
912	628	159	202
884	387	208	168
885	363	209	186
883	369	212	183
875	376	220	174
877	376	218	176
860	382	234	167
856	393	236	135
889	389	225	152
871	378	241	145
885	387	212	149
875	369	247	164
872	365	244	168
883	366	229	173
874	365	258	171
883	368	230	167
886	363	220	183
881	373	216	167
885	352	226	182
889	382	219	173
822	511	149	139
827	510	125	127
824	496	134	133
829	494	144	126
825	474	140	136
828	468	124	131
818	445	125	145
817	431	118	145
815	417	118	143
817	405	122	144
816	394	129	141
816	381	133	148
817	367	124	148
817	355	119	144
816	347	117	141
814	336	120	142
816	326	122	142
816	315	113	146
819	308	114	141
816	299	116	141
816	290	117	142
818	282	115	137
819	275	115	138
821	268	115	135
823	260	111	135
825	250	113	136
830	243	110	134
833	238	110	131
834	232	111	128
835	227	114	131
838	223	114	134
841	219	111	135
843	214	113	137
845	210	115	137
846	205	116	136
845	203	118	136
845	201	119	137
844	195	125	137
848	193	126	134
853	188	129	133
859	185	131	134
865	181	131	135
870	177	131	131
873	173	131	132
876	169	129	133
878	164	130	132
876	160	134	130
875	156	135	125
876	154	136	123
875	151	135	120
878	149	135	121
881	148	133	116
880	148	133	112
879	147	137	111
875	148	141	100
871	152	139	91
866	156	145	87
866	152	148	86
865	159	149	82
865	167	148	73
868	167	149	77
873	164	149	81
871	162	158	87
862	176	160	79
861	175	167	84
859	188	162	79
856	186	169	80
856	185	175	84
857	188	178	83
863	185	173	82
853	187	184	76
856	196	176	71
851	199	169	67
853	209	169	62
853	210	161	62
856	217	161	55
860	221	160	53
863	220	161	60
864	220	163	69
863	221	169	71
866	216	166	73
869	217	168	96
879	218	161	105
878	213	179	83
884	215	169	91
882	213	170	95
884	210	178	96
895	206	174	94
897	206	179	104
899	210	179	92
905	214	176	89
906	204	175	94
917	210	164	90
928	218	153	87
935	222	141	84
938	227	132	78
944	227	118	77
949	234	108	66
952	248	101	47
955	256	94	42
966	228	83	65
984	235	68	48
994	242	62	39
968	258	73	35
967	255	60	38
964	259	53	35
968	260	54	27
969	259	53	23
959	268	33	54
967	262	50	36
996	236	50	37
1017	215	53	46
1044	197	61	54
1123	227	67	46
1126	253	104	68
1129	249	108	85
1131	241	109	96
1136	240	110	96
1136	235	119	101
1120	232	141	96
1110	226	157	95
1079	225	185	123
1075	223	188	142
1075	212	200	122
1120	225	141	213
1099	235	176	228
1068	225	208	232
1042	215	240	140
1064	222	220	141
1071	230	187	216
1054	219	214	175
1081	213	184	113
1097	214	155	106
1106	217	152	79
1074	218	145	94
1090	218	168	85
1056	207	171	95
1047	284	84	97
1044	293	85	89
1039	297	90	85
1029	300	98	83
1025	304	99	83
1015	307	109	82
1013	307	109	86
1008	309	112	83
1004	315	114	76
996	317	124	79
993	320	126	77
990	323	131	76
988	327	131	72
984	326	140	71
985	329	131	67
985	332	137	65
985	333	139	64
985	334	138	63
985	336	135	62
984	338	138	62
985	338	142	63
987	343	142	65
988	345	141	61
991	347	140	59
990	349	139	61
992	352	137	60
996	355	143	59
996	357	140	61
1006	360	134	62
1009	363	129	64
1010	369	132	65
1012	376	124	65
1012	380	123	67
1011	385	126	69
1010	390	130	74
1013	395	123	75
1014	401	122	75
1017	406	116	79
1018	413	115	82
1020	418	114	86
1020	422	114	90
1019	425	125	93
1022	430	122	104
1025	436	121	102
1030	441	121	104
1030	445	121	106
1029	448	120	108
1025	450	123	107
1025	453	119	115
1026	453	116	119
1023	459	119	124
1020	460	124	128
1024	463	121	126
1022	467	119	123
1017	468	121	130
1018	471	115	130
1012	476	122	125
1013	481	116	126
1018	482	115	129
1017	484	115	132
1021	486	115	132
1022	489	116	144
1023	493	120	145
1022	494	125	137
1025	493	127	142
1025	494	124	143
1027	496	122	137
1033	499	120	139
1025	504	121	149
1035	493	128	166
1033	496	127	147
1034	502	119	165
1040	494	131	170
1040	498	141	146
1043	499	137	172
1043	499	134	175
1046	497	131	174
1042	501	131	155
1045	502	122	164
