710	450	322	516
725	453	316	513
755	471	317	517
774	483	318	517
783	481	322	517
779	482	335	527
778	485	345	518
782	484	350	512
782	482	353	528
781	479	334	516
819	442	274	549
829	427	263	555
833	414	258	583
840	401	249	587
843	388	250	592
849	371	247	613
857	356	244	626
863	348	243	619
866	343	241	634
874	340	238	612
875	344	239	628
873	353	242	620
876	359	242	587
877	364	244	610
871	374	256	618
864	385	272	565
858	393	282	586
849	401	291	618
839	403	299	608
828	407	310	574
817	413	319	602
811	411	327	601
799	416	334	565
792	422	347	589
790	422	322	562
808	407	286	577
816	399	263	589
826	392	244	592
826	384	243	601
826	380	247	612
826	376	244	618
826	372	248	628
827	368	248	638
831	366	247	645
831	365	249	632
834	365	251	653
837	367	249	652
839	370	251	655
837	375	260	632
843	381	261	657
839	387	274	622
834	404	285	633
831	413	299	619
829	427	308	596
823	435	318	589
812	446	332	594
812	453	335	591
804	460	348	579
796	477	368	556
795	479	355	564
813	469	327	570
827	453	300	609
830	441	282	616
832	432	274	596
834	424	272	597
838	415	267	654
837	411	265	580
843	406	261	539
847	407	257	530
850	405	256	548
855	403	251	565
858	403	249	629
856	407	249	666
862	412	252	655
861	413	258	655
863	417	260	644
855	421	276	650
848	426	292	637
842	436	304	629
840	445	309	625
831	460	319	610
826	468	329	598
809	482	354	590
807	486	360	575
801	490	362	586
802	482	349	581
820	468	322	597
844	453	284	620
856	440	260	624
868	429	247	618
877	416	237	637
878	406	238	658
882	399	233	689
886	390	231	690
890	385	230	688
893	382	228	637
893	380	231	630
897	380	230	549
892	379	239	562
893	379	242	543
887	381	253	516
884	386	262	505
878	393	275	491
869	399	292	473
863	402	304	471
858	402	315	601
856	406	324	662
848	410	340	651
847	414	349	651
834	416	363	660
831	419	358	651
838	408	341	653
850	390	317	627
861	372	280	677
867	355	264	700
873	340	254	695
869	325	256	682
867	315	259	656
883	308	245	640
880	300	245	685
890	294	237	581
878	291	248	562
884	289	246	570
887	291	244	520
885	298	248	522
883	307	254	507
878	315	265	498
872	321	275	504
864	327	292	520
859	328	308	515
845	339	330	632
850	335	329	673
846	350	339	669
837	359	354	673
832	364	363	628
824	374	366	663
827	373	351	656
838	371	326	664
848	359	303	682
866	352	283	686
870	351	275	700
877	354	277	702
889	353	273	701
892	354	273	707
897	355	273	705
891	357	280	712
886	360	282	705
882	371	283	688
876	383	282	677
870	390	281	676
861	399	280	665
850	412	282	652
835	424	289	645
818	437	295	632
790	455	312	610
786	459	313	610
778	460	320	607
772	474	324	596
767	477	330	591
767	484	335	584
764	493	337	574
760	496	338	571
756	484	331	584
757	474	315	593
768	457	290	611
771	441	283	628
767	425	283	650
762	409	280	660
759	386	287	681
754	361	286	704
