935	160	210	328
928	156	211	323
920	151	216	318
910	140	223	324
902	135	227	330
893	126	233	340
882	119	238	337
877	112	241	340
867	105	255	338
862	109	257	330
846	107	271	340
855	104	250	348
816	114	283	315
851	116	238	360
838	127	243	320
833	130	252	352
834	132	253	350
773	139	312	336
764	139	322	332
775	142	306	333
790	143	284	346
794	144	276	356
793	145	273	363
792	152	267	357
788	152	279	350
785	157	281	342
785	159	275	343
785	156	289	350
785	157	305	339
788	161	300	334
793	159	296	330
799	152	308	334
810	149	324	323
808	150	335	306
786	149	370	294
842	141	326	300
851	141	324	291
859	137	325	293
862	134	329	319
863	135	324	329
867	134	324	324
867	134	327	315
874	139	320	311
883	143	312	320
895	146	299	325
904	158	289	328
903	155	291	347
882	166	307	346
907	170	283	349
923	176	268	343
917	166	281	349
916	163	276	347
887	157	308	335
829	151	355	327
804	143	370	328
842	133	331	331
856	130	310	332
842	128	320	337
844	117	309	337
864	111	287	352
871	112	278	349
880	104	273	359
888	99	274	362
895	88	257	375
897	84	257	377
896	78	255	377
892	72	255	379
877	73	267	377
864	77	277	366
841	77	308	360
820	82	328	356
891	84	259	346
800	90	356	348
808	115	341	333
809	113	349	329
812	130	345	321
823	140	342	314
808	142	351	325
808	150	342	324
798	152	349	326
925	152	224	326
794	158	358	326
822	162	329	303
835	164	307	309
863	169	276	314
860	155	277	336
853	162	290	336
866	168	288	332
884	180	276	335
896	182	274	343
892	203	294	339
893	235	309	325
869	264	346	314
860	255	367	335
857	266	389	352
858	253	389	369
858	253	371	384
849	262	371	373
830	248	385	417
828	289	388	353
827	288	377	349
828	299	364	357
794	309	397	361
782	337	401	349
760	369	425	335
741	391	435	318
730	406	430	305
747	442	433	309
757	476	672	382
756	519	737	350
764	557	716	311
785	583	709	294
813	583	597	299
858	596	343	254
799	590	387	261
834	582	340	270
881	570	300	281
882	555	271	304
877	543	262	319
871	537	271	339
894	519	249	366
1090	638	261	257
1217	639	175	254
1235	637	134	255
1223	628	157	255
1215	624	185	256
1227	610	163	263
1216	604	177	273
1227	600	163	278
1217	604	172	293
1234	593	156	301
1230	598	161	301
1223	586	176	311
1224	614	168	284
1210	601	174	302
1211	582	178	318
1199	639	180	267
1174	577	213	335
1111	618	272	299
1153	653	221	267
1163	664	216	267
1173	603	185	329
1208	654	149	275
1138	647	209	288
1184	657	151	280
1151	647	184	293
1137	651	195	282
1130	632	193	305
1121	640	193	294
1110	632	194	298
1107	655	206	285
1109	686	192	249
1108	659	191	275
1137	653	159	276
1129	656	166	281
1158	656	144	286
1157	666	147	268
1146	673	167	251
1149	638	174	288
1147	654	181	274
1123	622	212	292
1123	584	222	321
1115	651	217	260
1118	642	213	257
1111	591	238	303
1112	589	246	303
1117	599	248	283
1133	593	235	285
1106	590	273	275
1127	580	255	269
1145	574	238	272
1156	565	223	273
1156	554	226	270
1157	552	208	262
1156	546	210	265
1158	558	188	249
1163	539	208	251
1162	584	191	206
1162	580	195	198
1156	580	207	197
1168	578	199	197
1173	576	195	196
1176	574	194	194
1181	548	203	209
1175	551	213	203
1189	541	209	213
1188	529	218	221
1193	522	217	217
1204	512	208	213
1201	504	208	210
1203	496	205	209
1190	487	219	209
1158	484	236	204
1144	484	243	200
1140	483	247	201
1133	475	253	204
1133	474	260	191
1132	469	259	191
1129	464	273	188
1129	464	278	179
1133	454	269	178
1134	448	272	181
1135	438	267	195
1136	426	260	199
1146	418	249	197
1174	409	215	197
1180	409	204	191
1183	407	196	190
1185	405	189	186
1183	403	187	183
1181	397	187	183
1175	391	185	179
1137	380	223	182
1136	376	237	177
1137	368	232	182
1135	363	234	188
1144	358	229	196
1148	352	233	204
1154	345	230	198
1149	333	228	194
1138	333	215	207
1085	346	257	285
1092	359	248	292
1089	359	245	280
1080	353	250	269
1084	344	243	270
1082	333	245	265
1088	325	249	274
1070	319	279	284
1076	315	278	297
1085	309	269	307
1097	296	264	315
1102	283	275	327
1118	274	272	333
1119	267	273	343
1120	264	283	353
1121	263	273	365
1123	265	278	368
1126	258	276	378
1122	241	277	399
1134	231	264	408
1137	223	271	427
1145	350	270	287
1149	217	273	429
1146	345	283	278
1155	389	265	245
1154	392	258	237
1153	396	252	233
1157	388	241	219
1159	389	233	216
1151	384	236	221
1147	380	245	216
1131	374	242	225
1125	367	243	219
1125	369	245	217
1138	366	236	225
1143	362	229	228
1137	367	235	226
1149	362	229	237
1139	363	248	242
1133	367	257	240
1123	379	261	230
1111	377	264	236
1115	383	226	233
1112	385	281	227
1120	388	260	214
1124	380	243	202
1117	368	249	204
1123	371	239	207
1133	365	228	213
1132	358	223	225
1114	357	209	214
1064	345	216	221
1059	355	210	230
1067	365	199	231
1062	366	196	234
1058	373	197	237
1055	372	196	245
1060	378	218	253
1064	386	202	255
1063	389	227	258
1056	398	239	256
1048	397	239	260
1038	403	246	251
1024	407	248	246
1028	408	228	240
1004	404	243	246
1009	402	222	240
1000	398	220	243
1006	393	202	249
1007	388	193	246
1006	382	187	245
996	371	190	250
978	364	192	250
959	356	194	249
934	345	223	250
924	331	240	254
910	331	256	234
904	331	249	232
911	328	235	236
931	314	228	255
955	315	206	255
977	315	185	257
909	312	257	265
880	331	280	250
892	342	263	254
891	345	266	262
951	341	226	269
970	361	204	272
1032	66	222	223
1040	23	224	282
1035	56	235	268
1039	78	232	260
1041	97	223	254
1040	106	219	256
1037	112	218	246
1034	120	216	242
1034	123	216	242
1033	133	214	243
1036	139	209	249
1043	148	201	242
1054	152	192	241
1065	151	183	235
1077	150	173	236
1080	157	169	233
1081	157	162	238
1077	166	155	244
1074	177	149	237
1079	190	135	233
1081	202	127	231
1084	211	119	206
1083	217	112	208
1081	222	110	216
1081	224	109	223
1082	224	109	234
1087	222	104	226
1087	223	105	212
1085	219	105	215
1078	213	112	215
1064	204	124	215
1054	194	133	225
1051	181	139	243
1052	173	132	251
1044	168	140	254
1043	161	136	266
1034	162	142	269
1012	181	156	256
1014	181	148	256
1019	192	139	269
1023	167	131	286
1025	169	127	280
1018	158	127	278
1007	144	135	271
999	131	136	258
982	133	149	255
992	136	144	260
975	128	154	262
973	140	147	257
976	146	147	262
976	140	146	270
974	150	157	258
979	155	170	245
990	162	153	234
992	163	151	218
999	163	155	214
991	159	157	229
996	160	151	229
994	159	154	235
987	161	157	243
982	167	159	245
970	171	165	238
966	177	164	240
957	178	169	235
952	178	170	236
947	175	169	243
947	175	164	246
944	174	162	253
936	176	168	257
929	178	174	255
932	183	173	262
936	189	173	260
942	191	172	258
946	194	172	256
950	187	171	261
945	174	176	269
940	167	179	281
935	166	184	279
935	177	180	263
930	179	179	266
924	185	180	259
920	181	178	259
921	181	168	267
