253	192	687	238
257	199	702	233
257	201	715	231
260	200	722	232
259	201	726	232
260	200	729	233
259	199	725	233
259	198	721	236
260	197	719	236
264	196	717	239
268	196	721	242
269	197	717	244
268	197	716	243
271	197	717	243
269	197	718	245
271	195	718	246
268	197	721	243
269	198	721	243
269	197	720	243
269	200	722	243
267	201	722	241
266	204	721	241
268	207	725	239
269	209	727	236
270	207	731	235
266	210	736	234
264	214	741	231
260	215	748	230
255	215	756	230
257	213	759	230
255	214	767	228
249	214	768	225
252	213	767	224
251	216	767	222
249	216	766	220
253	215	767	222
242	212	767	222
246	216	769	220
238	217	774	219
237	218	781	215
226	219	791	212
219	221	794	207
222	219	796	209
218	219	792	208
218	218	793	208
215	220	792	205
206	223	795	204
203	223	804	206
207	219	802	211
203	220	806	209
204	220	807	210
205	220	810	209
201	220	810	211
213	218	813	213
193	217	812	217
195	217	822	220
184	217	826	222
176	215	839	225
165	217	822	223
180	220	834	223
170	225	845	225
159	231	858	225
162	236	865	223
146	242	864	219
176	242	868	218
168	243	860	217
163	241	855	216
156	242	856	215
151	241	858	214
176	243	878	215
155	243	881	215
160	242	876	218
160	238	879	220
170	234	898	226
170	235	903	230
169	236	909	234
168	235	911	235
168	238	911	236
164	242	915	236
165	242	915	238
169	242	914	241
168	239	915	246
173	241	914	250
177	240	909	250
172	245	914	250
184	238	908	250
166	252	905	249
185	236	900	249
181	248	900	249
176	239	891	249
181	241	890	248
187	238	889	249
182	243	894	245
191	239	894	246
179	243	901	244
187	242	909	243
187	239	909	243
189	243	903	241
202	235	904	242
194	242	910	242
195	237	922	243
173	236	920	241
192	238	914	240
181	234	927	241
183	236	937	241
164	230	939	238
187	225	933	237
155	228	937	232
156	236	939	230
168	232	942	231
155	230	945	231
147	243	960	230
156	231	977	235
165	235	992	237
151	240	1007	240
145	240	1019	242
121	239	1033	246
124	230	1044	250
124	232	1053	252
107	238	1069	249
97	241	1071	248
94	240	1068	247
84	245	1078	249
95	235	1080	252
102	241	1081	255
95	240	1072	257
110	239	1071	259
128	240	1059	260
116	239	1064	264
141	235	1052	267
116	237	1061	269
128	236	1055	269
85	234	1062	269
117	236	1052	267
99	235	1059	266
98	239	1062	267
85	227	1065	263
81	229	1063	258
68	225	1056	253
81	224	1052	251
78	224	1043	250
76	220	1039	249
52	213	1028	244
65	216	1023	237
39	218	1025	233
44	218	1016	228
40	217	1009	222
25	215	1000	216
33	216	988	210
3	213	969	204
54	214	964	201
45	214	962	200
12	212	954	197
30	212	946	195
20	214	939	193
10	214	934	190
22	215	929	187
-5	217	922	186
-19	220	908	184
-14	222	894	183
-19	224	881	182
-28	228	868	181
-6	231	862	181
-39	228	846	180
0	229	840	180
-37	229	826	180
-6	234	823	180
0	230	816	181
58	233	831	183
170	229	846	188
122	241	840	187
97	241	836	188
90	239	833	189
93	234	831	191
128	236	828	192
183	241	832	194
163	244	825	194
163	238	824	196
230	243	827	198
305	246	822	199
238	247	833	200
241	243	841	202
261	241	839	203
284	236	838	205
305	232	834	206
296	232	832	206
300	234	829	206
328	222	825	208
304	227	828	208
333	223	832	208
298	227	837	208
294	227	847	207
269	228	857	207
257	234	870	205
214	237	873	204
152	239	878	202
197	239	880	200
183	233	878	199
133	231	878	198
184	232	876	197
181	244	887	196
236	247	891	195
210	256	898	194
209	245	904	195
145	258	916	193
226	247	920	194
151	255	930	193
207	247	929	192
188	254	933	192
215	242	934	192
248	229	929	194
261	208	923	198
252	228	921	199
292	202	912	202
324	203	902	204
305	204	893	207
292	192	883	211
324	187	870	215
335	183	855	220
358	181	840	225
368	179	826	229
367	176	811	233
394	175	795	237
395	170	780	240
405	169	764	243
421	168	746	247
417	168	731	250
423	164	715	253
430	163	699	256
434	163	684	259
430	160	672	261
435	159	662	263
452	158	650	264
442	157	640	266
448	157	630	268
438	156	622	269
442	156	615	270
444	154	609	270
437	155	606	271
437	155	603	271
429	156	604	270
423	156	606	269
428	157	608	268
415	156	611	267
406	156	618	266
402	157	623	266
397	157	628	265
385	156	634	264
377	156	639	264
368	157	645	263
372	157	650	263
386	156	652	263
371	157	656	262
394	157	657	262
371	158	660	262
393	158	661	262
386	159	663	261
386	159	666	261
392	159	667	261
378	159	670	260
384	161	674	260
365	160	679	260
363	162	686	259
350	163	691	258
344	164	697	258
331	162	705	257
281	163	711	257
248	164	713	256
253	161	719	255
251	158	719	255
256	156	718	254
263	158	720	253
236	157	719	253
262	155	720	252
274	153	721	251
355	147	723	251
358	146	720	251
382	143	717	252
395	139	712	252
400	139	706	252
410	136	699	252
385	137	695	253
406	136	690	253
436	135	682	253
448	133	673	253
440	134	666	253
458	134	657	253
451	131	650	252
468	132	640	251
455	133	634	251
482	133	625	250
476	133	617	249
478	132	609	248
482	135	602	248
483	134	594	247
489	133	587	247
498	134	580	247
500	134	572	247
501	136	566	247
496	134	561	247
504	135	555	246
497	135	550	246
506	136	546	246
504	136	542	245
512	136	538	245
508	137	536	244
523	135	536	243
513	136	539	242
521	136	542	242
509	135	545	241
522	136	547	241
508	134	551	240
502	135	555	240
503	135	559	239
499	135	563	239
499	137	566	238
495	135	568	238
497	136	571	238
498	136	572	238
497	135	573	238
496	135	574	238
495	134	576	239
494	135	577	239
493	135	578	239
491	135	579	239
488	135	581	238
484	132	583	238
484	134	584	238
482	132	586	237
482	134	587	237
479	131	588	236
479	132	590	236
478	130	591	235
481	131	592	234
476	128	594	234
477	129	595	233
474	129	597	233
472	128	599	233
472	127	600	232
469	127	602	232
463	126	603	232
462	125	604	232
458	125	606	232
460	124	607	232
446	125	609	231
448	121	609	231
453	121	609	231
459	120	608	230
436	121	610	230
446	120	610	229
437	119	611	228
443	122	610	228
430	121	612	227
424	122	614	227
419	123	616	226
416	123	618	225
413	124	621	225
410	126	626	224
408	126	629	223
410	127	636	223
403	129	642	221
405	131	647	220
404	130	651	218
409	133	655	216
405	136	660	214
409	137	665	213
405	135	669	212
405	138	673	211
407	135	675	210
409	135	675	210
406	137	676	210
406	138	677	210
407	139	674	209
407	139	672	209
407	140	671	209
409	140	670	209
408	140	669	208
408	138	667	209
405	138	665	208
406	138	662	208
407	135	657	208
411	137	655	208
411	134	652	208
414	134	648	208
420	132	643	207
422	132	640	207
427	130	636	206
424	127	632	206
429	129	630	205
425	129	628	204
425	130	627	203
428	127	626	202
431	129	625	200
427	129	624	199
429	128	624	198
424	132	623	196
423	129	623	195
420	132	623	194
419	131	624	193
414	133	624	191
414	130	625	191
412	133	625	189
414	135	626	188
406	133	628	187
408	136	630	186
397	137	632	184
