863	379	133	93
856	375	133	90
862	385	135	86
853	383	140	80
847	378	139	79
853	388	142	74
847	383	143	72
853	392	144	70
848	386	143	69
854	395	144	66
874	402	142	66
867	396	141	66
873	391	140	65
868	398	137	65
862	393	137	64
869	399	134	65
863	394	133	64
858	387	130	65
853	382	126	66
861	388	124	66
857	383	121	68
852	389	119	68
858	397	120	66
877	403	118	68
876	485	129	57
876	485	134	52
871	491	136	49
853	487	136	48
835	484	138	46
828	491	139	45
833	487	139	44
826	494	141	43
807	492	144	41
800	500	146	40
804	497	148	39
809	494	147	38
801	502	150	37
805	500	152	36
810	497	153	35
803	505	153	35
807	502	156	34
811	500	157	33
815	496	157	33
809	504	159	32
813	501	160	32
807	497	160	32
811	493	163	30
804	490	164	30
809	498	165	30
802	494	166	30
796	490	166	30
801	487	166	30
795	494	166	30
799	490	168	30
793	487	168	30
798	483	168	30
791	491	168	30
796	498	169	30
790	495	169	30
795	491	168	30
788	499	169	30
793	506	170	30
787	502	170	31
792	509	171	31
784	517	173	30
778	513	173	31
782	521	174	31
775	527	176	30
769	523	175	31
773	530	178	31
767	537	178	31
772	533	180	31
753	539	181	30
759	535	181	31
778	528	178	32
772	523	176	33
767	528	172	34
773	522	170	35
779	527	167	36
786	522	166	36
792	516	165	37
786	522	162	37
791	517	161	38
785	523	159	38
791	518	158	38
797	523	156	39
791	518	155	39
796	524	153	40
790	518	152	40
796	524	150	40
790	518	149	41
795	523	147	41
801	518	146	41
794	513	145	41
800	519	144	41
793	514	144	41
798	520	143	41
792	515	142	41
797	511	142	41
802	517	140	41
796	513	140	41
801	518	139	41
774	513	136	41
756	516	136	41
760	519	137	41
754	513	137	39
758	517	137	39
751	520	138	38
756	514	138	37
749	512	139	36
753	516	139	36
748	513	140	35
752	517	141	35
756	519	140	35
761	515	139	35
755	518	139	35
759	521	139	36
753	516	139	36
758	519	139	36
751	522	139	36
756	516	139	36
761	520	138	37
755	515	138	36
760	519	138	37
753	514	138	36
758	518	138	36
751	520	139	35
756	515	139	35
750	513	139	34
754	517	140	34
748	514	140	33
752	517	141	33
747	515	142	32
751	518	142	32
756	520	141	33
761	516	139	33
755	519	139	33
749	515	140	33
753	518	140	32
758	521	139	33
752	516	139	33
757	518	138	33
751	515	138	33
755	518	138	33
760	520	138	34
754	515	138	33
758	518	137	33
752	521	138	33
756	516	138	33
750	519	139	32
755	515	139	32
759	519	138	32
753	515	138	32
758	519	138	32
752	515	138	32
756	519	138	32
760	521	138	32
755	516	138	32
759	519	137	32
753	515	138	32
757	518	137	32
752	515	138	32
756	519	137	32
750	515	139	31
754	519	139	31
759	522	138	32
753	517	139	31
758	520	139	31
752	516	139	31
756	519	139	31
751	516	139	31
755	519	140	31
760	522	139	32
754	517	139	31
759	520	139	32
753	515	139	32
758	519	138	32
752	521	139	32
757	523	138	33
762	517	137	33
756	520	138	33
761	523	136	34
755	517	137	33
760	520	136	34
754	516	137	33
758	519	137	32
752	522	138	32
756	516	138	32
750	520	140	31
754	515	139	31
759	519	138	32
753	515	138	32
758	519	138	32
752	515	138	32
757	519	138	32
751	522	139	32
756	517	139	32
750	521	140	32
754	524	140	32
748	518	142	32
752	521	142	32
757	524	141	33
752	518	141	33
746	514	143	32
751	518	143	33
755	521	143	33
749	516	143	33
754	520	143	33
759	523	141	34
753	517	141	34
758	520	140	35
752	516	141	34
757	519	140	35
750	522	141	34
755	517	141	34
750	514	141	33
754	518	141	34
759	521	140	35
753	516	140	34
758	520	139	35
752	516	140	34
757	519	140	34
750	522	141	34
755	517	141	34
809	450	126	49
818	450	118	57
815	440	112	64
812	442	110	68
818	436	108	71
813	440	108	71
816	435	109	72
811	438	110	74
805	443	112	74
810	437	113	76
805	441	115	77
810	436	116	77
804	441	118	78
808	436	118	78
804	440	118	79
800	433	117	81
806	427	116	84
799	424	118	81
795	430	116	82
799	425	116	82
795	430	111	84
791	424	108	86
797	430	104	89
792	435	105	88
799	431	103	88
803	436	102	88
808	439	100	90
801	432	100	89
805	427	99	89
799	424	98	89
802	419	99	89
797	415	100	88
800	412	103	85
795	409	106	82
801	414	106	85
796	410	108	83
801	415	106	86
794	418	106	88
799	414	111	85
802	419	115	83
796	423	113	85
799	418	115	85
802	423	117	85
797	417	117	85
801	420	117	87
796	414	120	87
800	410	120	88
804	414	120	89
797	408	121	90
801	412	120	92
797	404	116	97
801	408	115	100
803	404	119	96
795	409	116	98
789	407	116	94
794	413	115	94
788	418	114	96
783	412	114	95
787	419	118	92
782	423	118	93
785	418	121	90
781	421	119	93
777	415	116	95
783	418	115	97
777	413	113	98
782	416	114	101
777	411	111	102
772	415	108	104
778	419	111	106
772	415	110	104
777	422	110	106
770	418	109	105
775	424	109	106
771	427	108	109
768	421	104	110
774	424	104	112
770	419	103	111
773	415	104	106
768	410	104	105
772	413	105	106
767	404	103	108
770	400	105	105
765	396	107	102
769	402	106	103
763	397	107	101
760	392	105	100
762	398	106	99
757	394	106	98
760	399	108	99
754	394	109	98
756	398	110	101
751	391	109	103
748	387	108	103
750	391	110	107
745	385	109	109
749	379	109	111
743	382	106	116
749	375	105	118
743	379	105	122
739	370	103	124
735	373	99	129
731	366	96	129
739	372	97	131
734	375	93	135
733	376	85	142
738	381	86	142
732	375	84	140
731	380	79	143
730	382	73	146
734	377	72	146
732	379	66	149
729	375	63	148
735	377	59	153
732	370	58	152
736	373	56	155
730	367	56	153
728	371	55	153
732	374	54	156
727	368	56	153
730	372	54	155
726	367	55	154
729	371	55	154
723	365	57	153
727	361	55	153
722	358	56	152
726	362	55	154
721	357	56	154
717	350	57	154
712	346	60	153
717	342	60	153
713	339	61	152
709	335	62	151
715	331	61	150
711	338	61	152
716	333	59	153
712	340	59	155
716	335	57	157
712	330	57	157
717	325	57	156
721	319	57	155
715	314	58	153
719	309	59	150
714	304	60	147
719	298	60	144
714	304	61	142
720	298	61	139
715	303	61	138
720	298	62	135
716	296	61	132
720	294	61	129
717	299	59	128
722	294	58	127
725	288	57	126
721	285	56	124
725	281	54	123
723	276	51	124
727	271	50	121
729	259	52	115
727	254	50	113
730	250	49	111
733	246	48	110
730	248	46	113
734	245	46	112
731	242	45	110
734	245	44	111
737	241	45	111
734	239	43	111
738	242	42	113
736	237	41	114
739	234	42	112
737	228	41	113
739	226	41	112
737	228	40	115
739	216	42	112
734	214	42	111
736	219	43	111
732	215	43	111
736	219	43	113
732	213	42	114
729	210	43	113
733	215	43	115
730	212	42	115
733	208	43	115
729	203	44	115
732	207	43	116
727	193	44	117
729	189	45	117
726	183	45	119
729	179	46	120
732	184	46	120
735	190	46	121
730	184	46	123
733	178	47	124
729	181	46	127
731	168	48	126
734	173	49	126
729	168	48	128
732	163	48	128
727	160	49	128
731	165	48	129
734	159	47	131
729	153	47	132
726	147	47	133
730	140	46	135
726	134	46	136
721	130	48	135
725	134	49	136
721	128	49	137
723	124	50	136
718	121	50	136
721	126	50	137
718	120	47	140
713	125	49	139
718	119	50	138
714	114	50	138
718	120	51	137
722	128	52	135
715	112	54	134
711	105	54	134
716	99	54	134
712	93	53	135
717	111	56	132
722	105	56	132
718	86	54	134
722	92	55	135
719	85	55	136
725	79	52	138
730	110	56	134
734	105	57	134
728	88	56	134
732	96	59	131
735	91	61	129
740	86	61	129
734	80	61	129
738	75	61	130
733	68	61	131
737	63	62	130
731	57	62	129
736	63	63	129
730	58	63	129
724	41	63	130
730	47	62	130
724	41	63	130
718	24	64	128
722	20	66	126
716	16	68	124
721	13	70	122
727	19	69	123
733	25	68	124
725	9	69	122
730	16	71	121
735	22	70	122
729	16	70	122
734	11	70	122
728	18	70	121
722	13	72	120
727	9	73	120
733	15	73	120
728	10	74	119
732	5	76	117
726	12	78	115
732	7	79	114
737	3	80	113
731	9	82	111
736	5	83	109
741	12	84	107
736	7	85	106
730	12	85	107
736	7	85	106
742	12	85	106
736	19	86	105
730	13	87	104
736	7	88	103
730	14	88	102
736	20	88	102
730	14	89	101
736	8	88	100
730	15	89	99
724	10	90	98
718	16	91	96
712	35	93	94
705	42	95	92
699	49	95	92
704	55	95	91
696	87	98	87
700	95	100	84
703	92	101	81
707	88	103	79
710	96	105	76
703	93	106	74
694	101	108	71
698	108	109	69
690	105	110	67
694	101	110	66
698	97	110	65
690	106	112	62
694	103	112	59
687	101	112	57
681	97	111	57
686	93	110	56
680	89	109	55
684	85	107	55
678	81	106	56
673	76	104	56
667	83	103	56
672	78	101	56
657	74	99	56
661	71	98	56
655	68	97	56
650	54	95	56
644	50	94	57
658	56	94	56
660	62	95	54
664	67	95	53
668	54	95	53
673	68	94	54
668	64	93	54
663	69	93	54
667	65	92	53
672	60	91	54
685	65	91	54
689	70	90	54
684	66	90	54
671	52	88	54
666	48	87	56
671	51	85	57
650	29	83	58
662	17	84	56
666	23	84	55
653	18	83	55
649	13	82	55
645	18	82	55
642	14	81	55
638	9	80	56
643	13	80	57
640	33	76	60
637	28	75	61
635	22	71	65
639	18	71	65
636	13	69	66
632	17	68	67
637	21	67	67
641	17	66	67
654	13	67	66
657	9	67	65
652	14	68	64
656	18	69	63
651	22	68	63
655	44	69	63
651	39	68	63
655	35	68	63
650	40	67	63
646	35	67	63
650	40	67	62
662	44	67	62
658	41	67	61
653	53	67	61
657	49	67	60
662	45	67	60
666	42	68	59
669	46	69	57
674	66	67	58
678	62	68	57
683	58	67	58
671	54	66	58
675	59	67	56
686	55	67	56
675	60	67	55
671	64	68	54
666	69	68	54
670	57	67	54
681	86	69	52
677	98	69	51
673	102	69	51
677	107	70	50
681	111	70	50
685	107	69	50
689	103	69	50
685	107	68	50
682	111	68	50
686	116	67	50
682	120	67	50
679	124	67	49
683	121	67	49
687	118	66	49
683	114	66	49
687	118	66	49
683	115	66	49
687	119	66	49
697	131	66	48
701	128	66	47
697	125	66	47
701	121	66	47
711	125	66	46
708	122	66	46
705	118	65	47
709	115	64	47
713	119	64	47
710	123	64	47
706	126	63	47
703	130	63	47
707	133	62	47
711	130	62	47
714	127	62	47
711	124	62	46
714	128	62	46
