799	589	56	68
797	588	56	64
799	588	56	62
798	590	55	60
799	585	55	59
798	583	55	59
800	583	54	59
799	581	53	60
800	579	54	61
799	580	54	62
801	578	54	63
799	579	56	65
800	577	57	66
798	575	57	67
799	577	59	68
796	575	60	68
798	576	61	70
794	575	62	69
796	576	63	70
794	575	64	69
796	576	65	70
793	575	67	69
795	577	68	70
793	575	69	69
794	575	72	67
793	576	72	67
794	575	74	66
794	574	77	65
795	573	80	64
793	572	80	63
796	575	82	61
796	573	85	59
794	572	86	60
798	573	88	59
797	571	86	59
804	570	85	59
821	571	79	61
837	565	76	61
842	564	75	61
854	567	75	62
877	568	72	73
913	549	79	69
918	547	81	68
923	548	83	70
920	546	81	70
926	547	77	72
924	544	74	71
928	547	70	71
926	544	69	69
929	543	69	68
932	546	68	67
928	543	69	64
932	545	69	63
928	543	70	62
930	543	71	60
928	542	72	59
932	542	73	57
935	543	71	57
937	542	71	56
939	543	69	56
942	541	68	55
944	542	67	54
942	541	67	53
945	540	67	53
946	541	66	53
944	539	68	53
946	538	68	53
948	536	69	54
957	526	69	54
958	523	69	55
958	522	69	55
959	523	69	56
960	519	70	58
959	517	70	58
977	504	72	59
976	502	72	59
978	504	74	60
977	501	74	60
978	502	75	60
979	500	77	60
979	499	79	61
979	500	81	62
980	499	83	61
981	501	87	62
981	499	90	62
982	498	91	62
983	500	96	62
982	498	95	62
984	500	98	61
984	498	101	61
983	496	100	62
985	498	102	62
987	499	103	63
986	496	101	63
989	497	102	64
988	495	101	65
991	497	100	66
990	495	97	67
994	496	95	67
992	494	92	68
996	496	89	68
995	494	87	68
999	496	87	69
1001	494	86	70
1004	496	86	72
1005	494	87	71
1007	495	89	73
1008	494	89	71
1010	493	89	69
1012	494	91	71
1013	493	92	69
1014	494	93	70
1015	493	95	67
1015	493	97	64
1017	494	99	64
1015	493	99	63
1018	495	102	62
1017	494	102	59
1020	496	105	58
1018	495	105	57
1022	497	107	55
1020	496	107	54
1024	498	108	54
1022	496	108	53
1026	498	108	55
1028	496	108	55
1026	498	107	56
1029	496	107	56
1028	498	106	57
1031	497	105	57
1034	498	104	59
1034	496	101	59
1036	498	100	61
1036	499	97	63
1040	496	94	64
1039	498	91	64
1045	495	87	65
1048	497	84	67
1048	495	82	66
1051	497	80	68
1056	495	78	69
1060	496	76	72
1058	494	76	72
1063	496	74	73
1067	495	72	73
1066	496	72	74
1069	498	72	75
1067	496	73	74
1067	499	76	73
1065	498	78	72
1062	501	81	72
1063	499	82	72
1057	501	88	72
1054	499	90	74
1055	500	94	75
1052	497	96	77
1053	500	100	76
1050	497	101	78
1053	498	103	78
1050	499	104	80
1054	495	102	83
1056	497	103	86
1054	495	103	87
1061	496	102	90
1066	493	97	91
1069	496	95	90
1067	493	92	91
1065	494	92	91
1066	493	95	90
1063	495	96	90
1061	494	95	89
1059	497	103	89
1056	495	102	88
1057	498	108	87
1053	497	108	86
1054	499	112	85
1049	498	113	84
1047	497	112	83
1049	500	115	82
1044	502	112	82
1041	500	108	80
1040	504	106	78
1038	503	105	76
1035	506	108	73
1033	506	110	71
1031	508	111	70
1032	508	113	69
1028	509	115	71
1025	510	117	73
1023	510	118	75
1021	511	120	76
1018	513	122	75
1016	513	123	73
1014	514	124	75
1013	516	124	75
1011	515	124	73
1010	517	124	74
1012	515	125	74
1010	518	124	75
1009	519	123	75
1007	517	124	75
1008	518	125	77
1006	519	123	77
1004	517	124	79
1003	519	123	79
1002	518	124	79
1000	520	124	79
996	518	128	79
995	520	127	80
993	521	128	82
991	519	129	82
989	520	131	84
990	522	133	85
987	519	133	86
985	521	132	88
984	522	130	89
982	520	131	89
983	524	132	87
982	522	130	88
980	524	130	87
979	522	129	88
977	525	128	88
975	526	128	90
972	526	128	92
971	527	127	94
969	525	127	95
966	527	128	95
963	528	128	97
961	525	128	98
959	527	127	99
957	525	126	99
956	528	126	99
954	526	126	98
952	528	125	100
950	529	125	102
948	526	124	102
945	530	124	101
948	528	123	99
944	531	122	98
942	528	122	94
940	532	122	91
942	531	123	85
939	530	121	83
936	534	122	80
934	533	122	79
936	538	123	75
934	536	122	74
932	539	123	72
930	537	121	73
932	540	121	72
930	538	121	72
928	540	120	73
925	538	120	73
927	541	120	75
925	541	119	77
921	539	121	77
923	540	120	80
918	538	122	80
916	541	122	82
913	542	123	88
909	539	126	86
906	543	126	92
909	539	125	89
904	541	127	95
901	542	128	101
898	539	130	100
896	541	131	104
893	539	132	103
890	541	134	105
888	538	135	104
885	542	137	105
881	540	139	104
877	543	141	105
874	541	142	103
872	542	143	106
868	542	145	101
866	543	146	104
863	542	146	100
866	545	145	101
862	545	144	104
868	542	140	103
863	544	140	104
861	543	139	103
866	544	134	105
865	546	131	106
871	544	127	105
868	547	125	107
867	548	122	107
872	546	118	106
870	548	116	105
874	546	113	105
875	550	107	105
874	547	104	105
877	549	102	105
876	548	99	104
874	550	96	104
873	549	95	103
872	551	94	102
870	550	93	101
868	553	93	100
867	552	92	99
866	554	90	98
864	553	91	96
862	552	91	95
863	556	91	95
861	554	91	94
859	556	91	94
857	554	91	92
856	556	92	93
855	554	92	92
856	556	91	94
853	554	93	92
851	553	94	90
851	556	96	92
850	553	96	90
847	552	97	90
846	554	98	90
844	552	99	91
844	554	102	94
840	551	103	93
836	552	106	95
834	550	108	94
834	553	111	97
827	552	117	95
823	554	120	96
817	552	127	93
813	554	131	95
804	553	139	93
798	555	145	93
792	553	152	92
786	556	158	92
781	553	161	94
777	556	165	94
772	558	168	96
769	554	170	97
764	557	172	99
769	555	173	99
763	557	176	100
760	554	174	102
764	559	176	100
760	557	173	101
766	561	174	100
762	558	169	101
760	560	163	103
769	558	160	104
762	561	154	106
763	558	142	106
762	560	134	108
770	558	130	107
767	561	123	108
771	559	122	107
765	561	121	107
762	559	121	105
759	562	121	105
762	560	120	105
756	562	120	106
754	565	121	107
751	562	121	106
748	565	123	107
745	564	123	104
749	562	123	102
746	566	122	102
744	563	122	98
740	568	123	95
738	565	123	92
735	569	123	88
734	567	123	86
732	571	123	84
729	569	125	82
727	572	125	82
725	569	126	82
723	572	126	82
721	568	128	84
719	571	129	83
716	567	130	85
713	570	131	87
710	565	132	91
708	568	133	92
705	564	134	95
703	568	135	97
701	563	136	97
698	559	137	99
700	565	138	100
697	560	139	99
693	556	140	101
690	563	142	99
685	558	145	100
679	564	151	99
675	556	152	103
671	563	156	104
667	554	158	108
662	558	161	115
658	560	163	118
656	556	162	119
660	560	164	120
654	560	164	125
651	562	163	126
659	558	163	124
653	561	160	127
659	565	159	126
654	567	155	128
652	564	153	127
656	568	155	125
650	571	152	123
646	568	150	123
644	572	149	123
641	570	148	122
638	575	148	120
634	572	145	121
631	575	146	121
628	571	145	123
625	574	145	122
622	571	145	123
618	574	146	123
622	572	147	123
617	576	147	124
614	573	146	124
611	571	146	121
609	576	146	121
613	573	146	117
609	578	148	116
606	575	148	112
603	581	149	110
607	579	149	102
604	583	149	102
600	585	151	103
596	583	153	96
593	587	155	96
598	591	156	99
592	587	157	92
588	591	159	93
583	589	161	88
581	591	160	90
573	589	165	85
569	591	167	88
572	589	168	88
570	590	166	92
571	586	160	92
575	588	160	95
573	585	158	95
571	587	157	100
569	584	156	99
567	586	155	102
565	583	156	100
563	586	155	103
557	583	160	100
555	584	159	104
551	583	163	101
549	584	163	104
543	583	167	101
540	585	167	104
535	582	170	103
537	586	171	106
532	583	172	107
530	586	171	111
527	587	170	114
526	583	168	115
524	585	167	118
523	581	165	118
525	585	170	118
521	583	168	116
516	589	167	115
511	592	168	114
509	589	164	114
505	592	165	116
500	594	165	117
499	591	161	119
495	593	162	119
491	591	160	121
487	595	162	120
485	592	160	121
481	595	162	120
474	592	167	124
469	596	168	122
464	592	171	122
461	595	168	122
455	592	169	120
463	596	168	119
456	592	170	118
452	597	170	117
446	591	172	113
441	596	172	111
435	592	174	107
428	598	178	104
418	594	185	100
408	601	191	99
396	597	198	98
385	605	207	98
395	606	206	106
382	602	214	106
374	606	215	111
379	602	218	110
376	603	211	116
380	599	211	115
376	597	211	113
380	600	208	116
378	597	205	114
384	599	200	116
380	596	199	111
380	598	194	112
378	596	192	109
377	600	189	111
374	597	188	110
378	600	188	112
373	598	190	110
370	600	191	111
366	597	192	110
361	600	194	110
354	601	195	112
349	598	197	111
345	599	198	112
348	601	202	112
344	596	203	111
341	599	204	111
345	597	208	108
341	600	209	109
337	596	209	109
346	600	214	108
404	607	206	110
399	603	202	110
434	609	195	111
428	605	192	112
444	611	186	113
323	604	187	114
313	605	187	116
309	606	183	118
307	602	181	118
312	606	184	117
308	607	181	118
305	601	181	117
310	605	184	117
308	602	180	114
306	606	177	113
306	601	171	112
313	605	171	112
311	602	168	111
315	605	166	111
314	603	161	109
321	602	157	106
319	606	154	103
327	603	148	100
332	602	143	98
331	601	138	95
337	600	133	92
336	599	128	90
341	602	125	89
340	600	121	88
340	599	116	86
346	600	110	89
345	597	105	89
351	598	101	91
351	596	95	92
359	594	89	93
365	594	86	96
368	593	84	96
371	593	87	98
371	591	90	98
368	589	93	98
368	588	100	98
367	588	107	101
367	586	114	100
369	584	117	99
368	586	124	100
368	583	128	101
370	582	137	100
369	585	145	100
369	583	151	99
369	582	158	97
371	581	163	95
372	584	169	95
373	581	175	93
370	583	177	93
373	581	181	90
375	584	182	90
378	581	183	88
376	583	182	90
379	579	181	87
382	581	181	90
385	577	180	89
384	579	177	90
392	581	174	92
397	582	174	94
399	578	173	92
403	580	172	95
408	582	171	98
412	583	172	101
409	584	172	103
413	578	173	104
419	581	174	107
423	583	173	110
426	579	174	109
423	581	172	111
429	577	172	109
434	581	172	112
436	578	174	110
440	581	174	113
443	577	177	110
440	579	174	113
445	575	175	109
450	573	177	104
455	577	176	102
451	580	175	102
456	573	176	96
460	572	177	91
465	576	175	88
463	574	173	83
468	577	172	81
473	576	170	78
472	578	168	78
479	576	164	76
483	578	163	76
483	575	158	76
493	577	156	78
497	574	155	78
501	576	153	81
504	573	153	81
510	574	150	85
513	572	149	86
518	573	145	88
521	571	145	88
527	572	139	92
530	570	140	90
534	572	136	92
534	569	134	90
541	571	132	93
545	569	136	91
549	572	134	92
552	570	139	89
555	569	143	86
559	571	146	87
555	569	147	86
560	571	150	87
565	568	153	86
562	570	152	87
567	566	155	87
563	569	153	87
569	566	156	87
568	568	153	88
572	565	155	87
570	568	152	88
578	570	151	91
574	564	151	89
579	568	154	90
586	570	154	91
581	566	155	90
588	571	158	89
586	573	155	93
592	574	156	96
590	575	154	101
594	571	157	99
598	575	159	101
593	571	157	99
600	574	156	102
606	575	154	106
600	571	154	104
607	574	152	108
612	571	158	103
607	575	156	106
618	577	154	109
670	574	162	105
637	570	177	98
663	578	176	100
633	571	188	96
624	566	193	91
630	565	197	87
638	574	199	89
629	569	200	85
637	566	199	85
645	573	197	89
638	569	195	85
648	574	192	91
656	569	188	92
647	566	186	91
656	571	184	96
662	567	178	97
656	565	177	93
664	568	176	96
661	564	172	94
666	562	173	91
671	566	173	93
667	564	173	89
675	567	174	91
671	565	173	88
676	563	171	87
682	566	169	92
679	564	168	88
684	562	167	88
680	567	168	88
687	562	167	88
692	565	165	92
686	563	166	88
692	565	165	93
695	560	166	93
698	563	165	96
693	560	165	92
698	562	164	97
702	558	164	97
706	560	162	100
703	556	163	96
708	558	163	99
711	555	166	98
708	558	166	98
713	555	168	96
718	559	168	96
716	561	168	97
723	559	171	95
720	562	171	97
730	564	170	98
737	566	172	99
731	562	171	99
740	566	172	98
744	563	177	97
740	565	174	98
747	568	176	98
752	564	181	98
754	561	186	100
756	567	188	101
750	562	185	105
756	567	185	104
760	564	187	103
752	568	186	102
759	565	186	101
766	568	182	101
755	565	182	101
761	562	182	99
770	565	178	101
763	561	175	99
767	559	176	97
775	562	173	99
767	559	172	97
774	557	171	97
781	559	168	99
778	556	164	99
785	557	163	102
782	555	161	100
789	556	159	102
786	554	156	101
791	553	156	99
790	555	153	99
795	554	153	98
798	558	152	96
797	555	149	97
802	558	147	97
804	556	146	97
805	558	141	99
809	557	140	97
807	555	140	96
812	558	137	97
815	556	138	95
817	559	140	96
815	556	140	96
818	558	143	96
820	555	146	96
822	554	150	94
823	556	155	95
823	552	152	96
826	551	157	94
826	554	162	96
828	550	163	96
832	551	162	98
829	546	162	99
834	550	161	99
838	552	160	100
836	547	156	103
845	548	153	106
851	550	148	108
847	546	145	109
854	549	142	109
853	551	138	110
861	552	132	111
859	549	131	109
865	552	126	110
863	551	126	107
870	554	122	107
874	556	119	107
872	554	120	104
878	558	118	104
882	555	114	105
880	557	117	103
884	555	114	101
887	555	113	98
890	555	112	96
892	557	113	95
893	556	113	93
892	558	114	93
894	556	113	92
895	557	114	94
896	555	115	94
894	556	115	94
896	554	116	94
894	555	117	95
896	552	120	97
894	552	120	98
895	549	125	99
893	550	125	101
895	547	128	100
896	545	130	101
894	546	131	102
897	544	133	103
893	544	135	105
896	541	138	106
899	539	139	105
894	541	143	109
899	538	147	109
902	535	149	111
895	538	156	112
901	533	158	112
907	533	162	109
897	536	172	110
905	534	173	108
898	537	180	108
906	533	183	108
898	536	190	110
909	531	188	111
899	533	194	112
912	527	191	113
902	530	199	114
916	525	194	115
910	522	196	116
918	525	196	115
912	522	199	113
919	525	198	113
914	522	199	113
920	525	201	113
913	521	201	116
905	523	208	116
914	520	205	117
901	524	214	119
906	521	214	120
893	525	222	121
902	522	222	121
889	527	225	123
895	530	226	123
883	532	228	125
888	535	229	124
880	529	228	123
886	534	228	123
878	529	228	122
883	535	229	122
874	528	230	122
879	527	233	119
870	530	234	122
875	527	237	117
865	531	239	118
860	522	240	117
869	530	244	116
862	522	245	114
853	529	245	115
864	523	247	113
881	679	224	133
890	682	217	141
883	681	209	150
893	668	202	154
899	673	199	158
891	674	194	164
899	663	192	163
905	669	191	165
894	672	189	169
900	662	188	167
906	668	187	168
895	671	186	170
901	663	186	168
893	668	184	169
900	672	183	172
905	662	182	171
897	668	181	173
902	672	181	175
907	662	181	174
898	669	180	175
903	674	180	179
907	663	181	178
898	670	180	179
904	675	181	182
908	663	182	181
899	670	181	182
904	675	182	185
908	664	183	184
898	671	183	184
904	675	183	187
908	663	184	186
897	669	184	187
903	659	185	184
906	667	186	185
911	672	186	187
897	662	186	185
902	668	186	187
906	673	187	189
897	663	186	187
903	668	187	189
907	672	187	191
911	660	188	190
898	666	188	190
904	671	188	193
909	658	188	191
897	665	188	192
904	657	189	188
897	665	189	188
905	659	190	185
896	666	189	186
903	672	190	190
907	676	191	194
897	663	191	192
903	670	191	195
895	675	191	196
902	662	192	196
894	668	191	196
901	660	192	193
905	668	193	195
894	673	193	197
901	660	193	195
905	668	194	197
893	672	194	198
899	659	194	197
904	667	194	199
893	672	193	200
899	660	195	198
904	668	196	200
894	672	195	201
900	661	195	199
892	668	194	199
899	658	194	196
904	666	194	197
909	657	195	194
896	664	194	194
902	669	194	197
907	658	194	194
895	665	193	195
902	659	195	190
894	666	194	191
902	661	195	187
894	669	193	188
901	673	193	192
906	662	194	190
894	668	193	191
903	661	194	187
894	669	193	189
901	673	193	192
906	661	193	190
894	668	193	191
900	672	194	195
904	661	194	193
893	668	193	194
900	673	193	198
905	662	194	195
894	670	193	195
901	663	194	191
905	672	195	192
909	666	197	189
899	673	195	191
906	669	196	188
900	676	195	190
910	671	195	188
904	678	195	190
912	682	194	193
916	675	195	193
910	680	195	195
918	674	195	194
912	679	195	196
920	683	195	199
914	687	197	200
