314	16	190	229
329	21	181	229
335	14	180	229
345	18	179	233
344	13	173	230
351	16	173	235
349	10	171	230
357	20	177	222
356	11	169	222
363	17	173	218
352	17	177	209
352	14	183	207
349	20	179	204
341	25	182	202
333	15	185	209
329	20	175	213
334	13	183	215
328	18	180	216
317	9	183	217
322	4	181	217
320	6	169	224
311	4	174	220
303	8	167	222
298	11	162	222
290	8	170	215
281	4	175	211
266	1	182	209
251	3	179	217
240	0	187	216
209	0	189	212
175	1	187	226
183	0	191	219
179	1	184	233
196	8	185	240
199	27	201	240
206	40	205	248
232	54	201	253
256	69	201	257
268	86	204	254
279	101	205	253
286	108	204	253
282	118	199	254
295	129	202	251
310	126	202	245
319	121	198	235
325	132	197	232
330	142	195	234
345	149	195	241
365	144	193	242
383	138	191	244
404	130	187	246
445	124	189	241
486	121	191	237
495	128	184	233
501	126	184	225
504	127	186	213
512	128	192	203
523	136	192	202
541	142	192	203
561	137	189	201
580	134	183	197
601	129	173	193
633	141	176	192
649	134	169	190
674	129	179	184
680	136	183	182
692	131	179	182
726	127	173	183
775	131	175	184
782	120	176	184
814	108	178	187
822	101	177	190
850	96	181	187
883	102	177	187
868	108	173	190
862	111	158	194
909	101	166	192
881	108	155	193
894	105	146	192
893	110	137	191
906	106	128	192
912	108	127	194
919	105	124	192
923	109	125	193
926	113	127	192
933	109	125	189
937	119	124	188
942	126	123	187
947	131	123	187
955	126	120	186
962	133	118	187
993	122	118	187
1020	121	126	183
1024	131	133	182
1012	135	135	185
999	145	134	184
995	140	136	185
990	150	136	188
999	156	137	189
1028	160	137	191
1035	161	138	196
1044	152	135	199
1036	155	138	205
1042	157	138	208
1026	158	146	215
1028	159	151	220
1032	163	153	223
1038	155	154	223
1026	162	154	226
1036	159	155	222
1029	168	157	222
1038	162	161	219
1025	177	166	217
1027	250	176	192
1022	249	179	181
1026	261	180	172
1018	260	178	164
1018	257	167	162
1018	252	153	160
1016	246	138	160
1009	240	127	157
1003	236	114	154
996	232	104	149
985	228	100	145
972	225	101	140
953	215	100	139
945	213	100	136
927	205	100	134
916	203	102	132
902	197	106	130
887	191	109	129
869	186	109	127
858	181	112	127
850	175	114	126
842	167	115	125
837	162	117	123
832	157	117	122
828	155	118	120
824	158	120	119
815	161	122	118
801	157	126	116
793	159	128	116
784	167	129	112
786	176	134	110
776	195	136	108
778	203	141	105
781	211	146	101
809	241	134	116
815	239	136	125
808	234	137	126
795	229	138	126
790	233	135	125
776	230	136	123
741	230	147	114
725	232	159	100
722	230	160	99
716	244	162	93
716	257	167	89
705	253	164	87
709	249	161	88
717	245	153	90
715	248	148	92
725	238	145	96
730	234	145	98
727	229	142	103
721	228	141	110
727	225	144	120
721	210	141	129
724	197	142	131
713	184	142	132
708	168	138	140
717	170	132	146
708	162	132	144
714	172	128	140
705	171	133	134
702	176	129	141
707	168	128	142
697	161	132	144
689	157	135	144
683	155	138	142
679	159	136	148
672	155	139	146
666	161	137	150
662	167	129	154
654	175	119	161
650	177	112	169
641	172	110	172
636	167	109	171
629	165	106	164
620	177	105	162
612	185	103	163
604	180	101	161
591	175	103	155
567	168	104	151
540	189	107	149
531	183	108	143
520	180	109	134
503	175	120	129
486	167	125	131
471	176	133	127
457	169	137	129
444	162	139	132
443	209	157	117
415	206	167	109
419	205	173	103
410	211	173	100
402	206	172	96
394	214	171	95
383	207	172	94
363	201	170	94
355	205	172	96
318	141	157	108
313	150	151	112
304	180	153	107
291	190	156	104
265	189	156	99
257	193	153	103
233	189	153	104
203	196	161	103
173	193	166	103
146	187	169	107
149	164	173	109
118	157	175	111
90	149	175	112
80	144	178	111
115	189	170	119
110	180	165	121
223	172	176	116
194	169	182	112
162	176	187	110
230	215	177	120
292	140	156	142
273	136	146	159
271	134	136	173
264	125	130	175
239	131	130	178
233	133	131	184
227	138	128	188
201	141	130	191
194	145	130	194
188	149	129	198
161	154	133	201
152	158	132	205
120	146	133	205
91	135	135	203
59	129	140	199
45	162	148	196
29	155	154	194
16	150	163	191
9	164	164	195
4	173	163	205
2	186	162	210
0	199	161	216
5	209	161	225
1	217	161	235
0	224	158	245
2	233	163	246
4	224	168	246
0	215	168	248
2	234	172	243
4	251	173	236
7	267	174	224
10	256	173	219
16	252	169	214
20	247	170	208
5	240	169	207
0	227	153	215
0	209	147	225
4	202	153	221
10	195	164	213
16	190	179	200
28	186	182	195
40	181	183	193
54	187	182	196
61	176	180	197
48	150	182	193
38	142	183	191
25	130	184	191
16	118	183	192
0	105	167	196
52	243	179	185
63	260	188	181
79	257	191	177
88	266	189	175
106	260	183	172
112	256	181	171
125	251	178	171
138	243	173	173
157	255	168	171
177	267	164	170
206	274	157	171
221	269	154	170
249	285	148	167
267	294	143	168
292	291	139	165
317	302	136	161
342	312	131	159
350	308	129	157
376	315	126	157
398	324	123	156
419	319	121	154
433	326	120	154
446	322	120	153
468	334	117	152
474	330	117	152
481	337	115	150
491	333	114	150
499	325	112	150
506	320	111	150
513	325	109	150
519	317	107	151
525	309	106	151
530	303	104	152
526	297	102	152
534	294	101	151
540	290	99	152
545	296	98	151
540	290	97	152
547	285	94	152
552	280	93	152
544	275	93	152
538	272	95	151
549	278	94	152
554	272	92	152
547	268	93	151
470	277	102	143
472	281	107	140
475	275	112	137
480	271	116	135
481	273	120	135
488	267	124	135
493	270	127	136
500	271	129	140
506	266	131	139
509	268	133	142
513	262	134	143
511	266	130	147
517	258	130	149
522	255	130	148
526	252	131	148
523	261	130	149
531	255	130	150
529	252	127	151
528	257	126	154
535	250	125	154
532	255	125	158
539	250	122	156
544	248	119	155
543	254	116	162
548	253	115	160
547	260	112	165
544	264	111	168
549	260	111	167
547	263	109	171
544	260	109	171
540	257	107	171
534	260	106	176
526	252	106	176
521	249	105	175
517	245	104	177
520	243	106	175
516	238	105	179
520	235	107	179
517	241	107	184
523	248	108	188
518	246	109	186
514	252	110	191
510	248	111	192
513	246	112	189
511	253	111	194
514	250	114	190
512	255	113	194
516	252	112	193
514	260	111	198
517	258	111	196
512	267	112	201
517	265	112	199
514	273	112	204
517	269	113	202
521	265	112	202
519	269	111	206
525	261	111	206
521	258	111	205
531	255	108	203
538	261	106	205
544	251	104	205
547	246	103	200
545	242	100	202
548	236	100	197
545	233	97	197
550	238	97	196
552	228	99	192
549	225	98	190
554	231	97	187
557	226	97	185
554	222	95	187
559	221	96	183
562	226	95	183
564	221	97	181
561	216	96	182
564	219	96	184
566	214	99	183
569	219	100	187
571	213	102	191
573	207	104	191
569	199	106	190
574	202	109	191
569	196	110	187
573	200	111	188
567	197	113	182
570	202	114	182
560	200	116	176
550	203	118	179
541	200	121	173
535	198	122	170
539	202	124	171
536	199	123	168
542	197	125	165
539	191	124	165
547	195	127	166
543	191	126	165
546	187	129	164
550	181	133	164
553	176	136	164
549	170	138	162
554	162	143	162
556	152	148	164
561	138	151	163
569	127	153	162
578	113	156	162
590	99	159	162
595	91	161	161
602	75	163	162
608	66	164	158
614	51	166	158
617	36	166	159
612	24	170	159
618	15	171	162
612	5	172	161
620	2	168	154
617	0	166	148
615	1	166	155
622	4	161	159
618	0	162	151
614	0	163	144
619	3	160	146
614	5	163	150
619	9	163	152
610	6	170	149
617	14	170	151
609	8	174	150
622	16	175	152
614	9	179	152
623	21	182	153
631	28	183	154
622	19	188	156
627	26	189	156
619	23	193	156
631	34	196	157
640	45	196	157
649	53	195	157
657	60	194	156
666	66	193	155
659	56	196	155
663	53	198	155
668	50	200	154
679	60	201	154
670	50	205	155
684	58	207	155
673	51	211	155
688	58	215	156
698	62	215	157
689	50	220	157
656	41	217	156
648	35	215	154
664	45	212	155
678	37	211	154
671	43	207	155
685	36	206	154
675	31	205	152
691	39	201	153
683	36	196	149
674	33	195	146
687	40	192	148
698	35	192	147
710	45	189	148
700	37	190	147
712	46	189	148
724	39	189	147
716	47	188	147
729	43	189	146
720	52	189	146
732	44	189	145
723	53	190	144
735	48	191	143
747	59	191	142
759	68	191	142
769	64	191	141
759	73	192	141
750	67	193	139
738	62	195	137
749	75	196	135
738	69	197	133
747	83	198	131
630	111	194	134
