0.04391
0.0358
0.02684
0.02653
0.02654
0.031
0.03122
0.0324
0.03126
0.03101
0.03108
0.03103
0.031
0.03115
0.03065
0.03099
0.03119
0.03071
0.03066
0.03069
0.03084
0.03133
0.03126
0.03131
0.03129
0.03124
0.0312
0.03153
0.03101
0.0313
0.03123
0.03131
0.03106
0.03106
0.03116
0.0313
0.03113
0.03115
0.03251
0.03122
0.03108
0.0311
0.03115
0.03055
0.03106
0.03107
0.03055
0.03104
0.03246
0.03083
0.03122
0.0311
0.03075
0.03114
0.03106
0.03114
0.03121
0.0312
0.03123
0.03252
0.03129
0.03123
0.03118
0.03117
0.03113
0.03116
0.03112
0.03123
0.03126
0.03131
0.03041
0.03111
0.03035
0.03049
0.0303
0.03027
0.03037
0.02979
0.0302
0.03031
0.03068
0.03179
0.03081
0.03066
0.03112
0.03114
0.03107
0.03114
0.03111
0.03106
0.03182
0.03125
0.03111
0.03066
0.03064
0.0311
0.03116
0.02982
0.03126
0.03113
0.03064
0.03171
0.03259
0.03141
0.03105
0.03104
0.03112
0.03109
0.03111
0.03146
0.03106
0.03127
0.03133
0.03055
0.03111
0.03049
0.03088
0.03052
0.03099
0.03065
0.03107
0.03104
0.03114
0.03102
0.03099
0.03104
0.03108
0.03107
0.03116
0.03109
0.0315
0.03107
0.03125
0.03129
0.03107
0.03113
0.03111
0.03137
0.03126
0.03121
0.03117
0.03117
0.03193
0.0312
0.03159
0.03155
0.03175
0.03163
0.03164
0.03158
0.03162
0.03151
0.03167
0.03165
0.03158
0.0315
0.03156
0.03145
0.03161
0.03165
0.03163
0.03164
0.03176
0.03186
0.0317
0.0317
0.03189
0.03166
0.03169
0.03139
0.03135
0.03133
0.03136
0.03143
0.0315
0.0338
0.03428
0.0346
0.03388
0.03373
0.03403
0.03413
0.03368
0.03459
0.03428
0.03414
0.03413
0.03414
0.03365
0.03351
0.03364
0.03355
0.03378
0.03363
0.03364
0.03366
0.03364
0.03359
0.03343
0.03346
0.0335
0.03463
0.03532
0.03475
0.03372
0.03383
0.03384
0.03403
0.03372
0.03376
0.03381
0.03374
0.03401
0.03375
0.03372
0.03368
0.0333
0.03364
0.03362
0.0337
0.03364
0.03383
0.03393
0.03344
0.03369
0.03369
0.03366
0.03361
0.03338
0.0337
0.03366
0.03388
0.03406
0.0338
0.03346
0.03352
0.03352
0.0335
0.03375
0.03376
0.03422
0.03112
0.03083
0.03063
0.03062
0.03115
0.03112
0.03106
0.03105
0.03095
0.0309
0.03102
0.03099
0.03072
0.03138
0.03148
0.03014
0.03
0.03088
0.03067
0.03004
0.03005
0.03092
0.03157
0.0305
0.03051
0.03053
0.03047
0.03088
0.03139
0.03141
0.03124
0.03152
0.03149
0.03
0.03
0.03054
0.03052
0.03049
0.03052
0.03015
0.02933
0.02949
0.03007
0.02983
0.02935
0.02928
0.02951
0.02937
0.03016
0.03013
0.02953
0.03006
0.03002
0.03089
0.03057
0.02995
0.02996
0.0305
0.03045
0.03061
0.03085
0.03106
0.03062
0.03061
0.03017
0.03007
0.03001
