0.05824
0.03244
0.03682
0.0341
0.02987
0.03027
0.02994
0.0303
0.02967
0.03017
0.03009
0.02968
0.02967
0.02971
0.03018
0.02969
0.03058
0.02991
0.02966
0.03025
0.03028
0.03022
0.03024
0.03026
0.0303
0.02969
0.03042
0.0301
0.03046
0.02975
0.03024
0.03021
0.0298
0.03028
0.02976
0.03022
0.02975
0.03031
0.0305
0.03108
0.03016
0.03105
0.03113
0.03102
0.03094
0.03096
0.03097
0.03095
0.03113
0.0311
0.03249
0.03104
0.03094
0.03099
0.03099
0.03096
0.03101
0.0309
0.03096
0.03159
0.03123
0.031
0.03103
0.03091
0.03099
0.03088
0.03095
0.03097
0.0309
0.03151
0.03122
0.03108
0.03104
0.03092
0.03097
0.03095
0.0309
0.03091
0.03086
0.03107
0.0321
0.03108
0.03093
0.03092
0.03114
0.03091
0.03092
0.03099
0.03095
0.03094
0.0309
0.03192
0.03112
0.03103
0.03095
0.0309
0.03101
0.03094
0.03095
0.0317
0.03112
0.03136
0.03219
0.03058
0.03027
0.03022
0.02969
0.03019
0.03013
0.0302
0.03025
0.03017
0.0304
0.03024
0.03022
0.03023
0.03023
0.03029
0.03025
0.03026
0.03026
0.03042
0.02979
0.03019
0.03
0.02981
0.02981
0.02983
0.02983
0.0298
0.03022
0.03027
0.02981
0.03029
0.03046
0.03045
0.03032
0.0302
0.03022
0.03016
0.03016
0.03024
0.0303
0.03022
0.03028
0.03142
0.03044
0.03024
0.03027
0.03031
0.03023
0.03025
0.03029
0.03023
0.03027
0.0302
0.03052
0.03139
0.03058
0.0304
0.03024
0.03036
0.03035
0.03036
0.03029
0.03028
0.03043
0.03023
0.03036
0.03031
0.02974
0.0298
0.03034
0.03022
0.03032
0.02986
0.03027
0.03054
0.03032
0.03034
0.03115
0.03119
0.03103
0.031
0.03096
0.03101
0.03097
0.03099
0.03303
0.0312
0.03106
0.03114
0.03111
0.03097
0.03102
0.03113
0.03117
0.03115
0.0311
0.03134
0.03144
0.03141
0.0324
0.03046
0.03031
0.03025
0.03024
0.02979
0.03029
0.03001
0.03059
0.03041
0.03027
0.0303
0.03042
0.03027
0.03027
0.03033
0.0304
0.03029
0.0304
0.03057
0.02994
0.02995
0.02987
0.02989
0.03008
0.02988
0.02954
0.02949
0.02945
0.02989
0.02984
0.02953
0.02942
0.02949
0.02954
0.02993
0.03001
0.03002
0.03007
0.03001
0.03008
0.03024
0.03005
0.02996
0.03002
0.02994
0.02992
0.02989
0.03002
0.02996
0.02991
0.03007
0.03039
0.03003
0.02985
0.02997
0.02994
0.02993
0.0299
0.02989
0.0301
0.02984
0.02994
0.0301
0.03179
0.03007
0.02999
0.02994
0.03008
0.02993
0.02992
0.02998
0.02995
0.02994
0.03005
0.02959
0.02951
0.02954
0.0294
0.02948
0.02948
0.02945
0.02949
0.02942
0.02942
0.02972
0.02963
0.02965
0.0295
0.02944
0.02995
0.02996
0.02987
0.02986
0.03008
0.0299
0.03005
0.03008
0.02984
0.0302
0.03133
0.03036
0.02983
0.02979
0.03034
0.02985
0.03034
0.03054
0.03043
0.03028
0.03021
0.03026
0.03032
0.03034
0.03025
0.02989
0.02977
0.02993
0.03041
0.03033
0.03024
0.03024
0.03022
0.03024
0.03075
0.03029
0.03024
0.03019
0.03035
0.03038
0.03033
0.03016
0.03017
0.03027
0.03021
0.03027
0.03026
0.03038
0.03019
0.03073
0.03027
0.03103
0.03103
0.0311
0.03104
0.03107
0.03105
0.0302
0.03015
0.03016
0.03132
0.03049
0.03031
0.03029
0.03024
0.03018
0.03028
0.0303
0.03033
0.03019
0.03039
0.0303
0.03046
0.0298
0.03026
0.03025
0.03025
0.03023
0.03038
0.03004
0.02988
0.02975
0.03064
0.03088
0.02966
0.02985
0.02984
0.02976
0.02987
0.0299
0.0299
0.03
0.03006
0.03017
0.03005
0.02984
0.0304
0.03038
0.03032
0.02988
0.03048
0.02996
0.02981
0.03034
0.0302
0.03044
0.03009
0.03002
0.02996
0.03081
0.03768
0.0301
0.02997
0.02998
0.03096
0.03009
0.02987
0.02987
0.02995
0.02998
0.03029
0.02996
0.0299
0.02997
0.0298
0.03035
0.03003
0.02998
0.02996
0.02995
0.02988
0.02999
0.02994
0.03002
0.02944
0.02952
0.02976
0.02952
0.02944
0.02988
0.02992
0.03002
0.03
0.02994
0.03021
0.02997
0.02987
0.03013
0.03002
0.02989
0.02996
0.03
0.02991
0.03003
0.02987
0.02989
0.02983
0.03001
0.03033
0.03006
0.02993
0.02995
0.02997
0.02997
0.02995
0.02996
0.0299
0.02994
0.02996
0.0302
0.03006
0.02993
0.02996
0.02992
0.02995
0.02983
0.02987
0.02993
0.02996
0.02999
0.03018
0.03003
0.02989
0.03009
