0.06551
0.04437
0.04404
0.04208
0.03275
0.0326
0.03312
0.03486
0.03312
0.03271
0.03274
0.03291
0.03278
0.03273
0.03084
0.03323
0.03288
0.03086
0.03087
0.03085
0.03129
0.03097
0.03155
0.03034
0.03012
0.02965
0.02957
0.02923
0.02922
0.02924
0.0297
0.02959
0.02955
0.02921
0.02928
0.03
0.03279
0.03327
0.03273
0.03257
0.03258
0.03281
0.03297
0.03092
0.03133
0.03087
0.03282
0.03268
0.03281
0.03289
0.03289
0.03124
0.03294
0.03274
0.03436
0.03104
0.03088
0.03088
0.03122
0.03338
0.03085
0.03081
0.03076
0.03278
0.03276
0.03314
0.03282
0.03267
0.03276
0.03273
0.03277
0.03278
0.03337
0.03282
0.03082
0.03267
0.03097
0.03121
0.03099
0.03149
0.03125
0.03093
0.03272
0.03269
0.03283
0.03283
0.03374
0.0332
0.0328
0.03279
0.03283
0.03341
0.03117
0.03157
0.03117
0.03091
0.03091
0.03091
0.03081
0.03096
0.03297
0.03423
0.03326
0.03263
0.03273
0.03278
0.03279
0.03093
0.03135
0.03082
0.031
0.03081
0.03089
0.03077
0.03086
0.03146
0.03096
0.03086
0.03089
0.03275
0.0328
0.03304
0.03322
0.03259
0.041
0.04085
0.04079
0.04069
0.0425
0.04077
0.04083
0.04083
0.04076
0.04139
0.04708
0.04728
0.04706
0.04692
0.04683
0.04676
0.04709
0.0471
0.04685
0.04677
0.0472
0.0387
0.03875
0.0388
0.03852
0.03861
0.03853
0.03865
0.03869
0.03893
0.03673
0.03672
0.03879
0.03873
0.03879
0.03721
0.03696
0.03659
0.03678
0.03669
0.03694
0.03663
0.03729
0.03868
0.03674
0.03663
0.03674
0.03674
0.03744
0.03722
0.03671
0.03672
0.0367
0.03862
0.03677
0.03957
0.03677
0.03863
0.03627
0.03861
0.0388
0.03866
0.0392
0.03862
0.03868
0.03851
0.03852
0.03849
0.03946
0.03865
0.03869
0.03862
0.03682
0.03671
0.03861
0.03913
0.03846
0.03965
0.03911
0.03879
0.03853
0.03889
0.03859
0.03843
0.03857
0.03851
0.03861
0.03895
0.03916
0.03875
0.03898
0.03872
0.03843
0.03846
0.03894
0.03862
0.03846
0.03853
0.03848
0.03838
0.04803
0.03871
0.03855
0.03873
0.03842
0.0385
0.03854
0.0392
0.03855
0.03844
0.03856
0.03857
0.03864
0.03909
0.03913
0.03857
0.03857
0.03854
0.03827
0.03668
0.03905
0.03679
0.03679
0.03865
0.03874
0.03906
0.03888
0.0371
0.03678
0.03675
0.03674
0.03686
0.03673
0.03753
0.03647
0.03626
0.03685
0.03583
0.0368
0.03626
0.03727
0.03675
0.03687
0.03675
0.03674
0.03616
0.03676
0.03649
