0.06614
0.03142
0.02884
0.03108
0.02791
0.02761
0.02759
0.02763
0.02762
0.02769
0.02764
0.02759
0.0281
0.02795
0.02787
0.02775
0.02768
0.02759
0.02775
0.02764
0.02781
0.02771
0.02788
0.02783
0.02817
0.02785
0.02922
0.03412
0.03521
0.03407
0.03471
0.03457
0.03449
0.03144
0.03076
0.03131
0.03129
0.03053
0.03379
0.03312
0.03056
0.03302
0.03306
0.0335
0.03357
0.03039
0.03061
0.03026
0.03344
0.0332
0.0332
0.03269
0.03267
0.03261
0.03263
0.03338
0.03271
0.03272
0.03273
0.03269
0.03283
0.03269
0.03288
0.03287
0.03041
0.02997
0.03067
0.03061
0.03039
0.03054
0.02952
0.02988
0.02983
0.02987
0.02938
0.02933
0.02985
0.02974
0.0299
0.02993
0.02979
0.02943
0.03062
0.03018
0.0292
0.03016
0.02925
0.03011
0.0305
0.03054
0.03014
0.03007
0.03098
0.03065
0.0305
0.03058
0.03054
0.0306
0.03061
0.03053
0.02999
0.03091
0.03297
0.03055
0.03025
0.03013
0.03009
0.03005
0.03026
0.03011
0.03069
0.03061
0.03089
0.03014
0.03059
0.03038
0.0303
0.03049
0.03006
0.03053
0.03297
0.03332
0.03276
0.03314
0.03314
0.03317
0.03362
0.03336
0.03294
0.03285
0.03285
0.03279
0.03292
0.03338
0.03059
0.03049
0.03006
0.03096
0.03065
0.03011
0.03021
0.03038
0.03306
0.03278
0.03295
0.03288
0.03303
0.03281
0.03343
0.03008
0.03018
0.02933
0.02995
0.0292
0.02944
0.02939
0.02934
0.03019
0.02998
0.03062
0.03073
0.03062
0.03047
0.03056
0.03061
0.03336
0.033
0.03282
0.03286
0.03296
0.03308
0.03334
0.03324
0.03269
0.03299
0.033
0.03297
0.03305
0.03293
0.03292
0.03286
0.03311
0.03351
0.03258
0.03293
0.03295
0.03292
0.03294
0.03301
0.03248
0.03287
0.03291
0.03303
0.0333
0.03321
0.03316
0.03326
0.03337
0.03333
0.03324
0.03279
0.03412
0.03424
0.03371
0.03346
0.03318
0.03326
0.03264
0.03271
0.03402
0.03316
0.03355
0.03331
