0.04822
0.0354
0.03417
0.03519
0.03371
0.03159
0.03048
0.03354
0.03371
0.03372
0.03347
0.03336
0.03337
0.03444
0.03353
0.03341
0.03338
0.03347
0.03365
0.03387
0.03062
0.03055
0.03054
0.03056
0.03056
0.03063
0.03055
0.03053
0.03051
0.03056
0.03046
0.03059
0.0306
0.03045
0.03052
0.0335
0.03342
0.03334
0.03321
0.03254
0.03303
0.03251
0.03357
0.03369
0.0332
0.03261
0.03313
0.03333
0.03346
0.0305
0.03063
0.03058
0.03069
0.03061
0.03103
0.03077
0.03061
0.03065
0.03064
0.03051
0.03061
0.03061
0.0307
0.03064
0.03063
0.03097
0.03072
0.03085
0.03071
0.03068
0.03066
0.03064
0.03078
0.0307
0.03077
0.03355
0.03357
0.03355
0.03354
0.03321
0.03322
0.03326
0.03322
0.03319
0.03314
0.03328
0.03324
0.03273
0.03329
0.0335
0.03296
0.03299
0.03013
0.03067
0.02992
0.02954
0.02991
0.02993
0.02989
0.03001
0.03
0.03043
0.0305
0.03104
0.03077
0.03065
0.02988
0.02991
0.02982
0.02982
0.02997
0.02997
0.03012
0.03
0.02992
0.02992
0.0299
0.02991
0.03003
0.02978
0.0298
0.03065
0.0306
0.03065
0.0309
0.03064
0.03046
0.03055
0.03049
0.03052
0.03053
0.03049
0.03051
0.0306
0.03049
0.03079
0.03053
0.03049
0.0305
0.03058
0.03058
0.03063
0.03058
0.03049
0.03059
0.0306
0.03052
0.03097
0.03061
0.03059
0.03057
0.0305
0.03072
0.03067
0.03067
0.03068
0.0306
0.03067
0.03078
0.03076
0.03205
0.03092
0.03072
0.03071
0.03069
0.03078
0.03063
0.02983
0.02993
0.02992
0.02994
0.03021
0.03008
0.02991
0.02946
0.02961
0.02925
0.02929
0.0293
0.02928
0.02929
0.02931
0.02889
0.02946
0.02991
0.02935
0.02894
0.02885
0.02891
0.02898
0.02941
0.02923
0.0292
0.02927
0.02941
0.02937
0.02939
0.02897
0.02903
0.02903
0.02899
0.02932
0.02941
0.02931
0.02919
0.02905
0.02884
0.02872
0.02868
0.02856
0.02858
0.02866
0.02872
0.02868
0.02872
0.02856
0.02866
0.02912
0.02923
0.02958
0.02916
0.02906
0.029
0.02913
0.02895
0.02898
0.02924
0.02882
0.02929
0.02928
0.02924
0.02956
0.02943
0.02936
0.02928
0.02935
0.02956
0.02885
0.02917
0.02946
0.02959
0.02952
0.02955
0.02894
0.02929
0.02874
0.02879
0.02889
0.0286
0.02859
0.02909
0.02876
0.02904
0.02865
0.02915
0.03069
0.02924
0.02957
0.02903
0.02907
0.02876
0.02906
0.02881
0.02847
0.02848
0.02837
0.02904
0.02877
0.02878
0.02879
0.0291
0.02861
0.02865
0.02855
0.02857
0.02905
0.02915
0.02908
0.02905
0.02984
0.02992
0.02917
0.02913
0.02904
0.02903
0.02855
0.02865
0.02862
0.02863
0.02859
0.02864
0.03027
0.02876
0.02876
0.02921
0.02909
0.02902
0.02909
0.02916
0.02899
0.02858
0.02886
0.02935
0.02952
0.02918
0.02947
0.02908
0.02918
0.02913
0.0291
0.02918
0.02906
0.02917
0.02873
0.02859
0.02871
0.02872
0.0286
0.02864
0.02908
0.02911
0.02902
0.0286
0.02865
0.02858
0.02906
0.02862
0.02872
0.02891
0.02915
0.02915
0.02907
0.02915
0.02897
0.02911
0.02899
0.02908
0.02845
0.02863
0.02852
0.02888
0.02916
0.02915
0.0291
0.02913
0.02917
0.02907
0.02919
0.02911
0.02921
0.02918
0.02869
0.02899
0.02863
0.02866
0.02864
0.02869
0.02858
0.0292
0.02929
0.02914
0.02913
0.02913
