0.04552
0.0304
0.03033
0.03002
0.02918
0.02914
0.02902
0.02896
0.02897
0.02899
0.02904
0.02926
0.02905
0.02907
0.02904
0.02908
0.02928
0.02928
0.02917
0.02905
0.02915
0.02923
0.0292
0.02908
0.02926
0.0291
0.02893
0.02954
0.02924
0.02896
0.02909
0.02901
0.029
0.02911
0.02892
0.02906
0.0291
0.02913
0.0297
0.02921
0.02908
0.02912
0.02903
0.02901
0.029
0.02895
0.02901
0.02908
0.029
0.02907
0.02942
0.02919
0.02905
0.02901
0.02897
0.02897
0.02907
0.0286
0.02867
0.02857
0.02867
0.03005
0.02928
0.02879
0.02894
0.02882
0.02896
0.0292
0.02901
0.02891
0.02883
0.02903
0.03096
0.03269
0.02884
0.02902
0.02905
0.02906
0.02906
0.0297
0.02921
0.0287
0.02914
0.02887
0.02935
0.02916
0.02897
0.02896
0.029
0.02895
0.02889
0.02892
0.02892
0.02894
0.02958
0.02976
0.02928
0.02904
0.02898
0.02891
0.02909
0.02943
0.03921
0.03199
0.02923
0.02901
0.02947
0.02951
0.0292
0.02916
0.02913
0.02916
0.02913
0.02906
0.02908
0.02916
0.02917
0.02933
0.02943
0.02921
0.02909
0.02918
0.0293
0.02915
0.02914
0.02899
0.02891
0.02888
0.0294
0.02917
0.02894
0.02888
0.02886
0.02891
0.02908
0.02885
0.02893
0.02894
0.02886
0.02938
0.02908
0.02886
0.02895
0.02888
0.02951
0.02903
0.02946
0.02897
0.02896
0.02889
0.02896
0.02943
0.02895
0.02882
0.02881
0.02887
0.02882
0.02888
0.02888
0.02891
0.02898
0.0291
0.0292
0.02891
0.02895
0.02889
0.02885
0.02884
0.02894
0.02895
0.02886
0.0289
0.0289
0.02932
0.02919
0.02894
0.02886
0.0289
0.02895
0.02884
0.02885
0.02886
0.02895
0.0289
0.03062
0.02941
0.02904
0.02906
0.02894
0.02881
0.02884
0.02888
0.0289
0.02887
0.02886
0.02898
0.0292
0.02889
0.0289
0.0289
0.02893
0.02938
0.02978
0.0292
0.02905
0.02885
0.02897
0.02949
0.02889
0.0289
0.02883
0.02878
0.0289
0.02885
0.02882
0.02933
0.02886
0.02888
0.02932
0.02907
0.02892
0.02892
0.02883
0.02883
0.02882
0.02877
0.02889
0.02881
0.02885
0.02949
0.02919
0.02877
0.02897
0.02877
0.02883
0.02893
0.02883
0.02883
0.02885
0.02886
0.02891
0.02902
0.02906
0.02896
0.02886
0.02879
0.02885
0.02881
0.02885
0.02887
0.02892
0.02878
0.02939
0.02915
0.02894
0.0289
0.02894
0.02905
0.02893
0.02889
0.02892
0.02888
0.02889
0.02958
0.02918
0.02888
0.02892
0.02882
0.02887
0.02894
0.02891
0.029
0.02889
0.0288
0.02899
0.0291
0.029
0.02894
0.02904
0.02906
0.029
0.02892
0.02897
0.02899
0.02902
0.0291
0.02926
0.02916
0.02906
0.02899
0.02894
0.02899
0.02892
0.02904
0.02905
0.02902
0.02901
0.03047
0.02947
0.02909
0.02909
0.04143
0.02965
0.02945
0.02922
0.02921
0.0292
0.02917
0.02961
0.02942
0.02918
0.02917
0.0291
0.02897
0.02907
0.02909
0.02917
0.02909
0.02915
0.02926
0.0295
0.02909
0.02915
0.02939
0.02911
0.02909
0.02914
0.02911
0.02906
0.02915
0.02923
0.02937
0.02919
0.02915
0.02918
0.02911
0.02913
0.02913
0.02916
0.0291
0.02919
0.02922
0.02941
0.02942
0.02908
0.02918
0.02918
0.02925
0.02916
0.02907
0.02921
0.02912
0.02911
0.02998
0.02937
0.02916
0.02921
0.0291
0.02909
0.02917
0.02911
0.02902
0.02928
0.02928
0.02948
0.02938
0.02914
0.02915
0.02938
0.02906
0.02902
0.02905
0.02903
0.02908
0.02913
0.02931
0.02977
0.02922
0.02908
0.02908
0.02902
0.02902
0.02896
0.02916
0.02915
0.02913
0.02907
0.02928
0.02934
0.02903
0.02894
0.02899
0.02887
0.02887
0.02892
0.02886
0.02882
0.02884
0.02915
0.0292
0.02896
0.04129
0.02934
0.02915
0.02907
0.02937
0.03484
0.03499
0.03507
0.03516
0.03456
0.03454
0.03439
0.0343
0.03424
0.03421
0.03429
0.0347
0.03419
0.03461
0.03392
0.03393
0.03388
0.03387
0.03372
0.03373
0.03372
0.03371
0.03486
0.0344
0.03381
0.03376
0.03371
0.03372
0.03377
0.03373
0.03368
0.03367
0.03363
0.03393
0.03387
0.03361
0.03358
0.03356
0.03366
0.03372
0.03375
0.03402
0.03385
0.03393
0.03398
0.03369
0.03373
0.03375
0.03377
0.03374
0.03374
0.03368
0.0337
0.03456
0.03397
0.03367
0.03371
0.03372
0.03368
0.0337
0.03356
0.03365
0.03369
0.03432
0.03391
0.03358
0.03365
0.03352
0.03359
0.03354
0.03361
0.03347
0.0335
0.03476
0.03384
0.03345
0.03362
0.03354
0.03383
0.03357
0.03357
0.03349
0.03354
0.03411
0.03361
0.03349
0.03358
0.03346
0.03348
0.03352
0.03359
0.03364
0.03367
0.03437
0.03417
0.03432
0.03459
0.03404
0.03362
0.03356
0.03367
0.0336
0.03371
0.03397
0.03416
0.03386
0.03484
0.03389
0.03405
0.03368
0.03384
0.03363
0.03369
0.03368
0.03398
0.03388
0.03365
0.03363
0.03376
0.03479
0.03369
0.03319
0.03364
0.03359
0.03406
0.03396
0.0337
0.03369
0.03325
0.03379
0.03375
0.03384
0.03369
0.03362
0.03426
0.03411
0.03373
0.03385
0.03336
0.03377
0.03332
0.03375
0.03441
0.03376
0.03488
0.03354
0.03332
0.03333
0.03383
0.03384
0.0338
0.03375
0.03328
0.03333
0.03469
0.03422
0.03386
0.03385
0.03399
0.0335
0.03337
0.03343
0.03342
0.03386
0.03411
0.03419
0.03397
0.03399
0.03397
0.03404
0.03398
0.03392
0.03392
0.03381
0.03435
0.03403
0.03393
0.03389
0.03383
0.03375
0.03392
0.03371
0.03376
0.0336
0.03372
0.0337
0.03362
0.03362
0.03363
0.03346
0.03357
0.03357
0.03319
0.03298
0.03307
0.03391
0.04081
0.03471
0.03295
0.03312
0.03293
0.03361
0.03303
0.03297
0.03339
0.03355
0.03314
0.03314
0.03296
0.03344
0.03307
0.03358
0.03301
0.033
0.03353
0.03383
0.03383
0.03326
0.03351
0.03345
0.03353
0.03362
0.03359
0.03292
0.03306
0.03426
0.03363
0.03366
0.0331
0.03347
0.03354
0.03349
0.03345
0.03348
0.03357
0.03421
0.03376
0.03346
0.03347
0.03342
0.03346
0.03351
0.03333
0.03292
0.03339
0.03354
0.03353
0.03337
0.03338
0.03328
0.03335
0.03336
0.0329
0.033
0.03293
0.03294
0.03322
0.03295
0.033
0.03288
0.0329
0.03298
0.03293
0.03284
0.03292
0.033
0.03358
0.03301
0.03345
0.03337
0.0334
0.03336
0.03344
0.03327
0.03326
0.03332
0.03382
0.03357
0.03337
0.03336
0.03338
0.03342
0.03331
0.03332
0.03335
0.03333
0.03361
0.03351
0.0333
0.03328
0.03334
0.03326
0.03327
0.03329
0.03332
0.03391
0.03384
0.03399
0.03333
0.03336
0.03331
0.03326
0.03335
0.03325
0.03329
0.03323
0.03343
0.03358
0.03333
0.03322
0.0333
0.03326
0.03279
0.03337
0.03333
0.0335
0.03353
0.03323
0.03328
0.03336
0.03297
0.03305
0.03315
0.03312
0.03311
0.03329
0.0331
0.03377
0.03342
0.03303
0.03316
0.03303
0.03298
0.03305
0.03302
0.03292
0.03291
0.03333
0.0334
0.03311
0.03304
0.03309
0.03305
0.03306
0.03306
0.0331
0.03297
0.03298
0.03305
0.0329
0.03297
0.03318
0.03297
0.03294
0.03296
0.03298
0.03297
0.03307
0.03333
0.03321
0.03294
0.03293
0.03294
0.03298
0.03302
0.03293
0.03293
0.03297
0.0337
0.03311
0.03299
0.03294
0.03295
0.03295
0.03341
0.03299
0.03293
0.03283
0.03293
0.03303
0.03283
0.03297
0.03294
0.03276
0.03299
0.03295
0.03297
0.03279
0.03307
0.03316
0.0329
0.03286
0.03286
0.03288
0.033
0.03361
0.03372
0.03329
0.0331
0.0334
0.03336
0.03299
0.0329
0.03293
0.03288
0.03277
0.03281
0.03298
0.03288
0.03474
0.03319
0.03282
0.03272
0.03287
0.0329
0.03284
0.03283
0.03281
0.03304
0.03417
0.03315
0.03278
0.0328
0.03289
0.03322
0.03294
0.03278
0.03289
0.03332
0.03393
0.03372
0.03347
0.0334
0.03335
0.03342
0.03338
0.03337
0.03344
0.03333
0.03338
0.03344
0.0333
0.0333
0.0333
0.03329
0.03348
0.03355
0.03351
0.0335
0.03419
0.03388
0.03351
0.03365
0.03359
0.03355
0.03347
0.03356
0.03352
0.03534
0.03606
0.03367
0.03352
0.03374
0.03346
0.0335
0.03345
0.03349
0.03353
0.03356
0.03369
0.03399
0.0335
0.03353
0.03381
0.03355
0.03353
0.03351
0.03351
0.03361
0.03385
0.03393
0.0338
0.03571
0.03376
0.03348
0.03368
0.0338
0.03371
0.03366
0.03411
0.03412
0.03388
0.03365
0.03352
0.03364
0.03506
0.03909
0.03695
0.03677
0.03572
0.03385
0.03388
0.03378
0.03371
0.03364
0.03361
0.03369
0.03373
0.03375
0.03477
0.03414
0.03379
0.03377
0.03384
0.03395
0.03384
0.0338
0.03377
0.03381
0.03474
0.03414
0.03392
0.03394
0.03389
0.03388
0.03387
0.03385
0.03382
0.03386
0.03453
0.03413
0.03384
0.03402
0.03377
0.03375
0.03383
0.0338
0.03376
0.03379
0.034
0.03411
0.03389
0.03379
0.03385
0.03397
0.03381
0.03374
0.03386
0.03395
0.03358
0.03404
0.03379
0.03382
0.03375
0.03395
0.03378
0.03406
0.0338
0.03385
0.034
0.03408
0.03383
0.03382
0.03388
0.03379
0.03331
0.0338
0.03381
0.03406
0.03363
0.03362
0.03376
0.03406
0.03446
0.03344
0.03339
0.03374
0.03375
0.03383
0.03397
0.03403
0.03372
0.03366
0.03373
0.03365
0.03371
0.03376
0.03366
0.03325
0.03399
0.03348
0.03323
0.03333
0.03373
0.03325
0.03368
0.03427
0.03394
0.0336
0.03339
0.03349
0.03366
0.0337
0.03318
0.03344
0.0332
0.03366
0.03331
0.03327
0.03413
0.03365
0.03345
0.03323
0.03373
0.03326
0.03314
0.03344
0.03373
0.0334
0.03406
0.03387
0.03316
0.03375
0.03365
0.03322
0.03317
0.03374
0.03423
0.03416
0.03359
0.03373
0.03387
0.0339
0.03384
0.03388
0.03391
0.03385
0.03338
0.03397
0.03455
0.03416
0.03385
0.03392
0.03395
0.03337
0.0339
0.0339
0.0339
0.03382
0.03446
0.0338
0.03334
0.03405
0.03404
0.03389
0.03394
0.03339
0.03383
0.03384
0.03439
0.03389
0.03332
0.03388
0.03385
0.03421
0.03345
0.03334
0.03343
0.03341
0.034
0.03355
0.03358
0.03358
0.03362
0.03341
0.03343
0.03376
0.03359
0.03345
0.03422
0.03359
0.03338
0.0334
0.03337
0.03341
0.03331
0.03346
0.03344
0.03362
0.03373
0.03356
0.03339
0.03336
0.0334
0.03338
0.0421
0.03406
0.03355
