0.04238
0.02652
0.02488
0.03196
0.02444
0.02419
0.02416
0.02522
0.0242
0.02412
0.02416
0.02422
0.0241
0.02464
0.02935
0.02939
0.02945
0.02949
0.02948
0.03023
0.02955
0.02945
0.02948
0.02941
0.02941
0.02941
0.02946
0.0295
0.02944
0.02941
0.03021
0.02959
0.02954
0.02899
0.02898
0.02891
0.02894
0.02887
0.02888
0.0289
0.02896
0.02923
0.02946
0.02947
0.02942
0.02944
0.02942
0.02949
0.02951
0.02953
0.02949
0.02944
0.02949
0.02968
0.02957
0.02948
0.02904
0.02898
0.02902
0.02889
0.02876
0.02883
0.02894
0.02896
0.02962
0.02896
0.02887
0.02883
0.0288
0.02887
0.02888
0.02881
0.02877
0.02884
0.02878
0.02889
0.02953
0.0298
0.02892
0.02895
0.02886
0.02898
0.0289
0.02891
0.02889
0.02886
0.02888
0.02945
0.02907
0.02892
0.02873
0.02869
0.02873
0.02879
0.02969
0.02879
0.02881
0.02924
0.02929
0.02953
0.02952
0.02986
0.03041
0.02967
0.02947
0.02934
0.02926
0.02932
0.02977
0.02946
0.02961
0.02938
0.02946
0.02936
0.02948
0.02938
0.02936
0.02944
0.02924
0.0294
0.0294
0.02944
0.02976
0.02956
0.02936
0.02968
0.02943
0.02937
0.02911
0.02897
0.02908
0.02897
0.02891
0.02973
0.02983
0.02955
0.0294
0.03001
0.02952
0.02934
0.02934
0.02941
0.02944
0.02882
0.02885
0.02915
0.02937
0.02937
0.02929
0.02887
0.02934
0.02884
0.02913
0.02875
0.02935
0.02924
0.02926
0.02972
0.02891
0.02879
0.02873
0.02862
0.0287
0.02869
0.02872
0.02869
0.02881
0.02878
0.02878
0.02909
0.02884
0.02872
0.02885
0.02998
0.03186
0.0311
0.02919
0.02864
0.02869
0.02869
0.02957
0.02883
0.02875
0.0289
0.02933
0.02875
0.02874
0.02936
0.02884
0.02874
0.02873
0.02881
0.02914
0.03021
0.02888
0.02891
0.02875
0.02894
0.02891
0.02878
0.02885
0.02923
0.02996
0.02974
0.02889
0.02882
0.02885
0.0287
0.02866
0.02886
0.02881
0.02888
0.02888
0.02877
0.02944
0.0289
0.02919
0.02893
0.02881
0.02876
0.02873
0.02878
0.02885
0.02888
0.02891
0.02897
0.02911
0.02896
0.02888
0.02885
0.02882
0.02937
0.02935
0.02927
0.02938
0.02934
0.02936
0.02966
0.02885
0.02898
0.02892
0.02882
0.02896
0.02896
0.02895
0.02894
0.02883
0.02884
0.02901
0.02922
0.02956
0.02941
0.02945
0.02942
0.02941
0.02881
0.02932
