0.04272
0.02632
0.03031
0.03029
0.02964
0.02917
0.02879
0.02882
0.02847
0.02844
0.02888
0.02898
0.02896
0.02851
0.02889
0.02859
0.02863
0.02855
0.02864
0.02866
0.02867
0.02861
0.02869
0.02886
0.02878
0.02867
0.02869
0.02868
0.02868
0.02863
0.02855
0.02881
0.02884
0.02884
0.02892
0.02881
0.02868
0.02861
0.02875
0.02865
0.02858
0.02861
0.02856
0.02856
0.02853
0.02857
0.02845
0.0292
0.02898
0.02857
0.02856
0.02862
0.0286
0.02861
0.02856
0.02862
0.02871
0.02863
0.02863
0.02879
0.02871
0.02859
0.02855
0.02878
0.02861
0.02858
0.02859
0.02862
0.02868
0.0286
0.02882
0.02911
0.02894
0.02881
0.02885
0.02882
0.02877
0.02875
0.0289
0.02886
0.02876
0.02933
0.02891
0.02878
0.02884
0.02869
0.0287
0.02865
0.02861
0.02863
0.02856
0.02863
0.02864
0.02862
0.02859
0.02876
0.02868
0.02855
0.02873
0.02936
0.02863
0.02909
0.03343
0.03139
0.02873
0.02866
0.02989
0.02884
0.02867
0.02861
0.02859
0.02858
0.02855
0.02851
0.02876
0.02879
0.02874
0.02877
0.02977
0.02893
0.02897
0.02882
0.02881
0.02892
0.02876
0.02881
0.0288
0.02886
0.02881
0.02854
0.02986
0.02867
0.02858
0.02854
0.02889
0.0286
0.02862
0.02858
0.02864
0.02855
0.0285
0.02857
0.02906
0.02873
0.02853
0.02853
0.02863
0.02852
0.02874
0.02864
0.02864
0.02878
0.02902
0.02887
0.02925
0.02891
0.02879
0.0288
0.02875
0.02875
0.02876
0.02871
0.02878
0.02928
0.02909
0.0288
0.03001
0.02917
0.02878
0.0288
0.0289
0.0289
0.02882
0.02888
0.02887
0.02879
0.02885
0.02911
0.02951
0.02897
0.02889
0.02911
0.02905
0.02906
0.02911
0.02912
0.02887
0.0286
0.02856
0.02859
0.02895
0.02876
0.0287
0.02875
0.02865
0.02865
0.02864
0.02871
0.02944
0.0291
0.02906
0.02939
0.02996
0.02921
0.02873
0.02876
0.02874
0.02874
0.02887
0.02862
0.02857
0.0286
0.0286
0.02865
0.02885
0.02876
0.02876
0.02882
0.02894
0.02865
0.02874
0.02861
0.02869
0.02854
0.0288
0.0288
0.02901
0.0291
0.02855
0.02868
0.02878
0.02867
0.02866
0.02865
0.02873
0.02874
0.02871
0.02876
0.02896
0.02917
0.02868
0.02865
0.02874
0.02874
0.02866
0.02859
0.02869
0.02865
0.02872
0.02882
0.02901
0.02897
0.0289
0.02875
0.02863
0.02906
0.02864
0.02871
0.02897
0.02899
0.02892
0.02898
0.02893
0.02898
0.02885
0.02889
