0.04079
0.02683
0.02446
0.02485
0.02373
0.02417
0.02918
0.0291
0.02945
0.02912
0.02903
0.02902
0.02913
0.02907
0.02904
0.02908
0.02915
0.02863
0.02865
0.02904
0.02865
0.02849
0.02856
0.02856
0.02857
0.02857
0.02849
0.02856
0.02854
0.02853
0.0289
0.02859
0.02862
0.02867
0.02853
0.02858
0.02863
0.02852
0.02862
0.02862
0.02859
0.02904
0.02863
0.02862
0.02861
0.02851
0.02854
0.02869
0.02904
0.029
0.02889
0.02842
0.02924
0.0285
0.02861
0.02856
0.02863
0.02843
0.02904
0.02894
0.02908
0.0291
0.02886
0.02905
0.02927
0.02918
0.02916
0.02857
0.02933
0.02872
0.02872
0.02874
0.02879
0.02874
0.02891
0.02851
0.02839
0.02867
0.02837
0.02845
0.02846
0.02859
0.0291
0.02855
0.02868
0.02859
0.02853
0.02853
0.02853
0.02856
0.02853
0.0285
0.02852
0.02875
0.02844
0.02867
0.02867
0.02861
0.02859
0.02861
0.02851
0.02905
0.02907
0.0289
0.0286
0.02846
0.02898
0.02875
0.02854
0.02852
0.02891
0.02849
0.02856
0.02845
0.02853
0.02864
0.02862
0.0289
0.02872
0.02862
0.02866
0.02855
0.02859
0.02865
0.02857
0.02849
0.02847
0.02871
0.02891
0.02873
0.02856
0.02854
0.02844
0.02854
0.02842
0.02846
0.02847
0.02852
0.03121
0.029
0.02842
0.02825
0.0284
0.02841
0.02846
0.02838
0.02839
0.02834
0.02846
0.02844
0.02898
0.02865
0.02849
0.02841
0.02843
0.02839
0.0285
0.02844
0.0283
0.02848
0.02847
0.02888
0.0287
0.0285
0.02842
0.02844
0.02888
0.02841
0.02846
0.02844
0.02851
0.02849
0.02868
0.02863
0.02853
0.02852
0.02859
0.02851
0.02852
0.02851
0.02854
0.0285
0.02851
0.02893
0.02862
0.02885
0.02849
0.02871
0.02863
0.02851
0.0285
0.02839
0.02835
0.02841
0.02886
0.02865
0.02841
0.02852
0.02857
0.02856
0.02844
0.02879
0.02962
0.02887
0.02852
0.02882
0.02869
0.02863
0.02855
0.02849
0.0285
0.02857
0.02839
0.02841
0.02855
0.02862
0.02875
0.02864
0.02855
0.02835
0.02895
0.02891
0.02893
0.02885
0.029
0.02906
0.02899
0.0293
0.02865
0.02937
0.02903
0.02915
0.02901
0.02843
0.02872
0.02859
0.0284
0.02854
0.02883
0.02861
0.02851
0.02912
0.02905
0.02848
0.02849
0.0285
0.029
0.02891
0.02848
0.02885
0.02858
0.02859
0.02894
0.0289
0.02912
0.02906
0.02859
0.02893
0.02841
0.02888
0.02868
0.02854
0.02842
0.02846
0.02845
0.02839
0.02841
0.0285
0.0285
0.02838
0.02922
0.02867
0.02912
0.02891
0.02897
0.02896
0.02902
0.02896
0.02898
0.02888
0.02883
0.02957
0.02909
0.02893
0.02908
0.02867
0.0284
0.02838
0.02849
0.02892
0.02895
0.02902
0.0287
0.0292
0.0285
0.02854
0.0286
0.0285
0.02845
0.02862
0.02852
0.03723
0.0291
0.02869
0.02851
0.02856
0.02867
0.0285
0.02897
0.02889
0.02904
0.02913
0.02894
0.02881
0.02855
0.02895
0.02847
0.02901
0.02896
0.02851
0.02852
0.02844
0.02841
0.02839
0.02902
0.02865
0.02847
0.02841
0.02839
0.02846
0.02847
0.02844
0.02856
0.02856
0.02844
0.02923
0.02851
0.02848
0.02896
0.02846
0.02827
0.02848
0.02843
0.02855
0.02864
0.02849
0.02888
0.02853
0.02845
0.02852
0.02884
0.0284
0.02841
0.02845
0.02841
0.02842
0.02847
0.02887
0.02855
0.02848
0.02849
0.02857
0.0284
0.02841
0.02846
0.02846
0.02841
0.02846
0.02873
0.02857
0.02841
0.02849
0.02862
0.02836
0.02837
0.02847
0.0284
0.02846
0.02843
0.02879
0.0285
0.02849
0.02849
0.02824
0.02843
0.02848
0.02835
0.02842
0.02847
0.02855
0.02877
0.0285
0.02839
0.02851
0.0286
0.02851
0.02823
0.02848
0.02851
0.0289
0.02844
0.0289
0.02893
0.02861
0.02862
0.0285
0.02847
0.02834
0.02834
0.02838
0.02842
0.02857
0.02866
0.02878
0.02848
0.02842
0.02839
0.02849
0.02837
0.02835
0.02957
0.02836
0.02851
0.02909
0.02906
0.02937
0.02892
0.02896
0.02884
0.02898
0.02891
0.02888
0.02892
0.029
0.02912
0.02892
0.02884
0.02898
0.02886
0.02894
0.02884
0.02883
0.02912
0.02903
0.02895
0.02857
0.02894
0.02889
0.02893
0.02886
0.02891
0.02905
0.02888
0.02893
0.02884
0.02919
0.02901
0.02891
0.02843
0.02844
0.02882
0.02839
0.02891
0.02836
0.02866
0.02839
0.02904
0.02865
0.02845
0.02857
0.02843
0.02851
0.02839
0.02852
0.02846
0.02845
0.0285
0.0287
0.02861
0.02854
0.0284
0.02842
0.02838
0.02859
0.02897
0.02887
0.0289
0.02892
0.02861
0.02924
0.02906
0.02904
0.02887
0.02851
0.02851
0.02834
0.02844
0.02848
0.02847
0.02923
0.02911
0.02937
0.0325
0.03349
0.03186
0.03183
0.03165
0.03128
0.03118
0.03157
0.03018
0.02902
0.02906
0.02905
0.02902
0.02907
0.02899
0.02902
0.02897
0.02901
0.02922
0.02971
0.02904
0.02948
0.02945
0.02898
0.02904
0.029
0.02976
0.02896
0.02907
0.02921
0.02906
0.02897
0.02898
0.02901
0.02892
0.02905
0.02907
0.02945
0.02889
0.02915
0.02892
0.02904
0.02896
0.029
0.02899
0.02912
0.0291
0.02902
0.0292
0.02905
0.02902
0.02913
0.0291
0.0291
0.02904
0.02906
0.02889
0.02885
0.02902
0.0291
0.02902
0.02912
0.02904
0.02891
0.0291
0.02911
0.02901
0.02899
0.02893
0.02905
0.02908
0.029
0.02904
0.02909
0.02899
0.02891
0.02896
0.02904
0.02893
0.02905
0.02906
0.02951
0.02947
0.02962
0.02911
0.02947
0.02941
0.02954
0.02891
0.02946
0.02897
0.02898
0.02908
0.02952
0.0292
0.02961
0.02903
0.02902
0.02898
0.02928
0.02936
0.02923
0.029
0.02913
0.02901
0.02983
0.02911
0.02905
0.02889
0.02894
0.02891
0.02895
0.02896
0.02891
0.02896
0.02907
0.02938
0.02908
0.02906
0.029
0.02891
0.02894
0.02895
0.02894
0.02889
0.02895
0.02896
0.02937
0.02904
0.02894
0.02898
0.0292
0.02899
0.02899
0.02901
0.02938
0.0295
0.02906
0.03037
0.0291
0.02894
0.02902
0.02899
0.02891
0.0292
0.02947
0.02944
0.029
0.02894
0.02986
0.02914
0.02892
0.02893
0.02902
0.02893
0.02902
0.02888
0.0292
0.02902
0.02895
0.02927
0.02906
0.02895
0.02904
0.02909
0.029
0.02951
0.0289
0.02899
0.02901
0.02923
0.02923
0.02903
0.02904
0.0289
0.02898
0.02899
0.02903
0.0289
0.02891
0.02916
0.02904
0.02933
0.02939
0.02907
0.02904
0.02898
0.02901
0.02909
0.02894
0.02903
0.02903
0.02933
0.02983
0.02972
0.02909
0.0289
0.0289
0.02895
0.03862
0.02958
0.02924
0.02904
0.02992
0.0296
0.02949
0.02953
0.02911
0.02892
0.0291
0.02901
0.02903
0.02961
0.0295
0.0297
0.02915
0.02913
0.02921
0.02906
0.02948
0.0294
0.02952
0.02914
0.02904
0.02902
0.0295
0.02918
0.02911
0.02902
0.02911
0.0295
0.02901
0.02895
0.02909
0.02972
0.02893
0.02935
0.02951
0.02895
0.02888
0.02947
0.02904
0.02901
0.02896
0.02992
0.02911
0.02912
0.02976
0.02958
0.029
0.02896
0.029
0.02898
0.02895
0.02905
0.02904
0.02902
0.02903
0.02922
0.0291
0.02914
0.02905
0.02908
0.02898
0.02908
0.02911
0.0291
0.02908
0.02905
0.02933
0.02893
0.02906
0.02905
0.02906
0.02894
0.02913
0.02902
0.02928
0.02898
0.02908
0.02931
0.02917
0.02894
0.02909
0.02911
0.02901
0.02921
0.02897
0.02912
0.02907
0.02895
0.02928
0.02904
0.0291
0.02901
0.02895
0.02899
0.02894
0.02888
0.03864
0.03337
0.0316
0.03123
0.0284
0.02844
0.02861
0.02839
0.02851
0.02831
0.02848
0.02842
0.02932
0.02922
0.02858
0.02848
0.02846
0.02849
0.02844
0.02892
0.02901
0.02854
0.02847
0.02836
0.02933
0.02863
0.02883
0.02934
0.02902
0.0285
0.02848
0.02832
0.02891
0.02896
0.02919
0.02899
0.02851
0.02901
0.029
0.02886
0.02892
0.02936
0.02896
0.02901
0.02886
0.02889
0.02964
0.0291
0.02888
0.02895
0.02894
0.02888
0.02892
0.02934
0.03053
0.02909
0.02889
0.02984
0.02909
0.02897
0.0291
0.0289
0.029
0.02891
0.02897
0.02858
0.02867
0.02863
0.02959
0.02921
0.02915
0.02926
0.02869
0.02867
0.02859
0.02912
0.0284
0.0291
0.02889
0.02908
0.02859
0.0286
0.0285
0.02851
0.02859
0.02847
0.02851
0.02869
0.02854
0.02892
0.029
0.02903
0.02903
0.02852
0.02841
0.02846
0.02858
0.02854
0.02852
0.02903
0.0295
0.02995
0.02884
0.02907
0.02911
0.02895
0.0285
0.02842
0.0284
0.02839
0.02852
0.02896
0.02959
0.02935
0.02856
0.02857
0.02845
0.02832
0.02862
0.02901
0.02887
0.02852
0.02847
0.02851
0.02872
0.02891
0.0289
0.02889
0.02907
0.02897
0.02902
0.02901
0.02923
0.02905
0.02906
0.02882
0.02872
0.02847
0.02857
0.02841
0.02859
0.02853
0.02853
0.0286
0.02867
0.02853
0.02908
0.02862
0.02848
0.02853
0.02851
0.02837
0.02841
0.0286
0.02892
0.02903
0.02855
0.02905
0.02867
0.02854
0.0285
0.02853
0.02854
0.02841
0.02861
0.02881
0.02881
0.02848
0.02907
0.02872
0.02864
0.02852
0.0286
0.02844
0.02848
0.02857
0.02851
0.02864
0.02856
0.02861
0.0285
0.02843
0.02845
0.02844
0.02844
0.0285
0.0285
0.02857
0.02937
0.02858
0.0287
0.02869
0.02906
0.02861
0.0286
0.02848
0.02863
0.02857
0.02872
0.02858
0.02887
0.02983
0.02902
0.02861
0.02854
0.02842
0.02904
0.02888
0.02898
0.02896
0.02901
0.02884
0.02906
0.02918
0.02901
0.0291
0.02844
0.02843
0.02852
0.02844
0.02849
0.02853
0.02848
0.02859
0.02893
0.02851
0.0285
0.02888
0.02842
0.02847
0.02836
0.02841
0.02843
0.02843
0.02846
0.02872
0.02836
0.02847
0.02853
0.02828
0.02842
0.02853
0.02901
0.02891
0.02905
0.02893
0.02869
0.02852
0.0284
0.02845
0.02844
0.02835
0.0289
0.02833
0.02854
0.02847
0.02897
0.02914
0.02902
0.02895
0.02844
0.02839
0.02886
0.02927
0.02836
0.02842
0.0284
0.02901
0.02909
0.02895
0.02892
0.02893
0.02901
0.02898
0.0285
0.02853
0.0293
0.02858
0.029
0.02915
0.02918
0.0285
0.02844
0.02845
0.02863
0.02852
0.02848
0.02856
0.02854
0.02855
0.02879
0.0285
0.02905
0.02868
0.02908
0.02892
0.02843
0.0286
0.0286
0.02899
0.02906
0.03543
0.02872
0.02855
0.02901
0.02906
0.02891
0.02897
0.02907
0.02903
0.02851
0.02975
0.02919
0.02909
0.02886
0.02896
0.02893
0.02854
0.02896
0.029
0.02911
0.02891
0.02925
0.02915
0.02916
0.02901
0.02927
0.0289
0.02902
0.02896
0.02908
0.02905
0.02869
0.02953
0.02871
0.02842
0.02851
0.0285
0.02855
0.02859
0.0286
0.0285
0.02853
0.02855
0.02974
0.02889
0.02909
0.0287
0.02876
0.0287
0.02852
0.02849
0.0285
0.02852
0.02857
0.02958
0.02868
0.02857
0.02859
0.02862
0.02839
0.02844
0.02846
0.02839
0.02846
0.02851
0.02926
0.02862
0.02862
0.02849
0.02849
0.02854
0.02854
0.02896
0.02898
0.02898
0.02909
0.02954
0.02903
0.02893
0.02853
0.02849
0.02896
0.02912
0.02895
0.03084
0.02901
0.02894
0.02916
0.02914
0.02853
0.0285
0.02867
0.02862
0.02867
0.02902
0.02862
0.02898
0.02888
0.02918
0.02938
0.02974
0.02891
0.0285
0.0285
0.02846
0.02848
0.02849
0.02854
0.02853
0.02883
0.02863
0.02852
0.02844
0.02855
0.02838
0.02853
0.02843
0.02852
0.02851
0.02853
0.0288
0.02861
0.02849
0.02856
0.02858
0.02849
0.02845
0.02847
0.02833
0.02844
0.02853
0.02876
0.02851
0.0284
0.02901
0.02892
0.02841
0.02854
0.02856
0.02847
0.0285
0.02855
0.02891
0.02855
0.02851
0.0284
0.02899
0.02889
0.02891
0.02841
0.02853
0.0286
0.02842
0.02953
0.02863
0.02848
0.02853
0.0284
0.02836
0.02853
0.02845
0.02894
0.02858
0.02894
0.02924
0.02857
0.02869
0.02899
0.02848
0.02866
0.02851
0.02857
0.02854
0.02848
0.02868
0.02904
0.02866
0.02857
0.02848
0.02854
0.02912
0.02887
0.02857
0.02866
0.02866
0.0289
0.02892
0.02875
0.02841
0.0286
0.02853
0.02867
0.02885
0.02966
0.03401
0.02918
0.02853
0.02932
0.0291
0.02929
0.02932
0.02869
0.02858
0.02864
0.02859
0.0286
0.02859
0.0286
0.02886
0.0287
0.02844
0.02855
0.02854
0.02863
0.02846
0.02859
0.02853
0.02863
0.02842
0.02913
0.02861
0.02914
0.02849
0.02856
0.02855
0.02844
0.02854
0.02851
0.02845
0.02852
0.02928
0.02859
0.02844
0.02904
0.02848
0.02869
0.0284
0.02842
0.02852
0.02845
0.02847
0.02929
0.02864
0.02857
0.02847
0.02846
0.02842
0.02883
