0.0467
0.02917
0.035
0.03422
0.03056
0.03086
0.03043
0.03034
0.02998
0.03045
0.03003
0.03048
0.03006
0.03002
0.03058
0.03002
0.03003
0.03032
0.03062
0.03001
0.03003
0.03002
0.03014
0.0301
0.0301
0.03007
0.03017
0.02998
0.03007
0.02937
0.02924
0.03303
0.03275
0.03276
0.03265
0.03276
0.0328
0.03277
0.03263
0.0329
0.0329
0.03289
0.03257
0.03265
0.03258
0.03263
0.03249
0.0326
0.03257
0.03265
0.03256
0.03278
0.03269
0.03573
0.03258
0.0324
0.03241
0.03244
0.03249
0.03206
0.03242
0.03238
0.03275
0.03271
0.0325
0.03257
0.03272
0.03298
0.02967
0.02969
0.03019
0.03311
0.03266
0.03326
0.03292
0.03263
0.03285
0.03265
0.0327
0.03288
0.03278
0.03274
0.03259
0.0326
0.03276
0.03289
0.03249
0.03254
0.03251
0.03271
0.03263
0.03265
0.03261
0.03276
0.03268
0.03295
0.03281
0.03261
0.03276
0.0326
0.03258
0.03316
0.04118
0.03313
0.03345
0.03258
0.03328
0.03293
0.03244
0.03246
0.03254
0.0326
0.03243
0.03221
0.03264
0.03277
0.03255
0.03362
0.03259
0.03257
0.03256
0.03251
0.03245
0.03264
0.03265
0.03247
0.03248
0.0326
0.03334
0.03292
0.03256
0.03264
0.03257
0.0326
0.03247
0.03256
0.03229
0.03236
0.03222
0.03345
0.03254
0.03276
0.03309
0.0327
0.03269
0.03307
0.03273
0.03283
0.03273
0.03279
0.03418
0.03303
0.03282
0.03286
0.03261
0.03271
0.0326
0.03267
0.03271
0.03263
0.03251
0.03277
0.03264
0.03337
0.03265
0.03248
0.03249
0.03251
0.03204
0.03226
0.03252
0.0326
0.03305
0.02999
0.02958
0.02966
0.02996
0.02955
0.02963
0.02993
0.0326
0.02996
0.03228
0.03275
0.03286
0.0328
0.03249
0.03301
0.03233
0.03247
0.03244
0.03258
0.03238
0.03252
0.03249
0.03317
0.03308
0.03263
0.03235
0.03257
0.03261
0.033
0.03346
0.03302
0.03256
0.03256
0.03351
0.03318
0.03256
0.0324
0.03248
0.03261
0.03261
0.03283
0.03266
0.03242
0.03265
0.03269
0.0329
0.03237
0.0325
0.0325
0.03244
0.03279
0.03271
0.03255
0.03219
0.03237
0.03249
0.03274
0.03236
0.03267
0.03254
0.0329
0.03278
0.03252
0.03302
0.03279
0.0326
0.03278
0.03241
0.03277
0.03223
0.03236
0.03247
0.03278
0.03226
0.03276
0.03281
0.03264
0.03275
0.03321
0.03288
0.03301
0.03282
0.03226
0.03266
0.03242
0.0326
0.03263
0.03248
0.03252
0.03274
0.03278
0.03281
0.03262
0.03273
0.03265
0.03248
0.03241
0.0328
0.03245
0.03285
0.03255
0.03298
0.03409
0.03254
0.03263
0.03262
0.03274
0.03271
0.03268
0.03265
0.03305
0.03271
0.03243
0.03265
0.03242
0.03282
0.03253
0.03288
0.03259
0.03278
0.03244
0.03287
0.03254
0.03312
0.03321
0.0325
0.03249
0.0324
0.04106
0.03322
0.03362
0.0325
0.03359
0.03252
0.03279
0.03258
0.03228
0.03267
0.03235
0.03306
0.03279
0.03241
0.03281
0.03247
0.03294
0.03286
0.03279
0.03254
0.03245
0.03252
0.03249
0.0326
0.03292
0.03235
0.03291
0.03281
0.03263
0.03263
0.03266
0.03266
0.0326
0.03257
0.0327
0.0326
0.03266
0.03268
0.0328
0.03287
0.03271
0.0331
0.02968
0.03005
0.03277
0.03249
0.03275
0.0327
0.03284
0.033
0.03291
0.03298
0.03303
0.02967
0.02977
0.02969
0.02972
0.03002
0.03274
0.0326
0.03293
0.03295
0.03265
0.03312
0.03004
0.02998
0.02994
0.0299
0.02963
0.02994
0.03302
0.03287
0.03007
0.02969
0.02997
0.03003
0.02974
0.0298
0.0298
0.02971
0.02976
0.02983
0.0301
0.02953
0.02957
0.02941
0.02961
0.02937
0.02936
0.02941
0.03005
0.0301
0.03015
0.03018
0.03023
0.03078
0.03039
0.03006
0.03027
0.02959
0.02984
0.03148
0.03059
0.02915
0.02874
0.02927
0.02935
0.02965
0.02942
0.02934
0.02952
0.02933
0.02936
0.02959
0.02935
0.03015
0.03011
0.03013
0.03014
0.03047
0.03007
0.0331
0.03299
0.0327
0.03333
0.03337
0.03358
0.03057
0.03047
0.03044
0.03073
0.03074
0.03066
0.03056
0.03001
0.02999
0.03011
0.03004
0.03058
0.03066
0.03066
0.02993
0.02993
0.03005
0.03004
0.03063
0.02975
0.02976
0.02982
0.02988
0.0298
0.02947
0.02901
0.02912
0.02878
0.02944
0.02926
0.02915
0.02923
0.02922
0.02918
0.0292
0.0293
0.0293
0.02893
0.0294
0.02896
0.02872
0.02886
0.02944
0.02959
0.02908
0.02916
0.02929
0.02924
0.02879
0.03524
0.02958
0.02868
0.02909
0.02877
0.02864
0.02853
0.02861
0.02904
0.02912
0.02902
0.02937
0.02972
0.03005
0.02944
0.0293
0.02912
0.02901
0.02895
0.02903
0.02851
0.02866
0.02867
0.02868
0.02897
0.02923
0.02913
0.02924
0.02885
0.02913
0.02909
0.02906
0.02907
0.02859
0.02866
0.02859
0.0291
0.02937
0.02926
0.02912
0.02918
0.02859
0.02907
0.02904
0.02907
0.02916
0.02912
0.02922
0.02935
0.02939
0.0292
0.02934
0.02931
0.02878
0.02928
0.02929
0.02921
0.02949
0.02927
0.02906
0.0295
0.02952
0.02997
0.02932
0.02937
0.0295
0.02945
0.03008
0.03028
0.03015
0.03008
0.03007
0.03096
0.03025
0.03303
0.03003
0.02998
0.03009
0.03006
0.03004
0.03005
0.0306
0.03043
0.03023
0.03038
0.03071
0.03011
0.03068
0.03061
0.03007
0.03009
0.03061
0.03075
0.03023
0.03009
0.03154
0.03031
0.03012
0.03079
0.02944
0.03077
0.03069
0.03009
0.03016
0.03014
0.03061
0.03112
0.03038
0.03038
0.03061
0.03064
0.0301
0.03068
0.03061
0.03054
0.03055
0.03012
0.03008
0.03102
0.03078
0.03022
0.03005
0.03004
0.0301
0.03047
0.03114
0.03019
0.03021
0.03006
0.03091
0.0308
0.0303
0.03067
0.0301
0.03057
0.03014
0.03014
0.0302
0.03073
0.0307
