917	373	69	79
917	372	69	80
917	369	68	82
918	369	67	82
919	368	66	82
919	367	66	82
920	367	65	82
919	367	66	81
919	365	66	83
920	366	65	81
918	365	67	82
919	365	68	83
919	363	68	83
919	364	67	82
919	364	69	82
919	363	68	83
918	363	69	82
917	363	70	82
918	363	70	83
915	362	72	83
916	362	71	84
915	359	72	86
914	359	71	85
915	358	71	85
914	358	71	85
912	358	72	85
912	357	72	85
912	357	71	85
910	355	72	86
908	356	73	86
907	356	75	85
905	356	76	84
904	356	78	85
903	356	80	84
900	355	82	85
900	354	84	85
899	354	87	85
899	354	87	85
899	353	88	85
898	352	89	86
894	353	94	85
896	353	93	85
896	352	94	85
896	352	94	85
892	352	98	86
893	351	98	84
894	351	97	84
892	351	100	83
891	351	100	84
891	351	100	84
890	351	100	83
889	351	100	83
888	351	101	83
888	351	101	83
887	350	101	83
886	350	102	83
884	350	102	83
883	351	101	84
882	350	101	83
881	350	101	83
880	350	102	84
879	349	102	83
878	349	101	82
878	349	101	83
877	349	100	83
876	349	99	82
874	349	101	83
873	349	101	82
871	349	101	82
871	349	100	82
871	348	100	81
869	348	101	81
868	348	101	82
866	348	102	82
867	348	101	82
864	348	102	81
862	349	104	81
861	349	104	81
860	350	105	81
858	350	105	81
858	350	105	81
857	351	105	81
856	351	106	82
854	351	107	82
853	351	107	83
853	352	108	82
850	352	109	82
848	353	110	83
846	352	112	83
847	353	110	83
844	353	111	83
842	354	113	83
841	355	113	84
840	355	114	84
839	355	114	83
836	356	115	84
835	356	115	84
834	357	115	84
833	358	114	84
830	358	116	85
831	358	114	84
830	360	113	84
826	359	116	85
824	359	115	84
822	361	115	84
822	361	114	84
820	362	113	83
820	363	112	84
817	363	113	84
816	363	114	85
814	364	114	85
814	364	115	86
814	364	115	86
813	364	116	86
813	366	116	86
810	365	119	87
809	366	120	85
809	367	120	85
808	367	120	86
806	368	123	86
805	368	123	88
804	367	124	86
805	369	122	90
801	369	127	92
801	370	127	89
799	369	128	92
799	371	128	92
798	370	128	93
798	371	128	93
797	371	128	93
795	371	129	89
794	372	130	95
794	372	130	93
793	373	130	89
793	374	129	88
793	374	128	85
795	375	127	84
793	375	127	86
792	375	128	84
792	377	129	84
790	377	130	85
790	377	129	85
791	379	129	85
788	380	131	87
787	380	131	86
787	380	130	86
788	382	131	86
785	383	134	88
783	382	137	88
782	385	137	88
780	384	139	92
780	386	139	89
779	386	140	88
778	387	141	91
778	387	141	92
779	388	141	91
778	388	142	90
779	388	141	92
780	389	140	91
779	389	141	93
778	390	142	91
780	390	142	92
779	390	141	94
778	390	144	95
778	390	144	96
779	390	144	95
776	390	147	96
776	392	146	95
777	391	145	97
776	391	145	96
776	392	145	97
775	392	145	99
775	394	145	99
773	394	146	99
774	394	145	99
772	396	147	98
771	396	146	100
771	397	145	98
771	398	145	98
770	399	145	98
766	399	148	98
767	401	146	97
768	401	145	97
768	401	145	99
767	402	145	100
765	403	147	99
764	403	147	100
764	403	148	102
764	404	148	103
765	405	147	105
764	406	148	106
764	406	147	107
761	406	150	106
761	407	150	106
762	408	150	105
760	408	150	105
758	408	152	107
757	408	152	109
758	410	151	109
754	410	154	109
756	411	153	108
753	412	154	109
753	413	153	109
752	413	154	111
751	414	155	111
750	415	155	112
749	415	154	111
748	417	156	112
745	417	157	111
745	419	158	111
744	419	156	111
744	420	157	111
743	421	157	111
742	422	158	110
740	423	160	111
741	423	159	111
739	424	160	110
738	424	161	111
737	424	161	110
737	425	162	110
737	428	162	109
736	426	163	111
737	429	163	109
734	427	166	111
736	430	165	108
734	429	167	111
734	429	165	111
735	432	166	109
733	432	168	112
734	432	167	111
733	432	168	111
734	434	168	109
734	435	168	110
734	435	169	111
734	436	168	109
733	436	169	110
733	436	170	109
733	436	169	110
733	438	170	109
733	437	170	110
733	438	171	110
734	436	171	111
734	438	171	110
734	437	172	112
734	437	171	112
735	436	171	113
736	436	172	113
736	436	171	113
735	436	172	113
737	436	172	114
737	435	172	115
736	435	173	115
737	436	171	116
738	436	171	116
738	436	171	117
738	436	172	118
737	436	171	118
738	437	171	119
738	438	172	119
737	439	172	120
736	440	174	121
736	440	172	121
736	441	173	122
736	443	173	122
736	444	173	124
736	445	174	124
735	446	175	126
735	447	175	126
735	448	175	128
735	450	174	127
737	451	173	127
737	453	174	127
737	455	175	128
738	455	175	129
739	457	175	129
741	458	176	130
742	460	176	131
743	461	176	131
747	463	173	131
747	464	172	130
750	465	171	131
750	466	173	133
752	468	172	131
753	468	173	132
754	470	174	132
755	470	174	131
756	471	175	132
756	472	175	133
758	473	175	133
759	472	176	134
760	473	175	132
761	473	176	134
762	473	175	134
764	473	174	134
764	474	175	136
765	475	176	136
766	475	176	138
768	474	175	139
769	474	175	140
770	474	175	140
771	473	176	142
770	473	177	143
771	474	177	142
773	474	177	145
775	474	177	145
776	472	176	147
777	473	176	146
778	473	176	149
779	473	177	149
779	472	177	152
782	471	177	152
780	471	180	152
781	471	180	151
781	470	182	152
783	469	181	151
781	469	184	153
787	469	179	153
784	468	184	153
787	468	181	153
788	470	181	152
784	468	187	151
788	469	183	149
785	468	187	150
790	468	182	147
784	468	188	150
790	468	181	147
784	468	188	149
789	468	184	146
785	468	187	148
786	468	186	148
785	468	188	146
785	468	187	148
787	468	185	145
787	469	185	144
789	469	183	143
788	469	183	140
788	469	183	138
786	468	184	138
786	468	184	137
786	468	184	136
784	466	186	136
784	466	185	134
782	466	187	132
781	467	188	129
781	467	189	126
782	468	187	124
781	468	186	123
781	470	186	119
782	470	185	116
778	471	189	116
779	470	187	115
778	467	188	116
778	466	189	117
777	464	190	117
776	463	191	118
776	463	189	117
776	463	188	116
775	463	189	116
775	464	187	114
775	464	186	116
776	466	186	115
775	468	184	113
775	468	184	114
774	472	184	111
775	476	181	109
776	480	179	106
776	482	178	105
776	485	177	105
775	487	176	104
774	488	175	103
774	489	175	105
774	491	173	104
774	493	173	106
775	493	172	108
774	494	171	108
773	495	170	109
773	496	168	109
773	497	168	110
773	498	166	111
774	499	165	112
774	499	163	112
774	500	161	113
776	499	159	113
777	500	157	114
778	500	155	116
779	501	153	116
780	501	152	116
781	500	151	117
782	502	148	117
783	501	147	120
785	502	146	120
787	503	143	121
788	503	141	124
789	504	138	124
790	504	135	126
792	504	132	128
793	505	129	131
793	506	129	132
794	507	126	132
794	509	124	132
796	509	121	134
796	512	118	132
797	512	115	133
799	514	113	134
800	515	112	134
801	516	108	135
803	517	106	136
804	517	103	137
805	518	100	137
807	519	98	138
807	519	95	138
808	520	93	139
809	519	91	140
810	520	89	142
811	521	86	142
811	520	85	143
812	520	82	143
813	521	80	143
813	522	77	144
814	521	76	144
814	521	73	145
815	522	71	145
814	521	70	146
815	523	68	145
815	524	66	145
816	525	64	146
816	527	63	145
817	528	61	145
818	529	59	144
819	530	58	145
820	530	56	145
820	532	56	146
821	533	55	144
821	534	55	145
822	536	56	145
823	537	55	144
825	537	55	144
825	539	56	144
826	540	55	144
826	541	56	144
827	542	55	144
827	542	56	145
828	543	55	145
828	545	55	145
828	546	55	145
829	547	54	144
829	548	53	145
830	549	51	145
831	550	50	145
831	550	48	146
831	552	48	147
832	551	47	146
832	553	46	147
833	553	45	147
832	554	44	147
834	556	43	145
834	556	43	146
834	556	44	147
834	557	46	146
835	557	47	148
835	557	46	147
836	557	47	149
835	557	48	150
836	557	50	150
835	556	52	151
836	557	54	152
837	558	56	149
837	559	57	149
837	558	59	149
838	558	62	148
838	557	64	148
838	557	66	149
837	557	69	151
837	556	70	152
837	555	74	156
836	555	76	154
836	555	80	152
836	554	81	153
836	553	82	150
835	552	84	149
836	551	89	147
836	548	90	148
836	547	90	148
836	545	97	147
836	544	98	146
836	542	103	145
836	541	105	147
837	538	108	146
837	537	117	144
837	535	120	144
837	533	123	146
837	531	129	146
833	529	136	148
837	527	140	147
834	526	143	148
835	523	149	149
835	521	151	150
835	520	155	151
835	518	158	149
836	516	159	149
835	515	164	150
834	514	169	149
833	513	173	149
833	512	179	148
832	511	184	149
832	509	187	148
832	509	187	149
834	506	190	149
834	506	192	149
834	505	198	148
835	504	200	147
834	503	203	146
835	502	206	144
834	501	206	144
834	501	209	144
834	500	212	142
832	499	215	144
832	499	218	142
832	498	219	141
831	497	220	140
831	496	221	142
830	495	222	141
829	494	223	142
829	494	223	141
831	491	222	142
832	491	220	142
833	491	217	142
833	489	217	142
834	488	215	143
837	487	212	143
838	485	211	145
839	484	211	145
840	481	210	148
840	479	208	152
842	478	207	152
842	477	207	151
844	476	205	151
846	473	204	152
848	472	202	151
847	468	202	153
850	468	199	151
850	466	199	153
851	465	198	152
853	464	197	152
853	462	197	153
853	462	197	154
857	461	194	155
857	461	194	156
860	460	192	156
860	458	192	157
864	459	188	158
862	458	191	158
868	457	187	157
869	456	187	157
870	455	189	159
872	455	187	158
875	454	187	159
875	452	189	159
877	451	191	160
877	449	192	162
878	447	196	161
877	446	198	164
877	445	198	164
877	443	199	165
878	442	199	165
877	441	202	166
875	440	204	166
875	439	206	167
874	438	209	169
873	437	211	169
872	436	213	167
869	435	216	167
868	434	220	168
866	432	223	168
865	431	224	167
866	431	226	166
867	428	227	167
866	428	230	169
865	426	235	167
866	426	237	171
865	424	240	167
864	423	242	172
864	422	246	168
864	420	248	170
864	420	251	168
864	417	253	168
863	416	257	170
865	414	258	170
862	412	263	168
863	412	264	170
862	411	268	170
863	407	269	171
862	407	273	173
864	405	276	176
864	403	279	176
865	403	279	176
865	401	282	175
865	400	283	174
866	399	286	175
867	398	287	175
868	396	289	176
870	395	286	175
871	392	289	175
873	393	289	175
875	390	286	176
877	389	288	176
880	387	290	176
880	388	296	175
882	385	296	176
882	383	301	176
881	382	306	176
881	379	308	175
880	377	315	176
879	376	315	175
881	374	316	175
880	371	322	176
879	371	326	174
881	369	324	174
881	367	325	174
883	367	326	173
882	365	326	173
883	363	329	174
883	363	327	173
884	360	332	174
883	358	334	173
884	356	336	174
885	354	331	173
885	353	335	175
886	350	328	175
885	347	331	176
885	344	333	178
885	340	331	179
885	335	331	181
885	331	332	183
884	327	335	185
882	326	334	186
883	322	332	187
881	318	332	191
881	316	332	191
883	313	328	192
883	310	328	192
883	309	328	192
885	308	325	190
887	306	326	190
888	304	327	192
888	301	326	192
891	301	328	193
892	299	328	192
894	297	325	195
894	298	325	194
893	295	329	195
894	295	331	194
895	293	330	194
893	291	336	193
894	290	335	195
893	289	334	195
892	288	337	194
890	285	340	194
890	286	338	194
890	283	339	195
891	282	335	196
891	280	338	196
891	280	338	197
890	278	332	198
891	277	327	200
893	275	328	202
892	274	325	202
891	273	323	203
890	272	324	204
890	273	320	205
890	272	322	206
890	274	323	204
889	273	323	205
888	273	319	206
887	274	321	205
887	273	319	206
886	275	318	205
886	275	321	206
887	275	319	205
886	277	320	207
886	277	318	205
886	277	317	205
886	276	315	204
884	276	315	207
883	276	313	205
884	276	310	206
884	275	311	208
881	276	315	207
878	276	320	208
876	275	326	208
874	273	327	210
872	273	325	210
871	274	327	212
869	275	326	211
867	272	326	215
868	273	324	215
869	272	321	217
868	271	320	219
867	269	318	220
866	268	320	221
867	266	318	222
869	265	314	225
872	265	309	225
873	262	312	228
875	259	312	228
877	259	314	229
878	256	316	230
882	256	308	230
888	255	310	229
888	255	306	230
893	254	304	230
895	253	302	230
900	252	304	230
902	254	300	229
906	252	299	231
907	256	301	228
909	255	299	228
911	257	299	229
912	258	294	227
915	259	295	229
916	260	295	228
914	262	292	227
914	260	294	227
914	261	294	226
915	261	294	227
912	261	298	228
917	261	295	228
916	261	298	229
919	260	295	228
919	260	299	228
922	261	293	226
919	261	296	227
923	261	295	227
926	260	295	229
927	260	296	228
927	261	299	229
927	259	300	229
932	259	296	229
934	260	298	229
935	259	296	229
940	257	296	229
943	257	287	230
945	258	291	227
951	257	282	228
954	256	279	228
954	256	279	227
956	255	277	230
958	255	275	229
961	256	272	229
964	255	271	229
963	255	273	228
964	256	270	227
964	256	272	227
964	255	274	226
962	255	274	225
963	254	275	225
962	253	276	225
960	253	277	225
962	252	276	225
961	255	277	223
960	254	278	222
960	253	278	221
962	254	275	221
962	253	272	220
961	254	274	220
962	254	272	220
962	255	272	219
963	254	270	220
962	254	268	219
964	255	266	218
963	256	267	217
964	255	265	218
965	255	264	218
969	255	259	217
969	255	256	216
970	255	255	217
973	254	253	216
972	253	253	218
973	252	250	218
977	251	247	218
979	251	247	218
978	252	247	217
982	252	244	218
984	251	243	216
983	251	246	218
986	252	243	217
987	251	244	220
988	251	241	218
988	251	242	217
989	252	242	220
987	253	245	219
984	255	251	220
984	255	248	218
982	257	253	216
981	258	249	217
978	258	252	216
978	259	250	215
976	260	255	215
979	260	253	215
976	260	254	216
978	260	249	216
976	261	253	216
977	260	253	217
976	261	253	218
976	260	253	219
977	259	251	220
978	259	250	219
978	259	248	220
981	257	244	219
984	258	240	220
986	258	239	219
986	258	237	220
991	258	236	220
993	257	234	220
994	255	244	221
998	257	235	221
1000	257	242	219
1004	257	236	220
1010	259	230	218
1010	261	232	218
1012	260	230	221
1013	261	228	220
1014	262	228	220
1010	263	233	221
1008	263	234	222
1006	264	239	221
1002	263	239	223
1000	262	243	224
998	264	248	224
994	264	251	224
996	265	252	225
994	266	251	226
993	266	249	226
992	267	249	226
992	268	250	225
992	266	252	227
991	265	250	227
991	267	247	227
991	267	248	226
991	268	249	226
991	269	249	226
991	270	245	226
991	271	244	227
993	272	242	226
991	272	242	228
993	272	239	228
994	272	238	229
997	273	236	229
997	273	236	231
1000	275	232	230
1005	275	229	231
1007	275	224	229
1009	274	228	232
1011	271	220	231
1017	272	227	233
1017	272	226	229
1018	272	224	231
1021	272	221	231
1021	272	217	229
1025	271	214	229
1024	270	216	232
1022	269	218	234
1021	269	218	232
1017	268	221	234
1013	267	222	234
1010	266	225	235
1009	264	223	234
1007	263	224	234
1005	261	229	233
1001	259	231	237
1004	260	230	232
1000	257	227	235
1004	260	222	230
1000	258	225	230
1003	256	218	231
1001	255	213	231
1004	256	205	231
1003	255	205	232
1001	255	204	230
1000	253	205	231
1003	253	199	230
1008	254	195	228
1011	253	193	229
1014	253	193	231
1017	253	192	230
1018	253	184	230
1020	253	182	229
1022	253	182	229
1023	251	179	230
1024	252	181	230
1024	251	185	231
1023	252	179	231
1024	253	185	229
1024	252	174	230
1020	254	188	227
1018	254	179	229
1016	255	184	227
1013	254	190	229
1010	253	182	229
1011	256	187	226
1009	255	188	227
1006	255	195	227
1005	258	193	226
1006	253	189	231
1003	258	193	226
1005	257	190	228
1008	257	186	227
1006	259	182	226
1009	262	185	223
1009	258	179	227
1009	265	173	222
1008	266	184	221
1009	267	170	223
1010	270	178	220
1009	269	173	223
1011	272	167	221
1012	274	165	220
1015	272	164	223
1017	272	162	224
1017	274	161	223
1020	277	156	222
1021	273	154	227
1020	280	155	221
1022	279	153	222
1026	280	150	218
1023	283	152	219
1026	284	149	218
1028	284	148	217
1029	287	147	214
1030	288	147	214
1030	289	149	214
1029	289	149	214
1026	291	152	212
1025	293	155	213
1026	295	153	211
1024	296	157	211
1024	296	156	212
1023	298	159	210
1021	302	162	210
1023	302	160	209
1021	304	162	209
1020	307	160	210
1021	308	159	208
1020	310	159	211
1021	312	159	208
1020	312	160	210
1021	314	158	208
1021	316	158	208
1020	318	158	207
1020	319	158	208
1019	320	158	209
1020	322	155	208
1021	323	155	209
1020	324	155	210
1021	325	153	208
1021	325	153	210
1021	327	154	210
1020	328	155	207
1024	329	151	208
1024	330	152	207
1025	331	151	205
1026	333	149	204
1031	332	144	202
1032	332	144	202
1031	332	145	202
1031	334	142	202
1032	335	142	202
1032	333	143	202
1032	335	143	201
1031	334	144	202
1028	334	145	199
1026	332	148	198
1022	332	149	197
1018	332	153	199
1013	331	155	199
1010	329	155	199
1006	329	160	197
1003	328	160	198
1000	326	164	200
997	326	168	198
994	324	166	199
994	323	170	199
991	323	168	199
990	322	170	198
988	321	172	200
986	320	171	198
984	320	174	199
980	319	177	197
980	318	178	198
978	318	180	197
976	316	183	200
975	315	183	196
977	316	183	198
975	315	183	197
975	314	183	196
975	316	183	196
976	316	179	192
975	314	179	193
973	313	181	194
973	314	180	193
970	313	181	194
966	313	185	191
963	314	186	190
955	312	194	192
954	313	195	191
948	312	198	192
945	310	201	188
939	311	203	190
937	311	207	187
934	312	208	185
931	311	211	185
931	310	213	187
929	311	210	183
927	312	213	183
924	312	216	183
923	312	216	182
921	313	217	181
921	315	217	179
918	316	219	175
917	316	218	175
915	317	220	174
913	317	223	173
911	316	224	175
907	318	228	176
909	320	225	173
907	318	227	177
907	320	227	175
907	321	225	174
907	321	224	175
908	322	224	173
907	323	224	170
907	322	222	170
908	323	222	169
906	324	222	169
904	324	223	172
903	325	223	167
898	325	226	171
896	326	228	168
893	327	231	167
887	327	237	166
885	328	238	165
882	329	240	164
878	329	243	164
877	330	243	163
875	329	245	165
872	330	246	166
871	330	246	165
867	330	247	166
866	331	246	168
865	332	246	169
864	333	245	168
863	334	244	170
864	335	243	170
862	334	244	173
861	334	245	172
860	334	244	173
861	331	242	174
861	331	243	175
862	332	241	175
859	328	242	178
860	329	242	178
859	327	242	180
858	325	239	183
859	324	240	182
858	324	240	184
859	323	236	184
859	321	234	186
859	320	232	186
859	318	230	188
860	317	229	187
859	316	228	189
858	314	230	190
857	314	233	192
859	314	231	193
860	311	231	194
859	310	231	195
859	310	230	194
859	309	230	195
861	308	227	195
861	308	228	196
860	308	229	197
861	308	227	196
859	308	230	197
857	307	232	197
855	307	236	198
853	307	237	200
851	306	238	199
849	307	241	198
846	306	241	200
840	305	249	203
840	303	250	205
838	302	252	206
836	302	251	204
836	300	254	204
839	299	245	205
840	297	247	205
839	296	246	208
840	296	247	206
840	293	247	210
842	291	244	212
843	289	243	213
843	288	242	213
843	285	243	215
841	282	243	218
839	283	245	216
841	281	246	219
841	276	244	224
840	274	245	226
843	272	242	229
845	270	240	229
847	270	236	226
849	268	232	225
850	266	233	226
849	265	233	228
846	262	237	228
846	260	237	227
844	258	239	229
841	257	242	228
839	256	248	227
834	253	252	230
835	251	255	231
829	251	258	229
829	248	260	233
827	246	261	235
828	247	263	232
825	244	263	233
824	247	268	229
825	242	269	235
823	245	261	232
825	242	269	233
821	240	259	236
822	240	277	238
823	244	262	235
822	239	270	242
822	246	267	235
821	246	270	236
821	248	266	237
821	248	268	238
823	249	269	238
824	247	269	241
824	249	263	242
826	249	261	243
828	251	266	243
828	249	267	244
828	245	265	251
832	256	259	241
831	248	274	251
831	250	265	248
828	255	270	243
827	254	270	247
827	256	273	244
822	254	277	246
819	255	278	247
817	258	277	242
812	257	284	246
809	258	280	247
806	260	289	246
801	259	281	247
798	260	288	245
795	263	293	243
790	261	296	244
786	259	300	247
783	261	302	247
785	249	299	260
781	259	303	249
781	260	304	247
782	253	303	252
778	258	303	247
780	246	306	257
778	262	311	241
777	259	307	243
778	259	305	243
779	258	305	241
780	256	305	244
781	258	305	241
782	250	304	247
782	247	306	250
780	247	310	250
779	247	309	248
781	247	307	248
785	245	303	250
786	237	306	258
786	240	306	251
789	238	307	253
790	238	303	252
791	236	304	252
792	233	303	255
793	232	303	255
791	232	304	251
788	229	306	251
787	228	310	251
787	228	309	247
783	227	314	248
781	223	315	251
780	221	314	249
779	218	312	249
777	220	317	246
774	215	318	249
770	213	322	247
771	209	319	249
771	207	320	251
773	205	321	250
774	203	320	250
776	201	317	250
777	200	316	251
780	186	315	265
742	142	350	308
726	155	368	299
618	116	473	336
595	88	490	367
594	96	492	357
764	148	333	307
768	139	326	311
787	162	303	289
785	172	311	274
785	173	313	269
789	171	312	271
786	171	313	266
791	173	308	259
792	174	305	256
794	175	305	252
794	171	307	256
799	173	305	251
797	170	309	255
798	169	308	253
794	166	318	256
796	166	316	254
793	164	319	255
794	168	321	253
795	165	322	253
799	166	317	250
793	167	324	249
793	168	322	247
789	167	327	250
787	166	326	251
787	167	328	250
786	168	333	250
784	166	336	251
786	171	336	247
786	171	332	245
788	172	324	248
788	174	325	243
786	175	329	243
790	176	323	245
791	179	324	243
783	178	334	245
786	177	329	247
783	179	328	246
782	178	328	248
787	182	323	243
785	182	321	244
793	187	315	240
793	188	316	238
797	189	310	240
799	191	312	237
806	192	302	238
808	192	298	235
808	194	292	237
808	195	298	236
811	197	308	235
814	195	297	234
816	197	311	232
816	199	307	232
818	201	311	231
817	197	308	234
818	199	314	233
818	200	305	233
817	199	316	235
819	200	306	234
813	201	310	234
816	198	310	236
820	195	296	243
817	189	307	249
820	190	292	244
820	196	300	241
821	186	296	252
825	183	290	254
827	188	288	246
827	189	289	245
829	186	290	250
834	179	286	257
840	184	285	248
841	184	279	250
845	180	280	253
853	187	270	246
855	188	275	243
861	188	269	246
865	187	265	247
871	186	256	249
876	191	256	241
880	192	256	239
884	193	255	237
889	194	253	234
895	195	250	235
896	196	255	237
899	198	269	235
900	199	286	236
904	200	283	232
905	200	281	236
907	201	266	235
905	202	292	234
910	204	299	231
902	205	306	231
911	203	301	233
903	205	311	229
904	204	306	228
901	203	305	228
905	205	293	226
907	204	287	226
907	204	287	227
904	202	292	230
908	199	281	232
916	201	275	233
914	200	278	232
912	199	277	235
915	199	278	232
917	199	274	230
922	197	266	235
922	198	268	233
926	198	267	231
934	198	261	233
935	198	258	230
942	198	252	234
944	198	256	231
952	198	242	229
951	199	247	228
956	198	243	229
958	198	243	230
957	198	242	229
958	200	244	226
958	199	243	227
958	200	247	229
959	201	247	225
955	201	252	224
950	201	259	223
951	202	254	221
947	202	260	221
951	202	256	222
945	203	262	224
944	202	259	225
944	203	264	225
947	203	258	223
944	202	259	226
943	205	261	226
944	206	258	221
943	206	263	221
943	205	258	219
947	205	259	216
947	206	255	212
951	203	251	213
949	204	253	212
949	204	251	211
948	204	253	210
954	203	245	209
956	203	242	212
961	201	236	212
962	200	235	211
965	199	233	212
966	197	230	212
962	200	233	211
966	198	231	210
969	199	220	211
970	197	222	211
967	198	220	209
964	197	224	208
965	197	222	209
960	197	228	208
959	198	225	208
958	200	229	206
950	198	230	205
946	199	234	202
942	200	236	202
942	198	234	202
938	199	238	202
936	199	236	202
933	198	236	201
932	200	236	198
931	197	236	201
931	199	233	198
928	196	234	201
929	198	230	199
928	197	230	199
928	196	225	199
928	195	223	199
927	195	221	200
927	195	220	199
928	194	218	201
927	194	215	199
927	193	212	201
929	193	210	200
929	192	205	199
930	191	202	197
931	191	202	195
931	190	200	198
932	189	198	196
933	188	197	196
935	188	196	196
935	187	194	196
937	185	192	196
939	186	186	193
939	184	184	194
939	183	182	193
940	181	179	194
940	180	179	196
937	179	178	194
934	178	181	196
933	177	181	193
931	176	182	196
929	176	184	195
928	174	182	194
927	174	182	194
926	173	181	193
924	173	182	193
923	171	179	194
922	171	179	193
922	171	177	193
921	170	178	193
921	168	175	193
919	168	176	197
918	167	175	193
917	166	176	192
916	166	174	192
917	165	172	192
918	165	170	193
918	165	169	192
918	164	167	192
920	164	166	191
921	163	163	190
924	163	161	191
924	163	160	190
926	162	158	189
926	161	157	188
927	161	155	187
928	161	152	186
929	159	148	187
931	157	144	188
931	155	141	188
933	155	137	186
934	154	138	186
935	153	132	185
937	153	132	184
937	151	127	184
940	151	129	183
939	149	126	184
941	148	126	183
941	147	124	184
941	147	124	182
942	145	123	182
942	144	124	182
942	144	122	181
943	144	125	181
944	143	126	181
945	142	120	181
942	142	127	181
943	140	124	183
942	139	133	183
943	137	134	185
941	138	132	184
941	137	132	186
940	136	137	187
940	136	138	187
941	136	137	187
944	135	139	186
945	134	137	187
947	134	136	186
948	134	133	185
949	131	137	187
950	129	132	186
948	128	139	187
949	127	137	187
949	125	141	188
949	124	143	186
948	122	143	187
942	121	153	187
936	119	161	188
930	118	169	191
929	115	173	193
927	112	169	192
926	111	173	196
927	109	175	195
927	106	174	198
928	104	177	199
930	103	169	198
931	102	175	201
934	99	168	202
934	99	171	202
937	98	167	201
939	97	164	201
941	94	166	203
945	95	161	200
948	93	157	199
949	95	161	199
954	95	154	197
957	94	160	200
961	94	140	197
964	93	151	195
967	93	137	195
969	93	149	196
970	95	145	194
970	93	147	196
970	94	153	194
969	95	155	195
967	94	160	195
966	96	163	195
965	94	163	197
962	93	171	197
960	94	174	199
956	95	177	200
955	94	180	202
952	95	182	203
950	94	184	204
950	93	190	205
947	93	192	204
948	92	192	204
949	90	190	206
950	91	189	204
948	93	189	204
951	92	185	204
952	91	184	206
953	91	179	206
955	90	171	208
955	90	170	208
957	90	167	207
959	92	162	205
959	92	164	204
960	93	164	204
963	90	160	207
965	93	160	204
967	94	159	202
972	94	155	201
974	96	155	200
975	98	158	198
978	96	155	200
979	97	155	198
980	94	156	201
981	95	157	200
981	95	154	201
980	96	161	200
980	95	158	203
977	96	164	202
976	92	165	207
972	96	166	205
971	93	170	208
969	90	171	210
966	91	172	208
965	93	172	208
965	92	172	208
963	93	171	207
962	93	170	207
961	95	169	207
962	94	168	208
963	95	167	207
963	96	167	205
964	96	164	206
964	95	162	205
963	97	161	204
963	95	160	205
964	96	156	203
964	98	154	202
964	98	152	204
966	98	149	204
965	97	150	204
966	100	147	202
965	100	149	201
967	102	145	200
968	99	145	201
970	100	140	199
970	102	141	196
972	102	139	196
972	102	140	195
973	98	139	198
972	96	140	198
973	98	140	198
973	94	140	202
971	89	142	205
971	93	142	199
970	88	145	203
968	85	144	205
964	81	145	207
963	76	151	211
960	77	151	208
958	76	153	207
955	78	156	203
955	76	158	203
952	74	158	204
950	69	162	208
950	72	158	203
949	70	162	205
950	64	156	210
949	65	156	204
950	68	154	200
950	66	157	202
951	67	150	199
949	65	154	199
951	66	146	197
952	63	143	197
950	59	145	198
953	60	144	198
951	55	144	200
953	52	142	202
954	55	140	196
954	52	142	197
955	50	137	198
956	51	137	196
954	52	139	194
956	51	135	194
954	53	140	191
955	53	140	191
956	52	139	193
955	53	137	192
955	50	139	192
954	50	138	191
953	48	142	192
951	48	137	190
948	48	143	188
946	46	144	189
945	44	148	189
945	42	145	190
944	41	144	191
941	38	149	193
940	38	147	191
937	37	145	192
939	37	143	191
933	34	148	193
934	34	146	188
933	35	148	189
931	35	147	189
933	32	148	187
931	32	146	189
931	29	148	190
931	29	144	188
931	26	145	190
934	26	144	188
933	25	142	188
933	24	141	189
933	23	140	189
934	23	138	186
933	23	138	184
934	20	139	187
934	19	137	185
935	18	136	183
936	15	135	184
939	15	133	182
939	11	133	182
940	11	130	180
939	10	131	180
940	8	132	180
939	7	134	179
940	5	133	179
939	5	132	179
937	2	138	179
937	2	137	179
935	1	141	178
934	0	141	180
933	1	143	177
928	0	146	176
925	0	152	171
920	1	154	169
918	1	155	168
916	0	157	164
915	0	156	162
914	0	157	161
912	0	157	159
913	0	158	157
912	0	157	154
913	0	156	152
913	1	155	148
913	0	155	146
913	1	154	144
912	2	154	142
914	0	153	144
914	1	153	140
914	2	153	138
914	1	153	138
915	1	152	136
916	1	151	137
917	1	149	135
919	1	148	134
920	1	147	132
921	1	146	131
922	0	145	130
924	1	144	128
926	0	143	128
927	0	143	128
925	1	143	127
927	1	141	125
926	1	143	126
928	1	142	124
926	2	144	122
925	2	145	122
924	1	145	121
923	2	148	121
921	2	149	122
918	2	152	120
915	1	154	121
913	2	155	122
908	2	159	122
906	1	161	122
900	0	166	123
902	2	164	123
900	1	166	123
898	2	166	123
898	2	166	124
897	2	166	124
895	1	166	124
896	3	166	123
894	2	167	125
894	2	164	126
893	2	164	126
892	2	161	126
894	2	159	125
892	2	161	126
894	0	157	128
894	0	157	127
894	0	156	128
896	1	153	128
895	0	152	129
897	0	150	129
898	0	149	129
899	0	148	130
900	0	147	130
899	0	148	131
901	0	147	131
900	1	147	131
901	0	147	133
902	0	144	133
902	0	145	134
901	0	144	135
900	0	145	135
899	0	145	135
899	0	145	136
897	0	147	138
895	0	147	138
891	1	149	139
891	0	149	139
888	0	150	141
887	2	150	142
885	0	151	145
884	0	150	146
886	2	149	146
884	3	148	147
885	5	146	147
883	7	147	147
884	9	145	147
883	11	145	144
884	12	143	143
886	14	141	145
886	16	140	144
887	19	139	144
886	21	138	142
888	24	136	142
888	26	136	141
889	29	134	140
890	32	133	140
891	33	133	140
892	36	131	138
894	38	126	141
895	41	126	139
896	42	123	139
897	47	122	138
899	50	121	139
900	51	118	138
902	54	117	138
903	56	116	138
904	59	114	136
906	62	113	136
906	64	113	136
907	66	112	136
907	69	112	135
906	70	112	137
905	72	114	137
904	73	114	138
902	74	115	138
900	76	116	138
898	79	118	138
897	80	119	133
896	80	119	137
895	83	119	134
895	83	119	134
894	84	118	132
893	85	117	133
893	86	117	132
893	88	116	131
893	89	115	130
892	89	113	130
893	90	113	130
893	91	112	129
893	91	112	129
895	91	111	129
896	91	110	129
896	92	110	129
898	93	108	129
900	94	106	126
902	93	104	126
905	93	103	125
906	94	101	124
908	94	100	125
911	94	99	125
913	94	99	125
915	94	97	125
916	94	96	126
918	95	95	124
919	95	95	125
919	94	94	124
920	94	94	123
920	94	95	123
921	94	94	123
921	94	95	123
920	94	96	123
919	93	99	122
918	93	101	123
914	93	106	122
911	93	109	123
910	92	110	124
910	92	110	124
910	91	111	125
911	92	110	124
912	92	109	125
913	92	109	123
914	91	110	124
915	92	108	123
916	92	108	124
917	93	109	122
919	92	108	123
921	93	107	124
922	94	106	123
922	94	108	125
923	95	108	124
924	94	108	125
926	94	108	125
928	95	107	124
931	95	107	126
932	95	107	125
935	95	106	124
939	95	104	125
941	95	102	124
943	96	103	125
946	96	100	125
948	96	100	125
951	96	99	125
954	96	98	126
955	96	99	126
958	96	99	125
959	95	98	124
961	95	98	125
963	95	98	124
963	94	97	125
965	93	97	125
966	93	97	125
966	92	98	124
964	91	101	125
963	90	103	126
961	89	106	126
962	88	107	127
962	88	108	126
962	88	109	126
964	87	109	126
964	87	108	127
964	87	110	128
964	87	110	125
964	88	110	128
965	88	108	126
964	88	109	128
964	88	107	128
964	88	108	129
964	89	109	129
964	90	109	129
964	91	108	128
965	92	108	127
965	93	107	128
965	93	106	128
966	95	105	128
968	99	104	126
968	99	103	128
970	100	101	127
971	101	100	128
973	103	99	125
975	105	98	127
976	106	96	127
977	108	96	125
977	111	96	124
979	113	93	124
980	114	94	123
980	116	95	122
982	118	92	124
981	120	93	121
983	121	92	122
983	123	93	122
985	125	91	122
987	127	90	121
985	128	91	121
983	130	94	122
980	133	97	122
977	133	98	123
976	135	100	124
976	136	100	122
976	138	99	124
977	141	99	123
976	143	99	121
976	145	98	122
975	146	99	122
975	148	99	122
974	150	99	122
973	152	100	122
972	153	99	122
972	154	99	123
971	156	99	122
970	157	98	123
969	159	98	123
969	161	97	123
969	163	95	123
969	165	96	124
970	167	94	122
970	168	94	121
972	170	93	123
971	172	92	123
973	174	90	124
974	175	91	122
976	176	90	122
976	178	89	122
977	179	89	121
979	182	87	122
980	184	86	120
982	185	85	122
983	187	85	119
985	188	83	120
986	190	83	119
988	191	82	119
987	192	83	120
986	193	85	120
980	194	95	119
978	195	99	122
981	196	97	121
983	197	96	123
984	199	97	122
987	200	97	123
987	201	96	123
989	202	96	122
990	203	96	121
990	204	96	121
991	205	95	121
992	206	97	123
993	207	96	122
993	208	96	123
994	210	96	123
995	211	95	122
996	212	95	122
997	213	95	124
998	214	95	124
1000	215	93	124
1002	215	92	125
1004	216	91	124
1004	218	92	123
1006	219	89	124
1008	220	85	124
1009	221	85	123
1011	222	84	123
1011	224	83	122
1010	226	83	122
1010	227	81	123
1011	228	81	121
1010	231	79	122
1009	232	79	121
1007	234	79	122
1008	235	80	121
1006	237	78	123
1002	238	80	123
995	240	85	123
989	241	88	123
987	243	92	123
986	244	90	124
984	245	90	125
982	247	89	125
982	249	87	124
980	250	87	124
978	252	87	124
976	253	87	124
975	255	87	124
973	257	87	124
972	258	86	123
969	259	87	125
970	261	84	124
969	262	86	126
970	262	83	125
971	265	81	124
970	266	79	124
971	266	77	123
971	268	76	123
973	269	74	122
972	269	73	123
972	270	73	124
974	271	70	124
974	272	70	124
976	273	69	124
976	273	68	125
977	274	68	126
980	275	67	124
980	276	67	127
981	276	66	127
982	277	66	125
983	278	67	126
982	277	68	127
983	278	68	128
983	278	70	128
984	278	69	128
984	279	69	129
984	278	70	130
984	279	71	130
983	280	71	128
984	279	73	128
985	281	71	128
986	284	72	127
987	284	72	125
988	285	72	129
988	287	74	126
989	287	74	126
990	289	75	130
990	290	76	128
990	291	77	127
991	293	76	127
991	294	77	127
991	296	77	126
992	297	76	126
993	299	76	129
993	300	77	127
994	301	76	128
993	302	77	130
994	303	74	129
995	304	74	129
995	305	73	130
995	305	74	129
996	306	73	132
995	307	74	131
996	307	72	130
998	308	70	133
997	309	72	130
999	309	68	132
997	309	70	132
995	310	72	132
999	310	67	131
1000	311	64	131
999	310	65	132
993	310	70	132
991	310	72	132
991	311	71	131
988	310	73	132
988	310	72	132
988	311	72	132
987	310	71	133
984	309	73	135
984	309	72	134
983	312	74	134
981	312	75	135
980	312	75	132
979	312	74	135
979	314	76	132
977	316	77	129
976	318	77	132
976	318	77	129
974	320	78	131
974	321	77	131
975	321	76	131
975	322	76	133
976	323	74	132
975	323	74	132
975	325	73	131
976	325	72	133
975	326	71	134
975	328	71	132
977	328	67	135
976	330	68	135
973	329	70	138
967	334	75	134
970	334	70	136
968	335	71	133
963	336	74	138
964	338	73	131
960	338	75	136
958	340	76	135
956	342	77	132
954	341	77	133
952	342	78	138
949	343	78	138
947	343	79	139
945	344	78	138
944	344	78	137
944	346	77	135
941	346	80	139
940	346	81	138
938	346	83	142
938	345	80	142
936	346	80	143
934	346	82	143
934	345	82	142
930	346	85	141
927	345	85	143
926	343	87	142
925	343	87	140
923	342	88	140
923	342	87	140
928	340	84	139
925	340	82	141
929	340	79	139
932	338	77	138
920	337	90	139
924	335	86	140
927	333	81	144
928	331	82	142
929	329	83	144
930	328	84	148
929	327	84	139
932	324	85	152
931	321	87	142
934	322	85	150
929	320	96	144
933	321	88	142
932	319	88	146
930	317	92	152
932	317	94	144
935	317	94	149
931	317	98	147
930	314	101	153
933	312	104	150
931	311	102	147
944	310	93	149
927	309	107	160
935	312	103	152
936	310	101	159
931	307	109	148
934	307	114	162
930	307	110	153
932	307	113	149
928	307	112	143
933	307	118	154
927	305	114	145
934	304	119	146
924	304	119	144
926	302	126	145
927	300	125	150
924	299	128	154
921	299	133	152
921	300	134	152
922	301	134	151
919	300	134	154
917	302	136	153
918	300	137	156
916	301	130	156
918	301	139	157
911	303	140	156
915	302	143	159
907	304	138	155
911	303	142	154
902	303	149	156
909	303	142	155
903	304	144	155
903	305	149	156
903	304	143	157
902	305	147	163
901	305	143	158
899	305	149	159
902	305	144	160
894	304	151	158
899	305	150	158
900	303	147	160
896	304	150	161
900	304	146	159
902	303	147	165
904	303	140	160
904	302	136	164
900	302	140	164
890	301	151	164
900	303	144	159
897	300	139	163
903	300	133	167
910	299	125	162
901	298	132	157
915	297	118	165
906	296	123	157
901	297	129	165
906	296	122	168
904	294	122	162
906	294	119	168
900	293	124	160
911	293	111	169
895	292	126	164
893	291	130	172
902	293	119	164
890	294	130	171
889	295	131	164
885	293	133	172
889	293	126	173
882	294	133	170
883	293	131	173
882	295	132	172
882	298	131	169
882	300	131	170
884	301	127	168
896	303	115	172
881	305	131	167
895	306	114	170
885	309	124	168
901	308	109	170
886	311	125	168
890	312	119	169
892	313	118	160
901	315	108	173
887	316	121	169
889	318	121	165
892	319	117	167
901	318	106	159
897	321	109	164
896	321	110	164
895	321	111	165
893	321	113	166
892	322	115	167
891	321	115	171
890	321	115	170
889	321	115	170
889	322	115	164
889	323	115	167
888	323	116	167
888	323	117	163
890	323	116	164
890	321	116	167
891	323	117	169
892	321	117	165
892	320	120	173
896	320	113	167
894	320	119	171
894	318	114	173
902	320	111	171
899	319	110	170
909	319	102	170
916	319	92	170
902	319	106	173
906	318	100	170
915	318	89	174
917	319	86	172
899	318	104	176
909	316	90	176
913	317	87	176
917	317	80	181
913	318	84	180
909	317	88	182
905	318	91	175
903	318	91	179
901	319	93	174
900	318	94	176
899	315	94	176
896	314	98	181
894	314	99	181
896	314	95	182
890	315	101	178
887	315	103	176
885	314	105	181
883	313	105	182
887	314	100	180
885	314	101	182
885	314	102	179
887	313	101	182
895	312	90	184
900	313	86	183
901	312	85	184
903	313	84	183
908	312	81	183
912	309	78	182
910	309	78	185
916	308	74	190
920	309	70	187
923	309	69	185
926	307	68	188
931	307	63	190
933	306	62	190
939	304	57	189
941	306	57	188
945	305	55	189
944	303	60	187
942	303	66	191
942	300	67	184
943	300	68	189
943	296	68	187
943	297	69	195
944	292	72	198
946	290	71	194
948	289	74	195
948	287	73	197
949	287	74	196
952	285	74	197
954	282	71	202
955	280	73	203
955	279	73	204
957	278	75	205
959	275	71	213
952	273	77	216
955	272	77	213
958	278	74	204
951	269	83	214
944	271	88	212
950	268	85	217
953	270	81	215
944	269	89	214
947	266	90	217
942	262	95	223
935	264	101	222
932	264	107	223
934	261	106	222
931	260	112	229
936	264	107	220
926	264	120	220
929	260	117	209
936	261	112	224
923	258	127	223
919	276	135	210
926	255	126	218
934	256	122	228
916	259	143	223
920	255	139	217
935	255	125	220
920	253	144	227
922	252	144	225
921	249	146	225
933	244	135	238
915	247	159	226
930	245	143	233
912	244	165	231
922	241	155	229
931	240	149	240
916	239	167	236
925	235	159	238
914	233	173	244
924	234	163	240
921	231	171	242
927	230	165	240
916	227	173	243
921	224	175	244
922	223	173	244
926	220	179	249
907	217	199	248
918	214	190	252
915	210	196	256
916	205	201	252
914	202	199	255
916	201	201	255
915	198	203	251
913	194	206	257
914	195	207	256
913	194	210	250
909	190	213	261
907	186	215	256
910	186	214	260
900	187	223	252
903	179	223	263
904	179	226	262
905	179	222	256
901	174	229	258
907	172	225	254
903	171	230	252
903	166	231	258
906	167	228	254
894	164	242	258
909	157	230	261
900	160	235	256
901	157	237	259
894	154	244	259
916	155	225	252
902	154	238	254
907	154	233	253
895	151	248	260
906	152	235	246
901	151	243	254
905	154	237	245
913	152	229	250
913	151	231	249
915	153	229	245
916	152	229	251
916	153	230	247
919	155	229	245
923	157	226	243
925	157	226	244
925	158	227	242
925	159	228	241
927	160	226	239
927	162	229	243
927	162	227	240
929	164	224	241
929	168	223	234
930	168	222	235
932	170	219	235
932	172	219	233
933	174	219	232
932	176	218	231
931	179	219	231
933	181	215	227
931	183	219	228
934	185	215	229
934	188	213	226
935	190	209	228
937	192	205	226
938	195	204	225
939	197	201	227
939	200	202	226
939	201	200	227
938	204	200	227
939	205	197	230
938	208	195	231
938	209	193	229
940	210	190	228
937	213	187	228
937	215	188	228
935	217	185	228
933	218	185	229
932	222	180	226
932	223	180	227
932	226	172	226
931	230	172	224
930	234	171	221
933	236	170	221
932	238	170	222
933	240	173	222
933	243	170	223
933	245	172	220
934	248	171	221
936	250	170	220
934	253	170	222
933	256	171	220
934	259	170	220
934	261	167	219
934	261	167	223
934	263	165	224
936	264	163	223
937	266	161	223
936	268	159	225
935	268	159	224
936	269	155	217
932	269	152	213
927	270	148	225
929	270	146	215
918	272	151	225
930	271	137	229
922	273	145	227
933	273	128	226
933	275	125	227
933	278	122	225
942	277	113	230
943	279	114	230
944	281	116	230
947	282	120	227
948	285	121	227
949	287	120	228
952	290	119	219
953	291	118	226
953	292	117	228
956	293	113	230
958	292	108	233
958	296	106	225
959	296	104	234
961	299	102	233
963	298	96	240
965	299	92	238
969	300	86	237
969	303	83	232
971	306	79	227
974	308	74	227
975	308	74	225
974	309	77	224
978	309	74	226
