861	1056	53	23
865	1054	50	24
868	1053	51	24
868	1052	55	26
876	1049	51	30
878	1045	53	33
884	1042	50	37
886	1038	51	40
892	1033	49	46
897	1030	48	49
901	1025	48	53
902	1022	50	56
904	1019	51	60
908	1014	51	64
910	1010	53	68
915	1007	53	72
920	1001	54	77
924	995	53	83
924	990	57	88
926	985	60	93
928	980	60	96
931	973	61	100
934	966	61	101
934	962	66	103
944	959	57	96
950	954	54	99
953	949	55	101
957	944	53	105
969	939	46	109
977	934	41	112
984	929	37	115
990	924	36	115
996	918	36	115
997	914	38	112
1002	910	36	111
999	905	41	116
1005	900	39	110
1010	893	36	109
1010	888	36	113
1014	883	36	112
1019	879	33	105
1021	873	32	113
1025	868	30	113
1027	865	30	112
1032	862	27	110
1037	857	24	110
1042	852	23	110
1045	853	23	109
1044	844	23	85
1047	844	23	86
1048	840	23	90
1048	838	24	89
1049	832	24	95
1050	828	25	99
1048	818	28	98
1046	818	33	114
1044	820	36	110
1053	815	29	111
1043	814	40	113
1056	809	30	114
1046	807	40	84
1052	803	36	90
1056	799	31	102
1052	796	36	99
1041	791	49	95
1044	790	50	82
1044	785	53	71
1043	783	56	68
1047	779	54	73
1043	775	55	80
1061	772	42	87
1059	770	46	87
1063	766	42	88
1064	762	43	92
1062	758	49	91
1060	757	55	93
1058	755	57	89
1055	753	63	93
1054	749	62	95
1053	747	61	98
1058	744	57	98
1059	742	53	100
1058	739	49	102
1054	735	52	104
1054	735	51	91
1053	732	57	73
1053	728	56	72
1052	726	59	77
1051	723	62	76
1053	721	63	74
1052	720	65	73
1051	718	71	72
1052	716	74	74
1052	714	77	75
1052	713	81	77
1052	710	83	81
1052	709	84	83
1053	706	84	84
1054	705	85	85
1054	703	88	86
1054	702	89	87
1055	701	90	88
1055	699	91	88
1054	690	91	95
1054	690	92	94
1055	691	88	91
1056	690	83	90
1055	689	86	91
1057	688	81	88
1056	687	84	82
1058	686	86	81
1057	685	89	74
1058	682	91	73
1058	680	91	73
1059	678	94	73
1057	677	99	75
1061	676	97	71
1063	675	95	69
1060	675	97	67
1063	673	95	65
1061	671	109	66
1067	671	97	69
1064	669	114	71
1067	668	106	75
1068	667	115	77
1068	666	109	73
1068	664	106	70
1071	664	104	69
1069	661	106	71
1069	660	99	70
1070	660	95	68
1068	658	102	71
1069	657	105	68
1069	653	115	67
1070	654	108	61
1071	651	103	72
1071	649	111	71
1073	646	108	70
1073	645	106	74
1073	644	106	68
1074	642	101	69
1074	640	114	70
1074	638	107	64
1073	635	114	78
1077	636	107	67
1076	634	112	77
1077	633	107	68
1078	632	112	78
1080	630	107	68
1079	629	109	77
1083	628	106	81
1083	627	106	77
1084	626	111	79
1083	624	113	77
1084	622	112	76
1082	624	114	64
1081	623	118	72
1084	622	112	73
1083	623	112	63
1084	621	108	69
1084	622	107	63
1085	622	111	66
1087	622	108	66
1089	621	111	64
1087	621	115	61
1089	621	114	59
1090	621	114	62
1091	620	114	61
1092	619	115	63
1094	616	121	61
1096	619	118	60
1096	618	119	59
1099	616	118	61
1101	613	117	59
1099	613	118	60
1103	610	117	57
1102	612	116	54
1104	611	119	53
1107	611	114	51
1107	609	117	51
1109	609	114	49
1110	609	115	48
1110	607	115	49
1113	607	112	50
1115	607	112	46
1116	606	115	47
1116	605	118	50
1116	604	114	47
1115	605	117	46
1115	603	118	47
1116	602	119	48
1117	602	118	46
1117	600	117	47
1118	600	118	46
1116	600	120	45
1120	598	115	49
1118	598	119	45
1120	598	115	43
1118	597	121	47
1121	597	118	45
1120	596	120	46
1122	597	119	47
1123	596	119	47
1124	595	118	47
1124	594	119	48
1122	593	120	49
1123	592	120	48
1124	591	120	52
1123	589	122	50
1125	588	122	53
1124	589	126	54
1122	587	125	52
1123	585	126	58
1123	587	129	55
1123	585	126	53
1124	583	125	53
1124	580	126	55
1124	579	124	54
1126	574	124	60
1129	575	125	58
1128	573	114	59
1132	570	121	61
1136	568	116	64
1139	566	115	66
1140	562	116	74
1137	561	120	72
1140	567	119	63
1140	571	114	59
1139	573	115	53
1143	576	117	54
1143	578	112	48
1147	577	111	49
1149	576	110	48
1149	576	112	48
1151	575	110	49
1152	575	111	49
1151	574	111	49
1149	573	115	50
1155	573	110	48
1158	571	112	48
1159	570	114	48
1161	567	113	50
1163	567	112	50
1165	564	111	51
1166	563	113	51
1166	561	113	51
1166	558	114	53
1165	558	105	50
1165	555	110	49
1166	553	109	50
1165	549	112	51
1165	547	111	52
1164	546	111	50
1165	544	111	51
1166	542	112	52
1167	540	110	53
1168	536	110	55
1168	534	115	56
1167	533	111	56
1170	531	115	56
1166	529	116	57
1168	523	121	62
1168	523	119	59
1168	520	121	65
1167	515	126	67
1168	513	124	68
1169	513	126	68
1170	509	127	71
1169	507	126	70
1171	506	128	73
1170	503	130	74
1172	503	126	76
1171	505	123	73
1171	503	129	73
1174	501	126	77
1174	501	132	79
1175	501	132	79
1175	498	137	79
1175	499	145	80
1173	503	142	77
1178	505	130	76
1179	499	151	77
1179	505	122	74
1181	507	124	72
1181	506	125	73
1182	508	124	73
1184	507	125	73
1185	507	125	74
1189	510	121	69
1191	510	122	73
1189	516	118	67
1191	516	120	68
1192	515	122	70
1197	518	118	66
1195	521	115	66
1198	524	117	64
1199	526	118	63
1201	527	119	62
1205	529	117	60
1202	531	122	61
1206	529	121	63
1209	530	126	62
1210	529	128	64
1210	530	120	64
1215	529	120	65
1217	532	123	60
1216	532	128	63
1220	529	130	67
1220	533	121	66
1224	532	124	65
1223	532	128	65
1226	534	123	65
1229	535	122	62
1230	535	121	62
1230	537	121	63
1234	537	123	61
1236	537	121	63
1237	539	122	63
1239	540	126	65
1240	538	120	66
1245	542	122	65
1244	538	121	68
1248	541	118	64
1249	542	119	67
1254	544	119	66
1252	543	122	70
1256	542	119	70
1258	543	121	69
1261	546	123	67
1262	548	117	65
1265	546	122	68
1267	549	115	66
1271	552	122	62
1269	553	126	63
1275	554	124	60
1274	554	120	63
1281	551	114	67
1283	548	120	71
1287	550	118	68
1283	553	126	65
1285	554	126	64
1286	548	128	68
1285	553	119	66
1292	546	120	69
1295	550	125	66
1298	550	121	63
1295	550	123	64
1297	545	125	66
1302	546	121	65
1306	542	119	67
1302	541	132	69
1311	539	126	69
1317	537	131	68
1310	542	134	65
1320	546	128	57
1313	548	132	56
1314	546	125	56
1312	544	129	56
1323	544	121	52
1320	543	127	57
1324	540	125	55
1327	539	126	55
1329	534	130	54
1332	534	127	54
1333	530	127	55
1337	531	127	51
1341	528	124	50
1344	526	125	51
1347	522	123	52
1349	517	126	53
1350	516	127	54
1351	512	128	54
1355	511	126	51
1359	508	125	52
1360	506	125	52
1364	502	125	54
1366	498	129	54
1370	495	129	54
1373	492	129	51
1375	489	127	51
1375	488	129	49
1375	483	130	53
1383	481	127	53
1383	480	127	49
1388	475	125	55
1390	475	127	52
1388	472	130	55
1394	470	127	54
1393	469	128	56
1395	466	127	59
1398	467	126	55
1398	464	126	59
1402	463	123	61
1402	461	126	61
1403	461	125	62
1405	459	121	61
1406	460	126	60
1408	457	119	63
1408	460	122	58
1413	458	119	61
1418	456	114	59
1421	449	116	65
1424	449	117	62
1427	449	108	62
1432	448	109	59
1431	447	104	55
1403	448	128	52
1426	441	107	63
1417	442	119	63
1417	441	121	63
1420	441	120	62
1424	440	115	63
1427	442	109	60
1436	445	92	61
1421	444	102	56
1427	440	100	59
1419	439	106	60
1424	433	109	62
1427	435	107	64
1420	434	112	64
1413	437	110	93
1372	406	123	117
1402	380	124	103
1402	377	125	108
1408	373	122	103
1414	395	119	83
1420	394	121	103
1418	374	119	98
1422	412	121	72
1433	407	115	61
1479	408	72	53
1482	406	70	55
1482	403	75	59
1483	401	85	55
1483	396	90	60
1484	393	93	60
1483	391	96	58
1485	388	98	58
1486	386	101	57
1484	382	110	61
1487	375	115	64
1491	372	122	64
1488	370	124	65
1490	366	126	67
1486	364	129	69
1489	356	131	72
1488	353	133	76
1490	350	133	73
1491	350	126	72
1491	344	131	75
1489	343	136	78
1492	339	134	77
1493	331	138	85
1494	329	141	80
1496	324	142	85
1496	323	141	81
1492	323	141	82
1496	316	146	80
1495	318	137	81
1496	307	144	89
1497	303	151	89
1495	314	144	81
1502	300	142	90
1501	304	138	85
1503	305	135	80
1503	303	139	82
1508	294	140	88
1506	296	137	84
1509	291	137	86
1509	289	138	85
1509	286	135	86
1509	284	134	90
1512	280	134	90
1512	275	132	92
1512	282	137	84
1514	268	130	94
1514	277	134	86
1512	277	132	85
1510	285	135	78
1514	278	134	80
1513	280	138	82
1513	277	136	87
1514	276	134	83
1517	276	134	81
1516	274	138	87
1517	272	143	84
1517	268	138	87
1518	265	136	91
1517	261	136	94
1518	259	138	96
1515	259	137	96
1517	255	141	98
1519	256	137	94
1522	262	136	86
1521	250	141	102
1518	255	141	96
1516	249	144	103
1517	242	150	108
1515	255	132	94
1515	246	145	109
1517	246	142	107
1516	245	143	111
1517	250	137	105
1515	252	137	104
1515	257	131	100
1514	257	129	106
1514	254	143	108
1515	256	132	108
1516	252	148	115
1516	256	141	110
1514	255	142	113
1516	257	136	110
1519	259	129	110
1520	259	127	113
1521	258	126	111
1521	258	126	112
1521	260	117	112
1522	258	125	114
1521	257	131	115
1521	258	127	114
1520	261	124	115
1523	263	121	110
1523	259	125	116
1524	260	123	115
1525	260	122	111
1525	266	116	106
1523	263	102	109
1526	258	112	113
1526	261	114	106
1524	259	119	113
1527	260	117	109
1527	258	120	111
1527	257	123	111
1526	261	122	105
1524	258	126	108
1527	258	121	107
1525	256	125	109
1527	255	125	110
1524	256	128	106
1525	254	125	105
1523	254	125	105
1525	252	127	105
1523	254	130	100
1523	250	129	103
1522	251	131	101
1521	245	130	105
1521	249	132	99
1521	247	131	97
1521	246	132	96
1522	243	131	98
1521	240	134	99
1522	238	132	98
1521	235	132	100
1521	235	136	97
1521	233	137	97
1521	236	139	92
1521	230	136	97
1521	231	137	93
1522	228	138	94
1525	224	139	92
1522	222	137	97
1522	219	141	96
1524	215	140	94
1525	215	138	91
1519	213	141	94
1519	212	140	90
1520	209	142	89
1521	205	143	90
1520	204	142	85
1518	202	143	87
1522	201	142	79
1516	200	145	84
1522	195	137	80
1518	193	146	83
1517	190	144	84
1518	182	144	88
1525	183	140	75
1523	182	141	75
1519	174	144	87
1525	177	141	76
1521	176	139	75
1518	171	142	83
1522	168	148	80
1519	166	147	83
1521	164	148	82
1519	163	148	82
1521	159	147	82
1519	158	143	82
1521	155	150	83
1522	153	147	84
1522	150	149	85
1525	147	145	83
1524	145	150	84
1522	145	150	83
1526	140	147	84
1523	138	151	86
1527	138	144	81
1524	137	147	82
1526	133	147	85
1529	130	144	82
1527	126	149	88
1525	128	144	83
1528	127	144	81
1527	128	140	78
1528	130	118	70
1526	123	126	71
1527	120	139	73
1527	117	134	72
1528	116	131	72
1529	114	125	67
1529	110	139	73
1530	104	134	72
1530	103	136	72
1532	99	135	69
1530	94	137	69
1531	92	137	69
1533	90	136	66
1535	88	135	65
1538	85	130	67
1538	81	131	66
1538	79	131	65
1535	76	138	65
1536	74	135	63
1519	70	152	65
1521	68	148	63
1516	65	154	63
1511	61	160	67
1512	59	160	66
1524	56	147	66
1516	52	154	64
1524	50	146	63
1516	45	154	64
1527	41	143	66
1518	39	152	62
1523	35	148	63
1519	30	152	65
1529	27	141	65
1529	22	141	69
1531	17	140	68
1532	13	136	70
1528	8	142	72
1534	7	136	71
1533	4	135	72
1531	0	135	72
1533	0	134	69
1530	0	136	67
1529	0	132	67
1530	0	129	63
1531	0	124	60
1528	0	119	60
1529	0	118	56
1528	0	116	53
1529	0	115	51
1527	0	116	50
1525	0	117	48
1525	0	116	44
1527	0	112	44
1527	0	105	43
1527	0	99	41
1524	0	104	40
1522	0	80	39
1516	0	85	37
1517	1	82	34
1521	0	79	37
1517	0	80	34
1499	1	83	45
