894	665	120	90
888	664	116	91
879	667	118	92
869	671	114	91
861	673	114	90
855	675	119	90
848	671	115	90
839	665	111	90
830	660	112	89
822	656	118	89
812	652	112	89
801	649	107	88
796	646	112	88
788	644	114	88
778	642	108	87
768	644	105	87
763	644	110	87
757	643	110	86
747	641	103	87
740	641	101	85
735	639	108	85
729	636	103	85
720	632	98	85
714	630	98	83
712	629	104	84
709	629	100	83
708	627	94	83
703	630	99	82
702	631	100	82
698	631	94	83
695	636	91	81
694	635	97	81
693	637	96	81
690	640	91	81
688	640	89	80
691	639	93	81
692	639	92	81
686	639	87	81
682	634	85	81
684	631	90	81
682	626	91	80
680	627	84	81
680	627	85	80
683	626	93	80
684	627	85	79
680	629	82	78
682	629	85	78
685	628	92	78
690	629	85	77
686	629	81	76
686	627	85	78
689	627	92	77
691	625	87	77
690	626	82	76
690	624	84	76
693	623	91	76
693	623	87	76
693	623	82	75
694	622	86	76
694	622	90	76
690	621	86	75
686	620	81	75
685	619	88	76
686	621	90	74
681	622	85	75
676	626	80	74
675	628	88	74
675	631	89	73
673	636	81	73
669	640	78	72
668	642	85	74
667	645	86	72
664	648	76	72
660	650	76	72
661	650	83	72
660	650	78	71
657	651	71	71
653	651	71	71
655	649	75	72
654	649	73	69
649	650	67	69
648	649	68	71
650	648	72	72
649	650	68	70
645	647	63	70
644	645	64	71
646	641	70	70
646	637	67	70
641	635	62	69
638	632	61	69
638	630	67	69
640	628	65	68
635	626	59	70
636	625	56	69
637	624	63	69
639	624	59	68
635	623	55	68
634	623	60	70
638	622	64	68
637	622	59	67
633	621	56	68
633	620	62	69
636	620	64	67
636	619	56	66
630	615	54	66
