1504	61	194	124
1504	62	195	125
1502	64	198	123
1501	66	195	124
1500	69	195	124
1499	71	193	125
1497	74	192	124
1496	79	190	123
1494	80	188	124
1494	83	186	125
1496	86	180	125
1497	89	178	125
1500	91	176	125
1503	91	173	128
1503	95	169	127
1504	96	162	130
1503	100	158	126
1502	101	152	130
1500	105	150	131
1496	108	149	129
1494	112	147	128
1493	116	146	129
1491	120	149	129
1489	124	154	127
1488	131	157	122
1484	135	162	123
1482	137	164	124
1479	142	163	123
1476	145	161	123
1468	146	162	126
1458	148	165	127
1450	149	168	129
1442	153	173	130
1436	155	178	130
1430	160	181	127
1423	163	184	126
1414	168	191	123
1409	170	192	123
1404	171	195	122
1397	173	197	122
1394	175	196	122
1389	176	196	122
1386	178	193	122
1380	182	196	121
1376	183	197	120
1373	185	195	120
1371	187	196	119
1367	187	194	119
1364	189	194	124
1359	191	195	121
1337	193	215	140
1322	196	226	158
1319	199	225	152
1336	203	203	152
1338	204	198	148
1344	205	191	143
1344	210	186	133
1343	212	182	120
1339	213	179	123
1336	215	179	126
1335	213	176	129
1332	215	175	125
1331	214	173	127
1327	222	174	123
1325	224	184	119
1322	224	193	122
1321	222	201	127
1316	220	212	131
1314	221	216	133
1314	233	189	122
1310	238	168	121
1311	241	163	118
1308	246	167	115
1306	246	170	116
1306	245	174	119
1303	247	172	118
1300	247	182	119
1299	247	176	120
1296	249	164	119
1291	250	162	120
1288	251	157	117
1283	253	163	117
1279	250	166	118
1276	247	168	120
1272	248	172	119
1268	249	176	117
1265	251	177	112
1261	251	183	111
1260	250	182	111
1256	248	185	111
1255	246	186	112
1253	243	185	113
1250	241	183	114
1247	241	182	114
1244	239	181	114
1242	236	180	115
1238	235	180	117
1236	232	180	120
1233	231	179	119
1228	231	181	116
1227	232	176	115
1222	229	177	113
1218	227	181	114
1216	227	184	111
1214	225	186	112
1210	222	187	110
1203	218	181	114
1201	215	172	119
1197	211	164	127
1195	214	164	123
1183	217	175	114
1173	215	179	111
1165	212	175	109
1152	208	179	109
1145	203	176	111
1137	201	174	109
1133	199	177	107
1124	196	178	101
1115	198	176	108
1111	198	169	134
1107	195	161	118
1096	187	167	119
1083	190	178	122
1078	166	166	115
1066	163	168	112
1058	161	175	111
1046	157	185	113
1040	153	187	115
1028	151	193	116
1022	147	191	115
1008	146	196	115
999	143	196	115
990	141	195	116
980	137	197	117
973	136	196	116
962	131	198	116
953	129	196	116
947	127	193	117
939	127	192	114
930	125	194	113
920	123	197	114
913	123	198	112
904	122	200	113
896	120	202	114
886	121	202	115
880	121	202	114
870	121	202	113
865	122	200	113
858	124	199	113
850	124	199	115
842	124	199	115
837	125	195	115
830	125	194	115
824	126	196	115
817	126	192	116
814	126	189	119
810	126	186	118
805	127	183	118
801	128	180	118
798	128	176	120
794	130	173	119
793	132	168	119
790	134	165	119
787	137	162	119
784	140	160	117
781	142	159	117
777	143	157	118
776	143	155	121
774	146	151	122
771	148	149	123
769	147	150	125
767	151	148	126
767	155	144	124
764	155	144	126
761	159	143	127
759	164	144	126
757	162	144	129
755	167	146	129
754	169	144	127
755	168	142	131
756	171	147	139
762	172	161	142
771	180	146	135
768	183	138	135
774	183	132	138
812	211	179	134
815	209	175	136
813	213	179	134
809	215	180	137
804	215	177	138
804	220	172	136
800	207	174	152
799	219	173	146
798	209	171	162
798	219	169	154
800	214	165	161
801	222	156	156
801	222	148	160
800	228	145	158
799	223	139	166
800	228	135	165
799	226	129	171
798	225	126	175
799	225	122	179
799	227	118	182
796	231	116	184
796	233	115	187
796	249	113	174
800	239	110	188
801	240	108	191
802	243	107	191
804	242	110	195
807	249	111	194
809	276	111	169
807	313	113	138
811	313	107	141
813	333	96	127
812	334	87	128
815	336	83	129
818	342	77	130
820	346	72	132
822	345	70	136
824	345	68	139
827	349	62	143
827	354	60	146
830	363	59	141
831	373	57	135
834	381	54	132
835	388	59	130
840	399	54	120
843	401	53	122
846	413	55	116
850	418	55	116
852	419	57	125
856	414	56	130
859	416	59	134
861	415	59	141
860	412	62	150
859	420	65	148
857	430	74	145
856	428	88	163
858	452	131	180
767	593	202	135
776	591	201	140
798	591	188	139
812	587	189	149
824	583	180	155
853	583	163	170
840	582	174	187
851	590	174	190
890	587	193	197
887	579	184	200
884	552	204	197
880	524	218	224
908	532	220	201
903	542	210	170
900	521	209	194
884	514	234	206
901	519	198	227
905	511	233	266
882	516	227	235
872	525	225	195
877	518	230	197
875	521	234	194
879	528	238	182
924	508	251	209
882	533	243	164
925	525	245	176
907	523	255	189
899	506	249	187
876	532	239	174
915	516	242	198
886	519	225	157
891	507	242	166
880	471	251	197
903	519	252	198
876	512	245	184
901	512	242	181
866	536	201	155
864	535	199	153
858	515	227	176
899	474	243	234
845	541	245	175
852	547	211	165
852	545	222	167
853	543	210	163
866	546	180	170
871	549	178	171
869	549	177	165
860	541	178	167
851	547	217	162
886	557	186	190
885	559	217	199
860	523	219	227
873	551	237	221
846	485	261	249
855	523	294	266
888	538	331	288
793	610	372	349
550	736	531	384
731	833	583	433
767	1044	795	348
868	1081	600	317
816	1104	616	287
903	1096	497	283
938	1107	457	258
806	1100	590	287
887	1096	505	273
844	1108	530	269
876	1102	496	262
784	1103	583	301
849	1095	508	271
792	1102	556	272
779	1099	569	284
795	1092	543	267
773	1095	554	279
769	1093	547	276
761	1094	539	295
755	1096	534	287
741	1098	536	307
727	1096	540	309
722	1091	533	303
708	1098	533	271
690	1106	530	252
679	1102	529	249
652	1103	543	252
646	1102	539	285
622	1107	549	272
612	1105	548	269
597	1100	557	271
583	1096	555	281
568	1094	554	278
561	1093	554	287
540	1098	559	287
523	1094	563	296
505	1091	568	318
494	1089	577	308
463	1099	602	308
453	1087	600	332
437	1075	615	346
413	1069	639	354
397	1071	654	353
377	1068	679	359
357	1093	689	336
344	1078	701	356
321	1085	725	344
301	1081	712	350
283	1074	743	354
267	1094	718	333
248	1075	715	354
228	1078	725	353
206	1075	756	352
202	1093	744	334
172	1094	727	338
150	1094	725	345
129	1101	722	334
113	1100	715	330
96	1114	725	325
90	1119	714	311
79	1120	719	315
57	1125	724	312
51	1131	722	300
34	1137	729	298
28	1140	716	297
21	1138	711	296
15	1145	701	283
11	1149	705	285
13	1150	677	280
6	1164	674	270
0	1168	658	262
0	1182	636	247
1	1181	611	255
0	1176	603	253
0	1185	578	242
10	1170	566	262
4	1179	578	257
56	1167	534	269
28	1172	533	267
99	1177	490	262
475	1163	565	276
460	1154	574	282
435	1152	598	286
428	1148	589	288
397	1134	617	305
413	1148	603	287
373	1138	641	297
362	1149	662	288
337	1154	681	272
332	1154	682	278
296	1152	719	272
318	1158	691	273
272	1156	735	268
229	1163	780	262
257	1163	761	263
253	1164	764	265
296	1160	722	263
298	1150	725	275
507	1164	513	270
363	1153	626	286
272	1174	745	260
238	1175	769	256
315	1173	698	266
534	1166	484	269
542	1173	456	259
534	1182	472	247
485	1196	524	235
492	1202	512	232
450	1221	558	211
414	1212	589	222
219	1216	754	213
136	1204	784	223
120	1231	882	194
132	1212	850	218
132	1217	851	210
119	1221	872	211
127	1230	878	201
150	1234	848	189
251	1251	762	176
225	1251	789	167
232	1263	791	165
276	1280	743	154
327	1295	696	136
657	1323	366	115
694	1326	322	109
694	1328	324	109
698	1329	320	107
700	1330	318	105
701	1330	316	107
705	1331	311	104
708	1331	306	104
708	1332	305	104
708	1333	305	103
711	1334	303	102
714	1335	301	100
719	1337	296	100
723	1339	291	97
726	1342	290	94
731	1343	287	93
735	1346	287	91
739	1347	288	90
740	1348	285	89
743	1351	283	84
745	1355	282	82
748	1358	278	79
751	1360	279	77
753	1362	282	74
751	1363	284	73
751	1365	291	70
749	1368	300	69
756	1369	291	67
750	1371	303	67
755	1373	295	63
754	1373	303	64
752	1376	304	59
755	1377	302	59
754	1378	306	58
750	1380	312	55
749	1382	312	54
748	1383	315	53
744	1385	320	51
741	1385	320	51
742	1387	320	50
737	1388	326	49
738	1388	323	48
736	1389	323	48
736	1388	323	48
737	1392	325	45
737	1393	328	44
731	1394	341	43
728	1395	340	42
727	1396	340	39
730	1397	325	37
739	1397	250	39
742	1401	232	36
737	1403	238	34
738	1403	236	35
738	1403	234	34
733	1404	237	34
729	1405	242	32
730	1405	237	32
728	1406	236	31
724	1406	240	31
726	1406	234	31
724	1406	233	31
721	1406	233	31
720	1407	229	31
719	1407	224	31
720	1408	222	30
716	1408	223	30
715	1409	222	30
705	1408	227	29
713	1409	207	29
703	1409	216	28
700	1408	216	29
695	1409	220	29
688	1408	224	30
685	1409	227	29
676	1407	232	31
679	1406	229	32
669	1405	240	33
665	1404	243	34
655	1401	251	36
653	1399	247	38
652	1399	246	38
647	1398	248	39
641	1395	252	42
638	1392	256	45
639	1390	252	46
632	1390	262	47
629	1387	282	49
624	1385	316	51
610	1385	352	53
607	1383	359	55
611	1382	351	57
608	1381	352	58
609	1379	351	59
606	1378	353	60
598	1378	367	60
595	1376	369	62
590	1374	374	62
592	1374	370	63
594	1372	366	65
594	1373	364	64
595	1370	361	67
591	1369	361	68
591	1367	361	69
593	1366	357	70
590	1364	363	71
591	1363	358	71
592	1361	352	74
590	1360	359	76
587	1361	361	73
589	1358	363	78
584	1357	351	76
576	1358	377	80
579	1356	358	78
574	1355	377	83
577	1352	358	82
571	1351	378	86
575	1350	360	84
568	1347	384	90
570	1347	360	88
564	1346	372	90
563	1346	367	92
568	1344	360	92
564	1343	366	93
564	1343	368	93
564	1341	368	95
562	1341	368	94
560	1340	371	95
562	1339	365	98
559	1337	364	98
561	1336	364	101
561	1333	363	100
562	1332	365	103
565	1329	361	107
565	1327	359	108
561	1327	360	109
566	1323	358	112
566	1319	358	117
567	1318	358	118
566	1316	359	120
565	1315	360	120
567	1316	356	120
571	1314	355	121
569	1314	361	124
577	1312	349	124
578	1311	352	126
579	1310	357	127
578	1310	360	124
592	1309	348	127
588	1309	350	127
597	1309	331	128
600	1311	337	124
606	1312	331	124
608	1313	328	122
613	1313	318	124
614	1313	314	124
615	1314	313	123
616	1315	308	122
616	1316	310	121
621	1318	298	118
625	1319	314	117
631	1323	291	114
630	1324	292	114
638	1326	292	111
636	1329	290	108
645	1335	279	102
635	1340	297	97
652	1349	274	89
647	1350	278	88
648	1356	270	82
658	1360	262	76
659	1361	265	77
649	1369	274	69
652	1371	256	66
642	1374	259	64
648	1380	243	58
651	1383	241	55
660	1385	229	52
675	1389	215	50
662	1393	223	45
668	1396	217	42
679	1399	207	39
683	1402	203	37
689	1405	193	34
696	1407	184	32
703	1410	174	29
714	1411	164	28
721	1412	152	26
723	1413	150	26
718	1408	156	31
726	1407	150	32
725	1393	154	46
685	1364	195	75
699	1309	270	130
1018	1172	182	129
1035	1173	240	127
1033	1172	235	130
1033	1171	231	129
1033	1170	229	129
1032	1168	229	130
1031	1167	227	131
1031	1167	227	129
1029	1165	226	127
1027	1166	225	129
1026	1165	225	129
1025	1165	222	132
1022	1165	226	126
1020	1163	226	133
1020	1160	224	131
1018	1160	223	137
1016	1158	223	136
1014	1158	223	136
1013	1157	226	125
1012	1155	228	129
1010	1154	231	129
1010	1154	230	129
1006	1155	235	126
1004	1155	241	125
1003	1154	240	125
1001	1153	244	124
998	1153	244	124
996	1153	246	122
993	1153	248	122
990	1152	254	122
988	1153	254	122
987	1153	254	123
986	1153	254	124
985	1151	258	124
984	1151	259	123
983	1152	259	123
980	1151	259	123
979	1150	261	127
976	1150	262	126
975	1150	262	123
974	1149	260	120
973	1148	258	121
970	1149	259	120
969	1148	255	121
967	1147	254	119
960	1147	254	119
960	1146	251	119
958	1146	250	119
957	1145	246	118
956	1144	245	118
953	1144	245	117
953	1142	243	120
949	1141	246	120
950	1141	243	119
947	1141	244	120
946	1140	241	121
944	1140	241	121
941	1138	243	122
939	1137	245	122
939	1138	241	121
938	1138	240	121
937	1140	239	120
936	1139	238	121
936	1140	239	120
935	1141	238	121
933	1141	235	121
932	1143	236	122
931	1143	236	124
930	1142	232	125
928	1142	234	126
926	1143	234	126
923	1144	234	127
920	1146	235	126
917	1145	233	127
914	1143	234	131
912	1143	235	131
911	1144	235	131
908	1143	237	134
907	1141	235	138
905	1144	235	138
905	1141	235	141
903	1142	238	140
902	1143	240	140
899	1145	240	142
900	1143	235	139
898	1148	237	137
896	1147	233	138
893	1153	232	135
892	1152	232	137
892	1153	232	139
890	1155	231	139
889	1155	231	141
887	1156	228	144
886	1159	232	142
887	1160	229	144
884	1161	229	146
884	1163	228	141
882	1165	229	144
882	1164	224	145
878	1165	223	145
878	1166	219	144
875	1166	224	152
874	1163	222	150
872	1166	221	146
872	1174	205	142
867	1175	210	134
865	1178	211	131
863	1176	218	136
862	1179	218	132
859	1178	219	132
856	1178	224	135
853	1178	225	134
850	1183	224	133
848	1187	224	132
846	1188	226	130
845	1192	225	124
843	1194	226	126
840	1193	230	125
838	1194	226	129
837	1192	232	128
833	1193	241	129
830	1198	240	126
828	1194	244	128
825	1202	243	121
822	1203	238	123
821	1202	243	122
816	1205	237	121
816	1207	237	121
813	1208	238	123
811	1209	241	122
808	1210	247	122
805	1209	251	125
802	1212	242	124
799	1213	245	125
796	1216	242	125
794	1217	247	124
793	1217	250	124
790	1217	250	125
787	1220	251	123
786	1220	252	123
784	1220	251	123
780	1220	252	123
777	1219	253	124
777	1219	252	123
774	1219	253	123
772	1216	253	125
771	1216	258	123
768	1214	259	122
767	1213	262	122
766	1213	260	122
766	1211	262	121
762	1211	262	119
