515	120	369	382
507	122	387	384
500	125	402	380
497	128	408	377
493	128	414	381
489	131	421	382
485	130	432	383
478	132	443	386
476	134	451	383
470	138	460	381
472	142	460	378
466	144	470	378
468	143	469	380
468	143	475	384
466	144	480	378
464	144	485	379
462	147	490	377
460	149	502	375
458	147	506	380
460	149	507	376
459	151	513	377
461	148	520	380
459	146	525	384
461	148	528	382
462	145	534	387
463	143	541	391
467	142	541	391
471	142	544	390
472	139	544	396
477	136	543	400
480	134	542	401
484	129	537	401
490	130	533	400
496	127	526	404
497	122	530	410
499	125	522	407
509	124	510	406
514	125	502	404
521	127	494	399
527	130	486	397
535	129	474	398
549	132	459	392
561	131	443	393
572	130	429	396
586	133	412	395
598	131	392	394
606	134	378	388
617	133	364	389
627	134	352	390
635	133	344	389
634	131	339	391
639	132	333	389
636	133	328	388
638	131	326	390
636	132	323	389
639	132	316	387
639	135	312	384
636	134	313	386
636	139	308	378
636	145	303	373
636	146	299	367
635	149	295	363
634	149	291	361
632	152	292	359
631	151	286	354
627	150	285	351
626	148	284	348
626	148	282	345
622	142	285	346
621	134	284	351
620	126	285	352
616	121	284	352
616	115	279	353
615	111	273	352
613	107	272	351
610	102	274	349
605	100	270	346
599	95	269	344
601	90	267	343
601	82	275	348
599	73	283	353
597	64	286	358
597	56	289	363
595	48	291	369
596	45	297	367
592	37	316	374
588	34	319	375
588	24	323	383
586	15	335	393
581	12	343	392
579	9	347	395
575	4	350	398
573	2	358	400
569	2	364	400
569	0	361	401
568	0	361	402
564	0	363	401
559	0	367	402
559	1	370	402
557	0	367	404
554	0	367	404
552	0	365	406
550	0	360	405
546	1	357	403
545	6	349	395
545	4	347	396
541	2	347	397
540	0	345	396
540	2	342	393
537	0	341	392
539	1	337	388
535	0	338	388
532	3	336	380
533	0	328	378
532	2	327	372
529	0	326	372
530	1	322	368
527	0	320	368
530	1	316	364
525	0	314	362
527	0	310	358
524	1	311	353
526	0	303	354
528	0	299	351
525	4	301	345
525	6	301	340
525	15	301	328
526	19	298	324
524	24	297	318
528	31	292	307
524	36	294	301
524	46	290	286
523	51	286	281
523	54	279	275
520	60	285	266
517	67	283	255
515	56	286	262
519	54	273	259
515	34	281	274
516	30	281	273
516	22	276	281
515	14	276	286
515	9	272	289
515	7	268	293
513	3	270	296
511	4	269	293
513	3	266	296
512	0	263	300
509	3	265	298
508	0	265	303
508	2	260	303
507	1	257	306
506	2	252	305
506	1	234	306
503	1	235	300
500	0	227	297
500	0	224	306
497	0	225	297
497	0	223	303
495	2	224	305
493	0	225	307
491	1	226	307
490	1	227	311
488	0	229	314
489	0	227	317
487	0	231	320
486	0	234	319
485	3	237	323
486	0	240	322
485	0	243	324
484	0	243	326
485	0	247	328
483	0	251	329
484	0	253	328
483	2	256	326
483	0	257	328
483	0	258	323
482	0	260	324
481	0	262	320
482	1	265	319
482	0	264	320
483	0	265	316
483	0	267	315
484	0	268	314
487	0	268	312
483	0	272	309
488	0	268	310
486	0	273	311
486	0	271	311
488	2	267	310
489	3	272	311
490	4	278	311
489	5	277	313
489	6	280	314
489	7	282	312
491	7	283	312
490	4	288	316
490	1	292	321
491	0	298	319
491	0	306	319
493	3	299	315
490	0	308	315
492	0	313	315
493	0	315	313
494	0	317	311
494	0	316	310
493	0	317	306
494	0	312	305
494	0	315	303
494	0	312	300
495	0	314	297
493	0	314	295
494	0	314	293
492	1	314	288
492	0	315	289
493	0	315	288
492	0	314	285
491	0	315	284
493	0	315	283
493	0	316	282
492	0	320	282
493	0	321	281
492	0	325	280
491	0	330	279
491	0	332	281
491	0	335	282
490	0	337	280
491	0	337	280
491	0	342	281
490	0	342	282
492	0	340	281
491	0	341	285
491	0	341	284
491	0	340	288
489	0	342	288
489	0	342	292
491	0	334	297
492	0	331	297
495	0	312	297
492	0	325	299
492	0	325	299
494	0	323	300
493	0	323	305
493	0	327	305
490	0	332	307
493	0	330	310
489	0	332	313
494	0	328	316
493	0	330	318
494	0	330	316
494	0	327	318
498	0	326	321
498	0	320	324
498	0	327	329
501	0	319	332
500	0	329	337
504	0	317	338
503	1	328	340
502	0	324	344
505	4	321	343
507	3	320	346
507	1	324	349
508	0	329	352
511	1	331	352
513	3	334	353
515	0	334	360
518	4	338	356
521	0	332	359
520	3	335	355
523	0	331	360
523	2	331	359
524	0	332	361
525	2	331	360
525	0	333	359
529	2	332	360
529	0	335	358
531	0	328	361
539	0	326	359
536	0	325	361
539	4	329	354
539	9	332	350
541	13	327	345
543	20	326	341
546	26	324	331
551	34	321	330
550	40	317	320
552	54	319	312
550	51	318	312
555	55	321	313
553	57	323	313
553	56	324	316
558	54	324	327
557	46	323	334
560	47	320	338
562	44	320	344
565	46	318	347
566	43	318	350
567	47	314	347
567	45	318	354
565	42	320	359
563	44	325	361
565	45	322	363
566	37	323	375
566	37	328	376
570	39	325	382
569	33	326	388
572	31	324	394
568	30	331	398
573	25	328	406
572	25	330	409
572	24	336	412
574	14	339	426
572	12	327	430
572	11	337	432
571	10	339	435
570	8	336	441
572	11	332	437
572	13	324	435
572	38	321	411
575	31	310	424
573	31	308	420
569	42	308	411
571	55	309	406
569	40	311	421
570	76	306	387
568	48	314	412
568	58	304	407
565	100	298	372
565	114	300	361
564	121	298	355
563	131	299	346
560	130	308	351
559	109	318	371
558	74	332	407
559	103	319	376
559	117	314	365
561	135	308	345
559	130	324	351
557	121	330	364
552	98	359	392
553	95	357	399
550	101	363	395
549	101	371	397
550	104	367	397
547	108	376	393
549	113	375	391
548	117	384	388
549	124	379	383
546	130	384	377
545	133	384	374
544	139	380	369
546	140	388	371
544	142	355	371
541	142	400	360
540	147	293	364
535	152	368	351
539	147	398	355
535	139	332	362
536	141	385	355
538	135	334	358
538	137	376	354
536	128	332	361
533	123	279	365
525	120	282	364
526	110	284	372
525	100	292	374
523	94	352	382
529	82	334	387
522	76	381	387
522	60	346	405
516	60	382	399
517	48	368	411
514	39	366	418
508	31	368	426
505	26	376	429
510	20	366	434
507	26	373	427
506	36	368	411
506	14	362	437
499	26	364	425
498	68	363	385
494	13	361	438
493	57	360	395
492	56	353	396
488	18	350	435
484	15	357	433
484	16	356	433
480	20	357	429
475	20	358	429
474	22	356	427
472	25	349	424
468	31	345	419
463	33	344	418
460	40	339	412
461	47	336	403
458	54	329	397
453	60	328	392
454	68	320	384
450	76	322	377
443	86	320	370
442	96	313	360
441	106	311	348
441	115	311	341
440	123	308	335
438	134	309	324
439	142	303	318
439	152	302	310
440	160	297	305
441	161	293	307
441	161	298	309
441	155	293	315
441	149	293	320
440	143	287	326
440	140	287	329
439	135	291	333
441	129	286	339
441	124	284	341
442	118	284	350
443	115	285	355
441	108	289	359
443	103	286	366
448	95	286	372
448	95	280	377
450	92	283	376
454	85	284	383
451	84	285	383
453	80	288	387
453	78	298	390
457	72	283	392
457	65	292	402
461	62	287	408
463	54	289	418
462	46	298	423
465	39	297	432
467	37	294	434
470	32	288	442
473	37	281	433
473	43	279	431
477	66	266	410
481	89	268	388
478	71	282	406
480	98	265	382
481	126	275	351
478	146	279	331
477	141	276	332
481	137	279	334
484	142	278	329
486	142	276	330
488	136	283	333
487	182	267	283
493	139	291	324
487	116	299	347
484	113	320	345
492	118	312	339
492	124	315	333
486	132	322	323
490	141	317	314
490	148	318	305
492	158	317	294
494	162	315	292
491	172	316	284
489	176	317	278
492	178	315	274
491	177	317	275
491	173	316	277
490	170	316	279
491	162	314	284
491	162	311	283
491	155	299	291
496	155	267	290
494	154	309	291
494	149	283	298
495	151	306	296
493	149	299	297
495	150	302	297
494	149	299	299
495	147	298	303
490	145	267	303
484	139	277	313
482	134	265	318
489	130	287	319
485	124	302	334
486	118	294	333
483	110	305	346
488	106	300	346
484	97	303	357
486	89	301	366
482	81	298	371
482	74	298	377
479	67	302	383
472	56	311	395
475	48	306	401
473	41	310	407
478	36	314	410
478	35	320	413
475	31	320	416
480	34	321	413
478	37	320	411
476	39	314	406
478	45	316	399
477	48	313	393
480	51	311	390
481	52	307	387
480	54	305	384
483	61	302	374
486	66	301	365
482	76	305	354
483	86	304	343
480	96	304	331
483	104	299	322
487	112	293	309
486	123	294	296
489	132	287	284
491	141	286	270
489	153	288	255
492	163	286	240
492	172	287	233
493	169	286	235
495	160	287	239
495	156	287	243
496	149	285	249
496	144	282	252
498	141	278	255
502	134	271	267
501	128	269	274
503	123	263	276
504	119	261	283
507	112	259	289
508	106	259	294
507	101	262	301
509	98	266	299
510	94	264	301
510	90	265	308
509	87	268	315
508	83	272	318
508	79	272	320
507	76	276	320
508	72	280	339
507	64	281	341
505	60	286	360
504	58	287	364
505	50	290	375
502	48	299	381
503	40	299	391
502	29	307	407
500	19	309	418
495	13	320	423
499	12	319	424
496	11	322	427
492	13	329	421
489	20	336	408
492	25	329	397
488	30	332	384
487	34	333	370
489	39	326	356
492	44	324	347
487	49	323	339
486	56	324	330
485	64	320	319
483	72	323	309
483	79	324	301
484	86	322	291
481	91	326	280
480	104	326	263
480	109	325	254
480	114	326	248
477	108	330	257
478	102	327	257
478	98	323	267
476	92	327	269
475	87	318	275
474	83	324	281
474	85	318	277
474	79	312	285
474	75	310	288
476	75	305	287
473	74	244	287
474	72	235	283
473	73	237	283
474	70	241	285
474	69	245	284
475	67	259	288
477	68	284	288
475	70	295	285
475	68	296	283
474	69	298	284
475	68	301	285
477	65	301	288
479	65	301	286
478	67	305	284
479	65	305	288
479	67	305	286
483	67	269	285
484	63	288	288
484	60	280	291
481	61	274	290
483	57	276	297
482	55	267	297
483	47	277	305
483	47	264	303
482	41	269	311
484	35	257	317
485	26	251	324
486	25	244	322
487	21	242	325
489	15	243	328
489	12	250	333
489	8	251	333
488	5	261	336
489	2	261	340
489	0	263	344
489	0	273	347
490	0	282	346
487	1	283	347
489	0	288	349
485	2	285	347
488	4	287	347
486	10	287	342
483	17	292	335
485	28	290	326
484	37	288	316
483	43	298	314
482	51	295	303
482	55	299	299
481	61	293	293
481	72	295	282
479	83	292	271
479	96	295	258
477	105	292	248
475	113	298	241
473	121	295	233
473	127	296	227
473	140	292	216
468	144	292	213
471	141	282	212
472	142	281	212
470	137	285	216
469	133	283	222
468	129	283	223
467	128	280	223
465	128	275	225
465	121	272	232
464	120	270	233
464	114	268	238
466	111	265	244
465	108	261	247
465	106	260	252
462	103	261	256
463	101	257	258
464	97	256	266
463	97	253	266
461	84	259	277
463	88	256	274
460	78	260	286
460	84	259	279
461	74	262	290
460	62	263	304
461	52	263	315
462	55	264	319
461	60	268	311
460	58	272	317
461	45	273	327
460	31	279	344
461	52	288	330
461	31	286	349
461	51	296	331
463	37	296	346
464	38	306	345
465	32	310	351
466	40	313	343
466	50	316	333
470	57	321	326
467	56	327	322
468	67	327	310
466	72	331	302
466	72	328	299
467	80	326	290
470	87	323	278
470	95	330	271
471	102	330	263
470	113	334	251
469	113	336	250
469	119	337	243
471	130	334	229
471	131	337	226
472	136	336	219
473	137	335	219
473	138	336	217
473	135	335	219
473	134	337	218
474	136	337	216
475	130	335	220
476	123	333	224
476	128	334	220
476	127	336	221
476	121	337	226
476	121	337	224
476	119	338	226
474	115	341	227
476	107	342	233
474	112	338	230
473	93	345	246
471	96	340	242
472	93	348	246
473	93	350	243
471	85	357	248
471	88	359	243
468	83	364	245
472	85	363	241
471	85	366	242
470	83	361	244
471	79	362	249
471	79	362	248
470	81	364	248
469	81	363	248
468	81	365	246
466	77	366	253
467	78	364	251
466	73	368	257
465	71	369	263
465	70	371	266
466	67	369	269
464	57	373	284
463	57	373	280
462	59	379	279
460	54	377	286
461	51	376	288
462	53	379	287
462	52	375	288
462	47	378	295
461	48	375	292
463	37	378	304
463	41	375	305
465	39	374	305
463	43	370	299
464	34	368	310
463	35	369	309
460	33	367	312
459	38	362	308
460	35	359	312
459	42	351	301
457	35	353	308
457	40	354	302
458	44	352	295
458	52	348	286
457	60	343	278
458	70	336	269
460	76	333	259
462	82	328	252
461	87	327	247
462	94	322	237
459	101	321	230
459	108	321	223
459	116	319	215
459	123	315	212
459	133	319	204
456	138	323	201
457	143	323	196
456	146	326	192
457	140	325	197
458	135	321	202
457	135	325	209
456	139	325	205
454	134	330	212
455	132	326	212
455	132	324	215
454	130	325	221
454	129	325	220
451	124	327	225
449	116	327	234
449	117	326	235
446	117	322	237
443	114	327	243
443	111	325	247
443	105	322	254
443	100	322	259
442	96	321	265
442	95	318	266
441	92	318	270
442	88	318	279
443	78	311	287
441	74	313	292
445	71	310	298
442	61	309	307
443	65	308	305
443	51	303	319
442	50	309	321
440	51	310	320
441	56	306	319
441	58	305	318
438	37	314	343
439	32	311	348
437	20	312	362
435	26	315	353
430	27	323	354
431	32	315	348
426	6	320	375
425	10	316	371
423	31	313	351
427	65	296	300
426	44	301	326
420	72	297	294
420	47	304	313
424	90	294	259
421	60	303	293
419	88	303	254
418	61	307	286
414	83	314	259
414	70	314	274
414	76	316	266
417	64	324	277
415	76	328	267
414	81	331	264
417	85	333	259
412	89	343	254
410	95	349	249
412	101	350	243
412	105	353	236
416	110	350	232
416	118	351	226
419	124	352	210
412	127	361	219
417	133	359	215
405	131	371	219
413	132	364	221
411	133	369	220
413	132	370	226
409	130	373	231
409	127	375	228
413	127	369	230
410	124	373	234
414	123	369	234
411	119	373	232
410	114	377	226
408	111	381	234
403	103	385	237
394	103	399	246
392	103	406	249
391	99	411	255
386	94	416	255
390	90	410	261
380	83	421	267
378	81	422	273
372	79	426	273
372	74	431	270
367	69	431	281
364	65	439	287
371	59	426	285
366	58	433	287
374	49	423	287
382	43	397	297
369	38	411	301
358	30	427	313
349	22	423	311
378	14	387	327
361	9	416	330
380	5	393	330
382	4	396	337
362	1	419	341
348	1	428	337
369	0	404	334
355	3	413	338
344	1	423	334
346	1	412	333
356	11	396	320
344	9	394	328
342	9	391	329
332	23	397	318
329	26	396	313
339	17	381	323
319	20	398	318
316	29	394	307
320	32	383	311
307	41	383	302
334	44	352	302
312	53	364	288
317	58	356	278
301	66	366	270
295	74	357	263
282	81	371	257
285	88	359	261
287	95	347	239
284	98	342	235
285	103	335	231
292	112	322	218
282	120	329	219
275	125	337	206
289	131	323	200
269	127	337	203
271	127	332	202
277	125	322	201
279	126	320	204
271	119	326	210
270	117	324	215
267	115	327	221
271	110	325	219
265	111	327	217
262	109	330	225
261	106	331	228
255	106	335	230
252	104	336	238
247	99	339	240
248	98	335	245
252	95	331	249
253	94	324	252
251	86	328	263
268	84	309	266
245	79	331	277
271	78	304	282
242	76	332	279
283	70	294	292
264	65	309	292
275	63	297	295
270	56	302	303
272	49	301	309
270	37	300	318
265	38	304	317
281	29	289	326
285	20	284	337
285	15	292	344
291	7	293	352
278	1	309	358
269	0	311	358
273	1	310	359
284	0	295	356
284	0	298	354
285	0	293	354
301	0	282	352
306	0	275	349
302	0	278	349
315	0	266	344
310	2	271	340
309	5	273	333
300	14	278	320
330	0	256	323
342	2	241	322
335	9	243	311
342	7	234	316
331	7	246	301
342	33	235	280
374	12	208	294
368	6	213	302
367	8	216	297
373	11	210	292
380	15	206	292
376	16	219	287
353	20	237	280
356	23	248	277
344	29	257	275
358	35	252	261
351	39	258	256
376	45	241	252
328	50	282	241
354	55	260	241
368	58	250	238
372	63	246	231
367	68	252	226
370	73	249	219
360	80	259	213
363	83	257	213
350	89	271	204
386	94	233	206
357	101	265	196
374	102	245	194
378	108	245	184
368	112	260	185
362	115	264	183
368	117	258	184
363	114	269	188
390	112	243	192
385	112	252	197
380	110	257	201
390	112	250	202
388	112	255	203
394	112	249	207
393	111	256	207
386	110	265	212
403	108	248	219
397	108	258	213
402	107	256	217
404	104	257	220
407	103	258	223
413	96	253	229
416	94	257	232
421	91	256	238
419	88	260	247
429	86	253	250
428	85	261	247
424	83	272	257
426	83	275	254
433	81	272	257
434	81	279	261
442	76	275	265
444	74	277	269
440	74	285	272
441	73	290	276
447	73	288	274
456	71	283	283
460	70	280	286
449	67	297	291
432	65	307	298
465	69	284	300
469	63	284	305
462	65	285	311
479	66	277	311
475	67	289	311
470	67	296	313
445	68	317	318
465	73	298	311
493	74	277	316
492	75	282	313
481	78	296	310
493	80	282	313
496	82	284	312
502	82	273	309
485	86	291	314
498	93	284	304
519	91	269	303
505	92	290	303
512	96	282	293
499	102	298	288
549	101	237	286
530	101	260	296
530	107	266	285
553	110	247	281
586	109	219	282
554	111	248	282
573	114	221	275
537	116	268	278
609	119	205	262
595	121	207	262
542	125	271	261
602	132	217	249
582	133	234	251
542	137	276	249
618	141	202	242
612	145	208	241
577	150	247	235
626	157	204	230
630	160	195	226
629	164	199	227
623	170	205	223
627	174	204	215
613	177	217	214
628	181	203	207
623	186	214	200
632	190	205	201
621	194	212	199
597	199	242	197
607	203	232	193
614	208	224	192
591	211	248	183
610	215	236	177
596	216	247	182
607	216	236	169
618	211	228	184
636	211	212	186
620	208	228	177
640	207	208	183
651	207	198	173
649	207	203	172
645	205	209	183
655	202	195	183
650	200	205	195
642	197	212	194
656	198	203	185
668	196	195	175
667	193	192	170
667	191	190	184
663	190	198	183
660	187	203	194
657	185	210	195
662	183	207	195
672	182	198	208
659	177	210	200
662	178	213	206
666	177	206	218
668	172	209	216
656	173	217	208
650	170	227	201
657	171	218	203
665	168	214	213
657	168	227	196
673	167	208	215
653	166	233	204
643	164	238	212
656	162	233	216
654	158	237	212
644	156	241	215
659	155	235	221
644	150	247	211
655	152	239	205
662	148	230	222
671	143	225	245
669	143	229	251
674	136	221	260
664	136	237	257
652	134	255	258
671	137	237	257
659	128	247	264
672	133	243	262
646	129	267	251
667	135	252	262
658	124	260	259
652	129	277	248
652	132	275	236
657	130	277	223
660	131	270	238
673	136	263	217
673	130	265	228
658	134	278	225
676	131	266	219
677	134	265	218
671	131	272	250
671	135	274	254
678	135	274	267
672	136	277	250
668	136	285	263
666	139	290	245
661	139	300	251
680	137	290	237
666	140	300	259
678	138	293	250
677	141	295	242
685	144	288	245
689	144	295	238
666	143	315	238
662	142	326	256
655	141	334	275
674	143	321	242
666	144	330	259
659	144	341	261
661	142	342	274
677	143	331	260
664	144	344	254
642	147	365	268
677	148	340	269
667	146	351	255
657	153	358	275
667	149	351	303
654	148	364	274
665	153	353	290
668	150	349	289
664	150	358	311
668	156	350	278
663	158	357	295
672	159	346	284
654	164	362	293
661	170	354	285
662	175	350	281
654	176	355	310
670	173	341	271
661	186	346	292
679	183	330	242
678	196	335	282
696	199	323	244
699	206	309	267
690	213	319	263
700	219	313	268
690	226	322	266
675	232	327	255
716	241	297	269
697	244	314	251
675	252	336	238
679	256	331	251
677	264	333	248
708	274	308	216
710	279	303	184
723	283	296	182
727	288	290	165
730	291	288	156
737	290	279	156
735	290	278	153
737	289	276	157
734	288	277	152
741	288	269	158
744	288	265	150
745	289	265	164
746	286	264	150
748	285	257	160
736	280	269	163
739	280	264	167
744	277	258	160
745	276	258	171
756	276	246	180
739	274	264	169
733	270	270	167
738	272	266	167
736	270	267	170
736	271	265	171
746	270	258	174
737	268	264	177
743	268	260	176
748	269	255	180
752	265	253	183
744	266	260	183
757	264	243	187
750	264	249	184
753	261	244	190
759	263	237	192
747	260	250	195
758	264	236	193
754	260	238	197
756	259	236	199
758	260	233	199
761	260	231	203
760	261	232	214
795	262	201	221
780	256	190	244
785	257	209	235
759	257	223	218
762	259	228	219
762	262	231	230
766	260	228	245
756	260	216	242
755	258	216	238
763	263	227	231
769	259	218	264
759	256	219	240
764	258	221	244
769	254	217	254
791	250	199	299
758	250	223	276
774	247	220	267
759	246	235	300
790	249	208	285
781	245	210	306
752	245	242	280
783	246	219	287
761	245	236	273
781	246	214	290
757	249	238	280
760	253	242	282
749	254	251	282
768	262	231	282
774	260	224	277
778	269	218	268
775	271	222	259
786	280	211	265
797	280	201	233
793	291	208	217
787	296	213	213
789	300	212	213
787	306	213	212
787	311	213	204
788	319	212	192
781	327	216	181
778	331	220	173
786	340	215	165
781	345	216	159
784	354	214	150
783	360	213	139
777	360	220	141
789	358	207	141
793	357	204	144
785	357	210	145
778	354	217	152
780	352	214	155
783	351	211	162
778	348	213	178
779	350	215	180
781	346	210	194
773	342	215	182
777	342	209	180
777	340	206	186
778	338	203	186
777	337	200	192
783	334	194	192
784	329	192	201
769	326	201	201
766	324	201	204
765	323	197	207
768	321	192	216
764	318	201	218
765	318	186	219
765	319	190	226
757	316	190	225
759	316	184	230
758	313	189	231
758	315	181	232
756	313	182	235
754	316	185	235
756	314	184	238
755	309	185	248
752	314	182	243
748	312	183	249
751	317	177	251
748	305	189	261
747	307	192	269
744	301	196	270
743	306	196	266
742	302	195	274
734	283	216	301
732	296	214	290
727	314	210	276
730	300	216	293
723	302	228	292
733	290	219	299
731	322	213	271
735	320	216	276
738	303	216	297
738	318	213	284
741	315	213	286
742	309	215	301
746	309	217	295
750	318	212	295
743	321	222	296
742	313	227	302
748	310	224	305
744	307	228	320
748	310	236	349
744	323	228	311
749	324	231	346
749	321	233	308
750	323	239	359
746	319	241	325
747	319	247	297
752	321	240	320
757	328	235	314
756	333	242	268
756	332	240	267
763	336	242	272
761	339	241	261
764	343	245	255
765	347	241	254
765	349	245	257
764	352	243	261
764	356	246	259
765	361	244	251
768	364	244	237
766	366	246	251
768	373	244	238
768	375	246	233
767	379	247	228
768	380	248	231
769	383	248	221
768	383	249	216
767	386	248	210
769	383	247	202
769	384	246	211
768	380	249	212
770	379	245	205
769	375	245	207
769	378	243	218
768	370	245	203
770	371	245	212
767	369	244	211
766	368	243	218
768	363	242	218
767	368	243	222
767	362	246	217
767	363	242	231
769	359	240	239
768	358	241	251
766	357	243	240
765	356	238	250
761	355	242	248
760	357	244	248
761	357	243	237
764	359	238	247
763	357	239	234
761	356	241	243
762	352	238	247
760	353	239	245
758	350	240	250
757	346	239	254
755	346	242	257
754	341	241	261
753	333	242	269
752	334	244	266
750	330	246	267
749	329	245	271
748	325	245	275
750	318	242	282
750	318	240	283
747	316	247	283
746	313	248	285
744	310	253	288
744	309	250	289
742	307	255	289
743	306	255	289
742	302	267	296
741	302	264	299
739	301	268	298
738	299	273	302
738	301	272	300
736	300	279	303
735	299	286	306
731	301	289	309
728	302	297	313
730	301	301	317
729	304	303	310
730	304	300	314
728	308	301	314
729	309	302	308
730	313	299	304
730	318	301	299
731	321	299	302
729	325	300	295
726	329	304	294
726	334	301	293
723	339	306	284
723	344	304	286
721	348	303	270
723	354	304	282
718	361	307	257
722	365	302	267
720	378	303	245
721	382	302	250
720	388	300	242
719	392	297	221
720	392	293	244
716	401	296	219
715	405	294	199
715	410	283	207
718	416	276	185
718	421	270	180
715	421	270	181
717	421	267	172
717	422	267	168
715	414	269	171
716	414	268	166
718	417	268	166
718	411	270	163
720	404	269	169
720	400	267	164
722	399	265	167
723	392	264	166
725	393	268	168
725	380	270	174
725	381	270	170
727	373	269	179
727	370	269	183
730	372	269	182
730	366	270	183
734	368	265	185
736	362	264	192
737	355	263	202
738	356	263	200
738	358	262	199
742	357	260	205
744	352	256	216
744	354	258	215
747	352	254	218
748	350	252	220
751	346	250	233
752	341	248	239
752	341	249	241
754	340	248	244
755	336	244	247
755	334	240	244
756	335	241	246
755	332	244	251
755	328	231	252
759	320	217	257
760	319	225	255
763	317	220	257
766	313	217	262
767	313	212	264
768	302	207	273
769	300	205	291
769	296	199	284
774	293	208	295
771	292	212	288
774	283	205	302
773	279	206	317
774	275	212	305
776	273	218	312
778	277	199	306
778	269	201	322
778	266	197	327
779	268	195	341
781	266	202	335
779	261	202	347
783	262	200	354
782	270	198	341
781	272	197	349
785	273	195	335
784	273	199	344
784	274	196	317
784	279	195	306
784	282	192	304
784	291	192	296
786	293	185	293
785	295	191	296
784	302	190	292
784	307	190	287
784	315	193	280
785	321	190	275
784	327	196	270
783	334	200	267
783	335	200	264
783	341	205	259
782	347	207	254
782	352	207	251
782	357	209	247
780	361	215	244
781	368	218	240
782	372	218	235
783	378	218	228
784	383	221	223
785	387	220	221
787	398	219	210
787	404	219	205
789	410	218	198
791	413	218	196
791	416	218	194
792	418	216	191
792	418	220	192
793	415	221	192
791	417	223	189
794	412	221	194
793	411	224	194
795	407	223	195
795	405	224	198
795	400	225	198
793	398	225	198
795	396	226	200
792	394	227	202
794	392	228	198
793	385	228	206
794	383	227	204
794	378	228	209
795	375	229	209
794	370	231	213
797	365	228	214
795	364	231	215
795	359	232	218
795	358	228	218
798	353	227	222
796	350	230	223
796	344	228	227
797	340	228	232
796	337	229	233
796	333	230	237
796	330	232	240
798	328	231	242
798	326	231	241
799	319	230	247
800	313	231	253
800	307	225	254
798	303	233	259
798	298	232	263
800	292	229	269
800	287	230	272
801	285	232	274
803	280	233	279
803	276	237	283
801	271	242	287
802	267	242	291
805	262	240	296
806	259	240	300
805	256	241	302
805	252	239	305
808	251	237	306
808	251	238	307
808	251	235	306
810	250	232	306
812	252	232	305
813	253	230	306
811	254	228	304
815	256	224	305
812	258	226	301
816	260	222	301
808	262	213	299
823	267	215	296
816	266	218	295
816	266	220	294
816	269	211	291
820	270	205	291
814	273	194	283
818	278	200	281
821	278	205	280
820	281	196	275
820	283	199	273
822	287	193	265
822	292	191	262
825	295	183	259
826	296	178	256
827	301	177	252
826	306	180	247
826	310	179	242
827	314	176	238
828	319	178	233
829	324	177	228
830	329	175	225
826	336	175	218
828	340	173	213
830	346	171	208
830	352	169	201
828	357	171	195
828	362	171	191
829	368	167	188
830	372	165	184
830	376	165	181
830	375	165	182
831	374	163	185
832	372	161	188
833	370	160	190
831	370	161	190
832	368	162	192
832	366	161	194
831	363	162	198
831	362	161	200
832	357	161	206
831	356	162	206
832	352	157	209
831	349	158	214
830	347	158	215
831	343	153	218
831	338	153	222
830	337	153	223
831	331	154	229
833	324	155	236
830	317	156	242
830	314	160	245
831	312	162	247
833	306	165	251
830	302	172	256
831	300	167	259
834	294	171	264
832	289	172	271
832	280	171	281
832	279	169	280
834	275	169	286
832	270	174	293
834	267	172	297
833	262	176	301
836	256	174	307
836	249	174	316
836	250	173	315
836	255	167	312
838	243	169	322
837	244	170	322
836	236	174	329
837	241	169	325
837	238	166	326
837	241	165	324
837	234	165	330
836	235	167	328
837	235	166	328
838	238	164	324
836	244	164	315
838	247	160	311
839	250	160	307
839	254	158	301
839	251	158	300
841	250	161	302
841	254	160	295
841	257	159	291
841	258	160	288
842	259	163	287
843	266	161	278
844	264	163	277
846	267	163	272
847	270	163	267
847	274	163	261
849	278	162	255
851	282	162	251
852	284	162	247
853	285	166	246
853	289	165	242
855	292	166	239
854	294	166	236
854	296	170	233
856	297	165	232
858	299	164	228
860	302	167	224
862	304	167	221
863	306	171	220
865	302	170	223
867	298	170	225
868	298	171	224
871	293	168	228
873	286	169	233
876	283	166	235
877	281	164	233
878	276	166	237
880	274	169	236
882	271	165	238
883	268	164	238
886	263	165	239
889	258	161	244
892	254	163	247
893	248	162	248
897	243	160	250
900	236	158	257
902	228	160	259
904	223	160	263
906	217	161	268
909	208	160	273
912	201	160	280
916	193	158	287
920	188	157	291
923	183	155	293
927	175	156	301
930	170	158	306
934	171	157	305
937	166	159	310
942	162	158	311
947	160	156	311
950	159	157	311
951	158	158	310
957	157	159	309
959	158	162	306
963	155	162	307
968	152	160	307
970	151	163	303
976	151	163	301
982	148	160	301
984	146	162	298
987	142	162	299
987	142	167	296
994	140	163	292
