1006	294	100	67
1031	289	92	67
1052	284	91	66
1074	275	88	68
1092	269	88	68
1110	261	86	68
1125	255	86	69
1138	248	86	71
1153	242	87	70
1171	235	86	70
1186	228	85	71
1201	221	83	73
1214	213	81	74
1225	206	81	76
1229	203	87	75
1232	203	87	76
1230	207	92	75
1231	213	91	71
1188	217	136	87
1116	222	203	71
1218	227	101	67
1222	231	92	71
1223	237	79	67
1231	244	61	75
1245	250	47	70
1243	263	48	64
1232	290	51	45
1220	276	61	62
1208	279	75	65
1190	290	81	59
1174	300	83	54
1156	306	89	55
1137	312	94	57
1118	318	94	58
1101	324	96	59
1080	335	96	54
1059	341	96	57
1040	348	96	57
1022	355	93	59
1005	363	93	59
990	369	95	60
974	376	97	58
958	384	96	57
943	392	88	52
928	399	93	50
912	402	92	51
899	406	89	51
885	412	89	49
871	414	88	50
856	417	91	50
840	422	92	50
828	427	94	48
816	429	90	48
803	431	86	49
790	434	88	49
776	432	88	53
762	439	92	52
748	444	93	51
736	447	93	52
722	453	96	50
709	456	97	51
699	459	101	51
688	462	92	52
677	464	92	53
666	470	103	51
656	474	97	48
645	476	94	48
635	478	94	48
626	480	96	49
620	481	89	51
611	484	97	49
607	486	95	47
595	486	94	48
591	486	82	49
583	488	84	50
575	488	84	53
569	490	87	52
562	490	87	52
554	492	90	50
546	493	89	50
541	495	94	50
537	496	87	50
528	496	86	50
507	495	89	49
499	497	91	51
490	496	92	51
478	495	96	53
466	495	98	50
458	494	91	52
463	495	78	53
446	494	89	53
435	496	87	51
423	494	83	47
