1578	0	180	46
1575	0	202	63
1568	2	215	73
1564	4	226	88
1561	4	233	97
1555	14	243	102
1549	28	239	96
1537	25	275	101
1533	27	319	110
1518	9	323	130
1503	2	339	144
1503	0	330	148
1495	0	340	153
1470	0	358	156
1443	0	430	158
1458	0	455	167
1452	0	416	181
1434	0	415	191
1408	0	433	194
1431	9	395	203
1420	9	385	215
1396	15	439	214
1410	12	398	235
1410	13	407	233
1408	19	374	228
1400	35	366	210
1375	48	391	200
1388	48	399	204
1399	50	384	200
1399	65	367	185
1396	78	372	177
1397	65	361	193
1388	77	361	188
1395	83	340	184
1384	78	318	187
1391	86	341	191
1390	91	338	192
1397	102	305	181
1405	78	322	207
1402	93	335	201
1392	78	337	214
1367	77	357	222
1363	84	365	223
1367	93	345	227
1349	115	335	207
1347	126	330	201
1348	148	307	185
1332	129	284	192
1316	156	326	170
1307	173	286	167
1292	183	275	167
1274	196	281	159
1273	204	265	155
1261	218	248	151
1245	224	274	155
1229	231	279	156
1211	242	284	147
1196	255	280	144
1181	265	261	142
1162	272	267	137
1150	277	269	139
1138	285	241	137
1123	288	238	135
1104	296	235	131
1095	299	231	129
1086	301	224	129
1067	310	226	131
1057	313	239	133
1047	319	255	131
1034	326	270	128
1017	325	284	137
1012	332	306	135
981	337	255	139
993	343	291	135
991	346	284	138
977	350	308	142
945	362	258	137
943	374	221	126
939	378	216	125
937	386	199	124
935	390	197	124
925	396	196	121
920	401	199	120
908	402	194	121
891	403	203	122
891	411	192	116
890	415	190	116
885	411	212	123
874	417	198	119
861	417	190	120
856	419	178	119
860	429	152	116
851	437	157	111
849	438	159	116
838	440	170	114
817	444	192	114
806	421	178	125
790	432	234	153
720	446	247	119
781	439	231	125
737	411	270	143
724	417	256	131
660	442	304	122
736	411	235	150
742	424	239	130
740	409	193	140
698	365	264	171
708	357	344	238
693	387	588	544
604	0	710	588
579	3	1323	383
750	0	1159	448
614	0	1302	453
583	0	1331	515
597	0	1322	461
593	0	1323	493
594	0	1325	472
601	0	1318	494
584	0	1334	478
603	0	1316	481
593	0	1325	495
571	0	1340	500
596	0	1323	448
625	0	1294	473
615	0	1304	469
636	0	1283	449
640	0	1279	471
626	0	1293	478
619	1	1300	455
625	0	1294	449
628	1	1291	420
638	0	1281	467
614	4	1305	423
679	0	1240	442
652	0	1267	419
724	0	1195	413
640	0	1279	407
722	0	1197	383
754	0	1165	381
676	0	1241	379
666	0	1253	399
660	0	1259	388
722	0	1197	382
758	0	1161	390
821	0	1098	330
779	0	1140	324
732	0	1176	354
761	0	1158	327
966	0	946	342
829	0	1090	379
749	0	1170	371
765	0	1154	368
820	0	1093	352
784	0	1135	356
764	0	1146	372
793	0	1120	377
824	0	1074	362
805	0	1102	379
803	0	1093	366
823	0	1020	372
804	0	1080	379
824	0	1066	386
802	0	1116	357
833	4	1052	372
775	0	1140	392
785	0	1104	376
846	1	1070	388
841	8	1055	362
805	0	1114	364
805	0	1108	370
808	0	1111	359
1034	0	876	362
1048	0	871	328
820	7	972	342
1065	0	843	355
882	10	874	342
809	11	1059	335
723	5	1063	405
775	0	1139	424
772	0	1138	428
780	0	1124	427
770	0	1137	421
777	0	1127	433
756	0	963	446
622	0	1216	464
612	0	1252	435
656	0	1210	454
589	4	965	477
641	0	915	465
722	0	851	428
572	2	993	438
679	0	917	459
535	0	1007	466
526	0	1198	452
659	0	987	474
503	2	1234	433
658	0	881	466
595	6	1012	431
672	0	982	435
566	0	1224	447
560	4	1257	442
639	1	1203	455
633	0	1168	464
561	0	1307	471
624	2	1193	499
636	0	1110	467
642	0	1087	485
656	0	1086	470
666	0	1081	460
667	0	1084	457
660	0	1021	478
720	0	951	461
634	10	1015	446
639	0	991	473
660	0	970	476
675	3	969	449
655	5	975	451
647	11	949	447
620	4	962	486
661	0	921	479
588	9	1010	466
534	0	1021	488
630	11	938	409
564	10	964	430
529	20	995	409
527	26	996	420
505	15	1021	401
463	0	1000	448
630	6	865	391
773	7	745	364
717	74	727	356
635	32	846	380
465	63	976	360
454	45	1016	410
440	24	1053	409
436	37	1020	416
427	60	1046	391
417	36	1067	427
412	44	1068	408
679	37	799	380
642	68	675	380
643	134	804	273
715	113	728	269
689	139	716	254
775	131	679	237
600	83	692	320
587	121	789	315
629	105	798	288
426	118	722	379
449	88	683	456
464	76	810	446
611	71	882	392
620	61	797	352
530	72	705	413
541	108	854	337
609	125	761	361
633	112	756	308
577	123	807	318
600	123	791	346
575	144	805	297
591	145	774	320
601	142	784	278
649	140	699	295
652	145	679	300
646	119	716	311
639	77	712	397
638	74	697	400
659	46	696	427
640	3	712	428
633	22	792	477
634	0	986	391
627	8	694	434
636	27	805	424
644	0	920	450
631	7	699	493
618	0	825	480
636	0	878	489
622	1	933	479
610	14	661	534
616	9	799	466
613	0	898	455
625	0	967	392
626	29	685	383
605	29	501	432
609	70	483	385
632	107	405	384
645	142	407	297
661	135	366	267
693	170	315	230
708	176	285	215
737	158	256	214
748	158	230	213
740	162	218	226
751	147	223	226
731	168	231	215
755	156	219	221
743	157	220	226
758	169	210	208
727	186	232	213
716	172	246	227
722	165	249	255
698	219	268	216
721	182	262	238
675	209	302	243
725	302	369	198
736	235	339	232
673	277	363	223
713	207	366	289
709	112	372	358
690	204	470	278
688	147	439	346
661	156	444	349
686	196	439	306
711	153	467	309
665	169	469	330
675	203	464	298
686	178	477	296
706	150	485	328
674	111	451	387
728	161	468	296
686	162	415	330
709	25	436	424
689	13	552	430
718	0	732	427
684	14	778	462
719	14	799	431
722	0	740	463
674	1	805	465
721	5	756	445
706	0	777	425
742	0	758	404
686	13	797	455
727	0	846	448
734	0	967	400
720	0	869	430
744	0	848	410
701	6	780	477
728	0	884	439
713	5	840	415
711	9	838	383
723	14	793	376
721	16	792	389
757	5	911	398
769	5	849	402
767	2	834	371
717	13	1157	384
785	0	1101	440
719	0	1105	444
753	1	1119	442
799	0	1051	438
784	0	1107	454
849	0	1028	446
724	7	946	451
829	0	1072	442
804	0	823	456
828	2	1012	443
813	0	1029	465
875	0	998	456
816	0	1054	450
780	0	1085	464
869	0	999	459
811	0	1094	428
851	0	1048	452
809	0	1097	438
810	0	1086	457
866	0	1011	445
798	0	1106	440
774	0	1139	439
754	0	1145	456
699	0	1200	450
807	0	1067	450
779	0	1119	443
734	0	1136	462
722	5	1128	465
748	0	1139	436
730	1	1094	452
677	0	1183	458
871	0	975	465
709	9	1159	441
649	0	1204	451
750	0	1102	466
712	0	1179	424
820	0	1064	464
823	0	1071	476
828	3	1062	433
820	0	1099	363
777	0	1106	431
735	0	1141	436
805	0	1091	394
745	12	1102	409
795	0	1105	440
769	3	1131	417
795	0	1108	420
821	0	1080	405
711	0	1173	411
735	0	1099	450
652	0	1221	463
822	0	1084	381
826	0	1023	400
724	0	1170	417
766	0	1151	432
819	0	1087	470
799	0	1094	412
788	2	1041	425
845	0	1056	427
764	0	1098	425
1019	0	857	408
1056	9	802	360
1182	12	690	371
1154	3	711	374
845	0	1026	409
1043	0	826	417
1159	0	711	391
842	0	1038	373
1094	0	765	410
1149	4	700	383
1134	1	736	380
1236	5	624	381
1222	0	640	377
1188	0	675	383
1241	3	625	385
1249	8	625	375
1255	10	619	392
1241	6	605	381
1290	3	578	396
1299	5	573	390
1337	2	516	367
1329	7	493	359
1336	0	475	380
1347	0	469	380
1342	1	466	398
1367	14	484	386
1347	1	510	378
1328	0	522	401
1347	5	509	386
1355	10	471	380
1347	23	488	353
1331	22	491	353
1334	30	496	367
1313	33	499	342
1314	80	539	310
1305	48	523	350
1309	36	532	352
1291	80	565	297
1290	65	558	312
1275	59	578	320
1277	104	581	296
1258	129	588	245
1251	81	469	264
1264	86	363	250
1257	83	348	232
1255	91	343	230
1244	109	351	212
1239	104	338	220
1241	116	338	211
1238	119	334	210
1226	119	334	210
1220	126	328	203
1210	132	330	202
1196	140	325	193
1211	140	315	200
1203	141	301	202
1200	148	303	192
1196	151	303	192
1186	153	299	191
1177	158	303	185
1188	163	288	181
1177	167	275	179
1168	170	276	175
1167	170	279	175
1168	170	263	179
1167	171	254	177
1165	178	242	171
1166	165	250	182
1158	171	244	178
1145	181	239	175
1149	179	238	163
1144	172	237	169
1146	146	237	188
1148	116	264	223
1164	142	289	188
1140	120	267	212
1151	141	282	192
1133	132	261	198
1117	121	288	203
1131	127	298	210
1124	98	308	225
1140	150	309	187
1125	137	276	194
1097	59	332	291
1139	51	418	298
1044	96	533	265
1073	95	626	316
1119	121	680	277
1082	107	685	283
1088	116	635	301
997	2	810	419
978	16	941	386
879	0	1008	385
1126	0	769	429
1027	0	839	368
894	0	1011	422
855	8	1034	434
791	0	1116	424
715	0	1177	429
693	0	1161	439
669	0	1201	469
683	0	1196	486
637	1	1222	483
848	0	1003	484
794	0	1086	435
987	0	891	385
1205	8	690	390
1096	1	785	346
1331	14	588	361
1271	1	648	289
1424	0	495	271
1425	1	488	257
1439	4	467	237
1449	21	460	220
1475	31	444	225
1598	25	319	259
1577	33	342	237
1567	37	349	236
1545	40	367	228
1592	52	324	231
1591	83	328	206
1602	111	316	178
1619	122	294	180
1621	143	291	163
1641	139	258	171
1634	160	251	156
1620	152	252	160
1606	161	258	156
1614	170	235	152
1608	171	234	146
1602	170	233	146
1595	174	233	144
1591	169	232	148
1589	181	235	141
1588	180	229	143
1578	180	250	146
1574	182	246	141
1569	184	244	136
1568	182	266	144
1558	176	275	146
1555	175	274	151
1546	171	273	154
1542	177	272	155
1542	175	262	156
1539	175	256	157
1537	181	255	153
1530	176	255	150
1531	192	244	139
1529	193	238	137
1527	194	228	138
1522	196	217	136
1518	200	211	133
1511	200	209	133
1510	200	205	130
1504	195	199	130
1508	195	181	124
1504	194	183	121
1497	193	209	120
1493	194	202	122
1489	193	188	121
1484	185	196	126
1485	185	197	123
1475	187	198	124
1475	182	182	127
1478	189	199	118
1469	184	177	123
1473	184	171	120
1468	179	184	124
1462	175	172	138
1462	177	193	129
1467	184	182	125
1466	181	190	126
1464	185	180	125
1468	175	170	133
1459	182	166	131
1456	181	166	128
1449	172	173	134
1447	155	180	156
1449	100	190	204
1476	130	187	181
1451	150	185	165
1442	104	220	211
1513	18	290	169
1510	21	298	166
1510	26	297	162
1494	33	274	156
1492	29	279	167
1485	33	286	165
1482	38	285	165
1476	44	276	160
1474	43	276	173
1464	43	278	178
1454	42	286	204
1452	44	293	186
1448	47	281	196
1453	44	264	197
1449	51	259	238
1439	62	269	271
1410	61	313	231
1439	70	255	261
1440	79	240	262
1431	86	237	256
1431	89	233	251
1431	87	220	247
1423	98	233	239
1421	100	230	234
1402	99	245	233
1395	105	250	236
1381	109	258	225
1359	110	272	220
1370	111	260	219
1338	109	295	235
1341	118	277	204
1342	120	269	206
1317	124	282	195
1332	134	257	156
1306	141	247	156
1321	151	238	163
1308	151	251	149
1294	152	254	164
1294	162	264	153
1281	158	279	144
1278	158	285	148
1268	155	293	150
1265	156	290	149
1256	158	258	144
1254	160	270	136
1247	162	223	131
1248	162	235	131
1236	168	203	126
1231	171	214	125
1223	168	239	129
1218	165	229	135
1206	174	234	129
1202	175	230	129
1205	179	203	125
1192	179	206	124
1190	172	242	129
1190	175	228	132
1173	164	224	141
1131	160	245	134
1150	166	263	144
1093	124	271	164
1092	113	272	163
1091	141	282	160
1079	95	241	161
1081	123	241	152
1081	132	256	161
1107	182	254	138
1099	194	257	126
1093	188	261	127
1082	193	266	131
1078	198	266	126
1080	193	240	135
1069	183	246	138
1056	192	240	144
1060	187	251	145
1052	194	252	158
1046	165	246	175
1016	145	259	185
915	82	358	279
816	8	557	311
812	28	635	356
760	16	681	393
856	78	979	368
872	6	785	441
862	20	919	386
846	22	947	434
803	11	867	466
741	0	1001	446
726	0	1082	520
682	0	1164	469
712	0	1154	455
727	4	1144	485
687	0	1150	492
671	0	1159	559
914	67	997	503
777	0	1100	468
677	0	1147	504
822	3	1056	476
624	0	958	574
823	89	1096	479
716	0	1180	444
666	0	1120	609
914	1	1005	531
834	60	1026	504
715	0	1143	481
677	0	1123	538
864	44	1019	446
772	3	1083	473
713	0	1114	509
928	75	959	513
909	59	972	433
981	93	883	407
705	17	1110	490
868	58	1004	471
743	17	1031	451
1278	89	606	505
1218	119	624	415
1247	142	566	461
1263	127	557	372
1357	132	453	408
1368	167	440	379
1463	148	345	335
1524	155	291	320
1524	156	290	299
1521	146	295	322
1523	139	297	328
1515	125	315	338
1514	120	333	324
1507	114	354	347
1431	140	425	360
1448	132	452	364
1428	127	453	383
1352	52	560	459
1201	74	627	449
1302	78	587	450
1266	62	635	448
996	17	835	502
1014	46	845	454
938	0	881	523
987	31	881	466
675	48	1167	451
639	20	1201	492
645	20	1231	510
705	10	1190	454
671	0	1162	525
682	20	1209	482
718	1	1178	490
713	2	1173	479
734	0	1169	500
621	0	1164	648
648	0	1263	512
699	0	1191	471
722	0	1174	404
739	0	1102	541
706	0	1175	490
724	0	1184	493
667	13	1118	597
691	0	1206	544
695	0	1148	523
848	0	1007	500
582	0	1173	650
676	0	1145	599
595	5	1255	580
760	18	1124	574
675	1	1174	595
642	0	1190	584
650	3	1203	556
724	7	1177	525
749	0	1149	461
668	8	1203	492
835	0	1079	487
812	69	1065	482
728	0	1109	524
758	26	1139	523
676	47	1190	477
945	49	941	434
810	111	1091	374
924	16	938	484
907	46	1009	425
731	94	1094	442
646	178	1243	338
938	179	920	362
1168	186	739	315
1098	225	784	262
1132	197	775	303
1156	232	714	281
1172	172	721	308
1148	252	704	242
