560	525	460	554
550	511	493	564
569	507	462	572
571	519	469	560
577	522	459	557
569	525	481	554
577	530	470	549
584	532	470	547
583	535	489	541
600	532	462	547
600	535	469	544
608	531	463	548
610	538	465	541
604	539	477	540
600	533	476	546
613	534	462	545
607	547	481	532
607	519	486	560
615	519	461	560
618	513	469	566
620	514	465	565
618	505	465	573
620	527	476	552
620	503	486	576
622	507	475	572
624	499	480	580
617	511	491	568
629	492	505	584
632	495	494	584
630	498	492	581
636	499	496	580
654	485	523	586
653	499	481	580
657	468	533	605
623	456	608	614
614	473	609	599
626	461	568	616
635	454	641	615
625	457	631	617
616	447	647	631
627	450	642	629
627	422	587	654
607	464	612	602
603	448	637	626
600	442	638	634
612	468	652	606
637	449	643	618
575	460	597	611
630	444	607	632
611	369	616	707
612	421	623	648
595	430	635	649
591	460	629	618
594	457	675	622
603	440	637	639
611	404	643	675
583	280	651	791
598	357	679	720
539	407	712	672
588	376	699	703
555	422	603	652
607	299	616	774
613	359	654	711
599	429	620	644
595	395	601	657
573	426	637	643
624	368	656	697
549	284	689	762
614	277	626	781
597	195	685	855
585	340	686	727
580	245	672	814
507	194	682	883
511	215	742	849
608	331	690	727
481	245	724	827
646	225	626	853
518	237	742	839
431	243	842	813
224	229	984	822
238	275	1019	781
279	207	962	860
190	230	1013	841
449	245	802	822
200	309	997	738
160	289	1054	776
162	266	1029	791
126	235	1099	833
124	253	1047	802
115	296	982	757
254	241	983	824
202	256	1036	809
171	271	1035	792
604	268	671	796
545	273	638	794
617	263	624	812
546	279	631	787
574	253	638	823
557	263	615	801
757	255	738	803
450	315	705	747
534	281	714	774
528	255	579	818
535	260	565	814
577	273	496	805
591	280	482	797
544	285	550	789
568	288	569	791
544	280	576	799
577	277	552	802
589	272	622	805
557	281	550	797
580	275	539	791
556	288	560	791
578	275	619	802
578	282	655	781
535	292	661	777
634	257	614	820
620	255	638	819
545	259	679	820
555	270	680	784
548	285	670	776
529	244	656	824
580	255	651	818
531	252	626	822
551	280	699	784
547	235	712	824
529	254	700	815
553	299	662	757
552	230	666	829
554	247	680	808
505	218	729	840
559	210	731	849
536	312	688	745
557	203	595	852
566	218	552	848
543	187	673	865
550	189	625	848
582	188	638	873
516	172	694	876
409	168	792	904
540	119	652	951
434	141	746	932
345	129	704	949
59	187	1028	862
460	85	684	972
471	105	713	973
432	97	725	979
629	112	644	949
588	114	625	940
614	109	642	908
514	84	630	933
544	48	727	981
440	192	856	871
607	24	623	1011
533	129	706	875
84	243	982	813
581	40	696	986
422	233	811	754
624	41	569	986
622	160	632	820
633	124	650	851
647	152	626	867
616	120	636	935
85	154	989	909
486	82	777	969
577	81	690	985
646	168	625	898
353	226	846	837
150	153	1063	872
170	152	1135	878
497	96	912	944
596	90	682	958
645	56	612	933
614	95	612	909
617	162	609	831
538	129	802	872
623	116	619	928
654	111	571	928
640	133	591	861
642	111	623	909
648	139	601	920
496	154	818	917
633	123	607	937
631	175	600	816
614	196	618	849
624	232	637	778
637	195	617	861
637	159	601	908
625	203	628	825
628	210	594	847
597	250	616	770
622	183	579	876
571	204	657	859
592	200	627	860
595	239	657	828
570	243	695	815
557	239	695	837
484	244	769	817
630	262	658	799
595	269	668	800
531	293	725	747
493	273	766	798
608	247	723	818
571	205	669	873
574	243	709	830
511	259	727	804
604	233	677	842
498	288	783	791
582	248	668	822
592	273	667	803
578	267	649	794
571	212	668	852
605	278	651	789
547	219	695	856
595	263	669	806
570	275	706	801
590	191	658	869
567	260	740	810
577	262	705	806
607	221	655	840
606	265	664	807
602	246	670	821
605	226	708	853
596	291	667	781
625	301	704	765
632	254	727	801
587	295	712	773
643	286	728	775
627	255	655	809
653	272	803	733
647	205	682	870
653	220	660	810
659	218	649	842
633	195	691	852
628	191	719	844
638	185	709	866
633	203	685	866
650	174	713	832
646	197	728	847
658	200	763	813
649	182	709	887
634	249	771	702
655	165	758	905
660	183	721	896
666	187	718	843
678	175	744	902
679	186	740	882
642	198	782	866
696	168	722	899
636	174	739	881
647	177	798	858
696	145	667	923
663	152	695	894
646	163	747	827
729	147	822	781
636	165	784	793
631	138	832	763
618	143	810	775
680	113	665	921
702	151	743	878
600	120	757	950
725	224	868	819
667	204	903	862
624	121	708	909
671	174	814	803
613	116	757	963
647	179	837	796
663	122	739	956
923	243	895	829
625	190	762	858
610	111	742	942
633	134	816	935
703	140	703	932
601	105	856	931
665	113	796	957
628	134	776	945
642	149	887	910
665	122	749	953
620	112	763	965
653	178	1019	862
635	160	920	872
711	159	683	901
616	150	716	929
665	191	677	866
528	185	911	871
957	154	934	887
675	166	681	878
553	151	796	908
703	196	650	841
586	142	717	919
678	167	680	882
510	142	847	862
586	179	751	864
617	159	717	899
673	195	683	854
525	136	789	905
662	214	717	838
537	133	781	926
610	175	724	884
538	149	821	901
671	188	780	869
534	122	806	937
503	129	869	917
703	161	826	889
569	148	768	907
676	169	661	865
530	130	962	927
542	119	1036	905
512	122	981	948
497	129	860	913
627	193	698	840
493	138	953	906
558	151	773	896
584	132	748	920
883	95	979	864
539	95	807	957
606	158	726	891
476	117	842	962
579	109	854	955
490	161	969	895
627	142	757	898
1070	148	847	912
944	120	924	946
544	125	789	917
620	112	788	943
968	179	933	875
609	178	788	885
479	37	904	1026
586	17	759	1048
597	58	748	1002
543	173	876	865
606	18	744	1047
575	132	870	914
1031	98	875	957
611	97	770	951
647	30	713	1039
640	170	725	887
665	128	845	881
668	36	943	1025
672	43	877	1002
583	5	769	1066
585	91	768	964
598	72	767	993
718	99	937	961
870	32	1038	1037
725	0	1098	1079
509	42	895	1003
590	73	773	977
572	112	768	946
612	148	874	919
553	68	777	1000
546	85	784	974
548	67	788	999
593	103	980	962
605	40	1182	1010
839	22	1080	1037
527	0	800	1053
678	44	918	993
622	85	1063	968
635	57	1023	1000
971	38	906	1028
1004	46	915	1015
984	11	930	1051
964	44	938	1012
1055	40	864	1032
700	9	1174	1048
1102	27	817	1033
577	81	813	971
568	126	858	945
566	65	808	989
1081	32	829	1017
800	22	1017	1047
950	17	944	1045
1072	32	847	1038
554	4	939	1059
570	38	936	1013
536	12	1020	1052
986	14	933	1051
987	18	932	1051
786	85	1067	972
529	6	1005	1050
626	54	995	986
1088	29	822	1039
568	57	907	1010
561	73	817	972
574	79	876	985
598	71	1096	1003
641	31	782	1040
558	90	897	959
589	79	918	993
559	138	842	898
528	103	896	949
608	213	1006	866
523	96	1060	898
575	10	938	1027
613	72	1154	972
549	125	921	928
532	165	842	889
529	147	912	922
533	89	964	987
500	113	1005	946
517	5	862	1050
663	33	698	1046
551	124	904	945
500	123	1038	933
605	30	836	1019
739	167	750	879
476	14	995	1041
515	52	1043	998
500	84	1025	972
635	12	712	1059
658	117	1028	875
609	55	812	1015
619	90	944	873
568	45	926	991
512	65	966	1008
637	107	843	954
614	84	798	944
604	79	725	1000
602	127	865	929
710	104	636	973
699	151	685	928
666	121	754	958
832	124	676	938
760	117	693	883
740	148	747	914
604	149	806	930
649	162	682	910
521	164	952	892
569	205	935	868
649	183	784	880
550	182	910	895
597	204	906	869
637	219	874	845
575	167	958	892
605	194	764	871
556	213	900	846
446	186	1006	877
548	203	878	876
650	227	721	841
587	221	880	846
506	202	933	860
572	209	712	865
512	208	954	858
535	191	963	872
574	196	855	870
407	203	1027	866
600	171	842	896
534	214	951	862
558	168	743	911
607	213	893	853
555	167	888	901
596	152	747	919
575	147	670	927
550	127	833	945
593	127	662	948
605	177	775	902
566	120	663	943
588	111	789	950
600	102	766	972
625	109	775	956
608	96	760	976
625	83	729	992
608	68	695	1011
636	75	609	996
635	80	635	983
632	61	616	1008
646	74	685	990
648	75	632	994
641	94	607	982
643	100	659	973
622	103	627	967
621	90	644	978
576	170	794	901
654	118	617	948
699	166	635	912
653	131	607	942
674	135	586	935
687	120	634	946
636	137	632	931
640	155	631	919
606	161	679	911
636	143	650	928
634	144	675	921
657	148	617	908
535	164	729	903
658	163	621	878
678	142	648	911
646	130	621	866
660	128	612	920
667	134	645	938
693	112	696	938
675	163	853	851
619	190	674	829
667	98	687	949
645	134	619	917
702	141	906	885
622	140	886	875
525	99	953	945
649	30	955	998
657	71	836	958
668	115	826	867
685	82	811	907
654	71	858	877
662	108	785	921
635	67	845	896
698	123	784	901
626	78	879	926
668	36	824	988
592	69	869	962
627	38	839	968
664	48	786	983
731	105	780	946
620	173	820	811
632	86	796	895
667	78	777	945
643	81	775	937
612	92	807	969
568	103	854	901
587	86	830	954
622	81	776	959
622	89	775	965
619	95	751	946
619	94	793	957
573	90	809	963
594	86	779	948
562	106	826	973
620	94	738	961
558	105	813	963
598	94	784	960
576	97	789	956
577	85	781	985
573	101	777	977
564	102	775	970
547	97	790	968
580	101	759	963
568	97	755	966
518	77	813	982
547	83	792	996
554	90	789	982
534	103	787	957
561	54	766	1011
517	95	800	925
546	64	763	1015
538	47	802	1014
537	59	815	989
545	44	803	1017
550	87	771	969
515	120	816	892
528	22	847	975
501	38	836	1015
546	58	803	1007
530	32	817	1047
518	42	899	983
564	28	768	1028
479	61	950	893
543	42	817	998
546	72	836	929
531	61	874	980
565	44	794	969
579	29	825	1031
599	88	773	964
574	120	835	922
566	131	864	912
544	97	884	920
578	76	797	928
581	70	857	970
615	64	789	957
588	107	817	961
590	90	848	838
597	134	816	898
592	95	843	916
645	64	786	972
634	141	784	914
623	91	826	882
641	124	799	922
636	126	792	912
657	134	788	878
658	152	759	852
575	135	908	857
671	161	726	857
587	93	900	937
685	51	736	954
666	64	798	968
665	152	782	908
661	188	798	821
667	195	774	828
631	139	898	866
662	104	789	927
677	146	767	858
672	158	760	873
676	188	795	844
652	109	813	893
685	121	757	840
676	157	810	860
678	71	756	953
694	63	748	872
663	84	783	964
681	110	758	903
648	193	844	744
579	115	857	845
672	106	787	833
695	130	770	878
680	57	758	894
695	64	774	961
602	63	834	973
656	123	791	860
693	157	798	835
671	68	770	944
656	72	783	917
705	90	805	892
706	68	777	911
718	54	758	980
689	78	740	924
697	94	753	921
702	79	723	976
642	96	888	855
682	41	826	903
707	47	747	947
709	53	749	912
718	70	760	904
710	60	745	917
729	99	752	895
723	57	728	871
698	52	769	920
740	49	763	914
738	78	758	907
706	74	770	945
731	47	722	921
748	53	761	919
752	67	770	908
739	56	774	948
736	72	734	916
739	89	726	880
741	81	719	963
705	38	714	956
740	66	707	974
749	51	783	940
759	84	688	952
726	41	717	933
761	75	682	879
766	82	666	878
761	45	677	940
762	63	678	940
755	52	683	921
745	45	684	939
730	51	707	951
756	72	668	922
752	106	706	933
738	89	669	907
759	129	710	903
715	97	677	886
755	115	663	924
749	60	641	886
760	95	685	955
724	60	670	966
745	189	679	877
745	89	681	940
752	175	683	869
750	193	688	844
719	129	696	907
743	188	684	866
713	123	666	898
740	109	646	934
725	176	678	878
702	100	701	935
722	43	694	1010
743	101	688	951
713	172	720	886
678	153	734	907
727	101	682	967
735	95	703	984
713	163	694	894
708	121	696	932
721	164	689	899
734	181	675	830
722	133	693	911
718	149	673	908
734	98	687	976
739	157	656	874
721	108	696	945
725	126	674	918
737	137	651	928
714	145	706	905
655	64	759	983
677	168	717	898
714	145	691	926
718	153	703	919
734	114	711	954
709	146	718	930
732	105	686	974
713	141	738	934
731	192	666	864
761	157	649	900
705	85	703	976
704	82	670	984
733	109	662	922
731	115	680	935
695	97	706	939
726	88	658	979
724	112	608	958
762	55	647	1012
706	59	647	1008
606	57	715	1018
632	49	664	1008
502	33	822	940
568	0	744	958
506	7	837	834
646	0	685	1023
548	54	726	1007
539	4	754	1013
664	18	604	1041
571	23	680	891
718	67	554	983
698	15	553	1057
745	26	501	929
690	73	634	885
698	68	573	973
625	0	626	1063
607	28	640	974
595	62	659	985
601	9	655	1059
673	59	571	1008
746	68	518	968
709	64	527	958
725	61	524	963
752	87	492	861
727	89	523	874
718	112	525	864
689	96	558	889
701	62	525	917
720	94	544	844
698	105	548	816
677	140	536	866
577	46	605	982
676	83	554	919
638	97	640	881
654	107	601	950
576	61	606	853
573	79	652	843
598	53	652	992
617	132	638	940
473	63	753	911
375	13	826	879
543	162	664	905
649	111	674	790
505	73	771	829
653	51	614	938
577	48	727	953
502	39	708	875
401	50	902	877
578	84	695	975
378	114	907	825
321	32	864	1022
343	65	848	910
505	163	837	902
375	78	849	917
585	109	609	954
544	38	709	1024
380	20	831	964
538	25	699	1043
361	3	909	835
517	47	799	1012
358	10	900	878
334	2	922	1015
384	0	888	1038
353	88	841	977
338	56	955	730
357	30	914	828
372	88	893	979
363	32	872	1008
449	20	816	1049
456	76	802	972
465	62	819	843
419	4	787	976
358	1	843	994
382	85	941	877
494	26	766	1053
335	2	885	846
672	98	579	853
690	99	613	787
401	82	851	795
353	7	882	953
359	29	855	1035
360	54	915	953
410	1	794	993
347	45	900	993
399	131	975	881
414	0	788	1055
371	61	849	948
368	40	844	869
395	24	868	915
354	0	867	825
402	111	869	909
350	18	884	802
386	14	853	796
395	20	845	788
379	5	856	817
406	0	839	939
442	19	792	840
684	58	586	787
665	0	589	820
374	53	855	735
373	0	860	824
395	44	867	791
427	19	829	767
494	0	784	848
468	9	804	803
480	28	801	797
454	0	828	807
449	0	862	812
507	18	776	792
611	4	707	812
504	50	774	813
606	16	708	820
697	19	616	789
462	66	842	727
604	3	749	896
460	42	834	759
502	0	813	846
435	5	861	792
395	1	920	884
400	25	868	799
409	17	901	813
399	0	871	882
403	16	886	812
393	16	894	805
445	8	866	813
394	37	957	775
399	18	915	783
408	17	923	825
436	41	874	785
419	58	878	744
475	8	852	859
373	67	891	748
499	28	824	856
583	11	687	817
452	35	858	807
435	98	865	724
459	36	856	828
473	20	825	790
541	50	783	817
553	33	759	810
495	42	793	851
420	51	905	779
377	60	914	777
422	40	907	830
454	87	838	849
469	82	833	740
462	51	863	858
488	65	797	773
492	109	890	814
421	80	876	770
485	87	849	865
435	87	935	913
388	88	902	822
408	125	938	829
430	83	928	827
429	99	866	847
412	101	917	748
420	96	882	824
442	102	902	823
368	124	870	788
767	151	889	892
374	131	893	818
398	240	1059	829
394	92	851	806
357	164	905	812
366	149	1058	905
438	88	771	831
440	150	748	825
376	127	816	841
434	191	998	858
325	148	877	817
438	158	855	890
267	132	883	820
346	140	860	920
292	107	912	852
299	145	862	795
337	153	873	891
286	109	861	804
307	174	841	844
308	164	854	756
320	157	841	854
286	181	841	781
366	142	861	899
294	101	876	836
314	172	811	870
344	118	804	736
311	180	821	729
337	125	841	876
287	168	876	877
305	132	852	755
352	139	828	772
267	209	927	801
328	163	882	783
310	166	889	856
317	151	854	677
375	133	780	700
461	160	804	780
356	97	797	780
350	133	793	727
361	106	806	747
453	120	692	765
489	117	679	731
379	134	799	742
390	140	789	739
364	158	829	654
395	159	793	681
372	129	815	738
398	163	789	671
381	164	813	694
396	160	795	708
385	170	823	673
380	169	838	681
441	178	783	667
423	130	792	729
410	175	816	669
438	157	795	683
436	188	795	684
437	183	805	651
438	207	795	646
455	173	792	662
453	199	794	634
444	182	813	673
474	191	789	651
460	168	816	673
497	198	787	632
503	167	787	672
535	172	762	762
548	155	750	754
499	167	813	742
516	186	805	722
567	163	750	750
524	161	812	714
528	157	804	744
507	156	823	712
531	173	817	675
539	173	803	664
578	166	760	677
654	165	678	736
588	149	780	683
600	148	755	756
573	125	782	755
562	176	796	718
546	169	824	729
560	191	812	772
560	191	805	706
563	190	835	805
557	193	834	779
571	205	826	768
571	199	836	724
561	215	815	745
649	221	789	695
606	176	780	696
550	170	842	707
568	192	849	823
565	160	833	779
548	182	853	732
542	187	883	729
544	180	858	680
583	168	814	747
560	119	832	789
599	241	853	699
588	176	844	754
529	213	782	711
615	195	811	760
607	194	797	679
583	225	855	681
601	194	807	713
622	151	839	790
558	212	832	806
636	123	807	808
617	162	791	813
579	162	815	833
639	174	752	772
616	191	744	827
638	161	792	739
582	281	839	735
579	253	841	721
602	168	817	763
605	144	771	800
635	171	755	748
676	158	727	832
766	133	661	760
711	186	770	786
631	208	793	735
767	151	601	838
720	190	673	749
666	185	711	803
700	179	703	845
659	206	746	651
665	203	799	758
590	211	857	815
587	174	794	839
624	229	835	831
603	165	810	768
607	197	863	807
583	192	858	795
604	197	800	791
600	92	840	938
600	141	855	916
618	199	824	847
625	146	817	729
649	118	754	916
579	111	911	885
625	215	841	724
608	234	888	818
582	214	897	807
596	196	801	871
596	92	870	945
589	122	848	941
674	127	859	931
516	86	947	945
550	96	989	934
578	77	927	982
648	212	841	850
564	222	879	829
568	151	920	900
581	123	927	868
534	113	977	779
550	151	880	906
523	94	1023	805
562	78	894	879
684	197	878	819
546	124	976	718
650	152	912	828
587	174	939	878
571	100	951	845
738	147	803	768
582	162	971	732
570	156	963	798
576	124	1001	857
763	156	836	831
546	117	982	743
560	107	982	906
751	115	855	909
548	106	1039	768
651	81	955	823
642	168	853	847
651	163	958	883
588	176	959	883
713	220	945	825
587	90	922	734
680	358	851	693
566	160	964	751
765	218	892	695
629	188	745	831
641	438	686	641
604	160	775	584
716	376	616	701
643	347	728	723
560	178	845	635
615	158	765	799
522	110	922	712
623	126	869	666
600	144	717	667
592	158	728	644
690	280	636	792
624	241	773	778
657	416	665	642
672	336	694	743
714	159	921	803
563	26	901	789
588	92	815	795
608	117	824	775
603	148	753	781
608	81	762	805
580	8	834	758
588	75	839	802
566	109	813	616
617	101	695	771
594	107	804	831
561	135	851	820
600	110	815	870
568	69	997	673
552	42	781	847
602	85	905	826
728	69	776	901
544	53	840	716
535	29	891	716
544	56	962	740
494	170	846	627
520	118	824	596
553	82	795	713
596	74	796	693
512	103	793	680
559	100	771	828
550	131	867	729
635	132	688	799
485	47	904	744
531	40	961	818
440	101	985	842
472	118	820	774
459	122	899	738
502	146	906	788
491	140	828	802
468	120	915	724
423	172	890	671
485	125	813	691
444	127	819	780
394	125	862	718
431	120	870	844
516	128	743	851
558	149	670	888
399	120	872	684
388	128	886	695
397	124	880	763
441	123	925	863
421	168	866	874
364	146	910	682
354	134	902	771
375	164	902	737
391	158	1051	850
364	160	879	876
351	178	867	870
355	139	935	820
367	191	979	816
410	203	895	852
411	187	869	850
410	210	849	838
359	186	928	824
375	181	897	801
367	178	959	852
403	199	884	859
345	181	943	844
448	200	938	849
385	149	886	868
408	204	980	856
409	146	865	855
373	192	966	871
370	204	886	838
391	205	929	841
519	208	803	838
390	213	835	790
376	237	849	801
364	250	917	799
313	233	919	828
357	176	888	817
378	222	916	829
371	208	954	822
348	243	896	812
361	204	937	839
356	240	959	815
373	212	957	833
363	228	919	823
248	205	1074	767
344	204	997	862
367	207	999	856
222	186	1036	865
373	206	907	856
380	237	935	818
372	198	961	799
406	230	939	824
338	236	978	770
395	220	928	830
262	211	1021	822
396	221	927	822
285	208	1008	829
333	200	930	765
343	199	893	673
359	214	802	832
357	223	935	817
391	242	971	793
343	240	999	742
313	225	1012	800
475	204	897	790
341	246	910	724
322	216	943	781
369	260	955	702
350	242	997	823
233	224	1082	828
309	231	1051	819
334	213	1035	814
261	248	1029	800
300	241	997	809
299	255	925	805
299	222	989	812
315	263	971	755
290	259	926	790
334	239	942	743
331	253	927	796
428	240	946	806
344	247	879	767
362	220	888	785
350	264	891	799
363	236	982	808
278	253	978	783
387	245	929	788
354	240	847	768
356	251	866	784
341	257	907	786
375	250	912	766
363	254	989	774
377	273	901	729
378	263	883	777
387	274	976	764
368	275	1008	765
346	259	945	784
369	306	995	745
361	285	946	734
582	312	863	742
411	267	836	741
421	318	891	717
470	274	894	772
471	273	886	774
493	288	923	720
343	360	1029	692
393	276	989	778
289	319	1076	732
388	329	1008	725
369	344	957	723
395	283	967	750
382	357	1027	690
434	244	976	814
318	334	1060	739
363	365	1003	698
372	362	1024	688
347	248	1165	813
323	323	1021	752
359	369	1047	692
332	349	1036	721
341	361	1037	696
286	309	1150	756
322	369	1099	698
263	345	1083	719
313	377	1048	685
343	384	1075	672
360	346	1085	726
333	371	1065	706
327	353	1115	721
329	358	1054	718
360	315	1064	744
383	358	1070	710
374	389	1081	682
353	337	1075	733
308	365	1101	710
277	312	1174	757
353	324	1114	737
324	345	1104	721
321	371	1144	703
263	341	1200	729
209	350	1152	716
356	332	1069	732
215	348	1265	718
306	365	1163	698
245	312	1143	764
294	355	1104	717
310	289	1051	773
366	361	1074	701
277	272	1239	794
377	304	1166	760
321	285	1195	792
315	304	1228	763
241	329	1289	740
289	312	1256	752
411	270	1124	796
361	279	1005	789
306	278	1080	783
381	292	1027	770
334	337	1150	713
432	297	1079	757
431	300	1145	765
426	257	1048	810
439	320	1130	737
414	232	1007	836
443	313	1063	745
442	304	1075	738
403	293	1130	760
357	307	1198	755
276	323	1256	730
231	339	1224	713
437	267	1058	797
393	363	1161	704
374	196	987	869
368	290	1127	764
377	299	1115	762
394	266	1182	798
395	302	1214	766
718	250	997	819
442	247	1123	810
471	306	1099	768
513	236	1124	830
314	229	1015	833
536	259	1120	806
378	203	963	847
623	228	1008	814
340	278	1105	781
361	251	1025	804
554	262	1209	786
513	239	1105	792
513	296	1158	772
425	296	1180	776
689	280	1006	793
560	255	1045	703
324	251	1100	820
511	275	1263	804
504	235	1012	813
777	322	1024	749
467	181	1000	878
803	244	975	829
594	267	1153	799
369	348	1120	718
940	216	928	848
438	323	975	756
471	261	985	793
722	250	1005	819
749	285	996	783
652	269	1109	793
694	293	1158	771
886	328	970	744
694	350	1106	716
689	296	1116	728
768	272	998	799
771	266	1033	796
825	285	1010	763
964	341	934	728
858	299	1025	770
947	315	970	735
916	359	984	715
1091	256	827	815
876	372	987	677
843	284	1045	761
969	360	950	706
1034	382	885	682
892	417	1015	660
1169	431	750	648
1167	440	749	628
1167	430	746	633
1164	463	736	601
1143	441	764	624
1156	471	711	595
1178	485	734	576
1143	489	755	572
1172	509	739	527
1182	502	737	555
1196	508	723	564
1166	514	725	549
1193	499	715	564
1199	527	713	527
1199	530	720	535
1203	525	712	543
1214	529	700	543
1199	533	720	541
1156	511	732	551
1169	525	732	545
1207	556	676	504
1206	537	708	541
1204	554	708	519
