1032	391	154	95
1033	394	152	99
1035	400	151	98
1037	405	150	94
1036	410	147	94
1036	413	143	94
1034	415	140	102
1032	416	137	109
1029	414	140	97
1031	410	136	109
1029	408	138	115
1029	406	138	113
1029	405	133	110
1026	404	133	123
1021	400	132	126
1022	398	131	112
1022	392	124	152
1023	394	127	155
1023	392	124	157
1026	388	120	161
1025	384	121	165
1022	386	122	166
1019	383	121	169
1007	392	131	157
999	403	129	152
993	412	129	155
992	417	130	160
989	425	132	167
988	437	128	155
978	436	131	163
965	436	134	176
954	453	133	174
939	447	142	197
942	449	137	194
929	452	142	191
925	453	150	210
907	448	162	203
935	460	139	219
918	453	154	202
922	467	139	225
917	465	146	215
894	467	159	215
885	474	165	223
863	480	178	217
850	479	191	232
839	473	200	241
825	479	206	236
812	483	217	263
811	469	219	271
809	460	217	269
841	452	187	258
862	456	157	250
883	468	142	223
892	471	135	222
902	472	134	229
896	461	142	237
888	460	150	231
889	470	149	231
882	469	155	234
885	474	147	232
882	485	147	219
879	488	147	222
873	488	146	222
872	485	145	222
868	474	145	224
869	469	142	220
869	468	141	224
869	467	143	228
867	462	145	220
866	462	147	219
869	452	147	223
872	446	151	235
867	441	157	256
826	444	191	292
874	436	163	239
882	425	163	257
878	424	166	252
875	419	162	249
850	421	177	245
858	409	174	252
854	411	181	228
844	405	188	218
833	404	199	205
829	393	197	217
819	389	207	222
819	389	203	210
811	418	213	191
811	411	207	211
805	413	218	228
797	431	226	230
777	445	240	247
783	437	237	256
778	460	252	239
777	466	255	244
773	481	260	256
775	494	258	264
748	503	287	301
741	507	269	329
738	504	274	355
725	510	286	357
716	509	333	364
717	521	339	356
718	514	338	352
722	507	337	350
720	503	342	351
721	495	344	352
721	487	343	348
721	478	346	347
724	459	349	357
726	460	346	352
724	464	350	339
727	461	349	340
728	462	345	326
732	454	341	302
709	452	359	339
718	441	344	338
703	440	349	295
701	445	353	325
698	440	352	339
698	440	347	341
697	453	349	341
693	452	355	347
688	454	358	361
694	473	338	343
700	474	347	337
720	478	313	350
729	486	300	333
730	495	302	343
746	485	291	361
747	506	285	336
760	505	272	338
766	519	277	333
766	519	268	347
781	516	263	275
781	531	272	277
802	514	257	239
803	527	262	238
800	518	267	184
794	533	273	196
788	534	280	253
754	529	325	293
744	527	329	263
708	541	351	334
706	528	378	320
668	537	387	374
681	506	408	358
640	531	423	373
662	510	424	392
678	516	391	372
618	517	430	396
712	494	358	342
668	504	393	340
642	512	405	364
615	512	429	383
637	510	406	388
645	500	411	387
682	502	389	369
677	497	402	355
682	492	395	357
719	484	355	370
711	487	353	359
714	490	358	355
722	505	343	360
730	482	350	355
733	500	342	351
732	514	346	378
728	529	339	394
739	504	347	372
703	546	353	387
742	505	336	374
665	562	378	380
700	549	365	345
689	566	396	392
710	532	361	368
722	569	361	375
627	558	437	369
699	524	369	359
786	502	313	310
773	497	322	318
736	499	349	318
791	483	327	316
801	482	311	310
802	487	310	302
803	488	314	299
808	486	313	293
815	487	313	292
825	488	307	297
823	487	320	296
834	484	316	297
838	477	318	303
842	473	320	310
841	465	331	323
845	458	331	321
847	454	332	317
850	454	332	318
836	448	345	323
839	447	343	331
832	445	346	323
819	456	349	326
820	458	358	338
822	444	348	347
818	431	358	346
834	425	339	348
808	416	388	336
820	410	373	349
853	407	349	343
867	401	338	343
859	390	353	336
868	389	345	343
863	382	347	343
842	362	358	367
826	367	363	362
874	347	345	364
880	346	340	345
877	351	336	344
871	360	332	340
856	372	335	350
845	386	315	350
832	392	342	348
827	391	309	356
816	396	329	353
816	384	323	353
801	395	315	354
805	393	314	350
804	403	312	358
801	427	303	341
804	450	306	331
803	479	303	317
804	500	296	309
808	513	294	305
812	528	290	296
816	535	293	286
815	522	300	289
812	522	298	281
814	513	301	276
806	509	300	257
802	500	305	254
784	497	312	248
768	503	323	237
748	518	323	228
730	535	324	209
711	548	323	201
683	559	334	204
636	571	376	197
407	572	588	259
329	575	640	304
75	599	643	298
71	664	560	227
88	685	500	207
93	703	470	191
105	723	364	177
100	704	379	216
240	422	507	494
188	447	831	405
64	533	906	486
400	427	1036	652
374	449	1173	618
119	490	1434	589
21	237	1533	842
166	53	1561	1024
0	28	1595	880
10	0	1608	918
10	104	1796	975
0	300	1608	779
90	502	1381	577
39	527	1564	552
88	413	1364	638
172	397	1736	675
34	299	1088	729
97	232	907	431
123	239	861	229
104	215	854	223
124	190	848	239
109	181	838	246
122	163	827	264
120	169	812	256
134	171	802	251
304	232	611	280
150	191	733	235
166	210	715	251
128	211	705	261
136	223	757	254
119	247	782	251
124	271	786	244
136	295	768	237
148	317	774	234
165	328	765	221
155	346	779	216
169	348	771	216
176	352	761	210
188	349	749	214
188	356	743	216
184	339	769	215
203	302	746	233
207	290	566	225
241	292	604	220
234	262	503	211
265	277	541	191
277	237	455	201
312	237	464	215
285	245	450	191
260	230	446	194
266	197	459	245
238	195	453	234
248	228	470	230
210	177	415	247
187	202	402	205
172	181	452	204
162	194	486	189
157	180	450	174
99	146	441	166
88	152	404	136
70	123	420	135
63	117	420	114
64	105	440	103
54	99	479	99
58	91	489	97
61	85	518	97
124	71	458	114
142	81	452	120
112	75	483	116
146	66	453	132
159	62	452	144
162	53	449	137
167	36	440	148
167	22	440	156
173	21	435	146
179	22	425	146
189	23	434	157
209	41	430	172
234	70	422	177
240	79	450	157
246	85	445	151
273	90	432	166
299	95	432	176
331	109	421	179
402	142	368	200
390	140	412	174
413	160	395	168
429	177	394	167
433	190	380	158
432	198	380	156
433	202	402	163
429	208	418	156
444	224	411	149
454	232	401	145
427	226	412	151
449	253	421	139
445	247	399	133
451	236	405	146
463	232	390	151
472	232	394	141
467	209	395	157
463	191	402	160
455	180	410	157
450	138	404	167
444	159	411	139
470	119	405	170
445	118	390	165
430	94	404	185
438	87	400	182
422	81	417	183
458	79	420	220
