1003	605	133	71
1003	602	133	76
1002	604	133	75
1002	602	132	78
1001	604	132	75
1000	600	133	81
1000	605	128	76
998	602	131	80
997	603	130	80
996	606	131	78
995	605	131	80
995	606	130	78
994	605	129	80
994	604	130	81
993	607	131	79
992	606	134	81
992	607	130	81
990	608	131	80
990	608	132	80
989	610	133	79
988	610	133	80
989	607	133	83
986	609	133	82
988	608	131	83
987	612	131	80
987	611	131	82
987	614	126	83
985	611	130	85
986	615	127	82
985	618	131	78
985	618	132	80
984	618	133	82
984	619	134	81
983	621	137	80
983	624	134	77
983	624	135	78
983	624	130	77
983	628	124	74
983	624	126	78
982	625	122	77
982	624	125	78
981	626	127	78
981	624	124	79
981	624	126	78
979	624	127	78
982	622	124	80
982	618	123	84
981	617	125	85
981	614	124	89
981	614	125	88
980	612	124	91
981	610	122	93
980	609	123	94
979	607	122	95
979	605	124	98
977	605	124	99
976	605	123	96
977	603	121	99
977	604	111	98
977	602	117	102
975	602	116	103
975	599	122	105
974	601	116	102
975	599	117	106
974	598	119	108
974	599	117	107
973	598	115	109
972	598	114	110
973	597	117	113
972	596	114	113
972	595	119	114
971	599	109	111
972	597	112	114
970	599	111	113
970	597	111	115
970	597	110	115
970	597	111	117
971	597	110	117
970	596	108	118
970	595	106	120
971	597	103	120
969	597	107	121
969	596	103	122
970	596	105	122
971	597	102	122
970	597	102	123
971	598	101	123
970	598	101	123
972	600	95	122
971	600	99	125
972	603	94	123
973	604	92	122
971	604	92	122
971	602	95	126
971	605	92	124
970	605	92	126
970	604	93	129
970	603	93	130
971	603	93	132
970	604	91	130
969	608	92	127
969	610	89	126
970	610	91	126
969	615	91	122
968	632	86	105
968	615	96	122
966	630	88	108
966	617	95	123
966	612	92	126
967	607	94	130
967	630	85	109
966	636	80	102
966	640	80	97
965	629	84	109
965	630	83	107
964	633	83	104
963	635	86	103
963	636	85	102
963	635	88	102
963	636	86	100
963	625	89	111
961	627	88	109
961	631	89	106
963	625	90	109
961	636	91	98
961	625	93	111
961	628	95	105
962	618	96	114
960	625	96	109
959	625	100	108
958	618	102	114
953	622	104	114
955	623	102	108
956	619	101	111
956	622	102	106
955	634	100	93
953	643	96	83
955	639	98	84
953	636	102	89
952	640	103	83
951	642	100	81
952	640	100	81
951	637	101	81
949	640	102	79
949	635	103	82
947	635	105	80
946	633	107	82
946	632	109	82
945	630	110	83
943	625	113	85
943	626	112	85
941	630	114	78
940	623	117	83
939	617	119	91
937	627	119	78
936	636	115	68
934	634	118	72
933	637	115	67
933	626	125	75
930	635	120	64
929	633	123	64
927	634	122	62
924	632	125	63
925	631	120	63
923	629	127	63
921	634	123	58
923	626	127	62
919	634	121	56
918	634	119	56
916	638	127	49
915	640	122	48
914	636	123	49
912	628	140	56
913	625	134	57
912	632	125	49
910	631	121	49
908	628	137	52
907	625	138	52
907	626	144	50
905	623	148	53
901	622	147	52
904	624	150	50
901	618	155	53
901	619	147	52
901	620	142	50
900	622	144	49
899	621	145	49
899	616	148	53
896	610	153	58
894	606	134	61
895	622	135	44
893	623	134	42
892	627	122	37
893	628	130	35
895	627	124	34
894	626	130	33
894	625	116	34
897	624	117	34
899	622	114	32
897	621	124	32
899	621	118	31
898	619	124	31
900	618	120	29
900	618	124	29
900	616	126	30
902	616	144	30
904	614	126	32
901	615	136	32
903	614	123	31
902	614	131	31
904	613	131	31
904	613	127	30
906	612	112	33
903	611	139	32
905	611	130	31
907	610	114	31
905	610	115	29
904	610	124	30
908	610	112	30
908	609	118	30
905	608	118	31
910	608	117	30
908	608	115	30
911	608	111	29
909	608	115	27
906	608	123	28
911	607	123	29
912	607	125	30
910	607	131	31
908	606	145	34
906	607	147	36
900	607	162	36
907	607	147	38
896	607	154	41
905	608	171	42
895	607	183	45
898	607	179	46
903	606	178	45
897	607	170	49
900	607	158	46
902	608	148	44
896	609	153	45
909	607	138	47
898	608	153	44
910	607	141	44
900	608	151	44
903	607	150	47
903	607	152	49
911	607	141	51
906	607	144	53
909	608	153	51
906	607	150	58
912	608	149	54
910	610	149	57
911	609	147	57
909	608	144	56
910	608	149	53
913	607	138	54
910	607	145	56
913	608	142	53
903	606	146	60
911	608	136	54
916	607	136	54
910	607	138	54
914	606	129	50
916	605	130	51
909	605	128	63
915	609	114	53
909	612	71	49
911	612	75	40
912	612	71	38
912	612	72	39
917	609	69	37
911	610	72	46
912	609	74	41
916	610	71	33
916	611	72	34
913	610	81	42
910	611	85	61
902	609	95	65
900	610	99	67
895	610	106	69
897	606	104	72
895	609	106	69
893	610	111	69
895	605	115	68
894	604	114	74
894	605	112	67
890	602	121	71
893	601	119	68
891	603	119	67
892	599	122	67
895	596	116	70
895	601	88	63
895	603	85	59
896	604	75	58
895	607	77	53
897	600	81	59
894	607	80	53
896	601	82	58
892	599	93	62
891	597	96	63
890	588	112	72
887	595	97	65
887	594	102	66
885	590	111	70
884	591	117	69
883	586	136	73
882	589	137	73
880	599	112	65
881	596	121	65
882	595	121	66
880	595	126	68
881	593	127	66
879	594	128	66
878	592	135	67
876	590	139	70
876	592	135	67
875	591	139	68
875	586	152	71
873	588	147	69
872	586	145	67
873	589	144	67
871	588	147	64
870	588	149	64
872	582	157	66
868	586	162	67
869	586	156	61
869	589	159	60
869	588	162	59
869	586	164	62
869	585	164	61
870	584	162	63
870	586	159	59
870	589	153	54
873	589	155	54
870	591	151	52
871	594	154	47
872	590	161	51
873	592	156	48
873	590	156	49
873	593	158	44
874	592	160	45
874	592	161	44
875	591	161	44
875	589	162	46
875	588	162	47
876	588	166	47
878	589	162	49
877	589	163	48
877	592	164	45
877	593	171	45
876	595	171	45
876	594	172	47
878	595	171	48
878	594	177	51
879	594	182	51
878	594	186	50
880	593	184	51
881	593	184	50
880	591	188	53
881	591	189	53
882	590	188	52
882	589	192	53
883	588	194	53
885	586	197	54
886	586	198	52
884	584	200	55
888	583	200	56
889	581	205	58
891	579	203	55
890	580	205	59
892	578	206	53
889	578	192	64
893	576	208	54
893	577	190	59
918	573	178	52
911	575	179	57
900	572	179	65
903	571	193	57
903	570	187	69
909	568	179	59
919	569	176	71
917	566	186	61
915	566	186	66
915	564	172	67
921	564	172	77
925	563	165	68
928	561	179	72
928	559	160	62
932	559	168	54
936	557	175	47
936	556	165	49
939	555	153	47
939	553	150	44
943	552	149	46
944	550	145	45
944	550	142	45
946	548	151	43
955	548	144	42
952	546	148	43
952	545	151	44
957	543	153	48
958	541	153	47
960	540	160	47
960	539	157	49
966	537	152	46
965	535	138	46
972	534	129	42
974	533	128	41
975	532	132	41
979	531	127	42
981	529	126	41
981	528	132	42
985	526	131	42
988	524	129	42
988	523	116	43
993	523	109	44
999	522	117	44
997	519	128	45
996	517	113	45
1003	517	111	46
1006	518	118	44
1006	516	128	47
1008	515	127	48
1008	513	128	54
1008	509	124	50
1016	511	121	49
1018	511	125	47
1017	508	122	51
1029	512	103	45
1047	516	85	42
1048	518	82	37
1054	520	80	35
1061	522	69	34
1061	523	71	33
1067	523	68	31
1065	517	69	36
1068	519	68	34
1070	521	61	30
1074	520	50	32
1075	522	48	29
1074	522	43	26
1077	524	38	23
1082	523	33	21
1084	526	34	17
1085	496	51	52
1085	497	71	73
1058	443	48	83
1064	442	43	74
1068	444	40	68
1072	443	41	75
1074	444	41	70
1074	442	44	69
1078	442	43	71
1082	442	41	67
1084	441	45	71
1086	440	42	68
1086	439	46	65
1091	429	58	70
1091	423	66	86
1096	387	88	109
1082	375	132	149
1135	324	106	159
1125	351	217	232
1173	374	252	221
1120	330	338	299
1177	376	257	220
1173	388	307	232
1170	347	305	263
1181	350	294	273
1177	351	264	224
1172	322	323	305
1162	340	295	269
1156	346	349	283
1182	356	299	258
1195	365	262	225
1196	382	308	249
1186	343	276	258
1155	346	343	304
1199	388	298	222
1190	371	320	259
1216	390	297	218
1220	376	314	257
1202	373	273	242
1209	335	273	253
1165	326	304	291
1187	374	365	258
1211	372	320	297
1222	364	326	260
1206	366	281	237
1192	360	332	282
1166	354	328	286
1118	366	380	327
1210	382	313	251
1249	397	335	267
1218	383	278	247
1255	433	364	246
1249	462	462	226
1211	358	373	344
1221	369	301	278
1191	359	363	298
1155	376	385	287
1216	371	302	269
1248	386	310	250
1226	374	370	333
1234	377	294	261
1253	386	325	272
1229	387	292	235
1196	392	338	269
1250	379	274	255
1209	343	379	334
1211	371	363	280
1087	349	448	402
1196	370	390	289
1209	373	361	261
1202	350	366	344
1238	389	332	254
1226	365	345	291
1254	372	387	293
1238	370	298	257
1236	386	372	281
1228	364	323	258
1242	379	344	265
1270	376	338	276
1238	368	362	308
1263	368	307	273
1279	385	356	319
1111	356	483	428
1241	372	460	325
1233	386	511	302
1162	343	505	361
1138	313	575	466
978	316	767	553
604	324	695	543
704	337	572	540
674	328	608	551
640	325	630	548
684	327	582	568
629	322	646	572
650	324	615	558
678	333	582	541
661	340	620	557
587	337	676	570
687	253	602	633
594	351	672	551
656	331	633	558
577	346	688	581
570	298	703	671
685	331	607	569
596	348	671	560
632	336	653	567
644	341	634	567
706	363	586	519
700	348	574	508
713	361	559	535
701	345	580	427
749	354	538	353
711	385	483	261
738	415	404	227
753	434	434	213
755	453	400	183
717	432	459	211
739	470	371	176
736	439	447	211
739	445	422	208
743	477	305	175
730	515	226	114
730	521	220	84
723	521	203	74
721	520	219	76
721	523	212	69
717	522	233	77
722	523	230	68
716	526	228	73
716	526	223	74
716	528	223	73
714	529	223	75
709	530	225	74
708	530	220	75
704	531	243	76
706	532	240	79
703	533	241	81
696	534	254	82
697	535	253	93
702	536	257	97
701	538	264	101
703	537	272	101
699	537	279	105
697	538	278	107
697	539	263	107
692	540	245	108
696	540	249	107
696	538	272	106
694	539	253	110
693	541	244	103
694	541	265	107
690	540	252	106
692	539	245	106
689	540	273	108
693	540	272	99
687	540	267	106
690	540	250	98
689	541	252	85
688	541	243	94
688	541	255	78
690	541	262	80
686	540	270	85
686	543	262	77
687	542	255	80
692	541	243	78
689	540	246	79
690	541	235	78
695	541	230	75
693	541	244	76
690	542	255	76
690	542	272	79
691	542	257	77
690	542	257	78
693	543	253	75
697	543	263	74
693	541	261	79
698	541	253	80
697	542	272	76
693	541	276	78
694	543	280	77
696	543	284	93
695	542	269	104
701	541	273	101
690	541	246	108
701	543	246	100
706	542	237	100
708	544	232	102
708	545	242	91
699	543	246	96
706	542	236	98
709	542	240	95
701	543	252	82
702	541	271	79
706	544	272	79
706	544	285	79
707	545	280	81
708	545	283	78
708	545	293	78
716	547	278	75
704	545	301	79
711	546	287	79
713	546	283	81
714	547	291	79
716	547	295	78
717	549	288	79
721	550	293	77
717	550	285	79
720	550	287	75
721	550	300	79
726	552	282	78
727	553	275	82
725	551	284	81
728	551	282	84
728	552	276	86
726	556	260	98
729	552	277	109
728	539	338	128
733	551	249	112
733	550	261	115
736	551	253	112
735	551	256	111
739	551	250	112
740	553	247	109
741	555	252	101
741	554	251	97
740	554	255	89
740	555	256	69
741	554	258	67
739	556	263	66
741	554	264	71
738	557	266	66
740	555	275	68
739	557	273	66
738	556	281	67
740	557	276	67
736	557	280	67
737	558	277	65
741	559	270	65
741	559	267	65
739	560	267	62
741	559	267	62
744	560	272	64
739	558	277	76
734	556	284	72
750	558	260	76
753	557	270	78
754	557	259	78
746	556	252	81
754	557	249	84
749	555	272	75
748	555	265	85
751	554	251	84
750	556	271	83
752	554	251	87
759	554	268	86
751	551	261	83
757	551	267	77
760	551	272	75
757	552	257	70
760	552	268	70
754	549	276	71
761	549	270	69
756	548	278	71
760	547	279	71
757	547	287	70
754	547	286	70
762	546	276	70
757	544	271	72
757	545	270	73
754	543	272	73
754	542	272	74
757	541	277	74
756	542	281	73
756	541	284	73
755	539	288	74
753	538	288	77
750	537	266	75
752	536	237	78
754	537	233	80
754	538	235	77
754	536	230	83
752	535	230	85
756	534	223	85
753	532	229	87
752	530	227	88
754	531	228	89
755	527	219	86
755	528	223	89
754	527	211	85
755	526	223	89
754	526	211	90
757	525	222	95
756	523	221	96
759	524	222	98
761	523	233	99
760	523	226	95
762	523	229	99
764	522	221	97
765	523	197	92
765	524	201	93
767	524	198	92
769	525	203	98
772	522	185	92
773	525	183	96
776	526	190	94
776	525	179	99
783	526	181	97
782	526	182	97
784	526	185	100
790	527	175	97
788	528	183	99
797	529	177	100
789	530	183	97
796	528	183	99
791	528	180	98
797	529	186	98
797	528	186	100
795	528	183	100
796	529	174	99
799	531	171	97
800	531	173	98
802	529	169	99
805	530	161	96
806	530	168	96
810	532	155	95
807	531	169	96
809	532	166	97
808	531	159	100
813	531	166	102
811	531	164	102
814	530	175	106
816	530	164	107
817	533	170	105
820	534	162	103
821	535	152	105
825	540	154	101
819	538	151	102
824	541	157	104
820	541	147	105
820	542	151	107
821	544	159	109
824	543	147	110
824	546	146	108
824	547	146	110
825	546	147	113
826	548	149	115
827	546	150	114
831	547	146	112
831	549	147	112
834	547	150	116
835	549	145	113
836	552	148	113
835	553	155	113
841	555	151	112
845	551	150	116
850	554	143	107
852	557	149	107
848	553	156	116
856	556	150	117
855	558	149	112
859	559	146	109
858	559	145	114
860	560	126	111
861	562	130	110
861	562	116	109
867	564	97	108
868	562	91	97
871	564	83	94
869	563	87	99
871	565	85	95
875	564	78	98
874	565	87	98
875	563	91	104
870	563	101	109
871	565	91	107
872	565	97	116
872	566	93	117
877	564	86	113
878	564	82	106
880	563	85	115
880	565	80	103
889	564	76	107
882	565	84	118
885	564	84	116
889	564	81	106
895	563	82	130
889	563	88	127
892	563	88	134
893	563	83	125
894	562	91	134
896	562	83	126
897	561	90	138
903	560	83	139
909	559	83	142
910	554	87	156
904	527	79	164
908	552	93	162
910	548	79	144
913	552	86	157
912	549	73	131
915	553	80	156
915	554	77	123
917	553	79	143
912	547	79	118
918	544	77	122
921	545	70	110
920	549	80	131
918	536	87	141
912	528	88	132
910	520	86	125
920	537	92	131
917	523	90	131
922	536	95	141
920	535	85	119
927	543	80	101
926	540	82	110
927	540	85	111
926	544	90	109
925	545	87	103
927	546	90	101
927	545	91	97
927	542	92	99
930	509	90	117
926	521	95	111
929	537	98	97
930	542	92	93
929	538	95	99
929	542	96	94
930	537	95	93
932	541	95	92
933	540	93	94
934	541	94	91
934	536	97	99
935	538	96	90
935	542	93	84
937	543	93	86
938	543	94	89
939	541	95	89
939	542	97	87
940	542	95	85
940	543	100	87
941	541	101	88
941	543	101	88
940	540	103	91
942	540	104	92
941	541	107	93
940	533	108	101
941	541	106	92
942	534	100	96
938	536	100	93
939	538	107	98
939	534	101	94
936	539	114	96
936	538	105	93
938	538	111	90
936	539	110	105
936	538	111	102
935	539	110	101
934	538	112	103
930	538	114	102
927	536	118	106
935	530	109	109
935	537	119	104
931	534	115	103
928	534	124	107
930	528	117	114
932	521	120	126
931	526	127	120
932	528	119	120
939	522	116	127
935	528	127	128
931	502	131	150
820	437	243	147
824	438	237	189
819	435	248	158
823	439	243	173
820	437	251	150
824	440	242	163
822	437	247	147
824	439	241	155
823	437	249	145
824	440	246	178
819	437	261	155
825	437	253	145
822	435	252	146
825	435	255	150
824	435	256	149
825	435	258	147
826	435	260	160
824	433	259	153
823	434	265	147
827	432	266	156
823	433	263	153
830	432	261	139
827	432	256	150
828	431	259	170
826	430	257	171
828	430	248	170
827	429	248	155
829	430	242	160
828	431	244	148
828	430	245	143
827	429	242	149
829	431	243	135
827	430	242	135
829	431	240	130
827	431	245	134
829	431	242	134
827	431	241	137
828	429	244	140
827	430	247	141
826	432	244	143
825	432	246	143
826	432	245	149
824	430	254	153
825	431	252	142
822	431	253	146
824	431	254	146
823	431	256	141
823	429	255	147
819	429	261	145
817	429	259	145
821	428	255	143
819	427	269	155
816	428	273	148
815	425	280	156
817	427	272	150
818	425	261	141
821	423	274	153
820	425	278	155
819	423	279	155
821	422	270	153
823	422	270	154
825	420	269	155
824	420	269	153
826	419	268	162
826	418	271	158
826	416	273	163
827	413	276	168
825	413	271	169
829	412	271	172
825	410	274	175
829	411	271	176
828	411	273	180
825	410	276	184
827	410	274	185
827	410	272	187
833	412	262	179
832	413	272	198
827	411	277	184
830	412	271	179
833	415	272	177
834	413	270	157
829	417	289	145
836	418	273	143
833	419	284	150
844	420	274	156
841	421	261	163
839	419	276	151
847	423	254	152
845	421	270	158
847	421	252	165
847	422	249	148
852	418	254	156
853	420	246	152
851	417	254	171
850	420	251	173
850	419	246	155
853	416	241	160
857	416	241	164
856	418	243	184
852	415	245	158
859	414	238	158
859	416	241	178
858	414	243	182
859	412	243	172
863	410	239	185
860	409	241	167
863	409	241	171
865	407	239	203
867	409	242	197
867	407	242	193
865	407	244	196
867	406	240	190
865	405	243	174
870	406	238	179
868	404	243	171
868	406	242	178
870	404	242	168
871	406	239	168
868	407	243	160
868	409	243	165
865	409	248	160
862	411	251	162
869	410	245	168
866	412	251	168
866	411	250	160
863	412	258	161
861	413	261	155
864	412	258	159
868	412	255	159
869	414	260	164
869	413	269	160
866	413	283	162
862	413	266	154
865	410	274	159
857	410	281	161
862	410	269	162
856	404	285	169
859	405	281	165
852	401	288	173
855	400	285	176
852	398	290	172
845	393	302	177
852	393	302	176
838	396	300	175
838	383	311	187
847	392	300	178
842	392	301	182
847	388	301	185
850	391	290	180
845	393	300	179
844	393	302	186
848	392	294	177
831	393	313	173
847	396	305	167
849	399	293	166
845	398	301	160
859	399	289	157
855	402	288	136
861	399	284	160
858	403	285	136
859	415	288	152
858	412	298	152
860	421	292	141
860	421	298	147
858	427	302	144
864	428	295	141
864	434	294	132
868	434	295	137
867	437	295	134
870	438	293	132
871	439	296	131
873	445	296	123
875	446	292	124
876	445	292	125
876	442	295	128
878	453	297	119
877	448	296	129
879	453	297	129
880	452	298	137
879	456	303	129
881	457	301	132
883	458	300	132
883	458	301	130
885	458	297	133
883	460	302	135
883	460	303	126
886	462	298	128
887	462	298	135
883	463	308	132
884	463	311	138
882	464	314	139
881	465	316	137
884	464	314	129
886	465	306	111
882	464	312	112
889	466	302	114
884	467	309	111
886	466	297	107
887	467	319	123
887	466	280	105
889	469	280	103
890	469	281	102
890	468	284	100
891	467	279	101
890	469	280	104
892	468	279	104
891	469	281	109
890	469	284	109
888	469	292	117
873	468	327	121
884	466	329	126
879	467	302	118
882	466	319	126
879	466	311	121
882	465	340	129
879	466	290	117
882	467	289	120
880	467	297	120
881	466	287	119
883	467	281	116
885	466	279	120
884	466	281	119
883	465	280	119
882	465	283	121
882	464	284	122
878	464	290	123
875	465	292	123
877	465	289	123
876	465	289	123
876	464	289	125
875	465	288	126
874	463	287	131
874	465	286	129
872	464	286	133
875	464	281	132
873	464	281	132
875	465	280	134
874	467	279	132
877	466	272	131
875	467	278	127
877	465	275	130
877	465	275	129
878	464	269	130
877	466	275	130
877	466	275	129
879	465	262	128
884	465	261	129
883	466	261	126
882	465	259	126
886	466	257	125
886	466	256	124
886	467	257	125
890	467	253	125
889	465	255	121
888	466	256	122
887	466	256	121
891	467	255	120
890	467	255	116
890	467	256	116
889	466	256	117
886	466	262	116
884	467	262	116
877	467	270	114
878	466	268	115
881	465	266	116
880	466	267	116
879	467	266	115
877	466	269	114
878	468	265	118
875	468	270	114
870	467	272	116
877	467	267	112
876	468	264	114
873	470	262	114
874	470	256	113
875	470	256	110
873	471	260	111
874	471	256	111
870	471	252	109
870	472	252	107
867	471	255	106
868	471	255	108
870	473	244	105
870	472	243	105
871	471	248	108
870	472	240	108
870	472	238	106
871	472	236	106
871	472	236	106
870	473	235	105
871	474	233	106
869	471	235	105
870	473	238	105
871	472	233	105
873	474	235	105
871	472	236	106
871	472	236	104
873	472	232	105
873	473	229	106
872	473	229	106
871	473	231	106
871	472	230	105
871	472	225	107
872	474	226	104
867	473	232	105
864	473	238	108
866	474	231	106
847	473	247	104
832	474	261	102
867	475	228	108
857	475	231	102
830	477	262	100
821	477	275	111
859	476	227	103
834	475	251	103
831	479	261	109
856	478	231	100
834	479	252	101
839	481	243	104
838	483	240	100
843	483	238	102
857	483	221	103
859	484	215	99
848	485	223	98
846	484	222	103
837	483	236	104
837	482	227	101
844	482	220	102
844	484	218	101
841	482	216	102
841	482	217	106
846	483	207	103
849	482	203	105
847	481	198	107
854	479	192	111
855	478	192	112
855	477	188	112
864	478	179	110
868	477	169	109
872	479	167	107
875	479	162	107
880	475	157	110
884	479	151	104
888	482	143	101
893	480	136	103
894	485	133	98
889	483	134	97
887	479	136	102
874	478	148	103
879	478	144	104
879	476	140	104
880	476	139	106
878	475	137	107
874	474	136	107
872	475	132	111
866	474	137	110
862	474	140	114
860	471	144	117
858	469	142	117
854	469	141	118
864	473	134	115
856	470	130	113
859	472	140	121
860	466	140	123
851	463	137	128
859	455	127	129
861	465	121	124
859	468	122	128
860	459	109	133
867	465	114	133
863	462	105	138
863	464	110	140
859	454	107	143
863	474	108	133
868	464	101	147
867	458	103	146
863	455	106	136
863	464	96	70
867	466	88	65
867	469	93	64
867	469	94	63
867	468	93	64
867	469	94	64
868	470	94	64
868	470	97	64
869	469	94	65
867	468	97	67
868	471	95	65
868	469	98	67
868	470	97	67
868	470	97	68
869	470	97	70
869	468	97	71
868	469	100	72
870	469	98	73
866	466	105	76
868	468	105	77
867	466	105	77
867	467	104	78
866	465	111	81
868	463	116	85
866	462	113	87
867	464	113	87
868	464	115	87
866	463	115	91
866	464	117	89
865	464	117	92
865	464	117	92
865	463	121	93
864	463	121	96
865	462	119	97
864	462	121	99
863	462	122	99
863	462	125	100
861	461	125	101
861	461	126	102
859	461	130	103
859	459	128	104
858	460	129	104
856	457	130	105
857	458	130	105
858	457	129	105
855	457	131	106
854	456	131	106
856	456	128	105
855	456	125	105
853	456	126	106
851	455	127	105
850	454	123	106
852	454	123	107
852	453	119	107
852	453	122	108
851	452	120	110
850	451	122	109
851	449	122	110
847	449	123	110
847	447	121	113
847	447	118	113
844	447	122	115
841	446	127	113
843	446	125	114
842	444	122	115
840	444	124	114
838	443	129	115
839	442	125	115
833	441	132	116
835	441	129	118
834	440	127	117
830	441	134	117
830	439	136	117
827	438	132	120
821	438	142	122
824	437	131	117
821	439	133	118
820	439	131	117
817	437	128	118
817	436	142	123
817	436	127	119
814	434	146	122
813	436	124	117
813	432	125	128
812	430	131	125
813	431	126	127
810	431	132	119
808	428	128	122
808	426	128	131
806	425	132	129
805	424	134	125
805	423	138	136
802	422	139	137
807	420	134	124
798	419	143	127
797	419	148	123
797	419	149	124
794	418	154	125
793	415	154	125
787	416	161	122
786	415	163	121
786	414	162	122
788	411	159	124
786	410	161	124
785	410	162	125
784	409	165	122
779	409	171	122
779	407	170	117
778	406	175	116
775	405	177	117
773	404	180	117
771	403	182	119
767	401	188	121
765	399	193	120
760	396	199	119
758	398	202	118
755	397	207	121
751	395	216	121
747	394	221	123
744	392	226	132
740	391	230	123
739	391	235	124
735	391	247	130
736	365	246	142
741	390	234	130
731	381	248	126
739	379	238	143
732	383	247	121
743	378	240	147
728	380	249	122
820	380	159	148
844	387	136	138
840	386	137	143
846	388	133	141
844	387	133	142
842	386	139	145
841	389	139	142
842	389	138	141
841	389	140	138
836	389	146	141
838	391	147	138
834	391	149	135
834	391	150	139
832	391	154	142
831	392	155	139
829	393	157	140
829	396	158	136
826	398	163	134
827	396	162	134
826	399	163	133
824	398	167	134
822	400	176	130
825	402	167	128
820	403	181	127
820	406	173	127
817	406	180	127
817	408	179	127
812	406	186	130
808	407	191	130
819	408	181	124
831	408	169	118
827	409	175	121
823	408	180	122
834	408	173	120
832	409	174	120
831	407	178	119
831	409	175	121
833	408	176	117
830	406	180	116
830	407	177	117
831	407	179	115
833	406	177	116
837	403	170	118
838	400	171	121
840	402	168	120
838	400	169	118
842	402	166	116
845	400	164	119
846	400	164	120
846	396	167	123
849	397	166	121
851	392	168	124
847	392	168	127
855	391	163	127
857	390	159	129
859	390	155	126
863	393	154	121
867	392	148	121
865	392	150	121
871	393	145	117
868	390	148	111
868	386	148	113
876	386	143	112
877	385	144	111
879	384	142	111
878	384	144	108
882	382	143	109
881	383	146	108
884	379	144	109
880	383	148	106
889	383	139	97
883	375	147	106
887	384	145	95
886	365	147	115
882	385	153	94
894	380	140	92
893	381	142	94
901	381	135	87
899	382	137	94
899	376	140	97
903	382	137	82
904	380	136	83
905	380	136	87
904	379	139	83
906	378	137	81
908	378	136	77
905	379	141	79
910	377	135	77
910	380	138	75
915	377	132	74
916	377	134	75
914	376	136	74
915	377	137	71
912	374	141	75
912	364	142	82
914	366	143	79
917	369	140	74
915	370	141	75
920	365	139	80
919	364	140	80
920	370	139	72
922	364	138	76
922	370	140	72
921	372	141	69
915	351	146	85
910	353	140	83
915	354	153	86
911	354	141	82
912	355	156	87
903	352	149	90
914	353	152	88
919	360	135	80
913	352	150	92
914	354	148	87
910	358	150	81
913	350	165	97
914	357	155	86
910	356	165	96
911	346	162	99
916	351	156	95
906	350	173	97
914	347	143	86
914	348	142	83
912	344	141	88
908	344	136	85
915	342	126	81
919	346	123	77
926	350	122	77
915	348	134	75
912	341	137	78
924	342	127	72
916	335	110	64
921	339	106	68
916	335	126	63
920	342	134	61
912	331	88	71
