1271	863	102	33
1271	861	101	34
1265	862	105	34
1263	862	100	34
1261	862	97	35
1255	862	99	35
1254	862	98	36
1251	862	99	39
1247	862	97	38
1244	862	98	42
1241	863	98	44
1237	863	97	48
1234	862	97	44
1235	863	98	41
1230	863	97	41
1228	865	97	36
1223	863	103	37
1222	863	99	38
1219	864	96	38
1217	863	100	37
1214	863	98	40
1210	864	100	41
1208	864	98	46
1204	866	97	43
1200	865	100	44
1201	864	100	48
1196	866	100	46
1189	866	108	52
1188	866	105	52
1182	865	105	45
1182	866	104	45
1182	866	103	45
1177	866	102	50
1174	865	102	50
1171	866	105	50
1168	866	104	51
1165	867	103	49
1165	866	105	50
1161	864	103	48
1160	865	101	49
1158	865	97	52
1154	868	93	47
1155	869	86	42
1155	870	87	40
1153	876	82	35
1152	878	80	31
1152	878	78	33
1150	876	73	36
1150	877	69	36
1149	877	70	36
1148	876	64	38
1147	875	61	39
1146	874	60	40
1144	873	54	40
1143	873	54	41
1143	873	54	41
1142	872	49	40
1141	871	46	39
1139	870	45	38
1140	869	40	36
1139	869	41	36
1139	869	41	35
1139	868	40	36
1139	868	39	37
1138	866	39	39
1139	866	35	40
1139	865	32	41
1139	865	32	42
1138	865	30	42
1138	865	25	39
1136	864	25	31
1135	863	23	32
1134	863	24	29
1135	863	25	29
1132	862	23	29
1130	863	26	29
1123	862	33	28
1120	861	51	38
1114	859	62	40
1115	857	62	40
1116	857	60	39
1111	855	63	38
1110	853	66	41
1109	851	66	45
1111	849	68	48
1111	849	68	49
1113	847	66	49
1117	844	57	52
1117	843	54	52
1122	840	48	47
1120	839	47	40
1120	840	46	40
1126	839	39	40
1126	836	36	37
1129	836	27	49
1133	832	29	52
1132	831	34	53
1132	831	33	53
1131	828	39	34
1128	826	45	32
1127	824	47	37
1127	822	52	38
1126	819	55	40
1126	820	55	41
1128	817	54	40
1127	816	57	42
1124	813	64	51
1128	810	64	50
1129	808	63	51
1130	808	62	52
1131	806	65	51
1136	802	63	53
1137	801	63	51
1143	798	59	52
1145	797	60	51
1145	796	59	53
1147	795	61	52
1151	791	60	52
1153	788	60	54
1155	786	60	53
1157	785	61	51
1157	785	61	52
1159	784	60	48
1163	780	61	49
1165	778	61	50
1168	776	62	48
1170	773	62	50
1170	773	62	51
1172	771	62	49
1177	770	61	47
1178	768	61	48
1182	766	61	48
1185	763	59	46
1186	764	58	48
1183	762	60	49
1181	760	60	50
1181	759	61	51
1189	756	55	52
1194	756	50	53
1194	755	50	54
1200	752	44	55
1206	751	39	55
1212	752	34	49
1218	753	29	48
1221	746	27	53
1221	746	27	54
1225	743	23	53
1228	740	21	51
1229	738	23	53
1231	735	22	54
1231	733	23	55
1230	734	24	56
1232	732	23	52
1232	730	24	59
1233	727	23	62
1234	726	24	58
1234	724	24	57
1234	724	25	54
1235	723	25	55
1227	720	41	63
1217	719	55	63
1213	716	68	66
1214	713	64	68
1215	713	64	67
1220	711	57	68
1227	706	47	60
1229	705	44	65
1237	702	39	65
1251	697	31	71
1251	697	30	71
1253	695	30	70
1250	690	36	60
1254	687	37	60
1251	684	41	62
1253	680	43	64
1252	680	43	64
1250	678	46	66
1251	674	49	70
1253	671	49	72
1257	669	48	74
1264	664	43	69
1263	663	45	69
1267	660	42	69
1273	656	39	70
1278	654	37	67
1280	651	37	68
1282	647	37	69
1282	647	37	70
1282	644	38	71
1284	640	38	69
1285	637	37	70
1287	634	36	71
1289	629	36	73
1289	630	36	74
1290	626	34	73
1294	623	31	74
1294	619	32	75
1294	616	32	74
1294	612	33	74
1293	613	34	75
1294	608	33	84
1292	605	35	83
1293	601	34	85
1293	599	35	83
1292	594	36	88
1291	593	37	89
1291	591	38	87
1290	587	40	85
1289	584	41	88
1288	580	41	83
1286	577	43	79
1285	578	43	77
1284	575	48	77
1281	571	59	82
1278	568	67	86
1276	567	70	85
1274	562	77	77
1273	563	76	76
1271	562	81	75
1267	559	86	77
1266	556	86	77
1264	554	85	78
1261	551	84	78
1262	551	85	78
1260	549	85	79
1259	546	84	80
1257	545	85	79
1254	541	84	81
1253	537	84	85
1252	537	84	85
1252	535	84	86
1246	532	80	84
1241	530	85	83
1236	528	91	83
1230	527	100	81
1230	527	99	81
1225	526	104	80
1221	524	107	83
1217	523	109	82
1213	523	112	82
1207	522	120	81
1207	521	121	83
1206	521	120	82
1200	521	128	81
1197	520	130	82
1193	519	135	83
1187	517	135	87
1186	516	137	88
1183	516	135	87
1177	515	139	90
1172	514	142	92
1169	513	143	95
1163	511	150	98
1162	512	148	97
1159	509	150	101
1153	508	150	102
1149	506	154	106
1144	507	156	106
1138	505	160	109
1138	507	161	107
1133	501	165	115
1124	503	162	114
1115	511	165	109
1109	513	166	108
1097	519	171	103
1098	521	171	100
1091	521	179	102
1084	522	189	101
1075	516	204	108
1069	514	214	111
1058	503	227	125
1057	503	223	125
1050	502	233	126
1042	500	242	130
1032	502	246	129
1025	500	248	131
1015	504	250	130
1015	502	251	130
1008	504	250	130
1001	508	251	128
993	508	253	127
986	511	254	127
975	512	255	125
974	512	256	127
969	513	255	125
961	515	257	126
952	517	260	123
945	518	257	124
935	521	261	123
935	519	258	123
926	521	262	122
920	523	262	121
909	520	262	128
900	522	260	126
887	532	257	116
888	528	253	121
878	536	254	114
871	537	248	114
857	536	256	115
845	533	266	118
832	524	269	127
832	524	272	127
822	518	274	132
811	514	280	135
798	509	284	140
787	510	285	139
774	508	285	140
771	510	286	140
763	511	281	139
754	513	282	138
740	514	285	135
731	518	285	133
720	520	284	132
717	521	285	130
709	520	286	128
702	523	282	126
689	518	277	133
683	526	277	126
675	538	271	117
676	536	267	117
670	543	265	116
666	545	260	116
656	540	246	122
648	535	245	130
635	528	241	140
634	530	242	137
625	525	241	144
618	522	237	147
605	519	231	152
597	518	228	155
584	518	227	159
587	517	224	157
577	524	223	154
568	524	225	155
557	534	224	148
551	537	223	146
539	540	226	144
541	538	223	148
534	544	222	144
527	550	222	140
516	553	223	137
512	556	218	135
497	560	221	135
501	560	216	135
493	560	218	136
485	562	219	137
474	564	216	137
468	566	215	137
460	571	210	134
460	567	209	138
454	572	210	135
448	573	209	135
437	577	207	133
432	578	206	136
420	584	209	132
423	582	204	133
415	583	208	133
410	585	207	134
400	590	209	132
393	587	210	136
382	594	210	133
385	592	204	135
379	595	207	134
372	598	208	133
364	601	205	132
359	601	204	134
351	603	204	133
352	603	202	135
331	595	196	142
314	596	191	143
296	606	191	134
283	624	207	117
271	622	227	120
274	621	222	122
258	630	258	114
243	638	278	102
228	654	285	87
208	657	301	86
190	651	308	96
189	649	307	96
157	639	308	109
139	639	309	110
109	653	308	95
88	656	328	93
65	657	347	93
64	656	347	92
28	656	371	91
7	654	377	92
0	650	365	94
0	653	346	92
0	652	324	90
0	653	323	90
0	649	307	96
0	645	281	99
0	642	244	98
0	647	225	94
0	648	197	89
0	648	195	91
0	650	159	81
0	642	144	87
0	636	103	79
0	645	74	75
0	654	45	72
