316	33	228	233
303	31	230	226
303	37	230	222
305	41	226	218
308	39	222	216
306	43	219	218
309	44	216	217
309	46	215	217
310	47	214	216
312	48	211	216
312	45	210	216
308	43	211	216
307	39	208	215
308	35	203	214
305	30	201	214
302	26	198	213
299	23	196	213
294	21	195	212
289	21	195	211
284	21	196	209
283	23	195	208
280	26	195	207
274	28	197	207
270	31	198	205
266	35	199	205
263	38	198	206
260	40	197	206
254	43	196	204
253	44	194	203
251	46	192	201
250	45	190	200
252	48	187	198
252	49	185	198
251	48	182	198
250	47	179	197
245	50	178	196
243	50	177	195
238	51	176	195
234	54	175	194
230	56	173	195
228	57	172	196
228	60	171	196
227	64	170	196
230	64	170	196
228	65	170	195
230	65	171	194
231	68	170	193
234	70	169	194
236	68	169	195
239	67	169	195
240	66	169	195
241	65	172	194
243	65	172	197
244	64	172	201
247	60	171	201
252	59	171	200
258	57	172	198
263	58	173	194
267	60	174	190
270	64	175	187
275	69	177	186
278	72	179	184
283	75	180	182
288	79	182	179
290	82	183	178
295	82	184	174
298	84	185	171
303	85	183	170
308	84	183	167
313	85	182	165
319	82	182	165
323	82	184	165
326	80	187	165
326	77	189	167
328	74	190	167
329	69	191	169
330	66	191	169
330	63	192	169
331	60	191	170
328	58	192	171
328	54	192	173
328	54	192	173
326	52	192	174
324	48	192	175
325	48	190	177
327	47	187	179
330	49	184	181
333	50	180	184
335	51	179	184
338	54	178	184
342	57	177	185
345	61	177	185
348	64	176	186
347	64	176	188
348	66	176	188
349	68	177	189
348	68	177	190
344	69	178	191
340	67	178	192
336	65	178	194
332	68	176	195
327	70	175	192
327	73	174	190
323	78	175	187
323	83	176	183
322	86	179	180
325	89	179	178
325	94	179	176
328	99	181	174
332	102	184	173
330	104	191	172
329	107	196	173
326	105	203	173
326	104	208	175
325	104	212	176
326	100	213	178
328	97	214	179
335	98	213	180
343	98	211	182
349	95	209	182
358	94	206	182
362	88	205	181
370	88	202	180
368	82	202	178
371	83	203	174
371	82	207	172
373	83	208	171
372	86	210	170
375	88	210	171
373	91	210	173
374	96	212	173
372	99	213	173
369	101	215	173
369	101	215	175
363	103	220	176
358	103	223	176
356	105	225	177
354	105	227	177
353	105	227	177
350	107	227	175
351	107	226	175
352	109	224	175
356	106	218	178
357	107	217	179
361	111	215	181
364	110	215	183
371	112	217	185
378	113	217	187
381	118	217	191
390	116	214	194
395	120	215	197
398	121	215	201
401	123	216	204
404	122	215	206
404	126	215	206
399	127	215	207
395	124	215	208
392	124	214	208
389	125	214	209
384	122	214	209
380	121	212	210
376	121	212	210
367	120	212	210
360	122	214	209
355	123	214	211
344	125	216	214
338	124	217	216
333	124	216	216
326	125	216	215
319	126	215	217
314	127	214	220
307	126	216	221
305	130	215	223
305	135	216	224
304	137	215	226
304	139	216	224
305	144	219	223
306	146	217	223
308	147	215	225
305	150	214	224
303	151	214	225
300	153	214	224
300	149	213	230
302	145	210	230
306	143	207	230
308	139	205	229
305	135	207	228
305	130	207	232
308	124	204	236
310	120	201	240
312	116	200	241
313	113	200	240
327	109	199	243
320	106	199	241
334	101	200	242
329	99	197	240
340	96	195	244
332	95	198	241
339	91	197	240
331	93	197	237
329	95	197	233
331	96	195	230
330	99	193	229
330	101	191	230
327	102	190	231
328	103	187	230
331	104	185	230
334	108	182	233
339	112	179	233
342	111	178	235
338	109	179	237
339	108	177	239
336	107	179	239
329	108	182	240
328	107	183	242
328	107	185	244
327	102	187	249
318	100	184	250
325	96	187	251
314	96	188	253
322	88	190	255
309	92	191	254
315	86	194	257
305	93	193	255
303	90	191	253
298	90	189	252
301	88	196	247
299	91	202	248
299	95	205	250
295	98	210	248
298	98	214	250
295	102	221	247
289	103	225	244
289	107	227	241
288	107	225	242
287	109	226	242
278	111	228	244
275	111	228	244
273	114	227	244
269	115	228	242
269	115	227	238
265	114	227	236
263	113	227	231
262	113	226	229
263	111	223	226
265	108	220	225
266	108	218	226
272	107	215	224
274	109	214	227
274	106	216	227
275	110	220	227
275	109	222	229
275	109	223	231
283	110	219	231
288	109	218	234
296	110	215	240
302	113	213	241
310	117	209	244
314	121	207	247
318	125	204	252
320	127	204	257
322	127	203	260
322	130	203	262
322	134	203	263
321	138	203	260
318	138	203	260
313	140	203	257
311	143	205	248
312	149	206	243
314	152	206	239
309	156	207	236
306	159	208	233
304	160	207	231
304	159	205	230
301	156	205	232
304	151	204	233
304	145	202	233
305	143	200	232
304	141	197	232
302	138	196	231
300	135	197	229
300	135	196	224
301	134	194	223
301	136	193	222
299	136	195	222
298	135	197	220
294	133	198	220
295	133	198	217
298	134	196	216
301	134	195	213
301	136	193	212
300	137	192	211
297	141	192	208
298	145	191	206
296	149	190	205
297	168	188	207
297	164	188	209
296	162	188	210
295	159	187	213
291	156	187	216
291	152	188	215
290	148	188	215
288	143	187	218
287	140	186	218
285	135	185	219
285	136	183	221
286	136	181	220
288	139	180	220
290	140	178	222
293	144	176	223
298	145	175	223
299	148	173	225
302	150	173	224
306	150	173	223
306	152	172	221
307	153	171	221
306	156	173	219
305	160	173	219
305	163	172	220
305	165	171	218
304	166	170	218
299	169	170	217
300	170	169	216
300	171	168	214
298	171	167	213
297	173	165	211
297	175	165	210
297	176	164	208
297	178	163	206
295	179	163	207
294	181	162	206
292	180	162	207
292	178	162	208
288	176	162	208
285	176	162	209
282	173	162	210
278	172	163	210
272	172	163	211
267	171	163	210
264	173	164	208
262	175	164	208
261	175	165	208
267	174	166	209
267	174	167	211
264	174	170	212
261	171	175	213
256	171	177	214
253	170	180	215
250	168	183	217
245	167	187	220
244	165	189	219
243	163	191	217
245	160	193	215
244	159	197	212
242	159	198	210
244	157	201	208
251	159	201	207
257	159	200	206
261	160	200	205
270	159	198	205
273	160	198	205
278	160	195	207
282	158	195	208
287	155	194	210
292	152	194	209
299	146	193	208
308	139	190	209
320	134	190	207
327	131	189	208
331	127	190	209
336	122	188	213
342	117	188	215
348	115	189	217
351	112	190	218
358	108	192	219
360	105	198	219
360	107	206	218
360	111	214	217
361	114	223	216
362	113	233	215
359	117	242	216
362	118	250	217
365	121	256	218
366	122	260	220
362	125	264	221
357	126	270	219
352	125	276	218
353	125	279	220
353	128	281	219
352	128	282	220
348	126	279	223
343	125	280	226
336	121	284	226
331	119	287	228
329	116	292	228
325	118	297	228
323	116	300	231
317	118	302	234
309	119	304	239
303	123	307	242
298	123	307	242
291	125	309	243
286	125	312	241
278	131	316	241
273	136	314	244
271	135	309	246
268	135	305	250
269	136	299	252
272	137	294	252
275	137	288	251
282	136	282	249
282	139	277	249
287	135	275	248
289	137	272	245
289	135	269	246
287	132	266	247
293	129	262	247
293	130	257	245
296	127	256	246
292	126	256	246
295	127	256	245
294	128	257	242
292	130	258	239
293	130	262	236
289	131	264	235
295	131	267	235
291	134	268	236
290	134	270	233
284	134	272	232
284	133	269	230
282	131	268	230
279	128	269	231
276	127	271	229
270	124	274	229
264	120	276	229
261	114	278	230
257	108	276	234
253	104	274	235
247	101	275	241
246	98	273	243
247	96	268	246
251	95	264	249
251	95	264	251
253	97	263	251
253	101	263	251
253	103	262	250
256	103	258	254
256	107	257	250
256	111	255	249
257	112	254	250
258	114	253	251
260	116	255	249
256	118	257	248
253	119	260	246
251	119	263	244
247	119	263	240
244	118	268	239
239	115	267	241
235	113	267	241
237	112	262	238
231	111	262	237
230	112	261	236
230	112	263	233
228	115	263	232
228	116	264	232
222	120	263	233
217	123	262	233
216	123	263	231
212	125	264	230
208	122	265	228
204	121	268	229
202	116	267	229
200	115	265	230
197	116	265	232
195	114	266	233
194	112	266	235
188	109	271	234
182	108	278	236
175	108	284	237
161	102	294	239
152	99	303	238
147	95	309	238
148	98	313	235
145	97	317	236
152	97	321	235
152	96	317	233
150	99	317	232
155	99	315	229
163	100	312	229
167	103	310	230
169	102	313	229
171	102	312	229
172	107	314	229
175	111	316	228
179	115	317	228
182	119	321	227
182	122	320	226
190	124	321	227
193	120	319	228
197	121	322	226
197	123	322	225
197	125	321	223
194	123	320	222
191	124	324	218
191	119	322	216
190	121	320	216
188	118	322	215
189	114	321	218
184	116	322	216
183	114	322	213
185	110	320	212
191	109	318	209
197	114	317	205
212	103	300	216
222	102	293	218
230	103	290	220
239	101	284	222
244	104	284	220
250	104	282	220
250	105	281	218
254	105	278	215
256	106	277	216
258	109	275	219
258	103	271	223
267	104	267	224
275	102	265	227
283	101	262	231
288	99	260	237
293	98	257	239
300	92	253	244
305	92	252	244
309	92	251	244
312	92	249	244
323	90	246	246
329	92	247	243
335	95	249	241
335	98	249	237
339	99	251	232
342	107	254	227
343	109	259	224
343	114	265	221
345	118	266	220
351	120	268	220
359	122	267	222
363	124	267	225
365	125	267	228
371	125	266	230
378	127	264	233
380	128	266	234
382	131	270	233
385	136	269	231
387	140	266	231
390	144	261	233
386	145	259	233
386	151	256	232
382	152	251	235
382	156	247	239
381	157	242	240
381	155	236	241
382	154	232	241
376	151	230	242
377	146	228	241
373	142	227	237
372	144	228	232
372	142	228	229
371	140	229	227
369	139	230	225
368	139	231	223
369	134	230	222
368	133	232	220
370	133	229	220
369	133	228	219
369	134	227	219
370	134	224	222
370	132	221	223
367	128	219	224
365	126	217	222
362	126	215	222
357	122	214	221
353	120	212	220
348	118	209	221
343	116	207	222
338	112	205	223
