1228	341	82	69
1215	339	84	66
1207	347	84	65
1199	355	84	64
1189	369	83	64
1181	384	84	61
1175	388	84	60
1169	398	84	59
1156	417	90	54
1148	426	95	52
1143	434	98	50
1136	440	101	49
1129	447	104	49
1121	454	105	48
1116	459	105	49
1114	458	107	49
1125	467	108	49
1121	469	108	50
1118	477	107	50
1115	485	105	49
1117	493	103	48
1124	500	102	46
1126	505	99	45
1124	511	97	43
1118	518	94	43
1118	524	91	42
1127	528	90	41
1129	533	89	40
1118	541	89	38
1115	545	90	37
1108	548	91	36
1102	548	93	35
1095	554	94	34
1095	553	94	34
1090	556	95	35
1085	554	94	36
1083	556	91	39
1084	552	88	42
1083	552	84	44
1077	548	81	46
1073	535	74	53
1074	529	68	57
1075	519	63	58
1076	516	58	59
1076	513	54	59
1077	509	52	58
1074	503	54	55
1071	500	56	53
1075	495	56	54
1086	484	53	54
1102	467	48	58
1107	466	50	56
1112	463	51	55
1117	455	53	54
1123	450	55	53
1128	438	58	52
1131	431	61	51
1136	423	64	51
1143	409	67	52
1143	405	70	52
1146	398	71	53
1149	393	71	54
1166	382	68	57
1177	374	63	59
1181	369	60	62
1182	364	58	64
1191	356	55	67
1191	348	54	71
1195	336	49	79
1197	330	48	82
1193	321	47	85
1186	316	53	80
1180	311	59	77
1175	309	63	76
1163	308	79	72
1150	306	93	72
1139	305	109	72
1128	306	123	74
1103	306	134	69
1085	310	145	67
1069	312	151	67
1052	315	153	68
1025	318	148	69
1008	323	144	70
1004	326	139	70
990	329	132	70
980	335	129	71
970	340	128	71
965	343	126	72
955	345	126	72
940	352	123	74
933	363	119	80
927	365	118	82
921	369	116	84
909	381	112	86
896	387	109	86
887	395	104	86
883	398	100	86
876	417	97	85
867	435	95	83
856	452	92	82
849	459	89	80
837	477	86	78
823	485	87	73
816	492	86	71
812	485	84	68
811	468	84	66
810	466	84	64
813	461	85	63
813	459	86	63
817	454	89	57
815	449	91	56
810	441	91	54
812	435	91	52
820	417	89	51
823	411	86	51
827	402	85	51
829	395	83	52
842	384	84	50
846	378	84	51
848	369	86	51
846	360	89	51
850	350	95	50
852	344	100	52
853	335	105	54
854	327	108	56
862	309	112	56
864	302	114	58
867	293	116	59
870	288	116	61
876	277	116	61
882	270	114	63
889	261	111	65
891	256	111	67
899	248	106	67
908	242	100	69
921	237	94	72
928	234	89	73
940	230	83	76
950	232	79	77
966	226	79	79
971	227	80	81
968	227	79	86
966	230	82	88
963	237	83	89
963	259	83	87
955	273	84	83
973	286	81	79
978	290	77	76
978	300	74	73
978	317	71	72
983	331	68	71
983	335	64	70
979	344	61	69
975	355	59	68
973	365	57	67
973	370	56	64
973	378	55	64
971	386	53	64
971	388	52	64
970	390	51	63
970	389	51	63
973	381	46	69
973	376	42	76
973	376	40	77
975	383	39	77
976	380	39	76
978	379	38	76
983	377	37	75
983	375	38	73
987	362	38	72
992	356	37	74
990	355	37	74
989	359	37	74
984	373	38	72
981	377	40	69
978	387	42	68
976	390	44	68
971	410	52	63
968	415	57	61
962	427	59	60
958	431	60	61
949	444	59	61
948	453	57	62
948	455	56	63
947	463	57	63
943	476	60	62
945	474	61	61
946	479	61	60
942	483	62	59
944	482	62	57
942	481	62	57
941	487	62	57
942	486	62	56
919	521	65	54
916	527	68	56
907	531	72	56
896	534	74	55
887	542	77	56
882	545	76	57
871	555	71	60
856	571	73	58
851	572	75	58
839	575	79	61
810	589	76	65
785	613	71	69
781	620	63	77
774	624	64	76
769	630	65	74
764	641	70	72
769	643	76	70
771	649	80	68
764	671	85	66
744	710	95	62
735	720	101	59
724	741	104	58
715	753	108	57
693	783	108	58
678	800	107	60
671	806	107	64
666	819	102	69
669	799	101	70
659	792	101	70
648	783	101	70
638	773	101	70
632	849	89	79
633	851	81	85
629	852	73	92
623	856	70	92
609	883	70	91
603	909	70	90
610	925	71	90
624	960	74	89
640	999	79	84
636	980	77	86
634	981	74	88
632	981	72	90
629	982	71	91
636	983	70	91
634	977	69	92
641	970	69	92
638	975	68	92
636	978	67	93
634	979	67	93
642	980	66	93
640	973	66	93
639	976	65	93
636	977	65	94
643	978	64	94
640	978	64	94
648	978	63	94
645	972	63	94
643	975	63	95
648	975	62	95
644	975	62	96
642	974	62	96
648	968	61	97
645	962	61	97
660	954	61	98
665	946	61	98
672	937	61	98
671	932	61	98
668	927	61	98
675	943	63	97
683	929	64	96
688	939	68	93
673	958	64	99
670	953	62	103
675	950	61	105
659	977	65	102
655	980	66	101
651	975	66	101
647	965	66	101
734	984	63	97
731	1000	65	92
727	994	65	92
722	988	65	92
715	985	65	92
709	981	65	92
685	989	67	90
683	984	68	89
682	978	68	89
679	973	68	89
677	968	68	89
674	964	68	90
658	990	70	88
655	983	69	90
670	968	68	91
667	963	68	92
673	957	67	92
678	952	68	91
683	946	69	90
680	941	69	89
684	934	70	88
688	929	71	87
684	924	71	87
689	928	71	86
692	922	71	86
688	915	71	86
684	909	71	86
689	904	72	86
685	897	72	86
680	891	71	86
675	885	71	86
659	875	71	87
635	834	70	88
632	825	69	89
629	824	68	90
634	825	67	90
640	826	68	90
644	819	69	89
647	812	69	89
644	815	70	89
648	817	70	89
649	819	71	88
651	811	72	88
647	814	72	88
643	806	72	88
639	799	72	89
635	793	71	89
632	789	71	89
628	784	71	89
624	779	71	89
619	772	71	89
615	765	71	89
610	756	71	89
605	747	71	89
601	740	71	89
598	733	71	89
595	724	71	89
591	718	71	89
587	712	71	89
581	705	71	89
577	699	71	89
572	692	71	89
567	683	71	89
564	674	71	89
559	661	71	89
545	633	72	88
541	628	73	87
550	627	72	89
546	631	73	88
553	630	72	89
550	621	71	90
544	626	73	89
538	630	74	88
542	633	76	87
538	627	76	87
542	629	77	87
538	633	77	87
534	636	78	87
530	639	78	86
525	643	78	86
511	656	79	86
508	658	79	86
505	659	79	85
502	660	79	85
501	660	79	85
510	653	79	85
521	647	79	85
536	641	79	85
533	645	80	85
538	639	80	84
535	643	80	84
541	638	80	84
537	642	80	84
534	646	80	84
531	641	80	84
417	600	93	75
424	608	98	79
431	614	102	82
437	584	111	75
403	596	120	72
361	606	127	73
332	616	134	74
273	621	122	81
269	648	103	95
265	634	102	96
274	622	100	98
271	609	98	100
267	599	98	101
275	602	96	104
271	594	95	105
267	584	95	106
264	577	95	106
260	569	94	106
255	561	94	106
250	553	94	106
272	560	91	113
271	603	80	127
281	604	74	135
281	596	69	144
290	599	67	147
298	593	69	144
303	597	71	142
307	598	73	141
303	599	75	138
312	599	77	137
319	599	78	135
314	599	79	134
322	593	81	133
330	587	82	132
324	581	82	131
315	573	82	131
308	566	82	131
301	558	82	132
296	548	82	131
292	539	82	131
289	530	82	131
282	522	82	131
277	513	82	131
272	502	82	131
268	493	82	132
262	485	82	132
256	477	82	132
249	471	82	132
239	464	82	132
229	457	82	132
