6	133	342	175
11	127	343	174
13	128	345	174
15	127	344	173
14	128	342	173
14	126	343	171
15	127	335	169
15	122	331	171
12	117	326	171
8	112	323	173
6	110	325	173
-1	104	322	174
-5	99	317	174
-6	96	316	173
-7	95	317	172
-14	90	315	172
-13	88	316	169
-11	86	317	167
-8	89	318	168
-14	87	315	168
-17	84	313	168
138	148	292	184
149	147	274	194
159	140	261	199
164	141	248	204
154	150	249	199
142	144	250	200
138	151	252	195
108	162	262	181
123	170	263	170
122	177	258	162
118	182	254	157
121	189	251	149
127	195	247	145
136	201	241	140
139	205	235	137
136	206	236	134
138	194	237	131
153	200	234	131
156	204	233	129
168	205	228	127
167	206	226	126
179	207	224	127
172	192	226	123
188	196	223	124
38	86	226	125
19	81	226	129
22	79	226	131
29	79	229	131
29	76	231	131
27	74	231	131
26	71	231	131
23	72	229	130
26	62	229	128
23	61	229	129
16	57	227	129
5	57	223	137
22	41	223	135
18	37	228	130
11	41	229	129
8	29	229	128
5	33	227	130
10	22	227	129
12	29	227	132
25	19	227	130
20	25	228	129
27	25	230	131
25	27	227	132
32	17	229	131
28	22	226	132
34	24	226	133
27	25	223	135
34	17	225	133
27	21	221	133
32	25	218	142
27	23	212	151
21	24	208	160
29	16	212	162
23	19	210	167
28	10	215	165
32	6	219	165
24	14	218	167
40	4	224	161
30	15	221	164
42	7	229	155
33	20	226	161
45	10	231	154
34	19	235	151
46	28	226	159
58	17	232	152
55	27	226	158
47	33	221	164
60	21	230	156
57	28	226	160
47	32	231	152
38	35	233	149
45	35	239	147
35	39	240	144
38	39	245	142
46	41	249	141
37	45	252	141
44	45	259	140
59	48	257	143
45	50	258	144
51	50	260	144
44	53	259	145
52	52	261	145
40	56	260	145
52	53	261	143
46	60	259	145
71	61	244	158
60	60	247	153
50	64	239	162
65	62	232	166
87	59	226	171
79	57	221	174
63	59	221	177
75	61	217	180
91	52	214	179
75	55	217	181
81	57	220	181
94	59	218	182
89	61	215	184
76	64	214	186
81	54	227	174
98	62	223	174
89	65	220	178
106	64	218	179
96	68	218	180
78	73	231	168
77	74	244	158
79	76	254	151
82	77	260	148
90	80	264	146
66	80	265	146
117	89	251	155
120	90	243	160
4	71	257	155
5	69	272	155
0	56	277	151
0	51	280	150
4	45	285	149
13	43	288	150
41	31	287	154
93	29	284	160
137	22	264	175
157	20	247	186
174	16	235	192
171	17	225	193
143	75	236	178
129	80	248	169
138	86	253	161
128	94	261	155
113	96	268	151
131	98	269	149
116	101	277	145
133	99	274	143
151	100	269	142
141	107	266	140
134	105	267	138
155	107	266	136
157	110	263	136
152	114	260	134
164	104	257	132
156	111	254	131
174	115	248	128
170	117	248	125
169	119	247	124
180	118	241	123
171	124	240	121
181	116	238	120
184	118	236	119
173	124	238	117
183	121	233	118
176	126	225	126
183	112	224	123
179	115	224	120
185	101	224	120
169	96	218	127
167	104	214	132
153	94	220	128
142	98	227	124
233	189	230	132
237	188	235	138
222	182	240	141
225	170	247	144
211	167	254	147
216	156	261	150
194	151	270	152
197	144	277	154
196	135	287	158
167	127	297	159
167	123	307	161
167	116	313	164
140	116	317	168
147	111	325	170
153	112	327	172
156	109	331	174
163	108	330	175
179	106	323	177
159	107	328	177
174	109	328	176
159	109	334	174
185	107	329	177
183	136	326	174
173	134	325	171
166	129	324	171
164	128	320	170
187	127	313	170
176	128	314	166
162	129	313	166
178	131	307	165
169	130	305	164
185	134	301	163
199	136	294	164
192	137	292	162
205	141	289	161
191	144	287	159
208	145	277	160
192	145	275	158
209	144	271	157
193	144	271	157
204	147	270	154
219	146	265	153
202	146	266	152
212	140	266	151
219	138	265	150
243	153	264	150
241	150	265	150
234	143	267	150
249	140	267	149
230	135	269	149
250	158	269	148
240	154	269	147
219	125	269	148
233	145	266	150
214	139	265	152
245	132	255	159
257	129	238	168
264	124	230	174
250	146	234	169
149	75	239	162
149	67	245	155
148	76	247	151
150	83	248	148
151	87	246	145
161	89	243	143
146	95	248	140
163	93	244	139
150	100	245	136
163	99	240	136
146	103	245	134
146	106	249	133
150	108	251	133
147	110	252	131
146	113	254	130
149	114	255	130
142	116	258	129
142	120	263	129
141	124	264	130
142	125	264	130
144	125	262	132
145	125	261	132
150	113	261	132
153	119	260	132
138	122	263	132
148	125	260	133
154	108	260	135
159	113	258	134
162	102	257	133
166	110	254	134
151	113	255	135
159	100	257	134
161	108	261	133
147	112	262	134
160	99	264	134
140	108	268	134
145	111	272	135
153	110	271	136
162	110	272	137
140	110	275	138
189	192	278	137
183	190	277	137
132	116	284	138
138	115	284	140
146	116	285	142
122	118	293	143
120	119	300	144
115	121	309	148
117	121	313	153
115	120	316	156
114	121	319	160
114	121	322	162
113	118	323	167
115	120	327	167
101	121	331	169
97	120	330	170
98	123	336	169
98	121	337	169
97	120	339	169
101	124	345	168
99	124	346	171
100	123	346	171
99	125	346	173
97	126	353	174
120	100	351	173
108	105	351	169
92	106	363	167
117	105	358	170
118	106	353	172
108	108	352	174
104	109	351	176
136	108	339	180
135	107	331	183
133	105	327	183
123	166	332	178
131	163	333	178
127	100	327	176
126	100	324	175
121	100	327	174
124	98	325	174
125	98	326	174
120	97	325	173
116	98	325	173
135	73	321	171
71	165	337	165
64	164	345	162
64	166	354	159
78	159	357	159
98	147	353	163
104	87	348	167
107	112	341	173
113	87	339	175
117	90	335	178
112	95	336	178
142	74	330	176
139	77	327	174
133	81	327	175
129	81	334	178
129	80	335	181
132	76	336	184
124	76	344	183
81	117	358	183
105	80	366	185
119	54	374	181
100	60	383	177
120	88	380	182
49	123	388	181
28	126	390	181
64	130	397	179
33	129	401	180
35	128	406	180
44	135	422	174
36	134	431	173
74	128	436	172
59	121	447	175
56	106	449	186
42	97	457	191
44	93	456	197
40	84	463	204
35	81	467	207
36	82	471	210
31	78	469	214
28	78	469	215
28	85	471	215
30	93	472	212
37	97	474	207
34	102	474	204
41	103	467	204
45	104	469	202
56	101	469	202
49	100	464	204
17	94	463	206
50	96	462	207
16	95	462	208
22	100	462	207
30	101	459	209
31	101	460	209
28	100	460	209
31	100	457	209
34	99	452	209
35	96	448	208
44	97	447	206
42	104	448	203
39	105	444	200
36	111	447	196
33	109	449	195
36	112	449	194
40	112	452	192
41	112	452	194
11	122	446	193
18	115	451	195
30	105	447	200
34	96	442	203
32	91	439	207
32	86	438	210
27	83	440	213
23	85	447	210
22	86	445	210
17	89	449	209
17	98	445	205
22	99	452	202
22	99	460	200
28	101	456	198
31	103	455	197
32	107	455	195
37	105	455	195
9	112	453	193
13	119	451	191
17	125	455	189
17	131	451	189
16	134	443	188
20	133	438	188
21	133	430	187
26	133	427	186
29	133	426	186
27	131	426	187
29	129	432	188
34	121	438	188
28	120	441	189
34	113	444	193
46	112	440	193
16	113	431	196
36	107	428	198
52	103	421	202
30	106	420	202
44	97	413	209
51	100	406	210
60	100	403	210
49	94	397	213
69	96	389	213
85	91	379	216
67	88	380	216
74	87	382	216
51	119	386	212
26	118	394	208
57	102	388	212
72	94	386	215
58	92	388	216
97	69	384	218
98	75	377	220
80	102	373	218
59	98	374	218
63	98	375	218
66	104	378	216
76	106	380	213
75	110	382	210
45	142	392	202
47	131	394	201
76	98	392	205
48	131	388	202
48	128	387	203
49	127	389	201
47	124	389	201
41	150	394	196
37	141	394	195
49	138	391	193
52	140	390	191
90	112	382	195
56	143	384	193
87	111	377	195
88	117	370	199
114	119	367	202
100	121	369	202
87	121	371	202
116	96	365	202
102	133	368	199
91	106	368	202
115	110	365	203
108	108	362	204
99	106	359	204
90	104	357	205
119	108	354	204
111	107	349	203
112	109	343	201
119	104	339	201
124	85	340	194
128	111	326	202
142	86	320	195
151	94	307	199
161	97	299	203
151	98	284	206
171	86	272	208
150	91	270	207
168	84	260	208
196	87	253	210
184	91	247	210
177	96	240	211
196	91	234	212
210	85	230	207
200	89	230	202
197	96	229	202
211	96	225	203
219	91	225	199
218	96	216	202
210	96	213	203
211	89	210	201
227	90	212	196
221	88	210	193
215	100	205	194
154	153	221	185
151	159	232	178
148	155	246	174
140	151	261	171
132	151	274	170
117	151	285	170
115	151	291	172
109	145	299	175
105	148	303	176
92	143	313	179
108	135	319	184
99	132	319	187
92	130	321	190
119	125	320	191
111	120	322	194
103	120	323	194
92	121	325	197
77	118	328	196
97	118	329	197
121	117	328	200
107	115	329	200
98	117	329	200
126	112	325	200
117	110	327	200
108	110	332	199
94	109	337	198
75	130	348	198
69	119	347	201
80	110	354	202
94	106	362	200
73	106	368	202
95	104	369	204
71	102	374	206
85	102	377	206
69	90	380	205
86	93	384	203
70	94	385	202
99	93	386	202
91	97	387	203
77	99	384	203
76	92	378	202
116	92	371	202
123	94	362	202
93	94	355	202
92	91	352	201
93	88	351	201
94	92	350	200
91	89	350	200
92	94	348	200
89	95	350	202
79	94	350	204
108	96	356	206
101	93	361	207
140	95	358	209
101	89	359	211
84	91	365	211
111	95	367	210
95	93	378	209
79	95	387	206
30	94	389	205
21	89	390	208
114	95	390	208
47	93	392	208
24	93	395	211
16	98	399	208
39	100	395	206
33	102	392	204
45	106	382	199
43	110	374	195
48	106	374	193
29	106	379	194
4	68	377	194
17	96	383	197
28	92	392	189
42	93	394	193
26	86	394	201
30	106	396	202
45	95	399	204
52	90	399	205
35	89	401	204
17	82	405	207
30	104	414	205
12	95	410	208
23	96	414	205
26	90	416	208
3	81	414	209
10	79	415	208
13	97	420	209
3	88	420	214
6	108	423	214
14	99	427	214
19	94	432	212
15	87	433	215
13	107	438	218
10	96	437	217
12	96	433	217
13	96	430	215
27	117	423	217
37	111	415	217
36	109	411	214
34	104	406	214
84	113	392	214
4	96	395	216
7	92	398	213
5	87	401	212
6	112	402	213
8	103	405	212
10	99	408	213
4	94	413	216
4	95	413	218
4	111	409	220
1	107	404	218
4	105	399	216
1	106	394	213
0	107	391	214
0	106	390	212
1	108	388	208
5	112	384	205
-2	112	385	206
0	114	385	204
0	117	381	203
6	121	380	201
3	118	383	201
10	121	381	199
6	117	375	198
7	121	369	196
7	120	368	194
8	121	363	194
29	123	356	193
20	123	356	194
16	124	352	194
5	124	353	193
7	122	354	192
11	121	355	191
11	123	353	189
12	123	355	189
13	125	355	190
10	124	356	192
9	124	360	196
9	120	361	197
8	121	363	198
7	122	366	199
3	119	369	199
7	116	365	198
6	116	365	198
-7	115	361	198
2	115	364	196
10	112	366	195
11	114	367	196
-9	113	362	196
-3	111	362	195
1	109	363	192
6	109	364	190
-7	112	353	189
-6	108	350	191
-1	106	348	189
-1	108	349	190
-4	103	346	191
-3	102	348	190
-6	101	347	188
-5	105	346	188
-3	104	347	189
-2	106	349	189
2	104	351	188
3	102	358	189
4	102	361	189
0	103	367	187
3	101	369	187
3	103	375	188
0	100	384	189
-1	101	388	190
0	100	394	188
1	103	394	190
4	101	399	188
-10	104	392	190
-3	103	393	191
0	101	394	192
2	105	396	193
1	104	399	191
0	105	400	193
-3	103	402	193
1	102	405	197
-13	104	392	197
-1	101	392	199
1	97	392	200
-7	104	381	196
-2	100	379	195
-1	100	378	192
4	103	380	192
-3	106	374	190
-1	104	376	191
4	103	378	192
-4	107	372	192
-1	105	375	191
8	103	377	193
-7	110	368	192
3	108	368	192
13	105	371	191
-1	106	365	190
6	107	367	191
11	107	371	190
-1	109	363	190
6	107	365	191
11	106	368	191
-1	107	361	190
11	104	364	189
-1	104	358	189
9	103	362	189
-2	100	359	189
9	100	362	190
-3	100	359	190
6	99	363	191
-4	101	358	192
5	97	362	193
8	98	365	195
12	96	372	196
-1	93	369	195
3	92	368	196
10	89	372	194
7	88	374	193
9	90	375	195
7	88	379	195
7	88	381	195
4	87	385	197
7	88	389	199
-5	110	385	199
0	102	385	201
3	92	386	204
4	91	389	202
3	89	392	202
3	88	392	205
5	85	391	207
6	85	391	208
5	83	392	210
-4	79	388	211
2	77	388	214
6	77	390	216
5	77	392	217
4	75	391	219
2	74	390	220
2	71	391	222
0	72	389	221
3	71	389	221
22	101	389	218
37	97	391	217
19	92	390	215
36	90	386	214
51	92	381	210
28	91	382	209
40	84	378	210
3	78	379	212
7	74	382	212
7	72	382	213
25	95	383	214
11	86	382	216
3	78	381	217
4	76	381	216
1	97	380	218
54	96	376	218
29	91	376	219
38	87	375	219
52	87	373	219
22	83	371	219
29	85	371	220
40	83	369	221
51	87	367	220
62	91	365	218
36	91	367	216
49	89	365	216
63	93	364	215
39	93	363	215
56	92	362	215
71	96	360	213
48	92	360	213
7	80	360	215
7	72	361	216
9	65	363	216
62	101	362	216
78	104	361	214
64	101	361	214
41	93	361	215
55	91	360	214
71	94	359	212
88	100	357	210
72	95	356	211
47	88	358	210
6	76	357	213
6	67	359	215
3	89	360	215
51	85	359	215
59	83	358	214
14	77	359	214
11	71	361	214
11	63	363	216
68	92	363	215
40	85	363	216
20	76	364	216
70	81	363	213
88	87	360	211
67	91	359	209
44	88	359	210
58	91	357	209
76	97	356	207
61	95	355	207
76	100	355	206
71	98	353	205
56	97	354	203
80	101	350	203
75	102	349	203
111	104	343	202
74	103	341	200
124	105	333	198
132	110	327	197
105	88	329	191
120	95	324	187
130	100	319	184
146	103	309	181
142	104	305	181
121	83	306	175
148	95	300	172
147	98	297	170
150	96	291	168
148	95	288	166
137	79	289	161
157	86	283	160
150	88	277	158
147	88	271	156
166	89	265	155
162	89	259	153
158	87	255	152
195	93	257	151
177	93	253	152
170	93	247	152
162	92	244	150
199	97	246	149
166	95	242	149
160	84	239	145
175	92	235	143
168	94	233	142
184	103	230	144
171	93	226	141
186	91	226	139
168	86	223	137
184	105	219	141
177	92	217	139
174	94	215	137
170	95	215	135
182	105	212	138
192	104	210	141
180	94	208	139
176	94	207	137
168	93	205	136
187	103	204	137
193	103	203	138
171	87	202	134
172	91	200	132
170	92	198	130
167	90	197	128
186	104	196	129
180	108	193	131
186	101	192	132
177	90	190	128
184	100	188	128
189	105	187	129
183	98	183	129
205	103	185	129
189	100	184	129
184	89	182	126
191	102	182	127
186	90	181	125
194	102	181	125
187	94	179	125
188	97	177	125
192	95	177	125
190	97	175	124
196	106	175	125
215	110	176	128
214	102	180	127
195	103	180	127
215	110	180	130
195	105	180	130
191	102	178	129
183	97	176	127
217	106	178	127
201	113	178	127
189	106	177	127
196	113	176	127
215	117	177	129
198	112	177	129
216	118	178	130
202	123	179	131
209	118	180	131
213	119	181	132
215	118	181	134
218	119	182	134
216	110	185	133
201	116	184	134
218	109	186	133
203	116	186	134
221	118	186	136
221	118	186	137
220	117	186	139
219	118	186	140
217	117	186	141
60	147	209	128
16	156	223	113
17	160	231	104
17	162	237	98
19	162	243	95
22	160	245	93
20	159	243	91
27	158	241	90
32	156	239	90
36	156	239	88
41	152	241	87
46	148	245	88
44	147	244	87
50	142	251	88
44	140	252	88
52	138	253	89
40	137	251	90
49	134	251	91
62	149	255	92
77	138	255	98
68	133	257	99
106	131	255	108
106	128	257	117
98	123	258	123
105	124	263	128
112	126	267	134
117	124	267	141
122	121	267	144
111	118	271	146
132	131	266	153
115	124	271	156
123	121	273	156
144	120	271	157
130	120	271	157
143	120	268	158
128	119	269	157
152	117	264	157
156	116	261	156
159	133	245	169
166	121	240	174
175	126	230	185
165	105	238	174
174	120	232	183
166	101	240	172
156	102	245	165
173	103	243	163
167	102	242	158
178	114	233	165
184	116	222	176
177	95	226	168
186	110	219	172
182	92	221	164
191	108	217	166
187	92	218	159
195	105	215	161
192	101	209	162
186	96	210	158
194	108	207	161
188	90	208	155
181	89	209	152
196	104	207	153
195	112	202	158
203	102	200	158
198	109	198	162
197	102	196	163
204	109	194	166
202	100	194	165
206	108	193	166
202	98	192	166
194	91	194	160
208	103	194	160
201	113	190	164
208	104	190	164
197	109	188	165
205	116	188	168
198	103	187	167
203	110	186	167
200	100	186	165
196	105	184	166
188	87	189	156
182	91	192	147
179	95	192	141
189	105	190	143
184	92	190	138
177	94	190	134
175	96	190	130
183	104	187	133
175	97	187	131
184	105	185	134
182	102	185	134
175	97	186	132
169	99	187	128
169	101	187	125
170	102	188	123
169	103	188	121
167	104	187	119
172	111	187	120
175	111	187	121
175	113	188	122
175	115	189	123
168	112	187	122
169	115	189	122
165	112	188	122
166	116	190	122
156	113	190	122
164	115	192	122
145	113	195	122
137	114	200	123
149	116	198	123
136	109	201	122
142	113	199	123
129	103	202	121
142	110	204	122
150	112	202	122
146	111	204	122
151	112	205	123
151	105	204	121
155	111	200	122
157	111	201	125
162	110	202	127
168	109	202	129
178	113	198	137
167	101	200	134
175	109	198	139
179	106	198	141
185	111	197	145
181	102	196	148
187	105	196	151
180	94	194	151
188	99	195	154
184	103	192	159
189	93	193	158
177	78	196	151
176	82	199	150
161	70	206	142
167	77	209	139
157	65	211	134
166	73	212	131
161	62	213	127
159	69	212	124
172	84	209	128
166	80	208	130
157	60	209	126
143	60	213	120
159	63	211	118
151	61	209	117
145	61	208	115
162	77	203	118
159	70	201	121
139	52	204	115
103	54	216	107
97	54	224	104
114	55	228	100
119	55	225	100
92	54	228	99
82	52	232	97
74	51	236	96
95	50	234	97
98	49	231	99
80	45	231	98
82	43	231	97
78	41	232	97
79	38	232	96
83	37	233	95
99	40	231	98
84	38	228	100
99	30	228	99
85	32	226	100
67	33	224	100
72	32	221	101
105	33	221	101
69	32	218	101
100	31	217	102
102	32	215	102
80	23	214	102
94	28	214	102
97	31	213	102
60	31	211	102
68	31	209	103
83	27	210	102
71	32	208	101
58	32	205	101
86	34	206	102
79	33	208	103
49	31	205	102
61	31	200	103
48	33	196	103
28	32	193	102
27	31	194	101
24	32	192	100
22	31	190	100
17	32	189	100
18	30	187	100
24	30	183	100
23	32	179	100
27	31	174	100
29	31	170	101
28	32	166	101
33	38	165	107
23	34	162	106
35	41	160	111
29	36	161	113
32	43	162	117
27	35	162	119
30	36	166	120
17	35	167	117
19	36	167	115
19	38	166	113
18	39	167	112
16	39	168	111
14	39	168	111
11	38	168	111
9	37	168	112
15	45	170	117
16	51	171	122
10	40	173	127
10	47	176	131
8	42	178	133
7	40	180	135
-3	40	180	132
-1	44	180	129
0	47	180	127
-2	48	180	126
0	57	176	132
0	53	174	135
-2	51	171	137
2	49	169	137
3	46	169	137
2	46	169	136
2	45	169	135
2	45	169	136
2	45	168	136
2	45	166	136
3	46	166	137
-3	46	165	137
0	45	165	136
0	65	164	134
-6	65	161	134
0	66	166	128
-7	63	163	129
-8	64	158	131
-9	65	153	132
-11	64	149	134
-5	68	148	131
-9	70	144	132
-1	76	147	125
-5	61	144	127
-7	64	141	128
-1	53	141	127
-3	56	140	126
-4	58	138	126
2	46	140	125
-1	49	141	124
-3	52	140	123
-4	54	139	123
-6	57	137	123
0	47	138	123
2	51	139	121
-2	56	137	121
2	47	139	121
2	54	141	120
2	45	142	120
-1	49	141	121
1	51	143	120
-3	53	142	120
1	56	142	118
0	45	142	120
1	49	143	119
-2	52	142	119
0	54	142	119
-4	56	140	118
0	46	142	117
-3	51	139	118
-2	50	140	117
0	48	140	116
1	46	138	117
0	45	137	116
-4	46	134	118
1	55	135	117
1	39	136	116
0	41	137	115
1	41	136	114
1	41	137	113
1	41	137	113
9	46	137	115
3	42	137	115
0	36	139	109
0	38	141	103
0	39	142	99
0	38	143	96
2	37	144	93
1	38	144	92
3	38	145	90
2	37	145	88
4	35	145	88
9	33	145	88
10	31	146	87
6	33	145	86
10	33	145	86
7	35	143	85
8	36	142	85
7	36	142	84
8	36	142	85
7	36	142	85
9	35	141	85
13	35	140	84
12	35	140	83
13	34	140	83
15	35	140	83
16	36	139	82
17	37	139	81
17	38	138	81
18	38	139	80
20	38	139	80
22	37	139	79
23	37	139	79
23	39	139	78
25	39	138	78
26	39	139	77
27	40	140	76
26	39	140	76
25	37	140	76
24	37	142	75
23	36	143	75
22	36	145	74
33	37	143	75
31	32	141	74
29	32	141	74
42	29	138	73
40	32	135	73
38	30	132	72
37	31	132	72
36	31	131	72
35	32	131	72
41	30	130	71
38	31	130	71
34	31	131	71
38	28	130	69
32	30	131	68
28	31	133	68
33	32	133	68
29	32	135	68
28	32	135	67
31	32	133	67
32	32	132	67
33	33	131	67
35	33	129	67
42	34	126	67
46	35	124	67
44	35	122	68
52	35	120	68
51	35	118	68
52	30	116	65
55	34	114	64
61	35	113	64
58	31	111	63
61	33	111	62
63	30	111	61
63	32	110	61
63	33	111	63
64	28	111	62
64	29	111	64
63	29	113	64
64	28	114	65
65	28	114	65
65	33	113	70
65	24	113	70
66	26	114	69
70	26	116	69
68	28	116	70
66	23	116	68
66	26	116	69
73	27	117	68
70	27	117	69
66	30	117	69
58	43	117	69
53	43	116	69
57	44	116	69
57	43	116	69
49	44	116	69
42	43	116	68
33	44	116	68
50	43	116	67
39	43	116	67
42	43	116	66
33	43	116	66
34	43	117	66
35	41	117	65
82	107	112	72
82	104	110	76
83	102	108	80
83	101	107	82
83	99	106	84
84	99	106	85
84	98	105	87
84	98	104	89
84	98	104	90
82	108	104	92
82	106	104	92
81	105	105	93
80	105	105	93
78	104	106	93
75	105	106	94
74	105	107	94
73	106	107	94
72	107	108	95
71	108	109	95
71	109	109	96
68	111	110	97
66	113	110	98
63	115	110	98
61	117	111	99
58	118	111	99
55	118	112	98
67	120	114	98
51	121	114	99
61	122	116	99
56	122	117	99
50	122	119	99
60	121	121	100
55	121	122	101
47	123	125	102
41	124	126	102
49	123	128	103
42	122	130	103
49	122	134	99
41	122	134	101
32	122	134	103
40	123	138	100
32	124	138	102
23	124	138	104
29	124	138	105
20	124	138	107
4	133	136	113
1	143	136	121
2	138	137	127
3	135	139	132
1	132	142	135
1	129	144	137
5	125	145	140
11	121	148	136
16	119	150	134
7	119	151	133
14	120	155	132
20	118	157	132
23	116	164	132
14	116	166	132
21	113	168	132
13	112	171	132
9	111	179	132
6	111	186	128
5	108	193	127
6	108	201	123
9	107	209	121
9	108	216	121
6	107	217	122
13	86	218	123
21	86	217	123
6	86	218	124
14	86	217	124
21	86	217	124
8	85	217	124
15	83	216	124
22	85	217	123
11	84	217	123
21	85	216	122
28	88	216	121
22	88	214	121
34	90	212	119
44	90	212	118
35	90	211	117
46	88	211	116
39	91	212	113
38	90	210	112
50	90	210	111
63	89	209	110
81	89	208	110
81	89	206	110
83	88	205	109
84	88	204	109
111	89	201	110
132	76	203	107
119	81	202	107
124	82	200	106
109	85	199	106
116	86	198	106
119	73	198	105
128	80	197	104
112	84	195	104
118	86	194	104
125	87	193	104
133	75	193	102
146	82	191	101
137	86	189	101
123	89	186	101
125	89	183	102
125	90	182	102
150	87	180	103
136	87	178	103
159	98	171	109
186	85	170	108
192	86	167	110
197	88	164	112
164	89	161	114
164	90	158	117
162	89	157	118
159	91	158	119
97	79	163	115
92	79	167	113
167	94	163	117
165	94	163	118
166	93	162	119
238	139	156	125
255	148	151	129
234	144	149	131
249	139	145	134
175	88	148	133
176	87	149	132
175	89	150	132
176	89	151	131
172	89	151	131
174	89	150	131
153	75	151	128
171	90	151	128
173	90	150	128
175	91	149	128
179	91	148	128
123	79	153	124
98	95	156	121
111	92	159	118
109	91	163	114
104	91	165	113
100	91	166	112
95	92	167	110
91	95	167	109
105	95	168	108
100	95	169	107
95	96	170	106
22	134	167	109
21	135	165	112
19	136	164	114
39	120	165	112
19	137	164	113
39	121	166	111
20	137	164	113
37	120	164	115
19	137	162	117
38	122	164	115
36	124	162	117
36	124	161	118
36	125	161	120
38	127	163	117
38	128	162	119
36	129	161	121
37	129	160	121
54	114	162	119
35	132	162	120
35	131	162	120
36	132	161	121
35	132	161	122
34	133	161	123
33	133	161	123
33	133	161	124
32	135	161	124
31	136	161	125
32	138	161	125
33	140	161	125
32	143	161	126
47	127	161	127
44	130	161	127
43	131	161	127
43	133	161	127
59	117	161	127
58	121	161	127
57	125	161	127
67	125	161	127
65	126	161	127
63	126	161	127
58	130	161	127
54	135	161	126
51	138	161	126
120	100	170	121
113	99	173	118
156	100	173	116
188	114	172	118
185	112	171	119
176	98	171	117
164	100	171	115
171	101	171	113
134	102	175	110
135	101	176	108
162	102	176	106
171	103	175	105
199	105	175	104
171	104	174	103
182	103	173	102
176	102	171	101
200	104	174	99
174	102	170	98
178	99	168	97
174	97	167	95
175	96	166	91
177	96	164	88
197	99	168	85
199	100	172	85
192	100	176	85
195	100	179	87
195	99	181	89
196	101	183	91
197	101	184	91
193	93	185	90
196	97	186	90
189	101	186	91
247	192	180	93
250	184	177	93
264	181	170	96
268	173	165	99
259	176	162	99
275	178	156	102
275	173	151	104
283	172	149	105
279	166	145	107
286	164	144	108
282	159	140	109
280	154	137	110
287	155	136	112
281	148	135	111
278	149	133	114
284	143	132	114
279	139	132	112
284	142	131	113
280	137	130	112
285	141	129	113
290	141	128	115
283	135	128	114
289	139	128	115
282	132	128	113
186	84	140	102
175	87	145	96
178	89	148	93
183	91	150	91
187	94	154	89
180	96	155	88
190	97	159	87
188	100	162	86
186	101	165	86
186	101	167	87
188	103	171	87
191	104	175	88
193	104	178	88
194	104	181	89
196	104	184	90
194	103	189	89
196	104	194	88
197	105	199	88
198	106	203	88
197	108	207	89
197	107	209	89
208	110	212	90
205	112	214	92
204	105	216	92
205	110	217	93
206	111	221	94
210	111	223	95
215	111	225	96
198	108	221	98
217	109	227	97
185	97	228	94
177	98	228	92
186	100	229	90
195	102	225	89
192	102	225	89
190	101	223	88
200	104	216	90
195	102	216	89
206	105	209	91
205	103	205	92
206	104	203	93
208	104	200	93
210	103	197	94
207	102	195	94
219	104	191	95
215	101	189	95
223	103	186	97
217	101	184	97
228	104	183	98
234	105	183	100
223	103	182	101
214	99	184	98
216	99	190	93
214	99	195	89
210	99	198	86
213	99	199	83
210	99	200	82
211	98	201	80
204	97	204	78
220	99	204	77
208	98	204	77
203	96	203	77
196	94	204	77
204	94	204	76
196	93	205	75
233	96	207	76
201	96	205	76
197	95	202	78
211	95	196	80
208	92	190	82
217	93	185	84
212	91	182	85
220	90	180	86
217	88	178	86
223	88	175	87
219	89	172	89
223	88	169	90
223	89	167	92
228	88	170	93
221	88	167	94
222	88	166	96
221	87	165	96
225	90	169	97
216	89	167	97
222	89	168	99
216	89	168	98
218	89	169	98
222	91	172	98
214	91	173	100
213	91	176	100
211	91	181	99
210	91	183	99
206	89	185	100
205	94	187	102
203	91	190	102
198	90	192	102
197	92	196	101
195	94	198	103
191	93	202	103
189	93	206	102
188	92	209	103
185	91	212	103
183	90	216	104
180	89	219	104
177	88	220	105
177	87	221	105
176	86	222	106
175	85	223	107
172	86	223	107
165	86	224	107
143	82	235	106
121	81	247	104
117	83	258	102
110	85	272	101
63	83	292	101
40	81	304	102
49	80	316	103
39	77	324	106
23	75	334	108
29	77	343	110
28	75	346	117
36	77	349	121
