942	344	169	316
953	365	162	324
951	369	160	328
943	373	166	330
936	389	176	324
931	400	182	316
930	374	183	334
930	334	183	361
919	330	189	374
918	316	195	389
920	313	195	395
909	305	202	403
889	293	220	417
877	283	232	427
817	276	280	432
755	269	337	438
745	264	361	444
733	269	377	444
739	276	376	435
737	277	373	433
714	278	388	432
646	276	442	435
709	279	403	435
705	267	402	445
664	258	432	455
678	244	422	464
521	230	539	472
524	216	567	487
481	206	605	502
530	197	574	510
501	186	588	518
490	178	597	527
471	193	608	516
507	198	580	509
478	213	600	501
477	226	596	488
469	239	599	476
453	250	620	461
461	296	637	426
431	307	659	411
443	303	640	407
433	284	649	421
438	303	643	411
459	315	610	405
587	327	519	392
635	329	467	385
659	320	441	388
670	313	430	395
670	307	432	398
656	302	445	405
656	299	451	408
612	291	481	414
491	289	577	417
497	286	571	425
492	282	557	429
451	271	583	437
455	269	583	440
495	258	535	445
506	273	511	428
510	284	500	414
488	294	516	409
518	291	500	412
498	302	512	402
511	300	516	406
514	308	504	400
501	316	513	394
543	313	489	393
565	312	473	399
552	308	480	398
554	292	485	411
541	298	482	407
521	294	496	411
548	291	475	417
538	295	491	415
534	298	492	414
550	296	495	412
536	287	492	424
537	297	491	415
521	292	507	415
509	289	515	415
541	284	486	425
546	279	480	430
530	276	496	430
530	274	493	434
545	263	480	446
549	255	479	450
519	262	500	443
575	253	452	451
528	252	495	453
550	249	484	454
557	252	486	443
538	254	506	445
629	219	442	479
544	219	498	479
555	218	516	474
506	227	559	474
549	217	541	484
515	236	570	476
541	248	558	461
496	255	595	457
539	244	571	456
500	247	596	460
521	243	594	463
500	245	601	462
507	251	603	456
505	253	594	449
507	247	589	452
502	248	598	460
515	235	581	463
492	242	603	469
504	247	591	460
518	241	562	462
487	243	590	464
486	223	595	480
495	223	591	483
517	227	575	485
481	223	599	483
478	219	610	485
484	228	608	479
484	229	608	467
481	235	612	469
510	230	595	466
499	238	594	467
497	226	606	475
529	228	574	480
479	234	607	467
507	230	594	464
506	235	592	468
483	225	612	470
500	232	597	475
470	238	618	472
476	246	615	460
482	240	611	455
491	245	596	462
512	236	576	450
514	234	565	459
514	232	568	463
519	236	557	466
530	234	547	475
529	240	547	473
514	236	562	475
504	234	574	480
517	222	565	478
524	215	574	486
516	221	571	478
509	232	576	476
500	219	579	489
504	227	574	481
493	200	578	498
486	218	590	486
486	215	584	491
469	211	594	495
464	211	607	499
462	211	609	503
446	224	616	491
436	235	626	471
465	228	602	468
476	151	588	510
466	178	589	490
460	204	597	482
475	251	585	441
461	262	592	435
466	263	586	430
463	264	590	429
458	262	595	422
464	260	593	415
466	263	591	405
475	264	581	406
479	267	576	399
476	270	577	404
471	273	587	404
476	274	588	388
488	280	581	371
482	277	589	369
485	280	595	362
486	284	594	350
479	293	601	348
487	287	601	342
482	284	610	350
483	278	612	348
493	282	607	354
500	277	603	349
549	285	566	358
560	274	553	353
686	275	457	364
772	268	370	352
787	271	333	319
791	275	326	309
794	278	320	293
787	279	325	292
787	280	325	295
785	281	328	296
784	283	330	298
784	284	330	304
785	285	329	309
783	282	331	315
780	285	332	323
781	278	331	317
785	277	328	319
781	283	332	321
784	278	331	313
782	280	329	308
783	285	329	305
835	286	292	305
869	288	254	313
892	289	227	317
906	286	208	311
907	290	206	312
915	289	196	309
912	291	197	312
911	294	194	310
909	290	196	310
911	288	199	311
909	290	203	309
913	293	203	311
907	291	206	312
905	292	210	306
903	290	210	306
899	290	212	306
870	293	235	305
870	292	243	302
849	295	259	317
890	291	230	312
902	294	214	310
877	296	234	314
848	297	259	319
868	291	247	310
855	297	257	306
854	295	263	313
825	297	282	315
853	297	269	316
878	295	244	322
881	295	237	315
884	295	231	307
868	294	235	304
851	294	241	305
862	294	251	305
852	294	214	312
866	296	231	306
866	294	246	303
842	298	263	310
790	300	311	312
753	303	348	329
743	307	366	338
713	306	390	341
725	303	390	350
821	299	313	371
749	299	355	373
764	302	347	374
773	305	341	382
806	299	311	385
751	298	347	375
778	300	334	377
819	302	301	379
809	296	301	368
833	297	283	358
832	301	282	368
830	303	282	389
830	295	281	373
828	302	283	386
823	298	285	380
818	300	289	383
816	302	289	389
812	294	291	364
814	295	288	359
811	295	287	352
804	294	294	343
803	292	292	334
802	298	295	335
785	297	306	339
789	294	302	340
784	293	302	335
791	296	293	338
782	296	297	351
785	293	291	354
785	291	283	346
772	292	288	358
768	291	297	357
771	288	289	361
770	291	286	369
753	290	299	370
785	296	273	406
779	295	267	417
767	289	275	423
787	290	259	424
796	291	246	424
823	290	217	423
811	289	223	425
810	284	223	431
815	287	220	430
808	285	228	431
808	286	225	430
812	286	223	430
810	286	225	429
797	285	237	431
786	281	245	433
784	282	247	432
789	287	248	431
786	285	251	433
779	281	259	432
759	284	277	432
757	282	284	433
748	284	291	433
741	283	298	434
704	282	330	431
683	277	353	434
700	278	344	436
692	275	350	438
685	275	355	436
690	276	354	435
693	277	351	434
689	280	358	433
701	277	341	433
707	275	335	433
701	276	342	432
691	274	344	431
692	272	349	436
695	270	353	435
692	270	349	434
697	268	351	439
700	274	350	433
699	270	350	434
702	269	353	437
709	272	357	439
709	271	362	441
711	268	361	443
712	268	359	443
711	268	366	444
713	266	331	443
709	264	297	450
720	266	298	448
719	264	276	449
738	266	329	449
656	259	331	449
653	265	321	446
651	265	330	448
639	265	325	445
685	268	285	447
700	265	260	448
731	263	228	446
731	263	223	455
708	262	238	457
710	262	239	457
687	256	256	437
693	260	258	442
696	264	251	439
694	266	255	444
693	266	256	440
688	258	255	408
694	263	255	419
696	257	251	389
698	265	250	403
698	258	247	394
698	262	244	406
703	266	244	429
702	264	246	436
704	264	250	444
703	266	250	439
710	267	244	443
713	266	246	443
711	266	243	436
717	267	240	444
721	266	231	442
730	263	225	450
732	263	223	454
722	260	240	457
735	267	317	454
710	263	305	457
693	264	290	455
684	267	292	450
680	271	287	448
689	269	336	452
666	264	314	451
674	261	301	456
668	267	304	453
663	270	307	450
659	269	310	446
661	272	306	444
679	279	302	441
674	275	309	442
675	274	307	440
678	278	303	441
685	277	307	442
675	277	315	441
677	278	312	438
669	276	324	437
676	281	325	433
680	272	320	434
686	280	317	438
696	272	310	443
685	264	323	450
695	267	320	448
685	261	333	444
678	257	343	446
721	253	313	453
744	264	308	441
765	277	289	426
783	277	292	428
783	268	293	430
785	280	294	424
770	262	301	423
725	244	333	434
755	252	314	437
714	237	333	444
691	226	354	453
710	234	346	456
704	237	359	450
729	216	349	463
735	209	343	469
756	231	342	459
756	249	345	438
763	234	342	454
739	249	351	431
728	248	364	424
721	254	381	417
654	248	433	421
543	250	530	426
466	237	610	438
471	232	613	421
503	231	595	433
485	233	606	429
473	231	615	430
472	224	619	432
477	225	615	430
472	220	617	437
451	212	635	452
434	200	650	472
451	199	638	475
453	195	636	477
458	196	633	479
471	197	632	486
426	180	667	493
423	178	663	504
455	177	648	509
486	174	619	500
484	170	615	487
487	169	622	475
464	170	573	463
482	175	554	466
424	156	539	451
425	154	518	418
414	157	520	400
409	157	526	382
399	161	538	382
407	160	532	374
407	160	528	373
454	190	503	392
518	224	489	379
429	166	516	384
450	167	525	405
477	181	572	421
461	170	568	421
453	164	555	424
458	174	529	419
507	216	510	390
470	199	515	403
495	189	536	421
521	208	540	419
590	235	488	406
619	249	457	389
609	240	446	366
666	249	397	367
765	244	328	382
798	240	294	361
794	240	298	364
778	240	322	356
737	259	365	374
712	255	400	378
695	237	425	392
674	267	446	381
580	258	520	375
519	259	596	369
504	262	629	368
509	262	632	372
509	254	624	375
512	244	626	382
502	236	625	382
506	235	617	376
471	230	563	386
505	244	555	388
475	237	574	389
487	237	544	390
493	238	556	401
485	227	551	417
500	222	553	424
499	222	509	423
483	217	513	425
481	209	501	415
469	208	499	404
465	214	497	415
485	211	479	423
479	203	484	397
460	203	490	428
435	187	506	433
417	166	523	441
423	185	516	432
430	181	506	427
455	170	483	412
475	168	463	377
531	175	417	357
530	179	406	331
546	183	393	331
573	183	367	340
604	176	340	348
611	174	323	346
628	171	305	335
618	167	306	337
624	161	304	332
635	161	297	324
646	172	288	326
648	165	285	335
644	164	285	345
642	157	283	350
636	159	286	339
626	154	290	330
625	157	293	323
636	166	286	335
639	161	281	343
630	165	288	354
647	160	283	356
653	155	272	346
650	164	275	357
642	165	284	369
634	162	290	367
632	161	295	369
639	163	291	372
635	165	290	378
637	166	294	373
645	164	289	363
634	171	291	359
642	176	290	361
641	174	294	362
640	176	295	358
644	172	291	351
645	177	294	345
645	181	296	343
644	182	304	340
647	181	302	342
649	182	298	337
653	179	297	339
650	181	300	336
655	180	304	341
656	186	302	342
654	187	304	343
658	185	302	346
657	188	304	346
664	189	300	349
657	191	307	352
662	196	309	353
656	196	317	352
657	195	318	343
656	199	324	334
659	195	324	330
650	192	332	337
655	192	333	340
663	190	328	341
662	189	332	345
665	182	332	321
667	188	331	340
661	176	337	317
667	175	333	309
673	174	328	306
669	172	335	299
665	173	340	307
676	172	332	306
679	172	336	311
682	170	330	307
671	176	344	322
672	179	343	332
683	173	335	321
665	176	348	320
664	178	350	328
655	183	358	343
644	180	368	330
661	181	358	332
659	182	359	329
630	183	383	332
641	185	382	331
646	183	373	325
582	191	426	334
620	188	411	331
617	188	410	330
610	186	416	327
576	190	444	328
572	186	459	330
609	189	435	327
590	195	448	321
656	201	399	317
665	202	392	321
673	198	385	321
674	195	398	319
671	198	407	318
666	204	403	314
661	201	410	308
661	206	415	305
660	212	422	306
653	210	431	304
649	214	436	302
653	217	440	297
650	209	447	294
658	200	448	305
662	195	451	313
653	196	467	311
658	197	471	300
646	206	494	296
640	198	500	298
637	199	513	310
638	197	518	301
635	196	522	301
635	197	533	300
634	195	537	310
631	196	546	307
630	190	547	312
631	200	542	309
632	194	542	316
643	195	543	321
630	190	546	332
634	195	549	340
624	189	554	338
634	190	554	337
621	189	558	334
609	192	569	338
626	191	566	344
618	186	562	336
615	186	565	339
626	189	564	351
639	189	557	348
640	181	557	354
632	181	567	361
635	182	574	371
645	179	571	372
653	184	573	377
660	176	567	384
670	182	570	392
677	177	578	384
682	176	581	393
688	179	591	388
707	175	578	374
713	176	572	371
704	175	569	366
712	178	564	365
708	172	553	370
711	171	561	367
