611	228	122	87
608	226	119	89
604	221	118	90
607	220	115	90
607	214	112	88
610	216	108	86
608	215	106	87
616	216	101	89
618	207	96	88
617	206	92	88
621	202	88	87
622	199	87	88
625	198	86	88
631	193	81	86
636	189	76	84
638	192	73	80
641	193	69	79
643	194	66	78
645	195	63	77
645	195	62	76
648	194	61	77
649	195	60	76
648	189	62	78
648	187	62	78
647	190	61	78
647	194	59	78
648	191	60	77
647	196	60	72
649	194	63	71
648	195	63	71
653	197	63	71
657	197	62	71
659	196	61	71
662	201	59	72
663	205	58	70
664	205	57	69
664	203	56	70
660	201	56	70
661	206	58	70
659	206	58	69
657	207	57	68
661	207	58	69
660	211	59	67
654	212	62	65
658	213	66	65
660	212	68	65
658	213	70	65
658	207	71	67
658	213	74	67
664	215	73	66
667	215	75	66
675	215	74	66
669	212	75	68
674	215	76	67
677	219	75	66
676	217	75	67
675	220	76	68
682	217	76	69
675	216	75	69
675	214	78	69
668	211	73	70
669	211	70	72
673	211	67	71
674	214	64	68
666	216	67	65
672	217	65	63
675	218	61	61
675	217	62	61
672	216	63	60
669	218	67	58
674	219	64	58
677	216	63	59
677	218	63	58
677	217	64	59
683	212	64	62
682	217	63	64
683	220	64	62
685	220	62	64
685	221	59	65
687	220	57	66
681	221	58	68
681	219	58	67
683	212	58	66
684	222	61	64
684	215	60	65
683	214	59	67
683	213	58	68
683	217	59	69
687	221	60	69
683	218	62	72
680	211	62	75
679	214	63	75
679	220	63	75
679	216	64	76
677	215	65	77
674	214	67	75
671	220	68	73
672	219	69	74
668	213	71	74
669	215	73	76
670	215	74	77
670	210	74	77
672	210	74	80
672	220	75	80
673	212	75	81
671	211	76	81
672	212	77	81
670	210	78	82
672	209	76	84
670	212	77	84
670	209	77	86
667	212	79	84
668	215	79	86
667	220	81	90
666	219	83	90
666	215	83	91
665	215	85	89
664	215	84	87
664	217	84	89
665	219	83	89
663	214	85	89
663	215	86	88
666	216	85	88
661	216	88	89
662	214	89	89
663	212	89	90
663	212	91	92
662	204	91	91
664	207	89	89
673	216	89	90
680	214	89	91
681	213	85	92
686	213	85	92
689	222	87	94
680	218	90	96
682	218	92	97
692	207	95	98
680	204	96	99
676	204	98	101
677	207	100	103
679	211	103	105
679	206	103	104
678	206	103	104
672	217	105	105
668	222	105	104
673	215	106	105
672	216	106	106
677	212	107	107
671	214	108	108
677	217	109	109
673	212	108	107
677	218	108	108
673	215	105	105
675	218	103	105
674	220	100	103
675	218	97	102
679	217	97	101
673	214	93	95
673	215	91	93
675	216	90	91
674	221	90	90
673	218	91	89
672	218	92	88
670	218	92	87
670	220	92	87
669	219	93	86
667	219	93	86
670	219	94	85
668	218	94	83
669	218	93	83
673	220	92	82
672	219	92	83
674	221	91	81
673	219	90	82
677	221	90	85
680	218	89	88
683	220	89	91
681	224	89	95
680	213	89	92
681	210	87	89
682	204	87	89
689	199	83	89
690	197	81	88
685	194	84	87
687	194	85	86
685	196	86	85
688	197	87	85
683	198	89	86
686	201	87	85
694	203	83	84
694	202	82	85
690	200	83	86
692	203	82	84
695	205	80	81
698	202	77	83
698	203	76	81
700	206	75	79
700	205	74	78
699	208	74	77
699	208	75	75
700	209	74	73
693	201	77	75
686	198	82	79
686	200	85	84
690	196	85	86
693	195	86	88
686	192	89	89
688	193	90	89
684	194	90	90
684	193	91	94
685	198	92	97
681	199	94	100
682	193	95	100
678	185	96	96
679	190	95	94
673	192	99	98
684	189	97	98
680	199	100	101
673	203	103	104
661	206	111	106
665	199	113	106
669	202	113	112
668	200	114	116
675	206	112	115
674	209	112	115
666	203	114	112
658	198	118	109
654	211	124	108
657	201	124	108
651	201	126	108
656	200	124	110
658	197	123	111
648	192	127	105
644	190	131	102
642	189	133	103
647	194	132	102
649	191	129	103
645	195	127	99
654	195	125	100
663	196	121	104
666	191	119	102
670	189	115	102
658	193	116	100
666	191	115	101
670	187	111	100
670	190	110	99
667	186	113	98
669	187	113	98
667	186	112	99
670	187	111	100
664	181	110	105
659	186	113	103
653	188	116	104
655	188	116	106
658	182	116	109
650	182	119	112
656	185	120	114
661	183	117	116
662	180	115	117
666	181	117	116
666	183	117	115
668	187	116	112
668	189	117	109
669	179	116	109
679	181	114	110
673	171	115	115
684	177	110	108
692	183	103	104
695	185	102	103
699	188	99	104
698	183	97	100
704	185	96	97
709	182	94	94
707	178	95	96
712	180	93	96
713	180	95	99
712	179	96	102
710	179	98	103
702	180	99	102
700	179	100	106
706	181	99	104
705	184	100	103
703	178	101	104
703	178	101	104
703	176	100	105
706	175	100	105
718	178	94	103
719	181	92	103
713	181	93	103
710	182	92	103
707	179	92	101
705	177	93	103
702	173	94	104
705	183	95	105
703	183	96	107
702	187	97	108
698	187	98	108
696	182	98	111
698	192	100	112
692	185	102	114
683	191	104	115
684	196	106	117
674	191	110	122
671	186	112	126
669	198	114	131
664	199	117	137
667	200	120	143
653	198	123	146
640	199	127	152
633	204	132	158
618	226	139	164
615	215	146	170
623	184	148	167
616	185	149	171
611	172	151	174
604	160	151	171
614	172	150	167
602	192	152	169
595	183	154	164
600	189	155	163
598	187	156	161
606	189	154	159
613	192	153	156
606	186	151	155
604	191	152	148
624	201	145	143
615	200	144	140
623	207	140	136
627	210	136	136
626	204	134	135
644	198	131	139
642	201	127	140
650	205	123	140
654	208	119	140
652	213	117	131
657	218	115	128
656	223	112	123
656	230	107	118
659	227	104	118
661	232	106	115
658	227	106	113
660	227	108	112
651	227	107	112
648	223	107	115
652	228	105	118
654	229	103	114
653	228	102	113
662	232	100	111
646	216	102	112
661	231	99	108
650	219	99	106
668	222	92	104
662	216	92	105
667	215	90	103
665	212	90	104
659	204	89	99
658	200	90	100
652	197	93	100
644	195	97	100
641	193	100	102
636	194	102	102
649	199	103	101
653	199	102	100
645	190	100	99
654	191	95	100
653	190	94	99
653	189	94	100
652	192	95	100
647	186	95	99
649	191	95	98
651	190	97	99
650	193	96	97
648	188	96	101
646	195	94	99
646	194	93	99
646	197	92	100
650	197	89	102
644	191	88	102
641	191	87	99
634	190	88	99
626	190	90	97
621	184	89	99
608	188	92	94
605	191	90	92
592	161	90	94
587	169	90	95
581	170	91	95
579	171	93	90
569	176	92	87
559	172	91	84
557	171	90	86
554	166	84	85
564	161	83	89
552	162	86	88
548	159	86	89
532	160	87	89
528	161	86	87
529	156	85	85
525	157	84	84
521	149	82	84
523	151	78	81
515	152	75	76
517	153	71	70
515	149	67	65
508	149	67	58
509	149	66	57
500	145	64	57
495	143	64	56
491	144	63	54
488	137	62	55
479	141	64	51
478	139	65	50
473	136	65	48
468	136	66	50
470	132	65	50
466	131	65	51
463	132	66	50
461	137	67	49
462	134	68	48
459	142	69	50
461	143	70	49
463	146	71	49
466	152	74	53
470	150	73	54
475	150	71	55
479	152	72	55
481	152	75	55
484	153	75	54
486	156	76	55
490	156	76	57
493	152	77	59
494	155	79	59
492	155	79	58
492	152	79	58
492	152	79	55
494	145	78	55
493	150	80	55
493	147	79	55
494	143	80	54
493	145	80	56
493	144	80	55
494	142	78	57
494	142	80	57
495	139	79	60
495	141	80	61
495	142	80	60
494	142	81	62
494	144	82	62
492	145	82	59
497	146	81	56
497	145	81	54
498	147	82	53
500	145	82	56
503	144	82	56
506	138	80	57
506	145	80	58
505	147	82	59
505	146	85	59
508	148	85	61
510	156	85	60
509	157	85	59
516	153	85	61
515	157	86	61
513	156	87	61
511	155	87	61
505	154	91	60
505	161	92	58
508	160	92	56
504	151	91	58
503	154	91	59
503	148	91	60
501	154	91	60
506	154	90	57
497	152	92	59
505	155	91	58
508	163	92	57
508	163	93	58
507	172	94	61
490	171	96	61
504	167	95	62
504	174	96	61
499	164	99	66
506	167	100	71
506	178	102	69
508	184	103	68
510	182	105	70
516	178	109	73
528	177	111	75
520	186	109	75
521	180	108	79
529	177	110	82
542	177	110	79
537	184	109	77
544	185	113	76
543	176	112	82
553	181	111	83
548	186	113	90
550	188	113	94
556	203	112	95
554	193	114	102
564	188	117	107
561	180	121	115
554	175	124	122
558	152	128	127
555	156	127	131
555	154	130	138
556	135	135	144
568	131	141	153
586	124	147	159
604	120	152	163
627	114	158	169
659	121	162	171
664	132	167	175
672	140	170	178
673	149	176	180
696	160	179	183
693	170	185	187
683	187	185	192
669	183	192	198
653	182	197	202
634	196	203	208
649	175	209	212
626	174	217	217
613	173	225	222
600	172	229	228
575	200	238	237
586	215	245	247
560	211	255	258
570	291	264	268
579	333	275	285
559	347	286	300
533	325	299	317
527	333	314	335
439	293	334	344
392	276	349	350
276	246	355	347
255	247	364	341
238	267	371	337
262	259	377	333
280	254	378	331
286	290	374	328
266	261	384	334
237	261	389	337
223	254	398	334
213	280	405	340
199	250	417	344
182	275	430	355
206	285	425	338
196	258	429	340
213	243	432	343
213	244	432	338
195	247	433	334
219	274	437	350
230	266	436	357
216	264	439	371
209	286	442	381
199	273	450	395
171	249	461	408
110	234	474	428
69	215	485	440
64	216	502	451
62	229	518	458
31	204	521	477
34	204	538	487
24	195	553	496
21	197	565	508
21	182	579	511
12	213	592	511
5	160	603	516
0	183	608	529
5	154	622	537
-12	186	628	527
-11	193	631	520
18	167	636	524
-8	199	636	523
-15	158	641	532
-9	176	646	541
-3	154	656	543
-19	143	654	552
-10	124	662	565
-11	152	669	572
0	78	683	581
11	114	696	597
-1	123	706	592
-3	120	716	585
-32	143	716	580
7	92	724	585
18	73	741	600
22	38	763	600
31	68	781	608
90	-5	814	606
9	38	823	613
70	1	859	613
111	17	916	621
109	-1	977	631
50	-12	1012	628
77	-8	1072	626
57	10	1108	635
46	11	1169	646
14	5	1202	654
12	-17	1230	648
8	3	1253	677
5	3	1274	697
-2	-5	1274	714
5	-7	1274	720
1	-9	1274	720
-1	0	1274	720
5	-3	1274	720
-10	-1	1274	720
-5	0	1274	720
8	-3	1274	720
8	-10	1274	719
12	-3	1274	720
11	4	1274	720
6	0	1274	720
4	-2	1274	720
5	-8	1274	720
3	-5	1274	720
4	-1	1274	720
2	7	1274	720
-6	-1	1274	720
4	-7	1274	720
5	-14	1274	720
5	-13	1274	719
10	-21	1274	713
10	-11	1274	719
9	-6	1274	720
7	-4	1274	720
3	-5	1274	720
1	-6	1274	720
0	-5	1274	720
9	-2	1274	720
8	-3	1274	720
6	-4	1274	720
6	1	1274	720
8	3	1274	720
15	-1	1274	720
0	-12	1274	720
21	-9	1274	720
36	-6	1266	718
10	-8	1274	719
16	0	1274	720
0	-3	1274	720
0	-10	1274	718
1	-13	1274	716
9	-14	1274	715
22	-13	1274	719
64	-3	1246	715
54	22	1243	708
25	-7	1251	707
30	18	1250	706
151	44	1190	706
42	-16	1221	710
114	-1	1189	695
150	21	1166	691
199	6	1128	692
122	1	1152	688
164	59	1137	667
142	16	1141	661
139	11	1143	659
202	8	1110	651
134	-12	1131	642
285	25	1056	652
286	22	1020	659
228	-20	1038	651
205	-18	1060	642
258	6	1040	640
337	4	991	641
519	57	867	657
606	51	761	649
666	98	682	629
694	13	629	606
714	164	594	554
725	158	572	528
737	173	556	501
744	182	545	483
742	163	540	454
753	201	530	430
760	193	520	403
760	205	513	381
761	199	508	354
769	202	504	336
769	208	503	322
763	238	499	319
764	220	502	304
770	242	500	305
764	235	503	301
762	246	503	312
760	243	508	322
749	207	512	309
752	219	516	310
750	225	518	318
749	220	519	320
743	218	520	322
746	215	523	320
740	219	525	322
736	211	527	311
731	221	525	317
733	219	522	315
731	221	516	314
733	221	520	315
734	218	517	313
738	216	512	312
740	208	513	316
735	216	513	320
736	209	514	321
732	228	507	326
739	226	513	327
730	218	502	325
737	220	506	326
729	229	504	330
735	229	505	329
734	235	507	329
729	237	506	329
729	237	507	327
730	238	504	326
723	236	502	324
717	228	502	318
720	224	506	316
710	226	502	316
721	227	510	315
715	219	514	313
711	217	508	311
716	215	507	310
714	222	504	313
716	220	508	312
727	227	507	317
719	231	509	319
718	227	510	319
720	229	504	318
721	229	499	315
723	226	492	315
724	228	488	316
730	230	487	316
727	229	486	316
735	233	493	320
731	236	495	322
721	236	491	323
732	253	496	330
730	246	504	333
740	246	502	335
724	254	508	337
729	259	496	337
730	261	498	332
727	258	500	340
722	253	503	343
710	254	506	346
720	249	512	347
715	248	519	347
706	244	517	344
709	236	518	341
721	229	519	343
719	225	510	337
724	228	507	332
734	230	505	331
738	233	509	330
727	227	509	328
731	224	514	331
720	230	509	330
721	225	494	330
735	226	507	331
748	208	507	335
740	204	513	339
735	200	508	337
735	208	511	344
732	192	517	349
735	194	522	347
741	199	528	355
735	194	529	356
736	192	525	354
738	199	517	348
738	206	522	344
743	208	513	334
747	209	519	331
744	210	511	332
748	208	512	333
751	208	512	327
756	208	512	330
758	206	506	327
759	202	499	329
765	209	502	333
769	190	495	326
769	197	494	322
769	191	496	307
775	195	490	295
778	194	484	282
784	202	477	287
786	204	475	286
789	190	466	275
796	184	464	268
796	189	463	266
798	184	461	266
800	189	461	266
796	185	462	261
795	189	461	266
850	201	441	279
821	183	441	279
831	188	440	280
835	189	437	279
827	186	434	277
816	198	441	283
811	196	445	286
826	216	442	301
791	216	458	319
785	226	469	332
784	248	478	360
784	252	484	368
782	242	485	350
789	260	483	355
787	248	483	346
789	256	481	345
790	235	477	330
792	252	474	332
801	239	465	319
808	250	462	309
803	259	460	300
804	245	456	280
822	248	450	268
820	253	447	263
830	252	442	255
846	252	432	247
889	264	410	256
945	241	367	258
952	248	341	254
970	251	315	251
982	254	297	253
994	245	280	247
1025	254	260	250
1046	265	240	249
1055	279	228	267
1063	261	213	260
1073	246	204	252
1075	249	199	255
1074	234	195	251
1072	237	187	248
1073	234	183	245
1071	233	171	239
1078	236	162	237
1082	259	162	239
1087	245	159	237
1087	238	157	234
1080	247	153	235
1086	244	152	233
1088	250	158	236
1084	254	154	234
1082	257	155	238
1081	253	154	237
1073	259	150	238
1072	266	149	245
1068	268	148	250
1069	268	147	256
1081	242	143	250
1080	260	146	245
1080	275	151	241
1086	429	174	202
1081	447	186	175
1074	462	195	152
1048	453	206	146
1044	452	210	157
1049	501	217	157
1056	499	218	149
1064	518	211	136
1076	516	201	136
1080	514	196	129
1081	503	191	131
1080	516	193	136
1070	510	197	133
1062	507	200	135
1064	524	205	140
1061	524	208	137
1064	537	207	135
1067	547	207	139
1071	548	205	142
1080	550	199	143
1085	548	193	144
1090	542	188	143
1090	540	186	141
1093	542	184	139
1091	544	184	143
1086	549	185	148
1084	549	187	148
1088	535	187	148
1090	530	186	146
1093	528	183	141
1090	545	184	143
1084	544	186	146
1085	546	187	147
1072	529	195	168
1094	491	188	192
1102	474	182	207
1105	480	176	216
1110	484	169	203
1114	400	165	223
1113	275	162	246
1130	232	151	256
1145	229	137	262
1147	233	130	268
1145	240	128	274
1147	249	125	279
1149	256	124	281
1153	264	123	281
1143	274	128	294
1156	264	126	289
1142	265	132	286
1150	263	130	279
1140	256	134	280
1121	269	148	269
1127	255	151	275
1116	366	156	285
1112	329	161	293
1106	340	165	309
1102	325	168	327
1105	319	170	336
1102	304	173	342
1106	268	175	347
1099	285	179	345
1102	337	176	337
1106	333	174	334
1105	299	174	348
1108	321	172	342
1103	374	172	326
1106	363	171	321
1110	364	170	318
1111	366	170	310
1111	364	169	309
1103	364	171	308
1112	357	169	312
1111	399	168	291
1117	382	164	289
1119	404	163	276
1122	402	160	270
1123	414	157	257
1125	446	156	240
1129	447	153	221
1132	462	150	205
1133	460	148	180
1133	466	146	154
1140	480	143	134
1142	484	137	119
1145	492	133	106
1146	495	130	100
1149	503	127	96
1151	502	124	93
1154	504	123	93
1155	506	121	91
1158	504	119	90
1159	504	117	89
1163	505	115	90
1164	507	112	89
1164	508	110	88
1166	505	110	89
1166	506	109	90
1168	506	108	87
1169	506	107	86
1171	503	105	86
1172	507	104	83
1174	503	103	83
1174	505	102	83
1174	506	101	83
1175	506	100	84
1176	506	100	84
1176	508	99	84
1177	504	99	85
1177	503	98	84
1177	498	98	85
1177	493	98	85
1177	491	99	85
1176	491	99	85
1176	488	100	85
1175	489	100	85
1175	486	100	85
1175	490	100	84
1175	488	100	84
1176	489	100	84
1175	490	100	84
1175	490	100	83
1174	489	101	84
1174	488	101	84
1174	489	101	85
1174	486	101	86
1174	488	101	86
1173	488	101	86
1175	489	100	86
1175	491	100	85
1175	491	100	85
1176	490	100	86
1177	493	99	85
1177	493	98	85
1178	494	98	85
1178	492	97	85
1177	491	98	86
1178	490	98	87
1178	487	97	88
1181	489	95	87
1180	488	95	87
1183	489	93	87
1183	489	93	88
1186	491	90	88
1186	493	89	88
1187	493	88	88
1187	492	88	89
1189	497	86	89
1190	496	85	89
1193	503	83	88
1193	503	82	89
1194	504	81	92
1196	505	80	87
1198	511	78	86
1199	515	76	87
1199	515	76	87
1202	516	74	83
1205	520	72	82
1207	524	69	85
1209	524	66	81
1211	527	64	79
1207	524	66	74
1204	526	68	74
1193	519	74	74
1189	511	80	75
1192	514	82	79
1197	496	80	80
1204	494	75	81
1196	491	79	84
1184	483	82	87
1173	485	87	91
1179	481	91	94
1176	481	95	98
1170	485	100	101
1175	486	104	104
1164	488	107	110
1157	482	112	114
1156	482	116	120
1146	477	121	125
1135	476	128	132
1125	472	134	139
1117	471	141	145
1105	488	148	150
1099	510	150	156
1058	504	160	155
1022	502	164	154
1010	486	168	157
989	518	178	164
1000	496	181	166
1006	508	187	170
1014	497	187	176
997	492	195	187
988	483	203	195
991	479	212	199
997	488	221	211
988	463	229	218
993	455	237	231
978	467	252	239
926	460	270	252
914	458	288	259
891	447	302	270
873	437	324	277
888	370	339	303
865	370	358	322
813	326	379	346
816	308	400	375
824	272	418	401
805	84	428	408
787	112	440	418
796	148	449	437
781	91	455	438
791	129	458	460
806	124	459	449
760	49	457	441
774	99	459	451
792	201	466	466
776	162	475	470
792	148	480	473
773	169	488	486
771	185	494	505
766	137	506	507
775	176	509	518
783	172	501	525
773	183	505	524
748	188	520	538
702	195	554	546
681	136	570	558
750	139	554	537
768	92	542	501
732	75	545	482
791	60	519	459
776	61	513	433
770	36	506	422
787	49	493	412
802	63	484	408
825	74	464	394
814	63	460	388
802	65	461	382
829	77	449	370
794	64	453	370
821	38	448	372
821	72	446	370
807	63	447	370
821	77	442	367
791	76	444	355
815	97	434	343
833	105	432	324
836	74	422	329
843	82	420	325
825	94	421	321
827	100	420	312
825	58	413	316
819	64	416	308
826	59	411	308
820	64	413	301
814	65	409	307
826	45	408	313
801	76	404	309
786	89	399	299
793	75	392	296
807	78	391	294
803	28	391	300
797	69	384	299
809	90	392	279
774	70	385	282
769	88	383	273
778	55	390	274
767	43	398	273
781	58	391	276
774	54	383	278
781	52	390	280
796	53	402	278
753	62	408	274
766	91	404	266
754	120	388	255
743	132	373	244
767	126	370	237
760	153	361	233
710	137	340	229
705	171	322	219
711	174	303	217
694	165	289	211
704	161	273	204
679	165	267	189
714	159	247	180
732	154	229	172
744	141	211	163
749	143	195	158
760	150	177	144
775	156	155	130
792	163	134	112
799	169	120	96
810	174	124	87
809	176	130	86
806	176	133	85
807	176	134	83
810	177	134	82
812	177	135	83
811	182	135	82
811	186	136	79
813	182	134	79
812	181	132	80
813	181	132	78
810	181	132	82
808	181	129	84
799	181	129	87
784	179	138	90
794	176	130	93
797	176	124	95
801	175	117	96
805	176	111	96
805	176	108	97
807	177	105	96
809	176	103	97
809	176	103	98
810	177	103	98
811	176	102	97
809	177	103	96
809	177	105	97
809	177	107	97
809	176	107	97
808	176	108	97
807	174	108	95
807	176	111	97
807	175	113	97
803	171	113	94
802	172	116	96
802	172	120	96
801	171	123	94
801	170	126	88
802	172	130	89
803	171	133	89
801	173	137	94
803	168	140	88
801	168	143	86
801	171	147	83
801	173	150	79
801	173	155	75
800	175	157	74
801	175	159	74
801	176	162	72
800	180	165	78
800	177	168	77
798	176	169	77
800	175	170	76
799	175	174	75
798	175	174	77
800	173	174	72
801	172	176	67
801	174	176	64
802	174	174	63
802	176	173	61
801	178	174	61
802	178	174	60
799	177	163	60
802	176	140	60
808	176	127	59
808	175	126	59
798	172	130	60
794	175	122	58
798	174	133	58
793	176	127	55
793	177	138	53
799	176	152	55
807	176	161	56
827	173	163	57
808	172	160	59
786	171	163	58
808	170	167	59
795	169	177	60
812	167	181	63
813	165	180	66
805	165	181	72
804	164	176	76
814	164	173	81
819	165	164	86
819	163	160	90
825	163	151	94
825	161	145	98
831	161	136	102
829	160	131	104
828	156	125	107
825	154	123	111
829	152	115	112
831	150	109	115
833	150	104	117
834	151	101	119
834	152	99	122
833	152	98	121
833	153	97	120
830	152	97	121
834	151	94	120
824	151	99	119
822	150	102	119
820	150	103	118
816	149	106	116
814	153	106	115
810	155	107	113
804	159	108	113
804	161	109	114
802	164	111	113
801	166	113	112
799	169	115	117
796	171	118	119
793	167	120	120
791	169	122	119
787	166	125	119
780	164	127	119
775	165	130	119
766	161	134	118
757	162	137	118
750	162	142	118
743	164	147	118
736	167	153	117
731	172	160	117
724	178	165	117
719	185	171	115
715	191	178	115
710	196	182	114
704	199	186	113
698	204	189	113
691	205	193	111
688	207	196	109
684	206	198	107
681	205	200	106
678	205	201	105
676	207	201	101
673	204	202	101
670	202	201	102
667	201	200	102
666	200	199	102
663	200	199	103
662	200	198	105
663	199	196	107
662	200	194	110
665	202	193	112
662	203	190	114
661	204	186	116
661	199	184	120
659	193	184	123
657	188	181	125
656	180	178	127
656	172	174	130
655	163	170	131
653	159	167	131
651	157	164	133
661	153	157	136
661	153	151	138
662	153	150	139
661	153	150	140
655	155	153	140
654	157	156	139
652	156	158	139
648	153	163	140
644	150	168	141
642	146	174	145
639	145	181	143
638	147	188	138
635	149	194	135
631	150	200	132
629	154	205	129
626	157	214	125
622	160	220	123
621	171	224	110
620	175	230	106
616	182	235	100
614	185	238	95
613	191	242	96
608	189	247	97
609	189	250	100
608	193	252	109
608	189	253	109
611	191	253	113
612	193	252	115
610	189	250	109
613	191	246	111
616	192	245	112
617	192	242	112
612	192	244	112
619	193	236	111
622	196	233	116
625	198	230	117
627	198	226	118
628	200	222	121
630	202	219	122
630	202	213	123
634	203	207	124
635	203	201	124
637	203	198	125
639	203	194	126
639	200	191	127
643	203	184	125
648	202	178	128
650	202	172	128
651	202	170	130
653	201	167	130
652	201	167	128
652	200	166	127
651	198	167	126
651	194	168	127
648	192	172	126
647	190	173	127
646	189	175	126
645	189	177	124
642	186	179	125
640	188	182	123
640	184	183	122
638	183	187	122
634	180	190	121
634	183	194	119
633	182	198	118
629	185	203	115
628	187	207	113
626	189	211	112
622	189	215	111
622	189	219	110
619	189	222	110
620	189	226	106
619	189	227	105
614	188	232	101
612	186	238	101
610	185	240	99
608	183	241	98
605	181	243	97
604	182	246	96
600	180	248	98
599	182	248	96
598	192	249	92
597	193	248	91
597	189	247	89
596	192	247	91
596	190	246	90
594	189	245	90
595	186	244	88
594	181	242	86
595	177	239	86
597	174	233	88
599	171	228	90
597	166	226	92
592	165	225	94
593	163	224	96
595	157	225	100
597	162	222	98
598	159	225	99
604	160	227	99
603	162	234	97
609	164	236	94
611	165	243	92
614	164	247	90
616	160	252	90
