291	275	685	264
296	306	664	209
304	316	656	190
306	322	664	182
313	324	659	178
321	326	659	179
325	325	658	176
330	322	659	175
337	318	659	176
341	311	663	186
342	305	668	182
350	307	664	182
349	298	659	178
355	299	657	173
357	296	654	172
353	296	657	168
349	302	655	156
341	303	660	156
339	301	661	161
343	304	658	163
332	299	668	173
310	296	686	178
299	293	698	187
284	294	716	192
270	294	729	197
257	287	742	207
257	285	750	214
257	283	752	228
266	283	747	238
273	284	732	245
271	287	735	255
273	287	733	261
275	284	731	264
276	279	730	271
281	282	725	269
282	280	719	267
285	280	715	261
277	280	715	250
279	283	714	235
272	281	713	225
273	283	714	212
270	280	707	205
273	287	708	194
278	284	697	190
281	288	692	186
284	286	684	189
282	285	679	193
281	287	679	196
281	297	675	190
277	289	680	201
270	281	679	210
270	285	680	217
260	268	692	238
271	279	694	245
262	270	698	261
263	266	708	276
271	265	705	293
275	266	708	302
274	264	709	305
275	268	708	308
281	270	708	311
281	271	710	313
285	273	711	310
283	275	711	305
285	273	714	300
288	274	710	291
283	278	712	278
278	278	713	271
271	279	717	261
269	281	720	250
257	280	729	238
259	283	734	227
261	288	730	217
257	287	732	212
257	291	722	203
262	297	725	192
262	297	720	194
261	294	719	200
259	300	708	197
259	303	714	201
254	291	716	219
253	285	716	232
246	283	728	246
239	285	737	258
234	275	740	275
237	270	741	292
239	272	741	301
243	272	742	308
242	277	741	309
242	280	746	311
242	282	758	313
242	277	739	321
244	283	736	321
242	273	737	327
239	277	743	323
237	270	743	328
235	265	753	324
230	265	771	318
227	268	762	307
223	272	787	295
208	279	796	283
206	281	790	275
199	279	796	266
198	274	794	260
199	273	789	251
194	275	783	246
196	286	779	229
193	276	784	235
193	284	781	227
196	291	777	223
201	297	775	211
200	304	769	204
198	303	769	209
193	291	773	224
189	276	779	240
188	261	778	263
192	270	780	267
178	258	788	286
192	265	784	290
185	252	795	309
187	239	794	329
189	242	796	335
188	245	804	334
195	244	806	336
194	240	803	342
200	239	802	340
201	245	800	333
208	246	798	333
210	248	801	325
207	251	798	319
206	252	801	311
209	248	802	304
203	245	802	300
202	245	811	292
194	243	818	285
188	241	826	273
194	242	821	263
190	238	824	250
188	246	838	237
189	238	835	239
186	238	837	233
189	244	836	223
190	245	834	212
191	252	836	206
193	252	839	204
195	250	847	212
205	251	841	215
199	249	849	223
205	245	847	235
202	236	842	247
197	238	856	251
198	247	848	251
196	240	839	258
212	249	824	256
208	250	822	259
208	250	811	268
226	254	795	272
231	255	787	277
229	252	786	287
231	250	788	293
233	244	785	303
227	233	788	315
227	235	797	316
225	230	805	322
218	231	813	328
220	233	819	325
213	230	829	328
210	225	833	326
214	224	842	326
216	218	854	327
227	210	851	332
230	200	856	336
240	191	858	343
246	186	860	342
251	176	865	355
262	174	864	356
269	172	870	356
274	169	860	356
277	167	862	353
279	167	869	335
284	184	864	323
277	178	871	317
278	189	884	305
271	201	891	284
246	214	923	266
215	220	959	256
198	223	991	261
188	224	1005	250
197	238	1017	239
186	245	1022	236
187	247	1029	239
169	249	1040	240
175	257	1038	235
152	258	1049	243
145	263	1056	248
137	268	1058	247
135	264	1050	242
143	260	1038	246
146	266	1027	235
148	263	1016	233
149	263	1017	240
136	258	1014	232
144	255	1001	220
156	253	992	232
141	242	991	232
146	239	982	234
151	237	975	230
149	234	976	234
156	230	973	243
153	227	983	243
150	217	989	262
143	211	992	276
141	211	1008	283
142	207	1013	295
140	211	1022	308
147	214	1029	318
158	212	1033	336
172	219	1014	346
184	211	998	359
184	214	993	364
204	222	980	359
212	230	983	353
221	236	974	348
234	228	972	350
236	223	967	341
236	224	964	322
227	226	982	308
226	218	980	293
217	221	993	281
214	221	992	264
215	213	984	267
210	211	986	259
215	209	976	259
215	200	976	262
222	196	973	273
222	189	972	284
226	178	968	300
230	168	956	327
225	166	963	350
221	163	966	373
222	154	970	400
246	151	952	416
264	163	950	418
282	184	925	414
286	154	923	445
289	164	926	447
296	182	924	434
307	160	911	453
307	154	909	455
308	189	915	418
303	181	917	412
303	175	918	410
300	162	906	410
289	168	925	386
272	181	934	360
250	166	947	360
236	161	953	349
215	164	966	331
200	165	977	317
193	158	980	303
183	162	990	283
184	160	986	270
186	148	982	271
184	167	966	252
182	164	969	251
177	167	967	254
164	159	965	271
157	159	955	279
145	156	957	296
139	155	955	315
145	166	942	326
131	165	954	348
107	168	971	369
114	183	968	376
107	189	967	390
113	207	953	401
109	202	931	427
119	218	921	434
119	214	915	453
118	210	907	462
119	210	901	458
115	201	886	458
107	194	898	449
97	182	889	440
90	182	879	446
88	172	879	433
83	157	865	453
80	150	846	444
87	145	827	437
89	138	816	431
92	132	789	427
92	121	770	432
95	117	752	437
106	115	731	448
113	117	712	469
116	118	704	489
129	119	681	507
148	120	665	524
172	123	652	540
185	130	634	552
197	133	626	558
211	140	619	561
243	153	607	556
272	162	583	547
298	158	570	550
311	161	558	546
320	165	551	536
339	169	545	526
331	170	554	527
333	182	560	515
325	192	564	508
314	188	575	508
311	182	577	502
304	183	584	493
296	193	589	478
278	191	598	476
267	201	607	460
247	206	616	436
237	209	626	428
227	204	634	427
225	202	637	418
224	207	635	405
230	207	625	393
242	217	622	379
250	220	607	367
265	228	598	361
275	225	589	369
289	237	582	373
307	245	573	373
324	251	567	374
338	251	561	375
351	265	551	367
369	267	543	368
381	268	539	362
396	277	538	353
401	278	542	345
402	283	547	332
400	294	556	317
393	291	567	311
386	297	573	296
382	293	581	290
377	292	591	287
364	289	605	282
362	288	615	280
354	283	624	274
355	281	626	267
351	272	628	268
351	269	629	270
351	264	628	263
351	261	626	258
352	264	625	252
353	268	620	252
355	269	617	245
359	273	615	249
359	272	615	250
350	270	611	253
349	272	626	259
339	265	631	263
333	260	631	275
338	256	629	289
326	254	637	287
329	255	629	285
332	248	619	288
331	236	618	292
332	231	612	286
333	223	605	297
332	220	601	303
329	219	596	298
326	224	589	293
330	224	577	290
331	227	560	284
336	232	547	276
338	252	534	259
344	274	512	226
356	284	491	216
363	287	471	200
371	289	453	188
380	291	428	189
388	289	411	196
394	291	399	203
405	287	387	215
