0.00529
0.0339
0.02964
0.03014
0.03041
0.02851
0.02741
0.02654
0.02895
0.02845
0.02827
0.02803
0.02822
0.02789
0.02722
0.02724
0.0273
0.0272
0.02746
0.02727
0.02815
0.02754
0.02729
0.02713
0.02733
0.02718
0.02741
0.0274
0.02725
0.02732
0.02732
0.02737
0.02296
0.02477
0.0248
0.02375
0.0236
0.02359
0.02288
0.02786
0.02795
0.0279
0.02802
0.028
0.02794
0.02785
0.02913
0.02814
0.02568
0.02574
0.02582
0.02564
0.0248
0.02464
0.02474
0.02482
0.02476
0.0247
0.02495
0.02535
0.02511
0.02472
0.02473
0.0247
0.02478
0.0248
0.02508
0.02489
0.02449
0.02424
0.02413
0.024
0.0243
0.02542
0.02472
0.02526
0.02438
0.02416
0.02435
0.02406
0.02412
0.02426
0.02422
0.02468
0.02422
0.02421
0.02429
0.02468
0.02422
0.02413
0.02411
0.02419
0.02427
0.02419
0.02419
0.02419
0.02434
0.02402
0.02446
0.02402
0.02488
0.03197
0.02521
0.02733
0.02736
0.0245
0.02428
0.02446
0.02429
0.02431
0.02424
0.0241
0.02419
0.02689
0.02512
0.02445
0.02689
0.02673
0.02593
0.02396
0.024
0.02413
0.02421
