0.00895
0.03696
0.03008
0.03002
0.03064
0.03099
0.02761
0.02766
0.02837
0.02837
0.0283
0.02833
0.02848
0.02953
0.02445
0.02424
0.02428
0.02847
0.02858
0.02838
0.02848
0.02865
0.02861
0.02849
0.02845
0.03005
0.02859
0.02845
0.02861
0.02845
0.02883
0.02838
0.02871
0.02619
0.02619
0.026
0.02603
0.02697
0.02627
0.02611
0.02621
0.02612
0.0261
0.02601
0.02602
0.02609
0.02512
0.0256
0.02513
0.02587
0.02575
0.02525
0.02517
0.02525
0.02527
0.02543
0.0252
0.02519
0.02516
0.02499
0.02493
0.02478
0.02559
0.02496
0.02499
0.02507
0.02492
0.02478
0.02477
0.02473
0.02503
0.02477
0.02481
0.02476
0.02607
0.02515
0.02461
0.02484
0.02464
0.02456
0.02461
0.02454
0.02453
0.02454
0.02476
0.02474
0.02458
0.0254
0.02469
0.02458
0.02467
0.02466
0.02504
0.0246
0.02463
0.0247
0.02451
0.02459
0.02637
0.02563
0.02513
0.03067
0.02772
0.02545
0.02458
0.02453
0.02474
0.02462
0.02453
0.02454
0.02452
0.02532
0.02489
0.02457
0.02462
0.02466
0.02482
0.02462
0.02454
0.02455
0.02463
0.02483
0.02471
0.02493
0.02551
0.02481
0.02467
0.02455
0.02448
0.02452
0.02486
0.02461
0.02459
0.02449
0.02473
0.02447
0.02509
0.02516
0.02464
0.02459
0.02501
0.02486
0.02506
0.02472
0.02476
0.02487
0.02515
0.02484
0.02473
0.02562
0.02483
0.02462
0.02496
0.02453
0.0245
0.02469
0.02449
0.02454
0.02457
0.02485
0.02444
0.0246
0.025
0.02448
0.0245
0.02538
0.02455
0.02462
0.02437
0.02433
0.02464
0.02434
0.02446
0.02435
0.02548
0.0247
0.02431
0.02425
0.02443
0.02423
0.02443
0.02428
0.02458
0.0244
0.02446
0.02431
0.02424
0.0251
0.02454
0.02428
0.02458
0.02444
0.02431
0.02431
0.02424
0.02433
0.02424
0.02461
0.02446
0.02438
0.02496
0.03052
0.02777
0.02728
0.02486
0.02428
0.02429
0.02425
0.02426
0.02443
0.02441
0.02419
0.02524
0.02436
0.02437
0.02438
0.02421
0.02426
0.02422
0.02423
0.02441
0.02425
0.02442
0.02491
0.02512
0.02497
0.02461
0.02446
0.02451
0.02421
0.02426
0.02422
0.02422
0.02425
0.02415
0.02425
0.02428
0.02513
0.02466
0.0242
0.02427
0.02445
0.0244
0.02432
0.0242
0.02412
0.02436
0.02434
0.0242
0.02444
0.02527
0.02459
0.02423
0.02415
0.02424
0.02415
0.02425
0.02426
0.02452
0.02425
0.02437
0.02428
0.02423
0.02507
0.02443
0.02423
0.02424
0.02433
0.02415
0.02413
0.0242
0.02421
0.02424
0.02475
0.02427
0.02423
0.02497
0.02434
0.02426
0.0242
0.02423
0.02423
0.02428
0.02418
0.0242
0.0241
0.02443
0.02433
0.02461
0.02478
0.02446
0.02442
0.02447
0.02419
0.0242
0.0242
0.0242
0.02431
0.02413
0.02419
0.02416
0.03025
0.0254
0.02756
0.02735
0.02472
0.0242
0.02421
0.0242
0.02415
0.02416
0.02429
0.02424
0.02476
0.02472
0.0242
0.0243
0.02447
0.02437
0.02432
0.02416
0.02418
0.02441
0.02424
0.02412
0.02414
0.0251
0.02467
0.02423
0.02411
0.02426
0.02406
0.02423
0.02416
0.02439
0.02416
0.02421
0.02422
0.02421
0.02531
0.02436
0.02425
0.02433
0.02439
0.02423
0.0242
0.02412
0.02409
0.02417
0.02454
0.02442
0.02712
0.0275
0.02643
0.02422
0.02428
0.02414
0.02413
0.02429
0.02414
0.02428
0.0241
0.02421
0.02424
0.02535
0.02464
0.02419
0.02418
0.02458
0.02412
0.02406
0.02412
0.02413
0.02435
0.02424
0.0242
0.02443
0.02551
0.02457
0.02417
0.02434
0.02426
0.02413
0.02426
0.02413
0.02411
0.02417
0.02413
0.02426
0.0242
0.02504
0.02442
0.02416
0.02414
0.02448
0.02458
0.02428
0.02412
0.02412
0.02419
0.02427
0.02954
0.02812
0.02753
0.02423
0.02414
0.02427
0.02406
0.02423
0.02417
0.02433
0.02418
0.02419
0.02418
0.02412
0.02515
0.02466
0.0241
0.02419
0.02413
0.02409
0.02425
0.02408
0.02408
0.02406
0.02453
0.02409
0.02408
0.0248
0.02424
0.02412
0.02445
0.02417
0.02407
0.02433
0.02399
0.02402
0.0241
0.02403
0.02422
0.02412
0.0247
0.0242
0.02408
0.02425
0.02418
0.02405
0.02419
0.02403
0.02398
0.02405
0.02429
0.02412
0.02416
0.02495
0.02421
0.02433
0.02475
0.02412
0.02403
0.02435
0.024
0.02405
0.02401
0.02412
0.02431
0.02413
0.02477
0.02426
0.02419
0.02426
0.02424
0.02426
0.02413
0.02406
0.02412
0.02414
0.02404
0.02519
0.0276
0.02732
0.02518
0.02409
0.02424
0.02402
0.02432
0.02425
0.02436
0.02414
0.02406
0.02411
0.02425
0.02543
0.02445
0.02415
0.02419
0.02446
0.02408
0.02436
0.02406
0.02418
0.03024
0.02765
0.02719
0.02502
0.02455
0.02421
0.02402
0.0242
0.02422
0.02408
0.02401
0.02402
0.02403
0.02402
0.02408
0.0242
0.02456
0.02458
0.02413
0.02414
0.0244
0.02414
0.02414
0.02407
0.02409
0.02421
0.02413
0.02427
0.02411
0.02454
0.02449
0.02419
0.02443
0.02435
0.02404
0.02408
0.02405
0.02451
0.02423
0.02403
0.02412
0.02421
0.02466
0.02462
0.0241
0.02415
0.02437
0.0243
0.02428
0.02411
0.02395
0.02406
0.02428
0.02422
0.02413
0.02441
0.02452
0.02419
0.02406
0.0241
0.02409
0.02411
0.02417
0.02426
0.02423
0.0241
0.02432
0.02426
0.0243
0.02473
0.02414
0.02405
0.02424
0.02415
0.02414
0.02417
0.02405
0.02411
0.02402
0.02432
0.02422
0.02433
0.02479
0.02428
0.02405
0.02439
0.02407
0.02412
0.02432
0.02411
0.02425
0.02416
0.02416
0.02418
0.0242
0.02494
0.02443
0.02422
0.02489
0.02453
0.02906
0.02528
0.02725
0.0273
0.02423
0.02425
0.02506
0.02514
0.02453
0.02421
0.0243
0.02434
0.02407
0.02424
0.0241
0.02412
0.02412
0.02414
0.02418
0.02415
0.02529
0.02442
0.02421
0.02428
0.02439
0.02456
0.02418
0.02418
0.02417
0.02437
0.02446
0.02418
0.02509
0.02551
0.02465
0.02427
0.0244
0.02437
0.02426
0.02466
0.02422
0.02448
0.02427
0.02451
0.02446
0.02429
0.02577
0.02445
0.02432
0.02435
0.02484
0.02427
0.02421
0.02424
0.0242
0.0249
0.02496
0.02434
0.02447
0.02514
0.02499
0.02423
0.02424
0.02433
0.02404
0.02432
0.02405
0.02422
0.02419
0.02407
0.0241
0.02451
0.02531
0.02436
0.02403
0.02425
0.02533
0.0243
0.02417
0.02407
0.02405
0.02427
0.02417
0.02453
0.02429
0.02499
0.02446
0.02465
0.02442
0.02428
0.02407
0.0244
0.02414
0.0242
0.02421
0.02414
0.02451
0.02435
0.02496
0.02503
0.02906
0.02538
0.02768
0.02737
0.02464
0.02411
0.02431
0.02427
0.02423
0.02422
0.02523
0.02442
0.02411
0.02419
0.02421
0.02411
0.02414
0.02418
0.0244
0.02458
0.02423
0.02426
0.02433
0.02518
0.02429
0.02428
0.02426
0.02427
0.02476
0.02438
0.02415
0.02425
0.02424
0.02442
0.02494
0.02764
0.02719
0.0257
0.02415
0.02435
0.02413
0.02431
0.0243
0.02434
0.02479
0.02416
0.02423
0.02425
0.02546
0.02453
0.02413
0.0241
0.02506
0.0243
0.02466
0.02416
0.02402
0.02526
0.02446
0.02413
0.0245
0.02606
0.02455
0.02437
0.02435
0.02426
0.02413
0.02417
0.02418
0.02414
0.02419
0.02424
0.02429
0.02431
0.02592
0.02457
0.02429
0.02431
0.02456
0.02464
0.02443
0.02433
0.02422
0.02428
0.02437
0.02442
0.02423
0.02562
0.02455
0.02488
0.02423
0.02424
0.02429
0.0243
0.02424
0.02461
0.02433
0.02425
0.02415
0.02418
0.02897
0.02559
0.02766
0.02749
0.02653
0.02439
0.02457
0.0243
0.02426
