0.00854
0.02864
0.02504
0.02632
0.0273
0.02639
0.02578
0.02328
0.02405
0.02416
0.02398
0.02418
0.02501
0.02458
0.02411
0.02442
0.02421
0.02423
0.02404
0.024
0.02418
0.02401
0.02415
0.02428
0.02398
0.02409
0.02517
0.02432
0.02432
0.02404
0.02421
0.02447
0.02413
0.02416
0.02404
0.02401
0.02421
0.02421
0.02405
0.02482
0.02463
0.02409
0.02412
0.02402
0.02421
0.02398
0.02394
0.02417
0.02413
0.02409
0.02372
0.02335
0.02336
0.02463
0.02363
0.02353
0.02344
0.02345
0.02442
0.02339
0.02323
0.02413
0.02393
0.02394
0.02443
0.02403
0.02416
0.02506
0.02413
0.02415
0.02399
0.02405
0.024
0.02399
0.02401
0.02325
0.02404
0.02414
0.02325
0.02328
0.02479
0.0245
0.02411
0.02329
0.02331
0.0235
0.02401
0.02319
0.02333
0.02315
0.02324
0.02409
0.02618
0.0241
0.02522
0.02359
0.02331
0.02424
0.02333
0.02338
0.02319
0.02988
0.02437
0.02341
0.02338
0.02336
0.02332
0.02353
0.02474
0.02336
0.02343
0.02323
0.02404
0.02419
0.02409
0.02399
0.02394
0.02392
0.02398
0.02399
0.02602
0.02498
0.02448
0.02412
0.02405
0.02412
0.02416
0.02394
0.02393
0.02402
0.02408
0.02398
0.02416
0.02394
0.02405
0.02554
0.02428
0.02418
0.02402
0.02408
0.02406
0.02405
0.02392
0.02396
0.02396
0.02394
0.02432
0.02402
0.02451
0.02515
0.0242
0.024
0.02398
0.02405
0.02401
0.02396
0.02392
0.024
0.02402
0.02412
0.02396
0.02405
0.02414
0.02455
0.02406
0.0241
0.02401
0.02399
0.02399
0.02399
0.02419
0.02398
0.02394
0.02433
0.02399
0.02398
0.02489
0.02438
0.02406
0.02462
0.02415
0.02419
0.02402
0.02402
0.02399
0.02398
0.02398
0.02432
0.02401
0.02406
0.02533
0.02423
0.02416
0.02419
0.02429
0.0243
0.02415
0.02395
0.02403
0.02321
0.02395
0.02925
0.02439
0.02762
0.02731
0.02573
0.02395
0.02404
0.0241
0.02393
0.0239
0.02429
0.02406
0.02416
0.0243
0.02413
0.02403
0.02405
0.02411
0.0241
0.02394
0.02417
0.02328
0.02325
0.02328
0.02342
0.02321
0.02335
0.02345
0.02323
0.02363
0.02398
0.02331
0.02322
0.02323
0.02403
0.02411
0.02331
0.02331
0.02396
0.02393
0.02406
0.02399
0.02399
0.02445
0.02372
0.02343
0.02415
0.02404
0.024
0.02395
0.02391
0.02401
0.02401
0.02395
0.02404
0.0241
0.02489
0.02547
0.02416
0.02429
0.02419
0.02395
0.02407
0.02402
0.02389
0.02395
0.02397
0.02397
0.02409
0.02397
0.02426
0.02472
0.02421
0.02411
0.02403
0.02408
0.02435
0.02329
0.02403
0.02396
0.02397
0.02407
0.02396
0.02436
0.02544
0.02425
0.02401
0.02402
0.02341
0.02406
0.02392
0.02334
0.02349
0.02329
0.02399
0.02411
0.02395
0.02395
0.02441
0.02428
0.0316
0.02709
0.02676
0.02659
0.02655
0.02406
0.02393
0.02389
0.02431
0.02398
0.0242
0.02471
0.02409
0.02403
0.02395
0.02397
0.02412
0.02393
0.02396
0.02401
0.02396
0.02406
0.02402
0.02397
0.02569
0.02369
0.02338
0.02333
0.02333
0.0233
0.02324
0.02323
0.02335
0.02323
0.02318
0.02348
0.02416
0.02398
0.02488
0.02351
0.0234
0.02355
0.02407
0.02415
0.02403
0.02396
0.02396
0.02399
0.02389
0.02404
0.02393
0.02398
0.02471
0.02426
0.0243
0.02398
0.02399
0.02464
0.02399
0.02394
0.02395
0.02393
0.02397
0.02392
0.02403
0.02511
0.02451
0.02403
0.024
0.02399
0.024
0.02404
0.02396
0.02417
0.02445
0.02406
0.02444
0.02396
0.02397
0.02508
0.02421
0.02412
0.02401
0.02405
0.02406
0.02418
0.02398
0.02404
0.02398
0.02408
0.02419
0.02522
0.02581
0.02448
0.02399
0.02397
0.0243
0.02401
0.02431
0.02399
0.03003
0.02426
0.0256
0.02637
0.02697
0.02561
0.0244
0.02436
0.02405
0.02423
0.02402
0.02406
0.02391
0.02404
0.02392
0.02438
0.02403
0.02419
0.02485
0.02486
0.02417
0.02438
0.02406
0.02411
0.02405
0.02393
0.02393
0.02401
0.02397
0.02423
0.02403
0.0239
0.02516
0.02418
0.02408
0.02406
0.024
0.02431
0.02337
0.02395
0.02411
0.02396
0.02397
0.0241
0.02389
0.02439
0.02454
0.02403
0.02336
0.02328
0.024
0.02413
0.0241
0.02406
0.02351
0.02402
0.02424
0.02411
0.02396
0.02516
0.02413
0.02413
0.02401
0.02406
0.02403
0.02395
0.02398
0.0241
0.02392
0.02404
0.02433
0.02391
0.02467
0.02453
0.02408
0.02392
0.02397
0.02386
0.0241
0.02387
0.02396
0.02391
0.02393
0.02428
0.02395
0.02394
0.02579
0.02419
0.02415
0.02398
0.02409
0.02406
0.0239
0.0239
0.02402
0.02389
0.02395
0.02393
0.02397
0.02483
0.03116
0.02702
0.02732
0.02691
0.0241
0.02397
0.02404
0.02399
0.02396
0.02407
0.02397
0.02406
0.02532
0.02424
0.02407
0.02398
0.02415
0.02417
0.02421
0.02395
0.02405
0.02387
0.02398
0.02401
0.02592
0.025
0.02453
0.02394
0.02332
0.0233
0.02395
0.024
0.02396
0.02406
0.02411
0.02394
0.02421
0.02391
0.02398
0.02511
0.02411
0.02414
0.02393
0.02412
0.02395
0.02388
0.02383
0.02404
0.02323
0.02319
0.02336
0.02354
0.02454
0.02381
0.02322
0.02336
0.02321
0.02319
0.02332
0.02407
0.02394
0.02389
0.02316
0.02336
0.02322
0.02316
0.02454
0.02361
0.02338
0.02333
0.02336
0.02322
0.02325
0.0232
0.02338
0.02397
0.0239
0.02413
0.02389
0.02422
0.02464
0.02397
0.02352
0.0234
0.02319
0.02349
0.02324
0.02322
0.02331
0.02326
0.0234
0.0234
0.02323
0.02448
0.02375
0.0233
0.02347
0.02341
0.0236
0.02364
0.03068
0.02706
0.0265
0.02432
0.02407
0.0239
0.02539
0.02422
0.02391
0.02332
0.0233
0.02318
0.02325
0.02388
0.02363
0.02339
0.02392
0.02342
0.02322
0.02322
0.02444
0.0237
0.02332
0.02334
0.02331
0.02326
0.02337
0.02319
0.02342
0.02321
0.02401
0.02429
0.02398
0.02443
0.02449
0.02399
0.02398
0.02395
0.024
0.02407
0.02391
0.02392
0.02333
0.02386
0.02408
0.0241
0.02395
0.02529
0.02419
0.02406
0.02409
0.02766
0.02419
0.02409
0.02395
0.02421
0.02395
0.02407
0.02411
0.02558
