0.00539
0.032
0.02717
0.03173
0.029
0.02786
0.02893
0.02769
0.02835
0.0305
0.02882
0.02841
0.0284
0.02832
0.02835
0.02601
0.02652
0.02587
0.02659
0.02661
0.02619
0.02602
0.02594
0.0259
0.02601
0.02841
0.02855
0.02822
0.0285
0.02587
0.02618
0.02758
0.02631
0.02598
0.02592
0.02681
0.02665
0.02579
0.02604
0.02584
0.02583
0.02875
0.02832
0.02848
0.02944
0.02836
0.02603
0.02584
0.02582
0.02578
0.02585
0.02583
0.02597
0.02583
0.02604
0.02596
0.02603
0.02718
0.02533
0.02506
0.02588
0.02602
0.02629
0.02602
0.02585
0.02583
0.02593
0.02608
0.02595
0.02587
0.02663
0.0262
0.02604
0.02581
0.02506
0.02501
0.02508
0.02591
0.02614
0.02589
0.02592
0.02583
0.02601
0.02612
0.02685
0.02592
0.02513
0.0251
0.02514
0.02501
0.02505
0.02496
0.02503
0.02505
0.0252
0.02514
0.02499
0.02591
0.02535
0.02505
0.02506
0.03347
0.02599
0.02735
0.02835
0.0282
0.025
0.02499
0.02523
0.02512
0.02647
0.02504
0.02469
0.02465
0.02477
0.02582
0.02493
0.02467
0.02477
0.0248
0.02476
0.0246
0.02469
0.02456
0.02561
0.02473
0.02475
0.02488
0.02509
0.02503
0.02524
0.02519
0.02511
0.02461
0.02466
0.02504
0.02467
0.02481
0.02552
0.0247
0.02492
0.02642
0.0256
0.02499
0.02744
0.02736
0.02664
0.02475
0.025
0.0246
0.02468
0.02606
0.03021
0.03318
0.02932
0.02798
0.02753
0.02739
0.02751
0.02462
0.02485
0.02465
0.02484
0.02622
0.02493
0.02462
0.02463
0.02522
0.025
0.02484
0.02478
0.02465
0.02459
0.02472
0.02491
0.02457
0.02476
0.02539
0.02483
0.02472
0.02485
0.02462
0.02466
0.02452
0.02462
0.02456
0.02464
0.02452
0.02449
0.02449
0.02501
0.02508
0.02448
0.02442
0.02443
0.02462
0.02445
0.02435
0.02452
0.02436
0.02445
0.03093
0.02807
0.02757
0.02724
0.02454
0.02504
0.02451
0.02494
0.02432
0.02444
0.02442
0.02448
0.02436
0.02474
0.02466
0.0245
0.02522
0.02468
0.02417
0.02431
0.0242
0.0245
0.02446
0.02423
0.02422
0.02428
0.02435
0.02445
0.02432
0.02433
0.02512
0.02442
0.02447
0.02455
0.02432
0.02458
0.02444
0.02456
0.02449
0.02434
0.02429
0.02445
0.02435
0.02508
0.02506
0.02438
0.02426
0.02447
0.02434
0.0244
0.02442
0.0243
0.02416
0.02407
0.02448
0.02424
0.02401
0.02519
0.0242
0.02428
0.02411
0.02417
0.02413
0.02423
0.02435
0.02433
0.02432
0.02431
0.0243
0.02433
0.02447
0.02513
0.02446
0.02455
0.02516
0.02505
0.02495
0.02727
0.02714
0.02606
0.02453
0.02448
0.02424
0.02469
0.0254
0.02453
0.02451
0.02476
0.02483
0.02613
0.02465
0.02446
0.02441
0.02438
0.02425
0.0244
0.02435
0.02496
0.02472
0.02442
0.0322
0.02564
0.02524
0.02531
0.02746
0.02745
0.02472
0.0249
0.02468
0.02478
0.02491
0.02545
0.02434
0.0244
0.02421
0.02473
0.02474
0.0247
0.02496
0.025
0.02467
0.0247
0.02468
0.02477
0.02538
0.02518
0.02479
0.02473
0.02482
0.0249
0.02476
0.02474
0.02469
0.02468
0.0247
0.025
0.02481
0.02467
0.02568
0.0249
0.02474
0.02468
0.02547
0.02549
0.02554
0.02555
0.02547
0.02467
0.02467
0.02467
0.0247
0.02488
0.02582
0.02485
0.0247
0.02491
0.02473
0.02472
0.02473
0.02461
0.02465
0.02553
0.02578
0.02569
0.02554
0.02592
0.02495
0.02477
0.02489
0.02487
0.02455
0.0247
0.02464
0.02472
0.02465
0.02462
0.02467
0.02473
0.02549
0.02681
0.02564
0.02554
0.02556
0.0259
0.02617
0.02572
0.02552
0.02553
0.02546
0.02576
0.02559
0.0255
0.02651
0.02611
0.02554
0.02563
0.02554
0.02552
0.02556
0.0256
0.03472
0.02939
0.02894
0.02557
0.02566
0.02631
0.02561
0.02566
0.02679
0.02614
0.02576
0.02562
0.02545
0.02562
0.02547
0.02605
0.02578
0.0255
0.0266
0.02581
0.02558
0.02568
0.02561
0.02557
0.02544
0.02553
0.02551
0.02552
0.0254
0.02555
0.02544
0.02667
0.02598
0.02554
0.02556
0.02605
0.02585
0.02577
0.02546
0.02558
0.02549
0.02564
0.02569
0.02573
0.02586
0.02604
0.02565
0.02593
0.02564
0.02551
0.02555
0.02555
0.02558
0.0256
0.02558
0.02564
0.02553
0.0256
0.02658
0.02576
0.02557
0.0256
0.02562
0.02602
0.02553
0.02545
0.02551
0.02561
0.02566
0.02574
0.02544
0.02667
0.02572
0.02567
0.02572
0.02564
0.02542
0.0257
0.02544
0.02595
0.02558
0.02545
0.0256
0.02552
0.02578
0.02615
0.02558
0.02563
0.02569
0.02582
0.02568
0.02568
0.02547
0.02557
0.02561
0.02604
0.02575
0.02571
0.02674
0.02589
0.03443
0.02904
0.029
0.02848
0.02548
0.02809
0.02789
0.0279
0.02798
0.02796
0.02935
0.02867
0.02558
0.02558
0.02557
0.02568
0.02559
0.02552
0.02554
0.02561
0.02547
0.02577
0.02549
0.02584
0.02594
0.02557
0.02593
0.02563
0.02545
0.02562
0.02548
0.02564
0.02559
0.02568
0.0255
0.02556
0.02552
0.02675
0.02558
0.02566
0.02643
0.02618
0.02607
0.02564
0.02557
0.02567
0.0256
0.02497
0.02472
0.02467
0.02578
0.02496
0.0247
0.02474
0.02561
0.02561
0.02551
0.02565
0.02599
0.0256
0.02551
0.02476
0.02474
0.02539
0.02519
0.02482
0.02467
0.02498
0.02507
0.02504
0.02474
0.02473
0.02462
0.02466
0.0251
0.02493
0.02461
0.02567
0.02483
0.02484
0.02472
0.02486
0.02464
0.02484
0.02467
0.02558
0.02557
0.02553
0.02564
0.0248
0.02593
0.02534
0.0256
0.0258
0.0257
0.02584
0.0257
0.02556
0.02543
0.02571
0.03275
0.02721
0.02835
0.02894
0.02493
0.02508
0.02487
0.02477
0.02467
0.02434
0.02423
0.0245
0.02433
0.02475
0.02478
0.02469
0.02589
0.02453
0.02484
0.02489
0.02498
0.02569
0.02574
0.02565
0.02606
0.02575
0.02552
0.02573
0.02558
0.02641
0.02834
0.02811
0.02559
0.02577
0.02548
0.02565
0.02553
0.02841
0.02802
0.02803
0.02801
0.02803
0.02896
0.02817
0.0279
0.02818
0.02793
0.02798
0.02791
0.02784
0.02792
0.028
0.02827
0.02791
0.02881
0.02823
0.02793
0.02803
0.02798
0.02798
0.02799
0.0279
0.02797
0.02358
0.02784
0.02805
0.02792
0.0287
0.02816
0.02792
0.02948
0.0284
0.02374
0.02357
0.0235
0.02354
0.02369
0.02387
0.02353
0.02365
0.02424
0.02381
0.02382
0.02384
0.02359
0.02355
0.0235
0.02383
0.02389
0.02363
0.02351
0.02362
