0.0059
0.03283
0.0265
0.02441
0.02892
0.02786
0.02609
0.02633
0.02628
0.02618
0.02498
0.02345
0.02354
0.02346
0.02353
0.02364
0.02524
0.02376
0.02351
0.02347
0.02346
0.02349
0.02366
0.02345
0.02349
0.02353
0.02348
0.02344
0.02349
0.02355
0.02346
0.02345
0.02354
0.02649
0.02584
0.0236
0.02578
0.02559
0.02549
0.02596
0.0254
0.02664
0.02582
0.02612
0.02549
0.0255
0.02551
0.02545
0.02553
0.02591
0.02613
0.02558
0.02605
0.02543
0.02555
0.02547
0.02581
0.02566
0.02542
0.02553
0.02549
0.02547
0.02556
0.02544
0.02546
0.02604
0.02644
0.026
0.02562
0.02545
0.02585
0.02542
0.02553
0.02545
0.02584
0.02571
0.0256
0.02555
0.0259
0.02545
0.02539
0.02542
0.02717
0.02579
0.0255
0.02433
0.02552
0.02435
0.02444
0.02443
0.02443
0.02453
0.02433
0.02463
0.02436
0.02524
0.02476
0.02436
0.02456
0.02518
0.02482
0.03283
0.02644
0.02763
0.02762
0.0275
0.02447
0.0243
0.02427
0.02428
0.02425
0.0244
0.02472
0.0243
0.02446
0.02565
0.02446
0.02454
0.02434
0.02445
0.02492
0.02438
0.02437
0.02436
0.02447
0.02427
0.0244
0.0243
0.02445
0.0243
0.02433
0.02457
0.02519
0.02456
0.0244
0.02468
0.0244
0.02441
0.02443
0.02429
0.02438
0.0239
0.02389
0.02398
0.02389
0.02396
0.02388
0.0239
0.02445
0.02525
0.02456
0.02446
0.02438
0.02393
0.02402
0.02415
0.0241
0.02394
0.02402
0.02393
0.02402
0.0239
0.02396
0.02388
0.02395
0.02419
0.02487
0.02407
0.02395
0.02389
0.02396
0.0239
0.02404
0.02554
0.02463
0.02416
0.02433
0.02405
0.02392
0.02422
0.024
0.02395
0.02407
0.02499
0.02404
0.02401
0.02405
0.02393
0.02396
0.02414
0.02398
0.02394
0.02392
0.02393
0.0239
0.02386
0.02407
0.0241
0.02402
0.02397
0.02529
0.02833
0.02651
0.02448
0.02515
0.02708
0.02711
0.02635
0.02424
0.02416
0.0239
0.02396
0.02403
0.02386
0.02397
0.02392
0.0254
0.02491
0.02434
0.02445
0.02425
0.02444
0.02439
0.02429
0.02438
0.02432
0.02448
0.02426
0.02436
0.02441
0.02422
0.024
0.02404
0.02506
0.0237
0.02393
0.02402
0.02417
0.024
0.02388
0.02394
0.02395
0.02405
0.02407
0.02388
0.024
0.02401
0.02438
0.02433
0.02428
0.02488
0.02487
0.02448
0.0245
0.02437
0.02409
0.02414
0.0243
0.02402
0.02392
0.02411
0.0239
0.02405
0.02393
0.024
0.0239
0.02386
0.02438
0.02472
0.02402
0.02402
0.02395
0.02403
0.02395
0.02403
0.02384
0.02388
0.02389
0.02412
0.02406
0.02397
0.02409
0.02392
0.02388
0.02407
0.02471
0.02411
0.02403
0.02393
0.02401
0.02402
0.02391
0.02407
0.02416
0.02401
0.02387
0.02398
0.02389
0.02427
0.02402
0.024
0.03274
0.0258
0.02745
0.02704
0.02693
0.02407
0.02415
0.02436
0.02404
0.02412
0.02399
0.02386
0.02395
0.02403
0.02399
0.02391
0.02396
0.02528
0.02439
0.02406
0.02404
0.0239
0.02406
0.02411
0.02384
0.02386
0.02387
0.02389
0.02384
0.02383
0.02388
0.02388
0.02391
0.02391
0.02496
0.02444
0.024
0.02402
0.02417
0.02406
0.02406
0.02404
0.0251
0.02409
0.02465
0.0263
0.02704
0.02693
0.0269
0.02389
0.02393
0.02474
0.02391
0.02391
0.02378
0.02375
0.02408
0.02413
0.02384
0.02368
0.02369
0.02367
0.02369
0.02366
0.02387
0.0239
0.024
0.02382
0.02506
0.02397
0.02389
0.02375
0.02369
0.02397
0.02392
0.02368
0.02412
0.02407
0.0241
0.02405
0.02382
0.02388
0.02375
0.02364
0.02372
0.02452
0.02413
0.02385
0.02401
0.02386
0.02381
0.02396
0.02378
0.02372
0.02376
0.02382
0.02369
0.02368
0.02379
0.0241
0.03302
0.0251
0.02544
0.02483
0.02684
0.02679
0.02653
0.02384
0.02386
0.02368
0.0237
0.02366
0.02366
0.02366
0.02372
0.02388
0.02371
0.02369
0.02379
0.02519
0.02461
0.02403
0.02402
0.02394
0.02455
0.02421
0.02373
0.02378
0.02363
0.02375
0.02358
0.02366
0.02358
0.02351
0.02356
0.02358
0.02435
0.02413
0.02379
0.0237
0.02375
0.02357
0.02348
0.02363
0.02346
0.02371
0.02367
0.02359
0.02356
0.02361
0.0238
0.02359
0.02368
0.02389
0.02464
0.02381
0.02382
0.02373
0.02366
0.02383
0.02392
0.02386
0.02362
0.02364
0.02367
0.0236
0.02365
0.02368
0.02365
0.02368
0.02364
0.02468
0.024
0.02375
0.02377
0.02372
0.023
0.02308
0.02311
0.02322
0.02322
0.02417
0.02442
0.02433
0.02428
0.02427
0.02422
0.02432
0.02468
0.02497
0.02432
0.02426
0.02435
0.02426
0.02428
0.02435
0.02447
0.02429
0.02436
0.02425
0.03271
0.02569
0.02488
0.02716
0.02751
0.02834
0.0249
0.02432
0.02433
0.02425
0.02441
0.02446
0.02627
0.02493
0.02456
0.02446
0.02426
0.02434
0.02439
0.02424
0.02429
0.02462
0.02514
0.0247
0.02429
0.02483
0.02436
0.02453
0.02452
0.02438
0.02438
0.02425
0.02426
0.02433
0.02431
0.02442
0.02421
0.02434
0.02437
0.02524
0.02455
0.02428
0.02448
0.02429
0.0243
0.02438
0.0243
0.02474
0.02411
0.02404
0.02384
0.02397
0.02403
0.02387
0.02386
0.02405
0.02512
0.02441
0.02434
0.02438
0.02437
0.02447
0.02456
0.02465
0.02448
0.02428
0.02431
0.02391
0.02431
0.02445
0.02425
0.02439
0.02453
0.02522
0.02418
0.02408
0.02392
0.02321
0.0233
0.02331
0.02319
0.02319
0.02319
0.02375
0.02335
0.02324
0.02321
0.02301
0.02303
0.02299
0.02408
0.0234
0.02379
0.02366
0.02631
0.02366
0.02369
0.02368
0.02358
0.02366
0.032
0.02479
0.02651
0.02647
0.02625
0.02362
0.02367
0.02463
0.02373
0.02361
0.02366
0.0235
0.0238
0.02373
0.02374
0.02366
0.02387
0.02382
0.02366
0.02377
0.02397
0.024
0.02393
0.02395
0.02496
0.02451
0.02407
0.02404
0.02392
0.02401
0.02408
0.02391
0.02418
0.02405
0.0241
0.02395
0.02399
0.024
0.02407
0.02392
0.02388
0.02511
0.02478
0.02436
0.02431
0.02457
0.0243
0.02436
0.02437
0.02432
0.02455
0.02442
0.02435
0.02429
0.02429
0.02453
0.02547
0.02438
0.02547
0.02469
0.02443
0.0244
0.02442
0.02456
0.0245
0.02468
0.0243
0.02441
0.02458
0.02431
0.02434
0.02436
0.02433
0.02433
0.02429
0.02549
0.02462
0.02446
0.02444
0.02431
0.02431
0.02428
0.02469
0.02548
0.02471
0.02465
0.02434
0.0244
0.0244
0.02446
0.02424
0.02428
0.02612
0.02456
0.02451
0.02448
0.02431
0.0244
0.02436
0.02445
0.0329
0.02574
0.02456
0.02688
0.02703
0.02715
0.02473
0.02402
0.02516
0.0243
0.02401
0.02401
0.02391
0.02393
0.02394
0.02401
0.02464
0.0247
0.02449
0.02427
0.02387
0.02396
0.024
0.02391
0.02389
0.02513
0.02447
0.02416
0.0239
0.02393
0.02393
0.02386
0.02414
0.02389
0.02389
0.02385
0.02389
0.02391
0.02388
0.02401
0.0239
0.02399
0.02444
0.02457
0.02399
0.02434
0.02467
0.02432
0.02433
0.02438
0.0243
0.0243
0.02431
0.02424
0.02423
0.02425
0.02442
0.0242
0.02424
0.02437
0.02495
0.02364
0.0236
0.02368
0.02353
0.02367
0.02365
0.02376
0.0236
0.02382
0.02456
0.0254
0.02533
0.02561
0.02531
0.0255
0.02568
0.02611
0.02541
0.02536
0.02533
0.02532
0.0254
0.02546
0.02535
0.02566
0.02598
0.02577
0.02539
0.02545
0.0254
0.02537
0.02556
0.02701
0.02571
0.02539
0.02546
0.02536
0.02549
0.02548
0.03427
0.02938
0.02863
0.02717
0.02544
0.02586
0.02547
0.02539
0.02551
0.02622
0.02547
0.02543
0.02541
0.02533
0.0256
0.02555
0.02533
0.02539
0.02558
0.02529
0.0253
0.02535
0.02535
0.02529
0.02547
0.02725
0.02565
0.02552
0.02537
0.0253
0.02666
0.02562
0.02539
0.02539
0.02538
0.02543
0.0254
0.02544
0.02559
0.0254
0.02545
0.02635
0.0258
0.02539
0.0255
0.02559
0.0256
0.02549
0.02582
0.02622
0.02562
0.02551
0.02533
0.02542
0.02549
0.02536
0.02527
0.02561
0.02633
0.0254
0.02542
0.02553
0.02547
0.02549
0.026
0.02541
0.02545
0.02549
0.0254
0.02539
0.02543
0.02535
0.02538
0.02541
0.02712
0.0238
0.02358
0.02353
0.02342
0.02351
0.02347
0.02356
0.02382
0.02375
0.02377
0.02348
0.02336
0.02344
0.02364
0.02335
0.02341
0.0241
0.02409
0.02347
0.02341
0.02359
0.02346
0.02347
0.02338
0.0237
0.03127
0.02464
0.02374
0.02649
0.02646
0.02666
0.02363
0.02354
0.02486
0.02376
0.02339
0.02343
0.02338
0.02333
0.02342
0.02361
0.02338
0.02338
0.02339
0.02347
0.02333
0.02346
0.02355
0.02344
0.02335
0.02352
0.0246
0.02556
0.02553
0.02548
0.02532
0.02558
0.02548
0.02537
0.02525
0.02533
0.02527
0.02528
0.02526
0.02539
0.02532
0.02532
0.0266
0.0238
0.0234
0.02554
0.02373
0.02346
0.0234
0.02357
0.02547
0.02462
0.02477
0.02263
0.02332
0.02336
0.02364
0.02335
0.02335
0.02379
0.02406
0.02346
0.02341
0.02363
0.0234
0.02339
0.02352
0.02358
0.02334
0.02337
0.0236
0.02334
0.02336
0.02343
0.02337
0.02338
0.02331
0.02522
0.02371
0.0234
0.02341
0.02343
0.0234
0.02335
0.02346
0.02336
0.02332
0.02363
0.02359
0.02337
0.02336
0.02356
0.02336
0.02339
0.02351
0.0243
0.02351
0.02341
0.02343
0.02341
0.0319
0.02606
0.02562
0.02768
0.02762
0.02715
0.02463
0.0249
0.02494
0.0246
0.02468
0.02594
0.02495
0.02472
0.02477
0.02462
0.0247
0.02488
0.02615
0.02528
0.02486
0.02483
0.02458
0.02459
0.02482
0.02463
0.02456
0.02474
0.02546
0.02473
0.0246
0.02472
0.02507
0.02473
0.0247
0.02467
0.02461
0.02459
0.02458
0.02457
0.02457
0.0249
0.02463
0.02459
0.02522
0.02536
0.02475
0.02469
0.02491
0.02478
0.02467
0.02478
0.02482
0.02504
0.02484
0.02458
0.0246
0.02466
0.02484
0.02468
0.02458
0.02562
0.02517
0.02469
0.02482
0.02484
0.02481
0.02488
0.02539
0.02467
0.02464
0.02466
0.02473
0.02461
0.02471
0.02472
0.02465
0.02472
0.02594
0.0249
0.02463
0.02465
0.02467
0.02474
0.02479
0.02493
0.02463
0.02469
0.02509
0.02473
0.02461
0.02475
0.02487
0.02459
0.02481
0.02563
0.02481
0.02471
0.02476
0.02468
0.03273
0.02608
0.02633
0.02769
0.02766
0.02633
0.02468
0.02495
0.02476
0.02463
0.02483
0.02596
0.02488
0.02464
0.02479
0.02464
0.02464
0.02461
0.0258
0.02482
0.02472
0.02477
0.02468
0.02463
0.02491
0.02462
0.02467
0.0252
0.02555
0.02475
0.02471
0.02484
0.02478
0.02471
0.02484
0.02466
0.02465
0.02472
0.02476
0.02463
0.02467
0.02473
0.02462
0.02492
0.02608
0.02549
0.02506
0.02516
0.02509
0.02507
0.02504
0.02512
0.02492
0.02493
0.02497
0.02496
0.02489
0.02505
0.02514
0.02493
0.02516
0.02601
0.02509
0.02505
0.02507
0.02498
0.0249
0.0254
0.02547
0.02502
0.02508
0.02505
0.025
0.02499
0.02529
0.02511
0.02505
0.02621
0.02561
0.02505
0.02518
0.02504
0.02502
0.02512
0.02761
0.02584
0.02519
0.02572
0.02511
0.02492
0.0251
0.02512
0.02494
0.02511
0.026
0.02517
0.02498
0.02507
0.02495
0.02517
0.03199
0.02771
0.0283
0.02807
0.02639
0.02492
0.02522
0.02507
0.02493
0.0251
0.02605
0.02515
0.02512
0.0251
0.02501
0.025
0.02502
0.02518
0.02533
0.02517
0.02511
0.02492
0.02506
0.025
0.02492
0.02494
0.0261
0.02542
0.02506
0.02506
0.02503
0.02607
0.02552
0.02517
0.025
0.02498
0.02497
0.02499
0.0249
0.02509
0.02522
0.025
0.02509
0.02607
0.02518
0.02506
0.02538
0.02505
0.02499
0.02504
0.02508
0.02504
0.02502
0.02505
0.02497
0.02488
0.02512
0.025
0.02496
0.02598
0.02554
0.02512
0.02507
0.02502
0.02515
0.02515
0.02524
0.02497
0.02507
0.02503
0.02504
0.02487
0.02508
0.02501
0.02498
0.02516
0.0261
0.02522
0.02498
0.02512
0.02499
0.02501
0.025
0.02509
0.02496
0.02502
0.02535
0.025
0.02493
0.02518
0.02501
0.02497
0.02611
0.02553
0.02511
0.02503
0.02509
0.02516
0.02503
0.02534
0.03287
0.02604
0.02542
0.02731
0.02761
0.02793
0.0261
0.02507
0.02638
0.0255
0.02502
0.02504
0.02505
0.02509
0.02495
0.02515
0.02501
0.02498
0.02512
0.02491
0.02505
0.02519
0.02536
0.02493
0.02527
0.02592
0.02528
0.02515
0.0251
0.02505
0.0255
0.02514
0.02505
0.02493
0.02498
0.02513
0.02497
0.02495
0.02515
0.02491
0.02492
0.02615
0.02541
0.025
0.02554
0.02528
0.02502
0.02497
0.02585
0.02619
0.02524
0.02544
0.02496
0.02494
0.02517
0.02503
0.02491
0.02547
0.02585
0.02507
0.02502
0.02505
0.02497
0.02499
0.02555
0.02497
0.02497
0.02499
0.02498
0.02495
0.02494
0.02523
0.02492
0.0249
0.02653
0.02526
0.02506
0.02537
0.02497
0.02492
0.02496
0.02505
0.02597
0.02561
0.02573
0.02505
0.02506
0.02558
0.02525
0.02498
0.0254
0.02542
0.02507
0.02501
0.02517
0.02503
0.02499
0.02551
0.02486
0.02492
0.03239
0.02755
0.02818
0.02814
0.02641
0.02508
0.02615
0.02582
0.02507
0.02502
0.02508
0.02502
0.02488
0.02511
0.02509
0.02494
0.02499
0.02489
0.02493
0.02499
0.02514
0.02499
0.02493
0.02652
0.0254
0.02503
0.02512
0.02501
0.02501
0.02492
0.0249
0.0249
0.02488
0.02509
0.02521
0.02491
0.02522
0.0249
0.02495
0.02588
0.02558
0.02517
0.02498
0.02535
0.02508
0.02491
0.02515
0.02497
0.02495
0.02511
0.02507
0.02499
0.02506
0.02514
0.02501
0.02504
0.02669
0.02522
0.02502
0.02514
0.02505
0.02518
0.02557
0.02531
0.02496
0.02492
0.02505
0.02499
0.02486
0.02526
0.02492
0.02493
0.02594
0.02578
0.02512
0.02691
0.02715
0.02701
0.02693
0.02705
0.02511
0.02501
0.02755
0.02694
0.0269
0.02709
0.02707
0.02688
0.02791
0.02727
0.02701
0.02701
0.0271
0.02705
0.02696
0.02723
0.02502
0.02496
0.02506
0.02703
0.03561
0.02805
0.03063
0.03103
0.02944
0.02702
0.027
0.02701
0.02697
0.02695
0.02815
0.02743
0.02722
0.02709
0.02697
0.02699
0.02711
0.02699
0.02705
0.0278
0.02714
0.02694
0.02727
0.02733
0.02701
0.02718
0.02695
0.02694
0.02716
0.02703
0.02689
0.0272
0.02689
0.02693
0.02808
0.02739
0.02703
0.02724
0.02704
0.0269
0.027
0.02732
0.02736
0.02713
0.02704
0.02692
0.02704
0.02705
0.02707
0.02722
0.02799
0.02701
0.02694
0.02705
0.02709
0.02701
0.02731
