0.00649
0.03586
0.02772
0.02862
0.02869
0.02586
0.0266
0.02633
0.02681
0.02653
0.02636
0.02952
0.02695
0.02639
0.02648
0.0263
0.02634
0.02641
0.02636
0.02636
0.02633
0.02669
0.02649
0.02622
0.02954
0.02656
0.02625
0.02627
0.02634
0.02614
0.02636
0.02613
0.02623
0.02627
0.0262
0.02854
0.02854
0.02962
0.02896
0.0287
0.02721
0.02652
0.02656
0.02618
0.02622
0.02624
0.02858
0.02617
0.02629
0.02859
0.02669
0.02627
0.02655
0.02538
0.02534
0.02535
0.02535
0.02543
0.02553
0.02529
0.0255
0.02492
0.02759
0.02532
0.025
0.02492
0.02568
0.02547
0.02513
0.02491
0.025
0.02495
0.02485
0.02488
0.02494
0.02657
0.02506
0.02457
0.02457
0.02472
0.02456
0.02478
0.02458
0.02489
0.02474
0.02465
0.02482
0.02452
0.02549
0.02506
0.02477
0.02466
0.0248
0.02484
0.02466
0.02463
0.02464
0.0248
0.02475
0.02488
0.02498
0.03269
0.02711
0.02759
0.02758
0.02433
0.02437
0.02431
0.02433
0.02431
0.02438
0.02426
0.02444
0.02429
0.02518
0.02447
0.02438
0.02438
0.0244
0.02443
0.02466
0.0243
0.02431
0.02444
0.02454
0.02445
0.02481
0.02583
0.02513
0.02471
0.02494
0.02489
0.02481
0.02496
0.02476
0.02463
0.02493
0.02472
0.02483
0.02465
0.02655
0.02609
0.02555
0.0257
0.02593
0.02569
0.0261
0.02493
0.02502
0.02494
0.02481
0.02489
0.02569
0.02642
0.02617
0.02559
0.02562
0.02511
0.02478
0.02475
0.02471
0.02564
0.0248
0.02474
0.0249
0.02483
0.02478
0.02534
0.02491
0.02472
0.02643
0.02516
0.0249
0.02446
0.0243
0.02426
0.02432
0.02449
0.02442
0.02427
0.02559
0.0246
0.02433
0.02423
0.02461
0.02433
0.02433
0.02425
0.0243
0.02435
0.02437
0.02424
0.02439
0.02435
0.02506
0.02468
0.02439
0.02447
0.02474
0.02427
0.0244
0.03178
0.02545
0.02754
0.0275
0.02668
0.02445
0.02515
0.02441
0.02461
0.02448
0.02434
0.02447
0.02441
0.02432
0.02409
0.0245
0.02434
0.0244
0.02427
0.02544
0.02481
0.02439
0.0243
0.02461
0.02445
0.02465
0.02491
0.02435
0.02444
0.02437
0.02481
0.02459
0.02432
0.02521
0.02443
0.02436
0.02443
0.02455
0.02433
0.02441
0.02432
0.0247
0.02435
0.02436
0.02434
0.02474
0.02573
0.02524
0.02479
0.02478
0.0249
0.02496
0.02482
0.0249
0.02467
0.02484
0.02477
0.02601
0.02559
0.02564
0.02584
0.02508
0.02469
0.02474
0.0249
0.02476
0.02527
0.02475
0.02576
0.02567
0.02562
0.02579
0.02561
0.0263
0.02604
0.02582
0.02561
0.02579
0.02566
0.02573
0.02566
0.02468
0.02471
0.02482
0.02473
0.02565
0.02556
0.02664
0.02588
0.02567
0.02579
0.02573
0.02552
0.02568
0.02554
0.02558
0.0257
0.0256
0.02564
0.02563
0.03426
0.02788
0.02933
0.02974
0.02599
0.02601
0.02558
0.02793
0.02781
0.02796
0.02804
0.02795
0.02357
