417	272	741	419
415	280	741	397
425	277	731	393
427	272	733	397
429	267	734	404
427	260	740	405
431	258	740	405
440	246	734	416
442	250	732	411
448	237	733	421
455	245	733	413
454	237	734	414
461	240	730	412
461	238	736	415
459	246	740	405
465	239	732	409
462	238	736	410
471	237	728	409
452	225	747	419
465	228	728	416
467	231	725	408
458	215	726	422
459	225	728	410
458	215	729	418
454	207	728	427
457	210	725	425
458	203	722	433
458	203	724	428
456	198	726	438
455	195	723	434
453	193	723	437
452	189	718	441
450	187	717	446
445	188	717	446
441	188	717	448
433	185	724	450
429	191	726	449
431	190	713	449
428	193	714	451
426	188	716	450
422	190	718	446
418	192	718	448
410	194	720	442
408	191	721	450
402	191	722	443
411	189	714	453
400	191	721	445
395	191	724	442
394	188	723	454
392	185	727	446
389	191	728	441
391	181	722	445
389	185	725	446
383	177	720	452
383	175	722	457
387	181	717	444
387	173	716	457
381	178	722	448
386	170	708	455
380	164	717	463
379	171	708	449
375	167	705	455
377	157	706	465
371	161	699	463
368	157	711	461
366	162	705	460
361	162	714	457
365	159	706	459
363	155	705	464
365	151	697	465
359	154	708	467
356	153	708	465
359	149	708	468
355	147	706	474
361	150	702	472
374	153	693	466
381	153	673	468
383	155	667	470
383	153	666	470
381	151	663	477
383	148	655	474
373	148	660	474
373	142	649	484
368	143	645	479
363	143	642	479
358	139	645	484
353	137	638	486
345	141	647	482
330	134	644	491
323	134	643	496
311	142	649	491
298	139	665	494
288	135	666	496
275	140	681	500
270	136	679	497
263	149	681	492
259	138	692	498
257	146	693	494
254	153	693	483
246	155	710	489
228	154	726	481
207	162	752	471
184	165	779	471
184	165	781	471
183	165	788	474
184	173	790	458
196	170	774	463
209	173	763	459
213	171	764	466
231	171	746	463
233	182	750	452
246	177	741	458
250	179	741	457
258	174	727	464
261	178	728	459
264	180	726	460
264	179	723	456
266	172	717	462
267	183	724	452
267	176	722	456
265	178	725	455
266	175	724	456
267	176	723	452
272	175	721	452
274	171	721	454
274	174	730	450
276	169	724	451
274	172	732	449
277	168	728	455
272	165	739	452
280	163	735	452
275	165	742	455
276	165	746	446
275	165	749	450
278	157	751	454
273	160	757	452
278	154	753	459
280	156	753	455
281	161	760	451
279	162	762	447
281	166	762	439
286	169	761	441
285	164	765	448
283	166	766	445
286	162	770	443
292	158	761	450
290	167	769	441
289	171	771	437
291	171	777	439
290	168	788	440
294	174	779	436
296	166	781	445
292	174	786	434
299	175	782	442
291	173	792	439
306	179	783	440
292	178	795	435
290	171	799	435
287	171	814	439
305	174	796	443
293	175	822	438
307	167	824	440
293	170	838	440
297	165	837	443
289	165	860	447
311	169	840	443
310	159	854	464
310	167	865	453
316	167	869	454
323	169	870	451
339	154	878	463
338	171	865	454
339	169	878	457
335	157	892	474
332	162	899	472
331	162	919	467
329	164	923	467
329	166	933	471
333	173	932	462
337	164	931	476
325	166	947	485
322	171	946	503
316	176	960	500
310	182	959	495
307	170	967	506
311	191	967	480
305	186	970	495
310	198	964	473
309	186	968	502
309	195	962	478
309	188	970	483
308	196	966	462
317	196	962	458
321	190	958	465
321	189	957	472
326	194	953	457
327	183	948	475
322	192	957	465
331	177	948	486
323	188	951	461
330	193	949	467
323	188	956	452
328	183	951	459
319	187	960	462
313	185	966	464
309	181	970	479
294	166	985	487
279	179	1000	475
280	165	999	487
274	166	1005	488
266	158	1013	495
253	158	1026	485
238	158	1041	485
224	155	1054	493
221	149	1058	492
219	147	1057	497
210	151	1069	490
196	144	1083	489
212	140	1064	505
617	158	662	480
619	156	656	487
657	150	619	490
652	163	622	469
655	156	624	476
617	154	661	467
629	144	650	480
640	145	639	466
659	142	620	474
625	148	654	472
564	150	714	467
620	143	659	476
612	143	665	478
604	149	670	462
607	148	672	464
579	157	700	457
573	160	706	453
567	157	712	455
554	156	725	459
548	148	731	462
538	150	741	463
533	152	743	463
522	152	755	460
515	149	760	465
507	148	772	466
504	149	768	463
500	155	774	448
504	148	772	454
500	154	772	455
492	154	781	445
492	145	779	456
490	149	778	454
497	150	768	459
504	160	758	450
502	154	755	453
562	156	677	448
565	156	649	448
552	157	648	450
537	155	646	453
523	159	647	449
510	153	648	450
505	154	645	452
496	157	643	449
488	156	651	447
459	152	675	452
421	157	702	447
402	149	711	448
382	151	726	449
362	150	735	437
342	153	750	444
317	150	767	450
312	145	766	473
295	144	774	478
283	134	783	494
251	136	813	498
227	131	834	500
235	126	815	501
228	138	825	496
222	134	834	497
211	122	839	516
211	129	839	507
208	129	840	496
213	138	846	501
197	132	854	494
196	138	859	490
247	138	795	491
267	142	773	476
293	139	745	481
279	144	760	470
255	146	776	459
236	152	790	459
208	145	811	466
220	150	789	468
217	154	787	461
225	158	773	444
222	157	775	437
214	151	785	428
248	145	753	443
418	142	575	438
420	135	573	435
420	137	570	443
417	137	578	446
418	140	570	442
413	136	573	443
415	131	569	442
418	141	561	424
419	138	557	419
422	130	555	424
426	129	548	414
420	133	555	432
410	138	560	433
417	132	551	441
399	135	568	448
378	143	584	439
365	138	591	447
347	145	604	450
321	144	618	441
277	151	658	450
268	150	661	448
223	144	698	454
192	151	728	447
238	153	679	427
274	139	652	466
301	137	611	466
302	134	610	465
314	127	645	476
275	123	993	470
291	122	967	486
298	118	939	489
298	115	908	492
372	116	814	490
387	111	779	491
388	106	755	508
376	115	754	494
390	112	721	502
390	118	702	502
383	116	694	505
376	127	682	494
363	127	679	499
360	135	668	486
354	140	660	479
348	141	653	470
343	147	647	458
337	149	645	449
329	153	637	419
324	156	631	418
317	158	626	429
313	161	619	428
306	166	616	439
301	172	612	440
295	175	611	441
289	181	609	440
286	187	600	439
277	188	603	438
267	192	605	424
262	191	602	434
249	198	610	426
243	203	610	433
234	209	617	420
228	213	612	431
219	219	615	421
217	221	614	410
208	216	617	417
200	227	622	398
203	229	619	398
201	228	617	399
196	224	618	408
191	225	623	403
198	226	614	407
196	225	614	401
195	226	617	400
196	216	618	397
194	218	616	402
197	216	615	398
199	218	615	395
202	215	610	397
212	204	600	407
214	205	596	393
218	203	593	399
220	194	591	406
231	200	579	391
238	187	574	414
247	183	563	412
250	185	563	409
267	186	550	406
277	183	542	413
284	183	535	408
292	182	529	403
300	181	526	413
304	179	524	407
312	174	519	420
320	172	512	414
329	171	507	426
340	170	497	422
343	171	496	423
341	164	499	427
346	166	493	424
344	158	498	429
344	158	496	430
345	155	495	436
342	150	500	437
346	146	496	440
344	144	498	441
340	145	503	439
336	141	506	447
325	146	517	446
322	141	516	460
315	139	523	467
314	150	525	468
313	145	525	487
312	145	524	500
311	152	526	508
312	144	526	533
309	143	527	535
314	140	521	555
317	135	522	556
316	136	525	566
316	136	525	565
318	135	524	566
317	136	528	568
317	136	531	571
315	137	534	566
317	136	534	571
316	136	537	565
320	138	527	569
316	137	535	567
317	134	532	569
316	133	530	575
316	133	531	564
316	131	532	563
314	135	534	564
316	128	535	574
319	127	530	570
316	127	534	560
319	122	537	559
323	123	530	550
316	117	539	546
316	116	541	531
308	111	547	528
319	113	537	515
325	108	532	515
319	109	539	505
335	100	522	514
337	109	521	496
349	107	508	493
349	102	507	493
363	106	495	489
364	107	495	485
364	110	495	476
369	109	491	487
370	108	488	480
375	109	483	477
374	114	484	476
377	117	481	470
378	116	479	473
379	116	479	471
372	119	483	466
378	113	477	469
365	117	491	469
370	112	486	470
362	107	493	476
368	112	486	474
366	100	487	486
367	107	484	483
370	93	481	490
374	97	477	491
366	96	483	493
363	89	483	498
364	92	486	503
358	89	489	497
362	91	485	503
361	91	483	501
361	80	482	521
361	83	478	510
362	87	481	510
358	86	480	514
358	90	479	506
358	86	480	513
358	84	478	509
353	84	484	509
352	86	485	511
361	83	471	511
356	85	477	511
352	88	480	513
349	91	483	505
347	93	482	505
348	97	480	499
345	95	484	504
340	94	487	506
341	105	484	499
340	94	485	502
340	104	482	497
338	108	483	490
339	109	481	493
334	123	486	477
335	118	481	484
332	118	483	483
327	116	485	484
331	105	479	498
322	110	485	495
323	110	483	491
321	106	483	498
317	102	484	499
318	110	480	489
317	108	482	493
321	106	476	494
313	105	483	501
315	100	481	500
315	112	480	486
317	110	480	488
319	105	478	495
322	104	481	496
325	102	482	495
328	93	481	506
328	89	485	503
336	110	477	483
342	98	476	493
341	110	480	481
346	100	477	492
348	101	477	490
350	101	478	490
352	100	478	489
357	98	477	491
364	91	473	499
363	110	476	481
368	109	476	486
372	107	475	488
376	105	472	491
376	92	474	503
378	103	475	488
383	93	470	501
389	87	468	507
386	81	475	510
401	89	463	501
395	84	471	512
400	87	469	509
407	84	464	513
401	85	469	506
409	88	459	506
409	87	461	510
411	81	459	517
402	85	465	511
410	86	457	511
411	83	459	516
416	83	452	512
421	76	448	521
422	77	447	518
423	75	448	516
425	70	448	524
426	70	447	525
429	61	446	528
433	58	444	527
435	52	442	530
437	36	442	541
440	30	444	546
441	14	441	554
439	16	449	554
447	7	445	557
446	0	451	562
447	0	452	560
451	0	456	559
453	0	458	548
452	0	461	548
458	0	462	542
462	0	459	540
462	0	460	540
463	0	463	539
463	0	465	537
462	0	464	541
459	0	473	536
459	0	472	539
459	0	472	538
458	0	472	538
458	0	472	541
462	0	466	543
458	0	467	543
452	0	477	554
457	0	467	554
455	0	467	562
447	0	475	573
454	0	469	571
456	0	475	580
452	0	483	572
455	0	485	575
449	0	496	577
446	0	506	580
443	0	519	586
442	0	525	587
439	0	535	593
430	0	545	599
426	0	547	605
421	0	550	609
416	0	559	622
410	0	565	629
403	0	573	637
395	1	580	647
385	0	589	642
381	0	592	653
371	4	600	658
365	4	607	663
356	8	610	667
347	23	617	661
347	25	619	664
334	30	636	668
334	39	633	663
321	50	655	657
316	67	665	647
318	77	672	631
312	90	687	620
313	105	694	602
300	123	710	590
300	131	716	584
295	147	730	565
290	159	744	557
280	168	761	548
276	180	770	538
272	192	777	525
278	197	772	522
272	202	783	517
267	214	785	505
268	212	788	507
259	220	800	499
253	223	806	493
248	228	812	484
242	227	813	484
234	234	822	485
227	234	826	475
219	236	828	475
207	237	838	477
200	237	840	477
192	248	848	464
171	245	864	469
171	252	862	466
169	263	860	449
215	256	806	454
142	274	876	444
374	249	645	459
693	273	325	433
297	430	723	274
684	298	329	406
685	299	333	402
711	294	302	403
540	354	469	328
720	291	279	400
619	327	373	344
712	291	284	383
151	480	819	185
686	303	304	354
104	485	845	182
693	294	300	359
55	500	935	154
691	296	292	351
123	474	855	170
639	303	338	336
663	291	308	343
209	424	756	208
686	271	269	355
663	271	289	346
601	293	345	320
690	258	250	357
651	273	283	334
693	258	234	346
666	268	262	335
686	262	240	336
690	260	233	347
685	260	237	338
684	261	240	334
659	267	262	322
665	263	255	321
655	266	259	317
661	265	249	310
678	259	231	313
693	254	218	308
700	250	210	302
706	247	204	303
707	245	202	301
707	243	201	304
700	241	205	304
694	240	209	300
693	238	205	298
694	237	203	295
685	233	212	293
673	229	224	298
696	235	196	280
694	230	196	276
693	230	193	266
679	225	206	266
690	227	190	261
686	226	193	257
683	226	195	257
683	226	195	253
675	225	206	253
679	222	202	248
693	224	185	247
695	221	183	248
700	225	177	242
694	222	180	242
701	220	170	242
700	220	167	238
698	218	170	239
693	216	174	240
680	214	186	235
681	210	182	231
673	208	184	231
676	202	175	232
680	201	169	231
676	199	172	231
679	199	168	231
682	197	165	230
681	197	165	230
684	196	161	230
682	197	163	229
689	196	156	231
684	199	161	229
688	200	157	229
691	201	151	227
689	202	152	222
687	204	154	217
683	206	156	215
674	208	166	214
676	210	163	211
656	211	189	208
642	218	203	202
643	219	201	204
649	220	194	197
641	219	204	205
633	220	214	206
673	221	169	195
644	215	199	209
681	216	161	208
667	215	176	212
667	212	172	204
682	212	158	206
686	212	154	193
684	212	155	172
680	212	163	185
679	211	164	177
677	215	166	169
677	214	166	169
677	214	169	170
678	217	171	169
679	218	174	177
682	218	171	192
692	220	158	190
691	220	160	193
693	223	159	192
703	222	148	192
709	224	143	193
713	224	141	192
717	225	139	194
719	226	137	189
723	230	135	188
727	231	133	181
733	236	130	174
734	238	129	169
737	241	129	163
736	243	131	162
738	243	131	160
735	245	134	156
745	243	129	155
743	244	130	155
753	243	125	154
758	242	123	155
759	242	126	157
764	242	123	156
773	243	119	153
776	244	123	152
778	245	124	153
782	245	123	152
787	244	122	153
787	245	125	157
790	245	123	155
789	245	127	156
792	246	127	157
793	246	128	155
790	246	134	157
795	244	131	158
800	245	129	157
799	246	131	152
802	248	130	149
799	248	135	151
803	247	130	153
806	247	129	156
804	247	132	163
814	245	126	157
820	245	123	156
825	244	121	155
829	245	122	152
833	246	121	149
837	247	119	145
840	247	121	147
844	248	126	146
844	248	136	145
848	251	133	140
851	251	141	134
852	253	135	131
854	253	146	129
857	254	132	134
861	253	145	138
864	255	125	136
868	256	140	144
871	258	122	131
876	256	117	135
881	256	115	134
884	257	115	133
886	257	115	134
891	257	114	134
895	259	112	133
896	259	113	131
900	258	112	133
902	260	113	130
905	260	115	129
907	261	116	127
909	260	116	127
