428	412	304	160
432	416	258	150
431	414	239	153
427	411	227	152
425	409	214	149
420	406	203	146
423	404	184	152
425	401	163	156
425	397	148	160
423	397	129	156
397	396	133	172
310	383	208	203
689	321	194	170
708	269	282	218
733	277	230	218
433	348	502	138
685	320	123	214
412	350	502	158
674	358	239	167
321	362	491	161
216	364	336	231
631	385	243	142
637	383	228	149
636	395	190	136
637	412	225	125
603	399	243	139
616	401	227	133
599	394	145	103
392	334	147	119
381	333	153	113
371	331	164	102
368	327	170	105
360	323	185	109
358	319	190	111
356	316	199	112
361	312	196	108
368	309	193	103
378	306	195	106
388	304	197	99
401	302	192	97
414	296	192	95
428	298	182	87
435	295	180	86
442	291	182	84
448	290	180	83
440	286	194	84
438	282	202	85
438	282	208	84
443	279	209	84
449	279	208	85
456	272	205	95
469	270	200	84
478	263	200	94
488	259	196	84
492	252	201	95
506	247	188	108
512	243	195	92
526	236	184	87
539	230	176	91
548	224	172	95
553	218	170	110
553	215	179	105
557	209	177	125
560	208	189	121
568	205	184	120
575	201	184	120
582	197	180	121
589	193	180	113
595	187	176	129
596	183	171	133
599	176	169	152
613	168	186	119
613	166	155	189
612	161	186	135
627	163	180	122
630	164	177	122
633	165	176	121
636	166	176	124
636	167	177	126
636	168	180	126
639	170	178	126
641	172	177	124
644	173	176	122
647	174	173	120
649	175	173	119
649	175	173	121
651	177	174	122
656	177	173	122
660	177	170	119
664	177	169	116
670	177	163	113
674	178	165	112
674	178	165	118
673	178	170	120
678	178	171	123
680	179	170	123
683	179	171	122
687	179	170	121
690	178	169	121
691	177	169	123
692	176	171	123
694	175	171	124
698	172	170	125
703	170	165	124
709	169	157	121
711	168	158	120
713	166	156	121
704	171	169	119
707	171	170	121
720	164	162	128
723	165	162	129
729	162	159	127
731	162	162	125
723	166	173	119
731	161	167	123
730	162	172	121
723	165	177	118
724	164	177	119
717	167	184	117
723	165	178	120
723	166	180	119
726	166	179	119
728	172	177	113
730	173	175	111
731	178	172	108
731	182	176	110
733	186	174	109
734	190	174	109
736	192	175	110
737	197	176	111
735	201	173	106
737	207	176	106
732	210	176	103
729	217	180	106
728	220	178	105
728	225	177	103
729	232	178	99
727	236	180	96
729	239	181	92
729	242	180	88
730	244	180	86
730	248	181	82
732	251	180	85
733	255	180	83
734	258	179	82
736	261	177	83
735	265	178	78
735	266	178	77
732	268	182	81
728	268	185	81
726	270	184	85
725	275	183	83
726	277	181	83
726	281	180	76
727	287	177	74
730	288	174	70
733	291	169	66
734	290	161	66
733	293	157	60
736	299	151	54
736	301	144	52
738	303	140	50
739	304	134	49
740	308	128	48
742	310	121	48
743	312	116	50
744	316	109	50
744	317	104	53
748	321	94	54
751	325	84	55
751	329	77	56
752	331	72	58
753	334	70	61
754	337	60	64
755	337	54	70
753	338	47	73
751	338	43	77
748	341	40	79
744	342	38	80
740	343	37	81
736	342	41	82
732	339	40	85
730	335	41	90
727	333	39	91
724	333	40	92
723	340	39	86
718	339	47	89
716	340	47	90
713	341	45	90
709	344	41	89
705	348	40	90
700	354	49	90
687	358	63	92
679	361	69	96
667	362	75	101
656	364	82	105
646	365	93	108
633	366	105	111
624	365	114	116
615	362	122	127
601	359	140	133
582	358	162	142
568	360	179	153
564	356	186	164
555	354	196	173
544	354	203	175
530	358	218	176
518	361	227	177
509	365	237	184
502	368	242	185
475	374	261	197
475	380	257	204
439	387	281	228
444	394	285	209
442	399	275	217
440	406	279	205
424	410	293	202
418	412	312	199
407	416	331	194
403	420	311	195
391	420	339	193
388	419	312	192
377	419	301	188
367	417	293	192
360	422	301	181
357	421	296	185
351	424	295	179
346	426	292	182
339	431	288	176
333	432	288	178
327	429	285	180
321	431	286	180
314	430	296	182
310	428	303	182
306	419	302	190
302	415	301	190
299	413	307	192
296	428	283	176
288	437	286	161
271	454	302	141
264	455	303	141
271	454	296	136
273	442	291	143
271	434	289	152
269	421	289	161
275	409	281	171
285	378	273	208
280	379	285	195
276	391	285	172
281	397	277	166
282	394	275	161
285	393	272	157
290	390	269	154
294	387	265	153
296	384	264	152
305	383	258	147
305	377	260	145
309	375	261	143
311	371	259	143
312	368	258	142
319	367	253	138
316	364	255	140
324	361	246	142
324	364	247	135
324	380	246	119
326	368	245	128
329	366	243	123
331	363	243	122
334	365	242	121
336	360	244	125
339	370	244	115
336	366	250	119
344	371	245	114
340	365	253	121
345	372	243	114
345	368	245	120
345	369	238	117
347	373	235	115
348	375	235	112
350	382	235	103
352	388	233	100
351	393	233	97
351	394	234	97
352	397	233	94
354	400	232	88
347	380	245	55
351	379	240	61
350	378	242	58
355	377	236	62
357	377	234	62
357	381	234	61
359	381	232	65
357	383	232	64
360	382	231	64
363	383	231	63
368	380	230	67
368	377	235	68
371	372	239	75
374	363	247	83
382	364	250	81
385	353	258	91
387	350	266	94
392	349	271	98
396	353	274	99
400	358	275	98
403	360	277	98
404	361	278	102
407	370	278	96
412	371	278	97
417	374	277	95
418	377	282	93
419	381	283	87
422	382	282	83
425	380	280	81
424	380	283	77
426	380	282	74
430	374	280	77
431	367	284	80
434	358	288	85
437	350	291	90
439	351	292	86
435	354	297	86
436	359	296	82
436	364	296	77
437	363	293	76
436	365	295	77
438	366	295	76
433	369	301	73
430	376	306	66
427	380	309	67
424	383	310	69
426	387	306	72
426	391	306	74
426	393	307	73
426	395	309	75
426	394	309	78
423	393	311	78
423	390	311	79
423	387	309	79
425	385	308	80
423	382	312	83
426	379	312	89
427	374	312	98
427	371	312	103
426	371	308	101
427	373	307	101
425	372	306	102
423	375	309	100
420	377	316	95
418	378	324	89
415	377	328	89
414	378	329	91
415	376	329	90
417	375	328	90
417	375	329	87
421	371	324	86
422	372	322	51
424	373	325	98
425	367	330	47
423	368	336	110
429	364	331	117
431	365	334	121
433	362	334	126
435	361	334	122
437	359	329	129
439	356	338	125
444	352	336	136
449	344	334	141
456	336	329	146
465	328	320	150
481	322	307	152
497	312	287	154
502	307	273	153
520	303	249	151
535	301	230	150
549	299	207	148
561	301	189	148
569	301	167	155
575	300	148	164
582	296	127	175
585	294	138	179
585	291	150	179
583	295	159	176
577	297	171	171
561	294	186	174
546	294	197	172
521	295	213	149
499	295	226	158
477	297	237	158
469	296	235	163
460	295	229	164
450	295	223	158
446	297	212	145
438	302	202	145
435	306	201	141
432	308	193	141
430	313	181	137
431	320	168	127
435	329	157	118
438	335	147	102
425	346	150	91
402	353	164	82
382	363	176	74
354	366	196	75
336	373	210	70
316	373	227	75
296	373	243	78
277	380	263	74
258	379	283	72
246	385	292	81
239	376	302	88
223	391	321	79
212	388	333	85
203	391	345	87
204	390	342	95
185	410	362	81
173	423	368	73
166	430	368	72
167	433	363	73
161	442	368	74
163	452	371	75
162	454	377	81
170	446	370	89
181	452	369	84
194	444	362	87
195	449	367	84
206	448	365	87
208	442	375	93
215	451	378	86
224	456	378	85
236	459	373	84
246	458	369	81
248	449	372	85
256	448	375	86
267	448	372	88
276	446	368	88
288	444	360	88
296	444	353	82
305	439	342	83
313	440	332	76
322	432	320	81
327	426	317	89
332	419	315	94
339	417	308	94
345	410	299	98
355	409	285	96
366	403	272	103
376	406	262	101
388	415	249	94
409	424	230	86
414	418	230	90
410	409	236	96
412	410	229	95
409	404	220	101
422	408	191	95
428	408	161	94
432	409	127	94
432	410	107	92
431	413	108	88
425	421	113	79
411	426	127	78
399	428	133	80
388	428	144	82
386	426	173	78
398	423	181	81
406	419	196	84
413	418	194	99
405	417	220	96
379	419	255	108
101	138	546	389
338	410	334	156
326	418	334	138
292	415	384	132
260	416	423	127
232	416	453	124
199	416	502	129
161	416	547	130
127	420	582	108
114	424	594	99
100	414	621	91
93	403	624	105
82	403	643	100
73	394	660	105
134	397	609	106
128	390	623	111
127	384	633	111
142	380	622	116
130	380	639	122
132	379	636	132
111	370	657	153
129	363	638	173
134	353	630	198
133	355	637	190
95	345	674	217
69	343	715	212
72	345	724	220
67	355	733	208
77	362	729	196
105	364	721	184
114	346	708	202
115	359	710	187
117	347	728	198
126	352	712	194
140	354	701	189
162	345	686	197
178	337	675	206
183	357	677	185
185	358	674	196
198	361	667	196
210	383	649	182
248	399	637	162
245	411	636	153
236	404	652	166
227	405	655	170
219	401	664	178
232	396	642	193
248	398	614	192
262	397	598	190
284	403	580	185
293	402	567	187
302	398	547	203
313	398	553	188
330	399	488	208
345	398	519	190
363	392	490	191
359	391	518	179
335	392	547	175
319	391	554	177
311	392	560	178
309	389	557	183
306	386	560	187
306	381	558	185
315	394	542	161
327	403	528	132
330	395	537	146
344	408	509	135
356	409	510	141
371	417	497	142
381	429	476	136
385	433	482	130
390	437	477	126
390	439	475	126
377	440	462	134
359	449	470	129
344	449	464	147
325	453	503	122
332	455	501	119
342	461	468	115
353	464	486	106
370	468	457	102
381	476	447	103
405	472	432	108
425	473	403	123
447	469	399	127
462	455	382	140
475	446	370	141
469	449	364	124
447	440	387	128
433	422	396	142
437	412	395	144
438	412	395	133
446	399	383	145
456	405	378	128
477	390	357	127
495	387	344	122
512	381	328	127
529	374	316	125
544	373	308	123
559	363	295	124
565	355	292	118
566	342	293	120
567	341	294	108
566	335	296	109
546	324	316	112
531	312	327	116
527	303	342	118
520	288	348	126
511	274	363	130
513	279	372	115
512	277	370	106
518	277	364	100
521	275	367	97
529	259	362	113
547	264	352	108
560	265	331	111
567	267	327	109
572	273	325	109
578	278	321	106
587	284	306	103
571	287	313	107
559	288	333	90
553	295	333	85
549	295	327	94
547	289	329	106
559	275	313	124
557	283	315	114
573	292	294	110
599	303	264	120
620	318	250	116
631	314	235	130
649	315	217	137
662	315	205	142
670	307	192	152
676	309	184	148
678	316	182	135
668	319	187	126
639	302	213	147
630	309	217	147
617	307	227	152
614	308	224	155
619	309	217	155
624	315	209	151
639	324	191	144
646	319	185	149
657	322	176	145
667	323	163	148
659	312	168	156
665	295	157	177
664	335	160	139
653	309	180	159
638	365	196	95
627	360	192	106
611	355	205	113
594	357	216	117
585	361	221	121
572	364	229	117
562	368	236	112
558	372	236	109
560	376	233	104
573	374	222	109
561	368	221	123
335	208	552	257
332	159	685	343
313	155	687	345
305	157	691	355
294	161	695	349
284	165	702	343
275	169	706	339
265	174	713	339
263	179	711	337
259	181	711	343
257	185	705	341
257	190	697	336
262	194	687	336
273	198	672	332
284	203	653	328
295	210	639	326
305	213	626	326
316	216	611	328
328	219	598	326
338	218	586	328
344	222	575	325
350	226	564	325
357	230	555	323
367	237	543	320
375	236	531	326
385	242	522	325
388	238	514	326
390	247	510	319
392	248	502	320
396	252	492	316
394	252	490	301
393	257	484	291
390	261	481	283
385	262	479	279
372	267	484	275
362	266	489	283
352	267	500	281
339	271	505	277
325	276	513	273
310	275	524	273
296	281	531	265
278	276	547	269
269	279	549	270
258	280	558	272
247	278	562	267
235	281	578	262
226	284	582	250
222	282	577	257
220	274	567	262
212	269	574	266
214	266	576	270
213	262	575	275
213	260	573	277
216	261	565	276
230	262	553	272
244	265	545	270
258	267	535	268
272	270	518	268
282	277	515	255
299	276	501	252
313	271	489	256
324	272	485	256
338	278	476	252
355	273	460	252
369	277	451	253
385	275	439	249
397	269	427	257
407	272	425	249
418	273	417	254
426	271	411	252
423	272	413	241
416	270	425	235
403	269	443	233
388	271	461	232
377	269	468	234
369	267	476	236
360	264	486	239
353	265	491	240
344	265	497	242
336	266	504	246
331	265	508	247
324	264	515	248
323	264	511	250
316	264	520	245
310	267	525	244
310	267	529	243
311	267	533	246
317	273	527	239
324	268	523	245
340	267	506	250
354	269	493	248
365	268	479	249
377	266	473	250
389	269	468	247
402	267	460	245
413	267	446	245
422	264	438	248
432	261	433	254
442	262	424	248
451	262	420	247
460	258	415	250
465	256	406	251
471	255	405	239
475	252	402	249
474	252	402	248
474	251	406	234
474	254	405	232
474	250	411	232
465	252	419	230
458	253	433	226
453	252	438	228
445	250	449	226
439	246	455	231
433	247	462	232
428	248	466	233
419	247	477	236
411	247	487	237
401	251	501	238
398	249	503	240
398	254	501	237
397	254	501	238
395	254	505	236
397	253	502	236
396	252	502	238
396	252	498	241
389	256	504	237
388	257	503	242
384	259	505	243
387	257	498	243
385	261	497	242
385	261	495	246
383	265	496	245
383	266	493	246
383	269	489	247
381	271	487	244
380	275	484	242
381	278	479	241
379	279	480	238
378	277	476	240
378	278	470	240
380	278	465	242
373	280	475	240
373	284	463	242
378	285	455	240
373	290	458	235
375	292	452	233
377	293	448	234
376	294	448	229
377	294	444	220
377	297	443	218
378	296	433	222
372	297	432	223
362	300	435	222
352	300	441	219
344	300	441	220
334	300	447	220
323	301	454	218
314	301	459	221
306	305	457	226
298	304	457	226
292	306	463	230
285	305	463	229
278	305	467	228
274	308	468	223
271	309	471	225
266	309	472	227
263	313	472	225
261	313	472	227
260	315	467	226
265	318	458	227
266	318	452	226
274	320	441	226
274	321	438	227
275	322	439	227
277	323	437	226
279	329	434	223
284	328	430	223
286	329	431	224
290	330	425	225
292	332	424	221
297	335	421	218
297	335	422	221
301	335	413	220
304	337	413	220
306	337	410	221
310	338	401	216
314	338	402	213
317	337	399	210
