581	224	138	107
580	221	136	106
584	221	134	107
583	220	136	109
583	219	138	110
583	220	138	109
582	218	141	109
583	219	140	109
584	216	140	112
582	216	143	114
583	217	143	115
581	217	144	116
579	221	146	112
578	226	146	110
578	230	141	106
576	233	142	107
568	233	145	111
567	233	146	114
565	234	148	116
562	235	143	121
559	236	137	122
561	233	145	121
557	233	137	127
560	231	145	129
556	232	135	133
557	231	142	135
554	230	140	136
557	226	147	142
553	228	133	142
553	225	140	148
554	223	160	150
554	225	131	155
551	222	148	156
552	222	128	159
552	222	130	160
553	222	124	162
551	222	123	164
552	221	121	168
551	220	120	171
551	221	118	174
552	219	119	177
550	218	115	180
551	218	113	183
550	216	115	185
549	217	114	185
549	215	115	190
546	216	115	189
546	215	116	192
544	215	118	192
544	213	119	191
544	212	115	194
542	212	119	196
540	212	123	195
541	211	117	200
536	208	124	204
537	208	122	206
537	208	116	207
536	208	115	210
531	213	119	211
519	217	127	216
520	219	126	212
523	220	125	212
516	224	131	215
506	223	141	219
507	222	141	221
510	225	136	219
504	224	141	220
507	224	139	224
511	230	131	218
509	229	135	219
512	231	128	221
517	232	125	223
509	231	131	226
509	229	136	228
511	229	134	232
513	228	132	237
521	227	126	238
520	227	128	242
521	226	128	245
524	228	130	243
526	227	131	244
528	221	130	255
526	220	134	256
525	217	137	261
526	219	137	263
529	219	134	265
529	220	136	264
531	219	137	266
534	216	135	272
536	217	135	272
536	217	135	275
539	218	133	274
538	220	136	274
540	220	133	274
542	221	135	273
540	222	136	273
540	221	137	275
543	220	137	275
542	221	138	275
541	220	140	278
541	218	142	279
540	216	143	279
540	216	145	283
537	220	148	282
537	219	149	283
536	219	151	284
537	218	152	285
535	219	156	284
535	217	158	288
536	215	158	289
534	216	160	288
535	218	162	288
534	217	164	289
535	215	165	290
533	215	166	291
533	211	167	294
533	210	168	295
531	210	169	295
531	212	170	292
531	210	170	295
531	207	169	297
530	208	171	295
530	207	172	296
529	207	174	293
530	205	175	297
525	208	182	294
526	208	182	296
524	207	185	300
523	207	186	302
522	208	188	298
521	209	189	295
522	210	189	295
519	211	191	299
520	211	193	298
519	212	194	298
519	212	197	298
518	213	197	299
516	212	199	300
516	214	201	295
511	215	205	297
512	217	202	296
509	219	202	297
507	223	206	288
507	225	204	283
507	223	204	283
507	222	203	284
505	224	205	281
508	222	202	276
507	224	202	276
510	224	199	274
513	225	197	267
510	226	202	264
512	224	199	261
516	225	197	259
517	225	198	257
517	222	199	254
521	224	197	250
523	228	194	242
525	230	194	240
526	234	194	232
527	237	193	227
528	243	193	215
528	245	193	211
528	248	194	205
531	254	190	193
533	254	190	190
531	260	191	183
529	265	191	178
532	268	189	173
530	274	196	170
533	279	199	162
532	283	204	155
530	289	206	143
529	292	210	135
529	297	217	129
529	305	222	120
528	311	227	109
528	318	230	105
529	322	231	98
534	325	224	97
532	324	226	96
531	325	225	100
530	326	224	101
530	326	221	102
526	328	224	102
521	327	224	104
520	328	222	103
519	329	217	102
519	329	211	101
518	332	206	99
519	332	201	99
519	332	197	100
519	333	197	96
520	333	193	95
520	332	188	103
525	332	184	109
522	333	182	108
522	331	183	116
522	331	177	117
520	329	177	114
521	329	175	112
521	325	173	115
517	323	176	105
520	324	174	93
518	325	176	104
517	328	175	98
516	328	174	105
515	329	173	106
516	330	169	108
512	334	170	113
508	337	171	113
505	342	173	109
506	345	175	109
504	340	175	114
501	345	182	111
495	358	181	98
493	355	189	104
482	354	199	105
479	356	201	102
471	354	209	104
465	354	209	104
465	354	216	105
464	356	220	106
463	355	220	108
466	357	222	109
464	358	227	111
464	359	231	111
463	361	228	114
464	361	232	116
467	364	230	114
466	362	233	116
467	362	230	116
467	361	231	118
470	362	228	118
471	361	224	122
471	362	225	124
472	362	216	128
472	363	217	129
473	363	218	131
475	365	218	137
475	363	219	142
477	361	217	149
481	361	209	152
482	359	209	155
482	355	222	165
482	356	215	159
487	355	212	158
486	354	213	153
486	356	210	155
486	355	206	160
486	351	201	160
488	350	204	160
488	351	201	160
487	352	200	160
487	353	197	157
486	355	199	160
486	355	199	157
486	355	197	160
486	357	198	157
487	358	195	159
489	357	193	158
491	358	191	161
493	358	189	161
493	359	188	164
492	361	188	163
