469	11	530	654
464	17	543	641
443	22	569	661
442	23	568	654
438	25	568	665
436	26	568	663
414	30	592	667
418	39	590	661
423	43	587	662
423	46	586	660
443	54	560	656
449	58	555	648
456	58	554	645
459	54	536	655
463	31	641	664
469	33	659	662
485	20	654	669
485	17	669	667
498	10	656	655
499	9	656	648
537	14	628	638
531	14	612	632
534	12	522	585
530	12	559	599
543	6	492	497
556	6	568	570
517	1	554	547
518	0	569	539
523	13	617	609
525	9	500	494
506	14	614	610
498	14	649	615
487	14	599	659
489	11	600	659
493	20	689	653
494	15	670	656
466	28	713	656
471	29	665	655
461	94	569	589
470	140	564	554
446	125	599	570
443	105	603	581
449	85	590	598
445	85	583	595
450	50	553	606
449	65	562	609
424	38	573	628
426	35	569	632
388	25	573	638
382	27	587	635
351	31	586	639
356	28	586	644
328	44	626	641
322	45	630	642
332	63	650	624
323	66	651	615
334	53	675	645
339	56	670	642
295	29	691	654
338	58	674	629
287	42	689	631
363	104	652	593
286	63	599	609
319	80	644	612
300	90	624	594
301	94	605	583
299	95	600	590
297	96	604	592
270	112	599	580
245	107	629	589
232	111	638	589
224	112	643	586
259	109	574	592
230	109	605	594
242	108	594	595
295	122	546	583
419	96	427	605
425	97	412	603
446	127	395	574
452	135	381	563
430	157	449	553
435	169	444	540
390	150	422	555
391	142	420	561
380	24	424	675
380	22	431	676
377	19	404	678
374	19	427	680
363	20	444	686
364	19	436	685
332	10	482	690
330	8	490	691
668	120	581	592
669	174	579	540
710	161	549	555
711	160	546	552
736	100	526	605
736	111	524	597
759	123	509	584
759	127	506	576
788	129	472	577
782	122	485	587
815	103	450	604
814	99	452	608
817	95	449	612
818	96	451	610
811	95	457	609
809	102	451	600
780	92	479	615
781	100	486	607
762	91	499	615
756	106	513	601
718	126	537	578
716	122	528	583
689	164	551	548
688	173	552	537
682	302	555	409
684	360	562	349
643	395	610	315
644	395	616	317
607	454	656	258
609	455	655	256
594	459	678	253
596	460	674	252
578	453	698	262
576	452	698	262
576	441	697	271
573	441	697	271
568	435	704	278
567	436	697	279
566	426	703	287
358	39	673	598
215	49	644	626
565	294	705	418
561	385	713	331
229	100	570	482
426	142	540	556
561	220	379	479
603	353	679	364
189	143	692	496
605	254	670	464
608	327	661	391
623	362	651	354
622	357	652	358
629	293	645	426
631	282	638	435
594	356	400	351
617	388	362	311
602	422	376	270
600	427	374	261
587	447	377	247
585	448	375	248
572	475	378	230
570	478	372	227
567	507	369	198
566	514	366	192
553	520	371	191
549	523	368	187
551	525	351	186
551	526	343	186
556	516	331	197
556	512	329	200
552	498	333	214
552	495	329	217
556	493	316	218
557	491	307	219
558	480	297	232
558	480	289	231
552	465	301	247
551	465	302	246
555	452	298	257
554	453	303	256
555	445	311	261
555	444	317	257
553	441	323	263
553	440	323	262
556	452	325	249
556	452	329	252
558	469	326	231
561	470	324	230
556	504	328	203
558	515	327	192
552	526	313	183
553	534	288	177
231	219	286	288
230	215	273	288
228	204	272	313
222	200	278	318
230	207	264	316
232	212	261	313
230	214	254	324
230	219	242	323
228	213	244	347
224	214	246	349
231	217	228	359
231	215	233	370
233	195	248	427
234	302	213	337
236	271	234	376
239	238	239	410
230	231	249	429
711	330	427	384
686	307	583	402
679	308	585	402
231	238	667	483
228	80	649	634
249	40	647	656
248	39	647	656
262	28	649	652
265	27	645	650
266	29	647	647
268	32	647	641
288	28	617	642
281	23	635	661
307	21	650	657
303	20	643	661
312	23	633	656
310	20	631	654
302	24	644	653
301	20	648	655
295	16	660	647
295	16	663	649
285	18	668	620
289	16	658	621
290	16	670	630
291	18	667	618
282	25	663	637
285	23	644	640
287	25	665	649
278	26	662	656
269	37	661	663
274	42	647	650
268	27	641	657
269	25	638	657
262	37	650	663
257	37	655	663
259	42	666	651
259	38	674	652
254	32	688	666
250	29	704	657
261	37	692	651
266	32	701	658
244	37	678	660
245	43	681	651
222	41	712	648
226	35	690	660
213	31	710	668
211	28	731	664
190	29	728	657
191	30	720	655
193	37	694	647
193	43	719	655
198	30	710	648
190	40	717	637
195	53	715	627
200	46	704	632
223	22	703	651
221	26	697	656
203	49	714	639
226	46	692	637
238	43	676	628
233	50	670	617
245	49	655	605
231	46	690	623
232	41	687	624
243	39	675	616
240	37	695	638
228	44	689	639
210	50	737	648
212	42	713	654
227	82	719	600
225	120	697	574
244	103	707	586
245	96	715	594
276	80	699	607
277	72	700	614
268	106	704	582
266	103	707	582
256	87	681	595
260	84	687	593
249	71	688	601
245	83	704	591
250	58	696	607
247	74	710	591
285	34	687	624
287	33	657	624
261	136	683	561
278	25	688	642
266	42	717	636
267	44	726	633
266	34	733	649
271	29	728	658
259	32	721	647
263	22	719	657
262	35	755	649
269	31	730	650
270	30	756	655
275	32	751	649
269	34	753	650
278	33	740	651
272	45	736	643
265	44	734	648
285	43	725	651
283	47	724	647
275	36	695	659
280	33	698	655
267	43	696	625
269	31	694	633
281	45	675	624
276	48	690	619
286	22	700	632
277	61	684	618
304	19	652	620
301	20	653	630
331	7	642	645
327	11	650	644
338	11	643	659
338	9	637	650
338	11	631	620
339	8	630	620
340	14	618	666
339	12	618	646
352	64	611	630
354	38	610	655
368	39	649	666
367	42	658	663
301	19	590	674
305	20	612	675
261	64	710	631
269	71	693	623
222	122	711	588
221	105	690	600
200	131	730	574
193	127	737	578
206	132	731	575
203	134	743	574
203	126	740	578
203	125	741	583
208	78	774	622
209	84	772	621
212	46	817	650
209	43	816	649
221	34	825	623
219	28	815	618
242	20	771	586
238	21	760	582
208	21	843	596
219	20	838	606
187	17	836	582
181	20	820	574
168	21	882	589
169	19	757	586
159	20	892	595
162	20	897	596
147	25	890	592
147	28	890	592
152	21	809	596
154	20	822	599
138	26	832	597
141	26	826	599
131	31	846	588
126	33	897	606
138	35	823	577
149	30	855	594
131	29	850	599
135	29	844	597
112	31	833	597
109	34	816	593
137	31	795	599
142	27	795	601
157	31	826	612
156	26	829	620
172	30	830	622
167	27	815	620
226	46	777	594
228	41	773	604
226	40	777	601
225	82	713	576
232	80	717	572
238	23	687	630
238	29	683	621
203	53	737	629
200	30	682	633
174	37	762	628
170	39	773	625
167	37	822	634
165	39	837	634
186	41	823	630
186	33	823	637
187	53	847	632
177	53	859	636
176	58	852	639
179	58	856	639
151	74	857	620
151	74	845	615
154	75	848	620
159	76	844	624
150	67	837	631
144	71	852	628
129	67	851	629
125	64	855	631
117	61	860	635
121	65	847	632
122	59	853	636
114	56	853	636
115	43	822	621
114	47	866	641
126	52	862	639
123	47	843	623
169	54	843	638
154	56	833	633
182	61	843	629
198	51	803	608
237	38	795	586
230	44	809	622
303	34	728	593
299	38	722	528
366	40	664	619
577	43	624	606
484	13	629	546
478	9	627	457
636	10	470	428
620	9	454	434
588	25	580	641
633	27	635	662
515	50	738	658
588	24	692	671
461	113	582	575
474	87	540	581
425	159	528	537
421	162	497	541
389	180	534	525
388	182	537	523
383	204	610	504
389	209	603	496
416	96	658	585
423	100	682	595
407	129	486	445
424	209	503	410
785	20	490	678
416	46	505	552
433	140	542	564
443	134	532	570
414	152	519	552
417	158	517	546
400	159	544	554
402	162	545	552
365	120	568	576
367	119	568	577
315	88	569	536
321	82	564	537
334	36	507	581
349	38	507	587
313	17	491	592
305	19	498	593
310	29	488	579
311	29	486	579
303	31	506	581
300	28	506	585
309	23	536	588
304	27	542	584
315	9	567	600
311	7	570	604
324	4	591	612
323	5	591	612
316	10	603	624
329	6	622	627
342	7	698	649
316	3	676	650
340	13	561	661
340	11	592	658
356	29	598	659
350	29	519	650
348	16	581	674
371	15	599	677
368	19	649	667
358	22	671	671
377	129	554	581
367	59	538	641
371	43	612	659
372	46	605	657
372	48	571	653
383	113	520	593
397	163	425	538
413	186	431	520
380	163	445	537
383	172	455	529
372	168	480	535
365	147	509	558
350	66	551	641
358	85	535	618
349	80	636	631
319	28	739	671
331	45	575	664
341	38	568	661
338	25	707	672
330	21	738	678
335	21	747	675
336	22	747	674
338	17	754	680
341	19	753	674
344	18	745	676
344	15	749	678
359	21	728	676
372	41	569	659
358	38	572	662
360	47	569	652
351	49	569	652
345	40	588	660
340	42	581	658
346	50	574	653
364	50	565	654
343	48	586	652
360	42	575	659
350	51	574	650
361	54	576	652
369	50	571	653
351	49	591	662
351	48	588	656
373	49	572	662
366	37	585	667
351	41	602	667
354	41	597	662
352	42	600	660
350	37	605	667
346	40	621	670
347	45	607	660
363	43	585	657
351	41	594	664
352	44	598	659
360	47	591	656
358	40	600	662
357	42	593	666
367	35	593	668
349	33	621	670
386	28	600	674
395	25	591	672
387	27	602	666
391	25	594	673
380	25	625	663
374	28	619	663
372	18	711	666
370	21	708	672
373	20	697	672
364	17	714	672
370	19	697	669
374	19	695	670
427	27	568	668
419	26	570	666
465	101	517	600
451	29	522	656
492	65	462	640
494	67	460	636
483	81	465	627
481	78	463	631
531	30	401	669
540	36	393	663
572	32	358	660
575	31	353	654
562	27	355	672
567	33	346	667
586	37	289	654
582	32	299	659
559	48	315	633
560	49	311	634
477	37	392	648
476	37	394	652
459	80	400	613
458	71	401	624
458	72	394	621
458	74	400	619
428	58	426	642
427	56	425	647
334	27	527	665
332	27	528	666
327	29	549	669
327	27	548	673
314	38	573	662
321	45	569	657
313	63	576	637
306	131	578	572
309	60	560	639
