863	379	133	93
857	362	148	105
860	368	140	99
858	366	137	101
854	365	129	101
858	363	117	101
858	360	128	104
857	361	113	102
862	370	121	95
860	374	124	92
860	361	138	101
857	365	135	98
866	368	125	95
869	374	120	90
870	375	127	89
868	372	131	93
862	371	132	94
864	367	127	98
867	377	117	90
875	382	113	88
880	387	117	85
878	382	126	89
881	389	122	85
887	391	122	84
878	395	120	83
881	394	129	82
842	380	147	98
882	379	146	112
838	363	184	131
827	333	208	161
818	324	228	168
810	316	249	176
759	341	295	171
762	326	307	185
764	319	318	187
767	308	329	197
767	304	339	193
777	296	336	203
794	286	311	216
791	275	327	221
799	267	316	226
797	252	329	240
810	243	310	249
809	232	321	257
823	227	297	262
818	219	309	264
829	213	292	268
508	545	216	174
507	547	218	173
505	549	218	171
504	550	218	170
830	323	250	168
499	544	220	176
499	543	219	178
791	317	275	178
495	545	219	176
830	313	238	179
789	313	269	186
781	308	290	184
488	555	221	164
486	563	222	159
834	328	239	170
810	333	253	178
781	331	267	179
779	327	283	179
749	317	309	209
727	309	334	226
723	309	354	230
705	326	376	209
708	334	380	199
695	336	377	209
675	330	391	214
693	343	365	196
716	351	338	192
772	358	314	160
773	359	287	147
813	370	282	150
618	325	273	151
593	314	291	161
689	307	284	169
799	349	271	162
712	333	249	142
785	372	247	129
766	357	206	133
813	392	203	128
820	392	183	132
815	378	168	136
815	391	169	121
794	381	166	122
805	378	147	124
817	392	165	122
802	374	166	131
794	369	159	128
802	374	149	127
814	380	149	123
813	387	150	118
806	387	146	115
812	393	141	110
814	387	142	116
814	404	142	102
813	414	140	92
817	406	125	97
817	418	127	87
828	414	115	90
836	423	113	82
836	420	112	85
837	423	102	82
835	423	108	85
832	416	92	88
837	436	114	78
837	434	119	80
837	435	109	78
829	422	103	86
834	431	91	79
838	432	90	81
835	437	78	70
832	436	71	72
831	432	75	73
828	428	83	78
823	425	96	84
821	432	90	78
823	432	89	78
830	437	74	71
827	433	77	73
826	426	73	77
829	431	73	75
826	427	77	77
828	430	79	76
826	431	79	75
826	424	82	79
826	424	84	79
827	424	82	79
822	420	84	81
824	412	80	86
826	418	86	79
826	419	94	76
829	412	92	82
831	411	97	82
826	408	99	86
825	407	100	85
821	408	107	86
825	406	109	90
824	396	110	99
824	412	112	87
823	408	121	90
827	414	114	84
827	406	117	89
831	414	116	84
826	412	116	85
830	411	115	87
831	406	113	94
841	421	105	79
841	416	111	85
841	417	108	82
842	421	111	81
843	419	112	82
844	415	108	86
848	409	106	87
849	405	108	88
849	398	99	92
855	397	109	92
855	388	114	97
859	382	90	97
863	379	84	94
865	375	85	97
868	371	85	99
869	363	105	102
868	361	110	107
871	357	106	108
873	357	94	106
871	357	103	109
868	354	98	108
869	350	89	109
874	351	82	105
872	350	91	111
869	349	95	113
866	348	93	115
868	350	81	113
866	349	79	114
866	350	74	112
864	349	74	114
860	350	80	114
856	351	79	116
855	350	79	118
853	350	80	116
847	351	87	119
841	351	90	121
843	355	84	120
844	357	78	120
841	361	81	121
840	363	80	120
837	367	81	120
837	368	83	124
836	366	78	121
836	366	81	124
833	363	81	126
832	359	82	129
831	355	80	129
829	356	81	131
829	355	82	131
829	355	83	133
829	352	83	135
829	352	84	137
829	349	85	140
827	346	93	145
828	345	85	142
831	340	81	141
827	338	83	143
826	338	84	145
824	333	92	152
821	332	94	152
818	328	98	154
818	325	95	155
811	327	118	163
808	327	98	154
808	326	108	163
808	324	104	168
806	325	108	168
806	323	91	166
806	327	93	168
804	324	90	157
800	325	87	157
802	326	87	173
797	326	91	170
792	322	110	192
800	317	114	195
793	315	127	200
793	312	127	207
792	309	127	207
790	309	130	210
788	308	135	215
777	307	142	212
785	308	133	215
782	304	145	221
785	306	139	219
786	303	137	224
785	302	137	225
788	302	137	226
787	300	137	225
786	299	134	226
788	298	137	228
784	295	137	230
787	300	129	231
781	303	133	227
778	295	138	242
773	295	129	236
777	290	128	244
779	295	134	242
780	292	123	238
777	288	127	246
766	284	137	247
772	278	134	251
763	268	143	260
774	262	127	257
776	262	130	255
782	253	122	257
781	257	131	250
777	252	133	255
774	246	139	266
773	244	148	273
771	239	147	275
773	236	136	277
771	249	157	261
767	246	153	271
764	240	151	281
744	294	186	231
758	395	184	136
797	416	122	103
798	414	116	100
797	409	125	103
796	409	121	102
799	407	122	101
798	407	121	101
796	406	116	98
798	407	115	99
796	406	111	99
794	406	115	103
795	410	109	98
791	409	105	96
796	414	109	95
788	411	106	99
790	418	112	99
784	418	112	96
784	418	118	96
782	416	120	100
784	415	101	97
780	413	111	100
780	412	96	100
780	412	91	97
780	411	85	97
782	412	79	98
780	414	81	94
778	415	78	96
778	416	88	98
776	420	87	104
774	415	87	109
773	424	97	108
773	424	94	105
773	421	96	108
773	418	97	111
772	416	99	115
773	418	110	107
769	412	106	108
770	408	115	113
769	406	105	110
769	400	109	116
766	397	109	115
763	398	127	121
765	392	107	112
764	391	113	119
760	391	109	110
758	391	106	110
759	392	99	108
757	389	99	108
755	387	89	105
754	386	105	113
751	386	113	115
749	382	109	117
751	381	110	123
749	377	95	124
748	375	104	129
750	370	104	129
749	368	108	134
749	369	97	127
743	369	95	131
741	372	92	128
740	372	89	131
737	375	90	132
739	379	88	135
736	384	88	137
734	385	90	135
733	387	85	139
732	388	84	143
731	387	70	137
731	384	65	134
729	383	67	145
725	379	71	147
726	376	69	151
724	373	70	153
724	372	69	153
720	372	72	157
718	374	72	152
715	374	74	152
714	374	74	155
716	375	75	156
714	373	76	156
715	372	77	160
717	366	74	154
716	365	73	162
714	366	77	167
709	363	81	167
712	358	74	170
708	353	79	174
701	352	85	178
699	345	88	177
696	345	90	184
695	339	92	185
690	360	93	170
689	339	95	183
689	340	95	180
687	343	98	184
688	337	96	182
686	336	98	184
689	329	94	191
689	324	98	189
688	322	97	194
689	314	98	201
686	314	100	203
685	316	101	206
684	314	104	209
685	308	101	215
682	310	103	214
684	310	101	214
676	330	112	210
677	371	106	200
679	322	104	216
674	343	105	200
680	297	104	222
680	292	102	226
681	285	102	232
680	279	103	233
675	275	108	237
673	268	114	243
677	255	108	248
669	252	122	252
670	252	120	257
669	251	122	257
668	250	120	257
674	248	116	255
675	242	117	260
672	243	124	259
670	244	123	261
674	242	121	262
667	240	130	264
652	292	134	214
654	398	126	126
668	402	93	120
677	398	71	100
682	399	65	97
683	399	64	98
679	402	65	97
682	405	63	97
682	406	65	103
682	406	65	100
680	405	66	104
682	407	63	99
683	404	61	102
682	405	64	101
681	399	65	106
681	396	68	108
679	392	73	110
681	390	67	107
681	387	68	98
679	386	69	100
680	387	69	98
680	388	68	94
683	394	63	90
681	394	65	92
682	393	65	92
681	394	65	92
681	394	67	92
682	392	65	94
682	390	67	97
682	389	67	98
682	385	66	100
682	382	65	100
678	377	69	107
677	370	68	108
674	365	69	111
673	362	70	111
672	361	70	114
671	362	71	112
666	359	75	117
664	358	79	121
664	356	79	124
665	355	77	123
663	352	81	124
663	349	82	123
662	347	81	124
663	341	84	130
662	340	83	127
663	335	82	132
661	328	85	139
660	325	86	139
660	321	85	142
661	321	85	142
658	319	84	147
660	317	84	148
662	316	86	154
665	317	84	152
666	316	87	155
666	316	86	157
666	313	87	159
670	309	83	161
672	305	82	166
671	303	79	166
673	295	78	161
675	287	77	164
673	283	77	168
672	276	80	169
672	274	80	167
670	268	81	172
669	264	81	172
666	264	85	172
666	255	85	181
667	254	82	181
666	249	76	178
666	246	80	184
666	242	80	186
667	236	81	194
668	232	82	197
666	228	88	200
667	220	87	205
665	220	89	202
661	211	92	204
663	211	91	205
663	208	93	208
662	205	95	210
662	204	95	213
663	201	95	213
662	200	97	216
664	199	95	215
665	200	92	221
664	200	97	222
667	202	94	226
667	202	95	226
669	201	89	225
669	198	92	231
670	195	91	231
667	189	94	234
671	188	90	236
664	180	99	247
666	178	95	246
660	175	102	250
660	173	103	253
657	173	108	252
655	172	110	256
656	171	110	258
653	172	114	257
651	172	116	262
651	168	116	261
652	163	116	268
651	168	123	251
652	165	124	254
647	160	131	256
638	153	137	263
644	147	135	264
645	144	134	267
650	139	131	267
617	135	166	267
631	125	153	278
649	127	130	276
641	132	136	270
643	138	134	267
643	136	128	267
641	132	131	271
621	141	154	269
624	131	151	278
633	135	145	271
611	159	171	262
601	140	184	280
612	138	168	281
627	139	151	276
605	142	175	278
609	143	167	274
610	172	165	245
588	176	187	250
593	174	176	245
592	175	177	249
590	175	179	254
594	166	168	253
589	139	171	276
586	146	173	273
573	177	195	247
589	171	171	248
577	155	179	257
562	142	197	276
553	153	199	267
546	168	202	253
556	242	188	184
611	294	118	139
618	291	96	136
619	288	99	141
620	289	97	141
619	286	103	152
619	288	99	151
618	290	103	154
618	294	108	157
620	291	106	156
621	291	106	156
620	291	107	154
619	293	110	153
618	289	108	150
618	283	107	154
619	280	103	150
618	277	105	146
616	270	105	145
614	266	107	148
610	263	109	146
609	260	108	145
606	259	107	136
603	255	106	138
598	256	105	140
596	252	103	142
590	251	103	145
590	251	95	142
589	250	89	146
584	247	88	149
582	244	90	153
580	243	91	155
576	240	95	160
576	238	94	162
580	232	87	166
578	229	86	169
578	223	83	171
576	219	86	175
577	218	87	178
577	217	90	180
576	217	92	183
578	217	92	187
576	221	96	187
580	224	94	190
578	226	98	192
580	225	98	195
579	225	100	196
583	225	97	197
582	224	98	196
581	221	97	198
580	217	97	200
579	212	101	207
579	210	100	208
577	209	106	210
577	209	103	211
573	209	100	210
571	213	103	212
573	213	102	214
566	215	114	222
518	227	168	221
514	210	172	235
508	209	216	242
505	206	222	240
519	308	178	149
529	308	155	144
528	306	155	145
527	307	154	144
527	304	157	148
525	308	156	145
524	305	155	148
524	304	159	152
521	301	159	157
516	298	162	159
512	298	166	162
512	296	166	163
514	295	175	165
515	295	160	163
516	293	149	164
511	289	164	170
512	287	144	172
511	286	165	174
511	286	147	174
509	286	165	177
508	284	153	182
508	276	164	199
506	277	159	199
503	276	161	200
503	276	164	201
503	273	164	205
498	270	174	211
500	265	172	216
498	260	179	220
