1006	293	103	69
1033	288	88	66
1051	283	90	64
1071	273	87	67
1088	266	89	68
1108	259	85	68
1122	252	85	70
1139	246	83	70
1151	240	86	69
1172	232	82	69
1187	227	81	70
1199	219	82	73
1211	211	82	74
1224	202	80	77
1150	187	294	116
1205	206	396	142
1217	211	301	128
1228	218	173	102
1195	218	133	87
1114	223	213	71
1023	216	314	76
932	205	416	90
933	192	133	73
877	178	130	74
825	169	136	77
768	161	124	73
695	147	123	75
416	125	888	149
434	128	882	137
359	122	754	105
668	132	142	74
560	116	132	73
467	104	144	71
388	89	134	94
332	97	120	100
292	114	103	99
265	132	92	100
241	149	88	101
220	164	88	104
211	183	76	102
208	199	47	101
203	235	40	82
200	240	50	93
196	251	60	96
196	267	67	92
198	277	71	94
202	285	76	92
205	286	82	95
207	288	88	98
209	288	94	100
223	289	102	101
220	290	135	95
228	292	153	92
242	292	166	88
272	290	162	87
310	292	160	87
339	296	165	87
375	300	156	85
420	306	143	88
427	300	216	122
487	321	146	93
517	330	143	94
544	339	144	93
574	347	141	94
612	357	136	95
638	367	145	98
665	378	148	101
690	388	157	101
719	393	154	100
769	406	137	97
808	413	132	100
832	416	141	105
861	424	145	108
889	432	147	111
919	443	142	112
948	454	141	112
975	465	140	114
998	474	144	115
1016	487	151	114
1043	496	149	113
1066	501	154	112
1090	504	153	118
1123	515	139	124
1163	527	117	128
1195	538	100	135
1219	550	93	139
1238	561	85	144
1266	576	62	145
1275	597	61	137
1281	609	64	140
1286	617	68	149
1291	624	72	163
1299	636	77	170
