31	674	48	26
31	675	59	24
45	676	50	26
47	679	56	26
51	682	59	22
53	681	62	24
62	679	59	25
75	682	53	23
78	680	55	25
76	680	61	24
83	677	59	25
89	672	56	25
95	670	50	24
96	668	52	22
100	662	53	25
105	654	52	25
105	649	53	25
109	643	51	27
110	637	52	26
113	630	50	26
111	622	56	27
114	613	55	27
120	606	51	28
126	598	49	27
127	589	48	26
130	579	47	28
131	572	49	26
134	564	49	27
140	557	46	27
144	546	48	30
144	536	55	30
156	529	46	30
161	524	47	28
166	515	45	28
175	509	46	32
180	503	46	30
189	495	43	32
196	492	44	29
205	482	43	32
212	478	44	30
221	471	43	32
226	467	46	32
237	463	43	32
253	461	36	29
257	454	42	32
270	449	40	33
279	445	41	33
287	440	45	34
300	439	38	32
308	433	40	34
319	430	39	33
330	429	38	33
336	422	41	35
349	420	35	32
358	415	38	35
369	413	37	36
381	412	35	33
386	407	39	35
397	404	35	35
407	399	36	36
415	399	34	31
428	398	34	31
431	392	38	37
441	389	37	38
448	391	35	33
456	387	36	35
464	386	34	36
471	385	36	37
477	385	34	36
483	383	33	34
490	382	34	35
497	382	34	35
503	381	34	35
509	376	33	37
512	375	36	38
517	374	35	36
524	372	32	35
527	368	34	37
530	366	34	34
537	365	31	33
540	360	32	36
542	356	33	36
545	352	34	37
550	350	32	36
552	349	31	35
557	349	28	32
556	345	30	35
557	339	29	35
557	335	31	38
559	334	30	36
558	331	30	38
558	330	30	35
558	327	30	38
557	327	32	36
557	324	31	39
557	324	31	38
557	323	30	37
557	323	30	36
554	320	32	40
555	319	29	41
556	319	29	41
554	320	29	40
554	320	29	40
554	320	30	40
554	319	30	41
554	318	30	41
556	321	29	39
556	320	29	41
558	321	30	41
558	322	31	40
560	322	30	40
562	321	30	43
566	326	27	39
567	326	29	39
568	326	30	39
569	327	30	40
572	327	29	41
573	329	29	39
575	329	30	41
579	329	29	40
579	329	29	43
582	333	28	39
585	334	27	39
585	333	27	41
585	333	29	43
588	335	27	41
588	336	26	40
589	336	25	41
589	336	25	43
589	336	26	43
590	338	25	41
589	339	25	42
589	341	24	40
588	343	24	40
587	344	24	41
585	342	24	43
584	346	26	42
584	349	24	39
583	349	25	40
582	351	24	39
578	352	27	39
579	355	25	37
579	359	24	34
578	361	24	33
577	365	23	29
577	366	23	30
577	368	22	31
577	372	22	28
576	373	24	26
575	376	23	25
576	378	21	24
577	379	19	24
577	382	19	21
577	383	18	20
579	386	17	18
578	387	17	19
580	389	12	16
579	392	16	15
580	394	15	13
580	394	14	13
580	397	14	11
580	397	14	10
578	398	18	9
578	398	18	9
583	396	8	25
577	404	19	10
577	404	19	10
577	404	19	10
577	404	19	10
577	404	19	10
577	404	19	10
577	404	19	10
611	404	24	21
611	400	28	33
597	388	74	60
609	403	20	16
609	402	17	19
602	403	23	15
602	404	18	19
592	405	24	20
593	404	20	21
589	406	20	19
578	407	30	21
583	405	21	20
577	406	25	20
573	406	25	21
569	406	27	21
568	406	25	21
565	405	25	21
563	404	24	19
559	403	24	21
547	402	34	23
547	402	30	22
541	402	33	24
541	400	27	24
535	400	30	23
531	400	29	22
529	400	28	22
524	399	29	22
521	399	27	22
517	399	27	22
512	399	27	21
509	399	26	22
498	400	33	24
496	400	30	23
493	400	28	23
486	400	32	25
482	401	31	23
478	401	30	23
469	402	36	24
467	402	33	24
462	402	35	24
458	402	34	25
455	403	33	23
448	404	35	24
446	404	34	25
441	406	34	24
439	407	33	23
434	407	33	23
431	407	33	24
428	407	31	24
421	407	36	25
416	408	37	25
410	409	40	25
409	409	38	25
406	410	38	25
403	410	39	26
398	411	41	26
398	411	36	26
394	411	38	26
390	412	39	26
386	412	40	27
385	411	39	26
381	412	40	27
381	411	37	27
376	412	41	27
375	411	39	27
370	412	41	27
369	411	38	28
365	411	41	27
361	411	41	28
360	410	40	28
356	410	42	27
354	410	41	28
353	409	41	27
351	409	39	28
347	408	42	28
342	408	44	28
338	407	45	28
337	406	44	28
334	407	44	28
330	406	47	27
329	405	43	27
325	404	44	29
324	403	43	29
320	402	45	29
317	402	43	28
314	402	44	29
311	401	45	29
305	401	47	28
303	400	47	29
300	400	46	29
296	399	46	28
292	399	46	28
290	400	45	27
286	399	45	27
283	399	45	27
278	399	45	26
276	398	45	27
273	396	45	28
269	395	45	28
263	395	47	28
260	392	46	28
256	393	48	26
253	391	47	27
247	389	50	26
245	387	48	28
243	385	47	28
241	384	45	27
237	382	46	27
235	379	45	28
231	378	46	28
226	376	48	28
223	373	47	28
220	371	46	28
217	369	46	28
210	367	48	29
207	365	47	29
202	363	48	29
198	361	49	29
193	360	51	28
193	356	45	30
186	354	48	30
180	353	50	30
173	351	55	30
171	350	51	29
170	348	47	30
162	348	52	29
157	343	52	33
148	343	57	32
144	343	57	32
138	341	60	32
141	339	50	32
130	339	57	32
128	338	55	31
122	338	58	31
115	336	60	31
112	335	57	31
111	335	52	32
106	333	53	32
98	332	55	33
96	330	53	34
93	330	51	33
87	328	53	33
81	327	53	34
73	326	57	34
63	325	63	34
63	324	56	36
60	324	54	34
48	323	62	34
43	323	63	34
43	322	57	35
35	321	59	34
31	321	58	34
24	320	60	35
18	320	61	33
13	319	59	33
2	318	64	34
0	315	60	36
-1	314	55	37
-2	313	49	36
-1	312	41	36
-2	309	35	36
-1	308	28	37
-1	305	20	37
-1	304	14	35
0	307	7	30
0	355	25	12
0	357	20	10
-8	352	38	21
-8	352	38	21
77	335	23	9
70	330	37	20
70	330	37	20
70	330	37	20
70	330	37	20
70	330	37	20
70	330	37	20
74	321	23	11
68	317	35	19
68	317	35	19
60	314	33	17
60	314	33	18
61	313	24	8
51	309	39	12
46	306	36	15
47	303	36	15
47	302	37	15
47	300	37	17
45	296	37	18
45	294	36	18
45	291	37	19
40	290	41	20
29	286	48	24
30	285	49	21
30	282	45	22
25	278	50	21
28	275	47	20
30	274	45	18
27	270	49	21
27	266	43	28
23	266	45	21
23	262	43	25
26	258	40	25
22	255	44	26
13	253	52	25
11	252	52	26
10	251	49	24
13	247	49	25
10	245	49	28
10	242	50	28
14	239	46	23
12	238	46	26
12	237	46	24
11	237	46	25
13	234	40	22
12	233	46	23
13	231	42	23
11	228	45	25
14	224	40	23
12	223	41	24
13	220	40	26
6	219	47	25
8	216	44	25
7	213	42	26
7	210	42	24
7	206	42	24
3	206	47	21
3	200	47	24
0	196	49	25
-1	193	50	25
-2	190	51	25
-2	186	52	23
-2	181	40	25
-2	176	41	26
-2	174	40	26
-2	168	38	25
-2	165	36	25
-2	162	35	26
-2	158	35	25
-2	157	31	23
-2	152	29	24
-3	149	29	24
-2	146	24	22
-1	142	23	22
-1	142	22	19
-1	137	21	20
-1	134	19	22
-1	133	18	19
-1	128	16	19
-1	126	17	20
-1	125	17	17
-1	119	16	20
-1	118	16	21
-1	116	15	15
-1	110	17	17
0	109	13	15
-1	106	11	13
0	104	11	13
-5	105	20	10
-5	105	20	10
-5	105	20	10
-5	105	20	10
-5	105	20	10
-5	105	20	10
-5	105	20	10
-5	105	20	10
-5	105	20	10
-5	105	20	10
-5	105	20	10
-5	105	20	10
-5	105	20	10
-5	105	20	10
-5	105	20	10
-5	105	20	10
-5	105	20	10
-5	105	20	10
-5	105	20	10
-5	105	20	10
-5	105	20	10
-5	105	20	10
-5	105	20	10
-5	105	20	10
-5	105	20	10
-5	105	20	10
-5	105	20	10
-5	105	20	10
-5	105	20	10
-5	105	20	10
-5	105	20	10
-5	105	20	10
-5	105	20	10
-5	105	20	10
-5	105	20	10
-5	105	20	10
-5	105	20	10
-5	105	20	10
-5	105	20	10
-5	105	20	10
-5	105	20	10
-5	105	20	10
-5	105	20	10
-5	105	20	10
-5	105	20	10
-5	105	20	10
-5	105	20	10
-5	105	20	10
-5	105	20	10
-5	105	20	10
-5	105	20	10
-5	105	20	10
-5	105	20	10
-5	105	20	10
-5	105	20	10
-5	105	20	10
-5	105	20	10
-5	105	20	10
-5	105	20	10
-5	105	20	10
-5	105	20	10
-5	105	20	10
-5	105	20	10
-5	105	20	10
-5	105	20	10
-5	105	20	10
-5	105	20	10
-5	105	20	10
-5	105	20	10
-5	105	20	10
-5	105	20	10
-5	105	20	10
-5	105	20	10
-5	105	20	10
-5	105	20	10
-5	105	20	10
-5	105	20	10
-5	105	20	10
-5	105	20	10
-5	105	20	10
-5	105	20	10
-5	105	20	10
-5	105	20	10
-5	105	20	10
-5	105	20	10
-5	105	20	10
-5	105	20	10
-5	105	20	10
-5	105	20	10
-5	105	20	10
-5	105	20	10
-5	105	20	10
-5	105	20	10
-5	105	20	10
-5	105	20	10
-5	105	20	10
-5	105	20	10
-5	105	20	10
-5	105	20	10
-5	105	20	10
-5	105	20	10
-5	105	20	10
-5	105	20	10
-5	105	20	10
-5	105	20	10
-5	105	20	10
-5	105	20	10
-5	105	20	10
-5	105	20	10
-5	105	20	10
-5	105	20	10
-5	105	20	10
-5	105	20	10
-5	105	20	10
-5	105	20	10
-5	105	20	10
-5	105	20	10
-5	105	20	10
-5	105	20	10
-5	105	20	10
-5	105	20	10
-5	105	20	10
-5	105	20	10
-5	105	20	10
-5	105	20	10
-5	105	20	10
-5	105	20	10
-5	105	20	10
-5	105	20	10
-5	105	20	10
-5	105	20	10
-5	105	20	10
-5	105	20	10
-5	105	20	10
-5	105	20	10
-5	105	20	10
-5	105	20	10
-5	105	20	10
-5	105	20	10
-5	105	20	10
-5	105	20	10
-5	105	20	10
-5	105	20	10
-5	105	20	10
-5	105	20	10
-5	105	20	10
-5	105	20	10
-5	105	20	10
-5	105	20	10
-5	105	20	10
-5	105	20	10
-5	105	20	10
-5	105	20	10
-5	105	20	10
-5	105	20	10
-5	105	20	10
-5	105	20	10
-5	105	20	10
-5	105	20	10
-5	105	20	10
-5	105	20	10
-5	105	20	10
-5	105	20	10
-5	105	20	10
-5	105	20	10
-5	105	20	10
-5	105	20	10
-5	105	20	10
-5	105	20	10
-5	105	20	10
-5	105	20	10
-5	105	20	10
-5	105	20	10
-5	105	20	10
-5	105	20	10
-5	105	20	10
-5	105	20	10
-5	105	20	10
-5	105	20	10
-5	105	20	10
-5	105	20	10
-5	105	20	10
-5	105	20	10
-5	105	20	10
-5	105	20	10
-5	105	20	10
-5	105	20	10
-5	105	20	10
-5	105	20	10
-5	105	20	10
-5	105	20	10
-5	105	20	10
-5	105	20	10
-5	105	20	10
-5	105	20	10
-5	105	20	10
-5	105	20	10
-5	105	20	10
-5	105	20	10
-5	105	20	10
-5	105	20	10
-5	105	20	10
-5	105	20	10
-5	105	20	10
-5	105	20	10
-5	105	20	10
-5	105	20	10
-5	105	20	10
-5	105	20	10
-5	105	20	10
-5	105	20	10
-5	105	20	10
-5	105	20	10
-5	105	20	10
-5	105	20	10
-5	105	20	10
-5	105	20	10
-5	105	20	10
-5	105	20	10
-5	105	20	10
-5	105	20	10
-5	105	20	10
-5	105	20	10
-5	105	20	10
-5	105	20	10
-5	105	20	10
-5	105	20	10
-5	105	20	10
-5	105	20	10
-5	105	20	10
-5	105	20	10
-5	105	20	10
-5	105	20	10
-5	105	20	10
-5	105	20	10
-5	105	20	10
-5	105	20	10
-5	105	20	10
-5	105	20	10
-5	105	20	10
-5	105	20	10
-5	105	20	10
-5	105	20	10
-5	105	20	10
-5	105	20	10
-5	105	20	10
-5	105	20	10
-5	105	20	10
-5	105	20	10
-5	105	20	10
-5	105	20	10
-5	105	20	10
-5	105	20	10
