1382	16	42	25
1381	19	43	24
1380	22	43	23
1377	23	44	24
1377	27	43	21
1376	30	43	21
1376	32	42	21
1376	34	41	21
1373	36	43	23
1372	39	43	23
1371	41	42	22
1368	45	43	22
1367	47	41	21
1366	49	39	22
1367	53	37	22
1367	57	35	21
1366	58	33	22
1366	61	28	21
1365	64	26	21
1423	38	17	21
1418	41	19	20
1416	43	20	20
1413	46	20	19
1408	47	22	21
1406	50	22	20
1404	53	22	21
1401	55	23	21
1398	57	23	20
1394	60	23	20
1392	64	23	20
1390	65	23	20
1387	68	24	20
1384	70	24	20
1380	73	25	20
1378	76	25	19
1375	79	25	18
1374	80	23	19
1371	84	24	18
1368	87	23	19
1366	90	23	17
1364	93	23	18
1361	95	24	17
1360	98	23	18
1358	101	19	18
1354	104	21	19
1352	107	22	18
1350	110	22	17
1349	112	20	19
1346	115	21	20
1344	119	21	19
1343	122	20	19
1342	126	17	18
1342	128	15	17
1338	131	17	20
1336	134	17	20
1334	137	17	20
1332	139	17	20
1331	143	16	20
1328	147	16	20
1327	150	16	20
1325	154	14	19
1323	156	16	20
1322	159	14	18
1319	162	16	21
1318	166	16	20
1316	168	15	20
1314	175	14	17
1313	174	16	20
1312	176	16	21
1311	180	16	20
1309	182	16	20
1308	185	15	21
1307	189	15	21
1306	190	15	21
1306	193	15	21
1305	195	15	23
1305	197	15	22
1304	199	16	23
1304	202	16	22
1303	206	15	20
1304	207	15	21
1304	209	15	21
1305	211	15	21
1305	212	14	23
1306	215	15	21
1307	215	16	23
1309	218	16	22
1311	219	15	21
1312	222	15	20
1313	223	14	20
1315	224	16	22
1317	223	15	22
1318	223	16	25
1320	226	16	23
1322	225	16	24
1324	228	16	23
1326	229	16	22
1328	230	15	21
1330	231	16	22
1333	231	16	23
1335	233	16	21
1338	233	15	19
1340	233	16	20
1342	233	16	21
1345	234	16	19
1347	234	16	20
1350	234	16	21
1353	234	17	21
1354	234	18	21
1358	235	16	21
1360	234	16	22
1362	234	17	22
1364	235	18	21
1366	234	17	22
1368	234	18	22
1371	233	17	22
1374	232	16	23
1377	233	16	22
1379	231	17	25
1382	231	17	25
1384	230	17	26
1387	230	17	25
1390	230	17	25
1392	229	17	26
1395	229	18	26
1399	227	17	28
1402	227	18	27
1405	226	18	28
1408	225	18	29
1412	224	17	27
1414	223	18	27
1417	223	18	27
1421	220	17	27
1425	220	19	27
1428	218	19	27
1432	215	19	28
1437	213	19	28
1440	211	18	30
1443	210	18	29
1447	210	19	28
1450	208	19	28
1454	207	18	28
1456	207	21	29
1461	204	21	30
1464	202	22	30
1468	202	20	30
1471	201	18	29
1475	199	19	31
1477	198	22	30
1480	195	23	30
1484	194	20	30
1487	194	21	29
1490	193	21	29
1494	191	21	30
1496	191	21	29
1499	190	21	29
1502	189	21	28
1504	188	22	29
1506	187	21	28
1508	186	21	28
1511	185	21	28
1513	185	22	26
1514	186	21	22
1516	186	21	23
1518	185	22	24
1520	184	21	23
1522	183	22	24
1523	185	22	22
1524	186	22	22
1525	186	22	22
1526	186	22	22
1528	187	21	22
1528	187	22	23
1529	189	21	23
1529	187	21	25
1530	190	22	23
1532	191	21	22
1532	192	21	22
1534	193	20	22
1535	192	21	24
1536	195	21	22
1536	194	22	24
1536	194	21	24
1538	193	23	26
1538	196	22	24
1538	195	23	26
1540	194	24	27
1541	192	25	29
1542	194	25	27
1542	193	25	29
1543	193	24	29
1544	193	24	29
1545	193	23	29
1545	192	25	30
1546	193	25	31
1547	192	26	31
1549	193	26	31
1551	192	25	31
1551	194	25	30
1552	193	26	31
1553	193	26	31
1554	194	26	31
1556	194	26	30
1556	195	27	30
1559	195	26	30
1560	194	26	31
1561	194	26	31
1563	196	26	30
1564	195	26	30
1567	197	25	28
1568	196	26	30
1570	197	27	30
1572	195	27	30
1573	195	26	29
1575	197	27	28
1577	196	28	29
1578	197	28	30
1579	198	28	30
1581	199	28	28
1583	199	29	28
1585	200	28	28
1586	202	29	26
1588	201	28	27
1589	201	30	28
1591	203	29	27
1592	205	30	26
1593	207	29	26
1594	207	29	27
1596	207	30	27
1595	208	31	28
1595	208	34	30
1599	209	31	30
1601	207	30	32
1601	208	32	33
1602	208	33	35
1604	207	33	37
1605	209	34	37
1605	210	35	38
1607	211	35	39
1609	214	36	37
1611	215	34	38
1614	216	33	39
1615	218	34	38
1617	220	36	38
1617	223	38	37
1619	223	37	39
1621	224	37	41
1623	225	37	42
1626	226	36	42
1629	230	35	40
1631	230	35	42
1633	233	36	41
1634	235	37	41
1635	235	35	43
1639	237	35	42
1641	239	34	40
1642	241	34	42
1642	243	34	42
1644	243	34	43
1644	244	34	45
1646	245	32	46
1647	250	34	43
1650	254	31	42
1649	257	33	41
1650	257	34	43
1651	258	34	44
1653	259	33	46
1654	261	34	46
1655	263	34	47
1654	266	36	47
1657	266	36	47
1658	265	37	50
1660	265	38	51
1664	265	37	52
1664	269	39	51
1666	272	41	49
1668	271	42	52
1669	271	42	52
1674	271	43	53
1676	273	46	52
1678	272	47	53
1680	275	48	51
1683	274	50	52
1685	275	51	52
1687	273	53	53
1691	274	52	52
1695	272	53	54
1697	273	55	56
1700	271	56	56
1702	272	57	56
1706	271	57	57
1710	272	57	57
1713	271	58	59
1718	271	57	59
1721	272	58	59
1726	273	58	59
1729	272	57	60
1734	272	57	62
1738	273	56	61
1741	273	54	64
1744	273	57	63
1746	273	55	66
1751	274	56	66
1752	275	55	66
1756	275	54	68
1761	279	53	65
1764	279	55	67
1767	279	53	68
1771	284	52	65
1774	283	51	67
1775	284	52	68
1778	288	52	65
1780	288	51	67
1781	291	52	68
1786	293	51	67
1787	294	52	67
1789	296	50	68
1791	301	50	65
1793	303	48	66
1795	305	49	67
1795	304	52	68
1797	307	52	67
1799	309	53	66
1803	315	51	62
1803	318	51	62
1806	321	50	61
1807	323	52	60
1809	327	51	59
1812	331	53	58
1813	333	52	57
1816	337	52	55
1819	337	51	57
1820	340	52	54
1824	344	52	53
1827	345	53	53
1831	347	54	51
1833	348	54	50
1838	351	53	50
1839	352	55	51
1847	355	53	50
1847	355	53	50
1851	358	53	50
1855	362	51	46
1860	364	52	45
1865	366	52	43
1868	367	52	45
1871	369	51	45
1877	372	46	41
1881	372	41	42
1885	374	37	41
1890	377	30	39
1895	380	25	37
1899	382	21	36
1903	387	16	33
1907	390	12	30
1910	396	10	25
1912	398	7	18
1912	398	7	18
1912	398	7	18
1912	398	7	18
1912	398	7	18
1912	398	7	18
1912	398	7	18
1912	398	7	18
1912	398	7	18
1912	398	7	18
1912	398	7	18
1912	398	7	18
1912	398	7	18
1912	398	7	18
1912	398	7	18
1912	398	7	18
1912	398	7	18
1912	398	7	18
1912	398	7	18
1912	398	7	18
1912	398	7	18
1912	398	7	18
1912	398	7	18
1912	398	7	18
1912	398	7	18
1912	398	7	18
1912	398	7	18
1912	398	7	18
1912	398	7	18
1912	398	7	18
1912	398	7	18
1912	398	7	18
1912	398	7	18
1912	398	7	18
1912	398	7	18
1912	398	7	18
1912	398	7	18
1912	398	7	18
1912	398	7	18
1912	398	7	18
1912	398	7	18
1912	398	7	18
1912	398	7	18
1912	398	7	18
1912	398	7	18
1912	398	7	18
1912	398	7	18
1912	398	7	18
1912	398	7	18
1912	398	7	18
1912	398	7	18
1912	398	7	18
1912	398	7	18
1912	398	7	18
1912	398	7	18
1912	398	7	18
1912	398	7	18
1912	398	7	18
1912	398	7	18
1912	398	7	18
1912	398	7	18
1912	398	7	18
1912	398	7	18
1912	398	7	18
1912	398	7	18
1912	398	7	18
1912	398	7	18
1912	398	7	18
1912	398	7	18
1912	398	7	18
1912	398	7	18
1912	398	7	18
1912	398	7	18
1912	398	7	18
1912	398	7	18
1912	398	7	18
1912	398	7	18
1912	398	7	18
1912	398	7	18
1912	398	7	18
1912	398	7	18
1912	398	7	18
1912	398	7	18
1912	398	7	18
1912	398	7	18
1912	398	7	18
1912	398	7	18
1912	398	7	18
1912	398	7	18
1912	398	7	18
1912	398	7	18
1912	398	7	18
1912	398	7	18
1912	398	7	18
1912	398	7	18
1912	398	7	18
1912	398	7	18
1912	398	7	18
1912	398	7	18
1912	398	7	18
1912	398	7	18
1912	398	7	18
1912	398	7	18
1912	398	7	18
1912	398	7	18
1912	398	7	18
1912	398	7	18
1912	398	7	18
1912	398	7	18
1912	398	7	18
1912	398	7	18
1912	398	7	18
1912	398	7	18
1912	398	7	18
1912	398	7	18
1912	398	7	18
1912	398	7	18
1912	398	7	18
1912	398	7	18
1912	398	7	18
1912	398	7	18
1912	398	7	18
1912	398	7	18
1912	398	7	18
1912	398	7	18
1912	398	7	18
1912	398	7	18
1912	398	7	18
1912	398	7	18
1912	398	7	18
1912	398	7	18
1912	398	7	18
1912	398	7	18
1912	398	7	18
1912	398	7	18
1912	398	7	18
1912	398	7	18
1912	398	7	18
1912	398	7	18
1912	398	7	18
1912	398	7	18
1912	398	7	18
1846	425	11	18
1846	425	11	18
1846	425	11	18
1846	425	11	18
1846	425	11	18
1846	425	11	18
1846	425	11	18
1846	425	11	18
1846	425	11	18
1808	467	16	12
1839	482	17	14
1842	497	17	13
1846	495	21	16
1850	495	26	16
1855	486	24	23
1854	485	25	24
