88	204	598	188
86	203	590	192
101	204	593	188
97	205	592	188
78	204	600	189
74	204	606	188
68	206	610	187
64	204	614	187
71	204	614	192
73	207	616	191
69	204	610	191
64	203	619	190
62	204	609	190
71	206	607	189
60	209	613	192
69	211	611	189
63	210	616	191
66	212	615	192
70	208	603	193
73	213	601	193
77	209	597	192
80	213	595	192
87	210	591	193
77	215	593	190
69	213	596	189
84	211	595	192
87	213	597	190
83	213	595	193
73	209	597	193
83	215	590	191
82	212	590	195
89	211	593	193
74	211	588	192
86	213	588	193
88	214	591	190
73	210	608	193
97	214	595	191
95	214	596	191
76	209	595	192
89	217	589	189
71	216	596	191
73	214	588	193
76	216	588	192
82	214	581	189
77	216	591	189
77	217	584	188
79	218	593	188
81	216	583	189
88	215	584	190
85	219	589	188
73	215	589	192
88	216	583	192
92	215	586	192
92	217	584	191
94	216	574	190
79	217	578	190
74	214	580	189
58	214	588	190
66	212	588	189
59	214	588	195
56	213	584	192
61	214	580	190
57	214	581	190
58	215	583	187
59	215	578	188
61	217	583	188
53	218	585	187
46	221	587	191
50	220	591	188
49	216	588	188
53	220	583	194
48	220	587	191
46	223	594	194
46	223	596	199
72	221	589	194
60	221	606	189
56	222	601	198
38	223	620	201
3	222	627	193
41	221	616	194
27	223	627	194
22	220	624	193
17	223	619	195
20	224	622	195
15	223	623	195
15	228	647	195
23	224	630	193
13	227	635	190
14	224	638	195
0	223	638	197
0	222	637	194
6	221	639	192
-2	224	637	196
0	223	662	198
-4	220	628	190
7	219	614	203
17	217	598	198
-12	217	596	194
8	213	595	193
7	212	591	190
6	213	586	192
8	213	580	190
11	209	574	199
9	210	578	200
12	210	576	198
13	212	582	205
10	209	577	204
11	212	583	208
13	215	580	204
-5	210	582	209
2	208	580	198
9	212	581	206
1	206	574	198
6	211	582	201
12	210	582	200
9	210	584	195
14	209	580	189
20	208	583	190
27	209	584	190
15	206	584	189
12	207	584	194
15	202	584	190
13	206	588	191
0	207	602	188
19	208	597	190
3	207	598	185
14	207	594	188
15	206	592	188
27	207	589	188
25	206	588	183
9	205	595	186
14	205	598	185
0	205	596	187
3	202	594	186
18	206	590	187
7	200	584	186
9	201	589	187
5	200	586	185
12	200	587	182
14	202	588	183
10	201	591	184
7	201	591	186
13	200	591	186
14	203	581	185
10	205	592	185
13	200	586	188
13	199	592	187
12	197	586	188
15	200	583	191
17	198	582	191
14	197	586	192
14	196	592	193
19	197	587	192
14	194	586	192
12	197	593	188
9	196	588	188
10	198	590	188
12	197	591	188
19	197	585	191
13	195	583	190
6	195	586	190
14	201	590	189
12	202	592	189
12	200	587	190
7	202	587	191
7	200	595	192
13	202	583	189
8	201	592	189
13	202	583	189
14	200	586	187
12	196	585	190
13	197	584	191
10	199	588	186
10	199	585	185
14	199	584	188
12	196	588	191
10	196	594	190
13	197	589	193
5	195	587	189
16	193	581	192
8	194	588	189
8	192	591	188
10	194	588	185
1	194	589	184
7	194	590	184
19	197	588	185
12	189	583	188
6	192	588	182
7	186	589	186
14	185	583	185
31	187	583	185
31	185	581	184
0	186	593	188
4	190	599	186
-5	183	599	188
6	184	597	187
10	185	596	184
6	181	588	186
10	182	588	181
0	181	590	186
10	180	585	182
5	187	587	183
4	182	588	179
7	180	584	186
4	181	586	181
-9	182	592	186
-5	183	594	186
13	180	589	189
8	179	594	182
14	187	585	184
3	181	585	181
17	182	585	189
10	180	585	189
16	179	580	185
10	181	583	185
10	178	579	185
21	181	569	190
15	181	586	185
28	177	571	184
24	175	576	185
11	175	581	185
17	174	583	185
27	175	576	184
32	174	575	183
28	175	583	185
16	172	581	184
21	175	584	180
14	174	582	180
24	173	583	183
20	173	581	181
25	170	583	184
21	169	584	184
24	169	582	187
19	165	587	189
10	168	591	187
23	165	592	190
7	166	599	186
24	160	590	190
20	165	590	188
16	156	600	192
19	160	597	191
23	162	597	189
21	158	593	192
26	158	597	188
19	158	594	187
24	157	595	190
25	157	590	189
30	156	580	191
13	156	596	190
24	155	588	191
34	152	585	193
21	149	586	199
23	147	587	200
14	151	586	198
14	152	586	193
28	148	586	196
23	149	587	197
28	146	581	201
28	146	584	203
20	145	586	202
27	147	584	200
23	147	591	201
28	145	589	203
22	147	598	199
25	145	602	201
18	147	605	201
23	143	602	206
22	145	598	202
22	145	603	202
20	145	593	199
15	142	588	197
10	148	589	197
16	145	588	198
13	146	585	193
20	144	583	198
19	144	587	197
18	145	584	197
16	145	583	195
19	146	583	195
21	148	580	195
17	149	587	193
17	150	587	190
22	149	584	191
15	144	578	196
13	150	579	194
7	152	585	194
12	144	585	198
13	152	580	195
9	149	580	198
11	155	583	194
12	158	579	193
9	148	582	197
10	157	584	193
8	155	583	195
0	158	585	193
8	157	583	195
4	156	579	197
7	159	580	197
7	159	577	192
10	158	579	192
-3	156	580	196
16	157	569	193
15	158	567	191
8	158	574	192
15	158	570	193
16	161	575	192
16	161	574	192
9	159	579	192
15	157	577	192
18	158	574	194
17	162	578	193
7	158	578	197
26	161	578	193
11	162	575	192
3	161	577	191
10	160	584	196
22	163	575	194
2	164	588	196
6	162	586	196
4	163	584	196
13	161	586	197
10	165	585	196
18	163	584	195
12	163	590	197
29	166	582	198
-4	160	599	200
4	166	591	197
-2	166	592	197
13	165	585	199
17	163	581	201
22	164	581	204
16	166	577	200
14	169	584	200
10	169	589	200
8	170	586	201
12	174	582	199
17	173	576	198
18	172	584	200
21	173	581	199
24	173	580	202
24	170	578	204
18	171	583	200
20	177	581	197
27	178	585	196
21	181	586	196
24	173	591	197
22	179	585	201
38	173	584	202
22	173	589	201
36	171	587	202
29	174	587	206
28	171	591	206
25	173	588	204
25	172	588	202
31	179	589	204
39	183	587	207
33	179	587	206
47	178	580	209
44	179	582	208
53	176	585	206
46	177	586	206
42	183	588	199
46	183	586	205
37	186	591	197
44	184	589	197
45	185	588	202
50	187	584	199
61	185	578	204
55	185	575	205
60	186	580	203
73	186	577	201
77	185	572	202
70	186	570	201
57	187	568	199
70	182	580	203
66	181	582	203
68	177	576	202
77	177	576	205
85	182	579	204
83	176	581	201
90	181	577	203
91	176	578	205
103	174	573	202
98	179	581	197
89	175	560	200
122	178	569	201
105	174	577	197
89	175	584	197
117	176	585	200
101	176	584	204
131	176	580	203
106	175	585	206
112	171	574	203
113	170	570	203
123	165	543	203
128	165	533	202
138	167	519	198
140	163	514	197
146	162	505	195
151	156	499	195
166	155	500	198
173	154	501	191
151	152	509	190
151	154	496	188
157	149	482	192
169	150	480	187
176	144	489	190
180	141	483	192
187	140	474	196
197	136	481	191
188	134	496	190
190	131	493	189
187	132	505	191
195	131	532	189
205	127	517	192
206	124	514	190
213	121	506	190
214	117	516	203
231	113	522	205
231	114	520	207
232	109	527	209
232	103	535	209
235	100	532	211
233	101	530	212
240	99	527	211
242	96	524	215
245	95	517	216
251	94	509	213
256	91	506	219
261	89	507	217
250	85	500	218
253	86	492	210
251	86	488	208
257	82	481	207
265	83	477	206
269	85	477	203
269	79	472	216
272	76	465	215
273	70	466	216
280	69	466	216
281	65	467	221
281	61	467	217
287	52	459	228
296	48	461	227
303	44	458	227
326	41	446	231
326	40	442	219
316	30	437	221
313	30	438	227
319	28	437	228
323	27	434	229
326	26	427	240
322	19	408	224
329	18	403	224
333	15	390	220
329	12	401	211
335	12	391	215
335	11	380	212
336	15	377	213
341	12	363	209
345	11	353	210
346	7	347	204
352	5	342	203
349	3	341	203
358	0	336	200
357	0	337	199
365	2	330	195
365	8	321	190
373	3	316	195
365	0	314	191
371	3	309	187
380	2	291	189
372	1	297	185
373	2	291	183
381	0	283	178
382	1	293	177
383	3	281	173
380	2	283	170
386	0	272	167
390	3	271	162
391	0	257	153
395	2	259	158
399	3	251	158
398	1	251	159
400	0	249	159
399	3	250	155
401	0	238	154
406	4	229	152
409	-6	230	160
404	4	228	151
408	-10	218	167
411	5	211	154
415	-5	201	163
416	-4	192	161
419	0	192	156
415	0	188	155
415	-3	182	158
419	-3	179	158
418	-5	175	163
418	-5	173	165
420	-5	179	165
418	-5	180	164
420	-3	188	165
422	-4	186	166
422	-3	176	165
427	-9	155	170
427	-8	153	167
428	-9	148	167
430	-8	144	165
429	-9	143	166
432	-10	140	166
431	-6	139	167
430	-9	140	169
430	-5	139	170
427	-5	133	168
429	-3	131	169
430	-4	127	174
428	-6	125	173
430	-6	123	175
427	-7	124	175
427	-2	123	175
428	-4	123	177
427	-6	125	175
428	-5	127	177
426	-2	129	174
429	-5	128	175
430	-4	126	177
430	-4	125	175
431	-2	122	178
432	-3	122	175
432	-2	118	174
433	0	116	175
434	-9	115	180
433	-7	115	178
434	-2	113	176
433	0	113	175
431	-1	113	178
430	0	114	177
429	-1	116	177
429	-3	114	177
427	-1	114	177
427	-1	114	178
425	-2	114	176
425	-6	115	176
426	-8	116	177
426	-6	115	177
427	-7	114	180
427	-8	113	174
427	-5	113	173
425	-7	112	173
426	-3	112	175
427	-9	110	174
420	-6	115	172
424	-11	113	173
422	-10	116	172
419	-4	115	168
420	-1	113	167
420	0	113	165
416	-2	114	166
416	-2	114	169
415	-3	114	169
413	-1	113	167
413	1	114	168
413	-1	114	167
412	-2	115	168
410	-3	116	170
410	0	117	171
406	-7	119	175
409	-5	118	178
406	-11	121	181
403	-6	122	182
405	-7	122	183
403	-8	124	185
398	-9	128	189
395	-11	130	195
395	-4	134	194
390	-8	137	199
391	-6	140	197
387	-9	142	204
383	-4	146	204
383	-3	145	204
383	7	147	204
378	4	150	206
379	3	146	204
384	9	149	211
381	6	143	210
381	7	145	217
377	7	146	216
375	7	150	221
380	8	151	223
378	20	155	212
375	19	161	219
368	38	166	203
360	36	180	214
356	40	189	213
347	34	204	219
332	12	217	247
339	54	217	214
336	49	220	214
330	51	227	220
325	62	232	211
320	68	242	212
322	79	243	206
317	81	247	205
316	84	253	205
312	84	261	206
303	82	268	204
302	89	271	208
299	81	272	215
295	90	277	206
293	95	277	209
288	91	285	211
287	98	299	218
272	107	299	209
263	110	310	209
258	112	319	210
257	116	335	212
251	117	346	217
249	114	343	225
241	103	364	235
228	119	381	228
225	116	392	235
226	115	380	238
222	116	383	245
206	121	393	244
202	123	390	248
197	127	400	253
193	127	399	256
178	140	388	249
178	141	389	247
164	152	392	242
161	155	390	241
154	160	404	243
152	170	404	228
144	165	414	235
143	175	417	228
145	180	417	223
135	187	432	237
129	182	444	241
123	186	443	241
116	188	447	252
111	193	434	245
103	197	440	249
90	200	451	249
108	213	457	240
101	219	462	229
102	212	469	233
93	207	479	241
85	213	489	243
76	214	499	246
73	218	513	245
73	242	520	230
58	243	518	227
65	246	527	222
52	246	532	222
59	250	529	226
57	250	530	229
48	253	542	235
42	252	542	239
67	265	544	235
40	267	557	248
37	266	562	255
35	268	559	251
24	261	551	250
21	260	556	250
25	267	549	252
17	262	554	252
6	262	550	253
5	261	564	257
10	262	559	256
0	273	564	250
-3	278	567	252
-13	274	571	250
-10	280	568	247
-19	276	578	241
-28	275	579	244
-33	279	588	245
-21	283	572	242
-34	281	575	241
-28	288	567	234
-21	289	548	241
-11	290	535	239
-5	295	533	229
-8	293	525	232
3	314	505	227
-6	324	516	225
-3	329	515	221
7	340	512	222
4	339	516	223
2	341	523	226
8	341	519	223
6	346	520	225
-1	346	520	223
-12	349	519	223
5	354	515	224
4	358	509	212
3	354	509	211
-4	362	506	207
-6	363	509	206
3	364	505	203
-2	368	506	201
-5	368	509	202
3	368	506	201
5	372	503	199
6	375	499	197
0	374	500	198
2	375	500	198
-7	373	501	200
-4	377	490	200
-4	375	502	202
-11	377	489	203
-25	377	503	204
-20	377	498	199
-25	379	496	196
-24	378	493	198
-23	378	495	193
-23	373	486	187
-24	369	491	191
-21	371	508	185
-36	368	509	189
-21	372	507	190
-23	370	512	184
0	373	497	190
0	365	492	188
-6	368	495	192
-7	357	500	186
1	364	486	188
3	361	484	184
4	360	485	185
1	357	488	184
1	354	492	183
-1	359	494	182
-5	362	498	184
-7	347	497	184
-2	347	499	185
-6	349	499	183
-3	353	499	182
-1	346	496	185
-9	345	502	186
-10	345	507	186
-4	345	499	194
2	340	495	190
-24	341	506	189
-28	338	511	189
-27	339	513	188
-28	337	517	189
-26	335	513	187
-26	337	511	184
-22	336	504	182
-26	338	513	179
-24	335	506	178
-6	333	498	185
-30	337	506	179
-30	333	512	180
-18	332	500	179
-24	334	500	179
-23	333	498	181
-19	333	501	178
-23	331	499	181
-29	330	502	179
-4	336	492	179
-2	332	489	185
-7	326	488	183
-6	329	494	189
-14	323	489	187
-5	327	491	191
2	325	481	195
2	326	478	193
6	327	477	188
-2	320	482	196
10	320	465	195
7	316	477	197
4	313	476	202
-13	315	479	195
-17	317	486	195
-14	306	478	192
-14	315	483	188
-7	311	478	196
-5	309	474	193
-14	313	481	196
-18	311	476	190
-25	308	470	185
-7	311	465	191
-2	308	462	186
-1	310	457	186
4	309	448	191
7	314	440	190
3	313	439	190
6	314	431	186
-29	310	452	178
-28	309	441	180
-20	306	438	183
-15	311	431	182
-22	311	425	183
-22	309	436	181
-5	315	415	190
-5	317	416	186
-3	318	411	186
-9	318	416	188
-5	320	412	186
-6	320	411	189
0	322	401	188
-11	319	408	187
-1	321	401	191
0	322	398	191
-1	321	393	188
-1	321	388	190
0	322	385	193
2	323	382	190
2	324	385	190
1	325	383	188
-9	324	391	190
-2	324	384	188
0	326	380	189
0	326	381	193
2	325	372	192
0	328	379	188
-9	326	384	188
-3	329	366	191
-4	328	372	191
0	325	362	191
-10	326	371	195
0	326	356	195
-1	330	359	194
1	327	353	194
0	322	357	198
2	326	356	198
0	325	360	198
-5	323	360	203
-8	323	367	204
-6	322	363	212
-6	322	358	204
0	324	361	202
-3	321	361	205
-2	315	356	210
-4	318	354	206
-15	316	365	210
-80	320	424	211
-83	326	432	202
-76	322	415	199
-103	316	445	206
-102	319	445	205
-73	319	421	200
-40	313	388	201
-67	316	411	204
-34	311	386	210
-42	311	375	209
-68	316	397	206
3	317	333	196
-6	325	335	192
-1	331	333	191
-6	334	341	183
-4	333	335	197
-6	335	347	189
-13	335	352	194
-1	338	344	188
-10	333	356	200
-82	331	429	192
-106	327	443	202
-109	325	449	209
-43	326	382	196
-6	315	353	209
-11	313	350	212
-2	321	345	203
-94	342	425	196
-37	336	375	205
2	339	334	193
4	339	331	198
0	341	332	195
2	344	329	192
3	345	325	195
5	334	326	209
0	341	321	199
-2	340	332	205
-7	343	334	204
-5	345	332	202
0	347	332	198
-5	344	334	200
0	349	323	194
0	354	327	188
0	355	319	190
2	348	316	192
0	351	324	195
0	357	324	189
5	353	321	195
-1	353	328	196
0	354	323	197
2	354	326	201
3	355	321	201
0	356	331	202
0	353	326	205
3	356	315	206
0	357	329	204
-8	356	326	201
-5	362	325	201
-4	365	327	199
-6	379	327	194
-9	387	329	194
-7	386	325	192
-4	389	326	188
-6	390	324	194
-11	394	328	191
-8	397	323	197
-6	394	326	195
-8	396	327	192
-9	400	326	190
-8	401	330	194
-4	407	328	190
-4	403	329	197
2	409	325	193
-2	406	334	194
-7	409	342	193
0	412	333	191
-6	408	342	191
-4	413	349	187
-7	413	355	189
-9	417	362	190
-5	414	358	187
-2	414	371	189
-4	423	371	184
0	418	382	185
-5	417	377	188
-10	416	384	196
-10	419	385	195
-4	423	380	197
-2	422	381	197
-2	420	380	201
-10	421	390	203
4	421	380	189
-16	419	393	199
0	419	392	194
1	422	391	202
-10	424	410	200
0	423	406	194
4	426	404	195
0	423	404	192
0	427	406	191
6	429	409	191
9	432	416	191
4	429	421	191
0	434	430	189
0	437	435	189
-13	436	448	194
-6	440	441	190
-14	438	443	192
-14	439	438	192
-10	437	434	192
-20	439	440	197
-11	441	440	194
-4	441	437	193
1	441	439	193
4	443	438	194
3	442	437	200
-4	447	445	199
-5	449	441	198
-1	453	440	197
-9	450	453	201
-28	460	482	202
-37	464	511	205
-36	461	494	206
-35	464	486	205
-13	465	461	204
-22	471	466	198
4	466	460	196
15	464	455	197
12	463	453	205
0	461	459	206
25	463	455	203
10	463	465	210
-7	454	464	209
0	452	462	206
3	456	468	202
11	465	472	206
24	454	465	205
13	458	471	201
14	452	470	204
20	456	475	202
21	454	470	205
26	454	474	205
28	451	475	208
40	454	481	210
44	446	486	211
50	448	487	208
59	447	483	213
62	449	476	203
74	428	477	228
74	443	471	215
75	448	476	211
82	451	491	208
97	460	487	202
104	464	483	198
97	464	475	199
70	462	481	201
99	468	466	200
83	470	469	199
96	470	466	200
88	471	465	199
94	474	457	198
96	467	455	197
108	467	451	200
94	470	454	199
84	474	458	197
83	474	450	195
75	472	452	198
83	475	451	198
69	476	453	195
69	479	448	194
72	475	445	192
69	471	445	200
62	473	452	199
62	473	447	202
65	469	442	195
56	468	446	200
59	467	424	199
54	464	426	201
51	470	424	200
50	467	419	198
50	466	423	200
50	466	426	199
37	462	434	204
34	465	445	205
34	461	435	207
33	457	433	210
31	461	424	205
26	461	423	203
23	458	421	202
19	451	414	201
18	456	418	196
20	455	422	195
18	456	429	194
18	451	439	194
22	451	440	196
21	453	450	198
28	452	452	197
21	452	464	193
14	452	469	193
13	451	464	192
17	450	461	189
19	451	451	189
22	451	446	190
18	447	447	193
4	447	443	192
20	445	441	195
24	442	438	198
30	442	432	201
26	438	438	202
24	438	441	201
24	438	443	205
22	441	441	204
29	434	442	207
18	436	441	205
32	435	440	209
23	435	447	209
28	432	453	208
25	434	448	212
30	427	447	213
31	430	454	210
25	432	452	211
27	431	454	212
26	429	445	216
30	427	440	216
31	426	431	220
40	426	424	220
44	433	425	210
52	428	439	211
50	428	438	210
51	428	446	212
53	429	459	208
55	430	467	208
57	432	474	203
56	430	480	205
63	430	487	206
61	429	488	206
62	433	488	202
62	431	485	200
61	435	493	202
63	432	498	204
61	430	505	200
70	436	506	199
65	437	503	197
78	437	504	198
77	437	504	197
76	437	506	195
82	436	502	198
80	436	506	200
83	438	509	196
85	438	507	194
90	437	510	196
81	438	516	193
91	432	515	197
81	438	518	196
104	436	518	195
106	430	517	197
117	430	524	198
111	428	528	198
112	435	532	196
103	432	532	195
108	431	533	194
108	437	531	192
111	436	530	192
114	436	522	191
98	434	522	193
117	434	522	191
113	433	525	190
105	435	522	191
112	437	519	191
109	434	524	190
108	431	526	191
122	435	531	191
107	433	542	191
110	429	542	191
116	431	546	188
112	433	550	193
110	428	548	193
120	427	552	192
116	427	552	192
129	425	544	195
123	423	550	197
129	423	540	197
132	424	543	196
139	422	532	201
138	421	537	200
138	424	534	198
133	422	549	201
140	421	544	198
147	420	543	199
149	417	544	198
153	420	543	200
155	420	543	201
160	420	540	200
158	416	535	203
169	416	536	204
164	416	541	199
157	418	544	201
161	412	546	204
152	413	544	203
156	416	536	201
153	420	529	199
159	422	526	198
158	423	529	195
159	423	527	194
156	424	535	196
162	418	536	201
161	415	543	201
166	421	552	205
166	419	558	201
156	423	569	201
165	422	576	198
159	420	578	200
153	419	576	197
161	421	573	194
158	416	571	197
159	419	571	191
163	418	574	197
160	419	579	198
166	418	580	197
160	420	582	193
169	417	581	199
159	420	583	191
162	420	585	194
163	419	587	191
165	418	590	195
156	418	586	196
162	416	588	197
164	411	584	198
152	418	585	193
157	405	584	197
156	407	583	193
152	407	584	194
152	406	588	193
149	406	590	195
154	406	594	191
154	406	598	199
146	408	602	200
153	411	603	205
147	407	598	196
153	411	597	199
159	414	597	194
155	406	596	199
162	407	595	201
159	403	594	204
168	406	598	197
156	398	599	195
159	405	597	188
150	398	595	194
156	402	589	186
154	397	596	191
149	398	600	194
124	393	608	189
106	397	627	186
84	398	647	192
80	394	647	190
110	394	628	185
79	393	645	190
56	388	637	201
48	386	662	201
26	382	635	200
141	378	587	196
150	374	589	195
140	367	582	198
149	360	576	199
160	348	572	209
145	340	575	214
140	338	567	219
149	327	564	232
135	324	552	240
177	308	557	255
127	303	557	272
150	292	555	277
139	280	560	297
120	271	564	304
116	264	563	310
108	263	565	310
105	259	568	315
94	259	577	324
88	256	579	329
86	257	580	330
82	248	577	330
74	244	572	337
70	235	568	338
62	243	565	333
61	233	565	335
54	231	566	340
55	234	568	336
38	219	573	335
43	227	580	337
38	223	578	334
48	226	568	334
48	220	560	330
49	222	559	327
49	220	564	327
56	210	557	326
45	210	555	324
47	209	562	321
34	206	576	319
39	210	576	316
30	203	580	318
34	203	577	316
34	204	574	313
35	203	578	305
56	202	570	301
36	200	569	294
33	199	570	290
26	199	577	288
24	200	579	286
17	197	583	285
41	197	585	280
3	197	586	282
11	197	588	275
30	194	587	273
28	195	590	268
38	190	586	261
43	193	584	262
7	191	589	261
19	192	582	260
37	188	580	253
19	184	582	261
29	189	590	257
17	184	586	256
22	183	585	252
17	179	589	256
23	180	590	254
16	181	591	251
23	182	593	255
16	186	591	247
18	179	591	252
9	180	593	251
20	180	593	249
19	182	591	248
11	178	591	250
19	178	593	246
18	182	596	246
18	182	595	245
20	177	594	246
18	183	598	245
16	183	593	245
21	182	595	245
22	178	593	246
19	181	593	247
24	180	597	245
31	177	596	244
28	173	595	247
33	176	598	241
31	176	597	242
28	175	599	235
33	172	592	242
36	171	594	242
45	174	590	235
43	179	592	232
36	180	597	232
40	178	601	236
41	177	597	236
37	177	595	236
46	178	594	235
46	177	594	236
49	180	589	232
47	179	589	233
54	184	583	226
56	183	587	226
54	185	584	228
54	184	586	223
60	194	581	218
53	183	593	224
54	191	591	224
45	183	598	224
56	192	590	219
65	188	594	218
65	188	595	219
58	189	598	216
61	191	596	215
57	188	594	218
70	188	589	217
63	192	593	215
66	186	596	215
63	184	595	219
71	185	600	215
74	183	587	218
62	182	583	219
68	182	583	220
75	180	585	216
75	177	587	215
66	177	587	213
69	175	587	219
73	179	588	219
70	178	590	216
70	180	590	216
75	178	588	216
79	178	585	212
71	175	591	214
68	179	597	210
81	174	590	221
73	174	598	221
74	171	596	222
80	171	590	224
70	171	591	222
77	171	588	221
72	172	590	220
69	171	588	220
68	171	589	214
65	166	593	216
69	163	597	218
71	164	599	219
56	162	602	219
61	161	600	219
63	163	605	222
75	159	606	224
79	158	597	221
88	156	592	216
69	154	599	218
75	156	595	222
70	151	599	222
73	152	592	217
74	158	592	231
73	153	596	227
66	154	601	230
74	154	599	231
65	149	591	223
65	153	599	225
64	151	591	224
69	150	596	223
71	149	590	222
70	150	592	222
67	146	588	222
71	146	594	219
65	144	593	217
70	140	595	217
55	137	599	217
45	139	602	214
64	137	606	214
47	133	604	217
42	130	602	218
45	132	605	218
39	134	604	215
48	131	593	218
31	135	604	212
42	131	601	216
44	127	599	211
33	129	600	210
50	125	603	216
23	126	608	212
55	126	599	212
30	127	601	209
16	129	613	209
41	127	604	207
35	136	601	197
27	128	604	199
44	131	597	199
28	137	603	192
53	131	601	196
50	129	596	198
90	135	586	191
45	134	603	189
80	129	584	191
38	129	597	187
63	131	592	190
42	131	601	191
48	130	598	192
37	128	604	190
30	127	604	190
60	126	596	192
42	124	591	191
46	123	590	196
50	121	596	195
24	120	599	191
23	121	598	192
30	121	600	190
22	119	605	189
24	118	605	188
6	119	597	186
10	118	600	189
12	117	599	189
13	118	603	189
12	117	600	188
18	118	600	189
12	115	601	187
12	113	599	191
5	114	594	190
8	116	602	188
8	116	596	185
12	116	597	186
1	116	600	185
-5	117	604	185
-2	116	602	185
0	116	597	186
0	118	593	184
1	119	594	187
5	118	594	186
11	119	583	188
0	117	589	187
2	118	581	186
7	118	579	187
-5	119	583	186
2	120	581	183
-1	121	580	185
-5	122	575	182
0	122	577	182
-2	121	581	185
0	122	579	183
3	121	582	183
1	123	571	185
3	126	575	182
10	123	573	185
6	126	575	184
0	122	575	185
-2	124	581	187
-1	121	576	189
-4	124	576	186
2	122	576	185
2	120	579	187
3	121	580	186
2	121	576	186
6	119	579	188
8	121	577	185
5	122	580	185
6	121	576	185
14	123	566	186
0	127	576	183
1	123	573	185
5	126	571	183
-3	124	585	184
6	128	569	182
5	123	577	185
3	126	571	182
0	125	571	184
10	124	573	184
12	124	570	187
7	122	572	188
1	123	573	189
1	121	573	190
17	123	570	188
6	122	574	188
12	124	576	187
18	123	578	185
3	125	581	185
11	122	575	185
0	121	585	186
4	122	582	183
7	124	582	182
0	120	591	185
7	121	579	184
0	121	582	183
0	119	578	186
1	120	582	188
7	117	584	188
1	121	580	186
6	119	584	185
8	120	575	187
6	120	582	184
1	122	579	184
5	120	581	181
-2	123	596	183
3	122	588	179
2	120	589	186
2	120	585	183
9	123	576	184
6	125	581	184
5	124	577	183
14	125	574	185
24	123	573	187
31	126	571	185
28	125	573	186
20	125	575	187
11	122	581	188
1	125	579	187
14	122	578	187
2	123	578	190
6	123	579	186
7	123	580	185
9	123	581	188
1	124	591	184
3	122	580	187
2	125	591	183
4	125	586	183
15	124	585	184
4	122	595	185
21	122	586	185
7	123	587	187
23	124	581	183
11	124	584	186
27	123	578	187
9	124	593	184
10	125	588	186
21	123	576	190
12	123	577	189
12	123	582	188
11	122	577	189
5	121	596	188
7	122	585	187
7	121	583	188
7	121	589	188
14	121	586	188
23	118	588	188
25	119	579	189
7	119	590	184
17	119	586	188
15	118	582	185
16	119	583	191
24	118	578	187
17	118	582	191
12	118	582	185
9	119	588	186
13	117	585	184
13	117	593	183
10	117	595	184
9	118	595	180
13	117	593	183
14	116	592	186
15	117	591	184
11	115	587	187
13	113	591	188
13	115	592	186
5	113	593	183
13	109	592	187
6	108	595	186
6	110	595	186
10	105	596	187
5	107	595	185
6	107	595	184
10	102	593	183
8	101	599	187
13	96	600	190
14	101	599	187
10	94	600	190
22	94	600	192
18	93	602	190
4	92	600	192
14	92	596	191
16	92	595	193
13	89	594	190
19	89	600	193
19	92	593	195
21	88	598	194
22	85	590	194
19	85	599	195
20	84	600	194
18	84	604	199
16	82	609	195
15	86	604	195
15	81	605	198
10	83	608	200
18	80	598	198
14	78	600	198
10	76	597	196
13	77	595	201
7	79	596	198
14	79	593	201
4	82	603	197
15	80	597	200
11	80	592	198
5	75	593	198
11	76	594	199
17	79	589	197
12	76	590	196
14	74	589	197
9	74	589	200
6	72	592	199
3	74	594	196
5	75	596	196
4	73	601	196
6	75	591	195
8	72	588	198
10	73	586	200
2	72	597	200
4	71	593	202
5	69	595	205
6	71	585	198
1	69	589	205
4	68	593	201
6	66	588	203
3	67	590	202
8	65	578	206
6	65	579	204
12	66	577	200
5	64	580	201
10	64	587	202
9	65	583	204
13	59	582	205
2	63	590	197
-15	66	598	204
-11	66	597	210
-17	66	599	207
-15	63	601	206
-3	64	592	213
0	65	586	214
-5	60	593	206
8	58	588	196
4	62	584	210
0	61	582	210
-4	62	585	213
-5	53	589	211
-7	54	592	205
-7	61	594	208
-4	63	587	204
5	63	586	199
15	55	582	198
-6	49	594	198
-5	53	586	208
-2	52	587	196
0	49	588	209
-24	53	589	219
-20	51	592	212
-16	58	593	214
-16	61	599	211
-4	57	592	211
4	53	583	210
9	55	581	215
11	56	576	212
9	56	575	212
12	54	573	219
19	56	572	209
6	56	578	209
3	51	583	211
2	48	582	214
-3	54	588	203
6	55	583	202
0	52	580	208
7	52	578	208
8	52	578	209
5	48	575	209
10	48	569	208
9	48	578	210
4	38	581	212
13	44	578	214
8	47	582	212
5	43	583	213
9	39	582	216
15	45	578	215
2	45	584	213
13	49	576	209
10	48	586	208
10	50	585	204
-8	50	594	205
-1	50	590	206
-9	48	588	205
-7	45	586	212
-7	43	590	207
-7	48	580	207
8	51	571	210
7	48	572	212
1	40	575	207
9	45	570	210
8	48	570	215
7	49	575	213
8	49	575	212
12	48	575	214
14	47	577	218
8	52	583	212
6	42	584	215
8	44	583	211
5	47	586	209
-4	44	593	209
0	45	589	207
4	49	585	208
-5	45	591	209
-4	47	590	211
0	49	594	210
-2	43	595	213
2	53	585	211
4	45	584	210
6	48	581	213
0	35	586	212
0	41	581	213
8	47	581	207
0	49	583	211
-7	31	589	215
-11	34	595	216
-4	44	587	213
-8	37	597	216
8	55	584	208
8	37	584	218
8	53	579	206
-10	38	586	213
-1	29	576	215
-25	43	582	218
-19	27	567	230
-11	21	540	231
-5	25	518	225
-18	27	517	222
-12	25	515	224
-19	32	532	218
-5	39	537	210
-8	38	544	203
-21	38	542	197
-26	39	532	199
-20	34	525	197
-31	30	529	202
-31	25	527	209
-34	25	523	205
-41	30	514	203
-42	29	511	203
-39	36	496	197
-39	34	477	197
-34	41	475	196
-123	39	555	187
-72	29	500	204
-22	35	453	200
-32	35	471	201
-17	45	438	194
-23	38	431	197
-24	47	416	190
-21	39	428	193
-31	42	406	193
-22	45	408	189
-26	48	422	186
-22	43	404	192
-29	43	407	188
-27	45	397	189
-23	46	400	189
-24	45	397	190
-25	40	397	190
-27	36	410	192
-22	43	396	191
-22	39	392	191
-26	38	414	190
-21	40	400	188
-18	36	413	188
-20	43	398	180
-29	42	409	189
-23	42	400	187
-22	41	407	190
-24	43	406	189
-27	40	403	189
-18	45	407	180
-26	43	405	191
-24	45	398	180
-26	43	407	182
-25	37	418	193
-20	41	403	185
-22	37	416	192
-22	37	421	188
-20	35	414	185
-23	33	415	185
-15	35	418	180
-71	37	461	185
-60	31	445	185
-21	30	418	189
-22	34	416	185
-31	30	422	184
-21	33	420	183
-25	31	425	178
-23	32	423	176
-23	33	425	182
-32	31	431	185
-24	34	430	189
-25	33	436	185
-20	33	434	184
-21	35	437	186
-15	33	431	186
-20	32	439	189
-23	29	439	191
-22	27	441	196
-27	23	447	194
-29	24	449	197
-35	24	461	194
-28	25	459	192
-24	23	455	192
-27	23	457	192
-25	23	460	188
-25	26	463	189
-28	26	464	192
-37	22	467	191
-96	20	535	188
-148	20	590	180
-155	17	602	182
-155	17	603	182
-168	17	633	185
-185	15	645	185
-182	17	646	183
-177	17	655	185
-173	14	665	184
-167	16	651	186
-173	13	646	185
-166	14	642	186
-206	12	667	192
