988	448	44	53
989	448	44	50
990	448	44	50
992	447	45	50
992	448	44	49
994	447	44	50
993	446	45	50
994	447	45	49
996	445	44	50
997	446	43	49
997	445	44	50
998	446	43	50
998	444	43	50
999	444	43	50
1001	444	43	49
1001	445	42	49
1002	443	42	49
1003	444	42	48
1004	442	42	49
1004	441	43	51
1004	441	42	50
1004	440	42	51
1005	439	42	51
1006	439	42	50
1006	439	43	51
1007	437	42	51
1007	437	43	50
1008	437	43	50
1008	435	42	51
1008	435	43	51
1008	434	43	51
1009	433	43	51
1009	431	43	53
1008	432	44	51
1009	430	43	52
1006	430	46	52
1006	428	46	52
1004	427	49	54
1004	426	48	55
1004	424	50	55
1004	425	50	55
1003	424	52	55
1004	422	51	55
1004	424	51	52
1001	421	55	55
1001	421	53	55
1006	421	49	53
1014	419	41	52
1014	419	41	51
1015	418	40	52
1014	417	40	52
1015	416	40	51
1014	416	40	51
1013	416	42	51
1013	415	42	51
1014	415	41	51
1015	414	41	51
1014	413	40	51
1014	412	40	51
1015	412	40	50
1016	408	40	52
1015	408	40	50
1015	407	40	52
1015	407	40	51
1015	405	41	51
1016	404	40	52
1016	404	40	52
1014	404	41	51
1016	402	40	52
1014	401	41	52
1017	401	39	52
1014	401	41	51
1016	400	39	52
1015	400	40	52
1016	401	39	52
1014	400	40	52
1012	405	40	48
1014	402	39	52
1016	402	38	51
1012	402	40	51
1014	403	38	51
1011	402	40	51
1014	403	37	51
1012	403	39	51
1012	402	39	52
1010	403	39	51
1011	404	38	51
1010	403	38	51
1010	403	38	51
1010	402	38	51
1009	402	38	52
1010	403	38	51
1009	403	38	50
1008	402	38	50
1010	401	36	51
1006	402	38	51
1009	401	36	50
1009	399	34	51
1007	399	35	50
1008	397	33	49
1007	396	33	50
1005	396	35	50
1006	393	34	51
1006	392	33	50
1004	391	35	51
1005	390	34	50
1005	387	33	52
1005	386	34	51
1005	385	32	51
1002	384	34	50
1002	382	33	50
1003	382	33	51
1000	381	33	50
1001	379	33	51
1000	377	33	52
1000	377	32	51
995	376	35	51
997	375	34	52
998	373	32	51
992	374	36	54
994	372	34	54
995	370	32	54
994	369	32	53
993	367	32	53
992	368	33	54
992	365	32	54
986	367	35	55
987	366	33	54
988	366	31	53
989	366	30	53
982	365	33	54
980	366	35	54
982	367	31	53
983	365	29	54
982	367	29	55
979	366	32	55
978	368	32	55
976	369	32	55
973	367	34	55
975	369	31	55
976	368	28	56
976	370	27	53
973	370	28	56
974	370	26	55
974	370	26	54
971	370	27	55
968	370	29	56
968	370	27	56
967	371	27	55
966	370	26	56
963	370	28	55
963	369	27	56
962	370	27	55
962	371	27	53
958	370	28	54
958	371	29	53
956	370	29	54
956	372	29	53
954	372	29	55
952	372	30	54
954	373	28	54
952	372	29	56
951	374	30	53
949	373	31	54
950	375	30	53
948	373	32	55
946	375	34	54
947	374	33	53
946	375	34	53
946	375	33	53
946	375	34	53
945	375	35	54
946	375	34	53
945	375	35	54
947	375	34	52
947	375	34	54
946	375	34	51
946	373	34	55
948	374	33	54
947	373	34	53
947	374	34	54
945	374	37	55
946	373	35	55
946	375	36	54
949	373	34	55
946	372	37	56
947	373	35	55
949	373	35	56
947	372	36	56
948	372	36	55
948	374	35	54
948	374	36	56
949	371	35	57
948	373	36	55
947	373	37	56
948	373	36	55
947	377	37	53
947	383	38	50
949	373	37	54
950	373	38	55
949	374	38	55
949	375	39	54
950	374	38	56
950	374	39	55
948	380	42	53
948	382	42	53
953	374	37	57
955	375	36	57
956	375	36	56
953	379	39	53
957	375	37	58
959	372	36	60
958	374	37	58
959	374	36	59
961	372	35	61
961	374	35	60
961	373	36	60
962	374	36	61
963	374	35	59
964	376	35	60
963	377	37	56
964	383	36	51
964	381	35	52
964	385	36	52
966	378	36	54
967	377	36	56
967	377	37	55
967	381	36	55
968	381	36	51
969	380	37	54
970	378	36	53
972	379	36	52
972	379	36	54
973	379	37	55
973	378	36	55
974	377	36	53
975	379	36	53
976	379	36	54
977	379	37	55
978	379	37	52
978	379	37	54
979	381	37	54
981	380	37	54
980	380	38	53
981	380	38	52
982	380	39	52
983	379	39	53
983	380	39	54
985	379	39	55
986	379	41	56
989	379	39	62
990	380	40	62
990	378	39	57
991	378	40	57
993	379	41	63
995	380	40	61
994	378	41	62
997	378	40	62
997	379	40	63
1000	378	40	63
1000	379	41	63
1002	383	41	59
1003	385	42	59
1007	380	40	62
1005	380	42	64
1008	378	40	64
1008	383	43	60
1008	394	43	51
1009	397	44	50
1011	397	44	50
1011	397	46	49
1013	397	45	50
1015	396	46	48
1017	397	45	50
1018	397	46	49
1020	397	45	46
1022	397	45	50
1023	398	46	48
1024	396	45	46
1026	396	46	50
1028	396	46	48
1028	396	47	50
1030	397	47	50
1032	397	47	49
1033	397	47	47
1035	397	47	48
1036	397	47	49
1037	397	47	49
1039	398	47	49
1040	397	47	49
1042	396	47	46
1043	397	47	50
1044	397	48	47
1045	398	48	49
1047	398	47	48
1049	396	48	45
1050	396	46	42
1050	397	48	44
1052	396	47	41
1053	398	48	42
1056	398	48	44
1057	397	46	42
1057	398	48	42
1058	398	49	45
1061	397	46	42
1061	398	48	42
1061	398	50	51
1063	398	48	44
1065	398	49	50
1066	399	48	49
1064	387	49	57
1065	384	50	62
1067	394	49	54
1069	395	49	54
1070	396	50	57
1071	396	50	59
1072	388	48	59
1071	389	49	58
1072	388	49	57
1073	385	49	60
1073	388	49	56
1074	389	49	56
1074	384	50	64
1073	375	51	75
1073	385	52	82
1072	378	55	95
1075	374	52	81
1075	379	53	90
1076	377	52	81
1076	378	51	75
1078	394	51	69
1076	379	53	94
1076	381	53	83
1078	390	52	67
1079	400	50	48
1077	403	53	43
1077	403	53	43
1080	403	51	43
1080	403	50	43
1081	404	51	43
1081	404	51	44
1081	403	51	45
1083	405	50	43
1083	404	50	45
1083	404	51	45
1084	404	51	46
1085	405	50	46
1083	405	56	65
1083	405	55	65
1083	404	55	66
1085	407	55	65
1085	401	54	65
1087	399	55	66
1085	400	57	67
1087	397	55	69
1086	396	55	70
1087	406	53	57
1087	406	56	58
1088	405	61	60
1089	401	60	62
1090	408	61	56
1090	405	61	57
1091	401	59	63
1092	409	59	53
1094	408	59	54
1093	408	58	56
1096	405	59	57
1095	411	58	52
1097	409	58	53
1095	413	58	52
1096	413	58	51
1097	413	58	50
1099	414	57	50
1098	415	57	50
1100	416	57	49
1101	416	56	50
1101	415	55	50
1103	416	56	50
1103	416	55	50
1104	416	54	52
1105	417	54	50
1106	417	53	49
1107	416	54	50
1107	416	54	49
1108	414	54	49
1110	411	54	51
1108	416	53	49
1110	414	53	49
1112	408	54	52
1110	414	53	48
1111	417	53	46
1113	415	52	49
1113	417	53	48
1114	419	52	47
1114	419	51	47
1113	418	52	46
1115	418	51	45
1114	418	52	47
1115	419	52	45
1115	419	53	45
1116	419	52	46
1118	418	52	46
1117	418	53	47
1116	419	54	46
1118	417	54	48
1118	421	54	47
1118	418	54	50
1118	414	54	54
1119	420	56	50
1119	416	55	52
1119	422	57	47
1120	420	56	48
1120	423	56	47
1120	420	57	49
1120	424	57	47
1120	420	57	52
1122	419	56	52
1122	413	55	57
1123	418	55	52
1124	414	54	55
1124	414	54	57
1124	416	54	54
1125	414	53	57
1125	412	54	58
1126	414	53	56
1127	411	54	60
1127	415	53	58
1129	413	52	59
1130	413	51	58
1130	412	52	60
1130	410	51	61
1131	413	52	59
1132	415	52	56
1132	413	53	58
1133	414	53	58
1134	414	53	57
1133	413	53	58
1134	415	54	56
1134	412	55	59
1135	410	53	61
1135	410	53	60
1136	410	53	59
1136	408	54	62
1137	408	53	62
1136	407	54	63
1137	406	53	63
1138	404	53	64
1138	403	54	65
1138	404	54	63
1138	403	55	64
1140	414	55	55
1140	406	55	62
1141	400	54	68
1141	397	56	70
1141	396	54	73
1142	424	56	50
1143	422	55	48
1144	426	55	40
1144	425	55	41
1143	426	57	42
1144	425	55	39
1144	424	57	44
1144	427	57	43
1144	425	57	41
1145	426	56	37
1145	425	57	45
1145	423	57	46
1146	423	56	46
1146	425	56	43
1146	422	58	48
1147	426	56	45
1146	424	56	42
1146	426	56	43
1146	423	57	45
1147	423	56	47
1147	423	56	45
1146	422	57	46
1147	422	56	48
1147	421	56	49
1148	421	55	48
1147	419	56	49
1147	418	55	48
1148	418	54	51
1147	417	54	52
1149	418	53	51
1147	417	55	50
1147	417	54	53
1147	417	55	53
1145	419	56	52
1145	420	54	50
1145	421	53	48
1144	422	55	47
1143	422	56	50
1145	423	55	50
1142	426	56	49
1142	431	54	45
1141	425	55	49
1139	430	55	44
1137	429	58	48
1139	431	57	46
1137	426	58	49
1137	432	57	43
1135	432	58	43
1135	431	58	45
1134	431	58	46
1134	432	56	46
1133	433	59	42
1133	434	55	43
1132	432	58	44
1132	432	57	45
1132	433	56	44
1130	430	57	43
1131	430	54	44
1130	433	56	38
1128	431	56	42
1128	433	55	38
1126	430	56	43
1126	431	55	44
1123	431	55	40
1123	432	55	39
1122	432	54	39
1121	431	55	43
1118	433	55	37
1117	432	56	41
1115	432	56	41
1113	431	56	44
1113	431	55	42
1112	432	55	43
1112	427	53	45
1109	428	54	47
1108	428	54	48
1112	429	50	47
1109	429	50	48
1110	431	49	45
1110	431	48	44
1114	430	43	46
1109	431	47	44
1109	432	45	46
1108	432	46	45
1105	433	48	45
1106	432	47	47
1105	434	47	43
1104	434	48	44
1100	434	50	45
1100	434	51	46
1096	434	54	46
1097	435	50	42
1094	434	53	44
1095	435	53	45
1093	435	48	44
1091	435	48	44
1090	436	48	44
1089	436	48	44
1090	437	47	45
1088	437	48	42
1087	438	47	44
1086	438	47	44
1086	438	46	43
1084	438	46	43
1081	439	48	44
1083	441	46	41
1082	440	45	42
1080	440	47	41
1081	440	43	42
1079	441	45	42
1076	441	47	42
1078	442	45	44
1076	442	46	41
1074	442	48	42
1076	443	45	42
1073	442	47	42
1074	442	46	44
1073	443	47	44
1074	443	44	48
1073	444	45	44
1073	444	44	45
1074	445	44	42
1071	445	45	41
1072	445	44	49
1073	444	43	46
1070	446	47	42
1071	446	45	42
1073	445	42	38
1071	445	44	40
1071	446	44	40
1070	447	43	40
1072	445	39	40
1072	446	39	37
1071	446	40	36
1071	445	41	41
1071	446	40	38
1070	445	43	39
1070	444	42	41
1069	444	43	35
1069	442	46	34
1070	435	55	38
1078	438	47	49
1073	435	52	51
1081	440	39	53
1081	441	36	53
1082	441	34	53
1082	441	36	58
1083	441	35	57
1080	442	35	55
1081	440	36	51
1074	442	43	56
1075	443	45	56
1084	441	36	57
1083	439	37	53
1084	438	40	59
1085	438	37	57
1085	438	37	56
1086	437	36	60
1084	436	38	57
1086	435	38	54
1072	436	46	49
1076	435	43	50
1073	433	47	51
1074	433	46	51
1074	432	45	50
1074	432	48	58
1078	431	47	61
1077	431	46	58
1077	430	46	60
1083	429	41	62
1091	425	40	62
1077	426	49	59
1073	424	53	57
1081	424	50	70
1062	431	67	62
1064	434	66	63
1062	431	67	65
1069	427	63	68
1064	421	66	71
1068	422	64	70
1065	430	66	61
1064	433	65	62
1071	431	60	60
1065	432	63	61
1067	434	60	59
1078	434	50	55
1080	434	47	54
1082	435	46	49
1076	435	52	50
1064	434	62	54
1067	434	61	57
1065	435	63	58
1066	435	64	61
1068	435	62	56
1066	435	61	57
1067	435	63	58
1067	436	61	57
1067	436	61	56
1067	437	63	60
1067	437	63	60
1067	437	63	62
1067	437	62	65
1068	436	63	67
1067	436	63	65
1068	434	62	64
1067	437	65	66
1068	434	63	63
1066	437	65	65
1067	435	64	65
1066	438	66	65
1066	437	65	66
1066	438	65	65
1066	438	65	64
1067	438	64	63
1066	436	66	66
1068	435	63	67
1070	434	60	63
1071	433	59	65
1070	432	60	65
1078	432	53	66
1073	433	58	64
1079	433	53	63
1078	435	53	60
1079	434	52	59
1079	432	54	59
1079	431	53	59
1078	431	55	59
1077	430	54	62
1077	431	54	58
1077	430	54	59
1077	430	56	62
1076	430	57	59
1077	429	55	62
1078	430	58	58
1083	429	54	61
1076	427	59	62
1081	427	55	63
1075	426	61	61
1082	426	55	62
1077	424	59	66
1082	424	55	63
1079	424	58	60
1081	423	58	59
1081	424	57	65
1082	423	58	63
1082	425	56	65
1081	424	59	60
1083	422	57	62
1083	422	57	60
1083	422	60	65
1084	420	60	66
1084	420	61	69
1085	420	59	68
1086	420	59	67
1085	419	61	66
1085	418	62	67
1085	419	64	67
1085	419	64	70
1086	418	64	69
1086	420	63	69
1087	420	65	68
1086	422	65	67
1087	421	65	67
1088	421	66	68
1087	420	65	70
1091	421	63	69
1090	422	63	68
1064	409	85	82
1063	408	87	79
1063	411	88	78
1064	411	85	78
1065	410	86	81
1062	412	88	75
1066	411	84	79
1065	412	86	81
1064	411	87	80
1065	413	85	78
1065	414	88	78
1064	414	87	79
1064	415	88	75
1066	417	87	77
1064	416	87	78
1065	416	89	76
1065	416	90	78
1065	416	90	77
1066	415	90	79
1068	416	90	82
1064	415	92	76
1068	416	91	79
1069	416	91	77
1071	418	88	75
1071	417	89	76
1075	417	85	77
1076	417	85	76
1077	418	83	77
1079	420	83	76
1077	419	86	74
1078	421	86	78
1079	421	86	73
1077	421	88	76
1081	421	85	76
1078	424	86	72
1079	422	87	76
1080	421	88	78
1079	424	90	76
1079	423	87	74
1077	423	90	79
1083	423	82	72
1082	424	84	75
1078	423	88	76
1089	424	77	75
1085	425	82	76
1084	424	83	71
1085	424	83	73
1088	422	80	76
1088	421	80	75
1087	422	80	75
1091	423	78	74
1092	423	78	76
1091	422	78	77
1091	422	77	78
1092	421	76	78
1092	421	78	77
1093	422	75	77
1094	423	77	79
1097	423	74	78
1097	425	73	80
1106	427	65	80
1111	427	59	81
1107	428	66	81
1107	427	66	84
1106	427	66	85
1097	428	73	82
1101	430	69	81
1093	429	79	83
1108	426	62	86
1113	427	59	85
1117	429	57	86
1116	432	59	83
1098	433	78	83
1089	433	86	83
1094	434	79	85
1108	432	63	90
1114	430	62	91
1094	433	72	80
1094	434	69	82
1098	435	65	82
1098	436	62	79
1096	435	63	77
1104	436	55	73
1077	452	65	58
1085	441	72	69
1078	435	76	78
1079	440	75	73
1072	436	80	78
1075	440	78	74
1072	438	81	79
1069	439	83	78
1095	439	93	75
1083	441	105	78
1087	441	98	82
1091	443	96	77
1087	443	99	79
1098	439	84	73
1092	443	91	77
1088	442	96	79
1079	441	103	76
1077	441	100	81
1085	440	90	73
1082	441	92	83
1084	441	90	77
1078	440	94	76
1073	438	77	76
1072	439	77	74
1067	438	81	77
1063	439	85	77
1068	440	79	75
1063	438	83	78
1063	437	83	80
1064	439	81	78
1062	437	84	79
1068	439	77	78
1064	439	83	78
1069	439	77	78
1063	436	83	80
1068	438	77	78
1065	437	80	79
1068	436	77	79
1067	436	78	78
1070	436	74	78
1066	437	78	76
1070	436	76	77
1067	435	78	77
1069	435	76	78
1068	435	78	78
1068	436	79	76
1065	436	80	76
1068	436	80	76
1067	437	81	75
1070	437	79	76
1068	436	81	76
1068	437	80	75
1072	436	78	75
1069	436	81	76
1073	436	79	77
1070	435	80	78
1072	435	80	76
1068	435	83	78
1076	435	78	78
1072	436	79	76
1077	436	76	74
1075	436	79	75
1077	436	79	74
1078	437	76	73
1077	437	77	74
1078	437	76	73
1079	438	77	71
1081	435	76	71
1083	435	74	73
1084	435	72	73
1085	438	73	70
1086	438	73	71
1085	435	72	72
1088	436	71	71
1086	436	72	71
1088	436	71	71
1086	438	72	70
1086	435	72	71
1089	439	71	69
1085	434	74	73
1090	443	72	68
1089	437	73	70
1086	440	73	70
1092	436	70	70
1088	445	72	65
1087	441	70	68
1083	441	76	68
1089	429	73	81
1090	427	71	80
1087	440	71	68
1091	428	72	80
1085	440	74	70
1095	427	68	81
1090	437	71	72
1095	446	66	65
1095	443	66	66
1096	433	66	75
1098	434	64	75
1095	431	67	76
1101	435	63	74
1096	447	66	65
1097	442	65	67
1097	435	64	73
1094	444	67	67
1098	438	63	71
1095	436	67	74
1097	440	64	68
1094	436	67	74
1099	438	63	70
1093	436	68	75
1098	437	63	72
1093	436	68	75
1097	437	65	74
1094	437	67	72
1098	441	63	69
1093	437	67	72
1096	435	65	74
1094	438	67	71
1093	436	67	73
1096	437	64	73
1091	436	68	74
1094	436	65	74
1090	434	69	75
1092	444	65	66
1088	438	68	71
1091	437	67	71
1088	437	68	72
1090	436	68	73
1087	435	69	75
1087	437	70	73
1089	437	68	71
1086	439	68	71
1089	438	67	71
1087	439	69	69
1088	437	67	70
1086	439	68	70
1087	437	67	72
1087	438	67	72
1087	437	66	72
1087	436	66	73
1085	435	68	74
1088	439	66	71
1084	437	68	71
1087	434	66	73
1087	438	65	71
1087	435	66	72
1085	433	66	75
1087	434	65	72
1086	435	65	74
1086	436	65	70
1086	436	65	73
1086	435	65	71
1088	437	64	70
1087	438	65	68
1087	437	64	68
1086	434	64	70
1089	433	62	73
1086	430	65	73
1087	438	63	69
1086	434	65	68
1085	436	65	70
1084	435	66	67
1085	432	67	71
1085	436	66	69
1084	432	67	70
1084	432	65	72
1083	433	67	71
1084	431	65	73
1084	432	66	70
1082	431	68	73
1083	434	67	70
1083	433	67	68
1079	434	70	69
1080	431	69	72
1083	431	67	72
1080	433	71	72
1081	431	69	72
1096	430	55	77
1100	428	50	76
1093	430	57	74
1086	433	65	72
1078	431	73	74
1075	434	77	72
1081	432	89	77
1083	436	71	71
1081	437	72	70
1080	439	74	67
1087	440	65	66
1088	441	65	64
1088	443	65	64
1089	441	65	64
1089	444	65	63
1090	443	63	62
1092	449	62	58
1089	447	64	57
1088	446	66	59
1092	446	63	61
1090	443	65	64
1092	448	64	62
1090	444	66	63
1094	444	63	65
1097	450	60	58
1091	438	67	69
1114	435	57	73
1092	443	67	66
1124	433	55	77
1093	445	68	66
1094	433	87	78
1095	433	84	81
1099	432	80	81
1096	433	83	82
1097	434	84	80
1099	434	81	80
1105	433	78	81
1129	435	55	78
1140	435	45	76
1141	433	43	77
1142	434	43	74
1142	436	42	73
1143	434	43	75
1143	432	43	77
1147	439	44	74
1146	434	45	76
1148	439	46	72
1147	434	47	75
1149	435	46	76
1149	436	47	75
1149	433	48	78
1151	436	48	76
1150	436	49	75
1150	435	50	75
1153	435	48	75
1151	434	51	77
1152	436	52	77
1151	434	55	78
1153	435	52	78
1152	436	57	77
1154	436	58	82
1155	435	50	78
1156	440	43	75
1156	434	39	78
1157	438	38	74
1157	434	39	77
1159	430	31	69
1159	435	39	78
1160	430	32	73
1160	429	29	69
1160	435	38	80
1161	431	38	81
1162	432	38	80
1162	432	37	81
1163	427	38	83
1164	427	38	84
1166	428	37	86
1166	426	38	88
1167	429	37	82
1167	425	37	83
1169	425	36	84
1169	425	36	81
1170	424	34	81
1172	422	34	82
1171	422	35	83
1172	423	35	81
1175	422	32	81
1176	419	32	83
1177	420	30	82
1176	419	32	82
1177	419	32	83
1178	421	30	80
1179	417	30	81
1179	419	31	81
1180	419	31	79
1180	418	31	80
1181	419	31	79
1180	419	32	78
1181	418	34	79
1180	418	34	80
1182	419	32	79
1183	418	33	80
1180	416	36	78
1184	417	32	78
1184	420	34	77
1184	418	34	79
1185	419	33	77
1185	418	34	77
1185	418	35	77
1184	419	38	78
1179	417	44	77
1183	420	54	79
1185	420	47	78
1185	420	55	81
1185	421	60	85
1187	421	51	82
1190	423	53	80
1193	422	54	81
1193	423	47	78
1191	423	53	79
1191	423	47	81
1192	424	44	77
1193	422	42	76
1194	423	42	76
1195	424	43	77
1194	424	44	75
1194	426	42	75
1195	426	40	76
1197	426	39	76
1198	425	38	78
1198	426	39	77
1199	429	38	75
1199	428	38	76
1199	428	39	76
1200	431	37	74
1199	430	39	76
1200	430	39	77
1201	432	38	74
1199	431	41	75
1201	430	40	78
1199	432	42	78
1199	432	43	77
1197	434	44	75
1199	433	43	76
1197	434	46	77
1198	434	45	75
1199	435	44	77
1199	436	45	76
1197	437	46	75
1198	437	47	76
1198	437	45	77
1197	437	47	77
1198	437	47	77
1200	437	44	77
1199	437	46	78
1199	438	46	76
1199	439	46	76
1200	438	45	77
1199	440	46	76
1198	440	45	76
1199	442	46	74
1199	442	45	75
1200	443	45	74
1199	441	46	76
1199	443	45	74
1199	443	46	74
1200	443	46	74
1200	444	46	73
1200	443	46	74
1200	444	47	74
1201	445	46	73
1201	446	45	73
1200	446	47	74
1200	447	48	73
1200	447	48	76
1200	447	48	75
1202	448	46	75
1201	448	47	74
1201	448	48	74
1200	448	49	76
1202	449	46	75
1200	451	47	74
1201	451	46	76
1202	452	47	76
1202	453	46	75
1201	451	47	78
1200	453	47	78
1202	454	46	77
1201	453	47	78
1201	454	47	76
1202	456	46	75
1202	457	46	75
1202	457	46	75
1202	458	46	75
1202	457	46	75
1202	459	46	75
1202	458	47	76
1201	458	47	76
1203	460	47	74
1202	460	48	76
1202	460	47	76
1203	461	47	76
1203	462	48	75
1204	462	47	76
1203	464	49	76
1203	464	51	78
1202	464	53	77
1203	465	52	78
1202	466	52	79
1204	466	51	79
1204	467	52	79
1204	468	52	78
1203	469	53	80
1204	469	53	80
1203	468	55	80
1205	470	53	80
1204	471	54	80
1204	471	54	81
1204	472	53	81
1204	472	53	81
1205	472	55	82
1204	472	54	81
1204	473	54	82
1204	473	56	80
1203	474	55	80
1203	474	55	81
1204	475	53	79
1203	473	55	79
1200	475	55	80
1202	476	56	78
1199	475	56	80
1199	475	58	80
1196	475	60	82
1196	478	61	80
1196	477	63	81
1194	477	60	82
1193	477	64	80
1192	477	66	81
1191	477	65	82
1192	477	66	80
1191	477	67	81
1189	475	69	83
1189	476	70	81
1190	477	71	82
1189	477	71	81
1190	476	72	81
1190	476	71	81
1189	476	72	82
1190	477	74	80
1190	475	76	80
1189	476	75	82
1186	474	80	83
1189	475	78	84
1162	476	104	90
1177	476	91	84
1188	477	81	82
1159	475	92	92
1165	478	104	92
1190	478	80	81
1163	476	103	94
1174	477	96	88
1188	480	79	84
1165	476	86	92
1167	476	90	92
1168	475	96	93
1173	475	80	87
1171	476	84	87
1172	476	82	88
1172	474	82	91
1173	476	80	87
1179	475	76	87
1181	475	80	87
1189	478	66	83
1185	477	74	84
1184	477	87	88
1185	478	81	85
1186	478	90	85
1186	475	84	88
1182	474	71	88
1189	477	64	85
1177	476	76	87
1178	474	74	87
1190	477	64	84
1192	478	62	81
1188	477	65	82
1179	477	72	86
1186	476	66	85
1186	477	66	85
1186	477	65	85
1190	478	62	80
1188	478	63	81
1190	479	62	79
1189	479	63	79
1191	479	62	80
1190	480	61	80
1191	477	61	80
1191	478	62	79
1192	476	60	79
1192	476	62	78
1191	477	61	77
1192	476	61	78
1192	475	62	79
1192	473	62	79
1192	473	65	81
1192	473	62	80
1192	473	65	79
1192	472	66	80
1191	473	64	80
1192	472	65	79
1193	471	65	79
1193	469	66	80
1193	469	65	80
1193	468	64	81
1193	468	63	79
1193	468	64	80
1194	467	61	79
1195	467	62	80
1195	467	64	79
1194	465	65	81
1194	465	66	81
1193	464	66	81
1195	465	65	82
1192	463	67	83
1194	464	66	82
1195	464	65	82
1196	463	66	81
1191	461	69	84
1189	459	72	87
1194	460	68	84
1195	461	69	82
1194	459	71	84
1195	461	71	81
1190	458	76	84
1193	456	71	86
1193	458	70	83
1194	458	70	83
1194	458	72	82
1193	458	73	82
1196	460	71	80
1193	456	74	83
1193	457	74	82
1195	459	73	80
1193	454	75	83
1195	456	73	83
1193	456	75	81
1194	456	73	83
1194	456	74	83
1193	454	73	83
1197	455	72	82
1194	457	71	83
1196	457	72	80
1193	454	75	83
1194	457	69	80
1195	457	69	82
1195	457	70	80
1194	456	72	82
1191	455	71	82
1196	455	74	84
1194	455	70	83
1196	454	73	83
1192	455	69	83
1189	453	71	84
1195	454	67	82
1196	452	74	83
1195	453	67	83
1196	452	77	82
1194	452	75	82
1194	454	68	81
1193	452	72	81
1191	452	67	83
1192	453	71	80
1187	451	68	83
1192	451	66	82
1194	455	68	78
1191	452	64	80
1193	453	68	82
1193	452	69	82
1196	452	71	80
1192	453	68	80
1194	454	69	79
1193	453	69	80
1193	453	71	80
1190	452	71	82
1192	450	78	84
1191	458	75	77
1192	452	80	81
1190	452	80	82
1187	449	73	86
1188	449	83	84
1187	455	81	80
1190	454	86	80
1187	457	87	76
1188	451	89	82
1186	451	90	84
1186	449	91	84
1184	449	90	85
1189	456	92	78
1188	453	91	80
1187	450	90	85
1186	451	93	84
1186	449	91	86
1184	457	79	79
1183	456	71	81
1184	459	71	78
1183	446	73	90
1185	459	71	82
1183	449	72	89
1187	457	69	82
1183	455	73	85
1187	458	69	82
1184	445	73	95
1184	444	73	91
1184	443	73	92
1187	452	71	89
1186	451	73	88
1183	443	74	93
1185	443	73	92
1186	443	72	96
1187	449	72	88
1191	460	67	80
1189	460	68	79
1189	459	69	80
1191	460	66	79
1189	458	68	80
1187	447	70	89
1189	460	68	81
1191	458	66	79
1184	444	71	92
1189	459	69	81
1188	450	69	85
1188	444	69	91
1187	447	70	90
1183	437	75	98
1186	439	72	96
1187	437	71	97
1187	438	73	98
1185	438	73	100
1187	437	72	101
1186	437	73	102
1187	438	72	101
1187	438	72	102
1187	439	71	100
1187	444	71	95
1187	434	71	104
1191	454	70	86
1187	437	72	101
1190	439	71	100
1189	436	72	102
1190	437	72	103
1190	436	72	105
1195	458	70	83
1195	462	69	81
1192	456	70	85
1194	443	71	96
1194	432	69	108
1193	434	73	104
1195	435	72	104
1200	463	70	78
1197	460	71	82
1198	461	71	81
1200	463	69	79
1196	433	73	106
1200	451	71	89
1199	461	72	83
1197	433	75	106
1197	434	75	105
1200	453	72	88
1200	463	71	80
1200	460	72	81
1199	462	73	81
1200	462	72	81
1200	462	72	81
1197	461	75	80
1199	461	73	80
1199	461	73	82
1199	461	73	82
1194	457	77	84
1198	460	75	83
1196	435	75	104
1197	436	77	103
1200	457	75	84
1195	446	78	94
1199	440	75	97
1199	439	76	101
1200	439	76	100
1199	439	76	101
1200	440	74	100
1197	442	76	98
1201	441	73	96
1202	453	73	88
1198	440	76	100
1201	451	75	91
1198	439	76	99
1201	450	76	92
1197	441	76	96
1200	456	75	85
1198	446	76	91
1199	441	77	94
1198	452	74	89
1198	438	75	97
1198	439	75	98
1197	440	76	96
1197	440	75	96
1197	439	76	95
1196	439	74	96
1195	438	74	98
1196	437	74	97
1195	454	72	83
1193	449	73	87
1191	437	74	97
1190	439	76	97
1190	439	76	94
1186	438	76	98
1190	438	74	99
1188	437	75	96
1188	437	74	98
1188	437	76	96
1186	437	74	96
1187	436	74	98
1185	435	76	98
1186	435	74	99
1185	435	76	99
1185	435	75	97
1185	433	75	100
1184	434	75	100
1185	434	75	100
1185	433	76	101
1184	433	76	100
1185	432	75	101
1185	432	76	100
1185	432	75	100
1185	429	74	103
1184	430	76	101
1185	427	77	104
1185	427	76	102
1185	426	77	102
1185	426	79	104
1186	424	78	105
1186	424	77	103
1187	424	77	104
1188	424	76	103
1188	424	78	106
1188	424	78	101
1189	423	79	108
1190	421	75	101
1188	421	80	106
1192	421	76	101
1188	421	80	105
1190	418	78	105
1193	419	77	102
1191	419	78	106
1190	418	80	103
1191	418	80	105
1191	417	79	104
1191	416	80	105
1192	415	78	105
1193	416	79	104
1193	414	77	104
1192	414	78	103
1192	414	77	103
1193	413	78	103
1193	412	78	104
1195	412	76	104
1193	412	75	103
1195	411	75	104
1195	411	74	105
1195	410	75	103
1195	408	74	105
1196	409	74	104
1194	409	74	103
1194	409	74	105
1195	408	74	105
1193	408	74	105
1195	407	74	105
1194	407	74	104
1193	407	76	106
1193	406	74	106
1196	406	73	106
1192	406	76	103
1196	406	74	104
1191	408	77	103
1195	406	76	103
1187	406	81	103
1194	406	76	105
1194	407	76	104
1195	405	75	103
1193	405	76	101
1190	405	79	104
1192	404	79	103
1191	404	81	103
1192	404	80	103
1192	404	80	102
1192	403	81	103
1192	402	79	101
1192	406	81	100
1191	404	80	101
1192	403	81	102
1193	403	79	102
1192	403	80	103
1190	402	81	103
1191	402	81	102
1193	402	80	104
1192	403	80	103
1193	402	79	104
1193	402	79	101
1193	402	80	103
1193	402	79	103
1192	402	79	103
1192	403	79	102
1190	402	81	102
1190	401	81	102
1189	400	82	104
1190	400	82	103
1190	399	83	104
1189	397	83	103
1191	398	82	104
1190	399	83	104
1188	397	83	102
1188	396	84	105
1188	396	84	104
1186	396	85	103
1186	395	84	103
1184	395	86	105
1185	394	86	105
1182	394	88	105
1185	401	85	103
1185	396	83	104
1182	393	87	105
1184	397	85	105
1184	394	84	103
1182	394	86	105
1184	394	83	104
1183	395	84	105
1183	396	83	104
1184	395	82	104
1182	396	85	103
1182	395	82	104
1182	396	81	104
1179	396	85	102
1180	396	82	104
1178	395	82	103
1179	397	82	103
1179	397	80	102
1177	397	81	99
1175	396	83	105
1177	396	78	102
1174	396	85	103
1175	395	78	104
1171	397	81	104
1173	398	79	104
1173	395	78	103
1169	396	82	104
1165	396	85	106
1171	396	79	105
1167	396	83	105
1163	395	86	107
1171	394	78	108
1165	396	84	104
1170	395	82	106
1164	394	86	106
1169	394	82	108
1161	394	87	107
1170	391	81	107
1164	390	85	106
1167	390	85	110
1156	407	85	95
1166	410	78	90
1165	388	82	109
1168	387	83	112
1162	396	83	104
1169	392	79	110
1156	410	87	92
1167	412	75	89
1163	413	81	90
1159	411	84	91
1167	412	78	89
1163	412	81	88
1159	411	84	88
1150	411	90	91
1162	413	83	87
1158	413	85	90
1153	413	90	91
1153	411	89	89
1163	413	81	88
1160	413	84	87
1159	413	86	89
1151	411	94	90
1146	412	94	92
1153	411	89	91
1147	410	95	91
1149	409	93	92
1147	410	94	92
1155	410	87	93
1146	409	95	92
1155	412	87	91
1146	410	95	91
1142	409	97	91
1144	410	94	91
1141	410	98	92
1144	412	96	89
1150	412	89	88
1142	411	96	92
1146	411	91	91
1142	409	94	92
1148	413	91	90
1141	411	97	92
1152	413	88	90
1142	413	97	91
1153	413	86	89
1145	412	94	91
1156	413	84	89
1149	414	91	90
1142	411	96	91
1157	413	83	91
1153	413	87	88
1147	411	92	92
1142	411	95	92
1146	411	93	93
1142	409	95	94
1145	410	94	92
1147	410	91	94
1142	411	95	93
1149	411	91	93
1160	416	83	88
1159	412	84	91
1147	413	93	95
1141	411	97	97
1147	413	94	95
1142	412	97	97
1154	415	89	95
1147	414	95	98
1141	415	98	97
1148	416	93	97
1142	417	96	96
1149	418	91	97
1140	415	96	99
1148	416	92	98
1150	418	89	96
1159	421	82	92
1155	421	88	94
1147	419	92	95
1154	423	89	93
1147	419	92	93
1156	422	89	94
1153	422	89	95
1162	424	85	89
1159	425	84	90
1155	425	87	94
1148	424	92	89
1162	426	86	87
1160	426	85	96
1158	426	89	86
1150	427	96	90
1157	428	88	85
1159	428	86	85
1156	429	87	82
1157	429	89	83
1156	429	88	81
1152	429	95	85
1151	430	93	85
1147	429	96	85
1151	429	94	86
1147	429	96	85
1152	430	93	86
1148	431	95	83
1146	430	98	86
1158	431	87	83
1154	431	91	86
1150	432	93	84
1153	432	92	84
1148	432	94	83
1146	431	94	85
1160	433	86	84
1158	432	88	84
1150	431	94	85
1148	432	95	85
1147	432	94	84
1147	431	93	85
1148	431	93	85
1144	431	96	86
1146	431	93	85
1144	431	91	84
1145	432	95	84
1145	430	92	85
1143	431	93	86
1145	431	91	85
1142	431	92	84
1139	430	91	84
1141	432	94	86
1142	432	92	85
1140	431	91	85
1141	431	92	86
1139	432	91	85
1138	430	90	87
1143	433	90	86
1140	430	91	88
1139	431	90	87
1138	433	90	86
1138	434	90	87
1139	434	90	86
1139	434	90	85
1137	434	90	85
1138	434	89	86
1136	435	90	86
1137	435	89	85
1136	436	91	85
1138	435	89	84
1135	436	90	83
1138	435	90	85
1137	435	89	84
1139	433	91	85
1137	436	91	84
1138	435	89	84
1135	436	90	85
1135	435	88	85
1137	432	88	86
1136	436	89	84
1134	433	90	86
1134	436	89	83
1132	435	91	84
1132	435	91	85
1131	435	92	85
1131	434	92	85
1130	435	92	84
1131	434	92	86
1130	435	92	87
1129	433	91	87
1124	433	95	88
1127	435	95	87
1125	433	94	87
1125	434	94	88
1127	433	96	88
1125	433	94	88
1125	433	93	87
1125	433	91	88
1125	432	92	86
1123	431	93	89
1121	432	95	89
1122	431	93	87
1125	431	90	88
1126	432	91	88
1124	429	93	89
1124	430	92	89
1123	429	92	88
1123	428	92	92
1123	429	92	90
1122	429	93	91
1120	430	95	90
1117	429	98	89
1120	430	94	90
1119	428	95	88
1119	428	93	92
1119	429	96	89
1119	427	93	89
1120	426	92	92
1117	426	94	92
1119	427	94	91
1117	425	96	93
1116	426	96	96
1118	424	94	92
1117	423	95	93
1116	423	95	93
1116	423	95	97
1118	423	94	95
1116	422	96	96
1117	423	96	95
1117	423	94	95
1116	419	95	96
1118	422	93	96
1116	421	95	95
1115	422	94	97
1115	420	94	98
1111	419	96	99
1112	419	94	98
1111	418	96	99
1109	417	97	99
1110	417	96	99
1111	418	95	100
1111	416	95	98
1110	416	95	98
1108	415	96	101
1109	416	97	99
1108	417	95	98
1107	415	96	99
1107	415	96	100
1107	414	96	99
1104	413	97	100
1106	413	94	100
1105	412	96	100
1103	412	96	101
1103	412	96	100
1100	410	98	100
1100	411	99	101
1101	410	97	99
1101	409	97	101
1099	408	99	102
1100	408	98	102
1099	406	99	103
1098	405	100	104
1098	406	100	103
1097	404	100	103
1098	404	99	103
1098	405	99	102
1096	403	101	104
1094	403	101	101
1097	399	98	104
1093	401	101	102
1094	401	102	102
1095	400	101	104
1095	399	99	104
1094	397	100	105
1094	397	101	105
1094	395	100	107
1093	394	100	108
1093	392	100	107
1093	393	101	106
1092	392	102	107
1093	391	102	108
1092	390	102	109
1092	388	103	110
1093	388	102	110
1092	387	102	109
1092	387	102	109
1091	387	101	110
1092	385	101	108
1090	386	101	108
1090	384	101	107
1090	383	102	108
1087	383	101	109
1092	380	101	109
1089	382	102	109
1090	379	101	110
1088	383	104	108
1088	380	101	108
1089	380	101	108
1088	380	103	106
1088	378	103	108
1088	378	102	108
1088	377	103	107
1088	378	102	107
1087	378	103	107
1087	376	103	107
1089	376	102	108
1087	375	103	108
1087	376	103	109
1089	375	102	107
1086	374	104	108
1089	373	102	108
1088	374	101	108
1089	373	102	107
1087	373	103	107
1090	371	102	109
1086	373	103	109
1089	372	103	107
1087	372	103	110
1090	372	101	106
1087	370	102	111
1089	369	102	111
1086	370	103	112
1088	368	104	109
1086	368	104	108
1086	366	105	111
1087	368	105	107
1087	367	104	106
1086	365	105	110
1087	365	103	108
1086	363	106	107
1085	363	105	109
1088	363	106	106
1085	361	107	103
1084	361	108	106
1083	358	108	106
1082	356	108	109
1084	357	109	109
1086	357	108	109
1084	355	108	107
1084	355	107	110
1083	352	109	111
1083	349	107	111
1083	351	110	111
1082	346	107	113
1083	346	106	110
1082	347	108	111
1083	345	105	111
1081	346	106	110
1080	342	108	113
1082	341	106	114
1082	341	105	113
1081	339	107	114
1082	336	105	115
1079	336	107	114
1080	337	107	115
1079	334	108	115
1079	335	107	114
1079	334	106	116
1079	335	106	113
1077	331	109	119
1078	330	109	119
1079	329	105	120
1079	330	108	117
1079	330	106	115
1077	330	108	113
1077	327	108	115
1079	328	106	114
1078	327	109	114
1079	324	108	117
1077	321	108	119
1079	321	108	119
1081	320	105	118
1079	323	107	112
1082	320	108	114
1078	315	109	121
1080	312	107	123
1081	316	106	116
1080	314	106	116
1083	308	107	120
1080	312	109	124
1081	307	109	125
1083	311	108	122
1082	308	110	123
1082	309	110	123
1082	307	109	125
1082	305	108	124
1084	309	108	119
1084	306	105	124
1081	304	108	124
1082	308	110	121
1081	304	109	125
1081	306	109	124
1081	306	108	123
1079	302	111	125
1081	306	111	125
1080	299	112	130
1081	302	110	127
1081	303	110	126
1081	302	109	128
1081	302	111	128
1081	302	111	128
1083	302	108	129
1084	304	107	130
1084	301	107	126
1084	302	110	127
1084	303	109	127
1084	304	109	126
1085	305	108	122
1083	302	110	122
1084	304	108	121
1085	304	108	120
1084	303	107	122
1086	304	110	121
1085	302	107	124
1085	303	108	121
1084	302	111	124
1086	304	108	123
1085	301	109	128
1086	302	111	124
1086	302	109	124
1087	302	109	124
1086	303	108	122
1089	303	109	124
1089	302	108	123
1090	300	108	124
1089	301	109	126
1091	300	108	124
1090	301	109	124
1090	300	109	124
1090	301	108	126
1091	299	109	129
1092	296	110	130
1092	295	109	132
1092	294	110	135
1093	295	109	131
1090	290	111	136
1093	304	110	124
1093	296	110	133
1093	292	112	139
1091	288	112	144
1094	290	113	138
1092	288	111	144
1092	288	113	144
1094	293	111	134
1095	293	111	137
1093	293	110	134
1095	298	110	129
1096	306	110	130
1097	305	109	125
1097	303	109	128
1097	303	109	127
1099	310	109	124
1097	310	110	119
1096	312	110	122
1098	310	111	117
1099	314	109	118
1097	310	111	118
1099	313	109	120
1099	309	111	121
1100	314	109	122
1099	313	111	120
1099	312	111	116
1099	314	111	119
1101	313	110	116
1099	313	109	118
1100	313	110	120
1101	315	108	117
1100	313	110	119
1101	315	108	119
1100	312	110	117
1100	316	109	118
1099	308	108	125
1100	309	108	123
1099	311	107	121
1099	311	108	123
1100	313	108	118
1100	312	109	125
1102	317	107	120
1101	311	108	125
1100	314	106	120
1100	313	107	121
1101	313	107	121
1100	312	108	121
1101	308	108	124
1102	308	105	123
1101	312	107	120
1101	311	107	120
1100	306	107	125
1101	310	106	125
1100	309	106	123
1101	310	106	121
1102	307	106	121
1100	313	106	122
1101	311	104	119
1101	311	105	120
1102	307	105	119
1101	309	106	122
1100	308	105	123
1102	307	105	121
1102	307	103	121
1101	314	101	117
1098	316	104	120
1104	310	99	120
1101	317	100	119
1104	320	98	117
1102	323	99	115
1101	308	101	125
1100	310	101	123
1101	318	99	118
1101	321	99	118
1102	312	99	124
1102	317	99	119
1102	316	100	122
1102	316	99	122
1104	320	98	118
1102	322	102	118
1103	314	100	121
1103	314	100	120
1100	315	101	121
1098	323	101	119
1101	319	101	119
1101	317	101	121
1101	319	100	119
1101	319	101	118
1100	325	100	116
1101	316	102	120
1100	325	101	116
1101	319	102	119
1099	325	101	116
1100	318	102	123
1095	319	104	121
1098	323	102	119
1098	319	104	120
1096	322	104	121
1097	317	103	122
1097	324	103	119
1096	317	105	123
1098	322	101	121
1097	318	103	121
1098	318	103	124
1096	320	100	121
1097	320	102	121
1094	317	103	124
1096	321	104	121
1094	319	105	122
1096	317	104	122
1094	316	106	125
1096	316	105	124
1093	314	107	125
1094	316	105	123
1094	318	106	121
1094	317	105	122
1094	316	105	121
1092	316	107	122
1093	317	105	122
1092	315	106	122
1094	323	103	117
1091	319	106	122
1094	319	103	119
1090	321	108	119
1093	318	105	120
1089	319	107	120
1090	319	108	120
1089	320	109	119
1090	313	109	123
1089	318	108	123
1086	315	111	125
1086	318	112	121
1087	314	110	122
1088	315	111	123
1090	315	108	121
1088	315	108	122
1089	315	107	122
1092	316	104	121
1089	314	109	122
1091	314	107	122
1091	316	106	122
1092	314	105	122
1090	316	108	120
1092	316	108	120
1091	317	107	121
1091	316	104	120
1091	317	104	121
1088	318	102	123
1088	318	108	123
1089	315	106	122
1089	316	109	122
1089	317	111	120
1090	318	112	121
1093	317	110	120
1090	318	107	119
1090	319	103	119
1093	318	105	118
1090	318	110	120
1093	319	108	120
1092	320	109	118
1094	326	109	116
1091	318	111	119
1094	324	112	117
1091	319	114	118
1092	325	113	114
1091	319	113	118
1091	327	114	113
1088	322	118	119
1087	327	119	114
1089	324	117	116
1083	329	122	114
1084	330	120	115
1087	331	118	114
1086	332	117	112
1083	334	125	112
1081	336	124	113
1081	335	124	115
1081	334	123	116
1082	334	124	116
1088	339	120	113
1083	337	123	113
1082	339	124	114
1084	339	122	114
1088	341	120	112
1088	342	121	111
1089	343	119	109
1089	342	119	113
1091	343	118	112
1088	344	122	113
1090	344	119	112
1091	346	117	112
1091	345	119	112
1093	346	118	112
1091	345	119	113
1092	346	116	112
1090	347	116	113
1089	349	119	112
1088	347	119	114
1088	349	118	112
1088	349	117	113
1085	347	120	115
1085	353	119	113
1087	353	114	113
1089	354	112	113
1088	354	113	113
1085	353	115	114
1086	357	113	112
1082	356	117	115
1083	358	116	114
1080	359	112	115
1081	360	110	114
1080	360	108	114
1079	361	109	116
1078	361	111	114
1076	362	112	114
1077	364	110	113
1074	364	111	114
1074	365	110	115
1070	366	112	115
1069	367	112	115
1068	368	110	113
1066	367	112	116
1067	369	110	114
1067	369	109	114
1062	371	111	113
1065	373	109	112
1064	373	111	114
1064	373	110	115
1062	371	110	116
1059	376	113	112
1060	375	109	114
1061	378	107	112
1059	377	110	114
1060	377	110	113
1060	381	109	112
1059	380	108	113
1057	379	110	113
1055	380	110	111
1055	383	110	111
1058	382	106	112
1056	383	108	113
1057	384	106	112
1056	384	105	112
1056	385	103	109
1057	384	104	112
1055	380	108	114
1055	384	106	113
1054	383	107	112
1052	382	108	114
1053	384	105	111
1052	385	107	111
1052	383	109	111
1054	386	108	110
1054	383	107	111
1053	385	109	112
1054	383	108	112
1054	382	107	113
1053	383	109	113
1053	383	110	112
1053	384	110	113
1050	383	112	112
1049	385	114	113
1050	383	113	113
1050	386	115	113
1050	386	115	113
1050	385	116	114
1047	384	118	115
1048	387	117	114
1047	387	119	115
1047	387	118	116
1047	385	118	115
1046	387	120	116
1051	386	115	113
1051	387	115	113
1052	387	117	113
1049	387	119	112
1049	388	120	113
1048	386	121	115
1050	388	121	114
1049	387	123	113
1050	387	121	113
1048	387	124	113
1052	387	122	111
1049	387	123	112
1051	387	123	111
1051	389	122	112
1054	388	120	115
1053	388	122	113
1050	389	124	116
1054	387	122	114
1050	389	124	113
1055	387	121	114
1051	388	126	113
1052	388	126	114
1053	388	124	114
1053	386	125	114
1055	388	124	113
1053	388	126	113
1055	388	124	114
1054	387	126	114
1057	388	123	112
1059	384	120	112
1060	387	119	113
1058	384	120	114
1058	387	121	112
1059	385	121	112
1059	386	122	115
1060	383	122	112
1060	386	118	111
1061	381	119	115
1061	383	120	114
1062	381	119	113
1059	381	121	115
1062	381	119	113
1060	382	121	112
1063	380	121	113
1061	381	121	114
1064	378	119	114
1060	377	121	114
1062	379	121	113
1061	376	120	114
1063	378	120	114
1061	374	121	116
1065	377	119	115
1060	374	124	116
1064	376	120	115
1063	372	122	116
1062	374	124	117
1062	371	122	117
1062	371	123	118
1060	370	127	118
1055	369	132	117
1059	368	127	116
1062	371	124	117
1061	364	126	120
1062	368	129	120
1062	366	129	119
1060	364	131	120
1064	367	125	120
1063	366	127	119
1064	367	124	118
1064	367	125	118
1067	367	123	119
1070	368	121	119
1067	367	121	119
1068	368	124	120
1068	368	123	120
1065	365	123	124
1063	366	125	123
1066	367	125	122
1067	366	123	124
1067	365	122	125
1065	367	123	124
1063	365	129	126
1064	368	124	124
1060	365	129	125
1062	367	130	124
1063	367	125	124
1065	366	128	125
1065	367	123	123
1066	371	133	123
1061	366	136	123
1059	367	133	125
1065	368	130	123
1062	365	127	124
1066	368	130	122
1063	361	131	129
1062	365	126	126
1065	365	131	127
1062	363	135	126
1061	364	134	127
1065	364	130	125
1058	362	135	129
1059	360	132	129
1061	363	136	128
1062	361	134	128
1064	361	132	126
1058	363	137	130
1065	362	131	128
1060	360	135	131
1065	363	132	127
1063	360	133	132
1065	360	131	132
1065	357	131	133
1061	360	136	131
1061	358	136	133
1061	358	137	132
1063	358	135	131
1062	353	139	133
1062	357	135	134
1063	355	135	132
1065	354	133	134
1061	353	136	135
1059	352	138	136
1054	355	143	135
1057	352	141	134
1058	352	139	136
1057	353	140	135
1067	354	133	134
1045	348	153	138
1055	349	145	134
1057	353	142	134
1060	347	138	137
1058	349	140	137
1061	350	139	135
1059	349	140	135
1062	351	136	134
1064	349	139	134
1061	348	143	136
1065	348	140	134
1067	346	138	136
1064	346	143	136
1068	347	138	135
1062	345	142	136
1064	344	140	137
1065	342	140	138
1066	342	141	138
1067	344	140	135
1063	342	145	139
1064	342	143	137
1067	342	143	136
1064	341	145	138
1062	343	149	140
1066	346	144	141
1068	345	145	139
1068	345	146	139
1069	344	144	140
1071	345	144	139
1067	345	149	139
1069	347	147	139
1072	347	144	140
1063	346	153	141
1069	349	148	141
1073	346	148	139
1067	348	154	140
1073	350	145	138
1071	349	150	140
1071	352	147	141
1066	351	154	139
1074	353	147	139
1071	352	148	142
1070	355	149	140
1070	356	147	140
1064	355	155	143
1077	356	143	146
1074	356	143	144
1072	361	152	143
1070	358	149	146
1082	362	140	144
1077	365	146	145
1080	365	143	148
1078	368	144	146
1081	369	143	145
1080	369	139	147
1085	368	137	149
1083	371	138	147
1085	370	137	151
1083	371	138	154
1085	371	137	155
1084	374	138	156
1084	377	134	154
1083	379	139	160
1084	376	141	157
1081	379	137	158
1085	375	140	162
1086	377	136	154
1083	378	138	159
1085	382	138	158
1088	385	137	161
1084	379	142	159
1086	381	138	164
1085	383	139	157
1086	384	138	160
1085	383	141	147
1088	382	138	150
1089	383	134	152
1087	383	140	151
1088	382	137	151
1088	381	140	161
1086	380	143	155
1089	381	142	154
1092	380	141	160
1090	370	141	160
1089	374	141	160
1090	378	141	155
1090	377	143	155
1088	374	143	163
1088	378	144	156
1090	377	140	161
1089	376	139	157
1091	377	138	154
1091	377	138	153
1092	374	137	154
1091	376	139	151
1093	374	136	154
1093	374	141	154
1094	375	141	154
1095	372	139	157
1095	372	138	157
1096	372	140	156
1095	371	139	157
1096	370	140	157
1096	371	141	158
1097	370	140	158
1097	368	140	160
1098	364	140	160
1097	370	139	157
1095	368	140	161
1092	367	147	161
1097	365	137	158
1097	369	139	158
1096	363	143	160
1094	365	143	162
1094	366	144	163
1100	362	135	160
1100	368	138	161
1097	363	140	164
1100	363	137	168
1100	363	138	165
1099	362	135	166
1096	361	137	170
1100	364	133	172
1101	359	134	173
1103	359	130	172
1100	360	135	169
1103	361	132	168
1100	360	135	172
1104	362	127	174
1101	360	131	171
1104	360	132	171
1101	360	132	172
1103	359	131	175
1101	358	123	173
1103	361	128	175
1105	361	129	178
1101	358	128	179
1101	356	128	183
1102	357	129	182
1105	358	127	179
1105	354	129	176
1104	357	127	171
1100	357	131	180
1098	353	133	180
1103	354	130	176
1103	353	132	176
1103	351	133	182
1103	351	127	180
1103	349	130	183
1104	354	129	181
1104	354	129	181
1104	351	131	183
1104	355	125	185
1106	350	125	184
1105	353	127	183
1104	353	126	186
1103	356	127	186
1104	357	124	184
1105	350	111	183
1102	357	123	184
1102	357	124	190
1104	359	121	183
1101	357	120	188
1104	358	119	186
1103	358	117	188
1103	360	120	184
1103	361	117	186
1102	361	115	184
1100	360	113	189
1097	358	109	194
1103	357	113	189
1098	361	113	184
1098	359	113	191
1099	359	107	192
1097	355	111	194
1096	361	107	193
1098	360	111	192
1094	361	102	189
1097	364	106	192
1094	361	104	195
1099	362	102	201
1096	365	103	188
1097	363	108	196
1093	363	104	197
1093	362	98	201
1092	364	103	206
1090	364	102	202
1089	368	102	200
1089	368	100	203
1088	369	102	196
1088	371	101	200
1089	367	97	204
1086	371	99	202
1083	366	96	205
1087	375	93	197
1086	375	91	194
1083	377	93	193
1083	371	90	198
1087	375	88	194
1084	376	89	195
1086	372	84	200
1085	371	83	203
1086	376	84	195
1082	383	91	188
1083	387	92	188
1081	391	97	179
1083	395	101	176
1084	396	98	171
1084	392	95	175
1084	392	94	178
1085	397	95	173
1086	392	93	177
1083	392	92	180
1084	395	91	178
1085	395	90	177
1084	397	87	178
1085	392	86	177
1085	396	82	174
1084	393	83	179
1086	395	80	174
1087	396	78	173
1087	395	79	175
1087	392	77	174
1084	389	77	176
1085	391	77	180
1085	391	76	173
1087	389	73	173
1085	389	72	175
1083	389	70	173
1090	391	64	166
1084	387	62	169
1084	389	59	164
1084	389	60	165
1083	390	61	161
1082	391	60	161
1085	386	57	164
1083	387	57	163
1075	386	64	164
1077	385	62	161
1079	386	61	165
1088	382	53	163
1082	383	61	168
1090	382	52	166
1081	380	61	171
1085	383	59	164
1077	384	67	165
1079	387	67	158
1069	389	78	156
1073	392	76	159
1086	387	64	166
1094	378	56	170
1098	380	53	169
1088	374	66	173
1072	379	80	165
1073	383	82	163
1066	377	89	164
1073	380	84	167
1065	376	92	168
1069	379	91	168
1069	378	91	166
1069	375	91	164
1070	371	93	166
1074	369	89	171
1066	338	101	193
1067	333	104	201
1070	331	105	203
1071	336	108	194
1066	328	111	202
1069	332	114	198
1068	329	115	206
1069	333	119	195
1065	327	122	199
1069	336	122	195
1059	330	134	192
1077	338	120	184
1072	349	124	174
1070	328	131	193
1101	355	100	170
1077	352	124	175
1113	326	93	185
1102	332	107	184
1110	341	99	178
1115	349	99	171
1116	336	101	174
1121	329	98	178
1122	311	104	197
1125	316	105	187
1121	317	109	191
1121	331	111	173
1126	319	113	186
1125	328	113	172
1126	319	116	182
1123	345	122	161
1127	348	120	159
1129	318	122	189
1130	337	121	164
1132	324	122	174
1138	317	123	176
1138	323	123	176
1137	320	129	174
1144	323	121	166
1138	353	129	150
1146	324	128	170
1146	320	131	170
1143	327	135	166
1149	328	132	162
1149	329	136	163
1149	347	135	148
1151	344	135	145
1154	330	136	162
1151	351	138	139
1151	342	140	149
1154	346	138	143
1157	350	138	138
1154	346	142	145
1158	348	138	138
1160	337	144	151
1160	349	143	136
1165	346	140	139
1165	346	142	138
1165	349	142	136
1172	322	139	163
1168	328	141	155
1171	347	138	138
1176	326	140	160
1173	339	139	150
1168	352	144	136
1169	352	147	134
1168	350	147	137
1172	348	142	135
1170	353	148	134
1170	348	146	143
1166	355	151	133
1168	347	148	140
1164	358	153	129
1168	357	150	134
1170	346	149	142
1172	364	145	129
1168	361	150	125
1174	354	146	136
1170	352	149	142
1174	364	143	129
1171	360	146	137
1173	362	145	137
1169	360	146	131
1172	371	145	129
1172	367	144	130
1172	357	147	138
1174	375	143	128
1170	369	144	130
1173	376	144	129
1174	372	140	128
1174	383	140	120
1176	377	141	125
1172	373	144	131
1171	378	147	129
1173	374	143	127
1172	380	147	127
1180	377	135	120
1176	380	143	121
1175	382	144	120
1191	383	138	127
1184	381	141	114
1183	382	141	120
1181	382	149	121
1184	382	142	114
1183	387	146	113
1190	383	143	117
1184	388	145	114
1192	388	143	112
1188	387	142	115
1187	389	146	111
1190	394	147	113
1186	393	143	107
1188	398	144	110
1191	391	142	109
1191	393	141	111
1193	397	143	111
1191	395	140	106
1193	400	142	110
1192	397	138	106
1192	403	142	108
1193	397	142	107
1196	405	137	103
1196	398	137	105
1191	408	139	101
1191	404	142	103
1194	411	142	105
1191	406	138	103
1191	414	141	107
1190	408	140	106
1193	414	141	107
1193	416	141	107
1192	410	140	107
1198	421	142	118
1194	416	142	105
1194	425	148	108
1193	419	142	111
1196	428	147	105
1197	428	145	98
1191	431	140	97
1197	434	144	106
1189	433	145	101
1194	434	138	97
1201	440	139	109
1198	436	143	102
1195	434	147	98
1202	443	137	106
1200	443	142	109
1203	440	141	118
1196	441	145	115
1209	439	136	118
1202	444	140	113
1210	444	137	115
1206	442	141	115
1204	446	141	110
1209	449	142	108
1203	453	144	104
1206	434	144	118
1198	434	147	115
1203	431	150	119
1202	456	148	101
1199	458	155	103
1200	440	155	114
1211	435	143	121
1208	436	143	120
1206	435	151	123
1202	434	148	121
1210	432	145	123
1202	431	153	125
1209	430	148	127
1207	430	145	125
1202	432	149	123
1209	436	146	120
1207	432	149	122
1210	431	147	122
1208	435	148	122
1208	434	149	120
1210	435	151	124
1213	430	148	125
1214	429	144	128
1211	427	148	128
1212	429	146	129
1211	426	149	128
1211	424	151	134
1213	423	147	133
1211	422	150	137
1212	420	149	138
1213	421	150	134
1217	419	144	142
1211	419	149	144
1220	421	146	139
1211	457	152	106
1213	428	151	134
1219	416	151	148
1218	411	151	146
1217	421	150	144
1221	418	150	146
1219	413	149	146
1216	440	153	121
1218	476	159	85
1216	483	157	84
1223	473	148	84
1220	481	152	79
1219	474	158	85
1227	462	152	99
1234	465	147	96
1241	470	142	90
1230	464	154	103
1236	477	148	84
1242	477	141	86
1244	475	141	91
1244	477	140	87
1234	494	150	75
1239	487	144	79
1237	496	147	70
1246	488	139	80
1242	496	144	76
1250	491	137	78
1248	479	148	98
1234	498	155	77
1239	501	151	73
1249	478	145	95
1245	485	154	94
1251	481	146	94
1241	493	157	87
1247	485	156	96
1252	479	148	100
