2298	1430	242	99
2287	1444	246	82
2283	1445	242	86
2271	1445	253	87
2223	1441	302	90
2151	1438	339	100
2161	1464	343	73
2155	1444	254	107
2138	1437	255	112
2138	1437	255	112
2138	1437	255	112
1967	1351	249	149
1970	1349	206	153
1966	1350	201	151
1960	1357	195	117
1947	1349	205	102
1927	1332	166	114
1906	1320	178	117
1883	1317	177	130
1865	1311	201	127
1827	1304	214	99
1807	1302	189	81
1796	1300	167	53
1790	1298	170	48
1784	1296	168	56
1772	1293	151	65
1756	1290	155	70
1738	1289	156	76
1719	1291	146	75
1708	1302	139	66
1695	1311	140	59
1685	1312	142	62
1671	1310	157	69
1655	1313	167	66
1646	1311	157	70
1627	1320	153	59
1612	1328	155	51
1620	1323	158	54
1600	1327	168	60
1597	1323	174	59
1567	1331	176	55
1552	1334	186	47
1539	1333	198	50
1543	1334	181	49
1537	1331	155	44
1547	1331	181	53
1541	1332	170	47
1546	1331	173	48
1548	1329	173	47
1547	1328	179	51
1546	1326	182	53
1539	1325	184	51
1539	1328	176	51
1546	1327	185	49
1546	1328	170	50
1543	1327	183	51
1540	1327	179	50
1549	1328	174	50
1551	1329	151	49
1547	1330	171	56
1552	1317	174	67
1555	1326	148	70
1552	1309	157	84
1546	1310	155	95
1536	1302	117	130
1528	1293	121	144
1524	1288	98	163
1482	1290	137	174
1470	1283	142	186
1470	1293	142	179
1494	1288	115	202
1500	1292	114	205
1482	1293	127	223
1482	1289	136	228
1459	1288	143	248
1397	1280	208	255
1317	1250	290	300
1255	1199	288	332
1286	1252	335	286
1323	1173	287	365
1323	1173	287	365
1323	1173	287	365
1323	1173	287	365
1323	1173	287	365
1323	1173	287	365
1323	1173	287	365
1323	1173	287	365
1323	1173	287	365
1323	1173	287	365
1323	1173	287	365
1323	1173	287	365
1290	1138	305	396
1020	1395	320	290
1297	1139	307	399
1285	1259	332	305
1318	1186	282	369
1306	1135	292	405
1291	1259	316	286
1277	1222	328	306
1277	1222	328	306
1301	1141	314	370
1271	1128	294	409
1271	1128	294	409
1362	1416	319	316
1161	1263	249	296
1286	1133	302	388
1286	1133	302	388
1286	1133	302	388
1286	1133	302	388
1291	1134	291	392
1149	1231	265	320
1305	1220	295	294
1318	1156	298	365
1284	1150	334	381
1284	1150	334	381
1109	1234	328	347
1109	1234	328	347
1109	1234	328	347
1006	1406	311	292
1006	1406	311	292
1006	1406	311	292
1006	1406	311	292
1006	1406	311	292
1006	1406	311	292
1006	1406	311	292
1006	1406	311	292
1006	1406	311	292
1006	1406	311	292
1301	1140	318	392
1043	1266	417	394
972	1370	367	318
1072	1303	330	300
1301	1239	322	325
1254	1238	315	324
1263	1234	338	351
1034	1311	358	387
1034	1243	417	422
983	1259	469	392
629	1434	431	372
635	1446	451	332
616	1410	428	363
637	1445	390	325
637	1445	390	325
1090	1267	386	297
633	1440	346	341
624	1405	348	352
1030	1402	294	280
1215	1274	331	271
1283	1237	337	348
1283	1237	337	348
1020	1389	308	320
1092	1251	320	365
1158	1235	258	294
1291	1215	311	340
1044	1264	366	395
636	1414	342	362
1032	1279	414	401
620	1382	368	392
638	1446	349	341
637	1444	340	328
629	1422	344	364
1049	1273	361	396
613	1381	382	426
634	1433	355	345
1038	1399	293	280
640	1447	328	322
631	1430	334	344
637	1452	329	326
632	1438	344	340
628	1424	342	339
624	1406	352	362
628	1410	353	369
624	1427	365	357
622	1424	365	360
619	1436	359	344
619	1436	359	344
1029	1390	289	285
630	1415	333	354
635	1414	348	353
1024	1396	306	294
628	1406	344	369
1107	1252	388	305
632	1418	359	347
1026	1401	306	308
630	1431	331	344
621	1425	351	354
636	1399	353	370
615	1426	378	381
619	1418	362	354
1065	1268	334	387
953	1381	384	317
638	1403	338	358
637	1433	335	342
633	1404	357	388
624	1450	341	346
627	1406	355	363
637	1438	343	323
632	1427	343	350
631	1427	355	331
632	1449	336	322
639	1439	331	334
634	1435	331	339
627	1411	345	365
633	1424	348	342
630	1425	351	348
641	1402	334	352
626	1453	339	320
629	1446	345	327
631	1428	346	349
629	1412	334	362
637	1426	335	332
631	1427	328	345
648	1449	309	328
632	1419	346	340
636	1429	348	331
626	1409	352	365
650	1448	323	330
643	1446	327	328
623	1421	352	365
625	1416	345	368
631	1428	347	336
635	1419	335	351
635	1415	334	358
630	1420	362	344
638	1411	346	368
636	1407	342	363
634	1422	338	354
629	1419	343	348
634	1431	354	336
637	1427	354	332
636	1445	339	325
635	1435	340	338
624	1423	355	353
640	1419	338	353
638	1420	418	348
631	1397	360	397
649	1437	457	368
635	1434	349	352
635	1414	344	355
637	1428	329	336
632	1428	334	350
628	1424	346	340
639	1435	337	335
641	1456	320	323
629	1425	352	337
637	1429	342	341
633	1437	350	334
630	1419	351	346
634	1425	343	349
639	1419	333	347
626	1421	357	350
629	1430	339	335
628	1443	340	333
625	1427	343	348
637	1417	348	346
634	1416	334	352
630	1429	349	349
632	1418	345	342
626	1411	357	351
629	1423	339	348
628	1433	345	338
634	1412	348	368
623	1429	354	353
639	1381	353	386
630	1430	344	336
642	1440	331	332
620	1420	342	348
631	1413	351	349
638	1424	335	362
640	1405	338	357
636	1415	353	352
638	1407	336	359
638	1437	339	332
633	1422	345	364
632	1410	356	351
639	1414	340	356
636	1427	339	330
628	1417	348	367
628	1430	349	337
637	1434	342	333
621	1409	358	372
631	1440	395	342
629	1428	355	341
639	1400	337	355
641	1449	324	325
632	1429	346	335
640	1448	329	326
643	1447	311	332
627	1439	343	337
635	1426	326	343
641	1419	338	358
641	1423	335	339
618	1421	353	364
619	1425	364	343
636	1407	345	357
646	1432	334	335
622	1422	349	366
631	1424	337	352
640	1445	331	321
642	1453	327	323
627	1432	340	338
638	1448	343	326
633	1436	352	342
624	1430	338	341
642	1455	334	328
622	1426	348	346
632	1414	338	345
632	1427	342	351
639	1429	336	334
622	1414	361	366
622	1439	356	351
643	1401	342	355
631	1425	342	342
635	1429	344	342
627	1411	355	348
638	1427	331	349
636	1444	326	333
622	1433	350	346
638	1421	346	343
640	1423	336	345
629	1441	339	339
631	1433	336	343
635	1450	324	320
635	1446	325	331
630	1449	330	335
623	1431	347	340
639	1435	330	332
629	1439	340	333
633	1437	324	335
628	1432	344	334
617	1421	345	370
633	1431	328	338
626	1409	342	367
634	1409	354	348
638	1421	338	341
644	1439	337	330
634	1440	340	334
631	1434	332	330
637	1449	334	313
641	1464	318	307
628	1407	337	357
625	1433	354	332
628	1437	352	334
634	1425	345	340
628	1409	358	346
636	1390	348	370
632	1409	347	356
628	1427	349	345
635	1434	343	321
625	1424	344	345
633	1436	348	330
628	1451	347	328
640	1441	321	332
640	1431	334	343
639	1437	331	339
620	1403	370	376
635	1430	343	341
638	1415	343	360
631	1419	349	341
630	1422	345	341
629	1446	343	325
627	1440	340	337
624	1429	358	344
627	1406	347	359
644	1400	348	348
631	1421	338	345
634	1416	344	349
637	1419	345	340
635	1420	338	344
632	1429	331	342
638	1451	334	327
643	1456	339	310
624	1425	342	358
637	1398	350	354
631	1419	346	358
629	1389	355	382
635	1442	351	328
623	1418	353	366
636	1448	336	319
634	1433	331	344
624	1435	341	342
627	1433	341	344
635	1416	352	344
634	1409	341	350
634	1420	348	342
630	1420	359	346
634	1417	349	356
635	1412	351	347
630	1410	356	347
628	1415	353	352
628	1406	357	358
632	1426	336	344
636	1418	341	358
630	1423	341	358
632	1424	340	350
623	1414	349	360
628	1407	351	355
624	1412	355	356
630	1419	350	355
634	1393	353	375
612	1447	360	341
618	1393	362	381
630	1423	353	369
622	1434	371	342
630	1429	343	334
622	1418	358	364
642	1438	336	332
626	1409	352	365
630	1427	341	346
631	1418	351	345
629	1418	394	353
630	1429	346	349
614	1405	352	363
637	1399	341	361
627	1411	352	362
623	1426	339	348
641	1444	336	323
629	1442	335	333
630	1409	343	377
639	1441	333	326
633	1442	339	324
619	1421	358	358
648	1462	346	306
632	1449	329	334
641	1449	333	310
645	1453	331	310
636	1424	338	342
625	1422	349	349
633	1415	342	355
625	1421	352	343
633	1427	346	336
645	1455	333	323
629	1434	345	347
630	1434	339	331
632	1442	321	333
639	1452	315	316
636	1431	330	339
628	1414	351	373
611	1440	356	369
627	1422	351	348
630	1438	340	344
631	1412	360	357
641	1451	327	329
639	1461	325	310
634	1426	336	343
630	1444	320	329
651	1453	323	319
630	1455	328	326
622	1418	342	347
632	1447	331	323
636	1450	321	317
635	1430	334	331
629	1404	337	375
631	1414	344	358
623	1404	363	372
619	1440	361	350
638	1424	331	345
647	1462	322	310
635	1414	334	349
631	1422	336	351
631	1449	332	320
623	1432	334	358
652	1453	327	311
646	1453	326	319
642	1450	312	325
645	1448	323	322
633	1447	326	335
649	1450	326	318
635	1453	339	318
623	1418	348	362
637	1439	349	325
620	1433	354	345
628	1429	342	343
642	1430	424	341
623	1410	360	398
616	1405	358	427
634	1356	359	401
628	1443	345	329
630	1450	345	325
625	1414	354	360
626	1422	349	348
640	1422	343	337
625	1412	363	361
620	1426	349	354
624	1410	359	353
641	1443	326	320
627	1423	345	352
634	1426	340	334
628	1454	334	317
650	1452	310	328
640	1423	338	341
626	1416	350	354
637	1424	339	342
627	1430	350	350
628	1429	340	348
629	1436	338	334
624	1450	339	326
624	1436	354	332
633	1443	342	327
630	1427	358	349
638	1435	335	321
631	1443	353	331
632	1438	395	338
653	1450	453	334
629	1415	401	356
