757	477	292	372
742	476	307	367
742	482	321	376
740	495	309	364
742	498	314	367
750	509	315	368
760	517	311	357
765	533	310	354
769	533	299	349
780	537	296	358
785	550	289	345
783	558	296	348
795	561	289	340
802	573	288	333
806	580	294	319
840	580	292	320
861	590	285	317
875	599	305	323
868	602	290	310
877	613	306	311
881	615	304	309
905	626	343	311
902	622	317	305
897	627	309	303
914	642	317	297
944	643	348	306
960	646	333	299
968	645	348	301
973	652	349	296
989	648	350	292
999	651	351	293
1006	649	354	291
1026	644	351	292
1040	650	349	285
1055	651	353	289
1052	645	365	286
1064	656	363	279
1082	655	366	283
1089	655	363	279
1113	651	356	280
1131	656	353	283
1150	652	350	284
1164	648	352	287
1164	653	355	286
1183	652	339	281
1186	653	338	283
1174	661	310	278
1208	655	354	282
1199	668	322	276
1230	658	352	274
1230	658	326	274
1242	667	317	272
1262	664	321	273
1284	664	355	273
1295	664	343	279
1305	661	348	278
1313	664	346	281
1320	668	321	276
1345	667	338	272
1355	662	336	278
1369	665	334	282
1378	669	342	281
1391	670	335	288
1403	671	337	282
1422	673	339	282
1429	669	340	281
1441	672	340	280
1454	674	338	281
1460	676	341	275
1480	671	334	280
1485	675	346	278
1485	680	328	280
1503	678	327	275
1517	684	334	279
1533	675	333	281
1551	683	328	280
1559	684	319	280
1574	688	309	282
1598	695	308	278
1603	697	320	275
1612	689	323	279
1633	694	322	281
1636	689	325	282
1651	700	324	276
1662	703	328	274
1674	704	335	277
1679	699	339	276
1692	703	330	274
1703	707	336	277
1715	708	346	271
1723	706	356	274
1733	707	356	275
1751	703	350	275
1761	714	345	269
1774	706	335	275
1802	710	334	274
1798	713	339	276
1800	719	288	269
1816	721	283	265
1828	720	280	269
1836	718	282	268
1844	722	287	262
1857	721	283	264
1868	716	290	260
1878	725	285	259
1893	714	291	263
1901	721	280	267
1917	715	275	271
1933	716	269	271
1943	718	266	270
1947	718	266	268
1960	717	266	268
1964	717	266	269
1982	712	274	276
1981	713	259	276
2005	704	276	282
2009	705	272	277
2015	712	264	277
2024	704	284	283
2034	701	296	283
2037	704	302	280
2040	706	296	278
2048	698	286	285
2054	701	287	287
2091	695	312	292
2091	690	313	293
2085	686	310	296
2133	671	298	301
2145	685	289	290
2154	682	280	286
2168	678	256	292
2172	684	191	294
2189	683	183	287
2196	676	244	301
2226	675	314	345
2231	662	320	362
2241	662	323	368
2244	671	327	364
2244	652	328	364
2248	655	328	355
2233	654	341	344
2221	652	364	329
2225	656	377	338
2281	597	331	361
2354	625	276	324
2345	630	309	304
2336	633	334	311
2349	621	340	302
2349	619	341	310
2347	612	356	307
2361	610	357	311
2378	614	351	302
2395	608	348	295
2407	608	352	293
2416	606	344	290
2433	595	349	297
2432	597	344	299
2436	593	341	298
2448	592	336	299
2470	589	342	289
2482	584	331	293
2490	582	338	293
2502	572	339	294
2522	563	357	293
2542	554	350	290
2548	549	350	291
2552	548	340	291
2565	542	344	293
2554	542	331	300
2573	530	324	306
2592	526	314	303
2592	533	322	300
2602	527	314	304
2597	523	312	303
2615	522	314	295
2627	511	313	300
2627	511	305	303
2635	510	305	300
2649	503	304	304
2659	506	295	297
2662	499	286	295
2670	495	285	307
2680	498	267	298
2685	491	272	300
2694	493	274	300
2703	486	272	304
2709	487	264	299
2717	486	273	295
2725	487	275	295
2731	479	279	293
2736	478	288	292
2739	476	282	290
2749	475	288	288
2747	472	292	286
2752	471	301	285
2766	472	316	283
2752	456	290	298
2759	456	308	288
2762	459	304	290
2770	466	310	281
2781	457	338	289
2765	452	305	294
2769	448	314	295
2773	448	322	292
2776	447	313	295
2778	442	310	296
2788	446	323	293
2794	445	318	299
2806	449	313	296
2809	444	309	303
2819	449	315	297
2824	450	307	300
2830	449	306	298
2846	438	304	295
2851	448	293	298
2858	443	286	299
2864	440	282	297
2878	448	277	286
2867	441	281	294
2888	434	268	302
2887	437	263	295
2894	439	263	297
2897	436	258	300
2902	436	257	304
2906	439	261	300
2918	441	253	301
2923	437	248	317
2926	445	251	313
2927	446	253	307
2931	441	256	311
2943	443	254	310
2942	446	250	295
2950	443	246	295
2963	441	232	297
2966	446	222	307
2973	450	227	305
2975	448	223	298
2980	451	233	298
2991	461	238	302
3003	462	245	306
3024	453	237	309
3024	457	230	299
3014	465	234	287
3018	471	223	293
3021	473	218	295
3023	471	208	292
3033	474	199	302
3046	474	192	295
3046	473	187	292
3053	473	181	289
3063	480	169	274
3071	487	165	267
3073	486	160	256
3073	485	169	253
3075	481	163	256
3073	482	176	249
3074	467	173	249
3068	471	185	244
3065	470	192	245
3076	474	216	263
3080	476	231	353
3075	471	238	356
3074	467	231	364
3068	462	225	367
3059	466	234	372
3056	467	225	407
3044	456	232	393
3033	456	235	388
3031	450	256	397
3022	458	246	397
3022	451	250	419
3022	469	345	429
3021	460	297	450
3016	444	344	446
3009	459	296	457
3004	455	308	467
3019	450	316	461
3028	447	353	412
3035	440	350	311
3003	447	296	298
3005	454	286	287
3003	452	295	277
3000	450	298	271
3004	448	272	271
3004	439	276	274
3004	441	272	279
3002	438	282	282
2999	443	288	276
2999	440	287	281
3000	443	279	273
3001	436	286	278
3004	432	275	277
3003	426	282	283
3002	434	277	275
2998	427	278	277
2996	435	283	274
3000	433	282	271
2988	434	296	270
3000	434	279	268
2988	430	282	269
2984	423	300	271
2987	430	299	268
2980	426	299	270
2981	426	304	270
2988	426	309	275
2983	421	307	269
2987	422	305	272
2980	422	309	274
2983	419	300	265
2977	418	303	274
2983	417	302	262
2971	419	310	267
2973	416	325	251
2977	411	326	258
2977	410	323	257
2982	410	329	261
2969	411	329	255
2981	399	312	254
2980	397	305	239
2999	386	286	208
3008	422	307	240
3000	387	375	316
2988	276	458	244
2962	349	433	405
2950	282	439	496
2959	281	425	496
2939	287	433	463
2927	292	450	464
2947	280	457	485
2969	243	495	445
2975	243	483	438
2911	267	523	429
2955	242	494	436
2943	252	486	449
2932	260	508	443
2905	255	529	418
2898	265	499	427
2866	266	544	429
2819	264	602	416
2702	265	670	415
2757	295	592	387
2825	316	528	377
2818	308	513	369
2798	304	536	357
2795	295	533	375
2800	321	522	358
2799	341	536	349
2804	305	561	362
2780	342	569	358
2765	325	585	377
2771	333	595	359
2695	253	687	423
2650	256	727	446
2634	269	752	415
2519	211	880	505
2514	212	883	518
2514	212	883	518
2507	254	873	495
2639	330	765	430
2680	307	699	382
2680	307	699	382
2680	307	699	382
2680	307	699	382
2680	307	699	382
2680	307	699	382
2514	231	552	485
2279	65	439	501
2279	65	439	501
2644	234	402	448
2644	234	402	448
2256	16	451	510
2094	-1	537	435
2067	-2	403	381
2082	13	296	357
2091	0	249	341
2347	258	232	266
2354	265	234	253
2343	271	243	261
2347	269	242	257
2340	271	247	249
2336	275	244	250
2323	273	256	245
2318	275	268	251
2315	272	271	254
2317	279	275	247
2308	281	277	259
2314	278	276	262
2313	280	274	267
2310	284	277	270
2313	269	277	269
2302	280	288	273
2310	281	276	274
2315	276	278	279
2301	282	279	268
2327	280	252	218
2327	280	252	218
2327	280	252	218
2602	696	247	137
2987	481	289	265
2983	462	295	311
2979	464	286	319
2968	461	282	318
2956	464	282	305
2952	468	273	298
2939	462	275	300
2927	455	280	301
2920	459	263	292
2911	452	249	301
2898	449	241	298
2897	445	233	296
2891	443	228	296
2891	441	214	293
2892	445	197	286
2888	440	187	291
2875	440	192	289
2865	435	191	290
2859	437	185	292
2852	436	180	292
2847	432	176	296
2832	432	182	294
2819	427	184	294
2831	425	161	296
2823	425	161	293
2816	425	158	290
2806	416	162	290
2803	411	158	290
2784	403	161	289
2783	397	160	289
2798	399	141	286
2801	387	134	291
2730	387	199	274
2721	380	207	275
2750	381	178	272
2740	377	192	274
2717	354	203	291
2714	351	203	288
2710	348	199	288
2693	341	222	305
2668	341	240	340
2668	335	238	354
2661	337	239	355
2671	337	234	358
2679	340	245	361
2675	328	258	371
2665	321	242	377
2674	322	264	375
2659	324	290	387
2664	309	295	404
2655	312	306	409
2666	300	292	411
2646	300	319	429
2643	288	322	430
2640	277	315	441
2611	256	333	453
2551	276	340	461
2521	272	338	453
2513	271	352	457
2462	199	452	546
2447	194	466	564
2474	179	385	509
2470	171	365	381
2496	167	342	369
2514	177	318	355
2512	177	300	354
2524	178	292	354
2524	167	286	366
2513	173	286	363
2510	171	269	354
2509	174	270	354
2503	178	267	353
2507	166	266	353
2497	169	272	357
2491	164	277	365
2487	159	277	369
2492	155	274	375
2490	163	268	361
2499	163	254	358
2499	174	254	351
2506	174	243	356
2506	173	247	349
2510	166	242	354
2510	156	237	366
2512	164	231	365
2486	152	265	360
2425	164	319	364
2412	164	330	379
2419	159	324	360
2417	165	335	354
2428	171	327	349
2437	173	320	338
2435	168	326	332
2432	166	335	331
2429	173	337	334
2431	173	343	352
2434	172	345	362
2411	176	362	381
2398	177	373	400
2386	167	394	453
2480	90	373	498
2521	38	307	456
2370	217	375	456
2456	164	363	491
2347	222	469	592
2459	46	444	624
2484	50	441	678
2419	73	480	701
2386	80	543	727
2390	72	553	734
2452	85	481	684
2393	132	546	693
2257	315	406	571
2261	320	358	570
2280	300	392	436
2280	341	309	352
2282	342	294	298
2270	344	304	290
2249	351	304	281
2249	364	293	268
2253	363	281	272
2241	369	289	269
2246	377	285	267
2227	373	282	273
2230	380	280	263
2214	385	281	263
2211	399	275	265
2209	402	273	266
2205	405	273	268
2194	407	280	270
2171	402	296	290
2185	408	276	286
2178	409	275	283
2177	415	275	284
2176	411	279	293
2172	410	282	283
2179	401	274	284
2166	406	286	281
2167	405	286	285
2165	408	283	289
2135	404	307	333
2074	386	358	461
2079	384	344	466
2076	386	344	459
2075	382	350	441
2083	393	349	432
2077	390	339	421
2074	381	337	422
2075	389	328	433
2077	397	317	424
2075	386	320	430
2071	391	313	416
2061	411	310	377
2055	384	307	391
2031	444	301	325
2025	462	305	309
2017	464	305	301
2010	468	308	289
2002	471	307	290
2000	471	303	283
1990	476	302	284
1982	472	315	284
1974	477	313	273
1978	482	311	277
1977	490	305	276
1971	494	310	265
1963	485	309	270
1954	490	320	263
1947	499	327	250
1940	490	320	257
1938	494	326	241
1924	480	315	245
1920	487	338	251
1917	499	324	239
1910	488	336	240
1905	506	341	231
1900	507	332	212
1899	499	351	244
1889	525	375	370
1885	494	381	383
1871	499	367	362
1862	511	376	338
1858	513	378	326
1845	513	385	314
1838	515	385	308
1834	507	386	305
1866	507	349	297
1811	516	400	286
1637	398	529	405
1628	413	538	390
1643	416	531	395
1636	418	530	397
1627	416	546	403
1633	418	549	411
1638	408	556	405
1627	412	497	411
1635	413	513	430
1642	404	515	454
1629	406	527	429
1629	406	527	429
1618	424	536	402
1630	432	545	404
1601	432	560	408
1606	435	575	421
1619	417	551	438
1606	424	553	437
1622	418	548	444
1625	414	538	456
1596	412	553	456
1603	406	558	452
1588	408	557	462
1592	390	568	478
1570	403	576	479
1570	407	584	487
1566	403	574	490
1560	402	585	497
1551	405	585	493
1547	406	582	496
1541	399	590	506
1523	387	594	456
1521	372	553	296
1809	635	460	396
1738	620	393	473
1726	631	417	667
1844	609	334	662
1744	659	422	662
1729	651	540	668
1690	661	453	681
1728	667	410	660
1897	633	280	537
1916	657	221	473
1916	657	220	471
1907	669	234	447
1901	663	235	453
1901	665	228	427
1902	677	229	418
1905	671	223	398
1901	679	220	373
1888	692	220	317
1884	685	204	306
1888	688	236	337
1888	695	230	313
1890	696	241	320
1896	698	234	319
1901	690	237	325
1907	681	233	323
1904	675	240	335
1920	661	237	345
1910	658	222	349
1915	647	225	358
1912	646	217	361
1918	635	203	364
1914	660	200	345
1901	752	137	268
1908	748	108	269
1911	742	97	271
1911	748	90	269
1907	752	89	267
1907	752	85	268
1908	755	80	268
1910	749	78	271
1913	752	75	268
1913	747	75	267
1905	755	82	266
1910	760	75	272
1899	768	85	274
1899	763	103	260
1890	769	100	253
1895	764	121	265
1893	750	151	292
1891	745	146	295
1888	757	131	275
1893	758	131	279
1892	759	123	277
1893	766	127	277
1893	765	126	265
1894	769	125	267
1895	765	127	270
1895	770	128	271
1894	765	120	274
1897	760	113	273
1899	771	108	269
1899	771	108	269
