2366	738	100	53
2356	736	104	54
2347	732	111	55
2331	728	101	53
2324	721	91	52
2313	718	100	55
2306	712	96	54
2306	709	95	51
2298	707	98	51
2294	701	94	53
2279	699	102	51
2273	696	94	51
2273	694	89	52
2277	696	81	46
2277	696	81	46
2277	696	81	46
2277	696	81	46
2277	696	81	46
2277	696	81	46
2277	696	81	46
2277	696	81	46
2277	696	81	46
2277	696	81	46
2277	696	81	46
2277	696	81	46
2277	696	81	46
2277	696	81	46
2277	696	81	46
2277	696	81	46
2277	696	81	46
2277	696	81	46
2277	696	81	46
2277	696	81	46
2277	696	81	46
2277	696	81	46
2359	641	74	49
2359	641	74	49
2359	641	74	49
2359	641	74	49
2359	641	74	49
2359	641	74	49
2359	641	74	49
2359	641	74	49
2359	641	74	49
2359	641	74	49
2359	641	74	49
2359	641	74	49
2359	641	74	49
2359	641	74	49
2359	641	74	49
2359	641	74	49
2359	641	74	49
2359	641	74	49
2359	641	74	49
2359	641	74	49
2359	641	74	49
2359	641	74	49
2359	641	74	49
2359	641	74	49
2359	641	74	49
2359	641	74	49
2359	641	74	49
2312	620	74	37
2314	621	74	37
2316	620	73	39
2316	618	75	41
2317	617	75	42
2317	613	77	48
2317	614	78	45
2321	612	76	48
2322	607	76	49
2318	610	81	56
2328	608	74	53
2336	607	69	45
2349	608	57	39
2345	606	62	38
2347	602	59	37
2345	604	59	35
2346	605	58	33
2345	606	58	32
2359	605	43	30
2360	605	41	30
2361	605	41	28
2363	602	39	29
2359	604	40	30
2367	594	37	31
2366	594	35	30
2366	594	35	30
2366	594	35	30
2375	590	25	27
2377	588	23	30
2377	587	23	30
2378	587	23	30
2372	590	27	23
2372	585	29	28
2374	581	28	29
2374	581	29	29
2374	581	29	29
2374	581	29	29
2374	581	29	29
2374	581	29	29
2374	581	29	29
2374	581	29	29
2374	581	29	29
2374	581	29	29
2374	581	29	29
2374	581	29	29
2374	581	29	29
2374	581	29	29
2374	581	29	29
2374	581	29	29
2374	581	29	29
2374	581	29	29
2374	581	29	29
2374	581	29	29
2374	581	29	29
2374	581	29	29
2374	581	29	29
2374	581	29	29
2374	581	29	29
2374	581	29	29
2434	594	33	35
2434	594	33	35
2434	594	33	35
2434	594	33	35
2434	594	33	35
2434	594	33	35
2434	594	33	35
2434	594	33	35
2434	594	33	35
2434	594	33	35
2434	594	33	35
2434	594	33	35
2367	557	44	26
2367	557	44	26
2367	557	44	26
2367	557	44	26
2367	557	44	26
2367	557	44	26
2367	557	44	26
2367	557	44	26
2367	557	44	26
2367	557	44	26
2367	557	44	26
2367	557	44	26
2367	557	44	26
2367	557	44	26
2367	557	44	26
2367	557	44	26
2367	557	44	26
2367	557	44	26
2367	557	44	26
2367	557	44	26
2367	557	44	26
2367	557	44	26
2367	557	44	26
2367	557	44	26
2367	557	44	26
2367	557	44	26
2367	557	44	26
2367	557	44	26
2367	557	44	26
2367	557	44	26
2367	557	44	26
2367	557	44	26
2367	557	44	26
2367	557	44	26
2367	557	44	26
2367	557	44	26
2367	557	44	26
2367	557	44	26
2367	557	44	26
2367	557	44	26
2367	557	44	26
2367	557	44	26
2367	557	44	26
2367	557	44	26
2367	557	44	26
2367	557	44	26
2367	557	44	26
2367	557	44	26
2367	557	44	26
2367	557	44	26
2367	557	44	26
2367	557	44	26
2367	557	44	26
2367	557	44	26
2367	557	44	26
2367	557	44	26
2367	557	44	26
2367	557	44	26
2367	557	44	26
2367	557	44	26
2367	557	44	26
