1522	418	329	194
1503	418	328	191
1494	414	346	193
1497	417	345	192
1504	420	328	190
1494	414	326	187
1463	416	290	188
1444	423	306	175
1431	421	295	178
1431	423	302	177
1417	420	298	177
1403	423	290	170
1389	418	297	175
1381	416	309	178
1365	413	307	186
1377	415	284	184
1355	418	311	187
1342	412	339	190
1337	411	337	194
1308	410	357	196
1309	411	355	194
1299	408	364	198
1288	404	336	203
1269	407	347	198
1256	400	349	204
1249	399	341	206
1235	402	332	208
1236	400	339	209
1222	405	360	205
1210	403	349	207
1188	406	358	198
1179	399	349	201
1158	404	353	197
1162	402	352	198
1154	404	359	194
1136	405	346	193
1127	399	358	192
1120	391	367	198
1101	395	352	198
1104	395	350	197
1078	393	365	194
1075	387	368	195
1060	384	345	197
1055	382	330	197
1044	380	342	198
1041	377	342	196
1034	373	344	199
1028	372	337	197
1006	375	328	198
1003	366	319	197
988	361	335	197
990	363	443	210
978	362	432	202
949	359	378	187
953	351	346	196
936	350	367	195
917	348	388	193
914	348	372	196
905	342	375	199
885	342	365	201
881	341	358	200
864	336	366	206
836	330	370	201
845	330	365	207
826	326	369	208
801	324	379	205
778	318	398	206
773	322	397	203
768	322	409	202
768	320	422	202
707	318	455	203
757	316	393	204
645	318	484	205
608	323	509	212
618	314	499	215
615	318	486	211
614	313	502	210
603	312	485	213
594	313	479	208
591	307	545	215
604	302	542	216
600	310	538	214
612	316	531	202
609	309	516	210
610	301	527	208
601	307	509	209
572	303	458	214
579	306	464	211
586	304	469	216
597	305	435	206
573	305	441	203
533	308	366	209
533	304	359	205
537	301	359	208
536	305	375	206
526	302	343	203
519	299	358	205
519	304	330	203
522	291	330	209
515	298	330	202
522	294	319	203
499	294	286	199
497	303	274	193
500	289	268	200
505	297	263	193
499	291	255	193
496	290	249	196
483	292	264	195
484	292	251	197
486	287	256	201
482	305	261	187
466	365	235	129
460	359	233	124
454	355	221	123
442	353	205	119
435	349	206	124
425	345	215	122
425	345	214	123
414	343	219	121
407	335	203	119
397	335	222	119
388	329	216	122
377	326	217	124
379	330	213	123
368	324	201	122
355	319	213	125
345	316	210	129
343	311	230	125
328	304	223	130
326	304	226	129
316	302	240	126
315	302	250	128
309	299	244	127
304	293	222	132
298	289	223	134
299	290	221	132
293	282	213	135
284	272	211	140
284	273	208	136
275	265	203	136
269	258	213	141
270	257	212	137
265	253	215	137
262	246	211	142
256	239	204	136
253	231	194	144
245	226	182	145
249	226	179	146
243	218	177	146
239	208	163	151
236	208	160	151
239	197	150	154
237	186	143	160
238	188	143	162
241	182	136	158
244	181	136	157
245	171	130	159
245	162	136	157
249	160	122	168
249	155	117	161
249	149	113	164
249	142	116	166
250	134	114	179
250	128	109	181
250	126	90	189
249	123	82	190
245	112	80	201
247	104	78	180
248	105	81	164
251	99	79	161
249	88	86	159
245	89	89	161
251	78	86	162
245	75	97	163
244	72	107	199
250	72	119	202
250	60	133	148
249	65	133	149
244	59	152	154
241	55	169	153
238	52	187	152
231	50	207	152
233	47	218	151
232	47	222	151
237	38	227	153
229	40	247	148
208	36	282	147
213	29	294	151
195	27	315	145
189	30	311	144
201	25	325	146
215	18	327	146
226	17	321	145
301	13	267	145
287	12	290	140
308	13	272	139
302	9	288	141
332	7	272	135
356	11	264	132
367	5	271	136
372	9	271	132
369	7	276	133
377	9	279	131
375	6	291	131
384	4	297	130
392	7	296	132
398	7	306	132
384	5	315	132
395	6	305	126
415	5	307	129
393	6	329	133
384	5	354	134
410	2	350	133
420	6	336	130
424	9	342	129
480	7	314	130
482	7	335	135
499	8	331	131
495	0	337	137
503	3	336	138
492	1	343	141
526	6	313	138
536	11	305	139
529	4	319	146
530	4	326	145
546	4	316	141
531	3	325	149
554	7	323	144
550	3	316	154
568	5	316	156
574	7	310	157
588	6	294	157
602	10	306	154
606	13	302	160
619	14	293	160
611	10	303	170
654	11	296	172
648	13	298	173
659	14	270	178
698	8	266	185
706	21	269	173
704	19	277	177
696	19	296	182
699	-1	291	198
685	12	320	193
679	32	340	175
672	7	360	201
667	15	378	193
672	31	383	181
664	19	388	199
675	16	405	208
658	27	405	194
663	34	433	201
632	39	445	198
654	50	420	175
740	25	366	180
861	73	245	144
860	71	249	139
860	72	256	144
867	75	255	138
879	83	244	136
876	83	250	135
879	87	263	136
896	86	255	139
901	85	259	139
924	88	243	138
928	99	253	134
924	97	250	136
950	99	242	137
947	97	251	143
948	106	255	140
969	107	248	139
976	109	244	140
970	111	247	138
984	101	254	151
987	108	257	143
1003	113	255	142
1027	124	242	137
1039	126	225	141
1045	127	221	138
1051	129	228	139
1067	127	229	142
1070	137	223	137
1078	136	218	140
1077	144	224	137
1087	140	218	139
1115	142	219	140
1124	142	210	142
1130	146	210	139
1135	154	213	138
1139	152	206	142
1139	154	203	143
1168	157	183	134
1164	158	186	142
1179	157	200	143
1177	158	208	140
1193	161	197	143
1193	164	189	144
1197	165	193	141
1206	168	198	135
1206	164	204	139
1214	167	201	143
1226	176	191	128
1228	177	190	127
1231	183	188	122
1237	188	180	119
1238	192	185	119
1245	192	181	117
1248	192	184	118
1248	191	182	121
1260	192	173	116
1266	200	171	116
1269	197	168	116
1272	202	166	109
1271	201	171	117
1274	200	171	118
1272	207	172	115
1281	204	167	119
1280	204	169	123
1290	203	155	125
1288	202	173	119
1295	199	168	124
1309	205	147	111
1318	196	137	112
1320	199	130	114
1320	199	130	114
1341	200	119	110
1318	202	139	105
1349	197	113	80
1349	197	113	80
1349	197	113	80
1245	43	102	91
1370	198	94	113
1371	196	100	106
1371	196	100	106
1383	198	97	105
1382	196	90	107
1397	196	88	111
1400	196	88	112
1400	194	88	108
1398	195	90	104
1397	198	93	99
1393	188	99	96
1385	192	109	84
1385	192	109	84
1385	192	109	84
1385	192	109	84
1399	185	96	73
1399	185	96	73
1399	185	96	73
1399	185	96	73
1416	188	83	89
1416	184	77	88
1416	184	77	88
1416	184	77	88
1416	184	77	88
1416	184	77	88
1416	184	77	88
1416	184	77	88
1416	184	77	88
1416	184	77	88
1416	184	77	88
1416	184	77	88
1416	184	77	88
1416	184	77	88
1416	184	77	88
1416	184	77	88
1416	184	77	88
1416	184	77	88
1416	184	77	88
1416	184	77	88
1416	184	77	88
1416	184	77	88
1416	184	77	88
1416	184	77	88
1416	184	77	88
1416	184	77	88
1416	184	77	88
1416	184	77	88
1416	184	77	88
1416	184	77	88
1416	184	77	88
1416	184	77	88
1416	184	77	88
1416	184	77	88
1416	184	77	88
1416	184	77	88
1416	184	77	88
1416	184	77	88
1416	184	77	88
1416	184	77	88
1416	184	77	88
1416	184	77	88
1416	184	77	88
1416	184	77	88
1416	184	77	88
1416	184	77	88
1416	184	77	88
1416	184	77	88
1416	184	77	88
1416	184	77	88
1416	184	77	88
1416	184	77	88
1416	184	77	88
1416	184	77	88
1416	184	77	88
1416	184	77	88
1416	184	77	88
1416	184	77	88
1318	124	98	92
1304	122	117	95
1304	122	120	94
1294	116	116	94
1289	113	118	95
1283	109	94	87
1273	103	85	86
1258	100	88	88
1259	99	84	85
1245	90	91	90
1228	80	113	98
1219	72	113	95
1210	59	112	99
1200	51	94	104
1204	52	79	101
1189	44	90	101
1174	33	100	105
1159	28	108	104
1145	18	124	110
1133	11	142	113
1132	7	140	115
1120	-1	163	119
1107	-14	185	119
1234	195	134	114
1068	-18	143	121
1211	180	133	120
1211	183	96	115
1201	171	101	115
1195	169	118	115
1186	159	111	118
1164	147	109	121
1149	137	114	128
1146	139	121	121
1125	129	153	126
1108	119	183	124
1086	110	195	129
1073	104	175	127
1053	88	180	133
1052	91	167	129
1035	74	170	129
1010	67	162	132
992	56	194	129
964	48	204	133
942	39	224	132
945	39	226	135
920	27	242	134
894	14	227	133
865	2	264	133
841	0	235	120
827	-17	235	136
824	-18	223	135
804	-15	216	125
784	-22	233	130
