331.00	275.00	891.00	298.00
331.00	274.00	891.00	298.00
335.00	278.00	891.00	298.00
339.00	282.00	891.00	298.00
342.00	288.00	891.00	298.00
334.00	288.00	918.00	307.00
336.00	292.00	918.00	307.00
339.00	296.00	918.00	307.00
342.00	300.00	918.00	307.00
345.00	303.00	918.00	307.00
349.00	306.00	918.00	307.00
353.00	310.00	918.00	307.00
355.00	312.00	918.00	307.00
361.00	312.00	918.00	307.00
368.00	315.00	918.00	307.00
375.00	317.00	918.00	307.00
378.00	319.00	918.00	307.00
382.00	319.00	918.00	307.00
387.00	320.00	918.00	307.00
393.00	320.00	918.00	307.00
400.00	320.00	918.00	307.00
407.00	319.00	918.00	307.00
411.00	321.00	918.00	307.00
417.00	319.00	918.00	307.00
425.00	321.00	918.00	307.00
431.00	320.00	918.00	307.00
438.00	320.00	918.00	307.00
444.00	321.00	918.00	307.00
451.00	319.00	918.00	307.00
453.00	319.00	918.00	307.00
459.00	320.00	918.00	307.00
463.00	320.00	918.00	307.00
466.00	319.00	918.00	307.00
469.00	319.00	918.00	307.00
472.00	319.00	918.00	307.00
475.00	318.00	918.00	307.00
476.00	316.00	918.00	307.00
480.00	315.00	918.00	307.00
482.00	316.00	918.00	307.00
484.00	314.00	918.00	307.00
485.00	313.00	918.00	307.00
486.00	313.00	918.00	307.00
490.00	312.00	918.00	307.00
491.00	309.00	918.00	307.00
494.00	309.00	918.00	307.00
496.00	308.00	918.00	307.00
501.00	307.00	918.00	307.00
504.00	306.00	918.00	307.00
507.00	304.00	918.00	307.00
510.00	303.00	918.00	307.00
514.00	304.00	918.00	307.00
520.00	304.00	918.00	307.00
523.00	303.00	918.00	307.00
527.00	302.00	918.00	307.00
532.00	302.00	918.00	307.00
537.00	303.00	918.00	307.00
542.00	305.00	918.00	307.00
548.00	306.00	918.00	307.00
554.00	307.00	918.00	307.00
559.00	308.00	918.00	307.00
563.00	309.00	918.00	307.00
569.00	311.00	918.00	307.00
575.00	313.00	918.00	307.00
579.00	316.00	918.00	307.00
584.00	317.00	918.00	307.00
591.00	320.00	918.00	307.00
599.00	321.00	918.00	307.00
606.00	322.00	918.00	307.00
614.00	323.00	918.00	307.00
620.00	327.00	918.00	307.00
628.00	328.00	918.00	307.00
639.00	333.00	918.00	307.00
646.00	329.00	918.00	307.00
655.00	332.00	918.00	307.00
663.00	334.00	918.00	307.00
671.00	335.00	918.00	307.00
680.00	338.00	918.00	307.00
690.00	340.00	918.00	307.00
703.00	337.00	918.00	307.00
717.00	339.00	918.00	307.00
729.00	345.00	918.00	307.00
739.00	343.00	918.00	307.00
751.00	345.00	918.00	307.00
764.00	345.00	918.00	307.00
775.00	348.00	918.00	307.00
792.00	349.00	918.00	307.00
803.00	349.00	918.00	307.00
819.00	350.00	918.00	307.00
831.00	351.00	918.00	307.00
464.00	317.00	891.00	298.00
476.00	320.00	891.00	298.00
485.00	318.00	891.00	298.00
499.00	318.00	891.00	298.00
514.00	316.00	891.00	298.00
525.00	315.00	891.00	298.00
553.00	318.00	865.00	289.00
567.00	319.00	865.00	289.00
580.00	319.00	865.00	289.00
598.00	321.00	865.00	289.00
627.00	327.00	840.00	281.00
641.00	331.00	840.00	281.00
654.00	331.00	840.00	281.00
669.00	332.00	840.00	281.00
677.00	334.00	840.00	281.00
699.00	341.00	815.00	273.00
708.00	345.00	815.00	273.00
715.00	348.00	815.00	273.00
729.00	352.00	815.00	273.00
727.00	358.00	815.00	273.00
725.00	366.00	815.00	273.00
732.00	372.00	815.00	273.00
739.00	378.00	815.00	273.00
745.00	379.00	815.00	273.00
762.00	389.00	792.00	265.00
770.00	394.00	792.00	265.00
784.00	400.00	769.00	257.00
792.00	405.00	769.00	257.00
794.00	409.00	746.00	250.00
813.00	423.00	724.00	242.00
829.00	430.00	703.00	235.00
676.00	391.00	703.00	235.00
670.00	394.00	703.00	235.00
657.00	397.00	703.00	235.00
683.00	399.00	703.00	235.00
681.00	404.00	703.00	235.00
679.00	407.00	703.00	235.00
680.00	409.00	703.00	235.00
696.00	411.00	703.00	235.00
696.00	417.00	703.00	235.00
700.00	419.00	703.00	235.00
705.00	423.00	703.00	235.00
697.00	426.00	703.00	235.00
702.00	429.00	703.00	235.00
708.00	432.00	703.00	235.00
710.00	436.00	703.00	235.00
711.00	437.00	703.00	235.00
713.00	440.00	703.00	235.00
719.00	444.00	703.00	235.00
721.00	448.00	703.00	235.00
724.00	450.00	703.00	235.00
727.00	452.00	703.00	235.00
728.00	454.00	703.00	235.00
730.00	455.00	703.00	235.00
740.00	460.00	683.00	228.00
742.00	462.00	683.00	228.00
745.00	464.00	683.00	228.00
745.00	466.00	683.00	228.00
747.00	468.00	683.00	228.00
746.00	468.00	683.00	228.00
742.00	470.00	683.00	228.00
743.00	470.00	683.00	228.00
745.00	472.00	683.00	228.00
746.00	473.00	683.00	228.00
748.00	474.00	683.00	228.00
747.00	476.00	683.00	228.00
748.00	476.00	683.00	228.00
747.00	478.00	683.00	228.00
749.00	480.00	683.00	228.00
749.00	482.00	683.00	228.00
746.00	484.00	683.00	228.00
749.00	485.00	683.00	228.00
747.00	486.00	683.00	228.00
752.00	488.00	683.00	228.00
750.00	488.00	683.00	228.00
754.00	491.00	683.00	228.00
756.00	492.00	683.00	228.00
760.00	494.00	683.00	228.00
757.00	495.00	683.00	228.00
757.00	498.00	683.00	228.00
758.00	500.00	683.00	228.00
757.00	501.00	683.00	228.00
756.00	502.00	683.00	228.00
771.00	509.00	683.00	228.00
780.00	513.00	703.00	235.00
786.00	518.00	703.00	235.00
775.00	519.00	703.00	235.00
757.00	520.00	724.00	242.00
741.00	519.00	724.00	242.00
725.00	519.00	724.00	242.00
716.00	517.00	724.00	242.00
711.00	511.00	724.00	242.00
705.00	512.00	724.00	242.00
697.00	508.00	724.00	242.00
687.00	504.00	724.00	242.00
683.00	501.00	724.00	242.00
686.00	496.00	724.00	242.00
686.00	488.00	724.00	242.00
684.00	482.00	724.00	242.00
668.00	469.00	746.00	250.00
658.00	457.00	769.00	257.00
652.00	451.00	769.00	257.00
647.00	433.00	792.00	265.00
638.00	413.00	792.00	265.00
615.00	415.00	815.00	273.00
597.00	425.00	815.00	273.00
574.00	411.00	840.00	281.00
563.00	415.00	840.00	281.00
528.00	414.00	865.00	289.00
511.00	415.00	891.00	298.00
483.00	405.00	918.00	307.00
476.00	389.00	945.00	316.00
462.00	387.00	945.00	316.00
455.00	379.00	945.00	316.00
425.00	375.00	974.00	326.00
417.00	356.00	974.00	326.00
406.00	343.00	974.00	326.00
403.00	336.00	974.00	326.00
402.00	326.00	974.00	326.00
397.00	320.00	974.00	326.00
394.00	303.00	974.00	326.00
389.00	292.00	974.00	326.00
382.00	276.00	974.00	326.00
377.00	260.00	974.00	326.00
375.00	242.00	974.00	326.00
365.00	225.00	974.00	326.00
360.00	205.00	974.00	326.00
360.00	181.00	974.00	326.00
351.00	166.00	974.00	326.00
346.00	150.00	974.00	326.00
342.00	135.00	974.00	326.00
467.00	89.00	974.00	326.00
460.00	93.00	974.00	326.00
469.00	73.00	974.00	326.00
450.00	64.00	974.00	326.00
447.00	53.00	974.00	326.00
446.00	39.00	974.00	326.00
437.00	32.00	974.00	326.00
427.00	28.00	974.00	326.00
424.00	22.00	974.00	326.00
416.00	18.00	974.00	326.00
405.00	15.00	974.00	326.00
396.00	11.00	974.00	326.00
381.00	10.00	974.00	326.00
371.00	8.00	974.00	326.00
358.00	3.00	974.00	326.00
348.00	-1.00	974.00	326.00
334.00	-4.00	974.00	326.00
317.00	-7.00	974.00	326.00
301.00	-6.00	974.00	326.00
283.00	-9.00	974.00	326.00
264.00	-10.00	974.00	326.00
251.00	-8.00	974.00	326.00
237.00	-9.00	974.00	326.00
223.00	-8.00	974.00	326.00
211.00	-8.00	974.00	326.00
200.00	-6.00	974.00	326.00
187.00	-7.00	974.00	326.00
175.00	-6.00	974.00	326.00
163.00	-5.00	974.00	326.00
155.00	-6.00	974.00	326.00
143.00	-5.00	974.00	326.00
133.00	-3.00	974.00	326.00
123.00	-1.00	974.00	326.00
113.00	-1.00	974.00	326.00
104.00	-1.00	974.00	326.00
94.00	-0.00	974.00	326.00
85.00	0.00	974.00	326.00
73.00	0.00	974.00	326.00
65.00	-0.00	974.00	326.00
54.00	-1.00	974.00	326.00
43.00	-2.00	974.00	326.00
33.00	-3.00	974.00	326.00
23.00	-3.00	974.00	326.00
14.00	-2.00	974.00	326.00
4.00	-4.00	974.00	326.00
-6.00	-4.00	974.00	326.00
-14.00	-4.00	974.00	326.00
-22.00	-5.00	974.00	326.00
-28.00	-5.00	974.00	326.00
-36.00	-5.00	974.00	326.00
-43.00	-6.00	974.00	326.00
-48.00	-8.00	974.00	326.00
-54.00	-7.00	974.00	326.00
-61.00	-9.00	974.00	326.00
-66.00	-10.00	974.00	326.00
-73.00	-12.00	974.00	326.00
-79.00	-13.00	974.00	326.00
-86.00	-14.00	974.00	326.00
-90.00	-15.00	974.00	326.00
-94.00	-16.00	974.00	326.00
-101.00	-16.00	974.00	326.00
-104.00	-15.00	974.00	326.00
-107.00	-17.00	974.00	326.00
-112.00	-17.00	974.00	326.00
-115.00	-17.00	974.00	326.00
-119.00	-18.00	974.00	326.00
-122.00	-19.00	974.00	326.00
-125.00	-22.00	974.00	326.00
-129.00	-23.00	974.00	326.00
-133.00	-23.00	974.00	326.00
-136.00	-26.00	974.00	326.00
-137.00	-28.00	974.00	326.00
-143.00	-30.00	974.00	326.00
-162.00	-35.00	1003.00	335.00
-166.00	-37.00	1003.00	335.00
-168.00	-39.00	1003.00	335.00
-172.00	-39.00	1003.00	335.00
-175.00	-42.00	1003.00	335.00
-179.00	-42.00	1003.00	335.00
-183.00	-43.00	1003.00	335.00
-188.00	-45.00	1003.00	335.00
-192.00	-46.00	1003.00	335.00
-196.00	-46.00	1003.00	335.00
-200.00	-46.00	1003.00	335.00
-204.00	-48.00	1003.00	335.00
-210.00	-50.00	1003.00	335.00
-213.00	-50.00	1003.00	335.00
-217.00	-50.00	1003.00	335.00
-222.00	-50.00	1003.00	335.00
-227.00	-51.00	1003.00	335.00
-234.00	-53.00	1003.00	335.00
-240.00	-53.00	1003.00	335.00
-247.00	-53.00	1003.00	335.00
-253.00	-53.00	1003.00	335.00
-259.00	-54.00	1003.00	335.00
-265.00	-53.00	1003.00	335.00
-271.00	-54.00	1003.00	335.00
-280.00	-53.00	1003.00	335.00
-286.00	-54.00	1003.00	335.00
-296.00	-53.00	1003.00	335.00
-305.00	-52.00	1003.00	335.00
-313.00	-50.00	1003.00	335.00
-322.00	-49.00	1003.00	335.00
-329.00	-48.00	1003.00	335.00
-337.00	-45.00	1003.00	335.00
-344.00	-43.00	1003.00	335.00
-351.00	-42.00	1003.00	335.00
-359.00	-41.00	1003.00	335.00
-368.00	-39.00	1003.00	335.00
-373.00	-38.00	1003.00	335.00
-381.00	-34.00	1003.00	335.00
-388.00	-33.00	1003.00	335.00
-397.00	-32.00	1003.00	335.00
-404.00	-31.00	1003.00	335.00
-411.00	-30.00	1003.00	335.00
-421.00	-29.00	1003.00	335.00
-429.00	-26.00	1003.00	335.00
-438.00	-24.00	1003.00	335.00
-447.00	-21.00	1003.00	335.00
-456.00	-18.00	1003.00	335.00
-465.00	-14.00	1003.00	335.00
-475.00	-9.00	1003.00	335.00
-487.00	-5.00	1003.00	335.00
-495.00	-1.00	1003.00	335.00
-504.00	3.00	1003.00	335.00
-512.00	7.00	1003.00	335.00
-519.00	8.00	1003.00	335.00
-542.00	8.00	1033.00	345.00
-554.00	10.00	1033.00	345.00
-564.00	12.00	1033.00	345.00
-572.00	16.00	1033.00	345.00
-579.00	18.00	1033.00	345.00
-585.00	19.00	1033.00	345.00
-594.00	24.00	1033.00	345.00
-601.00	27.00	1033.00	345.00
-608.00	30.00	1033.00	345.00
-616.00	36.00	1033.00	345.00
-624.00	39.00	1033.00	345.00
-630.00	42.00	1033.00	345.00
-639.00	49.00	1033.00	345.00
-646.00	52.00	1033.00	345.00
-651.00	55.00	1033.00	345.00
-654.00	62.00	1033.00	345.00
-663.00	63.00	1033.00	345.00
-668.00	67.00	1033.00	345.00
-670.00	76.00	1033.00	345.00
-655.00	84.00	1003.00	335.00
-628.00	93.00	974.00	326.00
-607.00	103.00	945.00	316.00
-586.00	113.00	918.00	307.00
-573.00	118.00	891.00	298.00
-547.00	130.00	865.00	289.00
-532.00	140.00	840.00	281.00
-516.00	154.00	815.00	273.00
-512.00	165.00	815.00	273.00
-513.00	169.00	815.00	273.00
-514.00	180.00	815.00	273.00
-517.00	189.00	815.00	273.00
-516.00	198.00	815.00	273.00
-518.00	204.00	815.00	273.00
-515.00	216.00	815.00	273.00
-517.00	229.00	815.00	273.00
-518.00	235.00	815.00	273.00
-520.00	243.00	815.00	273.00
-524.00	249.00	815.00	273.00
-528.00	259.00	815.00	273.00
-532.00	268.00	815.00	273.00
-537.00	274.00	815.00	273.00
-541.00	283.00	815.00	273.00
-542.00	282.00	815.00	273.00
-551.00	292.00	815.00	273.00
-555.00	298.00	815.00	273.00
-559.00	304.00	815.00	273.00
-562.00	308.00	815.00	273.00
-494.00	160.00	840.00	281.00
-512.00	159.00	865.00	289.00
-523.00	162.00	891.00	298.00
-548.00	164.00	918.00	307.00
-551.00	171.00	918.00	307.00
-557.00	171.00	918.00	307.00
-563.00	178.00	918.00	307.00
-566.00	177.00	918.00	307.00
-571.00	181.00	918.00	307.00
-571.00	181.00	918.00	307.00
-571.00	183.00	918.00	307.00
-580.00	180.00	918.00	307.00
-583.00	183.00	918.00	307.00
-584.00	189.00	918.00	307.00
-586.00	197.00	918.00	307.00
-594.00	198.00	918.00	307.00
-599.00	212.00	918.00	307.00
-600.00	202.00	918.00	307.00
-592.00	201.00	891.00	298.00
-575.00	196.00	865.00	289.00
-574.00	195.00	865.00	289.00
-559.00	181.00	840.00	281.00
-543.00	181.00	815.00	273.00
-527.00	179.00	792.00	265.00
-516.00	188.00	769.00	257.00
-507.00	200.00	746.00	250.00
-494.00	189.00	724.00	242.00
-483.00	198.00	703.00	235.00
-453.00	174.00	683.00	228.00
-434.00	170.00	683.00	228.00
-437.00	157.00	683.00	228.00
-439.00	155.00	683.00	228.00
-436.00	164.00	683.00	228.00
-441.00	165.00	683.00	228.00
-438.00	167.00	683.00	228.00
-417.00	51.00	683.00	228.00
-430.00	43.00	683.00	228.00
-425.00	24.00	683.00	228.00
-433.00	21.00	683.00	228.00
-437.00	0.00	683.00	228.00
-436.00	-14.00	663.00	222.00
-422.00	-9.00	644.00	215.00
-413.00	-10.00	625.00	209.00
-402.00	-12.00	607.00	203.00
-384.00	9.00	589.00	197.00
-382.00	-16.00	572.00	191.00
-372.00	3.00	572.00	191.00
-374.00	-2.00	572.00	191.00
-379.00	-8.00	572.00	191.00
-374.00	-9.00	572.00	191.00
-376.00	-13.00	572.00	191.00
-370.00	-15.00	555.00	186.00
-362.00	-17.00	539.00	180.00
-356.00	-22.00	523.00	175.00
-346.00	-23.00	508.00	170.00
-320.00	-24.00	508.00	170.00
-310.00	-22.00	508.00	170.00
-317.00	-30.00	508.00	170.00
-321.00	-30.00	508.00	170.00
-329.00	-33.00	508.00	170.00
-332.00	-25.00	508.00	170.00
-329.00	-24.00	508.00	170.00
-327.00	-18.00	493.00	165.00
-316.00	-13.00	479.00	160.00
-318.00	-12.00	479.00	160.00
-315.00	-11.00	479.00	160.00
-305.00	-11.00	479.00	160.00
-304.00	-12.00	479.00	160.00
-305.00	-11.00	479.00	160.00
-309.00	-0.00	479.00	160.00
-312.00	5.00	479.00	160.00
-314.00	14.00	479.00	160.00
-306.00	7.00	479.00	160.00
-313.00	13.00	479.00	160.00
-313.00	13.00	479.00	160.00
-305.00	33.00	465.00	156.00
-308.00	35.00	465.00	156.00
-304.00	34.00	465.00	156.00
-305.00	34.00	465.00	156.00
-304.00	30.00	465.00	156.00
-299.00	13.00	465.00	156.00
-298.00	2.00	465.00	156.00
-301.00	-4.00	465.00	156.00
-306.00	-5.00	465.00	156.00
-307.00	-12.00	465.00	156.00
-307.00	-9.00	465.00	156.00
-309.00	-9.00	465.00	156.00
-304.00	-13.00	465.00	156.00
-292.00	-14.00	465.00	156.00
-304.00	82.00	465.00	156.00
-295.00	92.00	465.00	156.00
-295.00	65.00	465.00	156.00
-293.00	78.00	465.00	156.00
-301.00	63.00	465.00	156.00
-301.00	97.00	465.00	156.00
-301.00	169.00	465.00	156.00
-303.00	162.00	465.00	156.00
-301.00	150.00	465.00	156.00
-299.00	142.00	465.00	156.00
-300.00	118.00	465.00	156.00
-298.00	129.00	465.00	156.00
-298.00	135.00	465.00	156.00
-300.00	133.00	465.00	156.00
-296.00	101.00	465.00	156.00
-304.00	82.00	465.00	156.00
-299.00	103.00	451.00	151.00
-296.00	49.00	451.00	151.00
-291.00	27.00	451.00	151.00
-294.00	36.00	451.00	151.00
-293.00	12.00	438.00	147.00
-281.00	132.00	438.00	147.00
-276.00	141.00	426.00	142.00
-277.00	97.00	426.00	142.00
-273.00	86.00	426.00	142.00
-276.00	75.00	426.00	142.00
-272.00	72.00	426.00	142.00
-274.00	64.00	426.00	142.00
-274.00	54.00	426.00	142.00
-272.00	42.00	426.00	142.00
-270.00	51.00	413.00	138.00
-268.00	45.00	413.00	138.00
-270.00	50.00	413.00	138.00
-271.00	52.00	413.00	138.00
-267.00	56.00	413.00	138.00
-268.00	71.00	413.00	138.00
-269.00	73.00	413.00	138.00
-274.00	78.00	413.00	138.00
-270.00	87.00	413.00	138.00
-265.00	114.00	401.00	134.00
-265.00	114.00	401.00	134.00
-257.00	127.00	389.00	130.00
-251.00	135.00	389.00	130.00
-246.00	153.00	389.00	130.00
-250.00	162.00	389.00	130.00
-254.00	162.00	389.00	130.00
-249.00	182.00	389.00	130.00
-250.00	195.00	389.00	130.00
-251.00	226.00	389.00	130.00
-251.00	240.00	389.00	130.00
-254.00	243.00	389.00	130.00
-242.00	260.00	378.00	126.00
-242.00	262.00	378.00	126.00
-244.00	270.00	378.00	126.00
-242.00	271.00	378.00	126.00
-242.00	279.00	378.00	126.00
-245.00	279.00	378.00	126.00
-246.00	285.00	378.00	126.00
-239.00	284.00	378.00	126.00
-242.00	290.00	378.00	126.00
-240.00	293.00	378.00	126.00
-244.00	294.00	378.00	126.00
-241.00	297.00	378.00	126.00
-244.00	299.00	378.00	126.00
-239.00	296.00	378.00	126.00
-241.00	297.00	378.00	126.00
-236.00	301.00	378.00	126.00
-247.00	302.00	389.00	130.00
-244.00	302.00	389.00	130.00
-251.00	304.00	401.00	134.00
-250.00	304.00	401.00	134.00
-256.00	301.00	401.00	134.00
-249.00	300.00	401.00	134.00
-256.00	300.00	401.00	134.00
-246.00	305.00	389.00	130.00
-245.00	312.00	389.00	130.00
-246.00	316.00	389.00	130.00
-242.00	317.00	378.00	126.00
-243.00	312.00	378.00	126.00
-245.00	308.00	378.00	126.00
-251.00	413.00	378.00	126.00
-253.00	413.00	378.00	126.00
-248.00	409.00	378.00	126.00
-250.00	404.00	378.00	126.00
-250.00	398.00	378.00	126.00
-248.00	395.00	378.00	126.00
-253.00	391.00	389.00	130.00
-256.00	388.00	389.00	130.00
-255.00	385.00	389.00	130.00
-254.00	381.00	389.00	130.00
-254.00	379.00	389.00	130.00
-255.00	376.00	389.00	130.00
-255.00	373.00	389.00	130.00
-255.00	371.00	389.00	130.00
-252.00	368.00	389.00	130.00
-253.00	366.00	389.00	130.00
-251.00	362.00	389.00	130.00
-251.00	361.00	389.00	130.00
-251.00	358.00	389.00	130.00
-257.00	356.00	401.00	134.00
-257.00	352.00	401.00	134.00
-258.00	350.00	401.00	134.00
-255.00	345.00	401.00	134.00
-255.00	342.00	401.00	134.00
-254.00	337.00	401.00	134.00
-253.00	333.00	401.00	134.00
-259.00	327.00	413.00	138.00
-261.00	321.00	413.00	138.00
-266.00	304.00	426.00	142.00
-276.00	298.00	438.00	147.00
-278.00	289.00	438.00	147.00
-280.00	284.00	438.00	147.00
-278.00	276.00	438.00	147.00
-277.00	271.00	438.00	147.00
-278.00	263.00	438.00	147.00
-277.00	255.00	438.00	147.00
-278.00	248.00	438.00	147.00
-279.00	241.00	438.00	147.00
-280.00	233.00	438.00	147.00
-281.00	226.00	438.00	147.00
-282.00	219.00	438.00	147.00
-283.00	214.00	438.00	147.00
-284.00	210.00	438.00	147.00
-283.00	200.00	438.00	147.00
-282.00	194.00	438.00	147.00
-280.00	188.00	438.00	147.00
-279.00	183.00	438.00	147.00
-277.00	178.00	438.00	147.00
-275.00	176.00	438.00	147.00
-273.00	173.00	438.00	147.00
-274.00	173.00	438.00	147.00
-282.00	176.00	451.00	151.00
-280.00	164.00	451.00	151.00
-287.00	162.00	465.00	156.00
-297.00	162.00	479.00	160.00
-293.00	150.00	479.00	160.00
-295.00	153.00	479.00	160.00
-292.00	150.00	479.00	160.00
-290.00	144.00	479.00	160.00
-290.00	144.00	479.00	160.00
-287.00	137.00	479.00	160.00
-285.00	140.00	479.00	160.00
-285.00	139.00	479.00	160.00
-279.00	132.00	479.00	160.00
-275.00	127.00	479.00	160.00
-272.00	126.00	479.00	160.00
-269.00	123.00	479.00	160.00
-266.00	121.00	479.00	160.00
-262.00	119.00	479.00	160.00
-258.00	116.00	479.00	160.00
-256.00	113.00	479.00	160.00
-252.00	112.00	479.00	160.00
-250.00	111.00	479.00	160.00
-245.00	110.00	479.00	160.00
-242.00	111.00	479.00	160.00
-240.00	110.00	479.00	160.00
-237.00	111.00	479.00	160.00
-233.00	110.00	479.00	160.00
-229.00	110.00	479.00	160.00
-226.00	112.00	479.00	160.00
-222.00	112.00	479.00	160.00
-219.00	113.00	479.00	160.00
-217.00	113.00	479.00	160.00
-214.00	114.00	479.00	160.00
-213.00	114.00	479.00	160.00
-212.00	116.00	479.00	160.00
-212.00	116.00	479.00	160.00
-211.00	118.00	479.00	160.00
-211.00	117.00	479.00	160.00
-210.00	119.00	479.00	160.00
-210.00	120.00	479.00	160.00
-212.00	121.00	479.00	160.00
-213.00	123.00	479.00	160.00
-214.00	124.00	479.00	160.00
-215.00	126.00	479.00	160.00
-216.00	127.00	479.00	160.00
-218.00	129.00	479.00	160.00
-219.00	131.00	479.00	160.00
-220.00	134.00	479.00	160.00
-220.00	136.00	479.00	160.00
-221.00	138.00	479.00	160.00
-221.00	142.00	479.00	160.00
-220.00	145.00	479.00	160.00
-218.00	149.00	479.00	160.00
-217.00	153.00	479.00	160.00
-215.00	158.00	479.00	160.00
-212.00	163.00	479.00	160.00
-208.00	169.00	479.00	160.00
-212.00	173.00	493.00	165.00
-209.00	181.00	493.00	165.00
-205.00	189.00	493.00	165.00
-200.00	198.00	493.00	165.00
-195.00	208.00	493.00	165.00
-191.00	216.00	493.00	165.00
-186.00	225.00	493.00	165.00
-182.00	235.00	493.00	165.00
-176.00	242.00	493.00	165.00
-179.00	249.00	508.00	170.00
-176.00	258.00	508.00	170.00
-172.00	267.00	508.00	170.00
-167.00	276.00	508.00	170.00
-170.00	282.00	523.00	175.00
-167.00	291.00	523.00	175.00
-164.00	300.00	523.00	175.00
-160.00	309.00	523.00	175.00
-164.00	315.00	539.00	180.00
-166.00	325.00	539.00	180.00
-163.00	334.00	539.00	180.00
-163.00	343.00	539.00	180.00
-162.00	352.00	539.00	180.00
-169.00	358.00	555.00	186.00
-171.00	367.00	555.00	186.00
-171.00	375.00	555.00	186.00
-172.00	383.00	555.00	186.00
-181.00	389.00	572.00	191.00
-184.00	397.00	572.00	191.00
-186.00	403.00	572.00	191.00
-189.00	410.00	572.00	191.00
-192.00	417.00	572.00	191.00
-196.00	423.00	572.00	191.00
-200.00	428.00	572.00	191.00
-203.00	432.00	572.00	191.00
-208.00	436.00	572.00	191.00
-212.00	439.00	572.00	191.00
-218.00	444.00	572.00	191.00
-224.00	447.00	572.00	191.00
-229.00	451.00	572.00	191.00
-235.00	455.00	572.00	191.00
-242.00	458.00	572.00	191.00
-249.00	460.00	572.00	191.00
-257.00	462.00	572.00	191.00
-264.00	463.00	572.00	191.00
-273.00	465.00	572.00	191.00
-281.00	465.00	572.00	191.00
-290.00	464.00	572.00	191.00
-299.00	466.00	572.00	191.00
-308.00	464.00	572.00	191.00
-315.00	460.00	572.00	191.00
-322.00	454.00	572.00	191.00
-330.00	450.00	572.00	191.00
-338.00	441.00	572.00	191.00
-346.00	433.00	572.00	191.00
-353.00	424.00	572.00	191.00
-360.00	412.00	572.00	191.00
-366.00	400.00	572.00	191.00
-372.00	386.00	572.00	191.00
-376.00	371.00	572.00	191.00
-384.00	357.00	572.00	191.00
-389.00	342.00	572.00	191.00
-394.00	326.00	572.00	191.00
-401.00	317.00	572.00	191.00
-403.00	300.00	572.00	191.00
-411.00	290.00	572.00	191.00
-416.00	278.00	572.00	191.00
-425.00	271.00	572.00	191.00
-432.00	265.00	572.00	191.00
-443.00	257.00	572.00	191.00
-449.00	242.00	572.00	191.00
-453.00	235.00	572.00	191.00
-456.00	222.00	572.00	191.00
-457.00	213.00	572.00	191.00
-461.00	203.00	572.00	191.00
-465.00	197.00	572.00	191.00
-465.00	187.00	572.00	191.00
-467.00	182.00	572.00	191.00
-466.00	176.00	572.00	191.00
-466.00	173.00	572.00	191.00
-467.00	170.00	572.00	191.00
-463.00	169.00	572.00	191.00
-459.00	166.00	572.00	191.00
-457.00	167.00	572.00	191.00
-454.00	167.00	572.00	191.00
-447.00	168.00	572.00	191.00
-440.00	167.00	572.00	191.00
-433.00	166.00	572.00	191.00
-422.00	165.00	572.00	191.00
-411.00	165.00	572.00	191.00
-402.00	167.00	572.00	191.00
-393.00	168.00	572.00	191.00
-382.00	167.00	572.00	191.00
-374.00	170.00	572.00	191.00
-367.00	171.00	572.00	191.00
-357.00	170.00	572.00	191.00
-348.00	173.00	572.00	191.00
-340.00	175.00	572.00	191.00
-334.00	178.00	572.00	191.00
-327.00	178.00	572.00	191.00
-320.00	179.00	572.00	191.00
-313.00	176.00	572.00	191.00
-307.00	173.00	572.00	191.00
-301.00	170.00	572.00	191.00
-295.00	166.00	572.00	191.00
-291.00	165.00	572.00	191.00
-287.00	159.00	572.00	191.00
-284.00	154.00	572.00	191.00
-282.00	149.00	572.00	191.00
-282.00	144.00	572.00	191.00
-281.00	139.00	572.00	191.00
-272.00	136.00	555.00	186.00
-268.00	132.00	555.00	186.00
-269.00	127.00	555.00	186.00
-270.00	122.00	555.00	186.00
-270.00	118.00	555.00	186.00
-273.00	114.00	555.00	186.00
-274.00	110.00	555.00	186.00
-275.00	107.00	555.00	186.00
-269.00	107.00	539.00	180.00
-267.00	103.00	539.00	180.00
-269.00	102.00	539.00	180.00
-272.00	101.00	539.00	180.00
-275.00	100.00	539.00	180.00
-277.00	99.00	539.00	180.00
-279.00	97.00	539.00	180.00
-281.00	96.00	539.00	180.00
-275.00	97.00	523.00	175.00
-275.00	97.00	523.00	175.00
-278.00	96.00	523.00	175.00
-280.00	96.00	523.00	175.00
-283.00	96.00	523.00	175.00
-287.00	94.00	523.00	175.00
-291.00	94.00	523.00	175.00
-297.00	95.00	523.00	175.00
-302.00	94.00	523.00	175.00
-309.00	94.00	523.00	175.00
-319.00	95.00	523.00	175.00
-331.00	95.00	523.00	175.00
-337.00	96.00	508.00	170.00
-340.00	98.00	493.00	165.00
-352.00	101.00	479.00	160.00
-371.00	102.00	479.00	160.00
-394.00	102.00	479.00	160.00
-419.00	87.00	493.00	165.00
-440.00	223.00	493.00	165.00
-285.00	193.00	493.00	165.00
-433.00	215.00	508.00	170.00
-275.00	180.00	479.00	160.00
-227.00	192.00	493.00	165.00
-233.00	241.00	493.00	165.00
-269.00	210.00	508.00	170.00
-280.00	205.00	508.00	170.00
-311.00	201.00	508.00	170.00
-266.00	170.00	493.00	165.00
-265.00	161.00	479.00	160.00
-266.00	167.00	479.00	160.00
-253.00	157.00	479.00	160.00
-248.00	156.00	465.00	156.00
-255.00	124.00	465.00	156.00
-250.00	103.00	465.00	156.00
-256.00	74.00	479.00	160.00
-263.00	81.00	479.00	160.00
-255.00	56.00	465.00	156.00
-253.00	60.00	465.00	156.00
-258.00	55.00	465.00	156.00
-257.00	45.00	465.00	156.00
-251.00	50.00	465.00	156.00
-246.00	53.00	465.00	156.00
-233.00	58.00	465.00	156.00
-235.00	55.00	465.00	156.00
-254.00	79.00	479.00	160.00
-263.00	26.00	479.00	160.00
-268.00	38.00	479.00	160.00
-278.00	23.00	479.00	160.00
-253.00	88.00	479.00	160.00
-253.00	89.00	479.00	160.00
-265.00	86.00	493.00	165.00
-267.00	69.00	493.00	165.00
-270.00	57.00	493.00	165.00
-268.00	70.00	493.00	165.00
-268.00	41.00	493.00	165.00
-275.00	62.00	493.00	165.00
-277.00	60.00	493.00	165.00
-268.00	29.00	479.00	160.00
-258.00	38.00	465.00	156.00
-254.00	10.00	451.00	151.00
-249.00	-21.00	438.00	147.00
-259.00	-30.00	426.00	142.00
-238.00	-19.00	413.00	138.00
-237.00	-11.00	413.00	138.00
-241.00	-11.00	413.00	138.00
-237.00	26.00	413.00	138.00
-232.00	46.00	413.00	138.00
-228.00	69.00	413.00	138.00
-232.00	107.00	401.00	134.00
-218.00	118.00	389.00	130.00
-213.00	129.00	389.00	130.00
-218.00	142.00	389.00	130.00
-211.00	140.00	389.00	130.00
-214.00	117.00	389.00	130.00
-219.00	87.00	389.00	130.00
-217.00	84.00	389.00	130.00
-217.00	62.00	389.00	130.00
-219.00	30.00	401.00	134.00
-220.00	50.00	401.00	134.00
-222.00	9.00	401.00	134.00
-217.00	-13.00	401.00	134.00
-218.00	-7.00	401.00	134.00
-215.00	-7.00	401.00	134.00
-219.00	-23.00	401.00	134.00
-218.00	-22.00	401.00	134.00
-219.00	-21.00	401.00	134.00
-220.00	-23.00	401.00	134.00
-215.00	-11.00	389.00	130.00
-209.00	-13.00	378.00	126.00
-205.00	-9.00	367.00	123.00
-197.00	-5.00	356.00	119.00
-199.00	-3.00	356.00	119.00
-200.00	-2.00	356.00	119.00
-199.00	-15.00	356.00	119.00
-194.00	-18.00	346.00	116.00
-186.00	-25.00	346.00	116.00
-184.00	-29.00	346.00	116.00
-183.00	-36.00	336.00	112.00
-175.00	-35.00	336.00	112.00
-176.00	-33.00	336.00	112.00
-184.00	-33.00	336.00	112.00
-182.00	-21.00	336.00	112.00
-184.00	-26.00	336.00	112.00
-182.00	-28.00	336.00	112.00
-177.00	-21.00	336.00	112.00
-183.00	-18.00	336.00	112.00
-185.00	-17.00	336.00	112.00
-188.00	-14.00	336.00	112.00
-189.00	-19.00	336.00	112.00
-186.00	-20.00	336.00	112.00
-186.00	-14.00	336.00	112.00
-192.00	-8.00	346.00	116.00
-193.00	10.00	346.00	116.00
-190.00	27.00	346.00	116.00
-187.00	50.00	346.00	116.00
-187.00	73.00	346.00	116.00
-188.00	97.00	346.00	116.00
-191.00	140.00	346.00	116.00
-181.00	168.00	346.00	116.00
-182.00	329.00	346.00	116.00
-182.00	346.00	336.00	112.00
-171.00	342.00	326.00	109.00
-177.00	216.00	326.00	109.00
-178.00	210.00	326.00	109.00
-171.00	207.00	317.00	106.00
-170.00	209.00	317.00	106.00
-173.00	215.00	317.00	106.00
-173.00	185.00	317.00	106.00
-172.00	205.00	317.00	106.00
-171.00	187.00	317.00	106.00
-175.00	230.00	317.00	106.00
-174.00	163.00	317.00	106.00
-175.00	200.00	317.00	106.00
-172.00	346.00	317.00	106.00
-173.00	375.00	317.00	106.00
-169.00	384.00	317.00	106.00
-175.00	395.00	317.00	106.00
-171.00	391.00	317.00	106.00
-171.00	399.00	317.00	106.00
-172.00	383.00	317.00	106.00
-174.00	340.00	317.00	106.00
-173.00	321.00	317.00	106.00
-169.00	293.00	317.00	106.00
-173.00	296.00	326.00	109.00
-178.00	302.00	326.00	109.00
-177.00	304.00	326.00	109.00
-173.00	296.00	326.00	109.00
-171.00	294.00	326.00	109.00
-171.00	300.00	326.00	109.00
-169.00	304.00	326.00	109.00
-159.00	288.00	336.00	112.00
-180.00	155.00	346.00	116.00
-187.00	94.00	356.00	119.00
-180.00	75.00	367.00	123.00
-198.00	47.00	378.00	126.00
-201.00	57.00	378.00	126.00
-198.00	63.00	378.00	126.00
-199.00	70.00	378.00	126.00
-204.00	111.00	378.00	126.00
-206.00	107.00	389.00	130.00
-202.00	102.00	389.00	130.00
-194.00	99.00	389.00	130.00
-199.00	84.00	389.00	130.00
-198.00	74.00	389.00	130.00
-195.00	68.00	389.00	130.00
-199.00	58.00	389.00	130.00
-205.00	42.00	389.00	130.00
-205.00	37.00	389.00	130.00
-206.00	29.00	389.00	130.00
-207.00	19.00	389.00	130.00
-203.00	22.00	389.00	130.00
-209.00	27.00	389.00	130.00
-209.00	27.00	389.00	130.00
-204.00	9.00	389.00	130.00
-205.00	10.00	389.00	130.00
-209.00	33.00	389.00	130.00
-207.00	46.00	389.00	130.00
-199.00	31.00	389.00	130.00
-212.00	54.00	401.00	134.00
-207.00	61.00	401.00	134.00
-200.00	71.00	401.00	134.00
-205.00	72.00	413.00	138.00
-217.00	72.00	426.00	142.00
-220.00	103.00	426.00	142.00
-216.00	93.00	426.00	142.00
-213.00	94.00	426.00	142.00
-210.00	98.00	426.00	142.00
-211.00	93.00	426.00	142.00
-214.00	86.00	426.00	142.00
-210.00	85.00	426.00	142.00
-200.00	82.00	426.00	142.00
-198.00	84.00	426.00	142.00
-208.00	103.00	426.00	142.00
-214.00	108.00	426.00	142.00
-247.00	250.00	438.00	147.00
-244.00	257.00	438.00	147.00
-252.00	246.00	451.00	151.00
-245.00	252.00	451.00	151.00
-250.00	268.00	465.00	156.00
-252.00	266.00	479.00	160.00
-258.00	271.00	493.00	165.00
-265.00	275.00	508.00	170.00
-270.00	277.00	523.00	175.00
-268.00	274.00	523.00	175.00
-272.00	271.00	539.00	180.00
-270.00	278.00	539.00	180.00
-270.00	246.00	539.00	180.00
-278.00	244.00	555.00	186.00
-291.00	231.00	572.00	191.00
-283.00	243.00	572.00	191.00
-282.00	243.00	572.00	191.00
-282.00	243.00	572.00	191.00
-278.00	239.00	572.00	191.00
-279.00	236.00	572.00	191.00
-275.00	230.00	572.00	191.00
-278.00	233.00	589.00	197.00
-281.00	225.00	589.00	197.00
-290.00	221.00	607.00	203.00
-278.00	219.00	607.00	203.00
-277.00	214.00	607.00	203.00
-286.00	206.00	625.00	209.00
-299.00	201.00	644.00	215.00
-295.00	199.00	644.00	215.00
-299.00	196.00	663.00	222.00
-294.00	193.00	663.00	222.00
-302.00	185.00	683.00	228.00
-317.00	182.00	703.00	235.00
-319.00	187.00	703.00	235.00
-328.00	183.00	724.00	242.00
-328.00	180.00	724.00	242.00
-342.00	170.00	746.00	250.00
-353.00	162.00	769.00	257.00
-356.00	163.00	769.00	257.00
-360.00	167.00	792.00	265.00
-362.00	165.00	792.00	265.00
-360.00	168.00	792.00	265.00
-359.00	167.00	792.00	265.00
-353.00	166.00	792.00	265.00
-354.00	168.00	792.00	265.00
-350.00	167.00	792.00	265.00
-349.00	168.00	792.00	265.00
-361.00	163.00	815.00	273.00
-363.00	159.00	815.00	273.00
-361.00	158.00	815.00	273.00
-359.00	155.00	815.00	273.00
-355.00	153.00	815.00	273.00
-356.00	150.00	815.00	273.00
-353.00	146.00	815.00	273.00
-352.00	142.00	815.00	273.00
-348.00	134.00	815.00	273.00
-346.00	129.00	815.00	273.00
-340.00	124.00	815.00	273.00
-338.00	120.00	815.00	273.00
-335.00	110.00	815.00	273.00
-329.00	102.00	815.00	273.00
-325.00	93.00	815.00	273.00
-321.00	83.00	815.00	273.00
-317.00	72.00	815.00	273.00
-313.00	60.00	815.00	273.00
-302.00	45.00	815.00	273.00
-297.00	33.00	815.00	273.00
-290.00	13.00	815.00	273.00
-280.00	-1.00	815.00	273.00
-273.00	-18.00	815.00	273.00
-261.00	-35.00	815.00	273.00
-250.00	-48.00	815.00	273.00
-238.00	-62.00	815.00	273.00
-227.00	-77.00	815.00	273.00
-370.00	9.00	792.00	265.00
-346.00	-10.00	769.00	257.00
-337.00	-32.00	769.00	257.00
-333.00	-33.00	769.00	257.00
-327.00	-46.00	769.00	257.00
-320.00	-59.00	769.00	257.00
-316.00	-72.00	769.00	257.00
-311.00	-86.00	769.00	257.00
-302.00	-88.00	769.00	257.00
-295.00	-103.00	769.00	257.00
-288.00	-116.00	769.00	257.00
-292.00	-126.00	769.00	257.00
-302.00	-144.00	792.00	265.00
-294.00	-153.00	792.00	265.00
-287.00	-165.00	792.00	265.00
-333.00	247.00	792.00	265.00
-334.00	342.00	792.00	265.00
-335.00	343.00	792.00	265.00
-333.00	309.00	792.00	265.00
-325.00	307.00	792.00	265.00
-328.00	311.00	792.00	265.00
-326.00	318.00	792.00	265.00
-326.00	310.00	792.00	265.00
-321.00	321.00	792.00	265.00
-321.00	309.00	792.00	265.00
-314.00	316.00	792.00	265.00
-312.00	303.00	792.00	265.00
-309.00	293.00	792.00	265.00
-304.00	285.00	792.00	265.00
-298.00	274.00	792.00	265.00
-293.00	266.00	792.00	265.00
-289.00	264.00	792.00	265.00
-282.00	257.00	792.00	265.00
-277.00	252.00	792.00	265.00
-265.00	250.00	792.00	265.00
-263.00	246.00	792.00	265.00
-258.00	234.00	792.00	265.00
-250.00	237.00	792.00	265.00
-240.00	235.00	792.00	265.00
-241.00	231.00	792.00	265.00
-226.00	227.00	792.00	265.00
-227.00	225.00	792.00	265.00
-222.00	223.00	792.00	265.00
-307.00	299.00	769.00	257.00
-289.00	281.00	769.00	257.00
-292.00	297.00	769.00	257.00
-297.00	299.00	769.00	257.00
-287.00	295.00	769.00	257.00
-284.00	302.00	769.00	257.00
-279.00	303.00	769.00	257.00
-267.00	298.00	769.00	257.00
-270.00	303.00	769.00	257.00
-257.00	301.00	769.00	257.00
-254.00	305.00	769.00	257.00
-250.00	306.00	769.00	257.00
-246.00	307.00	769.00	257.00
-247.00	306.00	769.00	257.00
-253.00	306.00	769.00	257.00
-254.00	300.00	769.00	257.00
-259.00	296.00	769.00	257.00
-259.00	294.00	769.00	257.00
-257.00	286.00	769.00	257.00
-262.00	285.00	769.00	257.00
-257.00	275.00	769.00	257.00
-241.00	274.00	746.00	250.00
