604	213	120	122
611	217	103	107
620	220	96	101
623	224	87	98
620	232	90	88
632	225	75	95
632	221	73	99
635	214	68	106
634	221	70	100
634	229	71	91
628	235	76	85
622	232	81	91
627	234	77	84
630	233	72	86
621	234	83	84
624	225	81	92
622	228	82	92
626	230	75	87
628	230	76	89
623	229	81	88
623	233	80	86
624	229	79	89
626	228	76	88
620	220	81	101
622	231	81	89
618	235	84	86
616	236	84	83
615	237	83	80
614	241	83	75
616	245	82	69
617	243	79	71
613	244	81	70
614	241	80	72
612	242	82	71
610	246	83	65
611	244	84	69
613	245	79	63
613	242	79	68
614	242	75	67
614	248	79	59
609	249	91	57
608	245	96	62
609	245	91	61
606	244	96	61
608	238	93	67
607	235	92	68
607	237	93	68
609	243	87	59
608	245	86	54
608	246	89	53
608	237	88	62
609	241	86	55
607	243	90	52
608	243	89	51
606	243	90	52
610	242	82	52
611	239	82	53
614	233	78	57
613	224	79	66
615	216	77	76
617	222	77	91
616	209	75	107
608	198	86	112
605	184	91	116
601	185	94	127
606	186	90	135
608	178	85	130
599	184	98	136
596	188	99	129
606	183	84	135
595	169	101	150
591	177	107	149
608	178	90	153
612	187	84	143
617	192	72	131
617	191	73	136
618	191	69	128
619	191	64	126
617	194	74	138
616	187	74	139
613	185	76	137
610	184	82	131
600	188	91	112
600	197	89	107
589	195	99	103
591	212	103	105
586	204	106	102
588	215	103	93
587	216	106	100
588	209	108	114
595	213	102	107
595	214	101	105
602	210	96	110
599	206	101	121
605	200	99	128
594	201	112	127
595	203	116	118
602	201	103	117
609	204	98	116
614	205	91	116
622	197	84	122
615	200	97	118
617	196	100	128
620	214	98	114
619	195	109	128
595	201	128	131
564	217	149	117
569	187	169	148
557	199	176	144
561	214	169	125
566	186	168	150
560	198	160	144
566	230	153	118
572	222	156	120
580	196	153	139
563	228	161	123
562	175	164	158
575	156	146	177
581	150	143	176
599	140	129	182
618	145	107	170
626	172	96	136
630	208	107	115
627	201	97	105
628	199	110	110
622	205	114	104
604	219	138	89
587	226	157	80
592	229	155	79
564	232	168	76
581	227	158	81
591	233	137	70
596	236	125	73
601	237	120	78
600	237	124	88
596	233	126	104
599	235	119	117
602	233	111	133
594	234	118	142
586	232	124	155
586	233	121	165
578	224	131	185
583	224	124	198
587	226	117	201
574	224	134	213
580	222	129	219
585	214	127	228
592	228	123	216
581	219	141	231
606	217	120	238
602	212	125	254
598	211	129	249
599	217	120	236
605	219	116	226
605	222	115	225
603	211	117	239
611	211	105	240
618	223	98	227
618	229	101	226
616	199	101	263
616	164	90	304
605	165	111	299
609	161	129	311
618	157	174	295
592	154	163	308
604	157	201	318
580	150	177	332
598	153	204	328
587	152	210	333
583	146	204	344
598	168	181	314
580	167	198	328
578	186	205	308
580	187	199	301
519	179	260	312
543	174	247	325
557	176	226	325
567	170	211	323
582	172	201	311
525	174	209	341
554	177	233	338
564	188	214	320
563	177	221	336
562	189	226	318
565	184	217	329
558	190	228	321
562	198	222	283
578	202	205	258
590	209	186	224
511	223	208	209
588	209	188	216
562	214	185	215
569	215	199	221
569	213	199	220
578	212	187	220
589	213	164	202
586	210	173	218
591	207	175	232
605	200	143	229
611	203	133	235
612	205	137	240
616	197	125	242
615	195	135	245
619	195	126	246
620	189	123	255
621	185	124	259
620	190	123	252
618	200	120	239
621	201	113	236
625	199	104	227
626	193	104	239
627	192	105	235
629	188	105	248
629	191	98	232
629	196	101	223
634	195	87	209
634	194	86	205
639	198	78	203
642	202	72	184
643	209	71	171
646	216	66	156
649	219	59	140
652	221	58	145
654	221	56	144
654	228	60	151
652	207	60	165
653	206	61	184
654	202	59	191
653	202	58	180
649	221	66	193
645	208	70	224
645	204	69	237
641	192	71	239
638	196	75	251
629	197	81	260
615	221	97	237
610	225	104	242
610	228	106	248
611	231	104	259
609	238	104	279
606	236	108	295
606	249	107	286
606	254	111	274
612	254	100	266
615	265	100	252
616	273	97	240
614	276	103	238
614	277	103	240
614	283	105	234
614	291	104	222
613	312	104	198
614	305	105	206
564	417	118	187
562	411	120	195
560	394	147	210
560	381	154	222
568	384	142	216
564	380	155	217
568	385	140	211
569	388	143	206
615	317	107	193
616	313	111	194
616	313	111	200
613	311	116	201
614	307	119	206
612	307	125	207
615	304	126	210
617	305	126	208
610	305	143	220
603	304	152	244
592	303	172	242
586	297	178	268
577	300	188	261
574	296	193	272
579	297	189	263
578	306	194	249
577	310	199	245
580	310	197	244
586	307	191	246
576	295	206	268
562	322	223	237
562	341	220	219
578	336	201	222
587	339	193	224
598	328	179	236
596	327	181	244
607	335	163	237
614	328	159	246
617	330	163	253
617	334	161	249
620	338	156	232
616	339	161	221
620	344	156	219
622	346	153	211
625	355	152	191
624	359	151	177
626	360	147	169
623	359	164	175
625	361	158	168
629	360	155	170
630	360	153	164
626	360	166	164
630	363	158	155
633	362	155	158
632	364	156	157
632	362	158	162
635	366	149	155
637	365	148	161
640	361	144	169
635	365	152	160
640	367	149	159
645	365	142	166
648	362	140	176
647	368	142	165
651	373	137	167
648	370	141	174
641	375	143	157
653	375	132	152
646	376	137	144
653	376	125	144
650	381	130	140
653	381	131	143
656	381	127	140
654	382	127	136
659	384	123	135
658	384	125	136
661	388	124	133
662	386	127	133
663	387	121	135
668	388	117	134
667	392	117	128
666	390	121	131
670	390	115	129
670	392	118	128
671	394	114	129
671	397	114	126
670	400	115	117
673	400	110	115
675	401	109	115
677	398	112	118
678	400	114	117
677	401	119	115
681	401	113	116
682	402	112	114
683	405	112	110
684	405	109	108
688	409	108	103
688	409	108	105
687	412	109	100
690	414	106	98
690	414	106	97
689	417	106	96
692	420	103	92
693	425	100	86
693	425	101	88
694	427	101	87
696	429	96	84
697	430	96	82
699	433	95	79
700	434	96	78
702	436	94	75
701	438	96	74
706	437	93	75
706	438	94	75
708	440	93	72
712	438	92	77
710	442	96	70
715	444	91	66
716	442	91	68
715	442	92	71
717	445	93	63
717	445	92	64
718	449	91	56
722	448	89	56
721	451	89	52
720	450	92	51
721	450	90	52
727	453	86	47
728	452	86	50
725	453	86	49
726	452	85	50
727	455	85	44
725	456	87	42
729	457	82	43
729	459	85	39
732	460	82	39
734	460	80	37
740	463	74	32
741	465	73	30
744	465	69	30
737	464	78	31
742	466	73	29
744	467	69	29
744	467	69	29
744	467	69	29
744	467	69	29
744	467	69	29
744	467	69	29
720	451	77	42
719	443	76	48
723	443	68	51
719	439	70	54
716	430	62	62
726	443	69	57
720	436	62	55
728	443	68	56
721	440	74	54
718	436	68	56
715	432	53	57
726	436	46	56
718	430	46	60
712	424	53	67
712	424	53	67
713	419	50	72
711	414	50	77
709	413	51	78
709	413	51	78
709	413	51	78
709	412	48	80
709	412	46	79
709	405	43	84
710	405	40	82
710	402	41	86
710	401	41	86
711	411	40	76
709	407	37	77
710	423	41	64
711	422	34	63
710	429	35	54
711	430	33	55
711	431	35	53
712	429	33	53
