737	80	361	172
750	85	344	165
750	87	332	168
750	108	331	144
750	113	322	148
745	110	312	145
746	105	307	152
739	111	291	148
741	108	286	153
741	113	287	154
733	111	290	156
744	108	291	163
729	113	301	158
736	110	300	160
732	115	308	160
728	114	316	161
736	114	305	164
732	120	302	161
726	117	306	166
732	119	294	165
724	125	296	163
721	129	293	160
724	128	283	163
727	120	282	170
722	125	284	157
723	120	285	161
710	122	295	160
721	124	295	163
707	119	302	168
719	114	298	174
711	119	299	168
713	108	300	177
708	101	298	188
705	98	303	194
698	95	316	200
695	96	323	206
691	95	320	212
683	96	332	212
679	85	336	226
672	81	340	233
676	85	335	222
667	91	350	209
655	66	380	241
665	75	354	226
660	73	359	230
665	62	352	241
665	57	348	248
656	50	352	259
664	65	349	232
663	75	343	224
662	86	345	213
662	90	334	208
661	94	336	199
663	103	322	176
669	96	314	185
661	110	320	150
662	105	311	149
669	106	306	144
666	105	299	137
664	101	298	141
666	99	290	141
664	100	288	140
660	103	285	137
658	104	282	143
655	92	276	154
656	92	275	162
658	95	270	157
656	87	267	165
658	89	264	167
655	85	260	172
659	78	252	179
654	82	257	173
659	82	258	172
662	73	248	184
665	77	258	177
661	65	255	192
665	68	261	192
661	63	260	216
666	54	264	207
663	50	265	225
665	48	259	233
664	37	280	260
671	33	270	253
667	24	275	275
668	21	281	278
672	28	279	267
661	21	285	278
667	25	278	273
668	19	276	275
671	14	267	283
663	15	267	279
664	10	284	289
661	15	295	286
653	7	300	304
652	3	297	306
655	10	295	301
649	7	300	301
649	1	292	298
650	18	289	284
647	21	292	269
646	30	289	252
637	42	283	245
644	50	270	213
642	60	266	195
645	70	251	172
640	69	251	168
638	69	239	167
644	72	238	154
631	76	233	165
630	74	232	155
629	77	226	158
626	76	227	160
621	73	228	170
619	67	237	186
617	69	230	176
614	70	213	171
615	66	226	185
608	56	231	189
614	57	219	210
615	45	228	200
614	33	227	230
616	18	218	252
614	18	225	265
614	8	226	250
613	1	232	282
615	0	247	299
604	-4	266	316
605	13	266	297
604	24	272	276
601	11	275	293
605	3	271	302
609	9	272	275
599	9	277	272
603	10	280	252
599	10	280	253
603	9	273	254
598	9	275	236
597	6	268	252
601	13	263	247
604	13	251	265
607	0	244	287
601	0	241	264
600	4	237	249
599	7	229	293
594	-5	235	267
598	0	228	261
596	-3	230	291
594	-1	233	300
602	-6	224	305
598	-7	212	298
607	-4	192	287
605	-5	187	273
604	-8	179	272
606	-5	178	279
603	0	180	265
611	9	162	243
601	18	158	226
601	14	159	233
597	12	172	227
598	8	162	230
604	-2	162	237
596	6	163	221
592	-4	168	239
593	1	173	237
588	-2	181	256
593	0	174	242
584	4	185	245
593	9	186	228
586	23	191	222
585	29	186	217
585	35	192	211
581	44	189	196
576	28	191	214
576	8	185	241
573	3	189	253
572	17	183	232
571	15	181	234
567	23	188	227
566	48	191	197
565	52	192	189
565	52	188	187
567	51	184	190
569	42	180	203
567	43	185	204
567	19	171	226
563	4	182	260
562	5	186	258
557	13	190	240
554	19	195	231
551	20	192	231
548	23	187	228
547	26	179	222
541	28	188	218
539	22	181	226
530	22	195	228
523	24	210	223
522	20	198	230
519	21	205	230
514	17	212	224
511	14	212	223
507	15	213	223
501	17	224	222
498	18	227	219
493	26	240	212
491	26	246	216
489	34	248	209
490	36	250	209
487	39	247	201
484	33	251	211
477	42	268	206
475	46	262	195
479	46	267	193
484	30	267	207
482	33	264	211
490	30	265	205
485	21	279	230
485	19	290	236
485	17	310	240
492	10	293	233
489	10	289	234
497	7	281	234
495	6	295	238
500	2	292	252
506	3	288	243
501	3	288	250
505	-1	289	260
506	2	279	242
499	5	295	246
499	8	288	241
482	8	314	252
489	11	310	247
487	20	299	226
484	19	323	235
479	18	315	247
472	21	331	250
474	20	317	235
465	18	334	254
475	21	342	230
468	20	331	230
473	25	347	237
476	20	344	243
483	20	334	247
480	10	345	266
484	20	347	256
492	13	339	257
486	16	354	262
503	23	337	249
510	12	327	260
515	9	332	270
518	8	341	267
517	0	336	271
522	-1	329	282
520	0	345	277
517	1	342	269
512	3	344	268
513	3	352	262
515	1	338	262
511	6	338	258
505	10	348	252
500	11	351	241
491	19	355	232
479	31	366	208
478	35	358	197
479	32	354	222
480	39	346	204
480	22	343	226
482	15	340	241
484	26	338	220
492	25	327	216
498	13	328	224
502	17	324	230
512	9	306	216
519	16	301	217
513	24	305	204
519	32	302	188
517	33	315	205
515	43	313	189
516	48	317	184
515	59	320	180
514	68	329	172
511	55	323	186
513	64	331	186
502	62	336	194
510	73	332	179
501	81	329	180
498	80	341	186
497	80	340	196
499	81	335	190
494	79	338	200
498	82	347	196
501	87	340	207
505	84	335	210
512	82	339	221
510	95	339	210
512	86	342	230
511	91	346	215
511	86	345	231
506	98	353	212
509	102	355	199
504	104	368	189
507	112	354	174
502	105	368	187
500	105	367	183
490	101	382	201
493	86	379	214
492	88	360	208
488	82	374	219
483	76	382	225
487	60	364	241
476	64	378	238
478	56	362	235
472	40	371	258
471	32	372	258
466	35	381	254
472	39	370	250
471	39	372	244
474	50	383	245
473	41	378	251
473	45	385	247
470	42	393	259
469	51	388	250
472	48	398	253
464	46	399	261
459	52	407	260
456	49	402	260
449	50	414	263
446	51	416	256
430	40	432	265
426	49	442	253
422	49	434	259
428	41	412	257
421	42	427	251
411	43	429	244
412	48	431	229
404	47	444	227
401	57	426	209
390	63	423	206
393	61	405	202
391	62	364	184
460	65	297	165
462	63	290	172
464	61	290	172
475	48	277	182
463	37	298	193
465	33	297	201
449	30	307	203
456	21	295	213
450	21	298	214
416	25	336	223
416	29	337	218
405	18	348	235
400	16	357	236
399	29	357	234
401	34	360	225
407	24	355	225
401	23	345	241
399	18	357	230
401	25	348	229
399	32	360	210
398	41	362	204
389	30	366	206
389	26	358	212
385	36	361	196
375	31	375	207
372	28	371	205
371	26	375	203
363	11	378	228
361	27	385	211
357	28	396	203
348	25	410	204
353	10	418	218
347	10	425	224
346	6	426	231
344	3	431	228
333	-3	442	234
329	-8	452	234
328	2	439	220
328	-6	444	235
336	-7	430	242
325	-7	457	242
325	0	440	219
336	-9	430	235
331	-5	432	231
332	0	432	211
330	-9	431	245
333	1	430	232
339	-3	420	247
331	-5	422	241
345	5	411	224
340	2	429	241
344	1	415	233
342	4	417	234
340	4	411	231
346	2	427	222
331	1	417	225
338	2	423	225
338	0	430	236
345	0	412	238
352	0	424	235
357	-3	419	245
361	-5	408	251
374	0	406	232
364	0	408	234
379	-4	411	239
391	0	399	229
403	1	398	211
403	0	395	213
423	-1	386	220
418	-11	389	241
424	-6	383	232
424	-6	381	224
418	-4	385	231
423	-8	387	252
412	-5	396	248
408	-5	392	243
402	-8	394	274
392	-3	411	253
387	-7	408	266
375	-6	414	278
368	-5	426	272
359	-4	430	276
356	-15	431	281
356	-2	419	267
354	0	419	252
349	0	417	257
353	1	424	249
347	0	429	252
352	-3	425	267
352	3	427	248
356	0	420	255
352	0	426	270
354	-4	432	267
368	-4	420	266
369	-8	419	263
376	-7	409	263
382	-7	413	266
384	-9	412	264
394	-6	403	252
412	-10	386	270
413	-7	383	243
419	-9	379	242
426	0	370	227
436	4	363	221
446	13	374	197
447	10	386	196
456	1	383	217
468	-5	391	242
475	0	389	230
481	0	400	216
490	6	407	204
486	6	426	216
496	1	414	215
508	2	424	207
515	-8	430	230
520	2	446	211
518	-3	444	241
526	-5	436	224
520	-10	440	223
519	-7	435	220
522	-8	433	210
528	-8	410	221
536	-2	397	211
539	-5	405	209
540	-6	394	210
543	-4	393	209
540	0	380	194
540	2	380	210
532	-2	390	223
530	-1	385	221
518	6	391	221
512	12	395	215
513	5	390	221
512	6	390	219
499	10	395	213
501	11	417	214
499	19	396	208
495	12	408	214
488	15	411	216
486	23	419	194
481	13	417	213
492	9	414	218
488	9	420	211
488	5	416	224
492	3	415	214
487	0	421	213
480	1	421	219
490	0	413	226
495	0	403	212
490	10	405	200
497	10	403	203
490	11	404	209
494	0	394	235
494	16	437	228
490	25	427	209
492	4	439	244
487	11	440	228
473	15	455	242
485	12	453	256
470	17	447	257
485	10	468	271
475	12	462	283
478	1	452	299
482	5	462	298
482	12	460	289
467	17	473	307
484	9	465	334
479	8	471	357
483	10	490	319
479	6	476	319
498	31	468	280
496	25	475	293
496	18	483	279
482	32	483	267
500	8	499	293
490	20	492	266
492	10	494	274
501	2	486	276
486	37	487	222
496	25	483	233
481	15	511	242
480	18	502	231
486	25	504	239
485	31	503	237
489	34	495	218
481	48	511	212
489	48	507	211
473	62	530	201
494	60	496	212
489	71	507	206
484	67	527	223
496	72	503	222
501	68	504	221
508	62	502	223
506	40	498	235
508	23	512	247
514	26	517	234
514	23	519	229
515	0	524	261
525	10	530	260
529	16	536	262
527	11	542	280
534	17	540	262
538	6	543	282
533	14	544	265
529	26	558	263
536	15	553	295
531	4	545	309
520	16	531	259
513	28	523	250
519	19	522	263
516	30	504	246
520	49	504	222
520	62	502	218
520	68	508	209
510	74	505	201
507	76	507	202
505	77	522	200
499	79	529	183
502	81	518	187
510	80	515	187
504	80	542	195
513	77	531	193
506	76	549	195
509	79	541	194
500	80	543	194
505	74	552	204
492	73	573	212
495	67	569	211
496	69	564	196
492	64	565	198
493	59	581	209
490	60	586	200
488	65	603	193
485	64	603	209
477	74	618	197
472	72	618	205
476	76	635	211
472	80	634	203
461	74	638	226
463	76	646	212
467	75	649	228
447	69	643	232
456	65	637	232
437	75	655	229
439	52	655	254
417	56	666	232
412	53	674	241
423	49	671	237
427	51	659	241
417	62	664	226
428	48	659	235
425	37	658	252
441	45	641	244
426	28	654	255
440	22	621	266
434	34	630	249
428	20	643	265
431	17	638	275
438	25	628	272
430	11	636	291
437	9	634	307
432	15	638	306
431	8	637	306
435	2	646	304
432	-9	624	317
437	-8	635	309
434	3	618	291
447	0	605	286
454	7	627	267
461	11	610	263
457	6	622	263
459	0	589	268
450	2	601	262
443	7	599	249
428	19	607	237
421	8	617	244
421	3	618	254
418	3	632	259
422	11	625	247
412	13	630	240
418	16	621	239
410	7	631	247
412	-6	628	262
424	-3	628	266
436	-1	631	280
455	-9	619	300
449	-4	622	290
455	-7	609	312
438	-16	626	319
442	-10	627	305
440	0	641	301
439	7	617	291
442	2	618	286
436	5	630	291
426	20	653	287
402	32	684	278
406	39	699	268
400	43	764	271
400	61	730	246
401	59	695	247
393	67	720	249
410	47	706	277
419	50	682	282
422	70	709	272
425	83	708	251
433	95	707	239
429	88	715	242
431	97	714	234
436	95	697	233
425	94	723	255
428	89	694	250
421	86	717	271
425	89	724	267
418	88	704	262
421	92	725	268
405	91	743	280
400	96	731	272
397	100	707	258
383	95	752	267
378	89	713	273
365	107	752	248
364	103	735	261
345	95	763	283
330	85	766	296
306	94	821	297
300	89	795	303
279	93	819	309
293	99	806	304
273	96	815	290
258	86	854	321
243	76	875	333
245	70	921	343
226	58	961	364
224	70	984	345
215	57	1037	372
204	51	1065	360
199	48	1066	385
191	32	1086	406
205	12	1057	426
221	19	1048	450
221	19	1044	444
231	36	1026	427
238	30	1007	436
247	36	984	434
252	37	988	437
256	28	985	450
252	31	990	454
247	18	998	478
229	38	1020	451
246	17	1009	475
228	31	1026	477
208	36	1060	492
211	42	1052	522
186	31	1103	486
184	35	1095	498
209	46	1065	464
187	38	1064	487
173	26	1081	477
179	14	1094	497
