535	47	274	281
549	61	252	257
552	78	243	242
552	89	240	240
546	88	245	268
544	92	250	272
542	101	252	268
541	97	240	276
524	97	254	267
531	101	245	275
562	100	207	292
545	106	219	292
532	114	239	286
533	99	230	302
531	104	244	289
527	89	273	316
543	50	259	279
537	55	273	259
533	63	287	256
534	61	287	256
542	27	274	294
535	32	286	258
528	32	286	237
359	428	235	295
342	390	231	320
350	324	190	401
350	324	190	401
350	324	190	401
350	324	190	401
350	324	190	401
350	324	190	401
671	62	191	331
671	62	191	331
674	89	168	290
574	21	197	340
566	29	266	350
571	78	242	290
567	98	258	251
566	101	230	243
560	78	230	279
554	90	224	258
547	96	231	241
538	95	235	243
568	80	202	249
568	80	202	249
568	80	202	249
537	48	247	279
537	48	247	279
527	54	230	258
535	13	231	307
513	14	272	322
513	14	272	322
507	13	277	307
507	11	284	295
511	15	277	293
493	16	286	296
522	25	252	269
508	16	261	298
533	14	235	290
537	15	236	250
543	13	225	272
534	10	233	283
540	13	231	275
545	4	221	280
525	8	251	282
519	19	263	235
518	20	256	225
545	9	229	258
559	5	221	224
562	2	218	238
558	2	225	233
558	2	225	233
558	-8	238	262
540	-4	277	273
540	-4	277	273
540	-4	277	273
540	-4	277	273
540	-4	277	273
540	-4	277	273
505	6	340	270
494	39	325	217
489	12	361	275
491	12	339	309
475	15	354	311
479	10	343	305
464	-12	396	353
442	-3	444	376
448	-9	444	395
373	-2	500	428
359	2	514	450
362	20	461	436
334	3	418	418
299	43	494	489
264	6	517	536
257	23	476	514
322	60	562	488
243	11	453	523
262	6	438	517
219	-1	502	513
198	5	522	477
173	-11	476	491
160	-20	493	505
136	-9	518	467
142	-12	507	462
99	-13	538	452
89	-9	587	421
54	-7	613	409
77	-12	591	413
67	-14	587	411
67	-27	580	420
98	-19	684	383
104	-16	634	386
91	-23	677	396
86	-16	621	386
66	-15	677	375
75	-14	698	362
89	-13	656	359
103	-18	659	362
99	-21	709	364
89	-17	702	354
95	-29	715	359
97	-30	706	350
140	-28	663	345
137	-26	699	337
190	-30	657	343
40	-18	736	302
72	-27	790	325
122	-28	762	312
55	-28	818	300
29	-29	827	331
39	-95	802	324
621	384	758	352
659	407	672	324
125	-13	688	287
660	388	653	339
692	405	581	313
722	415	526	304
703	400	551	317
766	393	492	326
766	393	492	326
837	356	424	358
830	331	365	361
840	296	317	400
830	256	300	380
819	250	295	370
791	244	300	327
759	235	305	315
734	225	300	305
727	194	275	313
698	200	293	278
682	179	301	279
673	181	290	259
659	186	283	239
633	178	312	241
634	166	318	263
630	169	315	284
632	190	320	302
644	234	307	291
644	265	305	304
682	331	291	321
692	371	296	340
710	429	285	286
722	479	295	250
744	515	283	210
774	540	274	223
774	540	274	223
774	540	274	223
774	540	274	223
774	540	274	223
774	540	274	223
888	534	261	218
918	501	236	235
937	458	237	275
948	413	256	298
964	374	258	337
984	345	243	372
1001	337	245	389
1011	328	237	409
1001	337	237	405
988	365	228	376
949	402	230	349
910	434	223	291
876	455	226	286
842	479	219	254
808	490	223	253
782	501	231	227
769	502	226	221
757	501	222	219
736	484	235	236
696	469	247	235
672	427	257	279
665	390	267	297
658	351	274	359
662	342	267	360
676	308	271	420
681	305	272	427
691	303	269	427
699	300	266	426
710	311	258	400
719	316	241	397
730	333	234	379
738	334	239	392
735	340	241	390
745	351	242	376
747	365	231	352
753	352	228	358
761	342	222	364
777	376	209	330
777	430	209	279
855	492	169	274
856	485	150	246
878	494	123	238
883	485	126	238
894	526	124	222
899	536	117	173
904	529	131	155
913	510	125	158
918	487	128	159
921	466	135	156
926	432	125	173
927	404	138	176
929	388	135	169
920	361	134	166
904	338	141	154
889	316	145	153
876	306	136	142
858	297	143	137
861	301	142	137
884	323	144	144
949	364	136	158
1013	427	144	158
1078	496	144	177
1112	588	165	147
1112	588	165	147
1112	588	165	147
1112	588	165	147
1112	588	165	147
1112	588	165	147
1112	588	165	147
1112	588	165	147
1112	588	165	147
1112	588	165	147
1112	588	165	147
1112	588	165	147
1112	588	165	147
1112	588	165	147
1112	588	165	147
1112	588	165	147
1112	588	165	147
1112	588	165	147
1112	588	165	147
918	586	122	149
888	587	107	138
844	575	110	150
814	574	120	150
808	575	110	147
801	585	101	149
774	602	100	139
737	615	100	128
701	626	103	115
668	640	97	94
635	650	101	78
485	491	94	102
438	558	91	122
438	558	91	122
438	558	91	122
438	558	91	122
438	558	91	122
438	558	91	122
438	558	91	122
438	558	91	122
438	558	91	122
438	558	91	122
438	558	91	122
438	558	91	122
438	558	91	122
438	558	91	122
438	558	91	122
438	558	91	122
438	558	91	122
438	558	91	122
438	558	91	122
438	558	91	122
438	558	91	122
438	558	91	122
438	558	91	122
438	558	91	122
438	558	91	122
438	558	91	122
438	558	91	122
438	558	91	122
573	626	118	123
598	584	135	140
614	535	130	141
631	564	152	150
718	622	132	119
731	589	101	122
740	558	76	94
747	536	61	88
744	515	60	93
737	498	60	94
726	484	64	87
713	469	69	85
703	451	73	89
694	439	74	88
686	425	75	90
685	412	71	87
675	396	77	86
673	376	71	89
668	360	69	84
671	342	72	84
664	326	75	84
660	310	74	82
664	297	73	79
666	289	72	83
659	293	77	78
656	292	75	82
652	289	76	86
641	290	81	82
644	285	76	83
646	278	76	76
651	268	74	77
644	267	78	75
641	268	74	74
633	271	72	79
616	286	76	82
600	312	80	92
585	351	85	104
580	400	83	112
580	463	82	120
582	532	82	121
588	597	81	126
595	617	75	131
595	617	75	131
595	617	75	131
595	617	75	131
595	617	75	131
595	617	75	131
595	617	75	131
595	617	75	131
595	617	75	131
595	617	75	131
595	617	75	131
595	617	75	131
595	617	75	131
595	617	75	131
595	617	75	131
595	617	75	131
595	617	75	131
595	617	75	131
595	617	75	131
595	617	75	131
595	617	75	131
613	629	101	109
604	581	116	118
605	515	125	127
614	457	137	126
625	414	129	120
641	381	120	114
637	367	120	98
627	361	125	98
627	357	132	107
639	354	128	106
647	353	126	107
655	355	124	103
657	356	131	103
656	352	136	111
656	349	138	115
649	343	139	120
647	338	136	117
644	329	136	114
646	318	131	118
643	302	135	117
649	291	131	115
651	272	130	113
655	254	127	112
653	242	124	110
653	232	122	99
653	219	112	98
650	207	110	92
648	202	107	91
649	201	102	83
648	202	99	77
648	200	97	76
644	202	99	83
640	215	104	95
643	235	100	105
636	267	99	115
634	307	107	121
638	355	105	122
635	404	109	124
630	450	106	121
623	497	103	113
611	535	101	123
600	576	104	121
586	594	105	120
585	607	94	112
576	612	93	107
563	618	94	104
545	625	93	90
525	644	93	80
505	657	97	65
493	669	88	52
480	682	87	41
480	693	79	29
482	706	65	21
482	706	65	21
482	706	65	21
494	632	57	24
487	648	48	31
491	667	40	34
482	685	35	35
482	685	35	35
482	685	35	35
482	685	35	35
482	685	35	35
482	685	35	35
482	685	35	35
482	685	35	35
482	685	35	35
482	685	35	35
482	685	35	35
482	685	35	35
