591	492	72	138
606	499	66	125
623	497	62	127
625	499	87	116
625	497	101	116
636	489	90	119
637	485	67	130
615	485	65	128
596	481	70	132
596	484	49	122
593	488	46	126
567	482	55	123
562	479	64	124
539	480	83	111
538	471	84	121
566	470	60	127
584	475	75	126
605	475	66	124
611	471	60	126
619	478	52	134
624	486	51	130
633	479	59	131
628	477	84	122
631	474	84	117
630	463	82	115
630	460	61	124
609	464	72	127
591	467	77	132
585	458	72	133
577	449	77	138
578	445	72	149
589	443	57	140
583	435	55	137
578	437	59	125
574	442	76	131
578	451	84	130
593	450	77	125
604	445	70	126
625	449	56	122
622	451	67	119
613	448	71	127
620	452	57	128
610	461	68	122
598	455	72	128
594	445	69	123
588	442	58	123
590	447	55	130
588	471	63	118
584	467	66	117
602	464	59	118
603	465	61	120
604	457	67	125
604	458	59	126
601	466	67	123
598	465	70	130
602	461	55	128
596	465	59	124
590	465	62	124
585	454	64	128
586	452	56	126
584	456	68	126
585	449	69	129
594	447	59	126
588	454	65	124
584	452	71	127
582	446	79	132
603	448	69	125
600	456	83	117
603	446	84	120
615	445	65	127
610	450	62	127
609	444	59	126
604	434	64	132
610	432	64	130
600	444	77	127
601	434	70	128
601	434	65	121
587	441	77	123
579	439	88	124
584	428	76	133
586	428	66	130
604	442	59	125
603	441	68	127
610	435	61	124
611	439	58	124
607	442	63	130
609	442	65	129
618	443	58	121
621	438	69	131
627	446	71	131
632	440	58	123
622	440	53	123
610	447	60	128
600	446	62	123
599	441	66	124
606	447	62	120
605	457	71	119
610	452	66	121
616	459	56	122
604	468	70	117
604	464	67	122
609	457	59	126
615	463	59	126
622	469	56	125
624	463	51	125
608	473	64	120
596	468	65	126
593	467	56	124
603	471	62	123
604	473	66	126
609	470	58	128
602	481	62	121
601	476	60	132
611	474	67	126
630	469	66	127
634	470	60	125
529	452	48	123
532	446	44	126
544	437	57	118
572	437	66	108
600	443	58	106
620	451	48	99
618	470	64	87
629	476	62	94
649	480	47	104
639	485	40	116
626	492	39	124
612	494	50	123
597	499	46	122
563	486	61	122
551	490	90	117
544	490	110	106
554	483	109	114
542	483	125	124
564	488	119	135
599	480	101	149
639	481	74	153
669	489	71	138
663	495	76	116
642	501	84	111
647	506	60	109
619	495	60	113
587	492	75	112
559	482	68	121
549	472	49	130
535	481	57	125
518	470	71	133
531	489	92	108
557	492	83	114
590	490	61	121
606	494	65	121
638	502	60	120
652	492	62	127
664	496	53	126
673	488	47	136
653	489	60	126
627	494	67	121
613	492	55	127
578	489	64	122
545	492	83	113
522	479	67	119
535	474	49	118
552	479	44	123
553	481	55	126
565	488	73	122
593	498	67	122
623	500	55	125
637	504	72	117
657	507	80	113
678	503	80	121
657	502	71	125
628	499	78	138
625	502	71	122
602	499	62	123
574	497	44	126
543	489	62	127
521	494	83	121
519	486	70	127
550	488	53	128
586	499	51	128
600	497	55	131
624	504	52	131
647	502	60	132
677	499	56	127
673	496	76	125
661	505	84	116
665	496	80	131
627	500	70	130
605	501	66	130
587	497	52	131
569	494	46	132
533	484	59	132
522	487	86	137
528	491	95	126
547	492	86	129
584	495	73	125
610	500	64	122
629	497	82	127
621	494	87	134
656	493	76	137
663	493	69	128
652	500	80	113
648	500	68	120
634	494	52	126
609	500	63	123
571	497	77	126
555	486	68	129
545	488	48	127
528	486	48	131
524	491	74	120
538	497	96	128
573	500	78	128
606	497	69	127
623	500	74	119
639	507	80	115
660	502	85	123
661	499	84	136
641	495	98	137
633	498	90	124
607	505	98	122
584	495	83	135
569	486	86	137
540	500	105	123
525	486	90	130
532	483	81	131
506	488	100	142
516	482	112	150
542	477	123	141
576	474	96	157
605	492	85	149
637	505	86	122
657	512	85	107
675	495	81	123
647	488	79	134
628	496	71	132
604	484	74	138
608	480	57	138
584	492	52	131
550	493	69	121
523	493	101	110
519	485	101	119
530	475	109	133
573	479	89	140
571	488	125	135
592	482	128	155
621	490	105	152
638	492	91	136
644	501	88	114
647	507	85	111
642	504	73	124
617	501	76	123
595	503	68	132
579	500	57	131
565	491	48	135
527	487	61	134
524	498	82	117
532	501	85	120
542	498	93	128
592	497	72	132
620	518	70	122
636	512	62	131
667	507	46	134
679	514	60	127
653	514	76	113
655	525	57	114
623	513	64	123
597	512	67	127
572	511	49	129
557	506	43	125
519	494	56	128
528	504	78	117
536	506	89	121
519	505	92	123
578	514	68	113
599	521	76	121
630	516	70	132
671	511	53	132
697	507	51	137
687	516	71	131
650	517	84	120
626	515	66	128
588	505	80	125
543	496	99	115
512	491	92	127
479	490	91	131
521	496	66	133
527	501	83	120
543	505	105	107
579	501	83	128
614	509	69	125
635	515	91	105
672	510	91	104
703	495	66	127
685	495	57	137
665	502	53	135
634	506	65	126
603	515	68	127
548	505	69	132
511	500	86	129
504	507	85	111
512	507	71	121
562	513	61	125
587	514	64	127
600	509	66	131
648	509	77	135
659	458	97	141
664	403	111	132
707	405	101	159
718	453	97	158
717	516	78	144
687	524	67	131
644	512	68	123
586	521	75	109
525	517	86	102
509	522	100	101
511	516	109	124
564	509	106	134
578	504	112	143
592	519	123	121
632	512	123	121
677	483	114	143
732	459	87	135
729	477	65	111
708	488	56	105
653	491	77	100
589	499	93	87
527	487	98	92
478	460	100	110
478	446	87	113
487	440	72	113
481	430	78	107
470	449	80	94
482	471	86	103
518	482	74	112
551	504	71	102
600	530	84	93
649	517	73	93
652	506	70	110
635	512	69	120
607	515	81	120
577	510	95	115
549	500	89	127
516	459	76	128
514	424	67	120
518	411	60	118
515	423	58	120
513	442	55	117
522	475	72	121
565	492	74	128
620	499	70	124
658	501	88	124
687	486	95	114
685	460	75	112
668	457	61	109
657	446	53	110
652	442	58	103
621	460	55	112
569	462	62	114
544	470	84	115
545	460	76	122
578	462	65	120
581	460	64	130
599	468	52	125
605	480	77	122
655	486	68	124
703	474	60	116
695	468	79	117
677	496	81	109
673	477	72	118
647	484	68	111
626	483	58	115
593	481	58	119
550	491	51	122
512	478	69	117
529	475	81	103
566	468	68	112
607	477	58	101
641	480	56	106
674	473	47	118
695	477	42	128
728	481	48	130
728	477	61	130
687	486	78	112
689	486	58	127
667	489	68	123
622	514	86	122
554	505	104	110
530	480	77	118
539	482	64	117
571	499	50	121
588	506	63	122
604	517	81	121
639	521	63	132
668	505	59	124
684	493	71	113
700	493	54	119
