542	196	145	209
532	203	146	204
528	203	149	198
524	204	152	191
520	206	154	187
519	213	156	183
518	216	158	178
520	220	159	174
518	222	158	171
515	225	158	169
515	229	158	167
517	226	159	163
518	227	158	161
518	228	157	158
519	227	155	157
522	229	154	156
517	240	155	153
519	239	155	152
520	236	153	152
521	234	151	152
520	245	149	154
521	238	148	154
524	238	146	153
525	238	144	153
526	242	141	154
524	250	141	153
526	248	142	153
521	253	141	152
521	253	143	151
527	253	143	151
526	250	142	152
526	256	141	154
530	255	139	157
528	256	138	159
526	264	137	162
527	261	136	164
532	255	134	166
530	251	133	169
534	251	131	170
532	257	129	172
531	253	127	175
534	254	125	178
536	254	122	182
538	251	122	183
536	248	121	185
536	245	120	186
531	246	121	184
533	241	123	180
535	242	123	178
529	251	125	174
533	264	128	171
530	261	129	169
525	262	134	165
526	270	137	163
528	266	137	163
526	265	136	165
531	266	137	163
517	272	141	161
507	269	145	156
503	275	149	153
503	281	153	152
499	280	157	150
491	281	159	151
488	281	160	151
492	286	163	151
486	283	164	152
486	286	165	152
490	294	166	155
482	286	167	156
490	294	167	160
496	294	165	166
497	290	163	169
501	285	159	173
495	287	160	174
496	288	158	177
500	285	157	179
501	292	154	181
502	288	152	182
501	287	148	185
499	287	147	185
497	292	146	185
498	287	145	185
491	285	144	184
488	285	144	183
484	288	142	183
476	285	143	183
474	285	141	184
468	289	142	182
460	288	144	179
458	289	147	177
459	293	150	174
461	291	151	172
453	299	152	171
458	295	152	169
450	300	149	168
450	298	147	169
451	296	147	167
448	294	147	167
448	290	148	164
451	290	146	165
450	290	144	164
452	296	144	162
445	295	143	160
453	295	143	159
451	300	141	160
450	302	138	160
451	293	137	158
447	305	135	159
455	297	132	159
447	296	131	158
442	304	131	156
445	304	130	155
441	307	129	154
439	308	128	152
442	312	126	152
444	314	124	154
443	317	120	156
442	314	117	157
441	321	115	162
442	319	113	164
443	320	112	168
446	316	111	171
444	312	109	175
445	310	107	179
446	308	105	182
449	305	104	184
451	306	101	185
454	305	99	188
451	298	99	189
449	293	100	190
446	292	101	192
443	300	102	194
449	295	101	199
448	297	102	200
450	302	104	201
448	284	106	197
448	270	107	193
444	273	110	187
443	279	111	183
440	279	114	179
444	278	115	176
443	280	117	173
445	280	118	172
441	280	121	168
442	283	122	166
437	284	125	164
436	281	127	161
435	279	128	160
430	283	130	157
427	287	131	154
426	286	132	151
426	283	133	149
425	281	134	149
421	280	134	149
419	278	134	149
421	273	133	151
420	273	132	152
425	292	131	154
425	280	130	155
424	276	131	155
419	277	132	152
417	270	133	151
416	266	134	151
417	263	133	152
420	271	131	155
419	267	128	158
418	255	125	160
417	251	123	163
418	250	121	165
413	251	118	167
410	255	115	174
407	251	112	177
403	240	110	179
402	243	108	184
402	243	108	183
401	246	107	183
399	249	106	185
398	248	106	183
393	249	108	181
397	239	109	179
395	242	109	176
392	244	111	173
394	238	111	171
391	238	112	170
391	236	113	167
390	235	115	164
389	235	116	160
389	235	116	159
387	233	116	160
388	231	117	159
386	230	118	157
388	230	119	157
388	225	119	157
385	222	119	158
383	224	120	160
382	223	122	161
381	218	123	162
381	219	124	165
382	218	125	167
379	221	127	170
379	211	128	171
378	211	129	172
380	208	130	173
382	203	131	178
384	194	132	181
384	195	132	184
386	190	132	189
391	186	133	193
388	211	133	200
391	212	133	207
388	217	134	213
402	179	132	218
400	182	131	224
406	178	131	226
409	175	129	231
422	176	127	235
417	178	126	238
420	179	124	240
428	175	121	243
434	173	119	243
428	181	120	243
443	160	119	245
438	167	118	247
449	171	118	246
442	157	121	240
449	151	123	234
457	151	125	229
459	156	126	225
459	153	126	221
466	147	127	215
471	149	129	211
472	150	131	205
474	151	134	201
483	150	136	199
480	150	137	194
482	151	139	191
480	152	142	189
487	151	145	187
488	151	146	186
488	150	148	184
490	150	149	183
492	148	149	181
497	151	150	180
499	154	151	180
506	157	152	180
506	153	152	182
506	154	152	181
509	154	152	186
515	153	151	192
510	186	149	202
514	189	147	213
516	171	145	221
517	170	142	229
515	167	141	234
515	164	139	240
519	162	137	245
519	157	137	248
528	150	137	250
525	146	137	252
531	142	138	254
533	142	140	254
529	145	141	255
534	137	145	253
535	136	148	248
537	135	150	243
539	137	154	239
546	137	157	233
545	140	159	228
550	140	161	221
553	140	161	215
557	143	160	210
560	145	159	205
566	147	158	202
570	154	157	200
570	155	156	198
580	155	154	197
578	156	152	196
580	159	153	193
583	160	152	192
585	165	154	193
591	162	154	193
593	161	154	195
590	164	155	196
599	162	154	199
599	164	154	200
605	163	152	203
609	158	151	206
619	156	148	212
620	156	145	218
627	157	142	225
640	154	140	231
647	154	137	238
661	159	133	245
666	161	129	253
667	158	127	259
677	158	125	265
674	179	125	272
679	158	127	277
683	163	131	279
684	166	135	279
679	166	139	279
686	152	144	275
687	156	149	268
694	156	155	261
694	156	161	254
695	160	166	247
693	163	171	241
697	166	176	235
697	168	181	230
698	173	187	226
695	172	192	222
693	177	196	220
688	177	199	218
694	178	202	217
696	179	204	216
694	180	207	214
697	183	209	214
709	183	211	213
707	187	214	212
716	190	217	212
715	193	219	214
714	191	221	217
721	190	221	220
724	189	221	222
711	183	219	227
718	177	219	231
715	175	218	235
719	174	218	239
719	173	217	241
713	164	215	243
717	163	215	244
716	167	215	245
725	165	214	249
724	166	214	253
725	168	221	250
759	168	226	249
782	159	233	246
772	163	238	244
766	159	242	245
765	155	245	246
760	154	247	248
759	151	248	253
760	145	247	257
756	142	246	263
754	143	243	270
751	139	240	278
753	135	237	285
751	127	233	294
748	122	229	302
750	115	226	309
752	115	223	317
754	111	219	325
751	107	215	333
758	111	210	342
755	103	207	350
762	99	203	357
772	108	200	366
773	104	198	374
773	98	198	378
773	95	198	384
771	90	201	384
766	87	203	382
764	88	206	379
763	86	209	374
766	92	212	371
769	90	215	365
772	93	218	360
766	95	220	355
779	113	221	355
788	109	222	355
787	106	225	352
790	107	227	350
793	104	230	347
792	102	232	342
799	104	236	337
796	111	241	333
780	109	246	327
778	112	251	322
767	115	254	317
766	113	256	311
765	119	258	307
764	126	262	303
758	123	264	299
757	129	266	296
756	131	268	293
759	132	270	291
759	124	272	290
763	138	273	289
763	129	271	288
763	125	272	288
763	129	271	288
763	129	272	288
763	125	272	288
768	125	271	288
764	124	269	289
765	124	268	289
765	124	267	290
766	119	266	291
761	119	266	290
756	120	267	289
756	125	268	288
751	125	268	287
752	125	268	288
752	124	268	289
752	124	267	290
752	124	267	290
748	124	266	289
748	128	266	290
749	123	264	290
750	119	262	291
742	123	260	291
743	118	258	292
740	122	256	292
742	122	253	294
738	121	252	295
734	120	250	297
735	115	249	298
731	123	248	299
727	122	248	301
727	117	248	302
726	126	250	303
724	125	253	304
723	124	256	305
723	123	255	308
713	123	258	309
713	126	258	312
704	120	259	314
704	124	258	316
700	122	257	318
691	122	256	320
689	116	253	323
686	115	249	325
679	114	246	326
680	109	242	327
673	109	238	327
670	113	236	328
667	108	233	328
664	108	231	329
656	112	228	330
662	111	226	332
658	110	224	333
