557	239	91	70
556	237	88	69
557	235	86	70
562	232	84	71
565	231	81	72
571	232	78	72
572	233	77	71
573	233	77	70
574	234	75	68
579	239	74	67
579	240	72	67
580	243	70	67
584	244	68	67
583	238	67	66
593	212	60	73
594	177	56	80
595	157	52	84
595	143	49	87
595	131	50	85
591	126	52	81
589	127	55	76
584	131	59	71
581	135	62	66
578	133	65	62
582	138	66	60
584	142	65	59
591	149	62	60
601	158	59	63
606	172	56	65
606	177	55	64
607	194	53	66
603	196	53	66
598	213	53	64
596	226	54	63
592	240	54	62
588	258	53	62
586	271	52	63
586	284	51	64
588	299	49	65
590	319	48	64
595	336	48	64
597	353	47	63
603	367	46	62
609	386	43	63
614	395	41	65
617	402	41	64
618	404	41	64
618	411	41	63
616	414	43	62
617	415	45	60
617	413	48	59
619	411	49	57
616	389	46	64
613	346	43	67
610	320	44	66
613	295	45	65
618	278	46	67
621	264	48	65
621	265	52	61
627	270	53	59
632	276	51	60
635	284	47	63
639	293	45	66
638	302	44	66
631	317	45	64
628	325	47	62
618	339	49	59
618	351	51	59
616	362	48	61
617	373	47	62
615	381	48	62
615	386	48	61
619	385	47	62
618	385	46	63
618	387	46	64
617	388	46	65
617	388	48	66
615	391	49	67
613	390	49	67
612	391	50	68
613	391	51	69
611	392	52	70
611	392	52	71
610	394	53	71
611	394	53	72
610	390	53	74
608	385	51	78
605	359	50	82
606	370	47	87
610	368	44	91
611	370	42	93
615	370	42	93
616	375	41	93
616	375	40	94
615	378	40	95
615	379	39	97
615	386	39	97
616	394	40	93
616	400	42	89
618	398	42	88
614	370	44	85
617	322	41	90
616	271	39	97
614	221	39	97
608	191	43	91
603	176	49	83
595	167	54	76
589	167	58	71
584	168	59	69
583	170	59	69
582	176	59	68
586	186	58	69
585	197	58	68
587	203	57	68
587	218	57	68
591	232	55	68
595	248	55	69
597	264	53	69
601	280	52	69
605	291	53	68
608	306	53	68
608	316	53	67
610	323	53	67
613	315	54	65
618	309	52	67
619	299	47	71
621	299	44	73
622	268	44	77
622	255	42	81
625	255	40	83
628	257	39	83
630	257	40	81
629	266	43	78
627	273	48	73
624	280	54	68
624	283	59	65
625	281	63	62
625	275	64	63
630	267	62	65
613	220	61	67
611	162	59	70
624	118	59	71
629	89	61	67
641	71	63	64
658	61	68	60
685	59	74	54
689	61	79	49
694	67	79	47
696	70	77	47
698	71	74	48
706	79	70	51
706	88	67	54
704	93	64	56
696	100	63	56
694	113	62	57
687	125	61	57
679	135	60	57
677	146	58	58
671	155	58	58
666	174	54	60
660	189	51	63
658	205	49	65
654	220	47	66
652	235	46	68
649	250	44	69
647	262	43	70
644	279	44	70
635	293	45	69
630	301	48	66
627	306	49	64
625	307	49	63
624	311	50	63
622	316	50	63
621	318	50	62
620	321	51	61
619	321	53	60
616	324	54	59
615	327	56	59
608	330	57	59
614	335	58	57
615	341	58	57
615	344	58	57
617	341	58	57
617	340	58	57
618	338	59	58
616	335	60	59
616	331	61	60
631	327	59	62
634	323	58	65
635	327	57	66
617	336	62	64
614	343	67	61
615	349	71	59
613	354	74	58
609	352	74	59
606	345	73	62
593	354	73	60
614	339	69	66
631	288	62	74
634	279	57	81
637	271	52	85
638	267	48	88
639	270	47	90
635	281	48	87
634	293	53	82
627	306	59	76
630	312	63	72
634	328	63	70
634	336	62	71
632	348	59	72
627	361	59	73
625	370	58	72
621	381	59	70
622	386	60	70
621	382	60	69
618	380	60	70
629	346	60	71
623	291	55	79
619	230	53	86
610	197	55	87
600	171	60	82
589	160	65	75
575	156	72	69
564	154	76	65
559	160	78	63
560	166	76	63
561	172	74	64
560	184	72	64
561	194	72	63
566	214	70	63
568	234	69	63
571	247	67	64
572	258	64	65
572	263	63	65
575	266	64	63
581	267	65	62
586	270	64	61
591	273	63	60
590	276	62	60
590	280	61	60
592	285	59	61
590	289	57	63
587	295	56	63
591	298	55	63
592	292	54	63
595	283	54	64
597	279	51	66
597	277	49	67
597	278	48	69
596	285	48	68
593	298	49	66
593	305	49	65
597	311	50	64
594	315	50	64
592	320	50	64
593	324	50	64
593	321	50	64
595	318	50	63
593	320	50	62
594	319	50	62
593	318	50	62
593	323	51	61
591	328	52	60
593	338	52	60
592	344	51	61
595	353	52	61
593	361	52	62
594	358	50	63
594	354	49	64
595	346	48	65
595	340	47	66
597	335	47	69
592	334	47	71
585	340	48	70
586	345	51	68
584	354	54	65
582	363	55	63
582	366	56	62
583	363	56	61
583	360	54	62
586	360	53	63
581	363	53	62
581	373	55	60
582	381	54	59
583	391	52	60
583	399	52	60
583	410	52	59
581	424	50	60
578	444	50	60
576	455	50	59
575	470	49	59
575	483	49	59
575	490	48	59
578	488	46	60
571	494	48	57
572	487	48	58
573	485	48	59
572	489	50	58
575	488	51	58
575	488	51	59
576	485	50	61
580	483	49	63
582	480	47	65
584	481	46	66
586	483	46	68
585	485	46	68
585	486	47	68
583	488	48	68
582	490	49	67
579	494	50	66
577	503	51	64
576	506	52	62
577	509	52	62
579	507	51	62
579	505	50	62
578	502	50	63
578	506	51	63
578	507	52	63
581	508	52	63
580	509	53	63
581	509	54	63
583	508	55	63
582	508	56	63
583	506	57	64
584	505	57	66
584	504	58	67
586	503	58	68
585	503	58	69
587	504	59	70
589	502	59	70
590	502	59	72
591	503	59	73
594	501	58	76
595	497	58	78
596	497	58	79
597	498	58	80
599	497	58	79
601	496	58	78
604	496	59	77
604	495	60	76
605	496	62	75
607	496	62	74
606	496	63	74
608	496	64	73
608	496	64	72
610	496	64	71
611	497	65	71
611	496	65	70
610	499	66	69
610	499	66	68
612	499	67	68
614	498	67	67
615	500	68	67
617	499	68	66
615	502	69	65
618	500	70	65
617	501	70	64
620	500	70	64
620	501	70	64
621	499	70	65
622	498	70	65
622	496	70	65
624	495	71	66
624	493	70	67
626	492	70	67
627	492	70	67
627	495	71	67
628	495	71	67
629	494	71	67
630	493	72	67
630	494	72	67
630	493	72	67
630	496	73	66
632	496	74	66
633	496	75	66
635	496	76	67
633	495	76	66
634	495	77	66
635	496	78	66
636	497	78	67
634	497	79	67
635	494	80	67
634	494	81	68
636	491	82	68
634	495	82	69
637	492	81	68
637	491	82	69
636	493	82	69
639	491	82	69
637	496	82	69
637	500	82	68
639	503	81	67
639	496	79	68
652	464	73	75
660	407	66	83
657	378	68	79
658	332	65	81
648	263	65	86
640	237	65	85
631	228	70	82
630	233	75	77
626	243	79	72
625	251	79	71
625	259	75	73
633	268	74	75
637	275	73	77
633	281	73	77
632	284	75	77
635	287	76	76
634	285	77	75
636	278	76	78
645	270	72	85
649	260	68	92
653	254	64	99
655	245	59	103
662	233	55	105
663	197	53	107
664	154	52	108
662	123	50	112
660	86	51	111
651	57	55	106
639	45	59	100
626	38	64	91
621	34	70	83
611	36	75	77
608	45	75	75
610	52	76	73
606	62	75	73
605	75	73	73
608	88	72	72
611	100	72	71
616	113	69	72
621	129	67	72
624	150	66	71
632	170	65	71
636	184	64	70
640	202	63	70
640	221	63	69
642	236	62	69
644	254	61	69
642	270	61	69
641	284	59	70
638	296	59	71
638	308	58	71
636	315	56	72
637	324	56	71
635	334	56	71
636	345	55	72
635	345	53	74
633	345	52	74
633	340	51	75
631	340	50	79
630	343	50	80
632	345	51	79
637	327	48	84
639	324	46	87
637	333	47	86
636	339	49	84
634	342	50	83
633	335	51	84
642	322	49	88
645	281	46	93
651	243	44	97
654	178	42	100
650	153	43	96
644	145	47	89
639	139	52	83
631	129	56	77
626	131	59	72
619	137	61	70
618	144	59	70
617	150	57	70
617	151	54	73
617	158	52	75
621	171	51	76
624	182	51	75
626	197	52	75
628	210	52	75
629	218	52	75
627	232	52	74
625	244	52	75
623	259	52	75
619	271	53	74
615	280	54	74
611	291	54	74
609	301	54	74
607	312	54	74
605	325	54	73
609	340	55	71
609	329	55	71
616	292	51	76
624	248	48	77
627	194	47	80
627	166	50	78
619	146	57	74
588	140	65	68
578	141	72	62
569	143	77	59
562	152	76	59
561	161	72	61
561	164	69	64
563	178	66	66
567	189	64	67
569	204	65	67
569	226	66	66
575	241	65	66
578	262	65	64
578	282	63	65
582	298	60	68
582	312	59	68
582	329	58	70
580	342	56	71
581	347	55	71
584	356	55	69
581	363	53	70
583	374	51	70
581	384	49	72
579	395	50	72
578	398	51	71
580	400	53	69
579	392	55	67
584	374	51	72
591	338	48	77
598	272	45	82
620	208	49	82
633	178	52	81
652	154	53	78
655	148	55	74
653	150	58	71
650	157	63	67
653	171	66	64
650	178	67	63
654	189	64	65
658	201	61	67
659	212	59	68
662	230	59	68
664	245	59	69
666	260	60	70
666	282	61	69
667	303	60	69
666	320	59	70
666	334	60	70
665	345	60	70
663	355	59	71
662	361	58	71
660	367	59	71
658	371	61	69
657	376	62	68
658	375	63	68
656	377	64	67
656	376	64	68
656	375	64	69
666	355	63	70
667	336	63	71
663	320	59	75
661	292	55	82
660	257	51	86
656	224	51	89
652	214	51	88
647	205	55	85
643	201	58	81
637	200	64	75
633	201	69	69
631	203	75	63
635	208	79	59
639	211	80	57
645	213	79	58
650	216	77	60
656	225	76	61
662	232	75	61
666	244	73	62
671	257	71	63
678	272	71	64
681	286	70	64
690	298	69	65
697	314	66	68
704	332	64	70
707	344	63	71
704	355	62	73
701	357	63	71
699	361	64	69
700	367	65	67
698	375	67	65
697	380	67	64
698	379	65	65
697	385	65	67
699	379	64	70
702	379	64	71
702	373	64	73
700	375	64	75
699	371	64	78
698	376	65	78
696	375	65	78
695	376	67	78
696	376	69	78
693	385	73	75
688	379	73	76
687	377	74	77
685	383	77	77
686	385	77	77
686	384	78	78
685	388	79	76
683	395	80	74
684	394	80	73
684	398	79	72
684	396	79	72
683	395	77	73
683	398	75	72
684	400	73	72
678	406	74	72
676	406	73	72
678	409	71	73
679	407	70	74
679	410	70	74
678	413	69	74
682	411	68	75
681	410	68	75
682	399	65	78
686	392	61	85
687	400	61	85
677	375	62	83
674	353	61	84
676	319	58	90
678	290	56	96
677	275	53	98
678	273	54	96
676	273	55	92
669	274	60	86
664	286	62	82
660	299	64	80
657	305	64	80
655	317	65	79
652	333	66	78
649	345	68	76
646	364	70	74
643	379	71	71
647	393	69	72
647	409	65	76
645	422	63	76
648	422	62	75
646	427	62	73
645	432	61	72
645	432	59	72
646	429	57	72
647	429	56	74
648	429	54	76
648	430	55	76
649	441	57	73
649	437	57	73
652	441	56	74
648	440	56	72
646	431	56	71
645	420	55	71
644	403	56	69
