472	232	328	133
463	233	323	129
459	238	317	126
458	239	311	124
460	240	307	121
459	240	303	121
460	244	300	120
464	241	299	119
465	239	297	118
462	239	296	117
462	243	297	115
465	250	297	114
465	250	298	114
465	250	298	115
462	253	297	114
462	253	297	114
464	257	299	113
467	260	299	114
464	260	300	113
460	263	301	113
460	267	301	112
464	270	300	111
470	264	300	111
464	268	299	110
467	269	299	108
464	272	299	108
465	269	298	108
462	269	297	107
462	272	296	108
462	272	296	107
459	272	296	107
457	269	295	108
460	269	294	109
457	268	295	109
457	268	295	110
457	268	295	111
456	264	296	112
456	264	296	112
456	267	297	112
459	263	296	114
459	262	297	115
456	262	297	116
456	265	296	116
463	257	296	119
463	257	296	119
462	256	298	121
462	259	298	121
461	255	299	122
461	258	299	123
461	259	299	122
461	259	300	122
460	262	302	122
459	261	304	123
458	251	305	125
461	258	307	124
459	252	309	123
455	252	312	122
454	249	313	123
453	245	315	123
453	245	316	123
449	245	316	124
451	248	319	124
445	249	324	123
447	252	327	122
445	249	332	122
450	249	335	121
444	253	341	122
438	253	345	122
440	253	348	122
439	252	351	123
437	251	355	124
435	251	357	126
431	246	360	128
434	245	361	129
436	240	363	131
432	239	365	134
435	238	366	136
430	237	368	139
426	232	368	141
431	231	367	142
435	230	367	145
431	229	366	147
431	224	367	149
431	227	366	151
435	221	366	154
440	225	364	155
433	219	363	158
429	214	362	161
438	208	359	163
435	207	358	166
432	201	356	169
438	200	353	172
435	195	350	174
436	194	348	176
433	197	346	179
430	191	343	181
428	194	341	184
426	193	335	186
425	200	329	189
428	190	323	192
423	205	317	194
426	205	310	195
426	222	303	191
429	227	297	189
428	228	291	187
431	236	287	186
436	237	284	185
433	241	281	185
438	241	278	185
443	244	276	186
440	247	275	186
438	255	272	186
440	259	268	185
438	268	264	181
437	274	260	175
438	280	258	171
442	285	257	167
436	294	254	163
437	292	253	159
431	301	251	156
432	306	251	152
432	307	251	149
432	311	250	147
429	319	250	144
432	317	250	141
432	326	251	136
429	324	250	133
432	326	250	129
429	325	250	125
429	324	250	123
429	322	251	120
426	320	251	118
431	315	252	116
435	313	250	116
439	310	248	116
442	307	247	116
442	315	246	117
442	312	246	118
440	323	245	119
442	319	246	120
439	325	247	120
438	325	249	120
441	324	249	121
440	324	250	122
442	320	252	124
438	323	255	123
439	323	258	123
432	323	262	123
427	320	264	123
432	324	266	123
437	323	269	123
435	327	273	123
440	327	275	123
459	323	275	124
471	325	275	127
471	321	276	128
467	317	278	129
475	316	279	131
469	313	279	131
470	313	284	131
465	310	287	131
458	317	288	130
454	311	290	130
449	314	293	128
447	312	296	127
453	312	299	126
445	307	300	123
442	311	301	121
434	309	303	119
440	310	304	118
433	307	306	117
440	308	304	115
440	309	305	113
438	310	308	111
437	307	310	110
436	311	313	108
437	309	317	107
435	310	320	105
438	311	322	102
436	312	325	100
438	307	327	98
432	308	333	96
430	308	336	95
429	305	339	94
427	306	343	92
429	303	346	91
431	297	349	91
431	301	355	89
417	291	364	89
416	295	373	88
415	289	382	87
417	289	392	87
409	286	400	86
400	279	410	86
403	282	419	86
396	275	427	86
399	279	435	86
383	274	443	86
378	278	453	87
391	274	461	87
370	277	470	88
370	277	478	89
365	277	487	90
370	272	495	91
379	267	504	92
339	271	513	93
335	266	520	94
326	265	529	95
318	265	536	96
310	269	543	97
306	268	550	99
299	273	555	100
302	272	559	101
295	271	563	102
292	271	570	104
285	269	573	106
293	268	578	108
286	272	581	111
284	271	585	114
293	269	588	116
279	273	595	119
282	267	599	121
279	271	605	123
278	264	606	127
278	262	607	130
283	250	608	133
271	254	610	137
276	240	612	141
276	244	611	145
282	236	611	149
276	234	612	153
276	226	612	158
270	224	612	162
270	216	612	167
270	213	612	172
270	199	611	176
259	203	610	181
265	188	610	186
254	192	608	190
254	172	608	195
248	176	607	199
255	167	605	204
243	165	604	208
244	156	603	213
239	154	601	217
239	146	600	220
234	144	597	224
229	142	596	228
230	140	594	233
231	132	592	237
225	136	590	241
227	128	587	245
235	132	584	248
230	131	581	252
218	136	578	255
227	134	574	258
215	139	571	261
224	137	568	264
219	136	563	267
222	141	559	269
223	140	555	271
226	146	550	272
222	147	546	271
224	154	542	270
232	155	538	268
227	162	534	266
241	161	531	267
243	154	528	269
263	160	525	270
246	161	523	269
253	159	519	271
274	158	516	274
263	157	512	277
265	155	509	281
278	153	507	284
280	152	504	286
281	151	501	288
289	150	498	290
302	142	496	293
297	148	494	294
304	147	492	295
298	134	491	297
299	140	491	298
305	133	491	299
311	133	490	299
305	133	491	299
298	127	491	299
317	120	491	301
304	126	492	301
310	119	493	302
316	125	493	303
309	125	494	303
315	125	495	303
321	124	496	304
320	125	497	303
326	124	499	305
319	130	500	305
318	123	502	307
324	129	503	307
322	128	505	309
321	133	507	312
320	139	511	314
318	138	514	314
317	138	517	315
315	145	520	315
320	151	524	314
318	158	527	313
323	145	531	313
321	159	535	313
325	153	539	312
323	159	544	311
327	153	548	310
318	154	553	308
322	156	559	306
319	157	564	304
317	158	569	302
321	158	575	300
318	159	580	298
322	153	585	296
320	155	591	294
317	156	596	291
321	158	601	288
312	159	606	286
303	160	611	284
307	161	617	282
304	162	623	280
308	163	628	277
298	172	634	274
282	180	639	270
286	168	644	268
256	184	648	264
262	179	651	260
260	188	653	256
215	198	646	250
223	194	643	244
233	203	638	239
239	199	639	234
249	194	645	231
260	182	652	228
276	183	659	226
285	163	669	225
253	162	678	227
263	147	685	230
224	138	693	234
192	136	700	238
156	126	701	243
187	102	697	248
196	99	693	253
178	90	686	258
181	102	679	262
157	114	669	266
162	120	660	270
174	111	649	274
159	138	638	277
178	121	628	281
176	134	617	284
161	155	606	283
179	156	596	282
169	157	589	281
166	165	583	278
181	165	578	278
176	165	576	278
178	165	573	278
185	164	571	279
179	170	569	280
187	169	567	282
188	168	566	285
189	173	564	288
196	164	563	293
203	162	562	297
203	159	562	302
210	150	562	308
210	147	561	313
232	138	558	318
242	129	552	322
266	127	544	325
264	132	535	330
268	137	526	333
265	141	520	338
274	146	514	342
271	144	507	346
288	149	500	349
285	141	492	353
295	152	486	356
292	150	480	360
294	155	476	365
302	159	472	369
297	163	469	373
299	168	466	378
306	159	464	383
307	170	462	387
315	161	460	391
316	160	458	394
317	159	455	395
325	159	453	396
319	152	451	397
319	152	451	396
320	147	449	394
320	148	449	391
314	143	449	387
320	145	450	384
313	139	451	382
306	134	452	380
298	148	454	377
304	143	456	375
296	137	458	373
295	139	460	370
294	140	462	368
287	142	464	364
299	143	466	361
291	139	468	357
284	147	470	353
302	142	472	350
281	157	475	346
300	152	477	344
285	160	480	340
284	169	482	335
289	165	484	330
282	181	487	325
300	170	489	321
279	198	492	316
291	194	494	310
283	197	497	305
288	212	499	300
287	208	503	295
285	223	506	291
278	225	508	286
282	234	511	281
275	242	513	276
286	244	516	272
279	246	517	268
284	254	521	265
277	262	523	262
293	257	526	259
292	264	529	257
290	265	532	254
289	266	535	253
287	267	537	250
287	268	539	248
286	269	540	247
285	271	542	244
285	272	543	242
278	273	545	239
283	274	547	238
277	281	547	235
270	282	547	233
276	277	548	231
276	278	548	229
276	279	548	227
276	279	548	226
282	280	549	226
276	280	549	225
281	280	550	225
281	274	550	225
281	275	549	224
288	275	549	224
287	275	549	224
287	275	550	224
293	275	551	224
292	275	551	223
292	275	552	223
292	275	553	224
291	275	553	224
291	275	553	224
291	281	554	224
292	281	552	224
293	281	551	224
294	281	548	224
301	281	546	224
302	280	543	225
304	280	541	225
310	286	540	226
311	279	537	226
312	290	536	229
312	289	536	231
318	294	535	233
312	287	535	235
313	292	535	237
313	285	534	238
314	284	532	240
321	283	530	243
322	282	528	244
329	281	526	246
330	286	524	248
331	286	522	250
343	285	521	252
338	290	520	253
344	289	519	254
351	289	517	256
351	288	517	256
358	294	515	257
364	294	515	257
364	288	515	257
365	288	514	257
371	288	514	257
371	288	514	257
377	282	514	257
371	282	514	256
377	289	513	256
377	289	513	255
384	290	512	254
383	290	513	253
384	285	512	251
379	285	509	250
386	286	507	249
382	287	504	247
393	288	504	245
394	283	503	243
400	290	503	241
400	286	502	238
401	288	501	234
406	290	501	229
406	292	502	226
406	288	503	223
405	289	503	219
411	291	504	216
405	288	505	212
410	290	505	208
409	297	507	204
414	299	509	200
407	295	511	196
407	303	512	192
405	299	514	189
404	306	516	186
408	308	520	183
401	309	523	179
405	311	526	177
404	312	528	173
387	313	529	171
391	315	532	168
391	316	533	165
386	317	532	163
391	318	532	162
391	319	533	160
386	320	533	159
391	320	533	157
385	321	533	156
386	322	533	155
376	322	531	154
382	322	529	153
389	323	527	153
389	328	526	152
379	323	525	152
389	323	526	151
388	324	527	151
388	324	528	150
378	329	527	149
384	319	526	150
388	319	528	149
382	325	528	149
392	319	530	149
376	320	530	148
386	320	531	147
376	320	532	147
375	320	534	147
369	320	535	147
368	321	537	147
372	320	538	147
367	320	539	147
361	315	541	147
355	315	542	147
349	321	543	147
344	315	543	147
348	316	545	146
348	316	546	146
347	316	547	145
347	316	548	145
341	316	549	145
341	316	549	145
341	316	549	145
341	316	550	145
335	316	550	145
330	311	551	145
329	312	552	144
329	312	552	143
329	307	553	143
323	307	554	142
322	307	555	141
323	303	555	141
333	303	555	140
333	303	555	140
327	298	557	139
331	304	558	138
331	304	559	138
331	304	559	139
335	303	560	139
335	303	561	140
329	297	562	141
339	297	564	141
322	297	566	142
321	291	567	144
325	290	571	145
329	289	574	146
317	288	575	148
316	282	577	150
321	275	580	152
325	274	582	154
307	273	585	156
317	272	587	159
320	271	592	161
301	264	595	164
317	269	598	166
304	262	601	168
315	261	603	169
297	260	604	171
296	260	605	171
301	260	606	172
307	259	606	173
296	259	606	174
301	252	606	175
295	252	607	176
301	258	607	176
296	251	605	177
297	251	604	177
297	251	603	178
298	251	602	177
292	251	601	178
305	251	599	177
300	246	598	176
301	252	596	175
309	253	591	174
304	248	589	173
311	248	587	172
317	249	586	169
323	244	586	168
324	245	584	167
324	246	583	165
324	246	584	164
324	241	585	164
329	241	586	163
328	242	586	162
334	242	587	162
333	242	588	162
332	242	590	161
331	243	592	160
336	243	594	159
335	237	596	159
334	244	599	158
338	238	600	158
338	244	602	157
342	244	604	157
341	244	606	157
340	238	608	157
345	238	610	158
345	232	611	158
343	226	614	159
342	231	617	159
340	225	620	160
345	225	622	161
344	224	625	162
342	218	628	162
347	218	630	162
346	224	632	162
338	224	635	162
349	224	638	163
354	230	640	163
352	230	643	163
351	230	646	162
350	236	649	162
348	237	651	162
341	243	654	161
352	242	657	162
358	242	658	163
357	242	659	162
369	242	659	162
369	248	660	163
363	247	660	165
362	247	660	166
362	246	662	168
361	245	663	170
429	243	666	172
402	249	669	174
357	248	669	177
297	239	663	181
317	237	661	185
330	241	661	190
342	239	661	194
343	236	660	199
350	234	660	203
330	232	659	208
325	223	656	213
307	214	652	218
317	211	647	224
326	208	641	229
323	199	634	234
314	203	626	239
312	201	616	243
323	199	606	248
316	217	595	252
328	202	584	255
314	200	573	259
307	204	561	263
318	196	552	268
310	193	542	272
309	197	532	277
307	189	524	281
317	180	516	286
308	184	509	290
311	176	502	294
314	175	496	297
317	173	491	300
318	179	489	302
319	178	487	304
325	183	487	305
319	182	488	307
324	182	489	308
317	175	491	309
316	175	494	310
327	181	496	310
313	174	499	311
324	173	502	312
316	186	506	312
308	181	509	310
306	188	512	309
311	196	515	306
309	197	518	302
308	199	522	299
312	194	526	296
304	202	530	293
301	205	534	288
306	207	539	283
303	216	544	277
313	212	549	273
311	215	554	268
301	217	560	263
299	219	566	260
309	214	571	257
300	215	575	254
298	217	580	251
296	219	584	247
293	220	589	245
291	228	593	242
296	222	596	240
293	223	602	238
284	231	607	235
295	233	612	231
313	228	614	229
305	229	618	227
317	230	619	224
319	232	616	221
314	233	613	218
322	234	610	216
317	242	607	212
323	244	607	210
316	245	608	206
314	241	612	204
307	242	615	201
299	243	617	198
299	244	618	196
298	239	619	195
292	246	620	193
286	240	619	192
287	247	617	191
275	247	617	191
287	247	616	190
281	247	616	190
282	254	614	189
283	254	612	189
291	260	609	188
293	260	605	188
295	260	600	188
298	266	595	188
295	272	589	189
304	271	583	190
313	271	577	191
310	276	570	193
313	274	564	196
316	278	558	200
320	276	551	204
323	274	545	207
327	267	538	212
335	270	531	216
344	268	525	221
348	271	518	225
357	270	512	229
360	268	506	232
368	272	500	236
376	276	495	239
373	269	490	242
381	273	486	245
384	266	481	247
386	265	476	249
388	264	473	250
395	264	470	252
396	264	467	252
403	263	465	252
404	264	463	251
405	264	461	251
411	265	459	250
412	259	458	250
412	259	458	249
412	260	457	248
412	266	457	247
412	268	458	244
412	269	458	241
411	277	459	236
411	279	459	232
416	281	461	228
410	283	461	225
405	284	460	223
406	284	460	222
411	290	460	220
411	291	459	218
412	297	459	216
407	293	458	216
412	292	457	216
407	293	457	215
412	293	457	215
406	293	458	214
406	294	459	213
405	295	460	211
405	290	462	211
404	290	463	209
404	291	464	208
393	292	463	207
399	292	462	207
399	287	462	206
400	288	461	204
401	288	460	203
402	284	458	202
398	284	455	201
398	284	454	201
399	280	452	200
400	275	451	199
400	281	450	197
401	277	449	196
396	268	448	194
392	268	447	193
392	259	447	192
387	259	447	191
382	255	447	190
381	250	449	189
381	256	449	188
376	251	449	187
375	247	451	187
379	247	453	186
379	248	453	185
378	248	455	184
382	239	457	182
382	240	456	181
382	230	456	181
387	220	457	180
387	221	457	180
391	211	458	179
390	207	459	178
395	202	460	178
395	193	461	177
395	188	460	177
399	184	462	175
394	179	462	175
394	174	462	174
394	170	463	173
399	170	463	173
398	166	464	172
397	166	465	171
397	166	466	171
396	166	467	171
401	162	468	170
395	162	470	170
395	162	471	169
394	157	472	169
393	153	474	169
398	152	474	169
396	152	477	169
395	147	480	170
394	147	481	170
393	137	484	170
392	137	487	170
390	132	489	171
394	126	492	171
392	121	495	173
391	115	498	174
395	114	501	175
394	108	503	178
388	107	504	180
392	101	506	181
387	105	507	184
386	99	508	185
391	103	508	188
390	97	510	189
390	102	509	191
385	95	509	192
391	100	508	195
392	99	506	196
393	92	504	198
394	97	502	199
400	96	501	201
396	101	498	203
403	90	496	204
410	100	492	204
411	89	490	205
413	90	486	204
410	90	482	202
417	91	477	200
420	86	473	200
417	92	468	198
424	88	464	197
420	89	461	195
422	84	458	194
423	90	456	192
423	87	455	189
419	93	454	185
419	89	454	184
414	96	454	181
414	97	453	178
409	98	454	177
409	99	454	174
409	105	454	172
409	106	455	170
408	107	456	169
408	108	456	167
413	113	456	166
412	108	457	166
412	118	458	165
411	113	459	166
410	123	461	166
414	123	462	165
414	123	463	165
413	123	466	165
412	123	468	164
411	123	469	165
410	123	471	165
409	123	473	165
408	123	475	164
407	124	477	164
405	129	480	163
399	129	483	163
398	129	486	162
401	129	489	162
400	129	492	162
398	129	495	162
402	130	497	161
401	130	499	160
400	131	501	159
399	136	504	159
393	131	505	158
392	132	508	157
391	137	510	156
385	138	510	155
385	138	511	154
385	139	512	154
384	139	513	153
383	139	514	153
388	139	515	153
387	139	517	153
387	138	518	154
385	138	521	155
385	137	522	156
379	137	523	157
379	136	522	158
375	136	522	159
374	141	522	159
380	140	522	160
380	145	520	161
381	145	519	162
377	150	516	162
373	149	514	163
375	149	511	164
377	154	507	164
383	154	505	164
374	158	502	166
380	148	500	166
371	153	498	166
382	147	497	168
376	152	498	167
380	147	500	168
386	152	499	168
382	152	497	168
383	147	495	168
384	147	492	168
390	147	490	168
396	141	489	169
387	141	487	169
391	147	488	169
397	142	487	169
391	142	488	168
390	142	491	168
388	148	494	166
393	148	495	166
387	148	496	166
387	154	497	165
386	159	499	164
390	164	501	164
384	169	503	164
378	169	504	165
378	169	504	164
383	174	504	164
374	174	501	165
380	174	500	164
386	180	499	163
381	186	498	162
392	186	497	161
392	191	497	161
397	192	497	160
392	197	497	160
401	197	498	159
401	197	497	160
397	207	497	160
402	207	497	159
406	212	499	160
406	216	499	160
410	217	501	160
405	221	501	161
409	216	502	161
413	221	504	161
413	220	505	163
407	224	506	165
412	219	506	165
407	224	506	166
411	224	508	166
406	223	507	167
411	223	508	168
406	223	508	168
411	223	509	168
400	222	510	168
400	222	511	169
400	217	511	169
404	217	512	170
399	216	512	170
399	211	513	170
393	211	513	171
399	205	513	171
394	205	512	172
393	200	513	172
393	199	513	173
383	199	512	173
383	194	513	173
377	194	515	173
375	189	517	173
369	189	520	173
372	183	523	175
361	177	526	176
369	176	530	178
346	170	532	179
362	175	534	180
338	168	537	182
354	173	539	184
331	172	542	186
340	176	544	188
323	170	546	190
333	174	548	192
310	173	549	194
315	167	550	196
326	172	551	197
325	171	552	199
337	170	553	201
343	157	552	203
343	163	552	203
354	157	552	204
342	156	553	205
361	163	551	203
373	158	549	202
367	165	550	199
372	166	550	196
366	173	551	194
371	168	553	192
375	175	557	190
368	176	560	188
366	183	564	185
364	184	568	183
373	192	572	180
365	193	576	177
364	195	579	174
346	196	581	172
339	197	583	170
326	197	574	169
333	191	571	170
338	191	562	170
348	196	554	172
349	196	550	172
364	202	554	171
338	200	551	174
358	210	545	177
355	208	539	181
350	212	538	184
360	222	541	186
371	220	540	190
393	218	541	193
400	216	539	197
412	220	536	201
426	223	532	205
434	221	527	209
448	219	521	214
457	217	515	218
466	210	507	221
481	203	501	224
490	202	494	226
487	196	488	227
496	190	482	227
494	190	475	228
497	185	469	227
494	180	463	225
497	181	458	223
499	182	453	222
495	182	451	221
497	188	448	221
494	192	444	221
496	187	440	223
492	187	438	223
488	186	435	224
489	186	432	225
491	181	428	224
493	182	425	222
489	182	423	222
485	177	421	222
480	181	420	223
486	177	418	223
486	171	418	225
492	175	417	226
492	174	416	228
488	173	415	231
488	172	415	232
488	166	415	233
492	166	418	234
475	161	419	234
474	161	423	234
464	165	422	235
459	160	422	236
454	164	421	238
450	158	420	240
444	158	420	240
448	163	422	241
437	153	425	239
452	157	426	241
444	152	431	240
438	147	433	240
447	152	435	240
436	146	436	242
441	145	437	244
440	144	438	246
434	138	440	247
428	132	441	249
429	142	440	251
429	140	439	254
429	133	439	257
423	137	440	260
429	135	440	264
424	122	438	268
429	131	439	273
423	123	441	277
428	132	442	282
427	113	443	287
433	116	443	292
438	119	444	297
438	111	445	301
437	114	446	306
430	100	448	311
430	104	449	315
430	96	450	319
429	94	451	324
428	86	452	328
428	85	454	330
427	83	455	333
420	82	457	336
419	74	458	339
418	73	460	341
417	72	462	343
416	71	464	345
409	70	466	347
414	69	468	349
413	68	470	351
406	67	472	352
405	67	474	353
404	66	476	354
403	66	478	354
395	66	480	354
400	67	483	353
399	61	485	352
398	61	488	352
396	55	491	351
395	62	493	350
394	63	496	349
399	63	498	347
398	64	501	346
404	65	503	344
396	59	504	342
402	73	506	341
402	68	507	338
401	69	509	336
407	76	510	335
406	71	511	332
405	78	513	330
405	73	514	328
410	87	516	326
403	82	517	323
402	90	519	321
408	97	521	318
400	99	523	316
400	106	524	314
399	107	526	312
398	109	526	309
398	123	527	307
410	130	529	305
403	138	531	303
402	139	532	301
395	153	533	298
401	148	534	295
394	163	535	292
394	164	535	290
394	172	536	287
387	180	536	284
394	187	535	281
388	195	536	278
387	196	536	276
380	204	538	274
387	205	537	272
380	212	537	269
373	213	539	267
374	221	538	264
374	222	537	262
368	223	538	260
361	225	538	257
363	226	535	255
364	220	533	253
364	221	533	251
358	222	532	250
353	223	531	249
354	224	528	246
356	225	524	243
352	227	521	241
348	228	516	239
357	222	511	238
353	228	507	238
351	229	500	237
359	229	495	236
350	229	490	236
347	229	485	236
349	241	481	235
347	235	475	235
350	246	468	235
341	240	463	236
343	245	459	236
346	251	454	236
343	252	449	235
340	253	444	233
348	254	440	230
345	260	435	228
346	256	433	226
352	263	430	223
355	264	426	220
356	266	423	217
358	262	419	214
364	269	416	211
365	270	414	209
366	266	412	206
372	272	411	204
372	274	410	201
377	270	409	199
371	270	412	199
370	266	414	198
350	266	417	198
358	266	420	197
372	267	421	196
371	273	421	194
366	269	423	192
369	270	426	190
363	271	428	188
372	272	430	186
361	268	433	184
359	269	436	183
364	270	436	181
359	270	436	179
358	271	438	177
364	272	435	176
367	273	431	174
374	274	426	173
381	283	420	171
387	280	418	170
388	285	417	168
394	286	414	167
395	291	411	165
396	292	408	163
401	297	407	162
403	298	404	160
407	299	403	159
408	300	403	157
417	300	402	156
413	301	400	155
422	305	400	154
422	306	399	153
422	306	401	152
421	306	402	152
425	306	403	152
424	311	404	152
424	314	405	153
423	314	406	154
423	318	407	155
418	317	407	157
422	320	409	159
417	320	410	160
416	319	412	161
415	323	413	161
420	323	414	162
414	322	415	163
414	322	416	163
414	318	415	163
414	318	415	162
414	315	415	161
414	315	416	160
414	315	416	160
413	311	417	159
413	307	419	158
407	308	421	156
396	305	424	153
400	306	427	151
384	303	432	148
385	300	438	146
369	297	444	144
376	293	448	142
370	289	451	141
369	285	453	141
354	280	456	141
357	275	458	143
352	273	459	145
352	272	459	148
347	271	460	150
347	265	460	153
343	268	459	156
343	267	459	158
343	266	458	160
344	264	457	163
340	263	456	165
341	257	453	168
342	256	451	171
348	250	449	174
339	253	447	175
340	247	445	178
341	251	443	180
342	250	441	183
344	253	439	185
341	253	435	186
342	252	432	188
344	256	429	189
345	255	425	191
347	259	423	192
352	259	421	193
353	263	419	194
