574	199	236	385
560	191	232	379
557	198	229	375
556	199	222	372
559	204	216	371
561	209	211	372
563	213	207	373
569	217	204	374
575	216	201	376
585	215	200	376
586	216	198	375
590	215	199	376
593	216	201	374
600	213	204	372
603	199	208	364
606	199	211	356
612	206	217	350
609	200	222	344
607	204	227	337
605	203	230	331
599	206	233	323
598	205	236	316
598	209	236	310
595	215	234	305
591	221	233	301
593	222	230	299
590	227	226	298
592	223	223	298
590	223	218	298
596	219	214	299
595	219	209	299
601	218	204	300
604	222	199	301
602	217	195	302
604	217	190	302
607	217	186	303
609	213	180	302
612	210	175	301
614	210	170	300
620	210	166	300
625	214	163	300
627	216	159	303
636	219	157	305
636	217	155	308
640	216	155	310
640	215	155	313
640	211	155	313
640	211	155	314
640	210	156	314
639	207	157	315
631	196	159	313
634	200	160	314
633	199	162	315
632	198	163	317
635	202	165	318
634	204	167	320
633	200	169	320
635	203	173	322
633	203	177	322
642	207	182	321
632	202	186	317
622	186	191	309
603	186	190	301
610	189	190	295
608	199	187	291
608	205	181	287
610	205	175	285
609	212	170	286
612	212	165	286
618	212	160	287
619	211	157	288
621	211	154	289
622	210	151	290
623	219	150	292
624	211	148	294
628	214	147	296
628	209	146	298
628	212	146	300
625	211	146	302
620	214	148	303
622	210	151	305
617	209	154	306
618	212	159	308
616	211	164	309
617	211	169	309
618	212	175	307
603	210	181	303
605	208	185	299
607	208	190	292
594	208	193	285
592	204	196	277
588	201	197	269
588	198	197	260
585	208	195	255
585	211	189	255
584	214	183	257
584	219	176	260
594	227	171	265
596	228	167	270
597	229	164	275
598	230	163	279
602	231	161	285
599	233	161	289
604	230	164	293
603	225	167	297
597	213	170	298
593	211	172	295
592	209	174	292
598	214	177	289
596	216	181	286
601	213	185	285
602	216	190	287
604	219	194	287
613	222	198	289
615	221	202	291
624	227	207	294
618	223	211	295
624	228	216	299
622	231	220	303
624	233	225	307
617	230	229	312
620	233	233	316
618	227	237	319
616	225	240	322
619	224	243	324
613	223	246	327
604	217	247	329
594	213	247	328
593	217	249	329
593	216	250	331
587	217	252	330
586	217	254	329
572	215	254	324
559	217	253	320
564	216	253	314
556	218	251	309
549	223	247	308
543	224	243	306
537	219	236	307
545	219	229	307
552	215	223	306
559	215	218	307
564	215	215	308
565	222	213	310
567	214	210	309
565	210	206	308
567	211	202	308
565	207	198	306
574	208	196	304
575	205	193	303
572	206	191	302
581	206	189	300
578	206	188	300
582	210	187	300
586	214	187	301
586	213	187	302
585	212	188	304
585	211	188	306
585	214	188	308
589	208	188	311
586	200	187	312
582	196	187	312
590	195	186	314
586	196	186	320
594	195	188	323
585	190	188	325
593	192	189	329
593	189	190	335
592	190	190	342
588	171	190	346
588	173	190	349
593	168	189	351
593	167	189	354
597	158	189	355
597	144	189	349
593	139	190	343
593	144	190	341
588	141	190	338
588	153	190	339
584	161	190	340
584	156	190	340
588	157	190	338
588	162	191	338
588	158	192	337
600	166	192	337
594	173	194	339
606	185	197	341
596	184	200	343
612	184	202	344
610	195	206	346
617	189	209	351
624	195	212	355
627	198	216	359
626	200	218	364
629	206	220	369
628	182	222	371
632	208	224	375
626	215	225	380
635	224	227	380
629	228	230	382
628	232	232	385
626	205	235	380
625	208	238	374
628	211	242	368
622	221	244	367
616	222	246	365
615	218	248	363
618	225	251	360
618	230	252	358
618	241	252	356
618	251	251	356
614	250	250	357
624	259	248	359
620	249	247	360
630	254	247	359
635	254	246	359
643	250	249	357
652	259	250	359
656	265	251	365
662	262	250	370
681	273	250	378
671	241	251	383
676	254	251	388
676	266	250	394
686	253	250	400
691	260	251	405
685	258	252	410
689	256	254	414
688	254	257	417
687	253	260	419
690	252	263	421
688	257	267	423
691	261	272	426
689	259	277	429
687	258	281	431
691	257	284	433
683	262	288	434
687	267	292	436
686	266	294	437
685	266	296	438
685	259	297	440
678	259	298	441
673	258	297	442
668	257	296	444
663	256	293	446
654	250	288	447
657	243	283	448
667	254	284	450
662	248	284	451
656	242	284	452
663	235	283	453
658	229	281	453
658	229	280	453
653	224	279	453
649	235	276	453
651	229	272	453
646	224	270	453
641	224	268	453
653	235	268	453
647	229	267	453
641	224	268	453
636	219	268	452
635	218	269	453
628	218	271	454
622	218	273	454
615	222	275	456
608	222	277	457
595	221	280	459
583	221	282	459
582	220	284	460
580	225	287	462
573	220	289	461
572	213	292	462
571	208	295	462
569	202	298	461
573	202	303	460
577	220	307	461
569	214	310	460
561	209	314	459
552	222	319	457
545	217	322	454
573	235	327	455
565	223	330	455
557	229	334	456
549	228	338	456
560	247	339	458
548	240	340	459
548	245	339	460
543	245	337	461
531	238	335	462
528	244	330	463
525	237	322	464
517	230	313	466
516	230	304	467
514	223	296	468
518	223	288	468
516	223	280	469
508	216	273	469
505	222	267	470
502	222	261	471
499	221	255	472
496	215	249	473
493	215	244	473
496	208	240	475
498	207	235	478
500	200	231	480
502	199	227	483
504	192	223	485
506	185	220	488
507	178	217	491
508	176	215	495
504	175	213	496
505	169	211	497
500	169	210	499
495	168	208	500
496	168	207	501
496	167	207	502
495	178	208	501
500	189	208	501
500	195	210	501
510	202	212	499
503	208	214	496
496	221	217	494
495	238	220	491
498	240	223	487
492	242	226	483
496	261	227	478
490	263	230	474
494	271	232	471
493	273	234	467
493	275	235	463
493	271	234	458
488	284	234	454
493	281	234	449
488	283	233	445
494	285	232	442
495	281	231	439
495	282	230	437
495	282	229	437
491	282	228	437
496	282	227	437
497	282	226	437
493	282	225	437
498	277	223	438
494	276	222	438
494	271	221	439
495	271	221	439
495	271	220	440
496	270	218	440
496	276	217	440
497	271	217	439
497	275	215	440
503	275	214	441
504	275	213	442
514	274	212	443
515	269	211	444
525	269	210	443
525	274	210	443
526	275	209	441
525	275	210	440
524	276	212	438
513	287	215	437
516	288	219	436
508	288	224	434
506	284	229	433
493	290	234	431
502	280	237	430
496	276	238	429
484	276	242	427
493	277	243	426
487	278	245	424
494	274	242	423
491	274	239	422
503	264	234	422
506	263	229	422
508	263	225	422
515	259	220	421
517	259	216	420
529	252	212	414
530	251	210	408
541	249	208	402
535	249	210	402
534	257	211	404
544	247	212	406
538	251	213	408
532	254	216	412
532	252	217	415
525	251	220	416
529	246	221	417
529	241	223	417
516	240	228	418
514	236	231	417
507	232	235	416
494	226	242	416
480	226	248	417
472	231	255	418
463	230	262	420
455	224	267	420
453	214	272	420
444	213	278	420
436	214	283	419
428	214	288	418
425	211	294	415
411	207	300	411
425	204	306	404
399	201	313	400
414	209	317	395
411	206	324	390
425	208	328	386
424	232	331	383
426	223	337	379
383	241	344	377
404	231	349	374
378	238	354	372
445	232	347	371
