0.20717
0.03373
0.0335
0.0333
0.03229
0.04223
0.03224
0.03233
0.03231
0.03232
0.04583
0.0351
0.03274
0.03314
0.03318
0.04783
0.03292
0.03288
0.03291
0.03289
0.05339
0.0331
0.03305
0.03303
0.03306
0.04752
0.03303
0.03299
0.03312
0.03407
0.04776
0.03303
0.03346
0.03528
0.0332
0.04759
0.03314
0.03324
0.03353
0.0335
0.05666
0.03322
0.03296
0.03304
0.03309
0.04708
0.03299
0.03317
0.03345
0.0333
0.0471
0.03314
0.03302
0.03312
0.03302
0.04719
0.03307
0.03438
0.03335
0.03312
0.05533
0.03309
0.03301
0.03307
0.03299
0.04707
0.03326
0.0337
0.03344
0.03314
0.04715
0.03314
0.03315
0.03302
0.03319
0.04723
0.03405
0.03354
0.03332
0.03327
0.05647
0.03336
0.03329
0.03336
0.03316
0.04745
0.03343
0.03315
0.03309
0.03325
0.04728
0.03315
0.03321
0.03317
0.03308
0.04775
0.03328
0.03314
0.0331
0.03315
0.05522
0.03385
0.03427
0.03337
0.03397
0.04949
0.03507
0.03313
0.03299
0.03306
0.04685
0.03297
0.03304
0.03306
0.03485
0.04667
0.03307
0.03308
0.03296
0.03297
0.05451
0.03302
0.03297
0.03429
0.03318
0.04656
0.033
0.03294
0.03296
0.03305
0.04669
0.03304
0.0331
0.03324
0.03311
0.04674
0.03302
0.03328
0.0334
0.03339
0.05593
0.03324
0.03438
0.03366
0.03317
0.04772
0.03328
0.03347
0.03325
0.0335
0.04794
0.03399
0.03346
0.0334
0.03348
0.04786
0.03334
0.03333
0.03335
0.03335
0.05713
0.03416
0.03346
0.03335
0.03337
0.04771
0.03338
0.03325
0.03321
0.03341
0.04771
0.03345
0.0333
0.0333
0.03315
0.04757
0.03322
0.03334
0.0332
0.03351
0.05707
0.0332
0.03332
0.03336
0.03323
0.04747
0.03317
0.03335
0.03333
0.03338
0.04788
0.03321
0.03386
0.03326
0.03344
0.04976
0.03453
0.03325
0.03387
0.03391
0.05671
0.0346
0.03459
0.03381
0.03345
0.04878
0.03345
0.03341
0.03361
0.03374
0.04802
0.0333
0.03333
0.03334
0.03322
0.0471
0.03254
0.03306
0.03559
0.03348
0.05667
0.03323
0.03339
0.03339
0.03303
0.04704
0.03317
0.03323
0.03301
0.03321
0.04867
0.03505
0.03499
0.03517
0.03303
0.04689
0.03327
0.03305
0.03314
0.03316
0.05452
0.03318
0.03297
0.03298
0.03296
0.04767
0.03314
0.03331
0.03303
0.03307
0.04663
0.03298
0.03309
0.03306
0.03388
0.04963
0.03328
0.03334
0.03359
0.03362
0.05618
0.03361
0.03356
0.0336
0.03379
0.04783
0.03349
0.03356
0.03333
0.03352
0.04762
0.03352
0.0335
0.03403
0.03372
0.04763
0.03345
0.03357
0.03347
0.03344
0.05584
0.03354
0.03469
0.03368
0.03338
0.04709
0.03325
0.03324
0.03323
0.03316
0.047
0.03408
0.03591
0.03524
0.01834
0.01829
0.03493
0.0167
0.01667
0.03287
0.05436
0.03343
0.0404
0.03393
0.03333
0.04682
0.03301
0.03297
0.03278
0.03296
0.04648
0.03421
0.03313
0.03281
0.03283
0.04651
0.03274
0.03343
0.0328
0.0331
0.05592
0.0333
0.03304
0.03308
0.03295
0.04746
0.03298
0.03321
0.03309
0.03316
0.04836
0.03353
0.03322
0.03312
0.03322
0.04802
0.03306
0.03308
0.03309
0.03312
0.05649
0.03345
0.0187
0.01831
0.03361
0.0171
0.01703
0.017
0.03367
0.03371
0.04864
0.03417
0.03373
0.03365
0.03366
0.04844
0.03369
0.03371
0.03374
0.03373
0.05719
0.03392
0.03345
0.03344
0.03337
0.04727
0.0334
0.03339
0.03327
0.03352
0.04764
0.0335
0.03355
0.03359
0.03355
0.04749
0.03341
0.03351
0.0334
0.03425
0.05556
0.03339
0.0334
0.03337
0.03339
0.04687
0.0334
0.03345
0.03386
0.03485
0.04628
0.03277
0.03266
0.03271
0.03267
0.04624
0.03349
0.0328
0.03316
0.03293
0.05414
0.04015
0.03433
0.03601
0.03568
0.0469
0.03336
0.03407
0.03354
0.03327
0.04686
0.03333
0.03334
0.03328
0.03328
0.04806
0.03394
0.03388
0.03369
0.03379
0.05655
0.03355
0.03355
0.03359
0.03353
0.04802
0.03383
0.03409
0.03359
0.03354
0.04858
0.03382
0.0337
0.03362
0.03364
0.04937
0.03376
0.03372
0.03372
0.03372
0.057
0.03373
0.0335
0.03357
0.03405
0.04766
0.03352
0.03347
0.0334
0.03344
0.04742
0.03343
0.03359
0.03354
0.0336
0.04741
0.03335
0.03345
0.03331
0.03336
0.0554
0.03391
0.03502
0.03403
0.0335
0.0475
0.03325
0.03227
0.03225
0.03216
0.0506
0.03238
0.03321
0.03258
0.03226
0.04696
0.03269
0.03263
0.03293
0.03273
0.05516
0.0339
0.03684
0.03654
0.03629
0.05096
0.03645
0.03606
0.03597
0.04097
0.04742
0.03223
0.03228
0.03225
0.03213
0.04663
0.03218
0.03227
0.03229
0.03283
0.06035
0.03724
0.03658
0.03586
0.03582
0.05518
0.03345
0.03365
0.03578
0.03313
0.05342
0.03328
0.03337
0.03332
0.03335
0.04836
0.03341
0.03347
0.03307
0.03312
0.0565
0.0331
0.03299
0.03322
0.03301
0.0478
0.0335
0.03323
0.03318
0.03311
0.04763
0.03311
0.03309
0.03398
0.0331
0.04763
0.03334
0.03321
0.033
0.03309
0.05626
0.03315
0.03292
0.03299
0.03308
0.04852
0.03417
0.03313
0.0331
0.03308
0.04769
0.03411
0.03505
0.03311
0.03354
0.04809
0.03314
0.03318
0.0331
0.0343
0.05712
0.03334
0.03346
0.03392
0.0337
0.04794
0.0332
0.03328
0.03321
0.03317
0.04772
0.03325
0.03374
0.03711
0.03606
0.04815
0.03344
0.03332
0.03349
0.03334
0.05668
0.03344
0.03399
0.03337
0.0331
0.04685
0.03306
0.033
0.03285
0.0329
0.04653
0.03289
0.03408
0.03399
0.03302
0.0467
0.0331
0.03301
0.03315
0.03314
0.05463
0.03357
0.03424
0.03358
0.03293
0.04646
0.03373
0.0329
0.03298
0.0328
0.04677
0.03317
0.03293
0.03283
0.0325
0.04517
0.03153
0.03187
0.03535
0.03421
0.05744
0.03185
0.03166
0.03183
0.03172
0.04506
0.03161
0.03154
0.03241
0.03272
0.04573
0.03182
0.03142
0.03149
0.03139
0.04593
0.03194
0.03181
0.0318
0.03262
0.05491
0.03201
0.03193
0.03186
0.03157
0.04558
0.03173
0.03184
0.03164
0.03196
0.04597
0.03182
0.03172
0.03191
0.03169
0.04568
0.03171
0.03173
0.03184
0.03233
0.05401
0.03184
0.03182
0.03178
0.03153
0.04545
0.03146
0.03153
0.03388
0.03338
0.04694
0.03308
0.03311
0.03309
0.03304
0.04685
0.03306
0.03299
0.03431
0.03331
0.05474
0.03296
0.03292
0.03298
0.03285
0.04656
0.03316
0.03362
0.03341
0.033
0.0475
0.03601
0.03299
0.03302
0.03293
0.04644
0.03296
0.03351
0.03316
0.03322
0.05441
0.0356
0.0373
0.03534
0.03468
0.04552
0.03226
0.03188
0.03196
0.03189
0.04554
0.03216
0.03182
0.0318
0.03186
0.0457
0.03244
0.03355
0.03346
0.03363
0.05644
0.03372
0.03374
0.03373
0.03353
0.04801
0.03343
0.03343
0.03354
0.03352
0.04905
0.03446
0.03242
0.0325
0.03259
0.04675
0.03252
0.03241
0.0324
0.03234
0.0546
