0.19016
0.02679
0.02682
0.02603
0.02552
0.03409
0.02503
0.02493
0.02491
0.0248
0.03456
0.025
0.02497
0.02496
0.02498
0.03633
0.02531
0.02506
0.02515
0.02555
0.04369
0.02664
0.02749
0.02926
0.02749
0.03946
0.02671
0.02656
0.02645
0.02665
0.03957
0.02667
0.02673
0.02651
0.02661
0.0406
0.02967
0.02972
0.02941
0.02909
0.04964
0.02792
0.02567
0.02699
0.02683
0.04005
0.02697
0.0272
0.02903
0.02891
0.04197
0.0286
0.02565
0.02548
0.02537
0.0384
0.02537
0.02541
0.02533
0.0253
0.0458
0.02548
0.0255
0.02543
0.02539
0.03859
0.02569
0.02558
0.02579
0.02556
0.03868
0.02554
0.02571
0.02572
0.02565
0.03862
0.02569
0.02568
0.02569
0.02557
0.04608
0.02561
0.02569
0.02572
0.02684
0.04269
0.02599
0.02572
0.0256
0.02561
0.03869
0.02836
0.02613
0.0256
0.02564
0.03864
0.02563
0.02568
0.02553
0.02559
0.04619
0.03312
0.03785
0.03488
0.02938
0.04028
0.0271
0.02716
0.02704
0.027
0.04029
0.02704
0.02695
0.02683
0.02686
0.04052
0.02735
0.02708
0.02692
0.02696
0.04749
0.02712
0.02717
0.02702
0.02685
0.03982
0.02706
0.02697
0.02726
0.02684
0.03989
0.02728
0.027
0.02677
0.02671
0.03985
0.02684
0.02663
0.02674
0.02662
0.04706
0.02649
0.02669
0.02648
0.02652
0.03965
0.02696
0.02691
0.02688
0.02663
0.03956
0.02666
0.02664
0.02643
0.02648
0.03965
0.02659
0.0266
0.02656
0.02646
0.04699
0.02669
0.02716
0.0269
0.02651
0.03951
0.02658
0.0267
0.0265
0.02645
0.03947
0.02659
0.02654
0.02642
0.02655
0.03954
0.02662
0.02662
0.027
0.02761
0.04716
0.02697
0.02672
0.02649
0.02652
0.03966
0.02668
0.02637
0.0265
0.02662
0.03952
0.02642
0.0264
0.02663
0.02661
0.03959
0.02683
0.02664
0.02644
0.02655
0.04704
0.03215
0.03256
0.02723
0.02678
0.03977
0.02657
0.02657
0.02647
0.02654
0.03973
0.02686
0.02661
0.02647
0.02643
0.03949
0.02667
0.02666
0.02655
0.02648
0.04693
0.02662
0.02678
0.0265
0.02648
0.03956
0.02694
0.02663
0.02659
0.02647
0.03949
0.02655
0.02665
0.02649
0.02653
0.03967
0.02672
0.02669
0.02666
0.02654
0.04807
0.02932
0.02964
0.02669
0.02659
0.03964
0.02678
0.02656
0.02782
0.02678
0.03964
0.02663
0.02668
0.02653
0.02658
0.04005
0.02839
0.02868
0.02861
0.02793
0.04891
0.02878
0.02843
0.02648
0.02654
0.03954
0.02672
0.02657
0.02655
0.02655
0.03968
0.02661
0.02672
0.02709
0.02681
0.0397
0.02669
0.02663
0.02652
0.02647
0.04727
0.02706
0.02676
0.02667
0.02666
0.03966
0.02685
0.02669
0.02692
0.02687
0.03974
0.02656
0.02659
0.02653
0.02658
0.03966
0.0265
0.02651
0.02656
0.02662
0.04712
0.02713
0.02742
0.02776
0.0268
0.0403
0.02682
0.02669
0.02655
0.02648
0.03961
0.02673
0.02661
0.02648
0.02654
0.03966
0.02647
0.02675
0.02663
0.02674
0.04727
0.02689
0.02674
0.02669
0.02652
0.03972
0.0268
0.02667
0.02668
0.02647
0.03971
0.02684
0.02677
0.02667
0.0266
0.03962
0.02688
0.02697
0.0268
0.02653
0.04707
0.02658
0.0266
0.02655
0.02651
0.03964
0.02647
0.02659
0.02645
0.02654
0.03956
0.02674
0.02693
0.027
0.02658
0.03964
0.02679
0.02684
0.0267
0.02668
0.04693
0.0268
0.02668
0.02659
0.02655
0.03974
0.02665
0.02655
0.02697
0.0268
0.03983
0.02679
0.0266
0.02656
0.02661
0.03981
0.02693
0.02681
0.02673
0.02665
0.04808
0.02728
0.03438
0.03387
0.03096
0.03988
0.02675
0.02671
0.02664
0.02665
0.0396
0.02662
0.02662
0.02658
0.02663
0.03976
0.02664
0.02655
0.02749
0.02937
0.04996
0.02711
0.02771
0.02998
0.02963
0.04426
0.02966
0.02915
0.02896
0.02718
0.04026
0.02735
0.02749
0.0271
0.02731
0.04048
0.02729
0.02732
0.02743
0.02892
0.04776
0.0273
0.02778
0.02923
0.02882
0.04188
0.02656
0.02665
0.02656
0.02668
0.03993
0.02698
0.02673
0.0266
0.02661
0.03967
0.02751
0.02935
0.02894
0.02687
0.0473
0.02723
0.02699
0.02696
0.02699
0.04046
0.0274
0.01082
0.0269
0.02702
0.04029
0.02724
0.02714
0.02697
0.02695
0.04006
0.02711
0.02709
0.02698
0.02707
0.04753
0.02795
0.02725
0.02707
0.02702
0.04008
0.02716
0.02707
0.027
0.02699
0.04021
0.02693
0.02703
0.02698
0.02696
0.04008
0.02734
0.02978
0.02903
0.02854
0.04721
0.02686
0.0269
0.02673
0.02662
0.03972
0.02663
0.02686
0.02674
0.02673
0.03973
0.02678
0.02767
0.02943
0.02925
0.04224
0.02839
0.02704
0.02748
0.02883
0.04921
0.02722
0.02749
0.04286
0.02701
0.0391
0.02568
0.02615
0.02585
0.02566
0.03881
0.02589
0.0257
0.02567
0.02561
0.03872
0.02557
0.02562
0.02554
0.02546
0.0461
0.02605
0.02609
0.02585
0.02691
0.04193
0.02895
0.02879
0.02624
0.02561
0.0387
0.02562
0.02559
0.02565
0.02561
0.03859
0.02574
0.02558
0.02551
0.02554
0.04681
0.026
0.02579
0.02566
0.02736
0.0421
0.02893
0.02876
0.02703
0.02708
0.04016
0.02705
0.02718
0.02713
0.0271
0.04074
0.02745
0.02721
0.02714
0.02701
0.04759
0.02837
0.02995
0.02943
0.02939
0.0423
0.02934
0.02926
0.02914
0.0292
0.04273
0.02742
0.0272
0.0271
0.02707
0.04021
0.02732
0.0272
0.02706
0.02719
0.04767
0.0274
0.02728
0.02714
0.02708
0.04061
0.02976
0.02912
0.0291
0.02895
0.04202
0.02705
0.02749
0.02733
0.02712
0.04021
0.02706
0.02709
0.02706
0.02715
0.04763
0.02929
0.02763
0.03055
0.02815
0.04036
0.02705
0.02716
0.02707
0.02714
0.0403
0.02722
0.02719
0.0272
0.02716
0.04033
0.02827
0.02778
0.02738
0.02718
0.0477
0.02717
0.02721
0.02721
0.02711
0.04032
0.02924
0.02899
0.02717
0.02693
0.04008
0.02718
0.0275
0.02705
0.0268
0.04025
0.02955
0.0291
0.02725
0.02727
0.04781
0.02731
0.02717
0.02757
0.02883
0.03993
0.02691
0.02728
0.02715
0.02693
0.0399
0.02715
0.027
0.02692
0.02692
0.04016
0.02716
0.02709
0.02691
0.02686
0.04742
0.02733
0.02704
0.02708
0.02704
0.04007
0.02699
0.02701
0.02692
0.02693
0.03988
0.02664
0.02711
0.0286
0.01075
0.03998
0.01046
0.02678
0.02694
0.02686
0.04761
0.02728
0.02712
0.02701
0.02696
0.03995
0.02689
0.02703
0.02697
0.02723
0.04044
0.02723
0.02728
0.02726
0.0273
0.04066
0.02935
0.02876
0.02878
0.02876
0.04936
0.02883
0.02777
0.02817
0.02709
0.04005
0.02706
0.02695
0.02685
0.02684
0.03999
0.02752
0.02717
0.02705
0.02693
0.03994
0.02702
0.02841
0.03053
0.02903
0.04762
0.02756
0.02638
0.02644
0.0265
0.03968
0.02689
0.02695
0.02668
0.02658
0.03965
0.02682
0.01059
0.02651
0.01059
0.03955
0.01061
0.01047
0.01043
0.02652
0.04744
0.02886
0.02871
0.02844
0.02849
0.042
0.02861
0.02668
0.0268
0.02668
0.03975
0.02722
0.02699
0.02675
0.02679
0.03983
0.02679
0.02668
0.02655
0.02656
0.04735
0.02694
0.02676
0.02672
0.02667
