0.195
0.03015
0.03603
0.03012
0.03002
0.03902
0.03008
0.03007
0.03016
0.03004
0.03966
0.03066
0.03205
0.03051
0.03253
0.04274
0.03004
0.03022
0.03011
0.03018
0.04828
0.03045
0.03023
0.03005
0.03046
0.04344
0.02946
0.02942
0.02931
0.02948
0.04252
0.02921
0.02903
0.02961
0.02935
0.04224
0.0294
0.02948
0.02933
0.02934
0.0516
0.02934
0.03087
0.03194
0.02939
0.04343
0.02912
0.02932
0.02929
0.02933
0.04304
0.0292
0.02923
0.02983
0.02931
0.04295
0.02919
0.0293
0.0292
0.02918
0.05079
0.02937
0.02998
0.02961
0.02928
0.04279
0.02922
0.02923
0.02925
0.02924
0.0427
0.02919
0.02927
0.02942
0.02946
0.04536
0.03143
0.02974
0.0297
0.02972
0.05096
0.02975
0.03089
0.03234
0.03198
0.04551
0.03198
0.03196
0.03185
0.03192
0.0451
0.03171
0.03165
0.02956
0.02951
0.04305
0.0295
0.0295
0.02977
0.02975
0.05206
0.03041
0.03069
0.02852
0.0284
0.04265
0.02861
0.02871
0.02851
0.02856
0.04276
0.0288
0.02858
0.02855
0.02872
0.04295
0.02867
0.02867
0.0286
0.02872
0.0513
0.02869
0.02856
0.0285
0.02856
0.04257
0.02848
0.0285
0.02854
0.02853
0.04274
0.02868
0.02854
0.02851
0.02847
0.04241
0.02851
0.02844
0.02844
0.02914
0.05097
0.02854
0.02834
0.02836
0.0283
0.0422
0.02837
0.02837
0.02828
0.02834
0.04381
0.03189
0.03012
0.03135
0.02931
0.04233
0.02802
0.02801
0.02793
0.0298
0.05623
0.02988
0.03075
0.03071
0.02886
0.04263
0.02884
0.02893
0.02883
0.02902
0.04284
0.02905
0.02908
0.02909
0.02899
0.04275
0.02896
0.02923
0.02926
0.02941
0.05166
0.02887
0.02881
0.02877
0.02877
0.04245
0.02881
0.02874
0.02884
0.02901
0.0426
0.02884
0.02893
0.02894
0.02895
0.04259
0.02889
0.02887
0.02889
0.02906
0.05253
0.02928
0.02918
0.02772
0.02759
0.04122
0.02761
0.02761
0.02758
0.0277
0.04135
0.02765
0.02759
0.02761
0.02763
0.04103
0.02761
0.02765
0.02776
0.02755
0.04967
0.02759
0.02726
0.02753
0.02744
0.04099
0.02763
0.02755
0.02755
0.02763
0.04118
0.02775
0.02756
0.02755
0.02762
0.04115
0.02755
0.02755
0.02753
0.0314
0.05063
0.02902
0.02896
0.02887
0.02893
0.04243
0.02903
0.02896
0.02885
0.02926
0.04464
0.03088
0.02898
0.02895
0.02896
0.0424
0.02893
0.02895
0.02876
0.02923
0.05267
0.02919
0.02917
0.02887
0.029
0.04289
0.02917
0.02889
0.02885
0.02896
0.04387
0.02907
0.02918
0.02916
0.02935
0.04331
0.02892
0.02896
0.02891
0.02893
0.05165
0.02897
0.02904
0.02878
0.02882
0.04227
0.02778
0.02772
0.02796
0.02772
0.04225
0.02789
0.02825
0.02782
0.02774
0.04185
0.02783
0.02778
0.02773
0.02797
0.05027
0.02838
0.02857
0.02766
0.02751
0.04084
0.02738
0.02749
0.02742
0.02737
0.04087
0.02759
0.02742
0.02752
0.0277
0.04214
0.02866
0.02874
0.02846
0.02864
0.04993
0.02889
0.02855
0.02862
0.02866
0.04209
0.0287
0.02854
0.02847
0.02848
0.04198
0.02879
0.02886
0.02848
0.02846
0.0422
0.02878
0.02854
0.02876
0.02863
0.05188
0.02918
0.0289
0.02877
0.02876
0.04241
0.02862
0.02873
0.02854
0.02863
0.04226
0.029
0.02878
0.02875
0.0287
0.04229
0.02865
0.02869
0.02871
0.02862
0.05037
0.02886
0.02872
0.0286
0.02862
0.04198
0.0286
0.02864
0.02877
0.02849
0.04236
0.02918
0.02905
0.02888
0.02897
0.04245
0.02899
0.02897
0.02892
0.02888
0.05011
0.02903
0.02886
0.02894
0.02872
0.04243
0.02875
0.0288
0.02878
0.02872
0.04201
0.02759
0.0274
0.02731
0.02734
0.04083
0.02755
0.0273
0.02728
0.02735
0.04883
0.02819
0.02886
0.028
0.02763
0.04115
0.02759
0.0275
0.02771
0.02768
0.04145
0.02752
0.028
0.02745
0.02747
0.04119
0.02745
0.02756
0.02753
0.02756
0.04929
0.02731
0.02764
0.02761
0.02735
0.04089
0.02745
0.02744
0.02736
0.02723
0.0407
0.02739
0.02762
0.0276
0.02734
0.04087
0.02744
0.02736
0.02747
0.02727
0.04868
0.03029
0.02911
0.02883
0.02861
0.04209
0.02867
0.02869
0.02858
0.0286
0.04213
0.02844
0.02854
0.0289
0.02878
0.04198
0.02876
0.02871
0.02859
0.02868
0.04981
0.0288
0.02905
0.02896
0.02877
0.04201
0.02874
0.02869
0.02864
0.0287
0.0422
0.02876
0.02865
0.02935
0.02877
0.04192
0.0287
0.02863
0.02864
0.02886
0.05105
0.02896
0.02891
0.02903
0.02879
0.04205
0.0286
0.02885
0.02875
0.02857
0.04226
0.02871
0.02871
0.02886
0.02884
0.04214
0.02894
0.0287
0.02869
0.02853
0.04992
0.02916
0.03627
0.0319
0.03081
0.0442
0.02917
0.02864
0.02864
0.02857
0.04212
0.02872
0.02869
0.02898
0.0287
0.04219
0.02871
0.02864
0.02851
0.02879
0.05105
0.02889
0.0289
0.02917
0.02888
0.04326
0.03123
0.0288
0.02874
0.02881
0.04228
0.0291
0.03084
0.02888
0.02892
0.04252
0.02871
0.02862
0.02882
0.02862
0.05018
0.02889
0.02977
0.02885
0.02886
0.04259
0.0287
0.0288
0.02859
0.02884
0.04249
0.02868
0.02752
0.02858
0.02765
0.04125
0.02741
0.02739
0.02749
0.02753
0.04992
0.02764
0.02748
0.02894
0.0274
0.04087
0.02742
0.02737
0.02721
0.02727
0.04071
0.02738
0.02724
0.02729
0.02866
0.04095
0.02727
0.02724
0.0273
0.02728
0.04841
0.0273
0.02755
0.02726
0.02818
0.0426
0.02891
0.02885
0.02882
0.02876
0.04217
0.02909
0.02872
0.02898
0.02876
0.04266
0.02881
0.02884
0.02864
0.02877
0.05001
0.02949
0.02934
0.02919
0.02893
0.04349
0.02899
0.0289
0.02887
0.02873
0.04252
0.02875
0.02867
0.02885
0.02885
0.04352
0.02905
0.0297
0.03154
0.03151
0.05271
0.0312
0.02884
0.02903
0.02905
0.04332
0.02917
0.03137
0.03116
0.0289
0.04321
0.02911
0.02908
0.02916
0.02916
0.04345
0.02906
0.02939
0.03138
0.02967
0.0512
0.02927
0.03091
0.0306
0.03143
0.04252
0.02874
0.02875
0.0286
0.02859
0.04241
0.02884
0.02862
0.02938
0.03166
0.04505
0.0286
0.02875
0.02864
0.02861
0.05033
0.02893
0.02903
0.02991
0.03143
0.04247
0.0287
0.02869
0.02872
0.02886
0.04238
0.02878
0.02876
0.02881
0.02952
0.04268
0.029
0.02902
0.02844
0.02848
0.05021
0.02759
0.02753
0.02757
0.02912
0.04244
0.0289
0.02878
0.0289
0.02867
0.04223
0.02851
0.0285
0.03001
0.02905
0.04225
0.02872
0.02881
0.02876
0.02785
0.04874
0.02825
0.02833
0.02758
0.02735
0.04176
0.02804
0.028
0.02801
0.02773
0.04142
0.02804
0.02786
0.02787
0.02772
0.04168
0.02794
0.02741
0.02748
0.02737
0.04941
0.02766
0.02751
0.02871
0.03135
0.04257
0.0289
0.02872
0.02866
0.02862
0.04213
0.0287
0.02875
0.02847
0.02784
0.04241
0.02951
0.02724
0.02723
0.02733
0.04838
0.02725
0.02719
0.02754
0.02952
0.04573
0.02885
0.02909
0.02886
0.02877
0.0421
0.02863
0.02884
0.02879
0.02886
0.04245
0.02871
0.02876
0.02866
0.02886
0.05085
0.02879
0.02887
0.02883
0.02883
0.04298
0.02886
0.02883
0.02869
0.02872
0.04253
0.02891
0.02891
0.02881
0.02872
0.04265
0.02983
0.02896
0.02894
0.02896
0.05079
0.02921
0.02917
0.02909
0.02912
0.04247
0.02956
0.02894
0.02887
0.02902
0.04248
0.0289
0.02893
0.02897
0.02896
0.04253
0.02929
0.02912
0.02901
0.02881
0.05028
0.02939
0.03472
0.0315
0.02964
0.04289
0.0298
0.0296
0.03106
0.03096
