0.24163
0.04272
0.04187
0.0387
0.02268
0.04825
0.03972
0.03932
0.03896
0.03886
0.02286
0.02261
0.02261
0.02259
0.02309
0.02352
0.02363
0.02314
0.02273
0.02265
0.0226
0.02258
0.02262
0.02259
0.02261
0.02337
0.02268
0.02287
0.02269
0.02259
0.02256
0.02256
0.02259
0.02323
0.02324
0.02373
0.02327
0.02347
0.02318
0.02336
0.02324
0.02315
0.02315
0.02315
0.02324
0.02388
0.02321
0.02314
0.02325
0.02309
0.02313
0.02328
0.02319
0.02315
0.0238
0.02383
0.02323
0.02317
0.02333
0.02318
0.02317
0.02316
0.02316
0.0233
0.02405
0.02374
0.0232
0.02321
0.0232
0.02311
0.02317
0.02318
0.02316
0.02319
0.02402
0.02375
0.02319
0.02364
0.02313
0.02312
0.02312
0.02314
0.02312
0.02313
0.02393
0.02336
0.02317
0.02336
0.02321
0.02315
0.02312
0.02319
0.02312
0.02321
0.04047
0.02351
0.02316
0.02315
0.0233
0.02323
0.02314
0.02424
0.02423
0.0249
0.02378
0.02316
0.02314
0.02322
0.02312
0.02313
0.05153
0.0399
0.04068
0.02407
0.04029
0.05351
0.04232
0.04255
0.04279
0.04038
0.06186
0.03985
0.03969
0.03975
0.03967
0.05565
0.04045
0.04012
0.03997
0.03986
0.05575
0.03995
0.03974
0.04082
0.04003
0.05584
0.03987
0.03981
0.04022
0.02354
0.06551
0.04026
0.03985
0.03985
0.02358
0.0234
0.03961
0.02351
0.04002
0.02404
0.02342
0.04017
0.04278
0.04285
0.03991
0.05572
0.0403
0.03985
0.04037
0.02505
0.0234
0.02339
0.02337
0.0235
0.02429
