0.2238
0.03372
0.03445
0.03305
0.03293
0.04228
0.03294
0.03313
0.03433
0.03417
0.04322
0.03342
0.03535
0.03211
0.03191
0.0442
0.03522
0.03243
0.03205
0.0326
0.05247
0.03237
0.03227
0.03224
0.03231
0.04635
0.03225
0.03229
0.03228
0.03784
0.0486
0.03276
0.03305
0.03305
0.03312
0.04708
0.03307
0.03309
0.03311
0.03334
0.05579
0.03309
0.03298
0.03298
0.03292
0.04721
0.03304
0.03304
0.03311
0.03476
0.05041
0.03481
0.03309
0.03299
0.03285
0.04711
0.03276
0.03291
0.03333
0.03304
0.056
0.03301
0.03295
0.03296
0.03285
0.04686
0.03267
0.03282
0.03285
0.03303
0.04656
0.03289
0.0326
0.03283
0.03264
0.04705
0.03272
0.03279
0.03296
0.03286
0.05474
0.03289
0.03273
0.03271
0.03273
0.04647
0.03262
0.03301
0.03293
0.0328
0.04663
0.03273
0.03281
0.03306
0.03281
0.04661
0.03286
0.0327
0.03289
0.03222
0.05414
0.03251
0.03468
0.03209
0.03181
0.04595
0.03185
0.03163
0.03174
0.03223
0.04581
0.0317
0.03166
0.0316
0.03168
0.04585
0.03189
0.03173
0.03164
0.03233
0.05411
0.03146
0.03166
0.03134
0.03128
0.04475
0.03148
0.03141
0.03131
0.03542
0.04676
0.03292
0.03288
0.03281
0.03268
0.04629
0.03325
0.03505
0.03154
0.03164
0.0528
0.0314
0.03149
0.0314
0.03126
0.04491
0.03133
0.03145
0.03139
0.03295
0.04942
0.03149
0.03159
0.03148
0.03154
0.04504
0.03149
0.03166
0.03189
0.0319
0.05418
0.03197
0.03164
0.03165
0.03154
0.04521
0.03192
0.03162
0.03159
0.0317
0.04558
0.03192
0.03165
0.03165
0.03168
0.04533
0.03156
0.03159
0.03174
0.03164
0.05341
0.03192
0.03158
0.03164
0.03165
0.04551
0.03162
0.03156
0.03163
0.03237
0.04916
0.03572
0.03537
0.03542
0.03541
0.0491
0.0345
0.03192
0.03225
0.03243
0.05484
0.03283
0.03313
0.0322
0.03186
0.04549
0.03167
0.03172
0.03167
0.03198
0.04554
0.03174
0.03168
0.03263
0.03326
0.04744
0.03172
0.03173
0.03173
0.03178
0.05373
0.03173
0.03183
0.0318
0.03161
0.04528
0.03169
0.03175
0.03162
0.03163
0.04913
0.03343
0.03321
0.0333
0.03315
0.04689
0.03198
0.03172
0.03144
0.03175
0.05412
0.03198
0.03185
0.03161
0.03157
0.04522
0.03167
0.03172
0.03167
0.03158
0.04539
0.03228
0.03178
0.0317
0.03174
0.04545
0.03173
0.03176
0.03177
0.03178
0.05315
0.03197
0.0318
0.03217
0.03181
0.04534
0.03193
0.03183
0.03182
0.03171
0.04537
0.03199
0.03191
0.03181
0.03167
0.04539
0.03173
0.03193
0.03176
0.03184
0.05412
0.03247
0.03223
0.03204
0.03197
0.04607
0.03191
0.03203
0.03221
0.03214
0.04581
0.03382
0.03351
0.03328
0.03297
0.04706
