0.22555
0.03071
0.03181
0.02959
0.02943
0.03857
0.03094
0.03019
0.02752
0.02766
0.0373
0.02781
0.02768
0.02778
0.0272
0.03827
0.0275
0.02743
0.02733
0.02726
0.04557
0.02768
0.02745
0.02733
0.02753
0.04044
0.02782
0.02751
0.02798
0.0278
0.04051
0.02779
0.0277
0.02723
0.02725
0.04062
0.02761
0.02739
0.02731
0.02789
0.04793
0.0276
0.02746
0.02748
0.02745
0.04076
0.0278
0.02749
0.02742
0.02741
0.04232
0.0289
0.0287
0.02869
0.02869
0.04171
0.02894
0.02869
0.02875
0.02869
0.04918
0.02797
0.02753
0.02743
0.02744
0.0407
0.02744
0.02741
0.0273
0.02739
0.04045
0.0285
0.03009
0.02753
0.02737
0.04035
0.02769
0.02744
0.02738
0.0273
0.04781
0.02746
0.02741
0.02793
0.02751
0.04046
0.02734
0.0274
0.02735
0.02745
0.04041
0.02734
0.02738
0.02735
0.02894
0.04179
0.02871
0.02871
0.02866
0.02866
0.04891
0.02916
0.03146
0.02884
0.02864
0.04255
0.02881
0.02868
0.02863
0.02865
0.04161
0.02883
0.02861
0.0287
0.02868
0.0425
0.02904
0.02884
0.02876
0.0287
0.0491
0.02891
0.02866
0.02862
0.02865
0.04167
0.02897
0.02893
0.02886
0.02876
0.04207
0.0288
0.0287
0.02875
0.02914
0.04405
0.03074
0.03094
0.02942
0.0276
0.04903
0.02771
0.02754
0.02766
0.02766
0.04036
0.02752
0.02742
0.02782
0.02758
0.04036
0.02746
0.02745
0.02736
0.02738
0.04029
0.02751
0.02747
0.0275
0.02868
0.05182
0.02888
0.02879
0.02868
0.02868
0.04173
0.02914
0.03064
0.02754
0.02735
0.04147
0.02914
0.02897
0.02883
0.02892
0.0419
0.02923
0.03071
0.0307
0.03071
0.05151
0.03088
0.0291
0.0276
0.02763
0.04123
0.02761
0.02845
0.03076
0.03074
0.04375
0.02994
0.02762
0.02751
0.02754
0.04046
0.02757
0.02744
0.02742
0.02735
0.04779
0.02821
0.02844
0.02766
0.0276
0.0405
0.02776
0.02744
0.02742
0.02772
0.04078
0.02777
0.02769
0.02782
0.02773
0.04067
0.0277
0.0275
0.02741
0.02734
0.04777
0.02782
0.02734
0.02734
0.02783
0.04047
0.02754
0.02737
0.02749
0.02741
0.0404
0.02751
0.02731
0.0274
0.02737
0.0423
0.0292
0.02898
0.02883
0.02901
0.04927
0.02897
0.02904
0.02884
0.02902
0.04171
0.029
0.02892
0.02875
0.02903
0.04203
0.02931
0.02892
0.02882
0.02885
0.04186
0.02889
0.02903
0.029
0.02956
0.05017
0.02968
0.02943
0.02936
0.02924
0.0426
0.02942
0.03037
0.03198
0.0305
0.04251
0.0294
0.03047
0.03018
0.03014
0.04355
0.0301
0.03009
0.03056
0.03024
0.05091
0.03032
0.03028
0.03032
0.03021
0.04333
0.03002
0.03009
0.03022
0.03063
0.04361
0.03045
0.03028
0.03033
0.03018
0.04364
0.03021
0.03043
0.03032
0.03078
0.05158
0.05166
0.03578
0.0313
0.03117
0.04504
0.03122
0.03118
0.03138
0.03137
0.04504
0.03123
0.03128
0.03025
0.03117
0.04499
0.0312
0.03124
0.03128
0.03148
0.05349
0.03131
0.0312
0.03118
0.0311
0.04514
0.03127
0.0311
0.03111
0.03226
0.0453
0.0311
0.03026
0.03121
0.03121
0.04521
0.03116
0.03017
0.03023
0.03067
0.05332
0.03138
0.03011
0.03109
0.03114
0.0447
0.03117
0.03093
0.03106
0.03097
0.0448
0.03102
0.03128
0.03314
0.03107
0.04798
0.03395
0.03404
0.01751
0.01743
0.01744
0.01784
0.01758
0.01733
0.03354
0.0177
0.01764
0.01761
0.03389
0.03085
0.04445
0.03098
0.03084
0.03523
0.03109
0.04463
0.01766
0.01765
0.0175
0.01749
0.05553
0.03398
0.03089
0.01459
0.01452
0.01669
0.01471
0.031
0.03147
0.01495
0.015
0.01488
0.01481
0.01483
0.01486
0.01495
0.01494
0.01495
0.01499
0.01497
0.0149
0.01862
0.01807
0.01566
0.01532
0.01514
0.01498
0.01506
0.01549
0.01519
0.01513
0.0151
0.01514
0.01511
0.01507
0.01529
0.01526
0.01604
0.01538
0.01533
0.01522
0.01532
0.03234
0.01546
0.01544
0.01537
0.01549
0.01536
0.01549
0.01553
0.01553
0.0154
0.01538
0.01541
0.03261
0.01559
0.0154
0.01546
0.01545
0.01546
0.01549
0.01539
0.01537
0.03758
0.03212
0.03104
0.03098
0.03114
0.03108
0.03091
0.04702
0.03073
0.03076
0.01393
0.03071
0.04443
0.02986
0.02984
0.02976
0.02982
0.05192
0.02977
0.02976
0.02956
0.02955
0.04313
0.02966
0.02957
0.02954
0.02988
0.04324
