0.20866
0.03449
0.03639
0.0324
0.03182
0.04091
0.0319
0.03198
0.01618
0.03187
0.04223
0.03777
0.03838
0.03425
0.03227
0.04633
0.03258
0.03585
0.03243
0.03261
0.04918
0.03347
0.03531
0.03926
0.03724
0.04911
0.03267
0.03268
0.03262
0.03261
0.04927
0.03286
0.0325
0.03263
0.03247
0.0455
0.03268
0.03305
0.03475
0.03455
0.05544
0.03316
0.03325
0.03531
0.03278
0.04673
0.03293
0.03294
0.03295
0.03287
0.04755
0.03314
0.03278
0.03282
0.03287
0.04727
0.03287
0.03289
0.03298
0.033
0.05575
0.03308
0.0334
0.03539
0.03471
0.0505
0.03277
0.03281
0.03308
0.03306
0.04747
0.03565
0.03561
0.03574
0.0337
0.04726
0.03374
0.03363
0.03429
0.03451
0.05523
0.03366
0.03369
0.03393
0.03617
0.04717
0.03333
0.03368
0.03416
0.03624
0.04686
0.03343
0.03352
0.03358
0.03352
0.04734
0.03595
0.03608
0.0408
0.03226
0.05328
0.03272
0.04498
0.0409
0.03681
0.0501
0.03252
0.03253
0.03212
0.03626
0.04916
0.03207
0.03206
0.03214
0.03185
0.04592
0.03206
0.03205
0.0317
0.03175
0.05521
0.03482
0.03469
0.03482
0.03349
0.04493
0.03201
0.03204
0.03179
0.03178
0.0448
0.03166
0.0318
0.03183
0.03172
0.04472
0.03294
0.03336
0.03307
0.03317
0.05412
0.0332
0.03336
0.03337
0.03385
0.04976
0.01717
0.03242
0.01713
0.01725
0.01704
0.01703
0.01712
0.01715
0.01712
0.01714
0.01705
0.01712
0.01732
0.01736
0.05703
0.03295
0.0328
0.03275
0.03276
0.04782
0.03302
0.03321
0.03329
0.03335
0.04846
0.03313
0.03295
0.03294
0.03313
0.04827
0.03313
0.03305
0.03305
0.03329
0.0564
0.03285
0.03228
0.03218
0.03208
0.04588
0.03198
0.03217
0.03212
0.03268
0.04623
0.03224
0.03212
0.03213
0.03208
0.04594
0.03207
0.03207
0.03195
0.03217
0.05426
0.03276
0.0329
0.03238
0.03212
0.04607
0.03214
0.03221
0.03226
0.03272
0.0463
0.03251
0.03252
0.03408
0.0371
0.04795
0.03401
0.03407
0.03644
0.03409
0.05682
0.0351
0.03422
0.03387
0.03375
0.0486
0.03393
0.03556
0.03404
0.03398
0.04874
0.03391
0.03516
0.03409
0.03394
0.0487
0.03402
0.03421
0.03412
0.03389
0.05837
0.03616
0.03606
0.03622
0.03576
0.04914
0.0346
0.03414
0.03409
0.03403
0.04877
0.03347
0.03336
0.03331
0.03335
0.04817
0.03365
0.03338
0.03332
0.0334
0.05672
0.03338
0.03337
0.03349
0.03336
0.0487
0.0336
0.03355
0.03361
0.03369
0.04822
0.03367
0.03351
0.03347
0.03345
0.04825
0.03339
0.03345
0.03356
0.03395
0.05696
0.03371
0.03334
0.03344
0.03342
0.04712
0.03328
0.03334
0.03335
0.03342
0.04723
0.0337
0.0364
0.036
0.03618
0.04773
0.03396
0.03412
0.03402
0.03401
0.05568
0.0344
0.03503
0.03448
0.03399
0.01712
0.01695
0.01702
0.017
0.01701
0.01698
0.017
0.01699
0.01699
0.01697
0.01699
0.01701
0.0176
0.01727
0.01762
0.01725
0.017
0.01697
0.01703
0.034
0.04947
0.03412
0.03408
0.03559
0.03407
0.04956
0.03432
0.03399
0.03405
0.03405
0.04853
0.03402
0.03393
0.034
0.03394
0.05737
0.03388
0.03404
0.03393
0.03382
0.04779
0.03369
0.03379
0.03378
0.03372
0.04812
0.03369
0.03379
0.03376
0.03368
0.04749
0.03387
0.03374
0.03363
0.03441
0.0569
0.03561
0.0334
0.03337
0.01688
0.01699
0.0169
0.01684
0.01678
0.0168
0.01975
0.01697
0.01692
0.01703
0.01704
0.01678
0.01675
0.0168
0.01679
0.0168
0.01681
0.01682
0.01679
0.01679
0.01674
0.01675
0.01673
0.01682
0.01744
0.01773
0.01777
0.01744
0.01737
0.01738
0.01736
0.01749
0.01749
0.01748
0.01742
0.01747
0.01744
0.03485
0.04291
0.01984
0.01764
0.01739
0.01736
0.01744
0.01736
0.01742
0.01741
0.01741
0.01741
0.01747
0.0174
0.01744
0.01741
0.01743
0.01801
0.0343
0.05927
0.03379
0.03273
0.03284
0.03276
0.04754
0.03279
0.03284
0.03342
0.03291
0.04722
0.03271
0.03271
0.03267
0.03272
0.04737
0.03257
0.03263
0.03306
0.03288
0.05581
0.03267
0.03181
0.03184
0.03177
0.04992
0.03525
0.03311
0.03322
0.03303
0.0469
0.03304
0.033
0.03295
0.03301
0.04664
0.03313
0.03315
0.03334
0.03309
0.0545
0.03312
0.03309
0.03304
0.03309
0.04725
0.03304
0.03434
0.03319
0.03301
0.04676
0.03301
0.03302
0.03324
0.03508
0.04885
0.03388
0.03356
0.03327
0.03333
0.05598
0.03315
0.03301
