0.20335
0.02963
0.02984
0.03007
0.0293
0.03803
0.0288
0.02878
0.02896
0.02889
0.03877
0.02888
0.02824
0.0308
0.02973
0.04066
0.02914
0.02911
0.02918
0.02915
0.0485
0.02955
0.03129
0.03095
0.02997
0.04285
0.02939
0.02929
0.02931
0.02977
0.04298
0.02935
0.02926
0.02959
0.03145
0.04527
0.03002
0.02804
0.02796
0.02801
0.04934
0.0284
0.02836
0.02795
0.02796
0.04152
0.02968
0.02941
0.0293
0.02938
0.04251
0.02945
0.02949
0.02929
0.02865
0.04111
0.02859
0.02802
0.02793
0.02792
0.0483
0.02781
0.02787
0.02795
0.0279
0.04094
0.02806
0.02834
0.02795
0.02782
0.04086
0.02809
0.02787
0.02794
0.02796
0.04084
0.02795
0.02853
0.02907
0.02798
0.04833
0.02834
0.02803
0.02798
0.02786
0.04106
0.02809
0.02934
0.0294
0.02969
0.04253
0.02963
0.02929
0.02941
0.02929
0.04252
0.0293
0.02926
0.02927
0.02947
0.04973
0.03703
0.02989
0.02944
0.02919
0.04251
0.02916
0.02917
0.02938
0.02925
0.04287
0.02931
0.02918
0.02918
0.02914
0.0426
0.02933
0.02925
0.02929
0.02926
0.05207
0.0318
0.02953
0.03011
0.03172
0.04274
0.03131
0.0324
0.02957
0.02961
0.0433
0.02972
0.02969
0.02962
0.02959
0.04305
0.0296
0.02958
0.02952
0.02957
0.05108
0.0298
0.02954
0.02953
0.02954
0.0431
0.02947
0.02971
0.02956
0.02952
0.04302
0.03128
0.02969
0.02958
0.02958
0.04299
0.0296
0.02951
0.02958
0.02954
0.05079
0.03008
0.02988
0.0296
0.02949
0.04304
0.02968
0.02955
0.02951
0.02948
0.04304
0.02955
0.02999
0.02964
0.02953
0.04299
0.02953
0.02964
0.02957
0.02967
0.05093
0.02975
0.02965
0.02981
0.02961
0.043
0.02953
0.02962
0.02958
0.02943
0.043
0.02944
0.02965
0.03058
0.03191
0.04514
0.02931
0.02941
0.02938
0.02941
0.05038
0.03739
0.03409
0.0326
0.03195
0.04518
0.03178
0.03171
0.03005
0.02967
0.0429
0.0297
0.0296
0.03037
0.02976
0.04307
0.02978
0.03005
0.02964
0.02964
0.05197
0.02975
0.03023
0.02934
0.02877
0.0423
0.0287
0.02876
0.0288
0.02864
0.04482
0.02994
0.02999
0.03002
0.0304
0.04338
0.03004
0.02987
0.03004
0.03001
0.05278
0.02983
0.02985
0.03005
0.03023
0.04335
0.03007
0.02982
0.02993
0.02987
0.04239
0.02868
0.02859
0.0286
0.02868
0.04206
0.02896
0.02868
0.02881
0.02859
0.04968
0.02873
0.02868
0.02857
0.0294
0.04294
0.03011
0.02999
0.02977
0.02978
0.04309
0.02995
0.0298
0.02975
0.02973
0.04295
0.03055
0.02985
0.03029
0.03046
0.05088
0.03062
0.03037
0.03033
0.03035
0.04346
0.03059
0.03052
0.03034
0.03028
0.04348
0.03035
0.03038
0.03034
0.03027
0.04343
0.03031
0.0311
0.03039
0.02972
0.05168
0.03227
0.03029
0.0301
0.02999
0.04367
0.03029
0.03038
0.02996
0.0299
0.04362
0.02998
0.02999
0.03003
0.02999
0.04377
0.03
0.03005
0.03043
0.03015
0.05187
0.02994
0.02998
0.02997
0.03006
0.04361
0.03005
0.0301
0.03039
0.03008
0.04355
0.0301
0.03013
0.03012
0.0305
0.04439
0.03218
0.0321
0.03204
0.03013
0.0514
0.03002
0.0302
0.03005
0.03004
0.04357
0.03011
0.03013
0.02972
0.03018
0.04371
0.03018
0.02995
0.03201
0.03179
0.04546
0.03017
0.03012
0.02968
0.02996
0.05236
0.03016
0.03026
0.03007
0.03014
0.04366
0.03004
0.03008
0.03007
0.03034
0.04366
0.03009
0.03016
0.03011
0.03005
0.04379
0.03013
0.03018
0.03033
0.0305
0.05431
0.03266
0.03251
0.03256
0.03257
0.04596
0.03006
0.03014
0.03042
0.03088
0.04359
0.03067
0.03005
0.03057
0.03009
0.04361
0.03063
0.03058
0.03083
0.03007
0.05291
0.03104
0.03145
0.03092
0.03108
0.04674
0.03071
0.0307
0.03057
0.0307
0.04476
0.03057
0.03053
