0.22579
0.02927
0.03019
0.02936
0.02905
0.03825
0.02858
0.02954
0.02999
0.02925
0.04282
0.03085
0.02877
0.02855
0.02739
0.03928
0.02766
0.02742
0.02802
0.02734
0.04686
0.02753
0.02745
0.02781
0.02723
0.04033
0.02725
0.02724
0.02717
0.02711
0.04031
0.02716
0.02779
0.02727
0.02711
0.04022
0.02726
0.02834
0.02748
0.02752
0.04766
0.02764
0.02733
0.02722
0.02728
0.04073
0.03089
0.02725
0.02719
0.02714
0.04019
0.0273
0.02726
0.02719
0.02722
0.04165
0.02853
0.02837
0.02844
0.02841
0.04891
0.02853
0.02874
0.03055
0.0285
0.04191
0.02929
0.02876
0.02859
0.02866
0.04171
0.02851
0.02862
0.02847
0.02838
0.04149
0.02839
0.02879
0.02897
0.03093
0.04959
0.02994
0.02879
0.03019
0.03066
0.04331
0.02841
0.02835
0.02904
0.0295
0.04408
0.02974
0.02852
0.02846
0.02838
0.04144
0.02914
0.0284
0.02841
0.02866
0.04905
0.02881
0.02925
0.02861
0.02851
0.04144
0.02837
0.02839
0.02844
0.02843
0.04262
0.0285
0.02838
0.02921
0.03103
0.04492
0.03125
0.02855
0.0284
0.02839
0.05034
0.02934
0.02852
0.02841
0.02847
0.04152
0.02909
0.0311
0.02876
0.02842
0.04168
0.0293
0.03132
0.02936
0.02834
0.04256
0.02867
0.02714
0.02704
0.02708
0.04876
0.02871
0.02844
0.03094
0.02841
0.04183
0.02858
0.02867
0.02842
0.02845
0.04264
0.03125
0.03109
0.03082
0.03139
0.04465
0.02868
0.02859
0.02883
0.02864
0.05001
0.02937
0.03091
0.03101
0.03105
0.04106
0.02813
0.02783
0.02796
0.02888
0.04197
0.02913
0.0294
0.02894
0.02898
0.04356
0.02928
0.0292
0.02921
0.02941
0.05057
0.0295
0.02929
0.02915
0.02922
0.04217
0.0316
0.02922
0.02955
0.03123
0.04234
0.0292
0.02922
0.02919
0.02914
0.04226
0.02927
0.03097
0.02919
0.02917
0.04964
0.03703
0.02984
0.02997
0.0316
0.04368
0.02942
0.03072
0.02918
0.02907
0.04218
0.02908
0.02939
0.02923
0.02941
0.04276
0.0294
0.02981
0.03136
0.02927
0.05009
0.02908
0.02916
0.0291
0.02903
0.04311
0.03123
0.03147
0.03162
0.0317
0.04478
0.03125
0.03044
0.02895
0.02965
0.04426
0.02922
0.02934
0.02926
0.03127
0.05025
0.02936
0.0293
0.02919
0.0291
0.04247
0.02927
0.02912
0.02913
0.02915
0.04264
0.02939
0.02915
0.02925
0.02919
0.04266
0.02991
0.02872
0.02858
0.0286
0.04985
0.02898
0.02869
0.02862
0.02864
0.04204
0.02873
0.02864
0.02874
0.02866
0.04179
0.02909
0.02885
0.02871
0.02862
0.04195
0.02871
0.02861
0.02857
0.02842
0.04926
0.02884
0.02907
0.03107
0.03014
0.04167
0.0284
0.02854
0.02853
0.02872
0.04364
0.0306
0.02853
0.02895
0.02877
0.04168
0.02843
0.02845
0.02863
0.02843
0.049
0.02942
0.02959
0.02785
0.02759
0.04042
0.02718
0.02722
0.02707
0.02713
0.04025
0.02728
0.02714
0.02714
0.02708
0.04022
0.0274
0.02713
0.02698
0.027
0.04763
0.02746
0.02704
0.0271
0.02742
0.04019
0.0273
0.02738
0.02712
0.02713
0.04017
0.02713
0.02713
0.02725
0.02727
0.04032
0.02707
0.02711
0.02736
0.02719
0.04747
0.02709
0.02717
0.02708
0.02702
0.04105
0.02715
0.02704
