0.21829
0.03247
0.03477
0.03005
0.02802
0.03544
0.02653
0.02638
0.02644
0.0263
0.03593
0.02655
0.02653
0.02659
0.02662
0.03927
0.02813
0.02805
0.02811
0.02797
0.04612
0.02822
0.02813
0.02812
0.02702
0.03974
0.02715
0.02689
0.02687
0.02673
0.0398
0.02677
0.02678
0.02681
0.02684
0.03972
0.02722
0.0275
0.02841
0.02832
0.04881
0.02846
0.02843
0.02842
0.02855
0.04158
0.02851
0.02736
0.02715
0.02683
0.04037
0.02706
0.02705
0.02724
0.02832
0.04174
0.02825
0.02826
0.02881
0.02842
0.04957
0.02829
0.02858
0.02836
0.02835
0.04172
0.02834
0.02835
0.02862
0.03098
0.04169
0.02833
0.02834
0.02829
0.02828
0.04139
0.02836
0.0282
0.03067
0.03122
0.05194
0.03089
0.03088
0.03082
0.03099
0.04418
0.03092
0.03111
0.02898
0.02851
0.04163
0.02843
0.0285
0.02842
0.02838
0.0415
0.02841
0.02864
0.02864
0.02863
0.05075
0.02929
0.02918
0.02877
0.02866
0.04219
0.02852
0.02855
0.02852
0.0298
0.04451
0.02997
0.0285
0.0284
0.02854
0.04193
0.02855
0.02848
0.02856
0.02853
0.04988
0.0285
0.02851
0.0286
0.02844
0.04194
0.02859
0.02843
0.02851
0.02845
0.04236
0.0286
0.0286
0.02857
0.02855
0.04198
0.02853
0.0284
0.02857
0.02886
0.05008
0.02862
0.02863
0.02851
0.0285
0.042
0.02856
0.02843
0.02851
0.02849
0.042
0.02878
0.02848
0.02882
0.03085
0.04433
0.02965
0.0284
0.02849
0.02846
0.04963
0.02885
0.02854
0.02871
0.02839
0.04169
0.02839
0.02825
0.02839
0.02826
0.0418
0.02927
0.03091
0.03054
0.02852
0.04174
0.02849
0.02846
0.02842
0.02852
0.05122
0.03116
0.03028
0.0286
0.02868
0.0423
0.02868
0.02863
0.02864
0.02853
0.04232
0.02879
0.02869
0.02857
0.02858
0.04207
0.02845
0.02837
0.02851
0.02838
0.05001
0.03025
0.032
0.03161
0.03146
0.04478
0.03103
0.03092
0.03109
0.02878
0.04268
0.02951
0.02904
0.02893
0.02943
0.04281
0.02908
0.02903
0.0291
0.02896
0.05108
0.02918
0.03079
0.02994
0.02875
0.04249
0.0287
0.02868
0.02866
0.02855
0.04241
0.02855
0.0289
0.02857
0.02866
0.04217
0.02867
0.02857
0.02866
0.0286
0.05038
0.02855
0.02886
0.02872
0.0286
0.0418
0.02851
0.02832
0.02848
0.02839
0.04174
0.02841
0.02866
0.02925
0.0285
0.04175
0.02841
0.02911
0.02845
0.02839
0.04934
0.02857
0.02854
0.02875
0.0285
0.04165
0.02848
0.02844
0.02839
0.02845
0.0416
0.02838
0.02853
0.02842
0.02942
0.04168
0.02859
0.0284
0.02846
0.02846
0.04894
0.02858
0.02863
0.0289
0.02959
0.04464
0.02851
0.02855
0.02869
0.02841
0.04188
0.02856
0.02854
0.02847
0.02852
0.04178
0.02853
0.02839
0.02842
0.02875
0.04966
0.02934
0.0295
0.0285
0.02871
0.04253
0.02867
0.0284
0.02847
0.02848
0.04198
0.02855
0.0287
0.0287
0.02903
0.04456
0.0287
0.02866
0.02862
0.02853
0.05023
0.0286
0.02898
0.02878
0.02898
0.04191
0.02899
0.02859
0.02875
0.02853
0.04196
0.02856
0.02859
0.02845
0.02844
0.04198
0.02898
0.02863
0.0284
0.02832
0.04914
0.02859
0.02838
0.02828
0.02833
0.04162
0.02835
0.02896
0.02846
0.02837
0.04168
0.02849
0.02851
0.02839
0.02845
0.04158
0.02845
0.02828
0.02884
0.02865
0.04928
0.02861
0.02879
0.02862
0.02866
0.04179
0.02871
0.02858
0.02921
0.02865
0.04175
0.02868
0.02862
0.02866
0.02857
0.04177
0.02853
0.02849
0.02853
0.02919
0.0502
0.02865
0.02862
0.02858
0.02864
0.042
0.02943
0.0315
0.03184
0.03175
0.0449
0.03135
0.0314
0.03045
0.02905
0.04242
0.02905
0.02901
0.02905
0.02962
0.05008
0.0294
0.03724
0.03148
0.03106
0.04432
0.029
0.02891
0.02941
0.02929
0.04252
0.02939
0.02913
0.02926
0.03155
0.04478
0.03154
0.03151
0.0314
0.03127
0.05149
0.02922
0.02952
0.02939
0.02923
0.04264
0.0292
0.02916
0.02927
0.02912
0.04298
0.03105
0.03098
0.03099
0.03109
0.04463
0.02908
0.02904
0.03083
0.02985
0.05045
0.02897
0.02896
0.02895
0.02904
0.04233
0.029
0.02899
0.02969
0.02906
0.04249
0.02889
0.02882
0.02896
0.02942
0.04471
0.03128
0.03178
0.03048
0.02942
0.05139
0.03076
0.0281
0.02804
0.02804
0.0415
0.02813
0.02799
0.02859
0.02964
0.04509
0.03113
0.02941
0.0293
0.02882
0.0414
0.02796
0.02796
0.02808
0.02821
0.04998
0.02817
0.02835
0.0282
0.02817
0.04145
0.02799
0.02794
0.03154
0.02853
0.04147
0.02797
0.02807
0.02799
0.02813
0.04141
0.02827
0.02786
0.02794
0.02786
0.0498
0.03728
0.03117
0.02938
0.02925
0.04246
0.02965
0.03126
0.03134
0.0316
0.04502
0.03143
0.03132
0.03126
0.03132
0.0447
0.03141
0.03108
0.0292
0.03024
0.05027
0.0291
0.02915
0.02901
0.02914
0.04233
0.02919
0.02921
0.02918
0.03093
0.04513
0.03153
0.02918
0.02947
0.02955
0.04345
0.02949
0.0294
0.0295
0.02964
0.05164
0.02939
0.02935
0.02928
0.02925
0.04276
0.02937
0.02926
0.02923
0.02921
0.04419
0.02941
0.02943
0.02924
0.02937
0.04288
0.02955
0.02927
0.02938
0.02936
0.05095
0.02938
0.02933
0.02933
0.02937
0.04263
0.02925
0.02921
0.02938
0.02949
0.04274
0.02962
0.02931
0.02936
0.02935
0.04262
0.02943
0.02942
0.02941
0.02922
0.05047
0.03016
0.02944
0.02928
0.02941
0.04254
0.0295
0.02938
0.02922
0.02919
0.04315
0.03121
0.03018
0.02918
0.02923
0.04242
0.0292
0.02834
0.02803
0.02794
0.04899
0.02863
0.0294
0.02825
0.02818
0.04104
0.02817
0.02798
0.02794
0.02797
0.04111
0.02788
0.02854
0.02803
0.02803
0.04109
0.02809
0.02788
0.02796
0.02792
0.04845
0.02787
0.02787
0.02861
0.02911
0.04214
0.02915
0.02893
0.02898
0.02889
0.042
0.02897
0.02911
0.02898
0.02931
0.04212
0.02902
0.02889
0.02903
0.02889
0.04925
0.02908
0.02896
0.02889
0.02791
0.04123
0.02837
0.02788
0.0279
0.02789
0.04097
0.0279
0.0279
0.02801
0.02804
0.04112
0.02839
0.02788
0.02873
0.02905
0.05016
0.02914
0.02926
0.02913
0.02924
0.04249
0.02957
0.02925
0.02923
0.02909
0.04316
0.03143
0.03064
0.02913
0.02925
0.0425
0.03148
0.02922
0.02918
0.02911
0.05067
0.02916
0.02909
0.02918
0.02905
0.04254
0.03077
0.02933
0.02918
0.02902
0.04265
0.02928
0.02913
0.02903
0.02918
0.04245
0.03177
0.02946
0.02926
0.02903
0.05022
0.02952
0.03788
0.02905
0.02806
0.04137
0.02874
0.0286
0.02804
0.02785
0.04146
0.0281
0.02799
0.02799
0.028
0.04138
0.02813
0.02906
0.02932
0.02911
0.05066
0.02892
0.0288
0.02874
0.0288
0.04219
0.02889
0.02886
0.02929
0.02896
0.04228
0.02887
0.02888
0.02977
0.02891
0.04225
0.02888
0.0288
0.02888
0.02957
0.0505
0.02892
0.02895
0.02882
0.02892
0.04215
0.02894
0.02876
0.02884
0.02964
0.04498
0.03104
0.02891
0.0289
0.02869
0.0421
0.02896
0.02867
0.02804
0.02763
0.04973
0.02761
0.02752
0.02748
0.02758
0.04062
0.02766
0.02755
0.02762
0.02745
0.04093
0.02802
0.02764
0.02752
0.02766
0.04074
0.02765
0.02752
0.0276
0.02757
0.04838
0.02784
0.02811
0.02785
0.02804
0.04068
0.02751
0.02746
0.02752
0.02738
0.04061
0.02757
0.02759
0.02776
0.0276
0.04047
0.02909
0.02888
0.02883
0.02872
0.04931
0.02944
0.03125
0.03064
0.0287
0.04175
0.02878
0.02884
0.03046
0.02738
0.04023
0.02715
0.02722
0.02773
0.0274
0.04038
0.02706
0.02701
0.027
0.02701
0.04777
0.02713
0.02717
0.02699
0.02767
0.04023
0.02733
0.02715
0.02709
0.02714
0.04008
0.02718
0.02707
0.02692
0.027
0.03999
0.02751
0.0272
0.02711
0.02698
0.04746
0.02702
0.02701
0.02698
0.02709
0.04004
0.02702
0.02732
0.02712
0.02699
0.04021
0.02698
0.02701
0.02702
0.0271
0.04005
0.02703
0.02709
0.02728
0.02731
0.0474
0.02705
0.0271
0.02727
0.02704
0.04004
0.02708
0.02701
0.02701
0.02706
0.04029
0.02702
0.02715
0.02699
0.02704
0.03997
0.02704
0.02702
0.02707
0.02704
0.04747
0.02743
0.0271
0.02702
0.02697
0.04004
0.02709
0.02695
0.027
0.02693
0.04
0.0271
0.02732
0.0272
0.02715
0.04001
0.02699
0.02697
0.02706
0.02706
0.0474
0.02926
0.03128
0.03112
0.02725
0.04005
0.02852
0.02852
0.02838
0.02834
0.04171
0.02821
0.02864
0.03108
0.02877
0.04164
0.02939
0.03068
0.03061
0.0306
0.04915
0.02788
0.02778
0.02814
0.02793
0.04119
0.0278
0.02775
0.0278
0.02764
0.04074
0.02756
0.02758
0.02747
0.02763
0.04088
0.02787
0.02762
0.02764
0.02762
0.04809
0.02776
0.02817
0.02909
0.02905
0.04217
0.02947
0.02918
0.02909
0.02894
0.04214
0.02908
0.02904
0.03047
0.02964
0.04096
0.02865
0.0279
0.02789
0.02845
0.04836
0.02809
0.0279
0.02784
0.02799
0.04076
0.02803
0.02814
0.02801
0.02784
0.04112
0.02793
0.02809
0.02797
0.02799
0.04095
0.02807
0.02783
0.02814
0.02802
0.04835
0.02796
0.02797
0.02785
0.02798
0.04092
0.02813
0.02789
0.02797
0.02804
0.04098
0.02794
0.02784
0.0278
0.02804
0.0409
0.02792
0.0279
0.02796
0.02786
0.0484
0.02846
0.03577
0.02933
0.02919
0.04222
0.02944
0.02922
0.02916
0.02907
0.0427
0.02944
0.02926
0.02914
0.02923
0.04282
0.02921
0.0292
0.02919
0.03186
0.05095
0.02943
0.0291
0.02915
0.02917
0.04264
0.02925
0.02916
0.02921
0.02913
0.04281
0.0296
0.02946
0.02922
0.02925
0.04271
0.02936
0.0292
0.02935
0.02908
0.05144
0.02967
0.02953
0.02924
0.02929
0.04272
0.02915
0.02913
0.02914
0.029
0.04255
0.02948
0.02946
0.02936
0.02925
0.0425
0.02984
0.02937
0.02927
0.02927
0.05034
0.02941
0.02981
0.02932
0.02919
0.04253
0.02934
0.0292
0.02924
0.0293
0.04247
0.02911
0.02928
0.02931
0.02929
0.04261
0.02922
0.0292
0.02935
0.02912
0.05017
0.02939
0.02949
0.02952
0.02931
0.04236
0.0294
0.0293
0.02926
0.02918
0.04239
0.02915
0.02924
0.02913
0.02959
0.04258
0.02932
0.02915
0.02926
0.0293
0.05002
0.03715
0.02961
0.02929
0.03037
0.04249
0.02908
0.02913
0.02913
0.02909
0.04241
0.0293
0.02917
0.02922
0.02931
0.04277
0.02921
0.02917
0.02921
0.02918
0.05068
0.03142
0.02931
0.02916
0.03182
0.04474
0.02941
0.02927
0.02924
0.02927
0.04298
0.02941
0.02954
0.02937
0.02943
0.04296
0.02972
0.02936
0.02937
0.02924
0.05051
0.02939
0.02937
0.02932
0.02936
0.04294
0.03115
0.02937
0.02933
0.02915
0.04275
0.02924
0.02939
0.02916
0.02927
0.04268
0.02936
0.03022
0.02946
0.02918
0.05048
0.02938
0.02931
0.02919
0.02924
0.04262
0.0294
0.03093
0.03165
0.03135
0.04472
0.03133
0.03139
0.03134
0.03153
0.04473
0.03041
0.0292
0.02918
0.02892
0.05076
0.03175
0.02927
0.02913
0.02921
0.04232
0.0292
0.03078
0.03159
0.03137
0.04476
0.0314
0.03147
0.03137
0.03138
0.04321
0.02899
0.02928
0.02918
0.02892
0.04991
0.02942
0.02972
0.02921
0.029
0.04217
0.02914
0.02903
0.02915
0.02894
0.04219
0.02831
0.02766
0.02764
0.02766
0.04071
0.02762
0.02743
0.0277
0.02753
0.04803
0.02766
0.02747
0.02745
0.02747
0.04036
0.02759
0.02746
0.03061
0.02913
0.04191
0.02873
0.02891
0.0287
0.02868
0.04167
0.02919
0.03086
0.03078
0.02968
0.04934
0.02892
0.02877
0.02869
0.029
0.0418
0.0288
0.02863
0.0287
0.02867
0.04252
0.0289
0.02873
0.02869
0.02874
0.04167
0.02898
0.02877
0.02889
0.02867
0.05015
0.02936
0.02912
0.02893
0.02889
0.04256
0.03054
0.03056
0.03066
0.0303
0.0425
0.02931
0.02912
0.02899
0.0292
0.04429
0.02903
0.02896
0.02895
0.0289
0.05033
0.02908
0.02972
0.03088
0.0306
0.04249
0.02897
0.02902
0.02893
0.02902
0.04276
0.02933
0.03134
0.02809
0.02895
0.04172
0.0279
0.02779
0.02786
0.02774
0.04918
0.02829
0.03633
0.02995
0.02759
0.04113
0.02761
0.0275
0.0275
0.02752
0.04041
0.02742
0.02756
0.02789
0.02774
0.04044
0.02776
0.02744
0.02755
0.02743
0.048
0.02748
0.02741
0.02744
0.02792
0.04081
0.02764
0.02747
0.02757
0.02751
0.0407
0.02874
0.02871
0.02874
0.03021
0.04416
0.02889
0.02823
0.02869
0.03029
0.04979
0.0286
0.02857
0.02849
0.02902
0.04372
0.03052
0.03021
0.03015
0.02821
0.04153
0.02823
0.0283
0.02828
0.02838
0.04279
0.02864
0.02831
0.02843
0.02826
0.0489
0.02857
0.02841
0.02838
0.02837
0.04171
0.02867
0.0286
0.02851
0.02839
0.0416
0.02906
0.0306
0.03041
0.03043
0.04361
0.03082
0.03057
0.03021
0.02846
0.04911
0.02841
0.0286
0.02849
0.02864
0.04194
0.0287
0.0285
0.02835
0.02845
0.04424
0.02843
0.02867
0.02839
0.02852
0.04206
0.02856
0.02786
0.02733
0.02714
0.04822
0.02768
0.02805
0.02736
0.02723
0.04058
0.02714
0.02709
0.02749
0.02728
0.04084
0.02712
0.02715
0.02699
0.02705
0.04025
0.02733
0.02714
0.02719
0.02751
0.04813
0.02713
0.02716
0.02698
0.02707
0.04037
0.02866
0.02842
0.02842
0.02834
0.04193
0.02851
0.02847
0.02838
0.02856
0.04164
0.02845
0.02838
0.0284
0.03022
0.05006
0.02853
0.02845
0.02835
0.02726
0.04032
0.02724
0.02714
0.02716
0.0271
0.04037
0.02788
0.02767
0.02742
0.02763
0.04088
0.02719
0.02711
0.02705
0.02709
0.04787
0.02904
0.02857
0.0284
0.02844
0.04151
0.02838
0.02839
0.02836
0.02848
0.0415
0.02836
0.02785
0.02741
0.02732
0.04025
0.0271
0.02708
0.0271
0.02693
0.0477
0.02705
0.02708
0.0272
0.02729
0.04026
0.02713
0.027
0.02707
0.02698
0.04022
0.02709
0.02704
0.02699
0.02732
0.04011
0.02733
0.02712
0.02711
0.02696
0.04729
0.02746
0.02826
0.02735
0.02722
0.04008
0.02712
0.02694
0.02703
0.027
0.04345
0.03099
0.02987
0.02853
0.02866
0.04163
0.02923
0.02863
0.02879
0.0304
0.05092
0.03073
0.0285
0.02839
0.02837
0.04151
0.02903
0.02848
0.02842
0.02837
0.04147
0.02836
0.02872
0.03043
0.02856
0.04137
0.02896
0.03112
0.03099
0.03047
0.04876
0.02873
0.02928
0.0304
0.02848
0.04184
0.0299
0.0289
0.0287
0.02844
0.04223
0.02868
0.02863
0.02857
0.02866
0.04225
0.02873
0.02782
0.02762
0.02743
0.04816
0.02723
0.0272
0.02725
0.02722
0.04163
0.03068
0.03045
0.03079
0.02861
0.04155
0.0286
0.02849
0.02842
0.02845
0.04185
0.02856
0.02883
0.02843
0.02907
0.049
0.02863
0.02785
0.02702
0.02701
0.04019
0.02718
0.02708
0.02709
0.02709
0.04028
0.02708
0.02705
0.02699
0.02714
0.04008
0.02705
0.0275
0.03142
0.0293
0.05038
0.03202
0.03561
0.03148
0.02993
0.04226
0.02939
0.0292
0.02931
0.02918
0.04237
0.02965
0.02942
0.02928
0.02931
0.04235
0.02946
0.03105
0.03111
0.02842
0.04919
0.02916
0.02871
0.02857
0.02869
0.04174
0.02873
0.02867
0.02909
0.03103
0.04174
0.02873
0.02881
0.02865
0.0289
0.04454
0.03094
0.02874
0.02891
0.02883
0.05008
0.0288
0.02981
0.02874
0.02869
0.04192
0.02937
0.03113
0.03122
0.02968
0.04198
0.0299
0.03157
0.02884
0.02872
0.04202
0.0289
0.02865
0.02869
0.0287
0.05208
0.03057
0.02906
0.02901
0.02883
0.04189
0.02893
0.02874
0.0287
0.02864
0.04199
0.02865
0.02866
0.02921
0.03112
0.04185
0.02865
0.02864
0.02861
0.02864
0.04942
0.02892
0.02879
0.02863
0.02916
0.04229
0.02872
0.02868
0.0287
0.02876
0.04208
0.0287
0.0287
0.02867
0.02864
0.04282
0.03123
0.03017
0.02882
0.02877
0.05023
0.02919
0.0297
0.02901
0.02894
0.04237
0.02895
0.02871
0.02887
0.02866
0.04211
0.02887
0.02898
0.02874
0.02884
0.04194
0.02902
0.0288
0.02888
0.02872
0.0496
0.02874
0.0305
0.02881
0.02884
0.04221
0.02935
0.02916
0.02884
0.02882
0.0421
0.02866
0.02874
0.02857
0.02867
0.04197
0.0289
0.02889
0.0287
0.02858
0.04972
0.02883
0.02875
0.02859
0.02866
0.04268
0.03002
0.02983
0.02895
0.02886
0.04614
0.0289
0.02883
0.02879
0.0288
0.04249
0.02889
0.02955
0.03146
0.03058
0.05025
0.02875
0.02868
0.02864
0.02874
0.04202
0.0287
0.02854
0.02864
0.02881
0.04211
0.02873
0.02869
0.02862
0.02861
0.04187
0.02874
0.02854
0.02885
0.02906
0.05003
0.02894
0.02872
0.0288
0.02867
0.04199
0.02866
0.02872
0.02882
0.0286
0.04204
0.02887
0.02869
0.02856
0.02869
0.04177
0.02862
0.02851
0.02863
0.02943
0.04952
0.03128
0.03146
0.031
0.02878
0.04169
0.0288
0.03086
0.02866
0.02856
0.04179
0.0289
0.02864
0.02862
0.02886
0.04421
0.02966
0.02859
0.02894
0.031
0.05186
0.02949
0.0289
0.02876
0.02879
0.04253
0.02883
0.02875
0.02882
0.02879
0.04237
0.02912
0.0289
0.02882
0.02893
0.04174
0.02744
0.02741
0.02738
0.02712
0.04832
0.02723
0.0275
0.02712
0.0271
0.04019
0.02709
0.02696
0.02707
0.02699
0.04
0.02706
0.02707
0.02707
0.02725
0.04019
0.02724
0.02708
0.02721
0.02707
0.04768
0.02741
0.02722
0.02849
0.02792
0.04041
0.02704
0.02705
0.02708
0.02701
0.04009
0.02701
0.02704
0.02707
0.02718
0.0402
0.02722
0.02714
0.02712
0.02703
0.04766
0.02747
0.02725
0.0271
0.02713
0.04023
0.02742
0.02724
0.02724
0.02705
0.04026
0.0273
0.02705
0.027
0.02718
0.04021
0.02727
0.02713
0.02741
0.02712
0.04761
0.0273
0.03475
0.0316
0.03093
0.04393
0.02745
0.02713
0.02723
0.0272
0.04028
0.0273
0.02717
0.02709
0.0271
0.0402
0.02737
0.02707
0.02706
0.02707
0.04782
0.02844
0.03089
0.03064
0.02884
0.04194
0.029
0.02875
0.02887
0.02871
0.04212
0.02883
0.02886
0.02892
0.02883
0.04192
0.02897
0.02875
0.02882
0.02873
0.04947
0.02919
0.02895
0.02883
0.0288
0.04197
0.0289
0.02882
0.02889
0.02889
0.04232
0.03107
0.02896
0.02847
0.02852
0.04164
0.02869
0.02846
0.02884
0.03129
0.04947
0.02913
0.03108
0.02862
0.02846
0.0415
0.02913
0.03112
0.03118
0.02867
0.04199
0.02994
0.0312
0.03065
0.02901
0.04152
0.02877
0.02838
0.02857
0.02841
0.04901
0.02865
0.02862
0.02883
0.02882
0.04179
0.02877
0.02853
0.02857
0.02852
0.04215
0.02907
0.031
0.03114
0.03102
0.04248
0.02898
0.02886
0.02889
0.02888
0.05032
0.02932
0.02973
0.02914
0.02934
0.04187
0.02905
0.02875
0.02881
0.02749
0.04076
0.02771
0.02762
0.02746
0.02793
0.04079
0.02785
0.02758
0.02761
0.02751
0.0481
0.02754
0.02755
0.02872
0.02869
0.04185
0.0294
0.02888
0.02889
0.02878
0.04268
0.02904
0.03051
0.03031
0.03041
0.04366
0.03018
0.0285
0.02847
0.02831
0.0489
0.02853
0.0284
0.02833
0.02849
0.04145
0.02867
0.02946
0.03057
0.02706
0.04074
0.02847
0.02841
0.02835
0.02838
0.04144
0.02863
0.02866
0.03065
0.02709
0.04757
0.02743
0.02712
0.02691
0.02703
0.04009
0.0273
0.02709
0.02704
0.02751
0.04021
0.02717
0.02704
0.02833
0.02843
0.04142
0.02842
0.0284
0.02881
0.03077
0.05104
0.02743
0.02713
0.0276
0.02837
0.04138
0.02882
0.02839
0.02859
0.03034
0.04347
0.02872
0.02847
0.0285
0.02844
0.0415
0.02846
0.02908
0.02918
0.02916
0.05007
0.02977
0.02999
0.02929
0.02989
0.04406
0.02906
0.02913
0.02916
0.02902
0.04263
0.03083
0.02935
0.02924
0.02922
0.04247
0.02919
0.02925
0.02921
0.02911
0.05074
0.0294
0.02955
0.02916
0.02925
0.04252
0.02926
0.02916
0.02918
0.02907
0.04252
0.02922
0.02965
0.02913
0.02917
0.04236
0.02918
0.02899
0.02921
0.02906
0.05004
0.0297
0.03144
0.03163
0.02943
0.04258
0.02937
0.02923
0.02927
0.02926
0.04262
0.02947
0.02936
0.03019
0.03124
0.04441
0.03112
0.03113
0.03114
0.02902
0.04983
0.02942
0.02921
0.02938
0.02918
0.04249
0.0292
0.02778
0.02765
0.02751
0.04089
0.0277
0.02759
0.02761
0.02779
0.04115
0.02777
0.02758
0.02761
0.02757
0.0484
0.02775
0.02771
0.0275
0.02884
0.041
0.02776
0.02744
0.02767
0.0275
0.04064
0.02765
0.02888
0.02894
0.02871
0.04184
0.02925
0.02881
0.02878
0.02861
0.04926
0.04269
0.03309
0.03165
0.03167
0.04248
0.02916
0.02895
0.02884
0.02869
0.04217
0.03036
0.03048
0.02899
0.02731
0.04021
0.02738
0.02725
0.02724
0.02722
0.04773
0.02737
0.02721
0.02725
0.02719
0.04015
0.02741
0.02723
0.02728
0.02718
0.0403
0.02725
0.02722
0.0271
0.02727
0.04025
0.02733
0.02713
0.02721
0.02739
0.04783
0.0274
0.02721
0.02715
0.02726
0.0401
0.02745
0.02721
0.02727
0.02844
0.04188
0.02876
0.02728
0.02724
0.02721
0.04025
0.02737
0.02717
0.02758
0.03077
0.05005
0.02765
0.02727
0.02707
0.02715
0.0402
0.02725
0.02709
0.02716
0.02713
0.04021
0.02703
0.02729
0.02741
0.02718
0.04017
0.02715
0.02715
0.02721
0.02711
0.04768
0.0271
0.02721
0.02711
0.02736
0.04028
0.02715
0.02709
0.02715
0.0271
0.04029
0.02732
0.02717
0.02714
0.02829
0.04176
0.02885
0.02728
0.02737
0.02718
0.04762
0.02774
0.02814
0.02739
0.02732
0.04014
0.02768
0.02721
0.02718
0.02721
0.04034
0.02733
0.02731
0.02724
0.02727
0.04034
0.02721
0.02893
0.03126
0.02897
0.04795
0.02729
0.02726
0.02726
0.02732
0.04031
0.02741
0.02726
0.02718
0.02814
0.04046
0.0274
0.02731
0.02709
0.02722
0.04035
0.02734
0.02711
0.02726
0.02757
0.04775
0.02736
0.02722
0.0272
0.02722
0.04033
0.0272
0.02716
0.02719
0.02711
0.04058
0.03135
0.03149
0.03119
0.03134
0.04426
0.0281
0.02714
0.02722
0.02714
0.04768
0.02724
0.02751
0.0272
0.02721
0.04032
0.02746
0.02723
0.02723
0.02713
0.04032
0.02744
0.0272
0.02715
0.02734
0.04044
0.02723
0.02714
0.02739
0.0271
0.0477
0.02721
0.02728
0.02709
0.02718
0.04052
0.02724
0.02709
0.02733
0.0275
0.0417
0.02873
0.02864
0.0285
0.02861
0.04176
0.03035
0.03066
0.02913
0.0291
0.04958
0.02971
0.03213
0.02926
0.02915
0.04226
0.03338
0.0305
0.02868
0.02848
0.04188
0.02882
0.02856
0.0285
0.02865
0.0416
0.02858
0.02857
0.02903
0.02863
0.04941
0.02939
0.02885
0.02869
0.02879
0.04215
0.02893
0.02886
0.02904
0.02926
0.04194
0.02869
0.02878
0.02854
0.0287
0.04185
0.02865
0.02862
0.02872
0.0286
0.05114
0.02889
0.02874
0.02841
0.02864
0.04155
0.02861
0.02847
0.02852
0.02847
0.04166
0.02871
0.02862
0.0285
0.02863
0.04166
0.02863
0.02842
0.02843
0.02848
0.04886
0.02901
0.02886
0.02874
0.02868
0.04164
0.02887
0.02728
0.02742
0.02723
0.04036
0.02735
0.02721
0.02751
0.02734
0.04031
0.02737
0.02729
0.02727
0.0271
0.04813
0.02752
0.02719
0.02712
0.02748
0.0403
0.02805
0.02852
0.02854
0.02854
0.04164
0.02867
0.02859
0.02861
0.02867
0.04179
0.02865
0.02861
0.02855
0.02861
0.04907
0.03624
0.03256
0.02733
0.0284
0.04179
0.02875
0.0285
0.02859
0.02845
0.04161
0.02869
0.02862
0.02861
0.02862
0.04196
0.02916
0.02875
0.02863
0.02879
0.04911
0.02882
0.02865
0.02857
0.02872
0.04174
0.02886
0.02883
0.02872
0.0286
0.04172
0.02869
0.02868
0.02856
0.02851
0.04154
0.02863
0.02847
0.02894
0.02856
0.04904
0.02876
0.02854
0.02848
0.02851
0.04161
0.02861
0.02849
0.02858
0.02861
0.04168
0.02843
0.02855
0.02853
0.02858
0.04172
0.02894
0.02864
0.02869
0.02856
0.04934
0.02866
0.02862
0.02858
0.02859
0.04153
0.02869
0.0285
0.02859
0.02849
0.0416
0.02909
0.0287
0.02851
0.02859
0.04196
0.02861
0.02851
0.0286
0.02847
0.04915
0.02871
0.02889
0.02861
0.02856
0.04163
0.02867
0.02846
0.02853
0.02853
0.04164
0.0287
0.02858
0.02871
0.02868
0.04169
0.02872
0.02747
0.02721
0.02707
0.04762
0.02765
0.02773
0.02728
0.02739
0.04022
0.02715
0.0271
0.02715
0.02702
0.04021
0.02714
0.02716
0.0271
0.02717
0.04036
0.02719
0.02705
0.02716
0.02705
0.04761
0.02727
0.02721
0.0277
0.02853
0.0421
0.02927
0.02853
0.02848
0.02841
0.04145
0.02844
0.0285
0.02841
0.02842
0.04164
0.02847
0.02882
0.02877
0.02856
0.049
0.02877
0.0286
0.02849
0.02857
0.04163
0.02871
0.02889
0.02924
0.02881
0.04177
0.02887
0.02885
0.02868
0.02883
0.04208
0.03073
0.02858
0.0287
0.02878
0.04912
0.02893
0.0286
0.0286
0.02864
0.04178
0.02866
0.02858
0.02867
0.02861
0.04192
0.02862
0.02864
0.0286
0.02863
0.04177
0.02872
0.02869
0.02865
0.02903
0.04937
0.02865
0.02864
0.02856
0.02867
0.04229
0.02879
0.02876
0.0286
0.02861
0.04174
0.02894
0.0291
0.03085
0.02885
0.04207
0.02917
0.02888
0.02896
0.02886
0.04952
0.0293
0.02958
0.02938
0.02887
0.04186
0.02882
0.02879
0.0288
0.02877
0.04203
0.02909
0.02882
0.02914
0.0289
0.04198
0.02938
0.0288
0.02884
0.02882
0.04942
0.0288
0.02884
0.02887
0.02911
0.04192
0.02891
0.02878
0.02893
0.02884
0.04185
0.02904
0.02883
0.02875
0.02926
0.04423
0.02868
0.02832
0.02847
0.02827
0.0489
0.02843
0.02836
0.02852
0.02831
0.04157
0.0285
0.02829
0.02828
0.02838
0.04147
0.02838
0.02843
0.02833
0.02847
0.04133
0.02861
0.02896
0.02857
0.02839
0.04893
0.0287
0.0285
0.02834
0.02836
0.04143
0.02865
0.02839
0.02848
0.0287
0.04156
0.0285
0.02842
0.0283
0.02835
0.04141
0.02865
0.02839
0.02842
0.02833
0.05049
0.03054
0.02863
0.02835
0.0285
0.0415
0.02865
0.02837
0.02846
0.02844
0.04156
0.02892
0.0287
0.02849
0.02844
0.04151
0.02873
0.0284
0.02846
0.02834
0.04896
0.02777
0.03542
0.02867
0.02727
0.0405
0.02735
0.02726
0.02724
0.02734
0.04052
0.02736
0.02727
0.02906
0.02868
0.04184
0.02872
0.02859
0.02854
0.02854
0.04935
0.02856
0.02871
0.02732
0.02787
0.04028
0.02709
0.02713
0.02716
0.02712
0.04017
0.02726
0.02715
0.02704
0.02715
0.04014
0.02786
0.02882
0.02869
0.0286
0.04914
0.0287
0.02867
0.02863
0.02866
0.04207
0.02914
0.02902
0.02871
0.02882
0.04191
0.02894
0.0287
0.0289
0.03083
0.04342
0.02885
0.02885
0.02889
0.02871
0.04944
0.02899
0.02902
0.02865
0.0287
0.04175
0.02864
0.02893
0.02899
0.02861
0.04185
0.02866
0.02868
0.02856
0.02749
0.04049
0.02732
0.02742
0.02719
0.02791
0.04924
0.02915
0.02877
0.02864
0.02881
0.04177
0.02874
0.02861
0.0288
0.02867
0.04225
0.02898
0.02892
0.02866
0.02887
0.04228
0.02903
0.02875
0.02887
0.02864
0.04976
0.02919
0.02988
0.02907
0.02888
0.04182
0.02902
0.02874
0.02886
0.02871
0.04178
0.02883
0.02919
0.02904
0.02877
0.04189
0.02887
0.0288
0.02877
0.02869
0.04919
0.02911
0.02848
0.02771
0.02736
0.04038
0.02762
0.02747
0.02753
0.02752
0.04055
0.02773
0.02747
0.02727
0.0276
0.04047
0.02749
0.02808
0.02871
0.02886
0.04924
0.02962
0.02889
0.0287
0.02879
0.04215
0.02905
0.02868
0.02888
0.0287
0.04184
0.02867
0.02877
0.02877
0.02878
0.04252
0.02933
0.02903
0.02877
0.02866
0.04931
0.02906
0.02877
0.02873
0.02871
0.04186
0.02872
0.02906
0.02922
0.02907
0.04215
0.02899
0.02907
0.02902
0.02769
0.04067
0.02762
0.02769
0.02867
0.02774
0.04999
0.03068
0.02923
0.0292
0.02914
0.04221
0.02911
0.02905
0.02916
0.0291
0.04213
0.02928
0.02925
0.02912
0.02931
0.04435
0.03121
0.03115
0.03127
0.03128
0.05211
0.03033
0.03029
0.03219
0.03183
0.04214
0.02927
0.02908
0.02912
0.02921
0.04339
0.03198
0.03195
0.02871
0.02804
0.04111
0.0283
0.02809
0.0281
0.02806
0.04867
0.02859
0.02812
0.02802
0.02814
0.0412
0.02814
0.028
0.02803
0.02798
0.04107
0.02855
0.02851
0.02824
0.02809
0.04119
0.02827
0.02814
0.02861
0.02806
0.04854
0.02832
0.02807
0.028
0.02832
0.04128
0.02836
0.02815
0.02787
0.02777
0.0408
0.028
0.02779
0.02776
0.02793
0.04134
0.0281
0.02782
0.02784
0.02783
0.04839
0.0281
0.02802
0.02788
0.02786
0.04263
0.03249
0.03206
0.02951
0.02953
0.04276
0.02951
0.02969
0.02946
0.02949
0.04272
0.02982
0.0301
0.03013
0.03183
0.05234
0.02939
0.02921
0.02916
0.02911
0.04237
0.02937
0.0299
0.02954
0.02914
0.04218
0.02904
0.02918
0.02911
0.02924
0.04224
0.02932
0.02922
0.02925
0.02807
0.0483
0.037
0.03474
0.03184
0.03155
0.04294
0.02978
0.02971
0.02967
0.02992
0.04308
0.02979
0.02957
0.02952
0.02951
0.04303
0.02955
0.02946
0.02981
0.02935
0.0506
0.02968
0.02944
0.02963
0.03178
0.04274
0.03191
0.03179
0.03175
0.03152
0.0415
0.02805
0.0281
0.02804
0.02803
0.04118
0.0281
0.02801
0.02796
0.02809
0.04864
0.02847
0.02796
0.02802
0.02794
0.04118
0.02809
0.02798
0.02802
0.02817
0.04109
0.02802
0.03174
0.03091
0.02936
0.04248
0.02944
0.02948
0.02952
0.02943
0.04983
0.02959
0.03068
0.02955
0.0295
0.04254
0.02973
0.02942
0.02951
0.02947
0.04254
0.02948
0.0303
0.02968
0.02963
0.04262
0.02973
0.02955
0.02945
0.02935
0.04978
0.02929
0.02919
0.02996
0.02947
0.04244
0.02972
0.03163
0.02978
0.02922
0.04244
0.02923
0.02942
0.0294
0.03088
0.04276
0.02943
0.02932
0.02927
0.02927
0.05056
0.02983
0.03034
0.02945
0.02953
0.04292
0.02933
0.02925
0.0293
0.02932
0.04271
0.02956
0.02935
0.02929
0.02934
0.04297
0.02934
0.02977
0.03171
0.0316
0.05295
0.02975
0.02978
0.02962
0.02963
0.0442
0.0298
0.02959
0.03016
0.03177
