0.24339
0.05898
0.0554
0.05543
0.05962
0.06348
0.05326
0.05336
0.0533
0.05366
0.06286
0.05351
0.05343
0.05344
0.05375
0.06636
0.05594
0.05576
0.0559
0.05568
0.07813
0.0557
0.05604
0.05589
0.05598
0.03969
0.04023
0.0397
0.0397
0.05575
0.0719
0.05607
0.05603
0.05648
0.05675
0.07544
0.0558
0.05571
0.06002
0.05885
0.08176
0.05636
0.05783
0.05659
0.05686
0.07229
0.0585
0.05639
0.05674
0.05677
0.07387
0.05658
0.0564
0.0565
0.05821
0.07228
0.05647
0.05631
0.05786
0.05652
0.08183
0.05636
0.05738
0.05685
0.05662
0.07245
0.05701
0.05659
0.05657
0.05651
0.07638
0.05642
0.0566
0.05616
0.05684
0.07227
0.05623
0.05653
0.05714
0.05613
0.08159
0.05652
0.05707
0.05639
0.0564
0.07228
0.05664
0.05655
0.05621
0.05645
0.07295
0.05633
0.0565
0.05649
0.05753
0.07257
0.05656
0.05818
0.05639
0.05637
0.08176
0.06511
0.05939
0.0559
0.05621
0.07334
0.05605
0.05619
0.0591
0.05771
0.07227
0.05606
0.05614
0.05652
0.05608
0.07223
0.05617
0.05676
0.05601
0.05636
0.08173
0.0568
0.05615
0.05606
0.05621
0.07235
0.05633
0.05612
0.05632
0.0571
0.07223
0.05615
0.05625
0.05663
0.05814
0.07435
0.05623
0.05612
0.05599
0.05826
0.08163
0.05605
0.05612
0.05618
0.05748
0.07191
0.05613
0.05642
0.05661
0.05646
0.07221
0.05649
0.05707
0.05651
0.05665
0.07231
0.05726
0.05918
0.05684
0.05685
0.08264
0.06236
0.05675
0.05698
0.05676
0.07252
0.05674
0.0572
0.05687
0.05862
0.07541
0.05672
0.05618
0.05632
0.05613
0.07273
0.05637
0.05651
0.05639
0.05696
0.08207
0.05665
0.05645
0.05703
0.05666
0.07248
0.05649
0.05623
0.0569
0.05638
0.0722
0.0564
0.05636
0.05626
0.05669
0.07367
0.0565
0.05653
0.05747
0.05685
0.08484
0.05796
0.06262
0.05707
0.05735
0.07288
0.05805
0.05748
0.0635
0.05752
0.07362
0.05759
0.05847
0.05802
0.04763
0.07858
0.05781
0.0592
0.05757
0.05759
0.08355
0.06569
0.06688
0.05757
0.05758
0.08002
0.06425
0.05692
0.05858
0.05699
0.077
0.05722
0.05739
0.05785
0.05742
0.07344
0.05814
0.04703
0.04829
0.06711
0.07145
0.04563
0.0457
0.04572
0.05801
0.07321
0.05705
0.05755
0.05719
0.0571
0.07287
0.05725
0.05998
0.05752
0.05727
0.07366
0.05769
0.05717
0.05712
0.058
0.08254
0.05721
0.0573
0.05771
0.05723
0.0747
0.05745
0.05767
0.05747
0.06273
0.0739
0.04587
0.04584
0.04587
0.04583
0.06215
0.04801
0.046
0.04596
0.04638
0.0713
0.04617
0.04593
0.04627
0.04613
0.06189
0.04625
0.04645
0.04831
0.04558
0.07467
0.05944
0.05815
0.05817
0.05848
0.07473
0.05803
0.05798
0.06058
0.0583
0.08638
0.06738
0.05864
0.05971
0.0576
0.07322
0.05998
0.05809
0.05741
