0.20599
0.03204
0.03353
0.03076
0.03024
0.03944
0.03248
0.03262
0.03225
0.03118
0.04245
0.03143
0.03073
0.03086
0.03087
0.04186
0.03071
0.03092
0.0328
0.03065
0.04903
0.03092
0.03085
0.03158
0.03104
0.04407
0.03114
0.03084
0.03008
0.02992
0.04299
0.03013
0.03095
0.03168
0.03288
0.04421
0.02952
0.02957
0.02951
0.02953
0.04998
0.02965
0.02941
0.0294
0.02928
0.04269
0.02996
0.03108
0.03306
0.03257
0.04422
0.03098
0.03131
0.03313
0.0321
0.04316
0.03083
0.03015
0.03103
0.0313
0.0535
0.03308
0.03285
0.03089
0.03084
0.04396
0.03149
0.03122
0.03009
0.03006
0.04314
0.02877
0.02856
0.02874
0.02881
0.0418
0.02897
0.02879
0.02936
0.02873
0.04946
0.02886
0.02871
0.02862
0.02865
0.04208
0.02886
0.02879
0.02899
0.03001
0.04348
0.0304
0.03014
0.03
0.03066
0.04631
0.03107
0.03091
0.03091
0.0309
0.05197
0.03181
0.03207
0.03127
0.03105
0.04423
0.0309
0.03093
0.03101
0.03313
0.04623
0.03086
0.03084
0.03068
0.0307
0.04394
0.03072
0.03078
0.03083
0.03089
0.05056
0.03025
0.02995
0.02993
0.02981
0.04292
0.02993
0.02986
0.02971
0.03085
0.04292
0.02998
0.02981
0.03007
0.03
0.04288
0.02995
0.02942
0.03011
0.02936
0.04995
0.03025
0.02989
0.03129
0.0303
0.043
0.02986
0.02975
0.03068
0.03073
0.04369
0.0307
0.03077
0.03057
0.03057
0.04371
0.03089
0.03092
0.03278
0.03228
0.05293
0.03058
0.0303
0.03025
0.03032
0.04371
0.03054
0.03023
0.03023
0.03029
0.04348
0.03039
0.0303
0.03038
0.03033
0.0435
0.03034
0.03053
0.03037
0.03027
0.05068
0.03047
0.03026
0.03033
0.03039
0.04351
0.03069
0.03022
0.0305
0.03032
0.04346
0.03043
0.03094
0.03274
0.03191
0.04351
0.03059
0.03047
0.03039
0.03064
0.05108
0.03117
0.03654
0.03454
0.03303
0.0459
0.03301
0.02971
0.02961
0.03038
0.04262
0.02971
0.02961
0.02872
0.02863
0.04182
0.02996
0.02966
0.02968
0.02953
0.05096
0.03007
0.02951
0.02945
0.02959
0.04271
0.02976
0.02954
0.02966
0.02943
0.04288
0.03046
0.03076
0.03065
0.03061
0.04362
0.031
0.03239
0.03233
0.03587
0.05636
0.03588
0.03263
0.03259
0.03257
0.04571
0.03262
0.03238
0.03247
0.0325
0.04542
0.03638
0.03582
0.03557
0.03576
0.04864
0.03395
0.0306
0.03066
0.03074
0.05097
0.03119
0.0311
0.03091
0.03063
0.04387
0.03067
0.02953
0.02954
0.0293
0.04266
0.02956
0.03129
0.03236
0.03075
0.04367
0.0308
0.03092
0.03089
0.03084
0.0513
0.03113
0.03117
0.03212
0.03344
0.04623
0.03319
0.02979
0.02965
0.02963
0.04262
0.02954
0.02961
0.02949
0.02952
0.04282
0.02959
0.0295
0.02942
0.0295
0.05
0.03
0.03278
0.03017
0.03
0.0433
0.03107
0.03092
0.03099
0.0308
0.04311
0.02881
0.02972
0.02977
0.02938
0.04264
0.02943
0.02976
0.02961
0.02935
0.05015
0.02962
0.02946
0.02938
0.02939
0.04563
0.03279
0.03271
0.03033
0.0296
0.04262
0.02968
0.02966
0.02973
0.02961
0.04259
0.02961
0.0294
0.02936
0.03055
0.05012
0.02987
0.02959
0.0294
0.02962
0.04272
0.02977
0.02961
0.02958
0.02972
0.04421
0.03116
0.03096
0.03101
0.03099
0.04322
0.03102
0.03098
0.03094
0.03099
0.05119
0.03108
0.03021
0.02999
0.03114
0.04402
0.03025
0.03085
0.03093
0.0309
0.04392
0.03108
0.03149
0.03109
0.03093
0.04395
0.03096
0.03088
0.03098
0.03094
0.05137
0.0313
0.03103
0.03161
0.03098
0.04404
0.03046
0.031
0.03103
0.02991
0.04426
0.02997
0.03021
0.0321
0.03046
0.04317
0.0302
0.03123
0.03209
0.03249
0.05138
0.03157
0.03095
0.02945
0.02933
0.04297
0.02972
0.02934
0.02935
0.0294
0.0427
0.02955
0.02942
0.02851
0.02945
0.04304
0.02973
0.0296
0.02961
0.02866
0.04912
0.02877
0.02848
0.02942
0.03085
0.04622
0.03315
0.03379
0.03092
0.03074
0.04388
0.03092
0.03098
0.03097
0.03034
0.0448
0.03265
0.03016
0.03093
0.0305
0.05088
0.0306
0.02946
0.02938
0.02946
0.04241
0.02979
0.02951
0.02961
0.02967
0.0425
0.02966
0.03059
0.03022
0.03015
0.04319
0.03045
0.03031
0.03033
0.03043
0.05233
0.03297
0.03061
0.02957
0.03055
0.04294
0.02974
0.03013
0.03237
0.03222
0.0467
0.03054
0.03045
0.03121
0.03128
0.04427
0.03141
0.03115
0.03161
0.03223
0.05256
0.03062
0.03037
0.03023
0.03012
0.04325
0.03046
0.03218
0.03133
0.03011
0.04437
0.03134
0.03216
0.03139
0.03142
0.04323
0.03011
0.03009
0.03011
0.03003
0.05069
0.03045
0.03886
0.03478
0.0301
0.04301
0.02991
0.02995
0.02998
0.02992
0.04297
0.0309
0.03085
0.03083
0.03108
0.04316
0.03011
0.02999
0.02987
0.03084
0.05045
0.03029
0.02999
0.02988
0.02992
0.0432
0.03032
0.03104
0.03112
0.03107
0.04418
0.03095
0.03106
0.03111
0.03113
0.0441
0.03133
0.03104
0.03114
0.03099
0.05144
0.03012
0.03007
0.03
0.03009
0.043
0.03013
0.03035
0.03013
0.03007
0.04321
0.03005
0.03004
0.03009
0.03005
0.0432
0.03016
0.03025
0.03118
0.03272
0.05206
0.03007
0.03017
0.03012
0.0301
0.04311
0.03021
0.03011
0.03009
0.03051
0.04603
0.03274
0.03267
0.03172
0.03007
0.04332
0.03028
0.03005
0.0301
0.0314
0.05453
0.03251
0.0324
0.03243
0.03209
0.04519
0.02983
0.02968
0.02965
0.03014
0.04535
0.03222
0.03208
0.0323
0.0318
0.04493
0.03021
0.03019
0.03015
0.03011
0.05159
0.03326
0.03427
0.03189
0.0301
0.04344
0.03003
0.02908
0.02909
0.02905
0.04229
0.03061
0.02906
0.02898
0.02889
0.04217
0.02895
0.02884
0.02889
0.02887
0.05087
0.03029
0.02978
0.02999
0.02993
0.04337
0.0298
0.0299
0.0299
0.02979
0.04269
0.02987
0.02962
0.02963
0.03238
0.04663
0.03113
0.03116
0.03021
0.03122
0.05398
0.03312
0.03289
0.03289
0.03165
0.04291
0.02999
0.02877
0.02895
0.02898
0.04149
0.02841
0.02844
0.02843
0.02837
0.04166
0.02884
0.02845
0.02832
0.02843
0.04952
0.02929
