0.20673
0.03321
0.03538
0.03349
0.03702
0.04392
0.0349
0.03517
0.03521
0.03504
0.04537
0.03549
0.03522
0.03525
0.0353
0.043
0.03236
0.03174
0.03194
0.03161
0.04743
0.02911
0.02918
0.03306
0.03371
0.04589
0.03051
0.03061
0.03023
0.03243
0.0442
0.03165
0.0307
0.03114
0.03102
0.0447
0.03066
0.03103
0.03087
0.03225
0.05495
0.031
0.03118
0.03347
0.03259
0.04479
0.03065
0.03177
0.031
0.03359
0.04447
0.03038
0.03206
0.03039
0.02975
0.04445
0.03044
0.0322
0.02966
0.03167
0.05216
0.03033
0.0324
0.0311
0.02978
0.04375
0.02987
0.0299
0.02975
0.03149
0.04368
0.02954
0.02973
0.02942
0.0293
0.04325
0.02941
0.02925
0.02979
0.03067
0.05006
0.02844
0.02861
0.02819
0.02825
0.0416
0.02943
0.02971
0.03018
0.02959
0.04472
0.02962
0.0298
0.03337
0.03381
0.04598
0.03019
0.02987
0.03168
0.0301
0.05413
0.03886
0.03213
0.03003
0.02975
0.04443
0.03101
0.03522
0.03523
0.03264
0.04757
0.03373
0.03346
0.03496
0.03086
0.04343
0.03085
0.03263
0.03038
0.03684
0.0499
0.03114
0.03186
0.03395
0.0339
0.04554
0.03093
0.03852
0.04016
0.03365
0.05122
0.03051
0.03038
0.03619
0.03623
0.0502
0.03209
0.03796
0.03427
0.03109
0.0489
0.03267
0.03273
0.03246
0.03042
0.04539
0.03125
0.03353
0.03336
0.03069
0.04493
0.03253
0.02994
0.03055
0.02985
0.04339
0.03202
0.03293
0.03281
0.03258
0.05279
0.02975
0.02975
0.02974
0.03008
0.04336
0.02992
0.02983
0.02934
0.02929
0.04642
0.03063
0.02981
0.02913
0.02937
0.04255
0.03121
0.02918
0.02939
0.02931
0.05086
0.02932
0.02899
0.029
0.02895
0.04267
0.03015
0.03129
0.02897
0.02905
0.04238
0.02894
0.02901
0.02925
0.02885
0.04277
0.02887
0.02995
0.03113
0.03103
0.05228
0.03841
0.03487
0.02885
