0.2199
0.03334
0.03355
0.03298
0.03305
0.04147
0.03263
0.03265
0.03326
0.03561
0.0429
0.03332
0.03322
0.03316
0.03311
0.04441
0.03325
0.03355
0.03345
0.0336
0.05144
0.03376
0.03364
0.03362
0.03334
0.04672
0.03347
0.0338
0.0341
0.03611
0.04906
0.03017
0.03026
0.03016
0.03012
0.0431
0.03023
0.03021
0.03036
0.0305
0.05235
0.03067
0.03076
0.03067
0.0307
0.04407
0.03065
0.03056
0.03059
0.03109
0.04417
0.03062
0.03062
0.0306
0.03065
0.04408
0.03063
0.03056
0.03079
0.03114
0.05448
0.03109
0.03101
0.031
0.0341
0.04732
0.03426
0.03604
0.03601
0.03484
0.04752
0.03368
0.03378
0.0338
0.03393
0.04719
0.03381
0.03369
0.03374
0.036
0.05562
0.0342
0.03397
0.03401
0.03398
0.04783
0.03386
0.03392
0.03399
0.03434
0.04811
0.03386
0.03607
0.03661
0.03545
0.04746
0.03338
0.03355
0.03399
0.03367
0.05675
0.03435
0.03448
0.034
0.03337
0.04717
0.03338
0.03334
0.0339
0.03376
0.047
0.03324
0.03345
0.03327
0.03326
0.04684
0.03344
0.03332
0.03352
0.03362
0.05505
0.0335
0.03337
0.03362
0.03335
0.04713
0.03343
0.03277
0.0342
0.03319
0.04688
0.03315
0.03307
0.03327
0.03317
0.04682
0.03325
0.0322
0.03239
0.03194
0.05472
0.03217
0.03213
0.03212
0.03179
0.04555
0.03188
0.03186
0.03195
0.03218
0.04544
0.03202
0.03199
0.03195
0.03198
0.04547
0.03181
0.03175
0.03213
0.03199
0.05325
0.03187
0.03191
0.03237
0.03265
0.04561
0.0329
0.03333
0.03367
0.03212
0.04561
0.03193
0.03192
0.03174
0.03185
0.04552
0.03191
0.03212
0.03205
0.03182
0.05363
0.03217
0.03211
0.03291
0.03206
0.04612
0.03195
0.03216
0.03251
0.03252
0.04601
0.03223
0.03515
0.03688
0.02947
0.04638
0.03235
0.03248
0.0339
0.03362
0.05524
0.03281
0.03034
0.02916
0.02913
0.04606
0.029
0.03244
0.03263
0.0324
0.04643
0.03229
0.03245
0.03282
0.02908
0.04294
0.02906
0.03238
0.0323
0.033
0.05474
0.03587
0.03388
0.03384
0.03387
0.04751
0.03386
0.03374
0.03404
0.03399
0.04752
0.03068
0.03391
0.03061
0.03386
0.04444
0.03299
0.03332
0.03286
0.03078
0.05218
0.03101
0.0311
0.03295
0.03111
0.04424
0.03051
0.03062
0.03045
0.03029
0.04305
0.02939
0.02932
0.02933
0.02945
0.04338
0.02948
0.02948
0.02946
0.02952
0.05106
0.0294
0.02949
0.02929
0.02921
0.04584
0.0326
0.03252
0.03292
0.03261
0.0464
0.03252
0.03268
0.0325
0.03264
0.04585
0.03272
0.03413
0.03402
0.03383
0.05536
0.03419
0.03363
0.03398
0.03383
0.04731
0.03406
0.03373
0.03383
0.03399
0.04746
0.03381
0.03377
0.03488
0.03644
0.04712
0.03405
0.03387
0.0341
0.03494
0.05837
0.03449
0.05609
0.03699
0.03373
0.04774
0.03366
0.03353
0.03357
0.03393
0.04831
0.03382
0.03423
0.0337
0.03355
0.04794
0.03365
0.0337
0.03445
0.03374
0.05623
0.03348
0.03353
0.03351
0.03359
0.04834
0.03385
0.03359
0.03396
0.03371
0.04802
0.03349
0.03351
0.0334
0.03365
0.04813
0.03349
0.03349
0.03406
0.03364
0.05664
0.03335
0.03329
0.03314
0.03349
0.04697
0.0334
0.03372
0.03357
0.03352
0.04728
0.03375
0.03364
0.03382
0.03363
0.04764
0.0304
0.03067
0.03053
0.03043
0.05226
0.03064
0.0306
0.03037
0.0302
0.04352
0.03357
0.03363
0.03391
0.03379
0.04708
0.03347
0.03026
0.03358
0.03342
0.04679
0.03339
0.03319
0.03381
0.03343
0.05439
0.03317
0.03319
0.03336
0.03337
0.04681
0.03346
0.03345
0.03626
0.03571
0.04919
0.03625
0.0355
0.03316
0.03307
0.04654
0.03308
0.0343
0.03395
0.0305
0.05302
0.03402
0.03556
0.03601
0.03551
0.04935
0.03569
0.03325
0.03319
0.03316
0.04679
0.03339
0.03338
0.03325
0.03332
0.04706
0.03421
0.03327
0.03292
0.03284
0.05461
0.0329
0.03284
0.03267
0.03268
0.0465
0.033
0.03259
0.03263
0.03283
0.04647
0.03288
0.02946
0.03047
0.03048
0.0436
0.01465
0.01458
0.01443
0.01439
0.01445
0.03036
0.01387
0.01363
0.01368
0.01362
0.02952
0.03079
0.01391
0.01372
0.01372
0.01489
0.01406
0.01377
0.01366
0.04484
0.03059
0.03005
0.03001
0.03
0.05135
0.0297
0.02979
0.03046
0.02969
0.04282
0.02948
0.02962
0.02941
0.02937
0.04326
0.0319
0.03155
0.03254
0.03263
0.04456
0.02937
0.03039
0.02931
0.03032
0.05108
0.03019
0.03019
0.03019
0.03077
0.04378
0.03033
0.02938
0.02941
0.02936
0.04502
0.02955
0.02957
0.02937
0.02946
0.04309
0.0295
0.02931
0.02932
0.03052
0.05026
0.03077
0.03075
0.02964
0.03039
0.04391
0.03068
0.02944
0.0295
0.0294
0.04201
0.02919
0.02821
0.02916
0.02816
0.04244
0.02854
0.02826
0.0291
0.02904
0.04892
0.02817
0.02912
0.02904
0.02902
0.0421
0.02917
0.02921
0.02928
0.02899
0.04226
0.02899
0.02911
0.02908
0.02935
0.04208
0.02895
0.02894
0.02924
0.02908
0.04972
0.02913
0.02909
0.02899
0.02898
0.04222
0.02904
0.02903
0.02918
0.02919
0.04237
0.02897
0.02883
0.02902
0.02882
0.04282
0.02882
0.02902
0.03221
0.02912
0.05335
0.02907
0.03043
0.03099
0.02906
0.04229
0.02891
0.02891
0.02915
0.03218
0.04249
0.0324
0.02892
0.02886
0.02917
0.04573
0.02901
0.02889
0.02894
0.02908
0.05118
0.03362
0.03024
0.03023
0.03043
0.04389
0.02964
0.02902
0.02902
0.02882
0.04226
0.02926
0.02893
0.02892
0.02911
0.0425
0.03224
0.03235
0.02899
0.02889
0.05166
0.03294
0.03746
0.03338
0.03042
0.04473
0.03038
0.03025
0.03039
0.03076
0.04616
0.03086
0.03064
0.03054
0.03057
0.04394
0.03064
0.03057
0.03068
0.0306
0.0519
0.03103
0.03104
0.03066
0.0306
0.04429
0.03051
0.03034
0.03038
0.03046
0.04439
0.03064
0.03075
0.03074
0.03076
0.04751
0.03048
0.03033
0.03034
0.0305
0.05232
0.0305
0.03167
0.0309
0.03059
0.04418
0.03063
0.03043
0.03061
0.03067
0.04404
0.03068
0.03064
0.03061
0.03059
0.04401
0.03041
0.03057
0.03047
0.03046
0.05172
0.03047
0.03048
0.03062
0.03053
0.044
0.03076
0.03253
0.03283
0.02915
0.04271
0.02904
0.02924
0.02981
0.03042
0.04373
0.0303
0.03039
0.0306
0.03258
0.05466
0.03269
0.03275
0.0327
0.03074
0.04428
0.03034
0.03043
0.03047
0.03035
0.0442
0.0304
0.03044
0.03102
0.03327
0.04452
0.03056
0.0304
0.03061
0.03036
0.05276
0.03092
0.03454
0.03092
0.03045
0.04754
0.03035
0.03709
0.03216
0.0303
0.04433
0.03052
0.03053
0.03075
0.03302
0.04646
0.03245
0.0305
0.03041
0.03034
0.05241
0.03047
0.03059
0.03159
0.03369
0.04658
0.03303
0.03302
0.03044
0.03054
0.04473
0.03313
0.03084
0.03121
0.03084
0.04453
0.03092
0.03129
0.03069
0.03062
0.05187
0.0306
0.03386
0.03106
0.03296
0.04387
0.03055
0.03051
0.03052
0.03055
0.04406
0.03051
0.03055
0.03037
0.03083
0.04418
0.0312
0.03334
0.0306
0.03035
0.05257
0.03053
0.03046
0.03055
0.03154
0.04425
0.03047
0.03056
0.03049
0.0306
0.04399
0.03026
0.03028
0.0302
0.03015
0.04395
0.03056
0.03037
0.0305
0.03043
0.05171
0.03047
0.03042
0.03045
0.03047
0.04428
0.03061
0.03037
0.03048
0.03047
0.04391
0.03026
0.03015
0.03025
0.03039
0.04376
0.03043
0.0302
0.03022
0.03012
0.05142
0.03072
0.03107
0.03065
0.03032
0.04369
0.03093
0.03047
0.03026
0.03028
0.04519
0.03331
0.03326
0.03676
0.03344
0.04673
0.0342
0.03357
0.03337
0.03352
0.05416
0.03258
0.03266
0.03249
0.03257
0.04593
0.03325
0.03287
0.03259
0.03259
0.04614
0.0325
0.03262
0.03262
0.03265
0.04606
0.03338
0.03273
0.0326
0.03275
0.05506
0.03283
0.03346
0.03542
0.03557
0.04971
0.03608
0.03402
0.03394
0.03374
0.04739
0.03382
0.03379
0.03374
0.03409
0.04745
0.03404
0.03373
0.03377
0.03376
0.0555
0.03376
0.03366
0.03359
0.03364
0.04731
0.03389
0.03366
0.03365
0.03358
0.04699
0.03353
0.03357
0.03355
0.03359
0.04726
0.03381
0.03445
0.03366
0.0336
0.05497
0.0335
0.03376
0.03362
0.03538
0.0489
0.03336
0.03325
0.03326
0.0318
0.04525
0.03166
0.03184
0.03181
0.03177
0.04611
0.03215
0.03184
0.03217
0.03216
0.05398
0.03256
0.04075
0.03606
0.0361
0.04912
0.032
0.0319
0.03557
0.03608
0.04751
0.03391
0.03423
0.03625
0.03482
0.04737
0.03367
0.03359
0.03378
0.03448
0.05509
0.0337
0.03228
0.03238
0.03278
0.04614
0.03234
0.0325
0.03277
0.03243
0.0459
0.03244
0.03313
0.03359
0.03396
0.04728
0.03372
0.03383
0.03378
0.03373
0.05574
0.03364
0.0336
0.03403
0.03395
0.04739
0.03353
0.03356
0.03378
0.03352
0.04706
0.0342
0.03638
0.03651
0.03613
0.04959
0.03581
0.03578
0.03351
0.03325
0.05484
0.03327
0.03339
0.03374
0.03336
0.04687
0.03329
0.0332
