0.19646
0.03042
0.03088
0.02976
0.02958
0.03843
0.02971
0.03026
0.02994
0.02991
0.03957
0.02996
0.03051
0.03
0.02975
0.04103
0.03028
0.03014
0.03115
0.03017
0.04851
0.0307
0.0304
0.03063
0.03127
0.04651
0.03089
0.03084
0.0326
0.03067
0.04365
0.03109
0.03062
0.03054
0.03054
0.04363
0.03054
0.03058
0.03059
0.03174
0.05161
0.03079
0.03069
0.0308
0.03077
0.04441
0.03088
0.0308
0.03088
0.03287
0.04443
0.03407
0.03419
0.03414
0.0339
0.04766
0.03391
0.03392
0.03423
0.0351
0.05597
0.03401
0.034
0.03391
0.0339
0.04758
0.03379
0.03378
0.03379
0.03489
0.04779
0.03403
0.03466
0.0339
0.03404
0.04772
0.03399
0.03064
0.03409
0.03435
0.05565
0.03373
0.03392
0.03411
0.0338
0.04747
0.03375
0.03379
0.03557
0.03407
0.04729
0.03373
0.03379
0.03356
0.0335
0.0474
0.03387
0.03575
0.03403
0.03344
0.05654
0.0344
0.04157
0.03588
0.03563
0.04794
0.0335
0.03374
0.03342
0.03342
0.04791
0.03353
0.03352
0.03341
0.03342
0.04803
0.03357
0.03387
0.0346
0.03673
0.06033
0.03275
0.03285
0.0353
0.03276
0.04743
0.03277
0.03294
0.03296
0.03273
0.04743
0.03271
0.03263
0.03265
0.03291
0.04766
0.03296
0.03299
0.03332
0.03314
0.05638
0.03327
0.0331
0.03295
0.03287
0.04701
0.03274
0.03271
0.03266
0.03258
0.04693
0.03255
0.03346
0.03235
0.03233
0.04658
0.03223
0.03251
0.03229
0.03225
0.05478
0.03223
0.0322
0.03205
0.03193
0.04592
0.03194
0.03238
0.03213
0.03194
0.04591
0.03201
0.03192
0.03192
0.03195
0.04595
0.03203
0.03266
0.03223
0.03204
0.054
0.03194
0.03188
0.03196
0.0319
0.04549
0.03179
0.03272
0.03208
0.03181
0.04543
0.03182
0.03182
0.03185
0.03192
0.04552
0.03179
0.03321
0.03349
0.03322
0.05457
0.0341
0.0343
0.03372
0.03342
0.04681
0.03382
0.03625
0.03198
0.03171
0.04531
0.03176
0.03152
0.03154
0.03165
0.04524
0.03176
0.03198
0.03198
0.03178
0.05519
0.03353
0.03355
0.0374
0.0364
0.04792
0.0337
0.03369
0.03369
0.03341
0.04772
0.03351
0.03352
0.03353
0.03347
0.0477
0.03352
0.03381
0.03363
0.03343
0.0569
0.03369
0.03363
0.03426
0.0334
0.04709
0.03504
0.03344
0.03332
0.03347
0.04705
0.03351
0.03361
0.03363
0.03355
0.04725
0.03405
0.03395
0.03363
0.03362
0.05515
0.03377
0.03424
0.03572
0.03368
0.04716
0.034
0.03336
0.03313
0.0333
0.04695
0.03337
0.03353
0.03347
0.03353
0.0472
0.03421
0.03377
0.0335
0.0336
0.0566
0.03398
0.0343
0.03668
0.03476
0.04846
0.03422
0.03398
0.03448
0.03663
0.04648
0.03027
0.03037
0.03029
0.03037
0.04529
0.03067
0.0304
0.03043
0.03026
0.05235
0.0304
0.03095
0.03017
0.02997
0.04331
0.02991
0.0299
0.02995
0.02984
0.04326
0.02982
0.02983
0.02988
0.02963
0.04653
0.03054
0.03426
0.03415
0.03067
0.05196
0.031
0.03132
0.0318
0.03089
0.04458
0.03302
0.03229
0.03102
0.03102
0.04456
0.03097
0.03099
0.0311
0.03108
0.04446
0.031
0.03138
0.03134
0.03132
0.05284
0.03144
0.03115
0.03468
0.03626
0.04738
0.03368
0.03401
0.03393
0.03369
0.04801
0.03375
0.03062
0.03057
0.03051
0.04441
0.0304
0.03121
0.03106
0.03061
0.05241
0.03064
0.03332
0.03323
0.03409
0.04436
0.03089
0.031
0.031
0.03087
0.04449
0.03431
0.03411
0.03423
0.03416
0.04777
0.03407
0.03443
0.03449
0.03422
0.05566
0.03439
0.03441
0.03085
0.03084
0.04439
0.03095
0.03098
0.03115
0.03092
0.04451
0.03102
0.03091
0.03093
0.03114
0.04459
0.03103
0.03116
0.03128
0.03342
0.05247
0.03012
0.03603
0.03003
0.02907
0.04296
0.02917
0.02932
0.02932
0.02925
0.04333
0.02933
0.0293
0.02927
0.02925
0.04307
0.02942
0.02936
0.03076
0.02953
0.05171
0.03047
0.02942
0.03033
0.03037
0.04387
0.03043
0.03031
0.02865
0.02828
0.04168
0.02814
0.02833
0.0281
0.02827
0.01349
0.01351
0.01349
0.01347
0.01345
0.01345
0.01341
0.0135
0.01407
0.01368
0.01358
0.01346
0.01342
0.01344
0.01346
0.01348
