0.20729
0.03503
0.03304
0.02985
0.02977
0.03877
0.03012
0.02984
0.02985
0.02985
0.03949
0.0301
0.03002
0.02997
0.03063
0.04135
0.03015
0.03015
0.03009
0.03011
0.04822
0.03068
0.03155
0.03371
0.03165
0.04371
0.03026
0.03017
0.03113
0.03396
0.04706
0.03207
0.03229
0.03215
0.03236
0.04721
0.03225
0.03243
0.03516
0.03292
0.05623
0.03307
0.03514
0.03178
0.03244
0.04803
0.03262
0.03245
0.03207
0.03206
0.04777
0.03218
0.03215
0.03219
0.03258
0.04918
0.03245
0.03248
0.03253
0.03247
0.05936
0.03283
0.03305
0.03382
0.0327
0.04866
0.0327
0.03275
0.03289
0.03298
0.04896
0.03355
0.03294
0.03296
0.03288
0.04895
0.033
0.03292
0.03298
0.03358
0.05871
0.03293
0.03302
0.03286
0.03275
0.04834
0.03277
0.03311
0.0329
0.033
0.04838
0.03273
0.03272
0.03274
0.03266
0.04865
0.03295
0.03274
0.0327
0.03286
0.05778
0.0334
0.03315
0.03379
0.03295
0.04838
0.03275
0.03273
0.03282
0.03286
0.04852
0.03319
0.03303
0.03302
0.03306
0.04898
0.03291
0.03438
0.03472
0.03374
0.06131
0.03288
0.03299
0.03286
0.03296
0.04887
0.03306
0.03378
0.03319
0.03293
0.04891
0.03296
0.03291
0.03364
0.03463
0.04909
0.03298
0.03301
0.03294
0.03293
0.05846
0.0329
0.03279
0.03318
0.03291
0.04851
0.03271
0.03284
0.0327
0.03272
0.04851
0.0329
0.03294
0.03349
0.03265
0.04843
0.03279
0.03302
0.03262
0.03269
0.05806
0.03279
0.03278
0.0327
0.03275
0.04847
0.03291
0.03282
0.03314
0.03272
0.04842
0.03315
0.03305
0.033
0.03289
0.04895
0.03331
0.03306
0.03292
0.03369
0.06148
0.03485
0.03316
0.03334
0.03603
0.05164
0.03571
0.0357
0.03567
0.03523
0.04888
0.03333
0.03298
0.03294
0.03297
0.04898
0.03305
0.03295
0.033
0.03343
0.05848
0.03371
0.03467
0.03513
0.03318
0.04886
0.03325
0.03326
0.03299
0.0329
0.04888
0.03292
0.03292
0.03295
0.03304
0.05048
0.0326
0.03389
0.03266
0.03261
0.05812
0.03247
0.03256
0.03378
0.03299
0.04949
0.03304
0.03302
0.03298
0.03307
0.05053
0.03499
0.03304
0.03473
0.0331
0.05065
0.03315
0.03471
0.03457
0.03536
0.06024
0.03465
0.03453
0.03435
0.03402
0.05046
0.0341
0.0348
0.03416
0.03407
0.05002
0.03414
0.0343
0.03401
0.034
0.0505
0.0341
0.03412
0.03484
0.03724
0.06275
0.03507
0.03472
0.03461
0.03442
0.05024
0.03432
0.03444
0.03471
0.0369
0.05097
0.03437
0.03412
0.03425
0.03425
0.05572
0.03967
0.03438
0.03533
0.04232
0.06174
0.03441
0.0342
0.03971
0.03961
0.05578
0.03941
0.03936
0.03941
0.03942
0.05527
0.03944
0.03944
0.03991
0.03942
0.05544
0.03955
0.03953
0.03958
0.03957
0.06557
0.0612
0.04144
0.04053
0.03979
0.05028
0.03437
0.03459
0.03426
0.03441
0.05017
0.03431
0.03428
0.03456
0.03435
0.05104
0.03653
0.03459
0.03456
0.03449
0.06006
0.03454
0.03457
0.03476
0.03456
0.05033
0.03448
0.03446
0.03443
0.03439
0.05039
0.03481
0.03618
0.037
0.03483
0.05065
0.03455
0.03466
0.03432
0.03454
0.05953
0.03423
0.03407
0.03463
0.03459
0.05064
0.03537
0.03495
0.03547
0.03725
0.05082
0.03491
0.03504
0.03502
0.0353
0.05096
0.03488
0.03504
0.03492
0.03505
0.06039
0.03558
0.03512
0.03485
0.03492
0.05093
0.0349
0.03491
0.03505
0.03588
0.05099
0.03497
0.03505
0.03499
0.03504
0.05087
0.03503
0.03598
0.03515
0.03491
0.06041
0.03491
0.03486
0.03478
0.03486
0.05219
0.03494
0.03497
0.03487
0.03479
0.051
0.03495
0.03589
0.03516
0.03496
0.05078
0.03479
0.03471
0.03468
0.03467
0.06055
0.0416
0.03513
0.03477
0.0348
0.05151
0.03751
0.03535
0.0349
0.03472
0.05043
0.03446
0.03477
0.03478
0.03468
0.05088
0.03757
0.03478
0.0348
0.03601
0.06304
0.03411
0.03409
0.0341
0.03432
0.04994
0.03407
0.03409
0.03399
0.03398
0.04988
0.03402
0.03445
0.03401
0.03398
0.05
0.03402
0.03461
0.03452
0.03456
0.06035
0.03458
0.03453
0.03458
0.03449
0.05014
0.03481
0.03555
0.03467
0.03442
0.05051
0.03448
0.03444
0.03445
0.03444
0.05108
0.03484
0.03455
0.03446
0.03453
0.0599
0.03453
0.03458
0.03509
0.03448
0.0504
0.03447
0.03448
0.03454
0.03436
0.05054
0.03479
0.03468
0.03455
0.03471
0.05064
0.03468
0.03466
0.03459
0.03513
0.06003
0.0346
0.03456
0.03458
0.03505
0.05058
0.03429
0.03456
0.03409
0.03405
0.05022
0.03412
0.03406
0.03476
0.03461
0.05054
0.03422
0.03415
0.03418
0.0341
0.05953
0.03482
0.03525
0.03496
0.03461
0.05052
0.03463
0.03447
0.0346
0.03471
0.05159
0.03489
0.03466
0.0346
0.03453
0.05049
0.03504
0.03501
0.03531
0.03484
0.05999
0.03469
0.03464
0.03452
0.03449
0.0505
0.03529
0.03454
0.03458
0.03453
0.05043
0.03476
0.0346
0.03471
0.03521
0.05051
0.03453
0.03458
0.03451
0.03445
0.06006
0.03481
0.0348
0.03448
0.03452
0.05039
0.03471
0.03469
0.03454
0.03474
0.05077
0.03451
0.03458
0.03456
0.03469
0.05055
0.0346
0.03452
0.03443
0.03419
0.06013
0.03468
0.03467
0.03462
0.03452
0.05065
0.03484
0.03451
0.03458
0.03466
0.0505
0.03455
0.03465
0.0355
0.03488
0.05053
0.0347
0.03465
0.03465
0.03467
0.06007
0.03505
0.03466
0.03464
0.03468
0.05058
0.03458
0.03463
0.03478
0.03492
0.05062
0.03467
0.03451
0.03449
0.03455
0.05062
0.03454
0.03522
0.03462
0.03471
0.06011
0.03854
0.04016
0.03773
0.03544
0.05106
0.03499
0.03486
0.03479
0.03467
0.05068
0.0347
0.03505
0.03487
0.0347
0.05073
0.03948
0.03723
0.03473
0.03412
0.06003
0.03406
0.03412
0.03402
0.03398
0.05002
0.03399
0.03518
0.03784
0.03472
0.05074
0.03481
0.03348
0.03473
0.03506
0.0512
0.0351
0.0349
0.03482
0.0348
0.06042
0.03484
0.03484
0.03513
0.03505
0.05076
0.03334
0.03552
0.0374
0.03738
0.05061
0.03339
0.03315
0.03305
0.03301
0.0489
0.03298
0.03308
0.03329
0.0336
0.05849
0.03303
0.03306
0.03297
0.03302
0.04891
0.03324
0.0335
0.03318
0.03305
0.04908
0.03309
0.03328
0.03311
0.03316
0.04953
0.0333
0.03314
0.03328
0.03323
0.05965
0.03304
0.0331
0.03353
0.03288
0.04888
0.03281
0.03273
0.03263
0.03275
0.04861
0.03463
0.03423
0.03273
0.0327
0.04861
0.03271
0.03261
0.03416
0.03481
0.05993
0.03528
0.035
0.03453
0.03425
0.05008
0.03408
0.03435
0.03418
0.03409
0.04999
0.03424
0.0341
0.03414
0.03402
0.05017
0.03392
0.03439
0.03401
0.03391
0.06043
0.03438
0.03491
0.03506
0.03437
0.05136
0.03447
0.03441
0.03436
0.03432
0.05035
0.03452
0.03421
0.03454
0.03421
0.0501
0.03439
0.03427
0.04016
0.03999
0.06503
0.03951
0.03946
0.03926
0.03919
0.05516
0.0397
0.03911
0.04254
0.03921
0.05505
0.03913
0.03932
0.03947
0.0394
0.05494
0.03914
0.03911
0.03901
0.039
0.06534
0.03933
0.03932
0.03911
0.03913
0.05528
0.03927
0.03966
0.03976
0.04031
0.05817
0.03953
0.03978
0.03958
0.03974
0.05607
0.0393
0.03923
0.03906
0.03881
0.06438
0.03873
0.04005
0.03942
0.03917
0.05554
0.03885
0.02234
0.02218
0.02216
0.02247
