329	343	57	43
327	340	58	47
326	339	59	47
328	337	56	49
330	337	55	47
329	338	58	45
331	338	59	43
330	338	63	47
331	339	62	45
332	340	66	43
331	340	66	46
331	340	58	46
334	341	56	44
333	341	60	43
333	343	69	45
333	342	79	50
333	341	79	50
334	341	66	48
335	339	65	52
335	339	64	53
332	339	66	52
332	339	57	50
329	338	54	52
326	337	63	52
322	336	55	52
321	335	71	53
320	334	91	57
317	335	89	56
318	335	90	60
317	334	93	60
317	335	94	61
316	335	93	58
317	336	91	60
316	336	90	61
318	337	90	62
318	337	88	60
318	338	90	62
319	339	84	59
316	339	91	59
315	340	83	58
316	339	72	58
318	340	69	57
320	339	62	54
318	343	57	50
327	348	72	45
325	349	63	41
325	352	51	39
323	349	45	40
324	350	44	39
324	346	44	43
324	342	36	46
323	345	30	45
326	342	28	44
326	343	27	45
326	343	28	45
327	342	34	47
328	342	41	47
329	341	48	50
328	340	52	50
326	339	54	52
326	336	47	54
327	334	40	57
320	334	49	59
322	331	49	61
325	330	49	59
328	330	49	61
337	331	44	63
341	332	45	61
342	332	51	63
345	333	55	62
347	333	61	62
350	332	58	63
350	334	61	64
350	333	63	63
348	315	64	81
288	282	90	86
288	283	114	94
283	282	136	112
278	286	144	104
266	287	152	102
263	288	162	106
271	293	157	108
283	291	140	104
288	293	139	102
278	299	157	98
285	301	157	93
285	303	161	93
285	305	161	90
285	306	163	92
283	304	158	90
285	303	149	87
284	308	150	91
288	301	146	94
289	307	149	85
287	304	156	86
290	307	154	86
304	303	139	88
309	306	135	82
313	302	135	84
334	304	115	84
315	294	137	93
338	298	117	83
365	297	92	79
365	293	90	78
362	290	94	82
362	289	96	79
364	286	94	82
363	282	100	85
362	282	104	88
362	280	108	87
363	274	109	92
365	271	105	88
366	274	97	89
365	279	96	78
363	284	96	71
377	284	73	71
382	287	61	66
382	288	55	62
384	288	50	62
384	288	49	63
381	292	50	62
379	290	54	66
379	289	57	68
381	292	59	67
385	288	58	72
391	284	59	78
390	287	71	80
388	289	82	80
389	292	90	79
390	296	95	73
392	299	99	71
391	302	110	71
387	303	123	71
386	302	131	73
407	311	117	67
406	311	120	66
407	311	125	70
425	311	112	71
426	308	113	76
403	309	136	77
415	321	127	67
406	313	133	77
416	315	124	79
413	314	123	75
404	314	132	76
405	318	139	77
413	316	128	78
420	317	119	78
418	315	121	79
419	313	123	79
428	313	112	80
425	311	119	83
427	308	119	85
435	306	108	87
437	304	107	92
438	299	108	98
440	298	106	98
440	300	107	97
443	302	100	94
448	307	101	93
454	308	98	92
466	308	85	92
466	309	86	90
469	308	82	94
473	309	76	96
483	311	65	94
483	323	65	87
483	331	65	74
486	333	66	71
489	326	59	76
484	314	65	88
482	320	62	83
484	325	57	78
480	325	62	78
474	326	68	78
466	327	74	80
464	331	89	85
457	333	92	80
454	334	95	80
450	337	102	76
444	340	109	74
441	341	110	74
439	340	113	71
430	339	112	72
419	345	125	65
409	342	108	66
409	343	110	62
395	337	113	62
384	331	102	68
374	329	92	67
364	319	90	69
355	314	95	74
348	306	96	79
341	314	89	71
336	308	86	72
336	305	81	76
328	318	81	63
323	313	85	68
323	317	81	65
320	313	78	65
320	313	74	67
323	311	68	71
319	311	69	72
316	309	67	73
321	307	61	76
320	301	61	85
313	294	67	89
311	294	68	87
309	287	69	92
309	284	70	95
310	289	67	90
314	281	61	95
319	277	56	99
323	279	52	97
322	281	52	93
319	280	55	92
318	283	57	89
319	284	58	87
320	288	58	82
313	291	66	80
311	297	71	73
311	297	71	72
312	296	72	73
317	299	65	71
324	297	56	74
326	299	51	77
325	303	51	75
322	310	53	69
320	300	57	80
317	304	61	79
316	313	63	70
320	315	60	70
328	319	49	65
335	323	39	61
339	326	41	60
340	332	46	54
336	338	56	50
335	335	48	52
339	338	42	49
334	340	48	44
333	341	54	43
333	339	63	45
334	337	70	49
334	336	51	49
338	335	63	46
340	334	56	42
343	330	50	43
346	326	49	48
350	323	48	52
351	320	34	54
349	318	32	62
351	314	29	65
353	314	28	64
354	315	26	61
354	316	34	61
353	316	48	63
351	314	48	67
353	318	41	63
356	319	33	60
360	324	27	52
361	326	28	50
360	329	29	45
360	330	32	48
359	330	28	50
356	328	29	51
350	333	37	49
352	335	33	44
355	337	32	43
356	334	30	44
354	333	29	47
360	332	35	47
361	334	39	47
361	332	26	49
362	333	25	46
365	335	27	48
366	335	25	49
366	336	25	44
367	337	26	39
366	339	29	38
367	338	29	36
366	341	28	35
367	342	23	33
369	344	16	31
369	350	16	26
369	354	16	21
368	355	20	18
365	355	24	18
362	355	29	19
360	354	31	21
359	352	31	26
358	351	33	32
351	349	43	33
343	347	52	39
339	346	57	40
335	344	63	43
334	342	63	42
333	340	63	42
332	337	66	46
330	336	72	49
328	332	75	49
326	331	77	53
324	329	83	57
321	329	87	59
320	324	87	63
319	322	85	64
317	316	90	72
312	314	95	72
318	309	91	77
310	311	97	74
315	320	95	69
313	315	92	62
325	272	82	94
269	218	65	103
276	223	65	118
283	229	83	121
282	232	88	127
281	238	104	128
306	242	170	126
286	247	215	133
282	251	232	140
278	256	242	128
279	262	246	124
285	262	248	126
292	265	247	129
302	272	243	129
324	276	221	127
324	276	231	131
347	278	216	129
332	281	239	128
312	286	264	129
345	293	240	126
379	299	214	119
404	308	196	114
401	313	203	110
440	314	170	110
431	314	175	113
459	320	145	107
436	323	164	106
453	328	149	108
445	321	151	111
446	329	151	108
452	329	145	102
456	330	144	103
462	331	138	102
467	328	137	102
469	325	134	108
476	324	129	109
482	321	132	111
484	318	136	110
488	321	138	105
496	323	136	104
498	320	135	103
499	320	135	100
512	319	123	100
508	315	126	106
511	313	115	106
520	305	95	111
524	298	82	114
523	302	80	110
525	302	77	107
530	298	74	105
532	295	75	110
534	292	76	108
538	289	65	108
534	290	59	106
523	291	69	105
513	288	80	105
513	287	80	108
532	286	64	110
541	286	55	111
531	285	69	114
526	281	87	115
518	275	103	120
512	270	113	126
506	260	123	137
501	258	130	138
497	253	135	138
497	247	136	143
503	224	129	164
502	205	143	182
496	199	146	190
486	195	151	194
478	193	156	198
469	190	163	200
454	188	179	199
467	187	174	200
456	186	190	197
445	192	182	192
441	197	211	191
438	193	225	197
428	196	235	198
413	199	251	198
408	200	250	195
411	204	242	193
413	205	232	188
412	209	227	189
413	212	215	189
407	219	220	183
399	219	217	188
396	221	204	185
397	225	179	183
384	261	169	154
374	262	168	146
363	264	179	146
352	269	180	149
290	272	227	150
289	278	208	140
275	286	195	135
254	281	207	139
247	266	206	150
236	265	213	146
218	268	196	135
183	266	180	135
159	260	193	141
134	257	192	136
89	247	179	139
90	242	141	136
80	235	133	139
77	227	119	141
73	223	111	136
71	222	113	131
65	221	121	129
61	221	129	123
57	222	134	118
56	223	133	113
58	224	136	111
62	226	140	111
64	225	140	108
67	226	141	110
69	227	139	109
73	226	130	110
78	227	114	110
82	225	119	112
83	225	126	112
82	225	135	111
78	225	144	112
75	224	154	111
71	223	165	114
72	222	170	110
71	222	176	107
68	222	183	107
67	224	188	106
66	224	192	107
68	228	195	102
71	229	198	101
75	229	201	99
80	229	201	98
82	230	203	98
93	229	199	99
100	229	197	99
108	230	194	98
116	231	190	97
123	232	188	97
131	234	183	97
136	235	182	95
140	236	184	94
139	237	186	95
140	240	186	93
187	242	156	96
235	241	113	101
187	242	156	98
192	245	164	99
161	247	199	100
160	248	207	95
162	250	208	96
167	251	205	95
172	253	201	92
177	254	199	92
183	256	197	93
187	258	193	93
192	259	186	90
198	261	183	90
203	263	179	90
209	264	174	88
215	265	168	90
222	267	158	89
230	268	150	94
236	270	144	100
242	277	138	96
247	278	130	90
252	279	125	91
259	285	116	82
267	281	114	90
273	286	109	91
279	288	102	88
285	292	97	82
292	292	93	94
299	288	90	111
303	288	89	106
310	291	84	83
311	299	85	92
312	297	82	93
313	302	83	88
315	300	81	77
320	304	78	78
325	306	74	69
328	306	74	75
335	307	71	69
338	306	70	72
343	308	75	69
347	313	71	68
348	316	67	60
353	317	67	61
357	319	59	60
359	321	57	58
362	322	54	57
364	323	49	56
367	326	47	53
369	326	46	52
369	327	63	54
370	328	64	53
368	328	71	53
366	329	75	55
372	329	67	59
365	326	73	69
360	322	78	73
355	315	82	83
351	310	87	88
347	311	89	84
344	312	93	85
342	311	96	86
337	309	103	91
338	308	105	91
335	308	107	91
330	308	117	93
329	310	120	95
326	310	126	96
324	311	128	97
322	309	135	100
324	309	136	100
323	310	138	100
323	309	140	98
322	308	145	101
323	309	148	99
323	310	149	94
324	309	157	97
327	309	155	98
330	309	146	96
333	307	150	101
333	307	150	99
334	306	149	100
338	307	150	100
338	305	155	106
340	305	148	110
341	304	143	107
339	305	142	104
340	303	144	113
341	302	138	108
336	302	144	108
341	303	138	108
339	302	141	110
341	302	138	108
341	301	142	113
342	301	137	107
341	302	137	107
342	302	141	110
342	301	143	110
340	301	146	116
341	300	141	112
340	300	148	114
339	299	148	111
339	299	153	111
340	298	149	110
336	296	151	114
336	297	159	108
333	296	158	110
335	295	160	114
334	294	160	114
333	294	160	113
330	292	169	115
326	290	164	118
330	289	151	113
333	289	160	114
320	285	161	117
326	288	163	115
319	280	160	116
321	284	160	116
318	279	166	118
321	280	160	114
319	278	171	119
317	267	166	122
318	268	172	124
317	263	170	125
316	261	167	124
316	262	161	122
317	260	154	119
316	258	147	120
316	251	146	125
315	244	139	131
317	239	139	137
320	231	136	140
321	220	115	133
319	208	100	135
315	194	82	136
311	178	80	149
310	163	78	158
307	148	77	166
307	136	77	165
308	127	81	166
310	112	82	171
313	103	81	173
315	91	81	176
315	80	74	175
312	69	73	178
315	58	72	179
324	45	78	183
328	34	80	187
328	16	78	191
323	0	74	190
327	-4	69	180
329	-3	77	169
332	-5	80	156
332	-5	84	143
334	-5	64	132
330	-2	63	123
327	-3	63	119
324	-2	65	114
328	-2	74	111
326	0	85	109
327	-1	94	108
324	0	101	104
324	0	111	102
320	1	123	105
316	1	134	112
314	0	143	120
315	2	149	127
319	2	150	135
315	5	162	141
313	9	169	142
313	15	175	143
316	20	178	143
323	27	178	143
334	34	173	144
349	39	166	145
361	46	163	144
369	55	163	142
374	62	165	142
378	71	165	141
380	78	166	141
380	86	167	139
382	94	167	137
387	98	164	138
393	102	162	139
400	107	159	137
408	111	156	138
415	115	151	141
423	120	142	136
430	125	136	143
437	125	121	137
448	130	114	142
458	134	111	149
467	136	108	145
473	143	148	145
473	149	149	147
474	156	146	145
478	161	142	144
480	166	142	141
479	171	140	149
477	176	139	146
477	182	139	142
476	190	144	143
474	197	147	138
472	204	152	139
469	212	158	136
469	216	163	126
521	219	112	136
529	219	106	139
526	219	111	142
511	219	129	145
484	219	159	147
481	217	164	152
470	216	176	154
465	215	183	157
477	214	175	156
467	214	184	157
460	210	190	157
462	209	186	156
464	206	181	155
469	204	173	157
471	203	168	157
475	201	165	159
479	198	167	159
482	196	168	160
487	195	160	158
487	195	158	159
487	194	156	158
488	193	157	159
486	191	157	159
488	190	154	158
490	190	153	157
492	189	158	159
492	187	162	160
495	186	158	160
495	187	150	158
500	190	135	154
514	190	119	152
518	190	120	151
516	190	119	150
525	190	131	148
516	186	142	142
547	184	105	140
573	176	67	142
571	173	60	134
566	170	64	131
565	167	73	128
563	163	88	124
530	161	103	123
506	155	108	119
505	151	121	117
505	146	124	112
492	145	105	107
474	139	110	115
458	134	126	124
438	132	134	126
417	128	130	123
401	123	123	103
391	124	127	95
378	123	119	93
361	121	104	92
347	118	92	92
340	115	97	91
331	111	95	93
327	106	83	97
320	101	72	100
310	101	67	101
312	103	65	104
317	105	67	106
315	107	76	109
313	109	88	111
312	118	98	107
314	120	104	107
318	121	108	107
323	122	110	107
327	121	112	106
330	123	113	104
334	125	116	101
339	125	117	100
344	125	118	99
350	127	116	96
354	130	116	94
357	132	116	93
359	134	117	92
363	133	115	92
364	131	116	96
365	127	117	100
367	124	116	104
370	120	113	106
374	117	111	111
377	116	107	114
381	116	101	116
386	120	97	117
386	126	95	114
388	130	94	112
388	134	94	112
389	136	95	112
388	139	96	111
387	142	98	107
386	147	100	103
385	152	102	99
386	154	101	96
387	155	100	93
390	155	97	93
389	153	98	94
392	153	95	92
390	151	98	93
388	146	100	96
387	145	101	97
387	145	102	96
387	148	102	93
390	152	100	88
393	155	96	85
399	158	90	81
396	156	91	82
396	154	91	84
395	153	92	84
393	151	94	86
392	149	95	88
389	145	99	91
386	143	100	93
382	140	104	95
375	138	110	97
374	136	111	100
373	134	112	102
372	134	113	102
372	135	113	102
371	136	114	101
370	137	114	101
370	138	114	100
371	139	113	98
371	140	111	97
370	142	110	95
370	144	110	93
369	145	109	91
369	148	108	90
368	149	108	89
367	149	108	90
366	149	108	90
365	151	109	89
364	151	109	90
363	152	109	90
363	154	110	90
362	156	109	91
362	159	109	91
362	161	107	91
363	165	105	91
364	169	103	89
366	172	100	89
368	175	97	88
371	178	96	89
372	181	96	87
375	184	96	86
377	188	95	83
380	192	96	80
385	193	92	78
388	194	89	78
391	194	86	78
395	193	80	78
399	192	72	77
403	191	63	79
406	190	56	80
408	189	54	80
414	189	56	79
421	188	55	80
425	188	55	80
424	187	56	80
423	186	57	80
423	186	59	80
418	185	63	79
417	184	63	80
419	184	60	81
417	183	56	83
415	184	53	82
414	186	49	82
414	187	48	82
415	189	49	82
420	191	44	82
426	192	37	84
431	194	32	84
432	196	30	84
431	199	30	82
428	200	34	84
421	202	41	82
415	204	47	74
410	206	54	82
406	207	62	85
404	209	68	83
407	211	66	77
409	211	63	80
406	212	63	79
407	214	59	79
406	215	56	79
399	216	59	83
393	216	59	90
389	218	59	91
405	220	43	98
400	222	46	93
400	225	49	99
403	228	48	97
405	231	43	96
404	236	45	92
402	240	48	92
403	246	46	89
405	251	45	86
407	253	44	89
409	256	43	90
405	259	54	90
401	263	71	92
398	264	82	95
397	265	81	97
397	264	86	103
412	254	95	114
430	227	85	127
453	192	55	122
465	159	49	133
462	126	65	153
464	98	75	169
460	91	92	174
462	98	108	172
459	109	114	158
453	122	117	151
448	131	119	141
443	137	121	134
441	139	123	135
443	139	130	133
444	141	133	129
438	145	142	133
432	151	151	133
427	157	156	131
423	161	164	131
416	166	172	132
406	170	181	134
395	179	202	137
390	184	253	139
389	189	252	137
388	194	259	144
392	199	252	138
409	204	238	136
426	209	222	129
460	212	194	122
427	214	223	127
435	216	218	122
432	216	222	125
428	215	225	124
418	215	228	123
412	214	220	123
425	215	234	124
405	213	252	122
407	211	236	123
401	208	253	127
393	205	215	134
410	205	223	130
396	202	211	130
429	200	174	132
439	199	168	135
397	196	203	134
418	196	182	132
400	197	197	147
390	193	204	135
395	194	196	139
390	194	197	140
390	193	196	136
390	193	196	132
390	193	193	124
385	195	191	121
386	193	195	127
386	193	189	125
385	193	187	124
384	193	194	126
383	193	183	121
381	194	190	122
381	194	187	121
379	193	189	132
379	190	182	132
379	191	190	146
377	189	187	145
377	192	184	144
376	195	184	154
382	196	182	149
387	199	173	143
394	201	165	148
395	204	161	143
396	207	155	146
396	210	147	146
396	212	141	144
398	215	132	141
401	221	129	145
406	226	128	137
412	232	121	133
420	235	115	127
429	239	116	125
435	242	110	125
442	244	109	119
445	248	96	119
444	252	95	114
446	256	91	111
449	257	93	109
451	259	93	111
453	257	83	111
446	255	85	109
442	255	87	112
436	255	93	111
429	255	100	113
425	255	105	112
422	256	111	112
421	256	115	112
420	257	120	112
409	258	132	113
410	258	134	113
398	258	147	116
400	258	140	114
396	257	140	114
392	257	136	114
387	258	135	119
381	258	138	121
375	258	140	120
371	259	150	118
371	259	148	114
369	260	154	117
367	260	156	117
362	262	163	113
358	264	167	112
355	265	168	114
352	266	170	115
347	266	171	117
344	267	171	113
345	269	170	110
344	268	163	113
342	268	155	112
326	270	153	107
342	270	135	111
324	277	152	105
325	276	144	110
327	283	135	101
338	289	119	96
319	288	129	100
309	286	131	103
300	293	130	94
300	294	124	94
281	291	139	101
285	294	139	99
262	295	160	99
275	298	150	98
251	296	176	99
264	304	164	90
250	295	177	102
249	306	181	88
246	305	186	95
244	298	185	100
240	304	189	91
239	305	190	88
235	304	193	89
234	303	192	90
233	300	193	94
232	303	190	90
232	305	182	89
232	303	191	90
232	308	184	88
231	308	190	88
232	310	184	87
237	313	181	85
241	314	173	89
244	315	164	90
250	315	159	91
253	314	157	96
254	316	140	93
266	313	117	94
270	315	132	93
271	321	129	89
273	320	124	88
262	320	134	90
271	320	130	90
277	319	126	92
266	316	135	93
258	318	121	89
256	316	126	91
260	311	132	98
258	308	102	99
269	308	96	95
278	305	80	96
286	302	78	99
289	298	83	102
292	293	115	106
290	287	117	106
291	283	119	111
284	286	125	107
281	286	109	105
281	286	115	106
284	285	104	105
289	285	104	102
295	287	106	96
308	289	92	89
321	289	88	89
325	286	86	97
329	286	82	95
328	283	84	102
325	282	90	102
321	283	94	102
330	285	85	99
324	281	91	104
336	284	80	101
330	284	85	102
332	290	84	98
328	290	90	103
333	295	81	95
333	299	83	91
336	302	87	95
338	303	99	100
338	303	88	98
342	308	89	97
346	310	90	98
351	313	92	97
356	316	93	98
360	318	96	98
363	323	96	100
364	324	101	103
364	326	104	104
365	327	108	103
365	330	109	101
365	332	119	98
365	333	116	99
368	332	127	101
369	333	128	100
369	333	129	99
371	333	124	99
374	332	121	96
382	335	109	93
380	336	101	90
388	342	88	84
399	347	74	80
370	348	100	78
370	350	101	79
372	346	104	84
371	343	112	88
370	344	117	87
368	341	123	92
366	340	128	94
364	341	131	90
363	341	138	91
358	340	148	93
373	341	140	96
426	337	95	99
432	337	81	96
427	336	88	96
418	335	103	96
429	334	93	96
434	330	88	98
435	326	84	99
422	323	90	102
412	317	95	109
413	317	90	109
412	313	87	112
417	311	83	109
415	309	86	109
414	309	89	108
413	308	92	110
415	307	94	111
412	306	103	113
411	306	111	113
413	305	115	113
418	307	115	110
422	305	114	112
428	305	113	109
442	307	98	105
445	309	95	104
446	310	90	105
435	311	97	104
431	312	101	102
432	313	97	103
430	313	98	105
434	316	96	103
428	307	101	116
421	315	109	111
415	302	119	126
406	311	123	121
405	307	137	127
402	312	139	126
400	322	152	113
383	323	169	110
375	321	181	115
369	316	199	132
332	324	235	122
314	317	260	146
301	318	255	133
298	316	226	123
288	316	230	121
274	314	235	120
250	318	248	115
241	316	243	116
229	316	246	115
212	313	250	119
199	309	247	118
182	297	255	132
167	293	249	129
148	282	213	129
138	280	259	148
113	274	222	136
102	269	262	145
81	267	266	141
64	260	269	147
46	253	276	152
29	248	287	158
13	240	297	160
3	235	289	160
1	229	288	163
-3	219	264	167
0	213	262	168
-3	205	255	170
-2	200	252	173
-2	195	245	171
-1	189	239	173
-2	184	238	170
-3	179	243	171
-2	175	249	170
-3	172	255	174
0	170	254	172
-1	167	255	172
-1	166	257	173
-1	163	253	177
-1	160	251	181
0	161	262	181
0	158	268	186
1	157	268	187
1	163	267	180
1	176	271	167
6	169	274	177
0	164	275	186
4	159	299	191
-4	160	285	188
-15	160	233	183
-6	159	172	169
0	161	159	161
2	162	159	158
1	167	165	156
2	171	169	156
2	172	175	153
3	174	177	153
2	175	182	153
3	176	187	155
2	178	194	154
3	182	201	154
10	186	207	155
28	192	203	161
46	195	198	161
63	199	203	166
76	206	216	173
88	212	241	188
96	216	250	192
99	220	247	182
97	228	255	180
91	235	265	173
89	241	277	170
88	247	293	171
95	254	308	170
107	261	304	167
121	268	296	162
143	270	284	160
164	270	274	171
182	275	270	158
203	283	266	148
219	288	266	146
231	290	263	150
242	283	260	157
242	276	274	168
252	274	273	167
282	276	257	166
286	292	234	147
342	311	215	131
379	317	188	127
390	319	187	123
401	319	185	122
410	323	187	117
412	324	194	114
417	321	202	112
399	319	222	114
402	316	228	122
418	313	215	120
423	309	211	118
436	309	200	115
453	307	187	117
465	306	173	118
477	305	165	117
485	306	157	115
493	307	152	112
501	307	144	114
509	308	139	112
517	304	130	114
526	297	126	124
536	301	123	120
548	306	120	114
556	308	118	112
561	305	113	114
569	306	111	115
576	306	100	116
578	288	94	134
584	309	84	113
582	308	92	115
579	317	106	107
590	304	104	119
607	315	85	108
599	306	93	118
594	311	105	112
601	309	97	115
581	305	102	119
577	301	96	123
571	296	99	126
568	291	102	130
565	287	104	131
563	282	111	133
562	273	122	138
563	243	130	166
562	244	140	158
562	232	148	168
561	228	152	173
561	225	156	173
562	222	156	174
562	222	153	169
561	220	157	169
566	220	141	169
572	219	142	168
573	218	132	167
577	218	135	164
581	218	135	170
576	217	136	162
573	217	140	163
568	217	145	164
566	217	150	164
563	218	158	161
562	217	157	163
560	218	164	163
558	220	163	162
551	221	170	161
544	225	179	161
543	229	182	160
539	233	187	161
539	237	187	161
541	241	185	159
537	245	188	157
532	250	192	153
525	261	197	143
520	263	200	140
516	266	205	138
513	269	209	141
514	270	209	143
511	282	211	134
512	282	208	137
507	290	212	135
491	301	225	134
468	305	247	137
478	299	230	141
491	306	212	140
507	309	191	137
515	318	183	136
513	317	192	141
521	323	190	148
532	328	177	137
523	334	186	135
521	337	198	126
532	333	178	130
544	324	153	141
553	304	129	167
564	306	122	146
575	303	110	144
571	309	110	134
562	304	124	135
553	307	129	130
546	301	135	136
542	306	150	129
540	307	153	125
536	306	150	124
531	308	138	124
526	313	125	113
518	318	122	107
510	315	119	108
504	313	119	114
499	310	119	111
495	316	120	107
492	317	118	106
489	319	115	102
486	322	114	98
482	322	111	98
478	325	110	95
475	325	108	92
472	325	108	91
469	331	108	85
467	332	103	86
465	332	106	86
463	334	101	86
461	340	98	80
457	341	94	80
453	340	95	83
451	339	92	78
448	337	92	86
447	339	92	80
441	338	98	83
438	340	102	78
435	341	104	78
431	339	111	82
433	340	107	79
428	341	112	79
419	338	118	82
422	339	116	83
411	343	123	80
410	342	121	81
410	341	121	83
408	342	119	80
406	344	121	79
403	347	127	77
400	350	130	73
398	348	135	79
397	350	134	78
395	347	141	78
395	350	145	74
396	350	137	74
409	352	123	74
407	355	114	73
403	355	116	73
398	353	119	78
391	352	123	80
388	355	116	75
388	355	122	79
387	356	115	78
386	353	117	83
384	351	112	88
384	350	110	81
383	350	106	78
382	349	102	80
379	347	100	82
375	344	98	86
373	344	87	80
371	342	86	88
369	339	82	85
366	337	84	89
366	335	81	86
366	332	75	74
363	330	71	70
362	328	60	61
359	327	58	60
358	325	64	60
356	326	65	58
355	323	68	62
353	323	68	64
351	320	76	66
349	322	79	66
349	320	75	66
348	320	72	67
345	320	75	71
345	319	70	70
344	319	75	69
343	319	82	73
344	318	72	70
345	319	86	75
344	318	82	78
345	318	80	75
345	318	81	77
345	319	80	76
345	319	78	74
345	317	83	82
346	318	81	82
346	316	77	79
347	316	76	79
348	318	75	77
348	317	75	76
349	317	74	78
351	319	74	78
350	319	73	76
350	321	72	73
351	321	73	71
351	321	70	70
350	321	71	73
349	322	74	74
349	321	71	71
348	320	69	70
349	319	70	70
349	320	73	72
349	320	77	71
350	321	77	70
350	321	76	67
350	321	73	66
350	322	73	66
349	324	75	66
347	323	75	64
344	323	74	64
341	323	74	64
338	321	71	63
335	327	73	58
333	327	71	53
333	328	79	58
333	328	79	57
334	329	81	58
334	329	80	57
334	329	88	58
334	326	81	61
333	327	76	60
335	327	69	59
332	327	69	56
333	328	80	57
340	330	73	56
344	329	66	53
347	330	68	53
350	330	69	54
346	330	67	51
343	330	68	51
341	330	72	51
340	330	70	50
341	330	72	52
343	328	75	55
337	327	81	57
337	327	83	57
337	327	79	56
337	326	78	56
340	325	73	56
345	323	70	56
351	322	67	59
357	320	62	65
359	319	60	65
361	316	59	69
354	313	64	69
349	314	69	74
348	311	65	72
348	308	72	74
348	303	68	79
353	300	68	84
356	296	64	86
356	294	67	90
357	293	75	88
358	293	78	90
360	291	74	93
361	289	73	93
360	287	75	94
361	286	76	96
362	283	76	98
363	282	78	99
364	278	79	99
364	279	79	102
365	276	81	106
365	274	81	111
369	273	78	110
