629	1046	18	32
628	1041	21	37
627	1038	20	39
626	1035	21	42
627	1034	20	44
625	1029	23	49
624	1028	24	49
624	1026	24	51
624	1025	25	52
624	1023	25	54
624	1022	26	56
626	1017	25	51
627	1016	25	48
627	1014	26	48
627	1009	27	54
625	1007	24	57
625	1006	25	64
625	1004	22	63
626	998	18	57
627	997	17	54
627	996	17	55
627	993	16	56
626	991	18	56
627	990	17	55
628	989	17	55
627	988	17	54
627	984	19	59
628	982	19	59
628	981	19	60
628	978	18	59
629	976	18	63
629	974	18	62
629	974	19	60
629	972	18	55
630	971	17	53
632	969	16	54
631	966	17	57
632	965	17	57
634	962	16	53
635	961	15	52
635	960	15	50
636	958	16	49
636	957	16	50
635	953	18	53
636	952	18	52
636	951	18	54
637	950	17	54
637	947	17	50
635	946	21	51
636	945	19	53
638	943	18	53
638	942	19	55
641	941	17	56
642	938	16	46
643	938	16	40
643	937	17	43
644	937	17	42
645	938	18	41
646	938	18	43
647	937	18	40
646	938	19	42
647	938	20	39
647	937	22	40
652	936	20	40
654	936	18	37
655	935	19	37
656	934	20	36
657	934	21	37
658	934	21	33
658	934	21	32
659	933	22	31
660	932	22	31
661	931	23	32
661	932	25	32
664	929	23	32
667	929	23	34
666	929	24	33
672	929	22	32
674	929	20	30
674	928	22	29
673	929	23	26
674	929	23	26
675	928	25	27
676	928	25	28
678	929	25	27
678	928	25	28
680	928	26	30
677	927	31	30
679	926	31	30
677	926	35	32
689	926	27	32
687	926	29	32
688	924	30	32
689	924	30	29
696	923	24	30
697	921	25	32
699	920	25	32
700	920	25	31
701	919	25	33
698	917	28	34
691	916	36	35
685	914	43	41
674	914	53	48
662	908	65	56
651	906	80	64
654	904	81	69
657	904	77	67
661	904	76	68
673	904	64	64
666	903	71	69
676	902	66	73
671	900	74	81
679	901	70	83
674	900	75	83
684	901	72	84
686	912	72	73
677	907	73	75
690	919	71	63
684	917	80	61
686	919	79	63
690	923	81	60
692	923	85	55
702	930	80	52
706	928	78	47
704	931	83	45
696	926	82	56
707	929	84	49
702	931	89	48
643	883	93	35
639	883	100	33
641	883	97	33
643	883	98	34
647	883	94	32
650	882	91	34
650	881	85	32
654	881	84	34
661	880	78	34
662	880	74	35
668	880	72	38
669	880	71	38
680	879	65	38
684	879	60	38
688	879	58	40
689	878	60	41
687	878	63	41
689	878	62	42
688	877	64	44
689	877	66	45
688	876	69	46
687	876	71	46
687	874	73	49
688	874	72	50
687	872	76	51
686	871	78	53
687	871	79	53
685	870	81	54
685	870	81	54
683	870	85	54
680	869	89	54
681	869	89	54
680	867	90	55
681	866	91	56
680	866	92	57
681	866	93	56
680	865	94	59
680	863	94	60
681	864	94	59
681	864	95	60
680	862	96	61
683	864	95	58
691	877	91	47
709	888	75	35
712	891	71	28
713	890	71	29
717	891	68	30
720	891	66	29
718	890	68	29
725	891	62	28
720	891	68	29
734	892	57	26
732	892	63	25
737	893	61	26
739	894	60	26
745	894	55	26
746	895	58	26
747	895	57	25
749	895	61	26
749	895	62	25
750	895	68	28
751	893	78	28
749	888	82	32
751	888	81	33
751	888	82	32
753	885	81	34
753	885	81	34
755	882	79	36
755	881	80	36
757	880	80	39
759	879	79	39
759	877	81	41
760	876	81	42
762	875	80	42
762	873	82	45
772	871	75	45
771	870	77	47
771	869	79	47
778	868	75	47
778	883	75	34
780	867	75	48
783	878	74	36
790	865	71	48
793	862	69	51
793	870	72	43
797	863	68	51
798	874	73	40
802	880	68	34
797	882	74	32
803	866	70	47
804	882	74	32
813	865	67	47
811	863	70	48
814	856	70	56
820	853	70	57
824	852	67	58
827	850	64	59
829	862	64	48
831	875	63	37
833	880	66	30
834	879	65	29
835	878	67	29
840	878	64	29
842	877	65	29
840	877	66	30
840	876	69	30
844	876	67	29
843	876	68	30
847	876	64	30
850	874	63	30
854	874	61	31
856	873	58	32
858	872	56	30
860	871	55	31
861	870	55	31
863	868	54	34
865	868	53	35
867	866	53	37
868	864	53	38
873	864	50	39
879	862	45	40
881	861	45	39
883	859	44	43
889	858	42	41
889	855	44	44
894	854	40	41
892	851	43	45
895	850	42	43
896	848	42	45
894	845	47	47
904	843	38	43
901	841	41	46
904	840	39	45
907	837	37	42
909	836	34	37
909	834	34	38
907	832	36	46
908	830	36	45
909	829	33	46
912	827	31	46
912	827	30	49
920	824	23	46
921	823	23	45
921	821	24	50
920	820	24	52
920	819	25	52
919	818	26	54
920	817	28	38
919	817	28	44
919	815	29	36
917	815	28	36
917	815	28	37
916	815	30	40
917	814	29	37
915	814	31	42
913	813	30	39
912	813	30	43
911	813	29	34
911	813	28	32
909	812	29	31
907	813	31	30
905	814	33	30
902	814	36	32
900	815	36	28
900	817	37	30
900	817	38	29
897	819	40	27
896	819	42	27
894	821	44	28
891	823	46	25
889	824	49	27
889	825	48	25
886	826	50	26
888	827	47	23
886	828	50	25
884	829	52	26
884	831	53	25
882	832	55	25
881	832	56	23
879	832	56	27
878	833	57	26
877	834	55	25
875	834	54	25
873	834	54	26
870	835	56	28
870	836	54	26
867	836	50	29
865	838	53	29
864	837	58	31
863	837	61	31
863	836	63	32
858	836	52	35
859	839	51	31
858	839	51	31
854	838	52	32
851	839	55	33
851	839	57	34
849	839	55	34
847	836	54	38
845	838	53	38
845	839	51	38
843	839	51	39
842	843	47	38
841	843	47	42
839	844	47	44
839	843	46	48
839	844	46	50
837	843	46	52
836	843	47	53
834	841	47	55
821	815	55	71
819	813	58	72
817	809	47	91
816	816	53	89
813	815	55	90
815	832	49	77
814	837	52	69
813	840	54	66
812	842	55	68
811	845	58	75
812	849	57	75
812	851	60	73
811	853	64	71
811	855	66	66
812	858	64	75
811	860	67	70
812	862	69	67
822	874	64	55
822	878	61	57
824	881	61	56
825	887	61	49
824	894	66	49
822	897	67	49
828	903	64	48
822	910	74	56
820	911	75	59
819	913	76	61
820	915	78	65
818	916	82	70
818	918	82	71
818	920	82	71
817	922	87	72
845	926	65	73
851	933	59	68
849	933	58	68
852	939	59	68
851	941	63	70
861	951	57	65
862	953	56	63
863	956	56	63
869	973	53	49
870	978	57	55
872	983	57	61
872	987	57	65
869	990	58	69
868	991	60	68
868	997	61	63
873	1006	56	56
872	1007	56	56
870	1010	59	54
873	1012	59	58
882	1018	51	55
880	1018	52	56
883	1018	54	58
889	1024	50	53
888	1024	49	53
889	1026	46	52
890	1027	45	51
899	1035	39	43
902	1042	33	36
907	1049	29	30
908	1053	31	25
907	1051	21	27
908	1060	27	19
899	1056	28	21
889	1053	28	23
884	1045	27	29
882	1033	27	35
880	1032	32	38
890	1015	28	41
886	1015	29	42
879	1023	24	51
878	1023	23	50
898	1025	31	40
886	1016	26	40
895	1023	27	40
893	1023	26	42
891	1023	25	42
891	1025	23	40
891	1019	23	43
888	1026	24	43
892	1032	23	44
891	1028	21	45
892	1037	22	40
890	1036	19	41
895	1027	30	25
900	1027	29	23
898	1028	30	24
896	1030	31	24
895	1032	31	25
897	1034	33	27
898	1036	31	30
899	1038	30	28
899	1041	28	27
900	1042	27	23
900	1043	24	23
901	1045	23	23
899	1047	23	25
898	1048	24	23
899	1050	22	24
898	1051	23	24
897	1052	24	24
896	1053	23	22
896	1054	25	22
896	1055	23	22
897	1055	23	21
895	1057	23	20
894	1058	23	19
893	1059	23	19
894	1059	23	19
894	1060	22	18
892	1061	23	17
893	1061	23	17
890	1063	23	15
890	1063	22	16
889	1063	22	16
888	1064	23	15
889	1064	22	15
888	1066	22	13
887	1066	21	13
888	1067	20	12
888	1067	20	12
888	1066	21	13
888	1066	22	13
887	1063	22	17
885	1059	24	20
883	1055	26	23
879	1051	27	26
863	1043	29	28
862	1043	32	31
861	1044	33	32
861	1045	32	31
856	1043	23	34
853	1037	29	34
844	1033	29	33
860	1035	32	36
847	1034	34	37
840	1035	33	34
841	1036	36	35
852	1036	38	38
864	1026	39	41
889	999	36	38
883	992	33	34
883	982	34	37
890	995	32	35
908	971	28	36
906	944	23	42
905	926	22	52
905	923	21	60
905	922	23	59
903	926	27	54
904	924	27	54
902	925	28	52
905	925	24	57
906	929	25	58
906	933	26	55
904	924	27	58
905	926	25	61
906	922	24	68
905	930	28	62
905	938	28	62
904	943	31	60
905	924	32	64
908	938	48	54
909	949	47	56
909	943	44	58
903	942	50	55
858	917	56	39
855	920	55	32
855	921	51	30
856	923	49	28
857	923	48	26
857	924	47	26
857	923	46	26
857	926	44	24
856	927	44	24
858	927	48	24
858	927	47	24
858	928	47	27
858	928	48	28
858	928	48	28
859	928	49	28
859	929	48	29
859	930	46	27
860	931	46	27
860	931	47	28
861	932	45	26
861	932	44	26
863	932	44	26
863	934	45	23
864	935	44	27
864	936	47	25
864	936	46	26
864	936	48	27
865	937	48	29
866	940	50	30
866	940	51	31
866	940	51	31
867	941	51	33
870	942	52	33
872	941	49	35
872	941	50	35
871	942	51	33
872	943	51	34
872	942	49	29
872	943	47	30
872	944	47	29
874	944	49	32
874	943	49	31
874	943	48	32
872	943	49	32
873	944	48	30
876	945	56	31
874	943	53	31
875	944	55	32
875	944	55	31
876	945	54	30
877	946	52	30
877	947	52	30
878	948	52	29
879	949	51	29
880	950	50	28
880	950	50	28
879	948	48	29
879	950	46	27
878	946	42	30
878	946	42	29
879	950	43	27
879	946	40	29
880	950	41	26
880	948	41	28
879	950	40	25
878	949	43	26
878	947	42	28
876	946	43	29
875	946	42	29
875	948	45	29
873	945	45	28
870	945	45	31
869	942	43	33
867	945	46	30
864	945	45	29
863	945	47	28
864	944	53	29
861	947	52	32
859	944	51	32
858	946	53	33
855	947	52	31
852	947	52	32
849	948	51	31
848	949	53	33
845	949	53	34
