1349	0	570	167
1351	7	547	175
1351	0	531	186
1336	0	529	192
1340	2	520	192
1334	1	496	201
1323	3	531	209
1318	2	524	211
1319	1	503	217
1316	5	509	220
1317	0	505	225
1311	-2	497	230
1307	-1	507	233
1310	0	491	235
1304	0	492	241
1301	-1	503	247
1303	-1	513	250
1302	-1	509	256
1299	-4	518	264
1295	-8	532	272
1290	-14	548	275
1284	-2	521	264
1291	1	530	262
1289	-3	537	273
1285	0	539	270
1357	21	486	367
1368	26	454	376
1501	40	368	592
1526	19	385	672
1317	5	556	721
1279	5	620	720
1185	-1	708	555
1268	12	654	593
1197	-9	730	428
1263	16	652	526
1261	3	668	552
1248	0	676	428
1273	9	632	488
1266	4	644	401
1278	-2	641	362
1266	6	630	391
1264	2	630	365
1245	7	607	362
1255	3	631	379
1246	4	647	380
1241	10	644	388
1243	0	643	386
1234	26	631	360
1444	472	506	321
1191	698	713	219
1139	710	783	188
1118	704	804	218
1115	704	812	208
1104	696	801	213
1079	681	802	211
1046	673	827	266
979	685	863	348
970	655	844	377
933	634	873	368
921	679	860	335
835	630	904	339
848	649	869	310
887	661	837	241
870	659	821	224
852	641	826	198
840	655	836	255
818	632	833	265
790	634	825	243
773	629	844	254
758	636	873	220
770	658	863	195
745	649	890	202
730	650	842	199
706	628	847	216
691	649	867	196
677	651	840	197
679	650	877	193
659	659	848	195
637	648	860	201
614	640	862	232
598	655	832	228
587	643	844	245
581	653	848	240
574	640	821	257
573	648	789	259
538	678	791	247
553	701	754	228
529	691	766	242
528	685	778	247
526	661	761	276
525	658	745	299
513	677	746	291
485	666	770	335
493	656	748	333
487	647	751	343
494	677	722	320
450	704	721	324
422	721	763	311
410	718	742	326
399	709	734	319
402	689	727	353
415	694	678	324
391	685	678	363
393	693	658	333
375	729	673	308
391	722	666	322
387	736	665	312
374	730	680	335
363	746	685	324
221	773	808	265
318	780	700	283
367	767	621	280
347	768	672	295
372	770	614	288
339	803	595	265
350	805	557	232
350	790	543	206
327	787	545	192
329	793	533	190
312	776	541	204
299	773	540	208
295	773	541	203
285	776	533	201
294	762	526	207
288	772	534	210
290	760	540	207
286	776	559	192
271	775	546	183
269	779	536	178
250	767	525	181
258	770	529	178
250	760	537	188
245	751	520	197
240	743	531	204
238	729	526	222
239	716	513	226
234	729	532	216
232	705	518	221
230	718	512	204
224	698	540	201
222	711	536	192
211	704	553	180
213	707	564	189
202	695	569	181
192	694	553	192
186	688	549	177
180	690	542	203
168	676	552	183
177	678	540	209
140	664	576	189
131	661	573	208
127	652	586	269
126	640	600	299
146	620	601	419
135	611	588	468
102	575	601	503
99	549	646	530
171	513	607	555
161	483	594	584
167	452	615	609
149	445	631	617
133	421	679	644
77	391	754	679
0	349	882	704
88	336	843	678
152	293	819	721
167	292	807	728
217	263	789	726
205	246	829	735
199	208	887	739
177	171	920	762
52	102	1109	786
220	86	926	809
299	96	913	803
360	89	893	763
378	64	910	765
384	34	935	779
396	11	954	775
419	14	936	742
401	2	983	753
440	0	971	725
417	-16	1015	776
480	-13	973	644
443	-17	1067	673
439	-6	1058	647
500	-2	987	579
542	-10	951	561
609	-9	891	525
797	564	807	442
943	570	651	354
963	580	616	240
967	570	618	277
967	561	623	364
974	533	602	353
987	517	512	278
999	503	500	292
1000	505	490	289
1003	483	515	320
1015	478	531	359
1022	465	510	421
1033	454	489	475
1045	440	444	472
1041	441	445	470
1045	424	439	482
1047	407	472	471
1049	392	480	448
1021	384	440	423
1062	383	467	397
1166	413	424	380
1286	407	324	372
1341	398	264	370
1348	386	260	365
1349	370	276	379
1328	352	314	390
1334	353	310	384
1344	340	303	349
1359	326	298	365
1369	317	294	362
1371	305	292	349
1371	292	298	344
1376	295	293	348
1380	283	293	337
1386	269	294	334
1385	256	302	329
1379	249	314	331
1308	222	387	335
1208	172	477	376
1187	153	519	402
1178	146	521	409
1166	142	487	387
1164	133	503	385
1156	124	524	384
1151	125	521	378
1155	118	545	357
1141	110	572	334
1132	99	490	296
1130	100	554	318
1124	92	567	308
1124	95	540	302
1353	34	558	289
1107	83	526	286
1379	28	536	269
1345	46	548	271
1359	45	553	288
1380	45	533	307
1403	49	510	339
1332	40	581	304
1063	36	704	213
1022	47	649	204
1022	37	681	192
1013	40	614	185
1008	44	572	168
1004	42	589	168
987	39	597	166
975	38	612	163
961	34	630	166
963	27	630	170
956	26	642	164
941	18	645	168
931	22	593	157
928	20	571	160
916	18	614	154
919	21	614	146
907	18	626	150
899	18	641	152
882	21	644	156
870	18	628	163
860	19	657	176
860	11	650	175
863	16	656	161
850	16	658	174
841	12	668	186
831	14	643	185
821	5	656	188
825	18	649	176
809	6	670	193
792	12	685	186
772	5	696	192
749	11	707	181
740	15	677	181
733	9	686	191
727	16	683	182
719	8	694	188
702	14	696	188
689	9	687	200
674	8	699	207
676	7	697	209
656	3	716	218
664	20	720	196
637	-4	743	224
257	265	684	394
278	230	711	466
295	243	685	443
321	261	714	455
609	-23	734	287
395	327	666	396
440	356	644	390
522	378	573	391
521	384	573	375
611	409	496	370
681	475	449	323
743	470	492	357
820	506	517	347
859	504	500	357
852	503	503	366
943	823	629	264
934	831	635	247
929	840	674	244
937	846	638	228
942	854	642	224
941	842	643	239
937	855	626	225
935	793	613	285
947	747	611	327
952	638	583	430
952	647	553	423
938	641	504	410
932	664	421	378
960	674	343	349
995	686	335	359
949	692	400	367
941	692	424	376
938	690	432	380
935	700	452	377
925	697	475	386
919	703	508	375
918	711	537	374
899	718	560	362
900	716	591	362
891	718	588	363
939	731	551	355
948	732	531	352
1009	738	487	340
996	747	485	335
1010	747	471	332
1016	741	463	339
1006	819	483	269
1032	859	452	232
961	759	499	296
912	713	612	346
1093	703	807	365
1009	695	895	387
600	39	767	654
622	6	752	746
660	-17	742	667
663	-6	757	685
646	3	783	750
695	-7	764	656
701	-2	754	639
743	0	729	645
775	4	710	639
804	2	708	585
813	0	686	597
814	-8	684	564
811	-2	690	566
798	-4	702	527
833	7	656	544
901	0	597	547
904	-2	595	572
948	0	571	490
1031	-10	522	416
1090	1	413	426
1138	-3	356	443
