1075	260	54	30
1074	256	56	32
1075	255	56	34
1075	254	56	34
1072	255	59	34
1071	255	59	34
1071	255	60	34
1068	256	61	34
1069	255	61	36
1069	256	61	35
1064	255	66	36
1064	255	65	35
1064	255	65	36
1063	256	65	35
1063	256	65	35
1063	257	65	34
1061	257	65	35
1062	258	63	34
1061	258	64	34
1059	257	65	34
1060	257	64	34
1059	257	65	34
1054	258	68	35
1055	259	69	35
1055	258	68	36
1053	259	72	35
1052	259	74	36
1053	258	73	37
1049	260	75	36
1048	261	77	35
1048	260	77	36
1045	260	78	39
1045	259	78	40
1045	259	80	41
1047	258	78	41
1047	258	78	41
1045	258	80	42
1043	257	82	44
1042	257	83	44
1042	257	83	44
1042	258	82	45
1042	258	81	45
1042	257	82	46
1042	256	85	48
1041	257	87	53
1039	257	87	61
1039	253	88	53
1041	254	89	51
1040	254	87	51
1034	255	94	51
1033	254	95	54
1034	253	94	54
1034	253	96	60
1032	253	94	61
1032	251	97	61
1029	250	101	64
1029	251	101	65
1029	251	100	68
1009	247	121	72
937	186	99	89
931	184	101	88
900	177	132	96
865	162	168	114
860	159	176	122
876	169	228	135
867	166	198	140
877	166	202	141
891	175	213	133
888	174	192	133
891	175	216	129
904	192	194	122
905	190	212	123
898	190	199	132
915	204	196	119
914	203	184	117
914	204	193	116
926	212	186	123
928	210	183	124
927	210	185	124
943	219	179	126
942	218	175	122
942	218	175	124
952	220	173	131
953	221	176	134
954	221	177	128
967	230	173	145
968	231	180	137
967	231	183	138
973	237	185	138
975	238	184	131
975	240	184	132
995	257	169	133
995	257	171	132
996	256	172	132
1001	264	176	136
1000	265	176	132
998	263	176	135
1000	277	186	131
998	273	185	130
998	278	186	125
998	285	197	131
997	282	197	129
997	284	198	126
996	290	210	139
996	283	208	138
994	285	208	133
996	288	222	155
998	285	220	153
996	284	223	152
1006	287	217	152
997	285	223	153
1004	287	221	156
1075	310	173	172
1069	311	168	149
1068	315	171	141
1085	329	167	149
1092	325	154	148
1094	326	157	144
1087	339	167	152
1098	338	158	141
1086	337	165	141
1109	347	153	143
1105	349	156	135
1105	349	152	131
1121	358	142	121
1121	359	142	116
1121	359	144	118
1131	361	139	124
1131	363	137	120
1131	363	137	122
1136	376	137	117
1136	374	138	127
1137	374	136	125
1149	393	130	121
1151	391	127	121
1150	392	130	122
1166	407	119	111
1168	411	117	112
1167	409	116	112
1180	422	108	107
1177	414	109	115
1178	419	109	114
1189	417	103	117
1192	418	100	111
1193	418	101	116
1201	423	100	125
1208	423	85	126
1206	425	89	122
1214	423	82	123
1218	423	78	137
1217	422	80	130
1226	438	76	128
1223	435	79	126
1223	429	77	129
1233	456	71	117
1231	456	79	114
1233	459	74	111
1246	464	60	109
1245	466	69	106
1245	466	73	106
1247	462	66	115
1247	464	69	114
1247	463	67	115
1245	466	74	132
1244	464	76	140
1243	465	79	138
1248	479	72	120
1252	483	66	115
1256	487	63	110
1259	494	59	116
1261	491	64	117
1265	494	58	115
1270	501	49	113
1269	501	48	112
1270	500	49	112
1271	513	48	109
1273	518	46	105
1273	515	45	107
1275	522	44	105
1276	527	42	100
1280	515	42	111
1280	524	44	112
1276	529	44	108
1278	538	43	100
1279	551	42	95
1283	555	38	88
1281	552	40	89
1281	561	39	89
1279	560	42	90
1280	562	40	89
1282	576	40	85
1283	576	39	83
1283	576	39	82
1277	585	45	83
1283	578	44	92
1281	583	43	87
1287	586	38	91
1286	580	38	95
1287	586	36	89
1285	585	39	98
1286	585	40	99
1286	584	40	101
1287	590	38	100
1286	591	39	99
1286	591	39	100
1286	595	40	102
1287	596	40	100
1287	597	40	98
1288	603	38	99
1289	605	38	98
1289	602	37	100
1289	611	38	97
1289	612	36	96
1289	609	37	100
1285	620	41	98
1281	619	43	96
1281	623	44	93
1279	634	47	89
1279	636	47	87
1279	635	47	87
1281	646	45	88
1280	646	48	89
1281	644	46	92
1278	645	48	88
1278	646	48	88
1277	647	49	86
1287	652	42	84
1287	663	41	73
1291	668	37	67
1293	671	34	69
1293	671	33	69
1293	671	33	69
1293	679	38	66
1292	679	38	67
1293	677	38	68
1291	687	38	63
1292	687	37	62
1292	686	38	63
1295	693	39	58
1296	693	37	59
1296	693	36	58
1294	700	40	53
1294	701	40	53
1294	700	40	54
1293	705	44	52
1293	705	45	53
1293	704	44	54
1294	707	43	51
1294	708	43	51
1294	708	43	51
1294	713	48	50
1295	713	47	50
1295	712	47	51
1297	712	50	53
1297	713	50	53
1297	713	50	53
1296	713	52	52
1296	711	53	55
1296	712	54	54
1298	718	52	49
1294	711	55	56
1298	719	52	49
1300	721	52	51
1303	722	50	51
1302	720	50	52
1302	716	52	56
1301	717	52	55
1302	718	51	54
1300	719	57	56
1299	719	58	57
1299	718	59	58
1302	726	58	52
1304	725	56	52
1303	726	57	52
1305	724	58	55
1306	725	58	54
1306	725	59	54
1310	733	54	48
1313	733	51	46
1313	733	50	46
1311	734	54	47
1312	734	54	46
1312	733	54	47
1318	738	51	45
1323	741	47	42
1323	739	47	44
1321	737	52	46
1320	737	52	47
1322	736	50	47
1323	745	54	39
1322	745	57	39
1323	745	56	39
1327	745	59	39
1327	745	59	40
1327	744	59	40
1331	754	60	32
1332	752	64	34
1337	757	68	29
1341	757	65	32
1346	755	61	33
1348	755	59	34
1352	753	54	33
1352	753	54	32
1353	752	53	32
1356	753	50	32
1353	754	51	32
1356	753	50	33
1358	753	46	34
1357	753	48	34
1358	753	47	34
1360	752	44	35
1361	752	44	35
1361	752	42	34
1363	754	39	34
1364	754	39	34
1364	754	38	33
1365	754	40	34
1367	754	37	34
1366	754	38	34
1366	755	40	34
1367	754	40	34
1367	755	40	34
1367	755	38	36
1365	755	40	35
1364	755	41	35
1361	757	47	36
1360	758	49	36
1361	757	49	36
1366	757	45	37
1366	756	45	36
1366	756	46	37
1368	757	47	38
1369	756	46	38
1368	756	47	38
1371	756	51	41
1370	756	52	41
1370	755	51	41
1367	755	54	43
1368	755	54	42
1368	755	53	42
1371	756	52	44
1371	756	52	43
1372	756	51	43
1372	757	56	49
1371	756	56	47
1371	756	56	48
1372	757	58	48
1372	757	57	48
1372	757	57	48
1375	757	55	51
1376	757	55	51
1375	756	55	51
1378	759	56	51
1377	758	56	52
1378	758	56	52
1377	759	60	52
1376	759	61	53
1376	758	61	52
1373	759	66	54
1379	758	60	53
1374	758	65	54
1382	761	59	53
1390	765	54	50
1393	769	51	45
1395	774	49	43
1395	776	49	40
1396	777	49	39
1400	777	47	39
1399	777	47	39
1399	777	47	39
1400	776	45	43
1401	776	44	42
1399	776	46	42
1398	776	46	45
1398	776	47	45
1398	776	49	45
1401	780	52	44
1400	778	43	46
1400	780	42	44
1400	779	42	46
1400	778	43	47
1399	778	45	47
1401	774	45	50
1401	771	44	53
1400	771	46	54
1400	767	46	58
1399	767	49	59
