866	2	207	74
866	-1	204	84
864	-2	207	88
862	-2	210	94
862	-3	211	91
860	-2	213	101
852	-1	206	103
855	-1	222	104
855	-1	193	104
855	-1	205	110
847	0	211	125
844	0	208	122
841	0	213	119
843	0	206	120
844	2	189	120
842	7	161	116
847	31	140	96
839	28	161	100
840	27	162	108
834	28	174	111
832	23	187	120
813	40	200	110
836	48	174	106
836	38	180	114
823	42	194	115
836	40	184	119
824	34	201	131
815	53	212	119
832	56	190	116
828	94	189	85
826	96	190	88
830	107	189	70
830	113	192	75
827	121	197	65
826	124	203	76
826	131	196	67
829	137	185	65
830	142	171	61
836	147	153	58
837	150	154	59
841	155	159	63
840	157	168	62
845	161	165	78
844	160	165	71
848	164	171	75
851	164	173	78
855	166	166	79
857	167	164	80
859	169	162	83
861	171	155	83
864	174	153	86
867	176	147	88
869	178	144	89
873	179	140	93
876	180	136	98
878	181	132	101
882	184	127	106
885	185	120	107
884	186	121	116
891	187	110	121
894	187	102	127
895	187	99	133
899	186	98	138
902	187	94	144
905	186	87	156
908	183	78	167
909	171	77	186
910	169	76	197
916	183	65	198
918	182	59	202
920	186	59	206
923	182	60	219
925	191	65	213
929	204	69	210
933	253	69	173
935	247	75	184
938	252	76	186
940	238	80	208
944	253	82	204
943	244	86	221
949	262	87	215
950	256	92	223
950	255	106	233
952	263	113	226
954	261	124	241
955	262	124	245
959	269	125	247
965	277	136	246
961	278	135	251
968	295	128	237
976	302	131	239
978	310	129	237
988	321	127	224
992	324	127	224
1000	334	134	220
999	335	133	224
1009	349	138	218
1003	350	147	222
999	363	163	222
922	374	227	227
858	383	269	225
917	384	278	225
923	385	273	230
938	392	261	222
927	390	271	224
942	401	267	213
947	407	254	207
942	429	264	185
957	421	259	195
947	455	272	166
935	450	294	178
949	456	289	171
966	454	270	173
971	467	272	161
971	477	270	152
974	482	280	152
970	484	290	152
974	487	291	149
984	491	281	148
993	492	291	149
997	497	282	149
1003	494	276	155
1004	493	270	163
1009	489	272	172
1010	484	278	191
1026	492	281	177
1158	444	287	190
1073	444	349	221
1036	454	392	250
1014	461	435	261
978	453	423	288
1026	449	425	278
1017	457	412	277
997	474	428	287
1017	455	393	292
980	484	405	304
1031	460	383	284
922	500	390	319
1060	454	381	231
973	495	328	295
946	485	342	305
1051	475	356	264
1046	476	350	228
1101	472	341	208
1078	471	346	207
1067	471	347	204
1111	464	292	222
1077	479	316	215
1125	469	269	216
1094	456	298	236
1123	464	259	219
1069	464	300	230
1123	472	238	228
1084	468	304	224
1117	458	255	238
1103	465	261	226
1136	469	224	228
1105	460	260	230
1125	461	239	234
1114	453	250	240
1112	451	251	235
1115	453	251	229
1112	447	245	232
1122	445	234	225
1113	440	239	201
1125	441	219	170
1131	443	224	203
1127	437	229	181
1128	444	221	188
1123	441	219	170
1122	438	222	177
1117	437	231	181
1117	435	231	183
1118	430	222	187
1118	428	216	184
1118	426	198	186
1121	422	203	193
1117	418	196	195
1117	414	205	204
1112	411	205	207
1111	408	208	211
1108	405	214	214
1108	385	207	235
1100	400	211	227
1106	347	208	271
1105	351	197	275
1106	376	199	251
1102	342	198	284
1101	354	201	275
1102	380	197	247
1101	347	190	278
1099	370	192	259
1097	344	200	280
1092	337	195	293
1096	335	195	294
1088	333	198	297
1096	333	188	299
1098	335	185	291
1087	340	191	289
1092	337	186	290
1087	339	187	287
1088	336	189	288
1084	338	188	285
1087	330	190	294
1083	335	186	288
1080	321	190	301
1081	317	187	307
1080	311	185	309
1078	313	183	311
1076	311	191	315
1073	301	191	316
1073	301	181	313
1072	284	188	331
1070	284	187	330
1069	272	189	348
1068	275	188	352
1064	281	186	326
1067	266	194	340
1063	284	185	322
1060	280	200	330
1054	276	193	326
1054	263	212	301
1043	227	201	354
1053	269	255	309
1044	258	215	337
1052	263	224	350
1063	253	262	371
1025	210	216	391
1055	261	259	374
1039	225	300	389
997	176	325	418
1028	183	301	420
1032	229	325	413
1038	266	347	381
1012	208	289	378
1050	244	320	380
920	447	442	246
1020	255	337	335
1086	268	329	367
1021	200	369	434
940	438	443	268
1054	390	370	253
1041	258	357	363
924	473	455	227
1060	274	363	335
1030	229	349	391
998	437	413	234
1068	399	341	240
1039	436	344	207
1108	437	281	200
1091	479	300	156
1120	350	267	263
1118	342	269	282
1020	392	343	270
1046	441	344	219
1111	413	287	220
1119	359	239	256
1122	450	257	183
1132	473	248	159
1129	493	241	138
1133	490	235	136
1132	493	236	133
1133	483	233	140
1131	490	236	129
1135	483	234	134
1138	481	234	134
1137	479	234	135
1137	477	235	138
1135	481	240	137
1133	495	241	130
1133	472	243	147
1129	482	250	143
1135	493	248	143
1127	466	255	164
1103	506	282	135
1121	463	267	150
1121	471	269	159
1090	512	299	133
1122	492	275	134
1186	509	226	127
1217	517	188	111
1230	518	173	100
1246	517	159	86
1249	514	158	84
1257	514	157	84
1258	511	159	87
1267	511	154	85
1267	505	158	92
1272	505	155	89
1273	501	157	92
1271	501	162	93
1273	501	163	92
1278	498	164	92
1270	496	174	97
1277	494	169	94
1264	492	184	97
1264	490	184	95
1255	491	197	94
1270	487	183	97
1295	490	162	95
1298	487	163	97
1305	488	157	95
1306	483	157	101
1311	483	157	106
1311	479	157	104
1312	477	157	106
1315	474	154	109
1320	471	151	110
1323	469	149	113
1327	464	146	117
1335	465	140	114
1336	465	142	113
1333	462	148	113
1345	460	139	114
1346	457	138	117
1350	447	137	127
1352	440	136	131
1356	441	133	125
1354	426	139	143
1358	422	135	140
1359	415	135	147
1360	413	135	142
1361	405	135	146
1363	392	133	154
1362	397	131	146
1366	387	127	152
1365	383	125	155
1369	379	120	149
1370	375	118	153
1374	367	110	162
1375	363	107	164
1375	351	104	167
1376	350	99	159
1378	341	93	160
1381	330	81	162
1382	326	75	163
1381	323	75	163
1383	319	72	157
1384	313	69	157
1388	312	64	155
1388	307	63	153
1389	302	60	158
1389	297	56	159
1389	285	51	157
1389	288	49	151
1390	278	54	166
1390	266	61	184
1389	231	55	217
1388	258	56	195
1383	226	54	220
1382	226	58	219
1379	226	55	218
1377	224	56	221
1372	218	58	224
1371	208	55	195
1372	199	48	161
1368	207	49	144
1365	200	49	144
1362	193	44	144
1358	187	46	143
1355	179	46	146
1352	176	46	148
1350	155	45	162
1345	143	50	167
1340	130	52	173
1337	143	50	155
1333	141	53	156
1329	122	57	167
1325	133	55	152
1322	127	58	139
1317	127	53	117
1314	124	59	124
1311	120	60	126
1306	116	62	124
1302	111	72	124
1300	108	62	125
1295	104	68	124
1292	101	72	123
1288	98	77	127
1285	95	76	127
1280	91	81	128
1276	87	83	134
1274	84	87	132
1269	79	89	126
1264	75	100	137
1259	72	101	129
1257	69	102	134
1253	64	108	134
1250	60	109	139
1247	58	109	138
1245	54	110	143
1241	50	112	139
1238	47	114	146
1234	44	118	145
1230	40	120	142
1227	38	121	148
1223	34	117	138
1219	34	119	141
1214	30	122	136
1209	26	125	135
1205	26	124	137
1200	22	129	150
1198	19	128	141
1193	17	133	144
1188	15	135	131
1185	15	135	142
1181	8	141	133
1177	12	143	144
1173	5	141	113
1169	6	145	108
1169	3	141	104
1164	0	143	104
1160	0	144	105
1157	0	143	105
1153	0	143	105
1149	0	143	100
1142	-1	146	99
1140	0	144	98
1137	0	143	97
1133	0	143	96
1128	0	146	93
1124	0	145	92
1122	1	145	94
1116	0	147	91
1112	0	152	97
1111	0	148	93
1105	0	154	102
1106	0	153	94
1103	0	154	77
1101	0	144	66
1102	0	142	69
1096	0	140	60
1096	0	137	59
1093	0	136	60
1093	0	132	57
1083	-1	139	55
1084	0	137	50
1078	0	142	48
1078	0	138	44
1072	0	135	42
1067	0	135	40
1061	-1	140	41
1056	-1	129	39
1051	0	124	36
1054	0	113	34
1046	0	119	34
1048	0	111	32
1029	0	123	29
1034	0	116	30
1018	0	122	31
1016	0	117	33
1000	1	108	41
1022	0	104	32
1003	2	89	50
997	2	91	59
990	1	96	51
997	2	84	59
1000	4	86	77
959	0	114	66
944	4	132	72
863	33	130	103
784	5	138	133
771	8	150	139
776	12	143	138
779	18	151	137
768	8	156	152
769	19	154	136
775	5	149	155
790	19	144	145
781	26	153	137
784	24	162	143
786	24	178	156
782	42	196	145
778	49	181	138
780	55	185	136
785	38	191	151
782	57	177	138
781	41	176	155
780	63	166	135
770	39	180	158
774	62	180	140
770	72	176	134
769	51	179	148
769	76	174	130
760	67	177	139
760	80	179	128
756	72	163	141
756	69	173	139
753	73	179	145
750	79	172	141
750	79	176	138
749	82	175	153
740	83	179	144
738	80	189	145
737	92	175	137
739	86	171	152
742	89	173	143
733	95	162	154
733	93	162	150
731	96	167	152
717	95	176	162
711	92	176	152
712	101	164	146
694	99	172	153
696	94	150	151
712	105	125	145
717	110	120	144
707	111	128	147
710	113	131	146
705	116	126	143
701	118	123	141
713	121	107	140
702	124	116	140
695	124	123	140
693	127	123	140
693	130	120	137
687	132	124	139
690	135	115	134
687	139	118	133
683	140	117	134
685	142	109	133
676	149	113	125
680	151	107	127
674	152	110	128
674	155	106	127
670	156	105	126
668	158	104	125
665	163	102	122
654	164	111	125
666	169	96	121
658	172	103	123
657	168	102	127
651	169	105	129
651	176	101	125
645	177	103	127
640	185	104	119
635	186	105	127
633	190	107	132
624	193	112	121
621	196	109	119
615	196	109	122
608	206	111	114
603	198	113	120
595	209	116	112
592	207	116	114
589	217	115	105
585	208	113	115
578	215	114	110
572	215	117	111
571	221	111	108
560	218	116	113
552	221	119	108
544	225	119	107
543	230	116	102
543	237	107	96
542	228	99	105
535	233	100	103
528	235	97	102
523	237	96	100
520	236	90	103
494	249	108	94
499	251	96	92
488	254	98	91
478	254	98	91
474	256	95	91
466	258	94	89
459	261	93	89
448	264	94	86
441	265	94	90
430	264	99	91
425	268	95	90
411	266	101	94
422	269	84	104
413	262	84	108
402	272	88	112
396	252	90	128
387	278	90	108
402	278	81	102
395	282	80	101
389	283	78	103
384	286	76	94
374	292	75	87
371	293	71	82
360	295	71	83
344	300	86	90
349	298	69	88
344	303	64	77
336	306	63	74
328	309	67	74
321	312	69	76
314	315	69	81
304	315	70	76
296	315	71	78
287	316	73	79
278	319	74	80
269	323	77	84
263	324	77	83
255	330	81	86
251	335	115	93
236	330	123	105
225	334	126	102
219	337	120	102
210	337	119	103
196	334	125	108
195	339	113	104
189	342	112	102
182	345	108	100
171	339	112	107
171	343	110	105
163	346	110	103
158	347	105	103
157	351	104	98
142	329	105	119
147	349	96	100
141	346	102	102
135	346	97	100
126	345	104	100
113	344	115	100
106	342	111	99
97	340	117	100
90	337	119	101
81	336	120	100
73	333	123	101
67	331	126	100
61	327	125	101
57	326	124	99
48	322	127	101
38	320	131	102
29	317	134	103
15	315	141	107
2	312	146	134
0	310	142	118
0	307	137	107
0	305	129	109
-1	305	121	113
0	305	112	110
-1	304	105	108
-1	302	96	111
-1	301	89	110
-1	299	80	125
1	304	67	142
1	305	55	150
0	303	48	151
