1761	210	158	77
1713	184	192	102
1633	182	150	158
1657	175	119	170
1628	176	126	167
1650	178	99	163
1651	173	114	145
1643	174	88	152
1642	192	142	134
1622	212	180	117
1598	217	193	100
1595	220	176	103
1588	223	174	90
1571	230	183	103
1557	233	184	97
1560	233	186	96
1542	244	188	98
1520	247	209	89
1531	258	189	82
1537	255	178	78
1534	265	176	81
1527	262	182	75
1601	342	178	108
1603	339	173	109
1591	343	185	115
1587	343	192	112
1580	341	199	113
1576	341	203	111
1572	337	206	124
1566	334	211	126
1558	324	225	131
1532	305	259	106
1561	333	224	133
1558	325	233	129
1534	297	296	104
1487	206	341	113
1460	204	374	118
1414	211	405	112
1380	231	411	104
1340	227	400	95
1319	260	393	92
1282	278	362	92
1279	293	334	88
1302	301	319	85
1452	180	295	130
1639	19	281	128
1587	97	323	113
1614	60	304	139
1586	86	323	127
1585	103	332	125
1591	92	326	145
1585	92	330	150
1589	102	329	151
1572	124	344	144
1575	144	343	140
1567	147	351	147
1572	162	343	144
1576	171	321	148
1571	201	344	134
1600	142	301	153
1592	195	326	147
1573	213	340	142
1574	238	340	128
1576	248	333	115
1567	259	344	116
1554	255	365	116
1524	262	385	125
1538	259	382	118
1498	265	323	129
1479	293	273	109
1461	300	259	94
1460	301	258	92
1442	307	257	90
1429	317	256	94
1411	329	263	98
1447	451	233	86
1402	340	268	93
1487	300	256	105
1367	360	270	105
1366	358	285	91
1350	365	277	91
1330	369	300	95
1270	375	329	97
1263	375	338	97
1213	381	362	100
1164	388	385	107
1159	389	386	112
1156	392	389	112
1131	400	379	107
1123	411	356	108
1091	420	347	107
1091	423	340	105
1076	428	340	112
1067	430	343	125
1057	434	313	121
1060	432	313	118
1046	438	303	112
1033	439	296	114
1018	443	289	112
1020	443	294	112
1005	453	280	105
974	456	287	111
946	462	298	118
944	457	300	121
918	460	324	129
880	468	340	133
857	480	330	125
852	486	332	121
829	495	337	119
777	505	353	130
707	515	427	141
727	508	419	148
687	513	472	146
668	516	467	153
624	531	436	160
612	543	365	149
583	564	335	140
513	584	343	151
489	593	332	149
489	590	330	155
457	606	319	141
415	621	335	132
367	630	326	137
369	631	333	136
318	649	320	136
