842	656	89	77
840	656	88	77
840	658	88	77
840	660	90	77
839	662	90	78
838	666	91	78
838	667	91	78
838	669	91	77
838	671	92	78
839	674	90	77
839	675	89	78
840	678	85	78
841	681	82	77
842	684	80	76
843	687	76	75
845	690	74	74
845	692	75	74
850	696	71	72
851	698	71	73
852	700	73	72
856	703	71	72
856	704	75	73
858	708	74	73
859	710	75	73
860	712	76	75
860	714	79	75
862	716	79	75
862	718	81	75
862	720	82	75
863	722	85	75
863	724	87	75
863	726	89	74
864	727	90	74
866	729	93	74
866	731	94	73
867	732	96	73
868	733	97	72
868	734	99	72
870	736	99	71
871	736	101	72
873	738	101	71
874	738	102	71
877	739	101	71
876	739	103	71
879	740	102	70
876	741	108	70
880	741	106	70
879	742	109	69
881	742	109	70
882	741	110	71
883	741	112	72
886	741	111	71
884	740	116	72
890	739	112	73
891	738	112	75
894	736	111	77
897	735	111	79
898	734	112	82
899	732	115	85
902	731	115	86
905	730	114	87
907	728	114	89
908	726	114	90
910	726	113	88
914	723	108	89
919	721	104	88
921	722	102	85
924	719	99	87
928	717	97	85
932	717	92	84
932	714	94	85
935	712	91	85
938	710	90	85
940	708	88	84
941	707	88	83
942	706	87	82
944	704	87	82
945	702	86	82
947	701	84	82
948	699	83	81
951	697	83	81
951	696	82	81
953	695	79	80
954	692	79	82
954	690	80	84
955	689	79	83
956	687	80	84
956	685	82	85
957	685	81	84
959	683	79	83
960	681	80	85
960	679	80	86
960	679	82	85
959	676	84	86
959	675	86	86
958	675	87	84
955	674	90	85
953	670	94	87
949	672	97	85
946	669	101	86
945	670	101	86
943	669	102	87
941	668	106	87
939	667	107	88
937	665	109	90
935	664	111	89
933	664	113	89
932	663	113	88
929	662	114	87
928	660	113	90
925	659	113	90
924	656	112	89
920	655	115	91
918	653	116	90
917	650	115	91
915	649	116	91
912	647	112	91
910	646	115	91
907	643	111	93
905	643	107	92
903	643	101	91
901	641	97	91
898	641	97	90
895	639	93	90
893	639	89	90
890	635	89	93
888	637	85	90
884	635	83	91
882	633	80	92
879	634	79	92
877	633	78	93
875	633	77	93
872	632	77	94
869	631	78	96
868	630	77	95
866	630	77	96
862	628	79	98
860	629	79	96
857	629	80	97
856	628	80	98
855	628	79	97
855	628	77	96
853	628	77	94
851	629	78	93
851	629	76	93
849	630	76	92
848	629	74	92
846	630	75	90
845	630	75	92
843	630	76	91
841	630	77	91
840	630	77	92
837	629	77	91
834	630	78	89
833	629	78	91
830	627	79	92
828	628	80	91
827	627	80	92
825	628	81	90
823	626	81	92
822	627	81	92
821	625	81	94
819	625	80	94
818	624	80	97
817	624	81	97
816	624	80	99
815	625	82	98
816	625	80	99
815	625	80	101
813	625	81	102
812	626	82	102
811	626	83	103
809	629	85	101
809	626	86	105
807	628	87	103
808	627	86	104
807	627	87	103
808	628	87	101
808	626	87	101
809	628	86	96
812	629	86	93
812	628	85	93
812	628	85	91
813	628	85	91
814	629	84	92
814	629	84	93
814	630	86	92
815	630	87	92
816	630	84	92
816	631	88	93
817	632	86	93
817	632	87	95
817	632	86	94
819	634	85	93
822	634	83	95
823	634	83	96
824	634	83	97
824	635	84	96
826	636	83	97
833	635	78	99
831	636	82	100
837	636	78	102
838	637	78	102
838	636	83	104
841	636	80	105
842	637	80	106
845	638	82	105
849	639	82	106
852	640	84	105
854	641	83	108
853	640	84	114
851	639	87	115
849	641	91	114
850	640	93	115
851	641	96	115
855	641	98	115
860	640	98	116
861	641	100	117
865	641	105	117
867	642	104	115
870	643	110	113
871	644	117	108
872	645	125	108
875	647	131	107
879	647	135	111
883	647	137	112
885	647	140	116
890	646	140	114
892	644	142	116
895	643	142	118
896	642	145	119
901	639	143	121
904	635	146	126
906	631	148	130
907	625	153	134
907	629	155	129
910	631	157	128
911	637	162	122
912	642	167	117
917	642	166	116
922	650	169	109
926	654	169	105
923	650	175	109
924	651	180	107
924	654	185	105
926	652	184	108
928	651	187	111
934	654	184	108
932	655	190	108
936	655	191	108
940	658	191	106
947	662	190	103
950	663	190	100
960	664	185	99
967	664	181	100
973	665	180	100
980	664	177	100
990	664	172	102
992	662	175	103
997	661	175	105
1004	659	174	109
1011	655	173	114
1014	649	175	120
1030	647	164	123
1022	645	178	125
1028	641	178	128
1025	642	190	127
1026	642	196	127
1053	658	174	113
1047	645	180	120
1073	663	157	106
1073	665	158	103
1077	666	158	102
1081	668	159	103
1085	669	163	105
1090	672	164	107
1094	673	164	104
1095	674	169	108
1101	678	168	109
1107	681	172	108
1111	684	171	108
1119	687	170	109
1120	687	171	111
1122	687	173	115
1116	667	182	137
1113	660	185	147
1126	670	177	141
1120	669	188	146
1129	672	176	142
1157	681	154	135
1149	679	153	140
1170	687	139	133
1175	692	131	131
1181	695	131	131
1183	698	127	135
1186	702	129	133
1189	706	127	135
1192	711	126	136
1194	721	128	132
1196	731	131	132
1200	740	135	135
1201	745	136	133
1201	751	146	135
1205	758	154	132
1215	766	153	127
1219	776	158	124
1223	786	160	121
1222	790	164	124
1219	796	169	126
1240	799	151	132
1213	798	178	143
1258	821	130	133
1267	828	125	131
1276	839	120	131
1283	848	119	131
1287	858	118	131
1292	867	117	132
1296	875	118	136
1304	883	117	138
1310	894	114	139
1311	904	115	140
1314	910	116	144
1322	920	108	146
1326	930	104	142
1331	943	98	135
1339	954	94	124
1344	962	92	115
1348	970	90	107
1352	979	91	99
1355	979	94	99
1354	975	104	103
1358	988	91	91
1366	994	71	85
1367	1004	70	74
1370	1010	64	68
1371	1018	69	60
1371	1023	68	53
1373	1031	64	46
1377	1038	63	40
1378	1045	66	33
1385	1046	58	32
1392	1049	58	30
1397	1019	50	46
1419	990	39	61
1422	996	39	68
1427	999	38	71
1432	1001	39	70
1438	1011	42	66
1446	1015	46	63
1483	1004	51	68
1489	1010	55	65
1483	1017	68	60
1495	1019	63	59
1504	1021	67	56
1504	1016	66	61
1508	1015	75	62
1519	972	78	57
1523	978	83	51
1526	983	81	48
1531	988	76	50
1531	973	76	55
1544	988	79	57
1545	988	79	56
1543	989	77	55
1542	1000	78	61
1546	1005	86	57
1554	1021	92	54
1542	1035	112	45
1546	1021	112	56
1549	1026	115	52
1550	1023	120	54
1547	1008	116	68
1559	996	120	78
1554	982	115	91
1563	984	121	92
1558	986	130	92
1564	995	134	83
1556	985	133	90
1565	989	134	88
1565	993	137	84
1571	1003	142	74
1576	986	134	88
1567	966	127	105
1572	1004	152	80
1566	1017	183	64
1555	1011	190	67
1553	1022	205	59
1549	1016	205	62
1548	1008	202	68
1561	1006	207	73
1558	998	218	81
1528	962	169	111
1512	976	174	105
1509	964	170	112
1514	953	158	122
1515	918	143	150
1511	935	150	147
1508	945	159	135
1486	924	158	147
1483	864	151	152
1484	822	160	138
1459	821	162	128
1463	857	147	138
1444	840	144	141
1446	838	150	132
1437	873	175	113
1464	871	204	94
1419	857	213	92
1437	847	222	95
1373	943	151	129
1353	992	157	87
1378	1007	129	71
1375	1000	118	76
1371	988	144	87
1339	978	175	97
1316	970	188	106
1302	960	187	116
1291	948	185	128
1282	941	175	133
1275	930	161	144
1267	923	153	155
1258	914	173	162
1251	906	172	164
1244	891	171	174
1236	884	171	168
1230	876	169	165
1229	871	161	163
1226	856	163	168
1217	848	174	167
1210	839	170	167
1203	832	164	167
1196	825	161	165
1189	816	164	165
1181	808	167	166
1174	801	169	163
1166	793	174	162
1158	786	175	161
1152	779	174	160
1145	773	175	159
1139	767	172	159
1130	758	176	160
1111	747	189	164
1080	738	208	168
1071	738	204	165
1067	734	202	163
1052	725	210	165
1051	716	206	168
1042	709	213	170
1029	702	216	175
1026	698	213	174
1020	690	215	176
1019	684	208	177
1017	675	205	179
1014	671	191	178
1010	659	192	183
1006	657	188	178
1001	652	183	179
1000	650	180	176
995	645	172	177
991	639	170	178
989	631	171	181
984	631	174	179
982	625	171	183
981	620	170	184
980	618	173	183
979	614	174	184
980	609	175	185
981	606	172	186
982	601	169	188
984	599	170	188
987	594	169	192
988	593	166	191
990	585	169	197
993	583	174	199
996	581	182	203
997	581	191	202
1004	582	180	200
1004	575	185	207
1015	579	172	202
1034	580	154	199
1037	575	149	206
1043	572	141	209
1041	569	145	212
1044	571	142	210
1042	569	148	213
1044	570	146	212
1045	570	149	213
1040	564	154	217
1022	568	168	215
1000	564	199	217
988	566	207	215
982	560	203	220
980	549	204	233
974	551	209	231
968	552	210	228
963	559	211	222
964	553	201	227
959	558	201	222
958	549	207	230
956	553	209	225
956	546	216	230
959	558	208	219
957	545	226	229
956	556	221	220
957	541	240	233
952	553	249	225
952	551	264	228
949	552	258	231
945	548	288	232
945	548	285	240
948	550	298	236
943	547	314	239
952	544	316	242
946	545	332	246
936	546	351	250
953	545	333	244
964	544	330	247
982	546	316	257
1010	549	289	250
1041	543	256	257
972	537	331	272
1032	547	276	263
1019	536	283	275
1020	547	274	265
1019	545	273	262
1016	542	272	263
1014	547	266	254
1011	546	263	251
1006	548	263	251
1003	551	264	248
998	553	265	244
994	559	267	237
991	559	271	237
987	558	270	238
985	558	269	241
983	559	265	240
980	562	265	238
978	563	266	239
975	562	273	242
973	563	278	245
971	561	276	251
968	559	278	252
967	557	279	255
966	555	278	257
965	553	275	259
963	548	271	262
959	553	276	259
952	544	281	268
960	551	275	259
947	545	290	264
955	547	280	260
947	550	284	257
956	552	270	256
921	554	303	251
932	564	289	244
929	559	288	248
962	561	252	246
971	555	244	250
971	561	262	246
956	549	257	255
975	556	277	259
961	554	303	273
977	548	292	282
981	552	282	287
985	554	274	278
986	552	273	291
990	544	266	294
994	549	269	297
998	542	277	304
1003	529	284	311
1010	552	286	284
1015	533	292	296
1017	547	288	281
1021	530	286	291
1023	538	289	283
1027	540	280	273
1033	542	287	266
1033	529	274	275
1031	529	280	272
1037	517	246	279
1051	527	209	265
1051	510	207	285
1062	498	190	283
1042	491	207	282
982	474	259	296
1056	505	199	272
1034	485	219	276
952	484	295	279
955	472	309	289
1027	481	244	279
1083	480	185	280
1080	463	192	282
1094	439	181	303
1096	428	185	318
1073	426	213	318
1036	461	251	285
1061	413	243	323
1081	452	227	288
1092	418	217	312
1109	412	203	319
1123	398	192	326
1108	409	210	312
1106	423	217	293
1093	398	260	317
1083	411	253	302
1068	415	282	302
1051	409	316	306
1038	395	326	310
1024	413	334	296
1024	387	329	319
1018	390	325	310
1018	364	325	330
1039	384	305	312
1024	396	321	298
1032	398	317	297
1052	388	306	311
1040	386	323	313
1051	380	320	328
