331	275	891	298
309	296	916	241
305	299	920	243
305	304	932	241
305	309	946	239
309	307	943	246
305	309	947	245
308	312	948	245
313	316	935	242
310	318	958	250
306	319	964	249
300	321	965	253
300	327	973	247
309	329	957	251
307	335	964	246
301	332	965	256
310	334	962	258
317	340	956	248
315	336	956	244
324	340	941	245
325	340	951	244
328	338	944	245
333	340	933	244
327	342	947	245
321	345	951	243
327	346	938	242
293	344	979	249
304	350	963	240
281	344	991	243
309	349	963	242
293	345	976	246
317	345	960	248
297	339	980	253
309	345	959	257
314	338	955	252
324	342	944	245
314	344	959	247
314	338	951	256
311	335	954	254
305	340	967	246
308	337	957	254
311	338	964	252
311	332	954	255
311	338	958	250
312	330	949	255
306	334	957	253
307	331	957	259
308	335	961	257
299	330	969	256
294	341	965	246
284	332	983	256
270	344	983	235
259	336	1005	251
264	346	958	231
254	340	1007	252
269	344	964	236
251	347	1005	237
260	350	1009	239
250	350	964	183
241	353	1013	236
257	362	1015	245
243	363	1009	209
244	358	997	197
233	365	1030	233
229	369	984	179
225	367	1007	201
233	356	937	183
232	366	1020	215
232	361	989	179
227	374	1036	219
233	370	987	189
238	373	1005	175
235	370	1011	181
238	375	975	163
243	382	983	165
248	377	950	166
254	379	930	159
256	383	991	164
260	376	966	170
263	385	974	160
264	377	961	171
272	381	986	167
274	380	974	170
275	382	959	168
279	374	977	178
282	371	970	184
274	357	972	197
286	373	967	186
285	359	975	201
296	360	969	205
298	352	967	213
311	346	957	222
329	357	935	210
334	354	930	212
338	347	921	220
369	350	900	215
357	354	909	211
354	352	892	213
345	343	911	229
404	345	852	234
400	351	857	235
426	356	838	234
430	363	829	235
403	349	871	246
355	358	912	237
355	346	912	252
405	360	859	236
422	363	840	235
472	359	797	242
391	367	879	242
476	372	795	238
512	373	757	243
441	352	826	260
452	375	818	233
446	381	820	229
496	385	772	228
516	391	749	221
466	397	805	214
464	394	803	223
437	397	831	226
497	398	768	227
484	401	786	230
502	407	767	226
506	410	761	226
511	410	753	231
472	404	794	240
502	415	765	229
490	419	775	232
496	418	775	238
487	413	774	229
472	420	795	237
505	418	759	212
497	422	771	231
488	422	779	220
490	412	779	241
484	419	782	233
497	419	766	229
525	356	734	300
553	411	695	200
550	411	713	212
545	349	715	283
568	365	694	258
556	379	700	267
539	402	727	253
531	359	700	264
551	327	669	293
529	392	678	235
518	367	714	267
514	374	691	251
524	375	695	252
514	354	714	276
536	390	674	238
504	378	710	253
526	359	710	279
534	367	704	276
532	357	709	287
505	376	699	266
480	356	721	288
531	342	687	308
478	395	760	266
424	317	738	333
490	387	740	270
481	372	716	285
423	342	751	314
467	384	779	279
403	338	794	325
421	338	779	327
403	325	829	344
426	356	825	324
417	367	778	315
403	318	777	359
439	362	769	321
420	375	772	304
404	347	765	343
429	301	834	403
380	296	862	404
423	279	845	436
375	268	878	441
391	264	840	451
428	269	773	432
426	275	805	427
478	274	773	431
522	262	708	450
578	277	658	440
593	254	640	458
598	275	598	439
628	243	578	468
610	261	566	460
598	270	576	443
584	299	581	422
569	396	593	324
667	245	476	483
567	357	564	362
558	314	533	397
623	313	474	409
554	349	540	364
658	328	421	389
594	336	507	378
557	313	526	400
533	282	481	440
558	326	480	391
559	452	706	270
434	362	789	347
428	366	809	349
418	406	847	315
442	336	810	358
405	286	856	432
399	340	849	366
400	317	865	402
473	244	785	467
385	309	881	402
468	304	789	408
478	328	787	394
477	329	788	386
395	277	867	415
327	262	940	413
455	248	813	397
447	244	820	390
294	227	977	378
383	236	881	362
347	206	919	376
346	208	920	362
383	235	872	329
346	203	821	352
305	202	860	348
253	180	939	364
293	181	933	357
250	168	909	360
260	176	953	357
198	166	1007	355
197	141	973	376
244	158	974	378
164	148	1066	385
70	83	1073	421
193	114	1045	426
140	74	1048	425
138	141	1106	371
113	74	1135	445
96	56	1137	486
96	39	1138	515
94	30	1138	532
78	18	1142	512
58	22	1158	516
12	44	1190	500
27	28	1155	489
21	48	1181	496
27	14	1161	509
28	15	1185	541
63	18	1136	533
22	56	1177	504
14	20	1199	544
28	22	1159	526
37	32	1144	529
6	17	1142	516
22	28	1093	511
29	8	1136	540
24	28	1106	510
12	9	1145	536
16	32	1132	493
13	24	1183	535
10	20	1145	508
7	23	1118	506
3	26	1180	505
58	35	1104	501
0	38	1156	500
51	55	1111	473
43	64	1125	479
34	68	1133	483
19	50	1123	491
74	182	1130	380
103	166	1114	379
134	219	1076	326
44	34	1167	510
79	144	1097	423
138	272	1037	310
213	273	930	308
443	272	736	305
521	279	707	282
534	260	735	294
504	277	665	287
526	243	744	301
517	249	723	272
525	266	652	245
515	266	632	230
503	295	572	222
493	313	562	197
524	324	535	202
545	313	505	203
538	340	524	170
538	318	511	190
545	322	493	191
547	334	484	168
602	338	440	160
611	346	421	162
629	321	416	179
585	321	447	178
558	333	474	165
568	325	430	172
578	320	432	182
649	308	393	190
559	324	408	172
619	323	381	177
607	323	363	180
600	324	349	173
609	331	339	161
577	333	336	152
588	321	324	163
594	325	305	164
596	320	285	163
595	311	283	175
586	310	308	181
590	307	308	192
584	322	376	223
574	325	457	217
586	312	456	261
585	199	559	356
586	109	613	444
586	103	655	471
568	94	672	463
564	94	671	483
574	97	654	461
564	112	640	455
555	119	637	442
532	121	656	437
537	120	658	447
521	127	689	427
503	117	668	465
530	126	703	436
527	118	702	436
406	128	818	412
267	118	964	425
185	98	994	457
128	118	1101	424
119	125	1060	442
132	112	1111	439
118	114	1077	428
112	126	1064	416
131	144	1021	404
122	103	1054	414
116	126	1068	424
97	112	1075	439
79	113	1096	438
67	121	1154	440
47	107	1082	498
38	117	1141	469
51	132	1061	417
47	129	1071	465
42	120	1088	472
53	133	1043	470
65	129	1079	463
64	129	1017	487
42	127	1089	481
38	132	1045	485
47	140	1079	459
47	136	1029	483
47	150	1051	488
47	128	1052	525
29	154	1047	479
40	159	1060	502
32	167	1057	480
89	183	972	484
67	199	989	461
58	196	1027	473
35	195	1028	466
46	192	988	476
30	205	1023	458
26	199	1019	453
35	200	1019	463
22	199	1012	449
48	192	995	432
32	183	1101	439
97	188	1043	426
162	182	962	279
251	198	794	280
373	166	643	257
464	136	508	278
467	144	513	295
467	136	502	310
504	138	493	302
463	158	513	276
385	166	575	272
373	183	614	293
303	212	671	280
285	220	696	308
231	225	725	286
371	220	664	311
222	274	716	265
229	279	765	268
212	289	785	268
221	283	773	276
207	291	806	266
206	308	793	273
190	319	814	268
185	327	820	253
176	328	767	273
190	334	665	294
194	325	671	289
176	345	655	296
208	330	750	290
77	354	775	306
158	334	714	305
109	354	710	294
120	371	718	309
151	340	777	309
138	356	788	324
156	345	814	329
135	354	771	316
228	345	737	337
137	364	787	305
122	376	843	298
106	390	816	284
104	362	833	314
118	367	782	317
132	379	740	304
131	393	743	285
248	388	807	302
62	368	818	307
84	366	883	319
29	358	1034	333
40	336	993	347
36	350	996	324
97	339	963	339
14	326	989	349
13	330	1023	334
23	360	990	320
93	312	961	366
46	302	999	373
88	303	936	355
44	350	973	307
45	333	980	331
29	267	981	373
21	332	1009	314
6	327	1035	315
1	304	1022	338
-6	298	1041	334
3	314	1038	307
2	303	964	310
1	307	941	286
7	297	979	290
1	281	912	303
11	277	902	304
52	225	906	369
8	277	888	300
-7	217	886	356
319	228	775	417
695	223	396	480
705	211	405	465
727	200	369	423
554	185	470	382
405	174	534	382
628	177	344	420
725	167	210	418
719	163	209	384
707	163	296	449
708	158	220	450
708	156	227	442
716	160	432	480
705	163	393	471
692	165	452	461
660	174	484	443
658	180	506	417
660	181	521	455
575	186	576	435
569	204	601	453
624	209	529	457
547	214	607	447
450	234	708	428
430	229	720	441
413	232	747	438
326	240	832	419
352	243	815	438
403	237	769	324
454	192	628	259
411	178	642	289
408	168	659	272
419	172	672	266
422	172	619	266
404	164	652	264
383	170	702	259
293	184	747	266
388	279	781	313
320	210	808	331
195	206	925	279
152	186	919	294
213	173	852	386
190	164	854	456
207	152	778	399
220	144	762	396
378	130	560	403
351	120	532	432
336	97	538	476
310	77	544	493
291	59	538	495
255	48	556	507
231	37	553	497
215	25	543	512
188	11	529	510
175	13	515	518
140	5	531	522
78	8	585	520
45	0	615	509
-5	0	626	492
6	-3	596	523
-11	-11	797	334
-11	-23	1049	277
27	-7	1203	345
-14	-5	1246	453
6	-22	1212	404
-12	1	1204	523
-9	-11	1254	539
0	1	1233	530
1	-2	1199	532
-3	-17	1171	537
-8	-8	1172	535
-17	-24	793	556
-13	-10	1110	533
-5	-5	1085	544
-20	-24	603	551
81	-9	964	301
88	18	1100	452
-16	1	1096	462
-4	-1	1059	428
-16	0	924	462
-2	1	985	316
216	54	948	395
186	55	945	446
1	29	1063	428
-4	2	999	493
-26	15	1152	475
-2	6	1041	493
-9	6	1181	511
-11	6	1041	533
-13	18	1123	502
0	69	1036	451
-16	92	1177	444
2	164	1152	368
-3	204	1114	332
6	167	1092	376
10	230	1093	321
16	194	1095	358
59	242	1082	325
119	216	1060	347
79	211	1063	359
42	243	1085	338
109	254	1081	322
10	170	963	409
71	197	1102	367
50	257	1093	329
99	216	1084	353
150	233	1021	361
14	244	1059	343
25	247	1083	311
12	255	1092	314
20	234	1077	323
17	238	1111	323
76	212	999	341
28	216	1147	369
117	262	971	307
47	284	1068	286
94	287	1024	305
146	196	1027	409
163	245	935	325
106	316	835	289
3	304	730	294
378	193	822	258
158	267	969	336
164	202	1024	417
111	309	925	329
164	363	856	273
175	261	919	352
187	318	851	311
184	430	801	264
186	331	642	331
187	342	760	309
171	307	538	366
149	342	502	310
190	343	452	308
191	197	451	453
183	328	470	334
185	257	467	406
138	292	511	364
206	231	377	433
200	246	439	426
192	320	453	351
194	236	443	431
218	308	480	373
212	273	479	407
200	252	459	422
192	258	461	426
226	256	443	418
246	240	406	428
217	245	430	427
149	254	506	421
203	311	452	352
209	275	432	387
197	248	462	409
163	262	473	383
164	288	474	354
157	233	494	409
144	263	508	367
220	251	489	372
131	243	549	380
237	245	520	364
80	204	581	416
3	175	595	434
1	151	604	449
-3	141	617	449
-17	121	640	442
-21	109	635	462
-1	79	667	477
0	80	682	463
3	60	766	493
-8	53	749	495
-8	38	744	496
-6	26	675	498
-10	42	698	472
-9	9	677	451
-1	9	690	479
-6	0	702	481
-1	2	688	483
0	-5	698	478
-1	0	724	540
-7	-10	721	604
0	-2	676	575
6	-4	696	526
9	-8	693	526
11	-6	692	539
11	-9	696	552
18	-10	684	562
-13	-23	695	526
-14	-17	717	542
-13	-27	702	565
-12	-16	668	538
-15	-28	684	555
-16	-18	704	534
3	-22	699	599
6	-12	645	534
3	-15	664	582
13	-10	672	518
0	-25	694	579
8	-10	654	516
-5	-11	684	571
3	-13	694	507
-2	-16	705	530
13	-12	666	526
25	-11	695	548
0	-8	696	515
6	-5	721	545
2	-12	717	523
1	-18	722	507
6	-12	720	504
63	-12	673	540
9	-11	727	507
-9	-12	740	510
29	-20	701	525
-9	-12	702	523
-9	-17	701	471
16	-16	720	505
9	-11	708	509
12	-9	727	509
4	-11	721	502
16	-4	714	495
-6	-12	745	508
7	-15	724	507
17	-15	720	510
4	-4	737	501
-11	-3	740	503
9	-6	747	502
9	-4	735	504
9	0	761	492
-4	-7	763	509
14	-4	835	514
-45	2	797	497
2	2	748	497
-9	6	831	512
453	260	811	359
11	83	836	452
-48	110	835	426
18	89	834	419
35	116	819	422
10	108	861	392
42	98	819	431
54	117	829	410
20	151	876	391
77	156	853	389
38	149	849	402
78	140	800	413
21	157	853	399
89	134	835	408
105	122	764	454
104	120	750	452
104	131	783	454
99	138	757	451
86	257	1094	354
67	180	864	447
86	209	1059	485
66	210	816	413
86	250	1183	460
65	67	1005	621
55	89	770	594
72	240	789	433
67	239	807	418
226	365	959	350
33	185	887	496
147	361	1069	357
48	319	744	366
36	313	734	373
2	280	769	399
8	153	796	526
10	173	744	507
12	170	741	522
5	319	788	374
26	366	759	329
197	409	668	289
45	370	736	308
85	393	681	293
20	373	731	296
31	380	776	299
131	425	673	271
59	412	714	252
90	411	693	241
35	394	695	264
93	420	682	230
73	404	669	230
142	390	689	240
58	387	622	204
73	393	588	179
37	368	585	196
21	356	613	223
8	312	651	240
13	331	610	254
3	288	603	294
-2	272	648	293
8	275	631	275
2	258	643	312
-3	254	671	284
14	254	699	270
8	234	710	307
13	226	774	321
23	225	631	309
16	199	616	316
-3	193	595	304
-15	184	668	370
11	179	898	384
81	191	944	395
132	203	1008	383
178	74	1070	417
209	30	1030	488
193	114	1049	444
149	142	963	395
90	146	992	388
109	158	973	411
43	104	1051	412
40	79	1127	424
123	107	1096	392
142	148	1093	373
192	252	926	343
303	91	921	411
131	91	1027	428
150	101	1071	423
114	84	989	412
96	128	879	486
132	113	1044	463
207	182	932	428
194	117	932	457
209	131	928	438
204	144	1002	387
196	143	1017	375
274	162	970	367
259	158	926	390
152	149	858	392
19	114	789	414
259	162	825	409
242	154	621	419
224	153	440	394
218	165	499	351
211	154	567	336
241	166	557	382
215	157	655	282
198	160	656	338
113	131	676	328
131	145	654	368
24	91	769	247
240	145	834	351
252	141	778	388
56	82	822	250
198	145	865	379
150	122	867	314
138	118	999	332
227	121	916	443
247	131	943	417
258	123	982	448
258	121	985	431
209	106	1040	440
252	116	986	457
255	127	965	476
255	106	852	531
294	157	879	467
264	199	928	434
240	110	953	469
217	110	986	518
198	107	1037	429
238	108	965	592
199	94	995	476
325	105	921	413
237	89	998	478
217	94	996	446
182	89	1040	498
231	86	1007	491
325	74	921	440
317	69	888	467
314	62	951	454
334	65	936	441
328	62	931	451
272	49	991	472
79	54	1187	453
82	38	1186	501
10	26	1254	588
21	33	1236	549
47	28	1209	510
-3	20	1251	621
-14	17	1248	634
-13	-7	1219	656
-13	7	1234	578
3	-3	1143	504
3	1	1019	487
-1	-7	1072	463
-2	-2	996	525
-2	0	1144	498
-2	-2	1006	529
-8	-4	978	527
0	0	970	517
3	6	974	560
8	-11	1021	513
7	-4	1065	560
-8	6	1107	546
0	14	1094	614
-6	-9	1130	655
3	1	1110	619
-9	70	1154	559
-1	19	1158	581
-23	42	1163	610
2	4	1153	617
1	-9	1155	671
-6	0	1193	686
2	3	1198	690
4	-10	1216	703
1	-13	1200	713
4	-3	1206	694
3	1	1200	677
3	9	1209	675
1	8	1152	672
-9	9	1056	646
4	42	1079	636
-3	47	1075	643
2	237	1159	460
21	122	1123	583
-7	-11	1100	720
32	-6	1074	701
-9	-8	1124	705
-8	-6	1082	697
176	220	922	474
410	270	748	317
382	279	669	330
394	249	620	337
574	243	519	291
615	237	463	276
605	230	442	263
565	220	382	252
629	223	328	270
667	252	441	206
680	243	446	227
655	209	495	257
656	255	492	360
708	414	437	307
733	404	421	309
739	408	426	309
750	328	415	389
778	310	394	406
755	287	472	422
773	276	475	411
764	257	486	370
846	219	409	398
882	189	375	340
827	146	435	379
810	125	460	389
825	101	440	418
822	61	436	379
834	22	431	372
868	0	392	386
871	-11	393	387
831	4	436	397
852	0	415	386
826	-4	426	365
766	0	446	376
750	8	401	358
731	-2	379	323
723	-5	342	303
711	0	267	332
692	6	252	348
637	1	254	362
589	-2	248	383
527	0	282	392
431	11	341	373
980	114	293	222
970	109	302	224
964	116	310	220
952	110	314	224
942	116	320	217
946	112	318	220
959	113	304	217
961	112	300	215
959	115	304	212
973	111	297	215
976	112	292	212
734	280	303	369
955	110	327	213
996	102	277	216
1000	114	272	214
1006	110	264	209
1013	104	272	204
1016	115	258	189
1030	108	241	193
1039	107	236	185
1046	112	229	176
1055	102	218	185
1064	100	210	186
1076	99	201	186
1087	103	189	182
1099	99	173	189
1113	105	161	181
1129	107	141	173
1146	139	127	136
1155	163	120	116
1216	166	64	114
1183	205	94	70
1199	216	76	66
1215	223	63	63
1232	228	46	62
1247	228	31	62
1261	237	18	43
1240	242	41	24
1224	249	50	26
1205	259	53	30
1183	255	65	28
1153	247	77	32
1146	262	82	41
1144	296	78	40
1141	304	74	34
1085	376	79	29
1019	432	69	36
1023	436	53	33
1049	430	52	28
1095	385	49	32
1096	398	52	29
1097	372	49	31
1067	363	44	30
1059	371	54	26
1051	353	50	29
1059	347	35	36
1055	343	40	28
1019	313	38	31
1053	337	37	34
1051	336	48	28
1050	336	50	28
1021	290	39	38
1022	280	37	37
1027	282	41	30
1012	292	41	28
1007	294	40	27
992	298	44	27
951	303	39	28
954	320	37	23
957	335	36	18
966	344	34	22
972	364	35	16
977	378	31	13
983	384	19	17
990	393	17	13
994	398	12	11
998	398	10	10
1001	398	10	10
1003	397	11	10
1006	395	10	10
1009	393	10	10
1014	392	10	10
1018	393	12	10
1024	393	11	10
1031	396	10	10
1040	399	10	10
1048	403	10	10
1055	407	10	10
1064	413	10	10
1072	419	10	10
1081	423	11	10
1092	430	11	10
1102	434	11	10
1112	440	11	10
1123	445	11	10
1134	449	10	10
1144	452	10	10
1152	455	11	10
1160	458	11	10
1169	461	11	10
1177	463	11	10
1184	465	10	10
1191	470	10	10
1196	474	11	10
1203	478	10	10
1208	481	10	10
1212	485	12	10
1217	491	11	10
1223	496	11	10
1227	501	12	10
1233	506	11	10
1238	512	10	10
1244	518	10	10
1249	523	11	10
1255	528	11	10
1262	533	11	10
1268	540	11	10
1270	543	10	10
1266	544	15	10
1262	547	18	10
1259	547	22	11
1258	547	24	13
1252	523	27	16
1255	524	24	18
1261	525	19	19
1265	529	14	21
1264	533	16	18
1263	538	21	16
1258	537	27	15
1256	538	29	16
1249	530	32	19
1247	518	33	22
1245	520	37	21
1221	527	43	23
1207	527	50	24
1192	523	58	25
1170	511	61	30
1139	554	54	27
1140	561	43	21
1137	554	36	23
1147	560	22	15
1152	562	16	11
1156	559	15	10
1159	557	13	10
1163	554	13	10
1165	550	14	10
1167	546	13	10
1170	541	13	10
1172	535	14	10
1175	528	13	10
1176	520	14	10
1179	511	13	10
1180	502	14	10
1183	490	15	10
1186	479	14	10
1193	466	14	10
1198	454	14	10
1206	440	15	10
1215	429	13	10
1223	417	13	10
1232	406	15	10
1243	394	15	10
1252	383	16	10
1262	372	15	10
1271	362	10	10
1267	362	14	10
1264	363	19	10
1259	363	23	10
1260	363	24	13
1256	363	27	14
1256	362	27	19
1250	368	34	19
1252	368	36	22
1255	367	35	26
1247	361	39	27
1246	364	41	29
1246	357	42	31
1234	353	49	28
1209	342	58	27
1198	340	64	29
1166	340	68	29
1143	330	74	36
1129	311	83	38
1123	284	79	38
1117	294	74	44
1150	277	56	43
1153	276	52	36
1151	273	42	32
1136	273	50	25
1160	274	34	29
1174	279	24	26
1178	282	21	23
1180	285	19	22
1185	287	19	18
1191	290	17	21
1194	292	20	18
1199	294	19	20
1204	297	20	22
1212	298	19	22
1212	312	20	22
1227	304	20	20
1235	305	19	20
1235	310	23	19
1234	311	33	15
1238	315	37	19
1244	315	34	26
1235	316	42	26
1215	311	54	29
1187	301	70	28
1176	294	77	31
1135	283	78	34
1103	290	76	36
1081	288	86	43
1078	216	37	82
1069	200	55	71
1033	258	74	75
953	301	119	47
914	340	144	58
824	346	235	79
993	105	176	255
962	107	261	251
599	134	584	315
447	124	753	392
432	111	808	397
429	101	819	404
426	113	821	377
