860	256	132	246
857	262	130	258
861	257	130	254
853	267	132	264
849	272	132	266
853	282	145	263
854	300	151	260
849	307	145	260
850	321	136	257
851	332	128	252
855	330	125	247
856	345	120	245
856	353	112	246
850	355	112	253
845	357	114	255
839	361	119	253
834	365	121	251
829	369	123	250
825	361	125	254
819	353	130	260
815	359	129	262
811	368	129	261
806	377	132	260
815	389	145	259
806	401	148	260
803	413	147	260
800	429	147	257
805	438	144	250
801	445	143	251
800	450	141	252
804	455	139	254
802	464	135	252
801	471	132	250
805	465	129	251
800	469	130	252
794	462	132	258
788	452	136	267
788	448	143	267
790	444	147	269
789	452	158	265
791	461	175	263
790	467	190	265
791	471	197	263
788	471	196	257
793	482	198	255
789	487	186	252
790	481	171	255
788	484	161	257
788	479	153	258
791	475	156	256
785	480	152	257
789	482	152	262
793	479	152	262
790	482	149	264
792	456	154	282
795	470	164	274
790	480	165	264
796	479	163	261
797	493	170	261
790	481	178	269
792	484	180	271
786	478	168	270
780	473	168	272
776	470	169	270
769	466	168	272
763	462	170	273
757	469	170	271
753	474	169	271
755	478	171	272
753	482	163	275
751	485	160	277
747	478	158	285
740	480	156	288
742	491	158	286
739	498	156	283
743	503	159	284
750	509	171	287
735	499	175	293
721	509	177	285
728	508	190	280
707	490	190	293
694	494	189	295
698	499	190	294
694	508	180	287
692	502	178	293
695	504	186	299
707	526	199	294
687	532	194	291
690	545	194	290
704	574	215	279
680	582	209	277
671	589	205	280
674	609	215	279
662	613	213	281
659	601	211	292
655	609	209	293
653	635	203	280
646	633	201	280
642	649	201	273
644	673	207	260
641	680	205	254
632	674	208	258
622	676	212	262
617	687	216	259
612	699	218	248
604	701	217	240
596	709	214	235
585	726	216	220
574	724	217	217
557	728	215	214
545	741	211	215
537	734	207	223
530	742	208	219
528	753	204	210
522	761	199	201
518	759	200	198
510	768	207	189
501	780	216	177
490	775	214	181
486	780	215	183
483	793	217	183
476	783	214	192
469	790	221	187
463	799	229	179
443	790	242	176
433	788	252	174
428	799	250	164
416	798	252	160
407	794	243	160
402	802	237	149
399	814	237	136
386	801	232	136
377	805	235	136
369	815	233	128
358	796	229	136
355	802	226	133
352	808	222	131
349	805	220	133
335	808	221	133
331	806	220	133
322	819	222	117
315	815	214	114
314	830	210	105
306	822	218	102
299	818	217	96
288	818	220	90
285	817	219	89
281	825	220	83
282	828	215	84
288	833	209	84
288	839	206	85
288	844	202	86
291	845	200	90
281	824	200	101
277	811	201	100
276	804	201	92
277	803	196	87
275	807	194	83
277	804	196	82
268	800	193	84
260	797	198	83
252	790	202	84
228	785	205	85
214	780	205	91
207	772	202	83
