707	302	66	44
710	299	64	45
707	297	65	45
710	300	65	46
707	297	66	45
709	295	67	42
706	294	69	40
709	296	68	40
712	294	68	39
708	294	70	36
711	293	68	36
709	294	67	36
713	292	66	35
712	290	64	36
714	292	64	36
715	291	66	36
710	292	70	36
712	290	73	36
714	291	73	37
710	289	75	37
712	290	76	38
714	288	78	39
715	286	81	39
711	289	85	40
715	286	82	41
718	284	81	42
722	288	81	41
718	286	83	41
721	284	82	42
724	285	81	43
722	282	81	44
728	283	76	47
733	281	74	46
730	279	74	46
736	281	71	48
734	280	72	45
738	278	71	46
742	281	70	47
744	280	72	46
746	281	71	47
745	278	70	47
746	276	73	48
748	281	76	47
746	278	77	47
747	281	79	45
749	278	80	45
749	282	83	44
752	280	81	44
754	284	80	43
756	282	80	43
759	285	80	42
755	282	82	42
759	284	82	42
755	283	85	42
761	285	84	42
758	282	84	43
760	286	87	43
763	288	85	43
760	286	86	44
763	290	86	43
765	291	87	44
768	288	86	45
764	291	90	45
766	293	89	45
761	292	95	46
766	296	94	45
770	298	92	46
773	300	90	47
775	298	92	47
773	301	92	48
768	299	96	48
773	302	95	48
781	304	88	50
779	303	88	48
781	307	89	48
778	306	90	46
781	304	89	46
779	307	91	46
782	309	91	46
778	307	95	45
781	310	93	45
777	311	96	44
784	313	93	44
779	311	97	44
783	314	96	44
787	312	93	46
781	314	97	45
785	316	96	46
779	314	100	46
783	316	99	47
778	315	102	47
782	317	102	48
776	315	104	50
780	319	105	50
785	316	100	51
782	320	100	51
789	317	97	52
784	320	98	52
789	317	98	54
783	321	101	53
789	317	98	56
782	320	102	55
791	315	96	58
786	318	97	57
780	320	100	57
787	316	96	59
786	318	95	59
791	316	91	58
789	319	89	58
794	321	86	59
798	319	81	57
795	317	81	56
799	316	79	55
794	319	79	54
799	317	76	54
797	318	75	55
801	317	71	54
799	318	70	54
805	315	65	54
803	317	64	54
807	312	61	56
806	308	60	58
810	306	56	59
808	308	54	59
806	304	54	59
812	305	51	61
811	301	49	61
810	298	48	61
814	300	46	62
814	295	43	64
813	292	41	66
812	294	39	69
810	291	39	71
808	293	39	72
811	290	38	72
809	287	37	74
808	289	36	76
811	285	35	76
813	282	35	76
811	284	33	77
809	280	33	79
808	282	31	81
810	278	31	80
808	272	29	83
806	268	29	85
805	265	30	85
807	268	29	85
803	265	30	84
800	263	31	82
802	265	30	84
800	262	30	84
798	259	31	83
797	261	30	87
795	256	30	88
798	257	29	91
794	246	30	89
797	243	32	87
793	234	35	83
790	238	36	80
787	237	37	77
783	237	39	73
781	236	39	72
783	233	39	71
781	235	38	73
779	231	38	72
782	228	37	72
779	226	37	71
781	227	37	72
779	223	38	71
778	221	38	70
779	222	39	71
777	219	39	70
776	217	40	69
776	215	41	67
774	212	42	66
775	211	44	63
773	209	46	61
773	211	47	62
774	206	48	61
770	207	50	61
767	205	53	60
769	204	53	60
765	202	55	59
768	201	56	59
771	202	56	61
772	198	56	61
774	194	56	61
776	193	56	60
777	191	56	59
773	191	58	61
776	187	59	61
778	186	60	61
780	183	61	60
780	182	63	59
782	183	63	59
783	180	65	59
783	180	67	58
784	181	68	59
786	178	71	58
787	179	72	59
788	177	75	59
790	178	77	59
791	176	79	58
792	177	81	58
785	179	85	58
786	176	88	58
782	175	93	57
783	177	96	56
781	176	99	56
783	177	103	56
781	176	105	55
784	177	107	55
785	175	109	55
787	176	111	55
788	177	113	56
790	176	115	55
791	177	116	56
792	175	118	56
793	174	119	55
795	173	120	55
797	173	122	54
798	174	124	55
801	173	125	54
803	175	126	55
809	174	127	54
811	176	127	55
817	178	127	55
821	177	128	54
826	177	127	54
829	180	127	54
833	179	127	54
837	182	127	55
840	181	127	55
845	184	127	56
848	183	126	55
852	186	126	56
855	185	126	56
860	188	125	57
864	190	124	58
867	189	124	58
871	192	123	59
874	191	123	58
877	194	122	60
881	192	121	60
884	195	121	61
888	197	120	62
891	195	120	62
894	199	119	63
896	197	119	63
900	200	118	64
899	198	118	63
904	200	118	64
907	202	117	65
906	200	118	64
910	203	117	65
913	204	117	65
915	206	117	66
914	204	117	65
918	206	117	66
920	207	116	66
922	205	116	66
923	207	116	67
924	205	116	66
927	208	116	66
928	206	116	66
931	208	115	66
934	206	115	66
932	208	115	66
936	207	114	66
938	209	114	66
937	206	115	66
941	209	114	66
943	206	113	66
946	208	112	66
945	205	112	66
950	207	112	66
951	205	112	66
953	207	112	66
955	204	112	66
957	203	112	65
960	205	111	65
962	203	111	64
965	205	110	64
964	202	110	64
970	205	109	64
972	206	108	64
974	204	108	64
977	206	107	64
979	205	106	64
982	207	105	63
985	208	104	64
987	205	103	64
990	207	103	64
993	207	102	66
995	204	101	66
999	205	99	67
1001	202	98	67
1002	201	98	66
1004	203	97	67
1006	202	97	66
1005	200	96	66
1008	202	96	66
1009	200	96	66
1011	199	98	65
1011	198	99	64
1009	196	98	65
1013	198	98	66
1014	196	100	65
1012	194	99	65
1015	197	101	66
1014	193	100	66
1017	197	101	66
1018	193	102	66
1016	190	101	66
1019	193	100	68
1021	190	100	68
1023	193	99	69
1025	190	98	69
1028	193	97	69
1029	190	97	68
1028	193	97	67
1031	189	96	67
1033	193	96	66
1035	196	97	65
1036	193	96	64
1039	198	94	63
1042	201	92	64
1045	198	91	63
1046	203	91	62
1049	201	90	61
1052	205	89	61
1054	204	89	60
1057	207	87	61
1060	205	86	60
1063	209	84	59
1068	213	83	59
1065	211	84	58
1069	215	83	57
1076	218	79	57
1074	216	78	57
1077	219	77	58
1082	221	74	58
1080	219	75	57
1082	221	73	57
1079	219	75	58
1082	223	74	58
1080	221	76	58
1083	225	75	59
1079	223	77	59
1083	226	75	59
1080	223	76	60
1085	228	75	59
1080	227	76	58
1078	225	77	60
1083	229	74	59
1086	232	72	58
1083	231	73	57
1085	234	71	57
1083	231	71	57
1082	234	72	56
1079	232	73	56
1082	236	71	56
1080	234	71	56
1080	238	70	55
1078	237	71	54
1080	240	70	54
1078	239	69	55
1080	238	67	55
1079	239	67	56
1077	240	67	56
1075	238	68	57
1074	241	67	57
1073	242	67	57
1075	244	67	56
1073	246	67	55
1074	245	67	55
1072	246	67	55
1070	247	67	56
1074	249	65	56
1073	251	64	55
1070	252	65	56
1072	250	64	57
1070	252	64	59
1067	253	65	60
1070	257	64	59
1068	260	65	58
1072	265	62	56
1070	267	63	56
1074	271	60	54
1076	275	58	53
1075	278	58	51
1078	282	56	50
1079	285	56	49
1077	288	56	48
1080	292	55	47
1083	294	53	47
1085	297	53	46
1087	300	51	45
1090	303	51	44
1093	305	48	43
1096	307	46	43
1093	310	48	41
1096	311	47	41
1098	313	47	40
1096	315	49	40
1099	317	49	39
1097	316	49	38
1100	318	48	39
1099	319	48	39
1101	318	48	39
1099	321	49	38
1101	319	49	38
1103	321	48	39
1102	323	48	39
1104	321	46	39
1103	324	46	39
1106	322	45	40
1109	324	43	40
1108	323	43	40
1110	325	42	40
1112	328	41	39
1113	330	41	38
1111	329	42	38
1113	331	40	37
1115	333	39	37
1116	332	38	37
1115	335	39	37
1117	336	40	37
1118	338	40	37
1117	337	40	37
1119	339	40	37
1121	341	39	37
1123	342	38	36
1125	344	39	36
1123	345	40	36
1125	346	39	36
1124	348	39	35
1126	349	39	35
1125	351	41	34
1127	352	41	34
1126	355	41	34
1128	357	40	33
1127	359	41	32
1129	360	42	32
1131	361	40	32
1129	363	41	31
1131	365	40	32
1132	366	39	33
1132	367	39	33
1132	369	40	33
1133	370	40	34
1132	371	40	33
1133	373	41	32
1131	375	42	31
1130	374	43	31
1131	375	43	31
1130	377	43	32
1132	378	43	32
1130	378	43	31
1131	379	43	31
1130	379	43	30
1132	382	42	30
1132	383	42	30
1131	384	41	29
