549	622	113	96
549	619	119	95
544	620	123	97
537	618	120	95
528	620	119	96
523	620	117	94
524	614	118	95
521	608	120	94
514	601	118	94
505	597	113	93
499	593	110	92
495	586	114	94
492	585	116	92
485	583	112	91
477	580	109	90
472	578	106	90
469	576	109	90
467	573	108	90
459	570	104	91
452	567	101	91
448	562	104	91
447	558	109	91
441	553	113	90
433	548	108	91
430	547	105	90
434	544	106	90
438	542	111	89
435	544	110	90
429	546	107	90
426	544	103	87
432	548	103	88
434	545	105	88
434	546	104	89
433	548	100	89
439	546	92	87
445	544	91	87
450	542	93	87
449	541	92	85
446	538	87	84
449	535	84	84
454	530	85	83
459	528	88	84
463	529	87	85
462	528	83	84
466	529	82	84
473	528	82	83
480	530	85	84
485	528	81	83
488	527	77	81
492	527	76	80
499	525	78	81
506	526	81	82
509	523	78	81
509	522	76	80
517	521	75	81
523	522	79	82
529	523	81	81
533	522	78	80
533	520	76	80
538	519	74	80
545	517	76	79
548	514	75	79
548	513	72	78
548	512	69	78
555	514	69	79
560	515	71	80
562	517	71	79
560	519	68	78
564	521	66	78
570	524	67	78
576	526	69	78
575	528	68	77
574	530	64	77
577	531	64	77
582	531	66	75
584	530	67	74
582	530	66	73
582	531	62	74
584	530	61	72
589	528	63	72
591	527	66	72
589	526	64	72
588	524	63	72
590	525	62	73
594	521	63	72
597	520	66	71
596	516	65	73
594	513	63	72
592	512	62	70
593	509	63	71
594	508	66	71
592	506	67	71
592	504	64	71
591	503	63	71
593	502	65	70
597	503	69	70
599	502	67	70
596	503	67	71
595	501	66	70
598	503	66	70
601	502	69	70
601	503	72	70
600	501	69	70
600	499	66	70
598	497	65	69
