371	497	434	284
371	493	397	314
379	483	396	319
376	488	384	329
384	478	384	325
379	486	378	327
381	477	389	324
371	486	389	327
377	478	395	324
368	486	391	325
375	477	395	317
369	486	386	316
376	477	390	312
365	476	393	303
361	485	387	302
369	477	392	302
364	485	387	302
374	477	383	303
365	484	382	304
372	476	382	304
360	474	383	295
348	473	389	284
365	478	384	292
357	475	382	285
367	479	380	292
354	478	385	284
365	482	389	296
356	485	387	307
364	483	393	293
356	489	394	299
362	494	396	302
351	490	400	286
357	502	403	291
349	498	404	277
356	507	411	285
363	509	408	297
349	512	402	307
370	504	399	299
356	515	400	299
367	520	398	306
357	525	399	309
365	517	405	300
355	532	399	304
363	536	400	311
351	534	407	294
358	544	409	302
342	555	407	298
355	559	405	304
359	545	409	297
344	551	411	295
359	555	405	302
347	559	404	305
352	539	407	299
367	550	401	305
346	554	404	309
354	534	404	301
366	547	396	302
346	553	401	306
335	542	399	291
355	549	390	302
345	543	388	288
362	548	383	293
371	553	384	297
350	546	384	279
359	550	386	286
346	546	383	270
363	554	392	269
339	562	395	270
352	565	401	280
342	557	400	264
351	562	403	272
358	567	409	278
338	573	411	279
348	553	413	273
337	574	414	266
351	579	413	270
342	572	406	258
354	579	404	262
364	583	402	268
349	578	404	254
357	582	405	261
345	578	404	253
355	582	405	260
355	574	414	256
342	581	415	260
343	574	428	257
349	578	428	266
342	575	421	260
349	578	423	269
353	572	429	265
337	566	422	260
345	575	432	267
340	569	423	266
347	573	429	277
341	565	426	270
348	568	426	284
343	561	418	277
347	562	422	290
344	556	414	282
346	562	423	290
349	553	429	288
344	562	415	295
350	553	423	295
349	558	408	301
354	549	414	302
346	547	410	292
352	549	416	303
361	552	416	310
359	547	408	296
368	551	406	304
366	543	396	296
371	547	400	299
368	537	389	296
373	533	398	294
372	541	388	306
374	530	399	299
372	539	390	305
374	530	396	301
374	537	388	307
377	533	393	300
375	536	384	310
379	527	389	303
377	534	383	310
381	523	388	303
383	528	393	308
379	532	384	317
381	516	390	308
379	527	381	308
374	519	379	297
379	518	384	289
389	519	379	302
382	515	377	290
394	517	376	302
384	514	379	287
395	516	377	301
387	509	380	286
392	513	386	294
396	508	390	284
381	509	393	270
388	514	391	279
393	509	393	271
384	514	384	283
390	509	395	267
396	510	394	282
389	505	395	274
396	507	392	286
386	502	393	275
395	504	390	291
388	494	386	281
396	497	386	291
400	486	391	278
392	489	383	284
402	479	383	270
398	483	378	276
397	478	372	265
410	481	365	275
406	471	363	266
413	475	360	276
406	463	361	265
415	468	357	272
405	463	362	260
412	468	357	269
402	459	364	259
394	457	365	248
403	462	362	255
396	455	362	247
407	451	360	241
396	450	358	229
389	447	352	222
404	443	347	219
392	440	339	214
380	436	330	211
395	432	322	208
385	438	304	213
381	430	278	213
394	436	270	214
383	426	249	214
394	432	243	213
379	425	233	214
389	421	228	209
378	420	226	205
384	428	223	205
374	425	222	202
364	424	224	199
350	436	224	197
364	431	219	197
350	430	223	192
355	440	223	193
360	432	226	195
339	442	227	195
323	440	229	193
331	437	232	191
342	433	234	190
323	449	235	190
333	445	237	188
317	442	240	187
327	451	242	187
311	444	243	186
318	437	247	184
299	431	248	183
279	450	247	184
285	444	247	184
293	439	251	182
282	435	250	181
291	429	252	180
274	445	251	181
281	435	251	183
267	432	252	181
275	430	255	179
277	442	260	180
267	440	259	177
271	448	259	180
276	446	260	177
258	442	263	174
264	440	267	172
250	436	267	171
257	433	270	169
240	449	267	174
227	442	264	175
240	437	264	176
231	444	258	182
243	438	258	185
227	433	258	185
219	441	251	190
236	436	252	189
228	443	247	194
224	433	239	199
238	443	239	203
232	430	233	211
246	426	234	211
229	438	236	214
218	433	236	212
234	428	239	210
221	443	240	209
239	435	241	208
227	429	239	208
215	444	239	206
230	437	239	205
217	449	239	206
227	441	238	206
240	437	239	204
221	451	239	205
203	444	239	205
214	439	241	204
225	455	243	204
233	448	244	203
219	445	245	202
230	457	250	201
215	450	251	201
225	462	252	202
210	454	253	202
223	467	254	202
233	461	255	202
233	461	255	202
233	461	255	202
164	455	254	202
91	448	257	202
109	464	260	202
155	459	259	201
175	456	258	202
163	453	257	202
183	471	255	202
178	465	251	202
174	479	251	203
183	476	251	202
179	473	252	202
186	471	255	203
182	487	257	202
186	484	258	201
183	497	261	200
190	493	263	199
187	506	265	198
184	513	268	199
198	509	269	197
192	522	271	196
202	530	272	195
199	519	271	194
209	534	272	193
203	527	271	190
218	542	272	188
209	536	274	184
198	545	276	183
213	539	280	179
203	550	280	178
213	544	281	175
223	562	284	173
210	551	284	169
224	566	286	168
210	554	286	165
226	567	286	164
235	579	289	164
222	566	288	163
185	582	277	169
184	594	267	176
203	581	258	180
197	590	249	185
217	577	242	187
207	586	233	193
222	573	232	192
234	581	232	193
223	589	229	195
214	573	224	197
227	584	223	196
214	590	219	200
227	573	217	200
213	582	214	202
203	593	211	205
216	581	209	206
205	593	204	210
219	601	203	212
208	589	199	215
197	601	197	217
213	588	194	220
203	598	192	222
216	584	188	226
228	572	185	227
236	583	184	229
246	571	185	228
258	580	186	229
241	570	185	229
253	578	185	231
262	564	186	230
245	577	186	231
230	593	186	232
267	576	186	233
248	592	186	233
233	585	185	233
270	574	185	233
230	592	184	233
242	583	183	234
281	571	184	232
264	587	185	231
225	602	184	231
216	595	185	231
228	586	185	231
187	605	187	229
198	645	189	227
234	638	190	226
269	653	192	224
279	645	194	223
279	645	194	223
290	639	196	221
290	639	196	221
290	639	196	221
290	639	196	221
290	639	196	221
290	639	196	221
290	639	196	221
290	639	196	221
290	639	196	221
290	639	196	221
290	639	196	221
290	639	196	221
249	683	200	218
249	683	200	218
249	683	200	218
233	694	202	217
233	694	202	217
233	694	202	217
233	694	202	217
233	694	202	217
233	694	202	217
233	694	202	217
299	688	204	215
338	704	206	214
429	696	212	209
414	689	215	205
425	703	221	201
410	694	224	199
420	709	230	195
431	699	235	192
415	715	240	190
425	705	245	187
411	722	248	185
421	712	254	181
429	705	258	179
414	723	260	178
425	713	262	177
411	729	263	178
422	717	265	177
432	706	268	176
418	723	268	177
431	711	270	176
442	724	271	177
425	737	272	178
437	722	273	179
421	736	274	181
433	721	274	183
444	706	275	183
458	687	272	189
440	701	273	189
450	715	275	190
433	730	275	192
444	716	278	192
456	700	278	193
472	677	273	201
491	687	266	210
475	667	267	211
495	677	259	220
477	658	261	219
493	669	259	221
472	687	265	219
488	668	265	220
505	650	263	221
491	659	261	223
491	659	261	223
491	659	261	223
491	659	261	223
491	659	261	223
468	737	264	222
480	657	261	224
494	664	258	228
510	648	257	228
459	724	264	224
468	713	266	223
477	704	268	221
459	720	270	219
469	708	273	219
450	725	275	217
461	716	277	216
471	670	275	217
483	684	276	218
495	668	274	219
475	686	274	220
461	730	279	216
473	721	283	214
461	739	289	209
450	753	294	205
459	740	299	202
449	753	304	197
437	747	307	195
452	739	311	195
441	754	316	192
453	748	319	191
442	762	322	189
429	756	323	189
445	748	324	189
434	763	325	188
447	720	325	189
437	764	326	189
423	759	326	189
443	748	328	189
430	765	330	188
442	716	329	191
429	765	330	191
571	834	319	201
581	823	313	207
589	835	310	210
566	815	305	215
554	819	298	222
444	749	302	218
424	698	298	221
437	674	295	225
448	656	292	227
461	747	295	225
443	659	288	231
454	671	287	233
442	758	292	228
454	755	298	224
441	751	301	221
428	770	307	215
443	763	312	212
430	774	315	210
443	766	318	209
431	670	306	221
444	673	299	230
427	687	298	232
444	661	292	237
458	754	295	235
443	775	297	233
428	768	306	226
440	766	311	222
452	761	313	220
429	782	318	217
436	775	322	213
423	770	327	211
432	787	330	208
419	783	335	203
424	780	343	197
411	777	347	194
424	789	350	192
413	786	354	187
423	782	356	186
414	780	359	182
409	796	362	181
423	793	362	176
418	789	358	175
414	799	358	181
409	789	358	181
429	788	358	176
422	784	359	176
416	799	363	180
412	791	362	181
404	785	362	182
422	781	364	181
416	776	366	183
409	792	365	185
400	786	366	185
424	782	365	184
418	777	366	184
410	772	366	186
401	794	365	188
420	786	369	184
413	782	368	185
427	778	368	185
416	775	371	186
405	791	373	188
427	786	374	185
420	781	374	186
411	777	375	188
397	772	374	190
419	770	376	190
407	786	380	196
397	779	374	200
422	775	374	198
412	771	373	198
404	766	373	200
426	764	375	197
420	760	373	198
409	776	372	201
427	770	372	199
419	764	372	200
409	758	371	202
417	755	373	201
401	772	374	204
415	766	380	201
401	762	380	202
387	757	382	203
405	753	384	204
394	772	384	206
382	762	389	210
398	758	387	209
381	751	387	211
403	749	383	211
391	744	383	212
380	760	384	219
395	753	385	219
381	747	381	224
396	743	379	224
383	756	379	236
399	749	379	235
386	763	374	242
403	745	374	244
384	739	375	242
396	738	377	237
381	750	386	248
394	742	386	246
376	739	394	244
391	737	394	241
374	753	396	248
387	747	391	246
377	743	391	247
385	741	390	243
374	758	387	247
383	751	391	243
393	747	388	241
380	741	387	242
386	739	389	240
374	761	388	241
380	749	396	239
364	744	395	242
378	743	399	238
363	740	399	237
383	760	402	246
364	750	405	244
383	744	400	246
365	742	403	244
382	762	403	248
368	750	403	246
391	747	401	245
378	745	402	242
390	760	402	245
380	753	399	244
398	770	399	247
412	762	394	245
400	756	389	245
410	754	391	239
400	750	391	236
413	769	389	241
399	760	389	238
410	757	390	234
396	751	388	233
417	749	385	231
429	770	379	235
413	760	378	234
402	777	378	233
419	766	376	234
432	763	374	232
442	785	372	235
451	775	369	234
407	766	368	234
427	763	369	232
439	786	367	237
424	775	364	236
445	770	358	237
462	785	351	245
472	776	349	245
460	772	345	246
477	789	339	251
469	782	334	251
481	776	334	251
473	769	328	251
492	788	320	257
483	783	316	258
497	776	313	257
489	771	307	256
510	795	303	259
521	786	300	261
511	780	293	261
505	774	287	260
519	769	284	258
530	792	281	260
519	781	277	260
515	775	269	257
529	768	267	255
518	786	262	255
535	779	257	257
528	774	253	253
537	768	256	248
531	789	250	250
541	777	248	253
551	772	248	250
556	793	251	253
546	785	248	249
555	779	248	248
560	776	255	240
552	795	247	244
562	787	247	244
565	781	256	236
570	799	259	242
556	791	253	244
564	786	255	238
572	804	253	246
578	794	258	246
563	789	254	245
574	805	250	249
580	796	253	250
586	789	260	245
573	807	256	248
583	798	255	248
593	789	256	245
581	806	248	250
593	795	247	249
581	801	242	255
594	792	240	255
581	801	236	257
593	788	234	258
604	797	230	260
586	784	227	261
602	771	222	264
611	757	219	266
619	747	218	265
606	764	216	267
620	750	213	269
658	713	218	265
637	699	217	265
648	719	220	261
656	713	223	255
663	707	227	252
647	719	222	254
657	702	214	256
647	712	207	261
658	695	203	260
666	704	201	264
647	667	201	260
658	682	202	255
640	668	200	253
653	679	198	253
640	664	204	249
652	674	202	248
653	663	211	242
638	655	209	239
643	653	219	232
650	661	215	237
636	648	212	235
644	643	216	227
652	648	210	236
639	636	211	233
645	629	213	227
650	638	213	229
631	625	215	224
638	633	216	225
643	624	219	222
647	630	220	226
651	618	222	226
637	612	218	224
649	617	212	232
652	609	216	231
659	613	212	238
644	604	212	237
656	609	207	242
660	596	212	241
645	590	211	238
633	600	211	235
644	590	211	233
630	588	214	223
646	596	208	228
632	587	208	224
648	581	205	221
660	588	199	225
669	576	193	227
677	567	189	228
685	574	184	228
690	565	182	228
682	555	179	227
688	567	179	226
690	557	184	224
680	565	187	222
684	554	195	223
676	564	195	223
682	550	199	228
671	557	200	225
681	547	207	223
671	556	211	222
677	546	221	218
670	554	221	221
676	546	227	218
670	551	221	223
682	542	225	220
674	551	227	220
689	556	222	225
696	541	224	226
685	550	221	227
701	539	221	227
688	548	220	226
706	541	219	224
693	549	218	226
708	542	217	223
718	547	211	230
729	537	211	229
712	542	207	232
727	533	205	229
715	528	205	224
750	538	202	227
740	532	200	224
725	527	200	220
761	536	198	224
718	533	203	216
753	541	200	219
765	531	199	220
753	524	198	217
765	534	198	218
774	529	204	213
731	524	206	210
773	554	199	218
811	492	197	217
829	509	198	214
818	528	199	211
810	520	201	208
828	512	200	205
818	502	201	203
808	520	201	201
798	511	201	199
787	528	203	197
803	517	203	196
790	532	202	197
806	522	202	195
765	534	199	197
777	524	199	198
765	540	196	200
777	529	195	200
764	542	193	202
778	525	191	205
768	538	189	208
782	523	186	211
796	533	183	213
806	541	177	218
796	547	169	225
784	532	167	228
796	542	163	230
759	529	163	231
799	518	163	231
788	529	161	234
776	517	161	236
765	531	161	237
779	518	161	238
793	528	159	240
784	515	159	241
772	503	160	241
788	515	160	242
774	529	160	242
786	539	159	242
769	553	159	241
782	536	159	242
772	522	159	241
756	560	160	240
764	548	160	239
746	563	159	239
730	555	158	238
665	552	169	226
749	565	169	225
657	563	178	213
666	557	181	210
653	549	183	207
660	568	187	202
646	559	191	198
657	554	192	196
640	571	195	193
647	564	197	189
656	558	196	188
642	570	197	187
650	563	199	185
661	552	198	185
647	564	197	185
656	555	196	185
667	569	195	185
652	557	194	185
661	572	193	185
671	564	192	185
682	576	190	187
694	589	186	189
706	598	182	192
696	586	179	192
711	597	175	194
702	586	170	194
715	594	165	197
705	584	163	196
717	595	159	197
730	600	157	200
723	589	155	199
735	595	153	201
725	584	153	200
734	594	155	198
744	598	153	201
731	589	155	200
741	597	155	198
752	603	155	199
739	595	155	197
745	604	156	195
735	594	159	193
746	602	160	191
756	607	158	192
743	598	159	190
750	602	161	192
762	607	159	193
750	596	159	193
761	605	162	189
746	595	164	187
753	605	169	184
765	610	169	185
817	599	174	180
761	591	176	178
813	606	180	173
819	600	183	169
804	614	185	167
811	607	187	164
820	600	188	163
829	611	187	162
838	603	186	162
845	597	186	161
853	605	183	163
839	597	183	163
849	608	178	164
856	601	176	165
867	612	172	165
874	605	173	164
883	599	169	164
912	608	168	166
898	602	167	165
904	597	166	165
910	592	164	165
917	602	162	167
909	596	160	167
918	592	158	165
927	598	155	166
931	594	157	161
936	590	160	156
942	598	161	156
946	591	163	154
936	598	163	152
941	587	166	149
948	592	166	149
953	585	164	152
941	589	164	151
951	592	163	156
957	581	162	158
963	585	162	160
970	577	162	160
976	583	162	161
984	577	163	160
968	582	164	162
999	574	164	163
982	581	167	164
988	575	170	161
993	570	176	159
1004	580	173	161
990	573	175	160
997	578	176	161
1033	587	174	164
1064	576	174	168
1075	567	174	171
1083	580	174	174
1089	575	174	176
1081	584	174	178
1091	577	174	179
1096	568	173	181
1102	578	173	184
1092	546	171	187
1103	536	169	193
1108	570	170	194
1098	536	168	198
1109	524	166	204
1118	514	164	208
1109	525	163	211
1120	511	160	215
1129	522	159	219
1118	509	158	221
1128	518	158	223
1118	504	157	225
1110	517	157	225
1125	526	157	226
1119	513	158	227
1110	503	158	227
1125	515	159	227
1115	532	162	225
1131	521	162	226
1098	539	166	223
1113	532	169	222
1128	522	170	222
1140	509	169	223
1296	399	175	217
1298	397	184	208
1303	407	188	203
1289	401	192	197
1299	409	195	195
1285	403	200	189
1294	411	202	188
1298	405	206	185
1308	412	203	186
1294	405	207	182
1304	412	206	183
1307	403	209	181
1315	410	207	183
1298	404	211	180
1310	412	210	182
1323	416	204	189
1306	402	209	189
1322	410	207	193
1306	399	212	190
1320	407	210	194
1327	395	209	193
1337	402	203	196
1320	393	207	191
1334	402	206	195
1317	389	212	192
1331	399	211	194
1336	386	211	192
1322	394	213	194
1330	386	215	190
1342	395	213	192
1328	385	216	188
1341	394	213	190
1351	400	207	195
1336	387	211	193
1343	381	212	189
1352	390	210	191
1339	381	215	187
1348	387	213	189
1359	392	207	195
1344	381	211	192
1355	388	210	193
1339	381	215	187
1351	389	215	189
1356	381	216	186
1366	389	212	186
1351	382	213	184
1363	390	211	186
1348	381	214	183
1362	388	213	186
1347	380	217	182
1329	378	224	177
1363	386	219	181
1349	381	222	178
1361	388	218	181
1372	392	211	188
1359	382	211	186
1374	389	206	190
1359	380	210	186
1371	388	209	188
1356	379	212	183
1367	387	211	185
1379	393	206	189
1363	382	208	187
1373	388	208	190
1358	378	214	185
1371	387	211	186
1358	379	214	182
1370	386	212	184
1356	379	215	180
1369	387	213	182
1356	379	217	179
1367	386	215	181
1353	380	219	178
1365	386	218	180
1352	379	221	178
1364	385	219	180
1350	380	223	177
1364	387	220	180
1350	380	223	177
1364	386	219	181
1351	380	222	178
1365	387	218	181
1350	381	222	178
1366	388	218	183
1351	381	221	180
1366	390	216	185
1384	393	204	193
1367	381	208	192
1380	390	205	196
1365	384	209	189
1378	392	207	193
1363	385	212	187
1377	393	209	190
1393	398	199	197
1375	386	203	193
1384	391	201	196
1369	387	207	188
1383	396	204	192
1369	390	208	187
1383	397	205	192
1370	391	208	187
1384	399	205	191
1394	404	199	196
1378	393	202	193
1389	402	200	196
1377	395	202	193
1388	403	201	196
1375	396	205	191
1387	404	204	194
1400	409	197	198
1382	400	201	195
1392	406	201	196
1378	401	205	191
1389	407	205	194
1402	411	199	199
1384	400	204	194
1394	406	203	197
1379	401	207	191
1390	407	207	192
1378	401	210	187
1389	407	209	190
1375	402	212	186
1387	408	210	190
1400	412	203	194
1383	403	207	189
1393	409	206	191
1378	404	209	186
