31	674	48	26
32	677	51	23
44	678	50	23
51	680	50	24
52	683	52	23
54	682	54	23
63	683	54	23
76	684	50	23
79	682	51	23
77	680	53	22
84	678	54	22
86	675	54	22
92	671	51	23
95	669	49	23
100	663	49	24
106	656	48	25
105	651	48	24
111	644	47	25
112	640	48	25
114	633	46	25
115	625	48	25
116	617	50	25
122	609	49	26
127	600	46	27
128	590	44	27
131	582	44	27
133	575	44	27
135	565	44	27
141	558	43	27
145	547	44	28
147	539	47	28
159	530	43	30
162	525	43	29
166	517	42	28
176	512	42	29
181	504	42	30
190	497	40	30
197	493	41	29
205	485	40	30
212	479	40	29
223	475	39	31
230	469	40	31
239	464	40	30
251	462	37	30
258	455	38	31
271	451	37	31
281	447	37	31
290	444	38	32
301	440	37	32
309	435	36	32
321	433	35	32
332	432	34	31
340	425	36	32
351	420	33	32
361	417	35	31
370	415	35	32
382	414	34	32
388	409	36	31
399	406	34	32
409	403	34	33
417	400	33	32
429	399	32	31
434	396	33	31
443	393	34	33
448	391	34	32
459	389	33	33
465	389	32	32
472	388	33	32
479	387	31	33
484	384	31	32
491	384	32	31
498	383	32	31
504	382	32	32
510	379	31	33
515	377	32	34
519	374	33	34
525	373	32	34
528	370	31	35
531	367	32	34
537	366	31	32
541	360	31	33
544	357	31	34
547	354	31	35
550	352	31	35
552	351	31	34
555	350	31	32
557	345	29	33
558	341	29	33
559	338	30	34
560	335	29	34
560	332	28	35
561	331	28	35
560	329	28	35
559	328	29	35
559	325	30	37
558	325	29	36
559	325	29	37
558	324	29	37
557	322	29	38
556	323	29	38
557	324	28	38
556	321	27	39
557	322	27	38
555	321	28	39
556	321	28	40
555	320	28	40
557	322	29	40
559	322	29	41
560	323	29	41
561	325	28	40
563	323	27	40
564	325	27	40
566	327	26	39
568	328	27	39
570	327	27	39
572	328	27	40
575	327	26	40
576	330	27	39
578	331	27	39
580	332	28	39
581	333	27	40
584	334	26	39
586	335	25	40
588	335	25	41
587	336	27	41
589	336	26	41
589	335	25	41
591	337	24	41
590	338	24	41
591	338	24	42
590	339	24	41
591	340	24	42
591	340	23	41
589	343	23	39
588	344	23	40
588	345	23	41
586	347	24	41
586	350	26	39
584	351	26	38
583	353	25	37
580	352	27	36
579	354	27	36
578	357	27	34
579	360	27	33
577	362	27	32
577	365	27	31
578	368	26	30
576	370	25	29
577	373	26	28
578	374	26	27
576	373	26	27
576	375	25	26
578	380	25	25
579	382	25	24
578	384	25	23
576	382	24	23
575	380	23	24
574	378	23	25
576	383	23	25
577	384	23	25
576	382	22	26
574	387	22	25
583	396	26	23
584	399	27	22
585	401	29	21
572	403	31	20
569	403	34	18
563	406	36	18
568	404	36	18
555	406	38	17
549	405	40	17
547	408	41	16
545	407	43	16
539	408	43	16
536	410	43	16
537	409	43	16
531	410	44	16
522	411	44	17
515	409	46	17
513	409	47	16
510	411	48	17
513	412	47	17
506	410	47	17
505	412	46	18
503	410	45	18
505	410	46	17
499	409	45	17
493	408	45	17
490	407	46	17
481	408	46	18
479	407	46	18
480	406	47	18
478	405	47	17
471	404	48	17
465	406	48	18
462	404	48	18
459	402	49	18
449	405	49	19
446	403	49	19
443	402	49	19
440	401	50	19
430	404	50	19
427	402	50	18
421	404	51	19
422	403	52	18
415	404	53	18
403	403	54	18
396	406	54	18
393	404	54	18
391	406	54	19
380	405	54	19
382	403	53	19
380	406	53	19
381	405	53	19
374	407	54	19
367	409	54	19
356	410	53	20
349	408	53	20
352	409	51	21
349	408	51	20
346	410	52	19
344	412	53	19
333	414	53	19
326	412	54	19
319	414	54	19
317	413	54	20
314	412	55	19
315	415	56	19
308	416	56	20
302	418	56	20
299	416	56	20
301	417	55	21
298	416	56	20
300	417	56	21
297	415	57	21
303	414	58	20
291	417	59	21
289	415	60	20
283	417	59	21
285	416	60	21
278	414	60	20
276	416	59	21
274	414	58	22
272	416	56	22
270	414	55	22
268	413	54	22
264	412	55	21
261	411	56	20
262	413	58	20
260	411	58	20
253	413	57	20
251	411	56	21
249	409	56	21
247	408	56	21
244	406	57	21
232	408	57	21
230	406	58	21
232	407	58	22
224	405	59	22
221	407	58	22
222	405	59	22
219	403	60	22
211	404	60	22
208	402	61	22
205	400	62	22
207	402	64	22
198	399	64	22
195	401	65	22
192	398	66	22
184	396	66	22
177	398	64	23
179	395	64	23
166	392	64	23
163	390	64	23
166	388	64	23
164	389	62	24
160	386	62	24
157	383	62	24
154	382	62	23
151	379	60	24
149	377	60	24
152	374	58	24
144	372	59	25
140	369	61	25
132	371	60	26
129	368	60	26
126	366	61	25
123	363	60	25
125	360	62	24
111	358	61	25
98	356	62	24
100	355	63	24
92	352	63	24
94	354	64	24
91	350	64	24
93	347	66	23
79	346	65	23
64	344	66	23
67	342	67	22
69	344	67	23
72	342	68	23
68	339	69	22
70	338	69	22
112	340	69	25
119	345	64	31
117	341	60	34
110	338	58	37
108	335	58	37
99	337	58	39
96	334	58	39
95	332	56	41
86	329	57	41
83	327	56	41
82	330	54	43
73	326	54	43
69	324	54	43
67	326	53	44
58	323	53	45
56	325	52	46
46	322	53	46
43	320	54	45
40	323	53	46
30	320	56	45
34	323	53	46
25	319	53	46
13	318	56	44
3	320	59	45
1	319	58	49
0	316	54	51
0	314	51	51
0	315	47	54
6	326	51	51
1	322	53	51
0	314	51	58
0	309	46	63
0	306	40	66
0	301	35	69
2	319	36	65
0	323	35	62
8	322	38	59
49	312	48	50
55	318	54	44
49	318	58	39
46	321	61	37
43	317	63	36
39	314	65	35
42	312	64	34
40	315	64	32
44	311	62	32
41	309	62	32
31	311	64	30
32	310	66	29
36	307	64	29
34	304	62	28
39	303	60	28
38	305	58	28
35	301	58	27
32	299	58	26
34	297	58	25
28	294	57	25
31	292	56	24
29	290	55	24
28	290	54	24
28	288	52	24
27	286	51	23
26	283	49	23
28	281	48	22
27	278	48	23
25	276	48	22
29	273	47	23
28	270	45	24
21	268	46	22
24	265	45	22
22	263	44	21
18	260	47	21
16	258	48	20
15	255	48	21
12	253	48	22
14	250	49	22
13	250	46	25
12	244	46	25
14	241	45	25
12	240	45	24
13	239	45	23
12	238	44	24
11	235	43	23
12	234	44	22
10	233	44	21
12	230	45	21
11	227	44	23
10	225	43	24
10	223	41	24
8	221	42	23
7	218	42	24
6	215	42	23
8	212	39	24
7	209	40	24
3	205	44	21
2	203	45	21
2	197	45	21
0	195	46	21
1	193	47	20
0	188	47	20
0	184	40	21
0	179	38	21
0	177	36	22
0	171	34	21
0	168	32	23
0	166	31	23
0	161	32	23
0	159	29	23
0	154	28	23
0	152	26	23
0	147	25	23
0	145	23	23
0	142	24	21
0	138	24	21
0	138	21	21
0	134	19	21
0	128	17	21
0	127	16	20
0	126	16	19
0	122	15	20
0	120	14	21
0	113	13	20
0	110	14	19
0	110	13	17
0	107	12	18
0	104	12	17
1	105	13	16
1	103	13	16
0	106	13	15
1	107	14	15
0	107	14	15
1	108	14	14
0	109	14	14
1	110	14	14
0	111	14	14
0	112	14	14
0	113	14	14
0	112	14	13
0	111	14	13
0	110	14	13
0	109	14	13
0	110	14	13
0	110	14	13
0	111	14	13
0	112	14	13
0	111	14	13
0	110	14	13
0	109	14	13
1	110	14	13
0	109	14	13
1	110	14	13
0	109	14	13
1	110	14	13
0	111	14	13
0	111	14	13
0	112	14	12
0	111	14	12
0	112	14	12
0	111	14	12
0	112	14	12
0	111	14	12
0	112	14	12
0	111	14	12
3	112	14	12
4	111	14	12
3	112	14	12
2	112	14	12
1	112	15	12
0	112	15	12
1	111	15	12
0	110	15	12
0	109	15	13
0	110	15	13
0	113	15	13
0	114	14	13
0	113	14	13
0	113	14	13
0	114	14	12
3	121	14	13
4	122	14	13
3	123	14	12
3	122	14	12
2	123	14	12
3	122	14	12
4	121	14	12
3	122	14	12
4	121	14	13
3	122	14	12
4	121	14	13
3	121	14	12
0	123	14	12
0	124	14	12
0	123	14	12
0	123	14	12
0	123	14	12
1	126	14	12
0	127	14	11
1	126	14	11
0	126	14	11
0	126	14	11
1	126	15	11
0	123	15	11
0	122	14	11
0	123	13	11
0	122	13	11
0	123	13	11
0	124	12	11
0	123	12	11
1	124	13	11
1	127	13	10
4	129	13	11
5	130	12	11
4	129	12	11
3	131	12	11
2	134	13	11
3	135	13	11
3	137	13	11
3	137	13	11
2	136	13	11
2	135	13	10
1	134	13	10
2	134	13	10
1	132	13	10
2	131	13	10
3	132	13	10
2	131	13	10
1	131	13	10
2	131	13	10
1	131	13	10
2	131	13	10
1	131	13	10
2	130	13	10
1	129	13	10
2	130	13	11
3	131	13	11
2	132	13	11
2	131	13	11
2	130	13	11
1	129	13	11
2	130	13	11
1	129	14	11
2	130	14	11
1	129	14	11
1	130	14	11
2	131	14	11
1	130	14	11
2	131	14	11
1	130	14	11
2	129	14	11
3	128	13	11
4	128	13	11
3	127	13	11
4	128	13	12
3	127	13	12
4	128	13	12
3	127	13	12
4	128	13	12
3	127	13	12
4	128	13	12
3	129	13	12
2	128	13	12
3	127	13	12
2	128	13	12
3	128	13	12
2	128	14	11
2	128	14	11
2	129	14	11
2	128	14	11
3	127	14	11
2	128	14	11
3	127	14	11
2	128	14	11
1	129	14	11
2	130	14	11
1	129	14	11
2	128	14	11
1	129	14	11
2	128	14	11
1	129	14	11
2	128	14	11
1	128	14	11
0	128	14	11
1	129	14	11
0	130	14	11
0	129	14	11
0	130	14	11
1	129	14	11
2	130	14	11
3	129	14	11
2	130	14	11
2	131	14	11
2	130	14	11
2	130	14	11
1	129	14	11
1	130	14	11
1	131	14	11
0	128	14	11
1	128	14	11
0	128	14	11
1	128	14	11
2	129	14	11
1	128	14	11
2	128	14	12
4	129	14	12
3	130	14	12
4	129	14	12
3	129	14	12
4	126	14	11
3	129	14	12
3	130	14	12
3	129	14	12
3	130	13	12
2	130	14	12
1	130	14	12
0	131	14	12
2	133	14	11
1	135	14	11
1	134	15	10
0	135	15	10
1	135	15	10
0	135	15	9
1	135	15	9
0	133	15	9
1	132	15	9
1	133	15	9
1	132	15	9
1	132	15	9
0	133	15	9
1	132	15	9
2	131	15	9
1	132	15	9
2	131	15	9
1	132	15	9
0	131	15	10
0	132	15	10
0	131	14	10
1	130	14	10
0	130	14	10
1	129	14	10
2	130	14	10
3	129	14	11
2	130	14	11
3	129	14	11
2	130	14	11
1	130	14	11
1	130	14	11
1	129	14	11
1	130	14	11
1	129	14	12
1	130	14	12
1	129	14	12
1	130	14	12
3	129	13	12
4	128	13	13
4	128	12	14
5	127	12	14
6	128	11	15
5	129	11	15
6	129	11	15
5	129	11	15
2	130	11	15
1	129	12	14
1	130	12	14
0	129	12	14
1	130	12	14
2	130	12	14
0	131	12	14
1	130	12	13
0	131	13	13
1	130	13	13
0	131	13	13
0	130	13	13
1	131	13	13
0	131	13	13
1	132	13	13
0	131	13	13
1	130	13	13
0	131	13	13
0	130	13	12
