1664	434	230	575
1692	410	204	564
1712	428	187	560
1706	448	178	545
1720	464	173	527
1716	405	163	523
1709	419	157	521
1698	468	150	522
1687	477	144	523
1676	457	144	524
1664	476	145	518
1653	382	146	513
1643	403	147	511
1634	389	149	506
1612	220	154	497
1592	209	156	492
1578	195	157	490
1609	495	159	485
1602	519	162	480
1594	504	165	476
1616	482	168	472
1593	507	166	475
1613	527	165	480
1619	506	169	476
1598	528	169	479
1582	553	170	480
1569	506	171	476
1560	536	172	474
1578	562	170	473
1675	449	187	441
1650	471	192	431
1622	468	195	420
1640	460	198	416
1623	481	200	412
1637	496	207	397
1651	509	214	386
1625	493	225	368
1638	509	233	352
1649	529	241	339
1619	553	248	326
1628	543	262	307
1613	569	269	295
1636	555	268	294
1615	575	269	291
1628	561	272	287
1608	582	271	285
1623	564	270	283
1640	577	266	281
1620	561	264	279
1639	543	262	278
1656	559	255	285
1444	467	253	283
1476	471	247	286
1468	485	246	285
1495	497	243	284
1493	468	240	286
1523	406	234	291
1670	556	232	292
1527	670	230	292
1521	682	230	293
1547	667	229	293
1541	675	229	295
1594	659	224	296
1585	646	221	296
1578	664	220	294
1601	676	220	294
1623	657	217	294
1669	646	212	295
1651	659	208	296
1668	648	204	298
1682	662	203	298
1666	678	203	296
1679	661	200	295
1666	678	200	293
1652	698	206	285
1670	686	204	284
1685	703	204	283
1700	693	201	282
1663	707	203	280
1711	694	200	280
1719	713	197	280
1708	704	196	279
1697	722	197	276
1739	709	180	279
1721	727	181	275
1733	717	181	271
1719	733	181	269
1727	723	181	264
1734	716	180	262
1722	732	182	260
1734	724	179	258
1723	717	182	255
1730	731	181	253
1718	723	182	250
1727	738	181	248
1734	750	180	249
1722	739	180	248
1729	752	178	249
1718	744	176	248
1734	783	174	251
1716	770	175	251
1698	759	175	250
1705	771	175	250
1714	787	175	250
1695	773	175	250
1703	763	175	251
1710	777	176	250
1724	793	175	251
1706	781	175	251
1717	795	175	251
1733	800	175	252
1746	785	173	254
1733	792	170	259
1715	781	171	259
1730	790	170	262
1716	797	169	265
1698	805	171	264
1710	791	172	264
1693	801	177	262
1705	792	176	261
1722	799	174	264
1706	807	180	261
1714	795	180	262
1720	804	180	262
1727	793	179	262
1714	784	184	259
1723	798	185	258
1733	788	185	258
1721	779	187	257
1711	764	187	259
1725	776	188	260
1718	758	187	265
1731	768	185	268
1696	746	177	278
1723	750	170	287
1740	756	170	289
1733	763	171	290
1727	772	171	290
1747	754	170	292
1738	765	172	288
1732	776	173	287
1728	755	170	293
1744	762	171	292
1737	768	171	292
1729	779	174	286
1740	764	173	285
1729	774	175	281
1744	758	171	281
1737	765	171	283
1731	776	172	280
1726	755	171	284
1719	760	171	288
1709	767	178	285
1733	749	176	287
1726	758	177	288
1746	741	171	289
1738	752	171	288
1752	743	166	288
1742	753	165	289
1702	766	171	288
1744	750	168	290
1736	740	169	287
1726	752	173	285
1744	740	170	285
1704	756	176	285
1743	736	173	289
1729	752	177	284
1740	739	174	287
1729	757	177	283
1742	741	174	284
1731	758	175	283
1722	751	176	278
1739	738	174	280
1727	752	179	274
1717	738	178	274
1733	724	178	275
1797	494	122	305
1825	468	94	327
1820	453	95	331
1814	436	93	336
1825	443	90	341
1813	434	91	342
1804	446	98	335
1794	458	103	327
1780	467	113	324
1770	454	117	320
1756	445	122	317
1762	460	128	313
1770	473	132	310
1783	459	132	310
1769	471	135	308
1755	483	140	305
1660	491	139	306
1648	473	137	307
1615	479	131	315
1610	490	127	319
1575	471	121	330
1570	481	115	341
1563	464	109	354
1554	475	106	360
1549	490	106	363
1573	474	102	371
1569	461	98	380
1563	469	94	390
1554	480	93	392
1546	497	101	388
1568	488	97	391
1560	472	94	402
1550	485	96	406
1536	497	103	406
1526	555	109	394
1519	555	111	388
1526	553	113	385
1508	573	115	381
1511	569	118	377
1486	566	122	373
1486	566	122	373
1490	557	125	371
1468	548	128	369
1471	536	133	365
1512	613	136	362
1525	599	139	359
1547	573	138	364
1539	583	141	363
1533	555	138	371
1526	559	140	372
1520	537	140	377
1514	554	143	376
1505	539	145	376
1531	553	149	372
1491	542	153	368
1517	530	153	369
1509	551	154	366
1503	574	154	363
1524	531	157	356
1516	521	158	352
1507	546	161	344
1499	540	168	336
1493	527	171	331
1520	535	169	331
1479	548	173	325
1535	409	170	327
1532	400	167	328
1547	388	165	330
1547	388	165	330
1532	516	155	343
1528	533	151	346
1525	549	149	347
1547	534	147	349
1542	546	145	350
1565	531	141	351
1557	521	139	351
1556	509	136	351
1553	500	133	352
1573	516	129	353
1569	506	124	355
1567	494	122	358
1564	506	121	358
1588	517	118	360
1583	501	116	361
1596	485	112	367
1590	498	110	369
1586	511	110	370
1610	498	106	374
1605	515	106	375
1618	501	103	379
1613	514	103	379
1633	500	100	381
1628	514	99	382
1644	526	97	383
1640	515	97	382
1657	501	94	385
1676	570	95	378
1690	552	96	374
1703	565	97	368
1721	580	99	362
1763	597	105	355
1765	614	111	350
1755	601	116	345
1760	619	120	341
1747	605	127	334
1737	622	132	329
1746	637	136	326
1733	625	138	323
1740	641	142	320
1724	657	146	315
1734	644	149	314
1720	659	152	310
1710	646	154	308
1724	634	156	305
1735	650	158	305
1719	664	160	303
1730	677	163	302
1744	689	165	300
1782	675	137	306
1797	690	122	308
1806	680	113	309
1814	671	105	310
1804	687	107	308
1813	679	106	307
1801	695	107	306
1814	709	105	305
1803	699	107	304
1814	712	105	303
1822	701	97	304
1787	716	102	301
1800	706	105	298
1791	721	109	294
1783	736	111	292
1776	725	113	292
1768	716	115	290
1781	706	116	289
1773	720	118	288
1764	734	122	284
1781	723	124	284
1770	713	125	283
1802	727	117	283
1809	716	110	287
1816	729	103	287
1824	718	95	288
1815	732	96	287
1807	723	99	285
1799	737	100	284
1791	800	104	279
1808	789	104	277
1816	778	103	277
1811	792	103	276
1805	805	103	274
1800	815	105	264
1793	825	107	254
1787	833	109	246
1780	839	112	240
1795	846	114	233
1789	852	117	227
1783	838	118	227
1799	846	118	227
1794	833	119	227
1809	823	110	228
1805	831	110	230
1821	821	98	232
1818	831	97	233
1831	801	88	234
1826	813	88	234
1820	842	90	233
1813	849	92	230
1825	839	92	230
1818	829	94	229
1830	839	89	229
1844	827	75	232
1853	817	66	234
1845	827	67	233
1856	818	63	234
1828	807	65	232
1819	782	67	231
1810	776	69	229
1819	788	72	226
1812	781	74	225
1804	789	76	223
1813	780	80	219
1729	772	84	215
1716	746	86	212
1723	738	87	211
1748	749	92	206
1736	739	93	205
1763	731	96	202
1772	739	99	200
1782	729	101	199
1771	719	102	198
1780	710	105	197
1790	699	106	196
1779	707	110	195
1786	698	113	193
1794	691	114	190
1803	682	114	190
1814	672	105	194
1821	661	98	198
1840	572	79	209
1856	480	63	232
1852	470	66	233
1860	435	59	243
1854	446	63	243
1861	430	58	256
1852	437	64	261
1845	448	69	262
1839	462	73	261
1832	455	79	260
1844	446	75	265
1837	459	79	264
1846	447	73	269
1835	440	78	269
1842	423	74	277
1831	436	78	277
1839	422	77	282
1831	429	81	282
1841	414	78	287
1834	429	81	285
1828	442	83	285
1844	430	75	289
1838	464	78	288
1832	456	81	287
1848	464	71	291
1844	434	73	289
1839	444	74	290
1855	430	64	290
1849	439	70	284
1844	450	75	282
1839	418	79	281
1834	448	82	283
1849	451	70	288
1843	459	75	283
1839	444	78	282
1836	411	79	283
1832	401	81	287
1851	425	68	298
1844	394	72	300
1839	383	74	307
1834	397	77	307
1849	378	70	317
1844	390	72	317
1839	379	74	320
1835	420	76	317
1846	403	72	326
1839	440	78	322
1830	474	86	315
1824	440	87	318
1820	453	86	320
1832	459	86	326
1825	465	89	331
1819	474	92	329
1815	458	91	336
1824	463	89	343
1816	470	91	344
1808	460	94	339
1801	475	97	334
1796	485	100	331
1787	478	101	325
1780	470	101	324
1772	486	101	323
1735	521	98	327
1756	527	98	330
1747	533	96	335
1735	539	96	338
1722	521	94	340
1740	528	94	344
1708	535	94	350
1704	542	93	352
1716	523	92	354
1730	532	94	350
1718	517	94	350
1701	523	92	353
1693	507	91	354
1708	517	90	354
1751	506	95	347
1708	517	93	346
1696	527	93	345
1736	518	96	339
1723	532	97	335
1709	543	97	335
1698	529	96	334
1713	539	96	331
1682	525	96	332
1721	538	97	328
1714	552	98	324
1706	563	98	321
1722	550	100	316
1715	564	100	314
1733	549	101	311
1726	561	102	308
1718	573	104	301
1711	559	104	299
1704	568	105	297
1721	552	107	293
1711	561	108	292
1702	545	107	293
1715	531	107	293
1733	540	107	292
1722	549	108	290
1765	534	111	286
1731	542	112	285
1749	532	113	283
1767	543	117	279
1761	553	119	277
1753	563	122	270
1746	575	128	262
1764	563	132	254
1757	572	135	250
1750	582	138	245
