917	373	69	79
917	374	71	78
919	373	70	78
917	371	70	79
919	371	69	79
918	370	70	79
920	369	68	80
918	371	69	78
921	369	67	80
919	367	67	81
921	367	67	80
919	368	69	80
921	367	67	80
919	366	68	80
922	365	67	80
919	366	70	80
922	364	68	81
918	366	71	80
916	365	72	79
919	363	70	81
917	365	72	80
919	363	70	82
916	361	71	82
914	363	73	82
916	360	72	84
913	358	73	84
911	360	74	83
910	358	75	84
909	360	75	83
912	357	73	86
907	356	76	86
906	358	78	84
908	355	77	86
904	358	80	84
901	356	83	85
903	356	83	86
900	355	87	85
901	356	87	86
897	355	91	85
899	356	91	86
896	355	93	85
898	354	93	85
895	356	95	84
898	353	94	85
894	355	97	84
896	354	97	84
892	352	100	84
895	352	99	83
893	354	100	83
891	352	102	83
894	353	99	84
890	352	102	84
893	353	100	84
890	352	102	83
888	353	102	83
890	351	102	83
886	351	103	83
885	353	103	83
887	352	102	82
885	352	101	83
882	351	103	83
881	352	102	83
883	351	101	84
881	351	100	85
878	350	102	84
876	352	103	84
879	349	102	85
875	350	101	85
878	348	99	85
873	350	101	85
875	348	99	85
868	350	103	84
872	349	101	84
868	350	102	85
866	351	103	84
868	349	102	85
863	349	104	86
866	349	102	85
860	350	105	85
862	349	105	84
858	351	107	84
855	352	109	85
858	351	107	84
853	352	110	84
850	353	112	84
853	352	110	84
848	353	113	85
846	355	114	85
849	354	112	84
844	354	115	85
842	356	116	85
845	355	113	84
842	356	115	86
840	356	116	84
839	357	116	85
837	357	116	83
836	359	116	84
834	358	117	83
832	360	117	84
830	359	117	83
833	360	114	86
830	360	116	83
828	362	117	84
825	361	117	83
829	362	114	86
825	362	116	83
827	362	114	87
823	362	114	84
819	363	116	86
817	364	115	87
820	362	113	87
816	363	114	88
819	363	113	87
814	363	116	89
817	363	115	88
812	365	119	89
815	364	116	87
811	366	118	89
814	365	116	87
810	366	120	89
813	367	118	91
810	367	119	87
806	368	122	90
811	367	119	88
806	369	122	89
801	369	125	86
805	370	122	90
801	370	124	87
805	371	122	91
800	370	124	88
805	372	120	91
796	371	125	89
801	372	123	92
793	371	126	88
799	374	124	90
793	372	127	87
797	374	126	90
792	373	128	88
795	375	127	90
791	374	129	87
795	376	127	89
791	376	129	85
796	378	126	89
790	378	130	86
794	379	127	90
789	379	131	86
792	381	130	90
786	381	134	87
789	383	132	91
785	382	135	88
781	387	139	90
787	384	136	89
783	387	138	92
788	384	136	91
784	388	137	94
788	385	136	91
783	388	139	93
787	385	138	92
783	388	140	95
788	386	137	93
782	389	142	95
785	386	140	94
780	389	144	96
785	387	141	93
778	390	146	95
783	387	142	94
777	391	146	95
781	388	144	95
776	391	147	96
779	389	145	95
776	392	147	96
778	389	146	96
774	394	149	96
778	391	145	95
774	395	147	98
777	393	145	97
773	395	147	100
775	394	146	98
772	397	147	100
775	395	146	99
771	398	148	101
774	396	146	99
770	399	146	100
773	398	145	98
770	400	146	102
773	399	145	99
769	402	146	102
771	400	146	100
767	403	148	102
769	401	147	100
767	403	147	102
769	403	147	100
765	404	147	103
768	404	147	100
764	406	148	103
762	407	148	105
765	406	149	101
763	408	148	105
765	407	147	102
762	409	148	105
765	409	147	102
761	411	148	106
757	413	150	108
759	411	150	105
756	413	152	107
758	412	151	105
756	414	150	108
758	412	149	106
754	416	150	108
750	417	152	110
752	416	151	106
749	418	152	108
746	419	154	110
749	419	154	107
746	420	155	109
749	420	154	106
744	422	155	107
747	421	154	106
744	423	155	107
746	422	156	106
742	425	156	106
746	426	155	108
748	424	154	106
743	427	157	106
746	428	155	109
741	429	157	110
744	428	158	106
741	431	160	106
744	430	158	104
740	432	161	105
744	431	159	103
740	434	160	105
743	433	160	104
741	435	160	105
744	434	159	103
741	436	160	105
744	435	159	103
741	436	160	107
744	435	160	104
740	437	161	107
744	435	161	105
739	437	163	107
743	436	163	105
739	437	165	109
743	436	164	106
740	437	165	108
744	436	164	106
740	437	166	109
743	436	166	107
739	436	167	110
744	435	167	108
740	436	168	111
744	435	168	110
740	437	168	111
745	435	168	110
742	436	168	114
739	438	168	115
744	436	168	113
741	438	168	115
744	436	169	115
741	439	168	117
739	441	169	119
743	439	170	119
740	442	169	120
743	441	170	119
741	445	170	121
738	447	171	122
742	448	171	124
740	450	172	125
744	448	171	124
742	451	171	125
745	452	169	127
743	455	169	127
746	456	169	128
749	454	169	126
747	458	169	128
750	460	168	129
752	457	169	129
754	461	167	131
752	464	168	131
754	461	170	130
756	464	169	132
754	467	169	131
757	465	171	131
759	468	171	131
758	470	170	132
760	467	173	130
758	471	173	131
762	469	175	129
760	472	175	132
763	471	176	128
761	472	176	132
764	471	177	129
762	474	176	133
766	471	177	132
765	474	176	134
768	472	178	132
765	475	178	136
769	472	178	135
772	474	177	136
769	475	178	138
773	470	178	139
776	472	176	142
771	474	179	141
777	469	177	143
775	472	177	145
779	468	177	146
783	471	175	147
778	474	177	146
782	467	177	149
786	470	175	149
787	467	177	148
783	469	178	149
785	465	180	150
780	469	182	150
784	465	182	151
787	468	182	150
784	471	182	150
786	466	183	150
783	469	184	150
787	465	185	150
783	468	186	151
787	464	184	151
783	468	187	151
788	465	184	150
786	468	184	150
790	465	182	148
788	468	182	148
791	466	182	146
789	469	182	146
792	466	182	145
789	469	183	145
792	466	182	144
789	470	182	143
792	467	181	142
788	471	183	140
792	467	182	140
789	470	183	140
791	466	183	139
787	469	184	138
790	464	184	138
785	467	186	138
788	463	185	135
784	467	186	134
786	464	185	130
782	469	187	129
784	467	188	125
780	469	189	126
783	467	188	121
778	470	190	122
780	466	191	120
777	468	191	120
779	464	192	118
774	466	194	120
777	463	193	118
774	465	193	118
776	463	193	117
772	465	193	118
775	463	191	115
772	466	189	118
774	463	189	116
772	469	189	116
771	471	187	115
775	470	185	112
772	475	184	112
776	477	181	114
774	480	181	112
776	481	180	112
773	483	181	113
776	485	178	113
774	486	178	114
773	488	177	114
775	487	175	112
773	491	175	114
776	493	173	113
773	493	173	115
775	493	172	112
773	495	172	115
771	496	171	116
775	497	168	117
773	498	166	113
772	499	164	116
776	498	161	114
775	499	160	117
778	500	158	119
777	501	157	120
781	499	154	120
779	501	154	121
783	500	150	119
782	501	148	123
786	502	146	125
785	504	144	125
789	505	141	127
787	504	138	126
790	506	136	128
790	508	135	128
790	509	132	129
792	508	131	129
792	509	128	130
792	512	125	131
795	510	123	131
795	513	119	133
797	515	117	133
797	517	115	134
800	515	112	134
800	518	110	136
803	516	107	136
802	519	104	138
805	520	103	139
805	519	100	139
806	520	99	141
806	519	96	140
808	522	95	141
808	523	92	142
808	521	88	143
811	522	86	144
811	521	84	144
813	523	82	145
812	524	80	145
811	522	78	145
814	524	76	146
812	525	75	146
812	523	73	146
814	524	72	147
813	526	70	147
816	524	67	146
814	527	66	146
813	529	66	146
815	530	65	147
813	532	64	147
818	529	60	148
816	532	60	147
818	533	59	148
817	535	59	147
821	533	57	149
822	536	57	148
820	538	57	147
823	539	58	148
824	537	57	148
822	540	59	147
824	542	59	148
822	544	60	147
825	542	58	147
824	545	57	146
826	546	58	146
825	548	58	146
827	549	58	145
826	547	56	145
826	550	54	145
828	551	53	145
826	553	53	145
827	555	52	145
826	552	52	145
825	555	51	145
827	557	50	144
829	559	50	143
831	556	48	144
830	560	47	142
831	557	47	143
832	559	49	144
833	561	50	145
830	558	51	145
831	560	53	145
833	557	53	147
833	559	55	147
831	557	56	147
833	558	59	149
834	557	60	147
834	559	63	148
830	557	65	147
833	557	68	150
834	559	70	150
830	555	73	150
833	557	75	151
830	554	76	150
832	557	79	151
833	555	79	149
831	553	81	148
832	553	85	151
835	552	85	149
836	550	86	147
838	548	86	145
836	546	88	146
837	547	91	147
839	544	92	145
841	542	94	143
843	541	99	141
839	538	103	143
842	536	106	141
838	533	109	142
841	532	111	141
844	530	113	140
838	531	118	142
842	527	121	142
838	524	124	144
841	527	132	143
837	522	134	147
843	520	137	146
836	521	141	146
842	518	143	146
837	515	148	147
840	517	152	147
843	513	156	144
835	514	157	147
844	510	158	147
836	510	160	150
844	507	167	149
847	504	169	147
838	505	172	151
843	501	175	151
836	502	179	154
841	498	184	152
835	500	189	154
841	496	191	151
835	497	194	154
841	495	197	151
832	496	204	153
836	493	205	150
829	496	213	152
834	493	215	149
830	492	212	146
830	495	218	149
827	492	217	147
833	491	216	144
828	493	218	147
834	490	215	146
831	488	214	144
834	490	217	148
833	487	214	146
838	485	212	146
836	483	211	144
839	484	212	148
838	481	209	148
844	477	206	150
840	479	206	153
846	474	202	153
843	475	203	156
849	469	200	157
854	466	195	156
846	469	200	159
852	463	195	160
847	465	197	162
854	461	193	160
851	463	194	162
858	459	188	161
854	461	190	163
861	458	185	161
858	460	187	163
864	456	183	161
869	458	180	162
875	455	174	159
866	458	180	160
874	455	177	157
883	453	170	154
875	455	175	156
886	453	171	154
880	455	173	156
891	450	169	157
885	451	172	159
893	446	171	160
886	447	173	163
892	444	174	161
886	445	176	163
892	441	178	162
886	441	179	165
891	438	179	164
885	438	182	167
891	434	184	165
884	435	187	170
889	431	188	168
881	433	192	172
886	428	194	169
878	430	198	173
883	426	199	170
875	428	203	175
879	425	208	170
874	426	209	174
880	423	211	169
875	425	212	173
883	421	215	168
886	419	217	165
881	422	218	171
884	417	220	166
889	414	221	163
878	418	228	168
881	412	231	164
875	416	234	169
879	409	239	166
874	413	241	169
878	407	246	167
873	411	248	169
878	405	251	167
871	407	253	171
875	402	257	170
873	405	254	172
879	400	256	170
877	401	254	174
882	396	258	173
876	399	258	174
881	395	260	173
875	394	259	170
879	397	267	171
874	393	265	171
881	390	268	171
877	392	267	174
884	388	273	173
881	386	268	171
889	384	271	170
883	388	274	172
889	383	277	171
880	386	283	174
888	379	282	174
881	381	286	177
887	374	291	175
879	377	295	176
874	373	291	177
886	370	294	173
879	368	295	172
885	364	302	172
877	370	304	173
888	365	302	173
883	363	299	172
893	366	303	175
887	361	298	176
894	359	301	172
886	357	296	171
895	360	300	174
889	354	294	175
897	351	299	172
888	349	296	171
896	345	298	170
886	348	300	174
898	340	298	175
889	335	295	177
896	337	297	180
890	330	294	181
886	327	289	178
898	323	292	179
891	318	286	180
900	314	290	181
893	316	290	184
900	311	293	183
893	307	289	184
900	305	293	182
892	303	289	181
902	305	295	185
894	300	293	186
904	302	300	189
897	297	299	188
893	295	295	186
904	299	303	188
899	295	300	188
903	297	307	189
897	294	307	187
903	292	310	186
896	294	313	189
893	290	308	188
901	293	312	189
893	287	311	190
899	290	315	191
893	284	314	191
899	286	317	193
893	281	313	193
898	285	316	194
894	279	311	194
900	282	313	195
894	276	310	198
899	278	312	200
895	273	307	202
900	276	308	202
894	273	304	201
901	275	306	203
894	272	303	201
899	275	304	203
894	272	302	202
892	274	298	205
898	276	301	207
891	273	300	204
896	275	301	206
888	273	300	203
894	275	301	207
886	272	300	204
892	275	302	207
883	270	300	207
890	274	301	210
881	270	300	208
887	274	303	210
879	269	300	209
885	273	303	210
876	270	299	209
883	274	300	209
875	270	300	209
883	274	301	209
874	269	297	211
880	273	300	211
874	268	297	214
880	272	298	213
876	267	293	215
883	272	293	214
875	266	290	217
884	270	293	215
877	262	291	220
886	267	292	219
881	260	288	221
890	264	289	220
888	257	282	221
896	253	285	221
902	258	282	220
897	253	278	222
906	257	278	220
903	252	274	221
911	257	275	219
907	252	271	222
914	256	273	220
910	253	269	221
917	257	270	221
915	254	264	220
921	258	267	219
917	255	263	220
923	259	265	220
920	257	261	220
924	262	267	220
918	259	266	220
924	263	270	222
918	259	269	223
925	264	274	222
919	259	272	223
925	264	277	221
920	259	275	224
928	265	277	222
923	258	272	227
931	263	274	225
926	258	269	227
935	263	273	226
931	258	268	228
939	263	271	225
935	257	266	229
944	261	269	227
940	256	265	229
950	261	267	228
945	256	265	228
954	261	265	225
949	257	263	226
958	261	263	223
954	263	260	226
962	257	259	222
959	260	257	224
968	255	255	222
965	259	253	224
972	255	253	218
967	258	254	221
973	255	252	216
967	258	254	220
973	255	254	216
967	259	255	217
973	255	255	214
967	259	256	215
974	254	254	214
967	257	256	216
964	259	255	217
971	255	254	214
965	258	256	215
973	254	252	212
966	257	254	213
972	254	251	211
967	257	251	213
974	255	248	210
968	257	249	212
974	260	246	212
970	255	243	213
976	258	242	212
972	255	239	212
979	259	238	210
985	256	234	208
976	258	236	210
983	254	232	209
977	256	234	212
985	253	230	211
979	255	231	212
986	252	228	211
980	254	229	212
986	256	230	212
992	252	226	210
986	254	226	211
992	251	225	210
987	254	225	211
993	256	226	212
998	252	224	210
990	255	224	212
996	258	224	211
991	260	225	211
999	256	220	208
992	260	224	208
1001	258	218	206
992	262	224	207
987	263	226	211
997	260	221	206
989	263	225	208
983	266	227	210
993	262	224	206
983	265	229	210
992	262	226	207
982	265	231	209
990	263	228	207
983	265	230	210
991	262	226	207
982	263	229	212
992	259	224	209
984	261	227	211
997	259	221	205
990	260	222	210
1005	255	217	206
999	259	219	209
1011	255	214	206
1006	261	213	207
1017	256	210	206
1013	261	209	206
1019	265	206	203
1027	258	203	202
1021	264	201	201
1029	258	202	199
1023	265	199	198
1030	261	200	197
1024	267	196	194
1031	263	201	192
1022	268	201	192
1029	264	204	190
1018	270	204	192
1025	267	208	190
1013	272	210	193
1020	269	215	192
1009	274	215	195
1014	270	220	193
1004	274	221	198
1010	272	222	196
1002	276	223	203
1008	273	223	200
1000	276	226	206
1006	273	226	202
999	277	226	208
1005	274	225	204
997	278	226	207
1003	275	224	205
998	280	226	208
1006	276	224	206
1001	279	221	210
1010	277	220	205
1005	281	216	208
1014	277	214	205
1010	280	210	208
1020	276	208	205
1017	282	204	207
1026	278	201	203
1021	283	200	204
1032	277	199	202
1026	284	197	201
1033	277	196	200
1028	285	193	202
1034	277	194	202
1029	284	192	201
1034	276	196	200
1028	284	193	201
1033	274	195	201
1025	283	195	202
1029	274	196	202
1019	279	197	204
1025	272	200	202
1015	277	201	206
1020	268	204	206
1009	273	206	209
1014	266	207	210
1006	271	207	213
1011	264	208	215
1004	268	206	216
1011	262	205	216
1002	265	202	218
1009	259	201	218
1004	264	197	218
1012	259	194	217
1006	263	190	217
1014	258	187	215
1011	263	186	213
1019	259	180	212
1015	264	179	213
1024	259	174	212
1019	261	172	215
1028	258	166	211
1023	261	167	214
1019	257	168	213
1027	261	168	213
1021	257	168	212
1018	263	168	210
1027	259	168	206
1020	263	168	209
1026	259	167	206
1020	264	169	207
1015	267	169	207
1022	262	170	204
1013	258	175	203
1007	266	176	205
1015	261	178	204
1006	265	179	205
1001	268	182	207
1009	262	182	207
1001	266	182	210
1008	263	182	208
1001	266	180	212
1006	262	181	211
998	266	182	213
1003	269	180	215
995	263	183	216
1003	267	178	215
996	271	180	216
1008	266	175	215
1001	270	174	216
1012	267	169	213
1004	274	169	215
1014	270	162	212
1010	278	160	213
1022	271	153	212
1018	276	152	215
1025	271	147	214
1021	278	146	217
1027	275	143	214
1023	282	144	213
1029	278	139	208
1033	286	138	203
1028	283	140	200
1033	289	139	198
1038	286	134	193
1033	290	136	196
1038	288	136	190
1031	295	139	194
1035	294	139	188
1027	298	142	193
1021	302	147	196
1026	299	148	193
1020	303	151	196
1026	301	151	195
1017	306	155	197
1020	308	157	199
1015	310	158	202
1020	308	156	199
1014	314	158	201
1020	312	156	198
1012	317	159	202
1019	315	157	200
1013	320	159	201
1020	318	156	197
1014	322	156	204
1019	320	153	200
1013	324	155	203
1018	323	154	200
1012	328	157	203
1018	326	153	199
1011	329	157	202
1020	328	150	197
1014	331	153	202
1024	329	146	198
1018	332	148	203
1028	331	142	200
1023	334	143	201
1033	333	137	196
1029	337	136	198
1035	336	134	190
1032	339	133	191
1038	336	131	184
1033	339	130	187
1037	337	131	178
1032	341	131	181
1034	336	133	172
1029	341	134	173
1032	335	134	168
1025	340	136	169
1028	334	137	165
1021	333	139	161
1016	339	138	162
1019	333	140	160
1012	337	140	161
1016	331	142	161
1010	327	144	160
1004	335	144	163
1010	329	143	163
999	335	148	165
1005	327	148	165
994	333	151	168
1000	326	151	170
988	330	155	172
997	323	152	172
985	328	155	173
995	321	153	173
983	325	157	175
992	320	156	175
982	323	160	177
988	318	158	178
981	320	160	179
987	316	158	177
980	318	159	179
985	312	158	176
980	316	158	177
983	311	160	174
976	314	162	175
978	308	162	171
970	313	166	171
973	308	166	170
964	313	169	171
967	309	171	169
957	312	174	170
960	308	177	169
950	313	180	170
953	309	184	168
944	312	185	170
947	309	189	170
938	311	190	174
933	313	191	176
938	310	194	176
931	312	199	176
927	314	200	178
930	311	203	177
923	313	207	178
927	311	207	176
921	314	208	178
917	316	207	177
925	313	206	176
917	316	208	176
924	314	204	174
917	317	205	174
913	319	204	175
924	316	203	173
917	319	205	173
922	317	203	169
915	320	206	170
919	316	206	168
914	320	206	167
910	322	205	169
913	319	207	166
907	322	208	167
903	324	208	168
906	322	216	165
898	325	218	166
893	326	218	167
896	324	225	164
889	327	224	164
885	328	224	168
889	326	229	166
880	330	232	165
876	330	231	169
880	327	235	169
875	330	234	168
871	333	233	168
873	337	237	165
867	329	236	171
870	335	239	167
867	331	235	169
871	336	236	166
867	336	234	169
865	330	230	174
870	334	232	171
866	327	229	177
869	331	230	174
865	325	229	180
868	328	229	178
864	323	227	182
862	326	225	182
867	320	224	183
863	323	224	183
868	319	221	183
863	321	221	184
868	317	219	184
864	319	220	185
869	315	217	185
863	317	218	187
869	312	217	187
865	314	218	187
869	310	216	188
866	312	216	188
870	309	215	186
866	311	215	187
869	308	215	186
865	309	216	187
869	306	217	186
864	307	217	187
860	309	216	189
864	304	216	188
858	306	217	189
861	304	222	186
855	305	218	191
858	302	222	190
852	305	223	193
856	301	226	192
847	303	229	196
842	304	227	199
849	299	231	200
841	300	232	202
846	296	233	201
840	297	232	204
846	293	232	204
841	295	232	205
847	290	232	205
841	291	232	207
847	286	231	208
841	288	230	210
847	284	228	208
842	285	225	212
849	280	224	209
845	281	223	212
850	276	222	210
845	277	220	214
851	274	220	210
848	271	216	210
854	269	218	206
851	271	216	209
848	267	214	209
852	263	216	208
847	263	215	205
844	264	214	211
850	260	218	206
844	257	217	207
849	255	224	205
839	260	224	209
844	256	228	206
837	258	227	212
841	254	230	211
834	250	230	212
828	255	228	214
837	251	234	213
826	255	233	213
836	249	238	214
822	253	234	216
833	248	236	218
822	252	234	219
832	247	235	221
823	253	233	221
832	250	235	220
822	258	236	217
832	254	234	218
823	258	231	220
831	262	233	220
837	257	234	220
830	260	231	222
838	256	232	224
832	261	227	223
841	257	229	224
836	262	224	226
840	268	227	223
835	264	224	223
844	260	228	222
838	271	229	221
842	265	233	219
836	269	232	223
839	265	237	221
831	269	238	224
835	266	244	220
821	270	248	223
827	267	251	221
813	271	255	225
819	271	257	219
809	275	259	222
805	271	258	221
797	277	261	222
807	274	265	218
795	282	265	217
791	275	262	220
798	273	267	217
789	283	264	215
795	276	267	215
786	282	266	212
783	275	263	218
786	284	266	213
783	272	263	220
791	265	261	224
783	269	262	223
794	263	262	225
784	267	266	225
793	261	264	227
783	265	266	228
780	259	264	231
793	257	266	228
785	259	268	231
795	256	267	230
785	260	271	230
796	256	273	230
802	251	276	231
790	254	277	231
801	249	279	232
793	246	277	233
802	242	280	233
796	247	279	232
802	242	284	232
795	238	280	233
802	235	284	232
797	230	283	234
787	232	285	236
797	229	290	235
790	224	291	237
787	221	289	235
792	225	290	236
786	220	287	234
794	214	290	234
780	218	290	236
787	212	294	234
783	208	292	231
779	214	289	232
790	209	293	228
783	211	293	233
791	204	292	233
785	208	287	235
794	202	289	235
790	199	285	232
799	197	285	229
790	202	282	232
799	198	286	228
790	201	284	231
803	194	284	228
794	199	285	229
806	192	284	227
796	194	285	230
807	187	284	230
812	181	286	229
803	184	284	231
812	179	284	228
803	182	286	230
811	176	289	230
803	180	290	230
813	174	292	230
801	178	296	231
813	171	298	232
802	176	296	232
814	170	296	233
803	175	293	233
811	171	295	233
805	177	292	234
815	172	293	233
805	178	293	236
801	174	290	235
813	178	290	237
802	182	288	238
813	179	291	234
806	184	289	233
802	180	285	234
809	184	291	233
802	180	291	235
809	185	293	236
799	180	293	239
807	184	293	239
799	188	295	238
810	185	293	236
800	190	292	238
796	186	292	237
807	188	287	239
802	185	286	237
813	189	281	240
821	188	282	235
814	194	279	239
822	194	279	231
816	198	276	235
814	196	272	232
824	199	272	235
820	198	270	231
827	203	273	232
824	202	270	227
829	205	271	231
835	205	274	223
829	205	271	229
835	207	273	231
830	206	272	226
834	210	275	227
829	208	273	224
833	212	274	226
828	209	272	224
831	213	276	225
826	211	271	221
828	214	275	224
824	209	272	223
828	212	273	226
825	209	271	223
829	213	273	225
828	208	268	225
835	211	269	227
834	209	265	223
839	211	265	226
849	206	256	223
845	208	256	225
857	205	249	223
861	209	253	222
858	207	249	220
866	209	251	224
865	206	246	222
872	207	247	225
871	204	241	225
880	206	241	226
888	203	237	223
884	208	237	223
893	204	232	221
898	208	235	222
894	206	232	221
904	209	234	222
909	211	238	222
906	206	229	222
914	208	231	223
909	206	229	222
917	209	232	223
910	207	233	220
921	209	236	222
913	207	237	222
923	210	243	223
915	207	245	222
920	210	252	222
912	207	250	221
919	211	256	220
911	207	253	221
920	209	259	222
915	206	250	222
923	208	254	224
919	203	249	226
927	200	247	225
920	203	250	228
928	201	249	225
932	204	250	226
931	201	242	226
938	200	240	223
944	202	239	228
948	205	238	229
947	202	227	225
957	200	226	222
955	205	221	223
962	202	221	219
961	206	217	219
968	201	216	216
965	206	216	217
971	203	217	214
966	207	219	216
963	204	217	216
969	210	221	213
963	206	218	211
967	213	227	208
962	207	220	210
966	214	229	206
958	207	227	211
965	204	226	209
955	207	232	215
958	211	236	217
954	205	233	216
956	210	239	218
952	204	235	217
957	210	239	215
953	206	237	212
956	211	242	210
951	206	238	210
955	210	240	209
952	206	233	208
957	210	234	207
955	205	230	207
960	209	230	207
957	205	226	207
963	208	226	207
961	204	221	206
966	208	223	205
965	204	214	203
969	207	216	204
969	203	208	202
973	207	211	201
970	203	206	201
973	208	209	199
969	203	204	200
972	208	209	198
968	204	203	196
964	201	202	195
967	206	205	194
959	203	205	193
955	207	208	194
949	201	210	194
954	206	213	193
946	203	213	192
942	201	210	190
946	203	212	193
940	202	211	190
937	203	212	193
934	202	210	190
937	203	215	193
933	201	210	190
931	200	209	188
933	201	213	192
931	200	209	188
933	200	210	192
931	199	206	190
930	198	202	188
934	199	202	193
933	198	197	189
936	199	198	194
933	197	193	193
931	196	191	190
934	197	193	194
934	195	189	192
933	193	184	190
938	194	186	194
937	193	181	192
936	190	177	190
940	192	179	190
939	189	175	190
943	191	175	190
940	186	174	192
944	189	173	191
942	183	169	193
938	187	172	191
945	182	165	190
941	180	164	190
945	185	164	188
937	178	166	191
940	183	167	189
933	178	169	189
929	182	172	187
932	176	171	188
929	173	170	189
925	177	171	188
930	173	168	188
924	176	171	187
922	174	171	186
925	177	170	186
922	174	168	186
920	172	168	186
923	175	167	185
921	172	166	185
926	168	161	186
921	172	163	184
927	167	158	186
922	171	159	185
928	167	154	184
925	167	154	181
930	170	152	182
926	167	152	181
931	170	150	180
928	165	149	180
933	169	146	179
931	164	142	179
935	167	140	178
932	162	139	179
930	159	136	179
936	163	133	177
933	157	132	178
938	160	129	177
936	154	127	180
940	158	127	177
938	153	125	179
937	149	122	182
943	153	121	179
941	149	119	180
944	154	120	177
942	147	118	179
945	151	119	177
943	143	117	181
945	148	120	179
943	142	118	182
945	145	121	180
942	140	121	183
943	145	126	179
940	141	126	181
943	144	129	178
939	140	128	180
942	145	130	176
940	138	128	181
944	141	130	179
941	135	127	183
946	140	131	179
944	135	128	182
949	137	130	181
947	131	127	183
951	129	128	182
947	132	129	183
950	128	131	183
947	125	130	184
949	127	136	184
945	123	133	186
949	121	133	184
944	117	132	185
939	120	135	186
946	116	134	187
941	113	134	185
934	117	140	184
939	112	143	185
931	115	146	184
937	109	145	187
941	103	145	189
933	105	147	193
940	102	147	191
936	99	147	193
939	104	148	191
944	99	145	191
941	96	145	194
944	100	148	192
951	97	144	190
955	94	141	191
951	95	140	195
959	92	135	194
964	90	132	192
962	93	130	194
967	90	129	192
964	94	128	192
969	92	129	188
966	96	129	188
970	93	132	185
965	98	133	186
969	95	137	183
963	99	141	184
968	95	142	181
960	99	144	183
967	95	146	182
958	100	150	185
966	96	154	181
956	101	157	186
962	98	159	184
952	101	162	188
958	96	161	189
950	98	162	191
955	95	164	192
947	97	165	194
949	102	171	193
946	96	168	195
949	100	171	195
946	97	169	195
950	101	171	194
948	96	168	196
953	102	171	192
958	99	168	190
955	97	165	190
958	102	168	189
963	99	165	187
961	101	161	189
966	101	161	183
968	105	164	183
972	101	161	182
970	102	157	185
975	100	157	182
976	105	163	180
974	101	160	182
977	100	159	177
975	103	158	181
976	102	160	174
974	103	159	179
977	102	162	172
973	104	162	176
976	102	164	172
970	104	165	175
973	103	166	170
968	105	168	175
971	102	168	172
964	104	170	177
968	102	168	172
962	105	171	178
958	106	172	184
962	104	170	181
958	105	168	186
960	108	170	186
957	105	167	185
959	109	169	187
957	106	165	187
960	109	164	189
957	107	161	188
961	110	159	190
958	113	158	190
963	110	155	190
961	109	153	188
964	114	152	189
968	111	148	186
964	115	149	184
969	111	144	184
966	114	144	184
972	109	141	185
975	105	139	185
971	108	140	186
974	105	138	183
972	103	137	182
976	100	136	181
971	104	137	184
975	100	136	183
969	102	140	184
974	98	139	182
968	96	141	180
970	99	144	182
965	94	144	181
969	90	144	176
964	95	146	178
968	88	145	178
963	88	149	173
957	90	151	176
962	85	149	177
955	88	152	179
960	82	153	179
952	83	155	183
956	76	154	185
951	79	154	187
949	75	154	187
954	70	149	188
949	73	150	189
954	69	147	189
950	65	146	191
956	61	141	193
951	66	141	193
956	60	139	193
953	57	137	194
955	62	138	195
953	59	134	195
957	54	132	195
954	58	132	193
959	54	130	191
954	58	132	191
958	54	132	189
955	57	132	188
958	54	132	184
953	56	132	186
956	52	132	184
954	49	129	185
957	49	127	179
952	51	128	184
955	49	128	180
949	51	132	183
952	47	132	178
946	49	134	182
951	44	132	178
944	47	135	181
940	43	138	180
944	42	136	177
939	43	138	182
935	39	140	181
931	42	142	184
938	37	140	182
934	40	141	184
930	35	142	184
936	31	140	184
932	35	141	185
937	30	138	185
931	33	140	184
938	29	135	185
931	31	137	186
936	27	134	186
933	25	136	182
936	29	137	182
932	24	136	180
936	27	135	182
933	22	133	180
939	17	128	181
936	15	128	179
939	20	130	179
937	15	128	178
940	11	125	178
937	9	125	176
939	13	130	176
937	8	128	177
940	4	129	175
934	6	130	176
938	1	129	176
934	0	129	173
935	3	133	174
930	1	133	171
933	0	132	167
926	1	135	168
930	0	132	164
925	0	132	158
927	1	138	160
920	0	139	157
923	2	142	159
917	0	143	155
920	1	147	156
915	0	146	153
919	0	148	149
912	0	149	151
916	0	151	147
912	0	149	145
914	0	152	147
911	0	150	144
914	0	152	140
911	0	151	139
913	0	154	142
912	0	149	138
915	0	150	136
913	0	147	134
916	0	150	138
915	0	145	133
918	0	145	130
918	0	141	128
921	0	141	126
924	0	141	123
922	0	136	127
925	0	138	121
923	0	137	125
926	0	138	119
924	0	136	122
927	0	137	116
923	0	138	120
920	0	139	117
922	0	141	114
924	1	145	116
918	0	144	113
919	0	147	116
913	0	149	114
909	0	150	119
910	0	155	114
904	0	156	119
906	0	159	115
899	0	160	120
896	0	161	117
898	0	164	121
896	0	163	119
893	0	162	124
896	0	164	121
891	0	165	126
894	0	165	123
890	0	164	128
893	0	164	124
890	0	163	128
893	0	163	126
889	0	162	130
893	0	160	126
890	0	158	125
889	0	156	128
895	0	154	127
892	0	153	129
897	0	151	127
895	0	147	130
899	0	147	128
898	0	144	131
901	0	144	129
898	0	143	129
902	0	143	127
900	0	142	131
903	0	143	129
900	0	143	133
902	0	143	135
898	0	143	134
897	0	143	137
900	0	143	136
897	0	143	138
893	1	144	140
896	0	144	140
889	0	145	142
886	1	147	143
891	0	143	143
885	1	144	145
888	2	145	146
881	4	146	147
885	3	144	146
881	6	146	147
884	9	145	147
880	7	143	147
884	11	144	147
880	15	145	144
883	18	145	144
880	16	141	144
885	19	139	145
883	24	138	144
886	27	139	143
884	30	138	142
888	33	136	142
887	36	135	141
892	35	131	138
890	38	128	139
895	42	127	138
893	44	125	139
896	47	123	140
899	50	122	138
897	52	119	138
901	55	117	136
903	58	116	134
901	59	115	137
904	63	113	135
903	64	111	137
906	67	111	135
905	65	108	135
907	71	109	134
905	72	109	136
906	75	111	136
903	71	110	137
905	77	111	137
901	75	110	137
902	79	112	136
899	78	111	134
900	82	114	134
894	83	117	136
898	83	113	132
893	85	116	134
897	84	112	131
892	87	115	132
895	86	113	130
892	90	114	129
896	88	111	128
892	91	113	129
895	92	111	128
893	91	110	128
896	93	110	128
895	91	107	128
898	94	106	127
901	96	105	126
900	93	101	126
905	96	100	125
908	95	98	123
906	97	98	123
911	95	95	123
913	97	94	124
913	94	92	124
915	97	93	124
915	93	90	126
917	96	92	126
917	91	88	127
919	94	91	126
919	90	89	127
920	94	93	126
920	90	89	128
921	93	93	125
920	89	90	128
922	93	93	126
919	89	93	128
920	94	96	126
916	91	97	127
918	95	99	124
916	92	99	125
917	96	102	122
915	92	101	125
916	94	105	124
915	92	101	125
916	94	105	125
916	92	103	124
918	94	106	124
918	92	103	124
920	95	104	123
921	96	107	123
922	94	102	124
925	96	104	124
924	94	101	124
927	97	103	123
929	99	104	123
929	96	101	123
933	98	103	123
935	100	104	123
937	96	103	124
940	99	103	124
941	96	98	125
945	98	100	125
948	95	98	127
950	99	99	125
950	95	94	125
954	97	96	126
958	94	93	128
959	97	94	127
962	93	93	128
963	96	96	126
963	92	89	129
966	90	90	128
967	93	94	128
966	90	90	129
967	93	95	128
966	89	94	129
967	92	98	128
964	88	98	128
966	91	102	127
964	88	101	127
966	90	103	126
964	87	101	126
966	89	104	126
965	87	102	126
967	89	103	126
966	86	101	126
968	89	102	126
967	87	100	125
968	89	102	127
966	87	101	127
968	90	101	128
966	89	101	126
968	92	102	127
965	94	104	126
967	96	103	126
966	95	101	125
967	97	103	125
969	99	103	126
968	97	98	126
970	101	100	126
969	102	98	127
972	105	98	125
974	107	97	126
974	109	94	125
976	111	94	124
978	114	93	123
979	111	87	124
981	115	90	125
980	114	88	124
983	118	88	126
983	117	85	125
985	121	86	125
986	124	87	125
985	126	85	124
986	128	87	123
986	127	84	122
987	131	86	123
984	134	87	123
985	135	88	124
981	137	91	123
981	140	93	122
978	141	94	122
980	144	95	121
977	143	93	121
978	147	95	122
976	146	94	122
977	149	97	123
974	151	96	122
975	154	97	121
973	155	96	122
971	157	96	122
973	158	96	123
970	160	96	123
969	162	95	123
971	164	95	123
969	165	94	123
972	167	93	124
969	169	92	124
971	171	92	123
970	172	91	124
973	174	89	124
972	175	88	125
976	173	84	124
978	177	84	123
976	179	84	122
979	182	82	123
978	180	80	124
981	183	81	124
982	186	82	123
981	188	82	124
984	186	79	124
986	189	80	125
984	191	79	124
987	194	79	124
988	196	80	123
985	194	81	124
989	197	83	121
986	195	83	123
990	198	85	122
987	202	88	120
991	199	86	123
993	203	87	124
991	201	87	124
992	203	89	123
994	205	90	123
992	204	89	122
993	207	91	122
995	209	91	122
994	207	90	122
997	210	90	123
994	211	92	123
998	213	91	124
1000	214	90	124
998	213	90	123
1001	216	90	124
1004	218	90	126
1003	215	86	127
1007	218	84	127
1009	220	84	128
1008	219	81	128
1011	221	81	129
1010	223	80	128
1013	221	77	128
1011	225	77	128
1012	226	77	129
1010	228	76	130
1008	229	75	131
1007	228	74	130
1010	231	73	131
1007	233	73	131
1005	234	73	131
1003	234	73	129
1000	237	75	129
996	240	78	128
993	242	80	127
989	245	82	126
986	246	83	126
984	245	83	125
983	247	82	126
981	249	82	126
979	252	83	125
977	254	83	125
976	256	83	124
974	258	83	124
973	259	82	125
972	260	81	126
970	262	81	124
972	263	80	127
970	262	78	124
972	265	76	128
971	264	74	126
974	266	73	127
973	269	72	126
975	271	71	128
974	269	68	127
976	270	67	130
975	269	65	129
978	272	63	130
977	271	63	129
979	274	61	130
982	276	62	130
980	273	62	130
984	276	60	131
981	278	61	131
985	275	59	131
986	278	59	131
983	276	62	130
986	279	61	131
983	276	63	130
986	279	64	130
983	277	65	131
986	280	65	131
983	277	67	131
987	280	66	132
989	278	66	132
990	282	67	133
987	284	70	131
991	282	68	132
992	284	69	133
990	286	70	133
994	284	68	132
995	288	70	133
993	287	68	131
996	290	69	133
994	292	71	133
995	294	72	134
994	293	70	131
997	296	71	132
995	299	71	131
997	300	72	131
996	299	70	129
998	302	71	129
996	304	71	129
999	306	70	131
997	307	69	132
999	304	68	133
996	307	70	131
998	310	72	131
996	307	71	130
994	310	71	130
996	313	71	129
994	308	69	130
997	311	69	132
994	308	68	132
997	311	67	133
993	309	67	132
996	311	67	133
993	309	66	133
995	312	66	132
992	309	66	131
994	313	66	131
990	310	66	130
987	312	68	130
990	310	67	131
987	312	68	132
985	310	68	131
988	313	69	132
985	311	69	130
982	313	70	132
981	315	70	133
979	313	70	131
982	317	71	131
980	315	71	129
978	319	71	130
979	321	73	131
976	322	73	133
975	319	72	132
978	323	74	132
976	325	73	133
974	322	72	132
978	325	71	133
973	328	72	134
972	324	69	133
975	329	68	134
970	332	70	133
968	329	69	133
972	332	68	133
967	335	69	133
965	332	68	134
967	337	68	132
963	339	70	132
960	336	71	133
956	340	73	132
959	342	73	135
953	345	73	135
950	341	73	135
947	345	76	135
944	340	76	136
948	345	75	137
946	348	75	136
944	345	75	137
946	349	75	136
943	346	76	136
940	345	76	134
942	349	76	138
937	346	78	138
935	345	79	136
936	349	79	137
932	346	81	136
929	348	84	136
926	346	85	136
929	349	85	137
924	344	88	135
921	347	89	134
919	343	89	133
924	346	85	137
920	341	86	134
924	344	84	135
920	339	85	134
924	343	84	135
922	337	83	134
926	332	80	136
929	338	78	135
926	332	81	134
931	328	77	136
934	333	76	134
930	329	80	134
935	325	77	134
937	330	77	133
940	325	76	135
936	322	79	135
933	327	82	132
937	322	80	135
939	327	81	134
935	321	85	136
939	325	84	135
936	319	88	136
938	315	87	138
934	321	92	135
937	315	90	138
934	320	94	136
937	315	92	138
932	311	96	140
935	318	96	137
932	314	99	138
935	311	98	138
932	316	100	136
935	310	99	139
931	307	101	141
933	313	102	138
930	308	103	141
933	312	103	140
928	307	104	143
931	305	103	142
927	310	107	141
931	306	106	141
928	311	108	140
932	306	105	141
926	309	108	142
923	304	110	144
927	306	110	146
922	303	114	147
926	307	112	148
920	305	117	148
923	308	118	148
915	306	125	146
918	310	124	148
911	307	129	146
914	310	128	149
908	307	133	147
911	309	132	151
906	308	136	148
910	306	134	148
905	309	137	149
909	311	135	151
906	308	135	148
909	310	132	151
904	308	135	148
909	310	132	151
904	308	136	149
907	310	136	154
901	306	137	154
906	309	134	156
901	305	136	154
897	303	138	152
905	307	133	155
900	303	134	155
905	306	130	157
900	303	132	156
908	300	125	156
905	304	125	155
913	300	117	155
910	298	117	154
907	301	118	153
905	298	119	153
903	296	119	153
907	301	117	152
903	297	119	152
900	295	120	153
896	298	124	153
901	295	120	154
896	298	124	155
892	296	126	154
889	299	129	156
886	297	130	155
883	299	131	156
887	301	129	159
883	300	131	156
880	304	132	156
885	305	130	157
881	307	132	159
879	306	132	155
884	308	128	159
880	310	130	161
887	308	125	161
881	312	128	161
886	314	125	165
882	312	126	161
888	316	123	166
885	313	124	163
890	319	121	163
885	316	124	160
894	322	117	161
889	318	119	161
896	325	113	161
893	321	114	162
898	327	110	162
893	321	113	164
889	326	116	162
886	323	118	163
892	327	116	164
887	323	118	164
886	321	117	165
888	326	119	166
886	322	118	164
884	327	119	161
890	322	114	165
888	319	114	165
892	324	115	167
896	320	112	169
892	324	115	166
897	320	112	170
895	316	111	170
899	321	110	171
896	318	111	170
902	321	108	173
898	317	108	171
905	322	105	173
902	316	103	173
899	321	105	173
895	316	106	173
906	321	102	177
901	314	100	178
897	312	101	176
904	317	97	179
900	311	98	180
906	317	95	183
903	311	94	182
908	316	92	182
906	311	91	183
903	309	89	180
908	317	86	181
905	311	87	180
902	307	87	179
904	315	88	182
900	309	91	182
897	315	93	182
900	312	95	183
893	316	99	182
890	312	98	182
888	317	99	181
891	312	100	184
888	310	99	181
891	317	100	181
889	310	97	181
894	315	96	183
897	321	98	184
895	313	96	183
904	320	96	186
902	313	93	185
908	319	92	186
906	312	91	186
915	316	88	188
912	309	86	189
918	313	83	193
916	308	83	194
926	312	79	197
931	307	79	197
928	302	79	197
935	307	76	200
931	301	77	200
938	297	76	199
941	304	76	198
938	298	75	198
942	295	76	194
940	303	75	197
945	296	73	193
943	303	72	198
948	297	73	193
945	302	73	200
950	293	73	200
948	297	71	205
946	290	71	207
955	284	70	204
954	289	70	206
952	280	71	205
960	276	71	202
957	283	72	203
960	286	72	205
956	267	74	200
960	289	74	200
956	267	75	198
960	263	76	196
958	268	75	197
955	263	76	195
959	265	75	198
955	261	76	196
958	265	77	199
954	261	78	198
952	258	79	196
956	263	79	198
953	259	80	197
956	263	81	200
953	260	82	200
957	255	83	199
954	263	84	199
951	259	85	198
957	256	89	194
952	263	90	194
956	243	93	187
951	256	94	185
947	264	95	186
953	258	97	187
956	251	99	185
948	260	100	187
944	254	101	186
951	261	103	188
947	268	104	189
952	259	109	191
946	269	111	190
951	262	116	193
945	274	120	190
941	280	122	188
945	289	127	181
941	277	130	181
944	269	133	181
939	276	135	180
942	268	138	181
938	275	139	179
941	265	142	181
942	272	147	178
937	262	148	183
939	270	153	179
935	257	153	185
932	264	154	184
936	252	158	185
932	258	159	186
929	247	158	187
934	238	162	190
930	246	164	188
934	234	167	190
928	241	169	192
931	227	174	195
924	233	176	198
929	219	179	201
930	209	186	205
922	200	190	213
925	195	197	215
919	205	198	214
922	193	202	216
916	185	205	217
919	191	208	219
922	182	209	221
916	179	211	220
920	186	211	219
918	178	209	219
921	174	210	220
923	170	212	219
916	168	214	218
920	174	214	217
923	166	215	219
917	162	216	222
920	159	217	222
918	170	213	220
923	163	215	224
924	157	217	226
921	164	214	226
924	159	216	226
922	166	214	225
926	161	215	224
928	156	216	227
925	163	213	227
929	158	216	229
927	165	213	229
931	161	215	231
929	166	214	232
930	162	218	230
928	167	216	233
930	163	219	232
927	168	217	233
929	167	222	229
927	173	218	229
930	172	220	227
928	178	215	228
930	176	218	223
929	182	213	224
933	180	213	223
930	186	210	223
934	184	209	222
931	189	208	224
935	187	207	222
931	195	207	224
936	194	204	220
933	200	202	223
937	202	202	224
936	202	198	220
940	206	198	221
936	210	194	220
941	207	192	219
939	214	187	218
942	218	190	217
936	221	187	218
941	218	186	215
937	225	181	214
933	229	181	214
938	224	180	216
929	228	179	217
935	232	177	216
932	229	169	217
937	235	168	216
931	238	166	219
929	242	163	220
937	236	161	221
932	243	162	218
934	247	166	217
933	244	161	217
935	250	165	217
931	255	166	221
934	250	167	220
930	258	168	223
933	263	169	220
936	266	169	219
932	261	166	222
937	267	163	218
936	262	156	221
939	269	154	216
936	264	150	219
941	271	147	219
935	267	146	220
939	272	146	218
934	275	143	221
932	270	137	222
937	274	136	222
934	270	131	223
939	277	129	222
936	280	127	223
940	276	124	222
940	281	117	227
944	277	114	226
948	281	113	229
945	284	113	230
948	281	112	226
950	286	114	230
947	292	114	233
954	288	114	229
950	293	115	231
955	290	115	227
953	298	113	230
959	293	110	228
957	299	107	231
962	295	104	227
961	304	101	228
965	299	99	225
964	305	95	226
968	301	93	223
967	306	90	226
971	303	88	222
970	310	84	225
975	307	82	222
975	311	79	226
979	314	77	230
