1687	550	232	121
1688	548	207	133
1698	539	201	135
1708	530	191	139
1693	535	193	139
1696	529	197	136
1682	535	200	137
1670	529	202	135
1677	526	208	132
1667	531	203	138
1676	524	202	138
1669	518	199	140
1677	523	194	144
1664	529	196	144
1657	524	194	143
1663	531	197	142
1654	526	198	140
1659	534	199	141
1648	540	199	140
1655	533	200	139
1644	540	199	140
1657	534	196	140
1644	541	196	141
1654	535	194	141
1645	534	193	135
1652	541	191	136
1646	537	188	133
1652	543	187	133
1658	540	186	128
1648	547	185	129
1641	545	182	125
1649	542	182	122
1639	549	181	121
1645	547	181	119
1635	552	179	120
1642	547	178	120
1636	545	175	118
1628	542	174	117
1638	539	172	118
1624	546	173	119
1614	544	177	115
1618	541	179	114
1608	539	180	113
1615	536	178	113
1586	543	181	116
1598	540	180	113
1608	537	177	112
1600	535	175	110
1590	534	179	107
1578	532	185	105
1582	535	186	110
1565	531	194	108
1571	528	193	107
1556	524	197	106
1562	520	196	106
1549	515	198	106
1555	520	195	111
1542	514	195	111
1511	509	201	111
1499	513	205	112
1504	509	208	112
1508	502	213	113
1492	506	217	115
1482	500	221	116
1486	503	223	118
1474	496	228	119
1462	499	228	122
1467	493	233	121
1488	389	222	127
1498	382	215	130
1493	387	213	133
1488	376	210	137
1499	384	209	138
1490	373	206	140
1497	380	207	140
1488	369	204	142
1497	379	204	141
1485	369	205	141
1493	363	207	140
1482	371	205	139
1488	365	208	137
1480	360	207	137
1505	376	209	134
1493	370	207	132
1482	363	207	135
1475	356	206	135
1482	368	205	135
1487	363	205	133
1477	356	203	135
1485	367	201	135
1475	357	200	136
1483	353	199	134
1491	366	200	133
1481	359	198	134
1489	355	199	133
1493	366	204	130
1484	359	203	131
1491	353	203	131
1496	365	207	129
1484	357	207	129
1475	351	207	130
1486	360	204	131
1477	352	205	132
1487	359	204	133
1497	355	200	132
1505	362	196	133
1495	358	194	131
1501	363	194	131
1493	360	192	128
1501	357	192	128
1493	365	192	129
1501	360	189	128
1509	355	188	129
1497	366	191	130
1503	361	189	131
1493	358	190	130
1501	366	190	132
1490	364	191	130
1497	362	192	128
1492	370	187	131
1483	367	187	127
1493	364	182	128
1483	361	184	126
1473	369	187	126
1481	365	187	125
1474	362	187	125
1480	359	187	125
1471	355	185	125
1461	365	189	125
1474	358	184	127
1464	355	185	126
1477	350	179	128
1467	348	176	127
1456	355	179	126
1448	352	178	124
1444	350	177	123
1454	347	171	123
1448	343	167	123
1436	352	169	122
1431	347	165	121
1441	342	162	122
1428	350	168	121
1419	347	168	119
1429	343	166	120
1415	349	170	120
1422	346	170	119
1407	351	174	120
1396	349	177	117
1383	357	185	116
1389	355	192	112
1381	353	192	111
1374	359	192	113
1380	357	198	111
1372	353	198	110
1364	358	197	115
1372	355	203	112
1365	351	202	111
1362	347	198	113
1359	342	194	116
1354	351	192	119
1364	347	195	117
1359	343	192	117
1349	348	192	122
1357	344	197	119
1347	348	195	123
1340	344	195	121
1348	349	197	122
1339	345	200	121
1332	348	197	126
1327	341	195	126
1337	338	197	123
1327	344	198	123
1321	340	197	122
1319	336	193	122
1331	333	188	121
1322	339	188	122
1317	334	186	120
1313	331	183	119
1324	329	182	118
1316	333	178	121
1312	328	176	119
1309	326	172	118
1321	323	168	118
1315	329	163	121
1321	326	165	118
1315	322	162	119
1322	319	161	118
1302	326	156	121
1325	323	159	119
1303	331	155	121
1299	325	153	120
1325	322	153	119
1329	329	160	119
1319	325	161	117
1321	332	168	116
1311	335	171	117
1302	327	172	116
1308	331	173	118
1299	325	174	116
1291	330	172	119
1271	296	159	131
1282	306	150	135
1278	313	144	139
1273	305	139	141
1282	311	134	141
1277	305	129	142
1272	311	128	140
1267	307	129	137
1291	315	130	132
1297	313	135	127
1261	305	131	128
1316	316	136	125
1326	312	137	125
1352	319	132	126
1346	314	129	127
1340	310	130	128
1368	317	124	130
1362	310	120	131
1355	305	121	132
1346	311	124	133
1336	305	132	129
1345	310	134	130
1377	300	125	137
1372	309	123	137
1384	300	117	141
1420	310	123	136
1425	316	128	131
1386	311	125	131
1395	306	125	132
1415	313	129	130
1438	321	132	125
1428	313	132	125
1434	318	132	124
1440	323	134	123
1447	327	134	122
1438	318	133	123
1447	323	131	122
1455	329	129	123
1463	333	127	123
1457	324	123	124
1467	330	119	125
1473	335	117	127
1468	326	113	129
1476	333	110	131
1483	336	107	133
1479	328	104	135
1476	319	100	139
1470	328	100	139
1494	332	96	142
1489	326	94	143
1485	331	93	145
1495	335	89	146
1490	328	89	146
1498	333	87	147
1505	337	85	147
1502	341	82	148
1512	335	82	148
1507	338	78	149
1502	333	79	148
1511	338	77	148
1515	341	74	149
1511	335	73	149
1515	339	72	149
1518	333	73	148
1514	337	71	149
1518	332	71	149
1519	328	74	147
1515	333	73	146
1519	328	74	145
1515	331	73	145
1519	328	74	142
1515	332	75	143
1519	327	75	141
1515	331	75	142
1520	325	74	141
1517	320	75	140
1513	326	75	140
1518	332	75	137
1514	325	75	137
1519	332	76	132
1514	325	76	132
1518	332	76	130
1522	336	77	129
1517	317	75	131
1514	312	75	132
1518	317	75	133
1521	310	75	134
1515	330	75	134
1519	324	76	132
1512	319	76	131
1505	328	79	127
1500	326	81	123
1507	321	81	121
1501	329	83	117
1495	327	87	110
1501	323	87	106
1496	321	88	102
1500	318	88	100
1495	317	90	96
1488	320	95	94
1492	315	95	94
1486	312	98	94
1482	310	99	93
1475	308	103	93
1480	304	104	93
1472	302	108	93
1465	300	112	92
1442	305	120	91
1433	300	128	91
1426	298	133	92
1442	303	138	92
1430	298	146	92
1431	294	154	93
1419	292	162	92
1398	295	161	98
1418	286	167	99
1406	284	173	99
1399	280	174	100
1391	276	176	101
1386	271	172	104
1366	266	165	108
1373	263	171	109
1365	258	173	112
1369	255	180	112
1358	251	180	113
1349	247	181	114
1355	244	183	114
1346	241	183	114
1339	237	183	115
1346	235	185	115
1335	238	184	118
1329	232	184	118
1336	229	187	117
1326	227	189	115
1320	224	188	115
1314	220	186	116
1308	217	185	118
1297	214	189	118
