1008	364	133	164
1003	377	146	150
1005	375	148	145
998	385	154	140
1005	380	155	139
1010	391	160	134
1018	390	161	128
995	382	158	135
1003	378	160	134
997	380	154	142
991	373	150	145
982	367	148	149
989	374	149	147
983	380	150	143
977	352	143	150
982	344	141	156
986	355	144	151
976	351	146	149
982	349	147	146
976	343	146	151
979	357	151	144
970	354	150	142
971	352	152	139
963	365	153	134
955	360	152	137
952	365	150	139
948	370	149	139
943	363	145	142
939	356	143	147
944	365	148	143
936	356	145	150
933	342	143	163
939	334	149	165
936	338	149	168
940	334	157	167
930	338	157	168
937	332	160	166
932	328	161	166
935	336	166	162
940	332	174	157
942	331	181	152
934	341	179	151
940	330	182	151
935	321	176	156
941	330	177	155
937	318	174	163
944	326	174	167
938	315	170	176
932	305	167	182
928	314	162	187
938	305	160	191
930	310	156	199
938	304	159	198
928	294	158	199
923	285	152	202
932	280	155	201
920	276	157	199
915	287	152	197
922	278	153	199
914	270	147	203
927	276	146	201
931	271	148	200
922	267	146	200
915	275	142	199
920	270	146	199
913	278	143	200
922	272	145	200
913	279	146	200
920	274	150	200
915	278	149	201
922	272	153	200
913	276	153	201
920	270	155	202
913	274	153	206
921	267	157	209
924	261	159	209
914	266	160	214
920	259	161	215
913	264	161	221
922	270	158	222
929	261	157	224
922	252	152	227
930	223	155	220
919	240	153	223
929	230	155	227
917	220	152	233
926	234	154	235
918	249	152	237
944	319	161	217
935	318	160	205
948	341	161	190
956	348	161	184
947	345	158	179
956	355	156	177
951	361	152	180
958	367	152	187
945	359	153	186
936	365	145	188
931	372	136	190
926	380	131	192
921	374	132	189
930	369	130	185
926	399	126	190
937	391	124	191
931	383	124	190
946	391	119	199
952	386	117	199
945	380	117	198
941	407	116	199
948	399	117	202
939	390	116	204
944	398	114	212
934	409	111	216
937	396	111	223
930	385	115	219
933	416	116	227
923	387	118	224
927	403	121	221
922	394	121	220
929	406	120	222
921	420	119	221
923	375	126	204
943	371	132	196
926	384	138	184
926	382	145	175
919	372	144	173
923	365	146	172
928	372	148	170
919	380	148	169
911	392	147	169
905	423	146	165
914	397	149	162
907	412	148	155
901	423	147	153
910	419	149	150
903	464	146	161
899	448	137	175
910	458	136	176
902	446	130	181
899	438	124	186
895	429	120	188
902	436	118	191
899	428	116	191
923	406	121	183
927	403	129	174
932	400	135	168
917	396	140	162
924	392	145	158
848	388	150	153
848	398	156	150
857	405	157	151
858	396	159	148
864	402	160	149
850	393	163	145
855	373	167	140
880	372	175	133
903	368	181	129
989	497	182	126
995	507	181	125
994	497	177	126
999	504	177	127
998	494	174	128
993	488	171	133
999	496	170	134
987	488	167	137
980	502	167	136
987	514	167	134
972	509	169	131
964	521	172	125
954	513	172	125
945	506	170	127
954	512	172	126
928	518	164	134
900	510	164	134
910	521	163	134
954	518	164	133
960	530	164	134
965	542	164	134
951	538	166	135
957	552	163	136
960	564	165	138
954	559	159	140
957	572	162	141
948	586	161	140
950	579	167	139
944	590	166	140
939	565	166	141
941	576	170	143
931	568	172	147
934	577	173	155
923	571	174	157
930	599	173	165
917	572	172	170
924	587	171	173
928	582	171	177
907	648	153	193
916	654	149	200
910	644	142	204
919	649	142	207
905	642	142	209
896	655	140	209
905	662	145	209
890	657	151	207
925	664	152	207
914	673	154	207
926	656	152	209
921	648	150	212
949	641	152	213
933	655	151	212
925	667	148	210
915	682	149	207
924	698	151	199
916	694	151	197
926	687	151	199
920	694	153	202
928	706	154	202
931	696	157	204
935	710	161	202
939	726	164	198
933	737	164	195
945	747	162	193
938	753	162	192
949	744	160	192
959	754	158	192
954	761	158	191
968	751	157	193
980	788	157	191
989	782	155	189
997	774	154	189
1023	809	161	183
1006	782	163	181
1058	731	160	181
1066	743	159	180
1072	734	159	178
1082	767	160	177
1024	844	163	172
1014	832	164	171
999	827	167	170
963	863	179	160
965	878	187	150
1061	842	184	150
1071	828	179	153
1044	840	174	155
1057	886	173	165
1055	854	164	173
1066	885	165	178
1062	869	161	186
1068	906	167	173
1070	895	172	175
1065	903	167	176
1073	896	166	178
1077	889	168	182
1068	898	163	181
1063	888	154	186
1062	875	143	197
1074	889	146	190
1083	884	153	192
1085	880	160	189
1093	875	165	191
1087	885	167	193
1097	879	173	197
1087	872	174	204
1074	867	176	208
1055	871	178	208
1047	864	175	211
1058	860	174	213
1049	857	172	213
1060	861	168	212
1067	853	168	212
1056	845	163	214
1048	839	163	212
1064	828	162	212
1073	822	160	209
1064	816	159	206
1051	824	164	203
1039	814	172	202
1045	803	172	206
1043	807	169	212
1055	775	164	218
1065	766	158	224
1074	760	157	228
1060	752	157	227
1053	746	158	225
1064	738	159	225
1054	747	160	227
1066	715	160	228
1074	707	162	231
1067	696	161	233
1097	661	163	233
1062	692	164	237
1068	677	162	244
1063	667	160	247
1071	652	160	252
1079	643	160	252
1089	633	161	251
1081	620	159	253
1094	608	159	253
1102	596	160	253
1109	585	164	253
1095	577	164	253
1102	566	164	254
1090	576	161	257
1097	561	160	259
1103	549	159	260
1095	534	156	263
1105	520	155	265
1114	510	155	265
1109	496	153	270
1120	482	155	271
1129	476	162	270
1115	466	163	269
1120	458	166	269
1086	447	165	268
1080	433	163	269
1085	427	163	268
1076	416	162	267
1083	324	164	268
900	367	169	261
888	359	168	253
895	356	172	243
903	351	175	236
911	336	176	237
918	323	179	240
930	310	187	242
916	301	190	244
907	265	190	244
897	275	190	247
934	260	193	249
971	253	204	250
974	250	210	248
949	246	223	245
947	242	238	240
929	236	243	242
935	231	253	241
897	232	241	253
910	225	242	255
893	230	238	267
880	207	231	275
870	187	226	280
875	151	230	275
854	143	230	272
859	127	232	272
843	115	233	277
956	227	236	269
939	243	239	266
918	263	237	260
922	257	244	256
905	278	239	248
893	294	238	237
907	287	241	233
914	295	244	232
907	275	243	235
900	283	243	237
907	290	244	236
901	277	241	239
905	288	242	236
898	298	242	232
891	289	239	232
898	297	240	237
888	307	239	238
883	295	233	241
888	309	234	236
876	302	232	238
873	312	228	234
876	307	232	231
871	320	226	225
865	336	218	221
874	328	215	219
878	340	218	219
872	335	212	215
874	346	219	214
868	342	209	210
874	337	208	204
873	353	196	201
877	351	201	196
876	368	197	194
880	363	201	185
878	378	200	180
876	374	199	180
880	371	202	179
872	365	201	182
879	385	203	176
876	381	199	174
884	378	201	172
888	375	204	169
892	373	211	165
882	368	213	164
888	366	218	158
896	378	226	160
882	396	230	164
875	414	226	169
869	448	216	175
881	418	216	177
893	386	224	179
899	358	234	166
886	349	233	170
900	369	239	165
887	360	241	169
903	379	241	170
915	372	243	169
902	389	243	172
912	383	246	171
900	377	246	173
894	393	246	176
887	386	246	179
901	380	249	177
889	393	252	179
900	384	257	178
887	399	257	180
895	391	260	180
886	386	260	180
873	401	259	184
882	395	259	185
872	403	259	190
879	398	260	190
874	403	259	195
880	398	259	196
876	393	259	197
871	402	258	201
879	396	260	202
883	400	261	205
875	395	263	205
881	400	264	209
876	394	264	210
882	389	265	210
878	398	263	213
885	390	264	215
889	383	265	215
883	392	263	220
889	383	265	221
882	378	264	223
876	385	263	226
884	375	263	228
878	370	264	230
887	376	264	234
892	368	264	235
884	362	265	236
879	373	264	240
892	364	264	242
885	371	263	245
893	360	263	248
899	351	263	249
907	359	262	254
913	367	261	258
904	357	261	260
896	350	262	260
905	361	261	265
895	352	261	266
904	361	260	271
899	353	260	272
907	362	261	275
900	354	262	276
909	365	262	278
904	358	262	280
918	368	261	283
912	361	262	284
925	373	262	287
918	367	260	290
930	361	260	290
939	375	259	293
952	362	260	292
941	374	258	294
962	385	257	295
1019	365	254	298
1037	349	253	294
1048	367	250	295
1058	350	250	295
995	308	253	292
878	330	264	284
866	348	267	282
815	369	263	286
809	359	255	287
830	381	248	290
845	371	247	296
829	389	238	307
810	410	229	313
803	421	221	317
816	435	219	321
804	456	213	324
814	482	212	325
806	504	212	322
793	531	211	315
799	548	214	310
806	575	214	301
790	586	208	298
781	601	203	296
778	618	197	296
774	638	194	292
783	660	192	283
775	687	193	270
769	713	197	257
780	761	203	243
780	806	214	232
782	830	221	224
773	858	230	214
788	883	232	196
802	904	231	175
812	899	228	177
826	893	226	180
836	911	225	168
844	927	225	152
831	943	227	136
822	960	229	119
831	976	231	103
936	855	212	119
932	862	206	126
947	866	198	134
944	854	190	140
938	864	187	145
952	871	182	151
946	860	179	153
941	868	176	158
956	874	172	162
948	863	170	164
961	872	166	168
951	862	166	168
944	875	164	169
940	883	162	172
953	876	161	173
945	886	160	174
939	891	159	176
953	884	159	176
946	895	159	176
939	902	159	176
953	895	158	176
946	903	158	174
958	910	159	169
986	903	160	169
1043	846	154	178
1059	852	149	184
1053	839	145	191
1045	847	145	194
1061	852	140	201
1126	808	156	187
1134	800	160	184
1121	816	166	180
1126	828	170	177
1112	822	176	176
1118	834	179	174
1106	828	184	172
1111	842	189	169
1118	834	192	167
1106	847	195	166
1115	837	197	166
1105	853	198	166
1114	844	200	166
1120	857	202	166
1108	849	203	166
1115	862	205	166
1106	894	205	169
1115	860	208	170
1106	894	208	172
1115	862	209	172
1125	852	209	173
1113	870	210	174
1124	863	211	174
1116	695	202	179
1101	661	198	183
1110	689	196	185
1095	696	194	187
1106	704	191	191
1091	695	190	193
1099	685	189	196
1111	699	186	200
1099	709	184	203
1110	699	182	205
1094	690	180	207
1105	704	178	209
1096	710	173	215
1111	721	167	220
1101	704	160	228
1063	665	157	235
1074	675	154	239
1063	663	155	241
1068	680	157	237
1075	701	158	230
1083	718	161	225
1090	735	160	221
1072	729	167	220
1078	748	171	220
1063	741	173	226
1067	755	172	230
1053	746	173	234
1058	760	173	236
1046	747	170	239
1054	731	169	244
1042	736	165	248
1047	715	164	252
1039	720	159	259
1052	698	153	267
1044	705	152	273
1050	708	152	280
1042	697	154	281
1059	701	151	288
1051	692	150	290
1060	697	149	293
1068	688	148	292
1073	680	149	290
1066	693	149	288
1079	682	150	285
1067	674	152	283
1054	680	154	282
1067	665	155	286
1057	672	159	286
1069	655	163	290
1078	642	166	292
1083	651	168	294
1085	632	172	295
1078	591	172	296
1089	602	173	298
1082	582	173	299
1076	563	174	300
1083	576	176	300
1089	556	179	300
1090	566	185	294
1072	575	188	292
1081	561	190	291
1087	576	191	289
1092	566	193	287
1096	559	196	283
1116	578	195	280
1095	569	195	278
986	360	202	262
974	357	203	256
964	352	201	252
941	367	204	250
920	376	208	249
891	390	214	244
865	412	219	241
852	464	224	239
842	460	232	233
828	431	246	223
805	484	263	223
798	478	267	222
793	468	268	223
800	459	270	222
803	456	271	218
805	452	273	214
798	477	273	214
802	472	274	211
806	469	273	209
810	486	274	211
814	482	273	212
820	497	272	220
827	505	271	226
832	490	270	233
840	500	269	241
828	487	268	247
841	504	266	254
847	492	265	259
856	502	263	264
848	491	263	268
860	482	260	272
868	476	259	274
874	491	258	277
797	568	255	280
786	579	252	279
807	591	251	279
796	602	249	278
783	576	246	280
706	757	243	281
721	737	234	282
714	721	226	285
734	731	222	286
746	714	220	287
733	728	219	288
525	804	221	275
474	787	227	269
488	772	230	266
473	757	234	261
493	769	234	261
478	749	235	261
493	707	236	260
477	632	235	258
466	680	236	257
480	574	236	250
485	559	240	242
466	547	241	235
476	563	242	227
480	527	249	216
461	544	252	210
475	532	249	208
461	546	249	209
467	502	255	206
449	545	255	206
457	529	254	207
437	550	255	206
449	535	253	208
433	550	253	207
441	535	254	208
428	553	254	207
412	540	255	205
426	554	254	205
409	536	255	204
418	522	255	206
399	534	256	205
386	551	256	204
386	551	256	204
395	539	257	202
378	525	256	202
362	507	256	202
373	496	256	202
356	485	255	203
340	498	256	202
348	513	257	201
333	499	258	199
340	484	259	199
353	471	258	200
309	486	260	198
295	474	260	197
282	459	260	197
293	477	261	194
278	466	262	193
266	479	262	192
277	463	263	191
263	450	264	191
276	435	264	191
259	418	265	191
271	401	265	191
257	417	265	191
241	405	265	191
255	421	267	190
242	434	268	190
229	423	268	190
243	413	270	189
228	427	270	190
240	384	271	190
226	424	271	190
241	410	272	190
227	420	272	191
239	379	272	191
250	395	273	191
235	410	273	191
217	397	274	191
226	386	277	189
210	401	277	189
282	625	277	191
251	680	258	215
249	681	241	229
272	654	238	255
262	657	230	264
252	664	225	265
271	644	234	272
260	624	228	280
255	635	219	288
269	644	221	289
257	628	222	289
245	637	221	292
262	643	223	294
248	631	226	293
