78	390	990	310
80	373	976	326
81	366	970	339
82	361	969	350
77	354	963	360
77	354	967	365
78	346	963	369
72	347	964	371
71	346	966	372
66	345	967	372
66	347	968	373
56	343	965	372
64	345	965	374
56	340	957	376
76	344	958	379
69	346	955	376
50	343	965	376
53	344	962	376
53	342	965	376
49	342	963	374
53	342	964	374
45	346	966	371
35	342	968	370
42	347	967	370
36	348	972	370
34	345	973	369
24	345	976	367
23	342	976	366
32	345	974	367
20	341	977	367
23	339	974	366
24	340	972	366
19	339	964	366
19	338	964	365
16	339	966	364
20	338	964	363
17	339	966	365
20	340	962	362
14	341	965	362
12	341	967	363
16	346	969	363
11	348	973	366
9	337	971	367
4	340	973	364
5	340	970	362
4	336	963	365
13	337	966	368
9	337	968	368
8	335	968	368
7	337	968	369
14	335	967	368
17	334	964	368
20	334	961	367
9	334	961	366
9	336	966	366
6	332	973	369
10	332	975	371
-5	324	970	375
3	320	970	372
2	318	970	372
4	315	969	373
1	316	969	372
1	312	968	375
-1	311	967	374
-1	314	967	376
6	308	963	376
-1	314	965	375
-1	308	960	376
1	304	956	378
8	309	961	380
14	311	959	381
6	313	961	380
11	306	959	381
15	311	959	380
0	302	959	380
6	299	955	378
6	303	958	377
13	303	955	378
19	304	956	377
7	307	955	377
3	305	961	373
5	303	963	374
1	305	965	373
2	306	971	375
0	308	972	376
0	305	967	374
3	304	965	374
0	306	968	374
0	303	961	373
6	298	960	373
2	306	964	371
-7	304	965	369
4	301	958	366
10	307	951	367
9	305	951	369
7	301	956	368
17	309	954	370
14	308	951	368
13	305	956	370
4	305	958	371
2	304	954	368
14	307	951	368
23	311	953	370
18	313	956	369
3	315	966	368
5	311	961	369
19	309	959	370
18	307	962	372
5	309	965	372
11	307	968	369
9	309	968	370
17	306	968	372
15	305	971	372
13	303	964	370
21	310	968	369
17	309	964	371
24	309	961	371
22	307	966	371
26	309	970	373
16	311	975	373
19	312	974	372
18	313	971	372
17	313	970	370
24	311	969	368
23	311	972	367
19	310	973	366
25	318	977	365
22	315	973	366
21	317	974	364
28	321	978	364
22	319	976	364
30	319	975	365
25	319	979	364
26	316	978	362
34	313	969	362
42	309	964	366
29	311	975	365
35	309	973	364
34	317	976	365
30	314	975	363
43	305	969	366
39	304	972	367
39	305	972	368
45	311	971	369
48	305	968	367
40	307	973	366
48	308	970	365
42	303	970	364
49	305	967	369
54	306	968	367
55	304	966	368
57	306	963	367
61	303	961	367
67	304	957	370
67	302	955	368
69	302	955	367
74	304	955	365
82	298	946	366
90	304	945	365
87	305	936	362
98	306	937	361
99	305	939	360
100	307	937	358
106	309	942	358
101	305	938	358
102	301	939	359
100	298	939	359
119	308	939	361
119	304	934	362
120	303	934	362
114	306	935	360
127	303	939	357
122	305	943	354
119	305	940	356
129	303	946	356
130	304	944	356
130	299	945	358
137	305	940	356
134	304	940	356
141	302	937	357
143	300	933	355
135	303	938	354
135	298	941	353
146	309	943	356
136	303	940	356
143	304	946	357
124	305	952	356
132	305	952	355
130	308	954	353
134	309	959	356
129	303	958	356
133	299	954	357
130	300	955	358
127	300	960	356
130	305	963	358
134	303	955	357
126	306	947	352
137	303	947	351
130	305	949	352
130	306	949	350
136	307	949	351
125	304	949	351
124	308	945	352
134	311	942	352
128	307	944	355
134	305	944	357
122	307	944	356
122	312	947	355
102	309	951	353
112	312	947	356
115	316	950	357
111	308	955	360
98	313	949	357
103	314	951	357
102	317	952	360
94	313	958	359
94	317	958	356
81	318	958	353
81	321	959	352
87	323	962	351
78	323	964	349
73	323	966	349
83	324	963	350
75	321	962	350
77	324	964	350
83	325	954	352
73	320	954	352
77	329	953	351
84	324	951	351
88	314	945	354
77	320	947	353
78	328	946	352
82	323	948	355
70	318	944	354
80	326	946	353
76	320	942	352
81	325	938	351
70	325	944	350
67	325	948	351
66	324	946	350
69	325	948	352
60	322	947	350
73	327	947	351
61	316	942	352
62	323	952	352
51	318	954	351
67	324	951	351
46	312	951	351
62	315	946	351
51	318	956	353
51	320	958	353
44	314	952	349
46	316	955	348
40	319	962	348
42	309	958	348
44	312	953	347
56	318	952	347
43	315	954	345
51	313	954	348
43	308	954	350
51	306	947	356
50	310	950	358
50	302	948	355
57	304	953	356
36	306	960	355
56	309	956	357
56	301	951	359
54	305	955	360
52	300	952	361
50	300	948	362
58	300	950	361
65	302	946	361
68	299	944	363
57	302	947	363
68	298	944	365
60	302	941	366
65	296	944	368
78	294	941	371
72	293	941	372
57	289	945	370
59	290	949	368
68	294	947	367
65	294	946	368
69	291	949	367
67	294	952	365
66	294	954	365
71	291	955	365
60	294	953	364
70	295	956	364
70	291	959	365
54	292	963	364
66	296	959	363
80	293	959	365
54	293	967	365
72	297	970	367
67	286	967	368
66	293	968	367
62	291	973	368
60	288	973	368
60	295	972	368
64	292	975	368
48	287	983	367
59	289	979	366
63	289	980	369
59	288	984	367
53	285	981	369
57	284	982	369
58	289	985	371
59	291	990	372
55	288	991	370
61	290	991	367
45	288	996	366
54	292	996	366
62	291	996	367
48	288	999	367
68	287	996	369
58	285	1003	369
54	286	1002	367
57	286	1009	368
60	285	1008	369
55	287	1013	369
50	288	1016	369
47	282	1017	372
54	282	1019	372
58	281	1020	371
49	281	1023	373
49	274	1027	376
37	274	1035	378
28	273	1042	378
46	273	1040	379
30	266	1042	384
45	267	1041	390
27	263	1044	394
38	264	1039	394
46	265	1039	393
24	266	1047	395
45	263	1048	395
28	260	1046	398
42	263	1050	401
37	263	1053	399
19	260	1051	404
22	261	1057	405
22	262	1063	405
27	261	1057	406
24	263	1056	405
24	260	1058	403
8	261	1061	402
20	260	1061	403
3	262	1062	404
9	261	1062	404
6	260	1066	407
11	261	1064	408
10	259	1066	410
13	259	1067	411
6	260	1065	410
2	256	1074	410
-18	265	1083	410
0	266	1084	408
-4	264	1085	409
-9	265	1080	408
-11	269	1089	404
-14	269	1087	406
-22	270	1093	402
-20	276	1097	402
-19	264	1088	402
-30	262	1088	402
-23	268	1087	404
-27	278	1099	400
-30	266	1101	399
-45	270	1111	399
-39	283	1114	397
-25	277	1096	401
-39	269	1092	400
-45	276	1100	392
-34	275	1100	393
-50	274	1102	392
-34	280	1103	392
-49	280	1102	393
-44	275	1102	394
-44	277	1107	393
-48	283	1112	392
-53	277	1111	391
-54	283	1119	390
-59	284	1124	391
-62	282	1126	388
-62	289	1129	389
-55	276	1129	390
-62	282	1127	391
-61	289	1135	390
-61	281	1130	391
-57	288	1134	392
-59	289	1135	391
-52	291	1138	391
-61	286	1133	390
-59	278	1130	394
-62	282	1127	393
-61	283	1131	393
-58	274	1123	398
-57	280	1132	393
-57	279	1126	395
-58	277	1123	394
-61	282	1129	389
-65	281	1123	389
-60	281	1119	389
-64	278	1118	388
-49	282	1115	388
-65	282	1114	387
-50	276	1105	388
-48	281	1110	390
-65	276	1106	390
-48	279	1108	391
-55	276	1099	392
-46	275	1096	391
-46	284	1097	388
-40	289	1094	388
-37	295	1088	385
-32	300	1085	384
-42	300	1079	383
-35	300	1085	381
-40	303	1083	381
-37	308	1086	378
-38	309	1082	378
-41	307	1085	378
-40	315	1082	376
-33	314	1083	378
-34	314	1076	375
-34	318	1076	376
-33	312	1075	375
-36	315	1075	376
-33	319	1081	376
-39	317	1083	376
-37	318	1081	373
-44	316	1077	371
-31	318	1078	372
-29	313	1070	375
-46	314	1078	375
-41	314	1078	374
-47	318	1080	373
-40	313	1073	375
-43	313	1084	373
-45	315	1076	372
-50	314	1081	373
-47	314	1082	375
-62	311	1081	375
-44	312	1075	376
-46	314	1073	377
-50	313	1076	376
-54	317	1088	379
-57	311	1088	381
-63	315	1087	380
-48	321	1084	379
-68	322	1089	377
-57	320	1082	375
-53	321	1093	375
-64	326	1091	377
-57	326	1090	377
-58	327	1087	382
-59	328	1097	386
-69	326	1106	389
-70	325	1109	391
-72	325	1116	392
-72	327	1116	390
-73	326	1126	394
-80	325	1118	393
-67	324	1111	396
-78	324	1109	395
-66	329	1104	394
-71	332	1106	393
-76	331	1112	391
-67	333	1109	394
-71	333	1116	396
-77	328	1121	396
-71	331	1113	398
-71	333	1115	396
-72	329	1114	396
-67	329	1119	396
-86	331	1120	396
-64	333	1122	397
-73	338	1118	396
-71	339	1121	394
-80	339	1136	393
-84	340	1139	393
-75	339	1140	395
-77	337	1140	394
-79	339	1139	396
-80	341	1132	398
-69	338	1142	394
-80	343	1141	395
-71	344	1140	396
-72	346	1140	395
-77	343	1144	395
-79	349	1140	395
-70	354	1142	391
-73	354	1148	390
-72	352	1150	389
-74	348	1149	395
-71	349	1144	396
-69	355	1155	392
-84	357	1163	391
-73	358	1165	389
-69	356	1161	391
-80	357	1167	393
-67	359	1164	393
-75	359	1167	392
-68	362	1179	390
-68	360	1194	394
-81	361	1189	395
-71	358	1190	397
-76	357	1186	400
-71	359	1179	401
-74	359	1176	401
-65	362	1171	404
-76	366	1182	401
-60	367	1190	401
-78	367	1189	403
-68	369	1196	403
-73	371	1194	403
-72	371	1195	404
-75	369	1193	403
-64	373	1191	406
-67	380	1200	403
-76	378	1205	405
-78	378	1200	404
-59	382	1195	406
-76	386	1197	405
-73	387	1206	406
-77	389	1216	405
-70	390	1218	404
-73	386	1210	411
-72	395	1204	411
-74	395	1215	408
-83	395	1219	407
-80	400	1219	409
-85	394	1228	411
-85	398	1225	412
-88	395	1228	413
-91	401	1232	412
-94	395	1235	412
-89	400	1233	414
-92	400	1237	412
-97	397	1234	413
-86	400	1228	415
-86	403	1232	412
-91	406	1232	409
-90	402	1230	410
-97	400	1231	411
-97	399	1226	411
-90	405	1222	410
-104	409	1224	407
-95	402	1225	410
-99	406	1227	410
-99	404	1222	411
-107	404	1227	411
-99	404	1223	410
-108	407	1231	408
-102	410	1231	409
-111	404	1227	413
-107	401	1234	415
-101	398	1239	417
-111	400	1235	422
-101	398	1235	424
-107	400	1228	424
-111	399	1225	422
-104	403	1232	425
-111	392	1233	426
-107	394	1225	431
-101	393	1220	432
-108	400	1219	428
-109	399	1227	428
-112	401	1220	426
-107	396	1227	428
-116	406	1219	425
-121	404	1219	424
-110	403	1210	424
-102	404	1213	424
-108	409	1218	424
-116	401	1226	425
-121	409	1228	427
-112	399	1224	430
-112	405	1225	427
-110	411	1224	423
-117	408	1229	424
-117	414	1229	420
-119	412	1229	419
-114	413	1227	419
-122	418	1223	416
-122	422	1225	415
-115	415	1229	414
-121	420	1225	413
-124	416	1236	416
-123	418	1244	415
-126	415	1246	417
-129	412	1247	419
-120	413	1247	421
-133	415	1258	422
-126	418	1248	419
-122	417	1251	419
-123	421	1252	415
-119	421	1255	415
-117	424	1251	414
-122	430	1248	411
-126	425	1245	409
-122	427	1242	409
-119	424	1241	407
-111	424	1241	406
-106	416	1244	409
-107	419	1250	410
-109	411	1254	414
-118	408	1259	414
-113	408	1268	416
-129	411	1267	415
-128	406	1261	416
-122	404	1256	417
-132	404	1259	415
-116	407	1253	411
-125	407	1253	410
-125	398	1246	414
-116	405	1258	413
-125	398	1255	411
-122	398	1264	412
-136	400	1262	410
-130	400	1260	411
-132	401	1254	415
-114	393	1258	417
-135	396	1257	418
-125	401	1256	416
-121	390	1261	419
-140	391	1258	421
-137	399	1261	419
-133	395	1254	420
-124	393	1247	417
-136	394	1249	419
-124	387	1250	420
-148	392	1260	421
-139	396	1255	417
-143	395	1252	417
-139	393	1247	415
-150	391	1247	416
-153	392	1250	419
-152	392	1247	417
-155	391	1248	419
-151	387	1243	420
-157	388	1241	421
-156	389	1243	421
-156	385	1236	423
-165	385	1239	424
-160	389	1237	425
-154	388	1236	422
-151	389	1233	421
-148	387	1225	420
-152	390	1226	422
-150	386	1224	419
-150	388	1223	420
-158	390	1221	419
-157	390	1219	416
-157	390	1217	416
-152	387	1212	415
-158	388	1216	415
-160	387	1214	413
-154	385	1207	417
-158	387	1210	416
-154	386	1205	416
-153	384	1207	416
-149	386	1207	415
-143	385	1202	414
-152	389	1208	410
-143	391	1205	409
-150	389	1208	411
-136	388	1201	409
-137	387	1196	409
-135	385	1194	411
-130	382	1189	413
-124	381	1188	416
-124	377	1184	420
-126	374	1183	422
-116	375	1169	424
-112	372	1162	424
-104	371	1150	424
-99	365	1138	424
-103	364	1129	426
-89	360	1115	425
-88	361	1116	421
-91	360	1120	418
-79	363	1129	413
-62	370	1139	406
-65	362	1144	407
-86	367	1157	395
-91	376	1169	390
-96	378	1168	383
-103	383	1174	377
-85	383	1165	379
-33	387	1178	380
-50	389	1185	383
-58	392	1181	387
-49	393	1182	394
4	382	1186	394
3	367	1177	404
31	355	1159	413
57	348	1148	415
74	343	1126	416
99	334	1113	411
87	262	1101	416
85	275	1099	414
93	280	1087	417
82	285	1092	416
97	285	1089	420
90	288	1101	419
94	291	1107	422
106	298	1092	434
107	297	1088	448
105	222	1079	459
90	241	1079	465
76	260	1088	470
80	264	1097	478
65	273	1114	476
51	279	1128	479
30	289	1143	486
20	298	1145	495
-1	209	1136	496
-16	228	1141	493
-39	250	1143	495
-53	277	1154	497
-74	196	1155	496
-88	214	1141	497
-87	233	1146	489
-75	249	1142	480
19	166	1123	481
9	190	1121	469
0	203	1122	458
-10	211	1115	454
-30	219	1096	453
-42	232	1088	446
-37	239	1093	442
-53	244	1090	435
44	252	1084	430
30	253	1069	425
29	264	1074	419
53	178	1069	417
76	269	1058	413
97	261	1021	430
173	158	997	432
102	241	978	437
183	230	957	436
191	228	950	431
16	242	946	416
-54	257	921	417
-94	276	882	419
-75	286	856	419
-92	302	835	418
-97	309	824	416
-69	316	815	415
-85	322	803	414
-86	330	790	411
-53	334	783	410
-70	342	767	408
-73	347	754	404
-75	349	741	400
-50	349	732	396
-64	360	723	392
-87	370	718	390
-58	381	711	387
-39	385	708	385
-72	399	705	383
-51	405	701	381
-36	407	698	377
-67	417	692	374
-40	427	690	372
-64	438	687	368
-44	446	684	366
-92	511	671	373
-65	507	669	372
-50	507	668	369
-87	569	652	379
-76	565	637	387
-71	569	627	393
-48	575	627	387
-39	577	627	383
-37	583	628	380
-37	594	628	377
-44	663	628	375
-49	672	627	372
-46	682	626	370
-69	731	631	364
-75	728	635	356
-87	733	637	350
-12	810	639	334
-78	752	640	330
3	828	640	316
-34	849	637	301
-19	865	636	291
-7	876	636	288
-1	883	636	286
3	826	637	283
51	829	638	279
46	836	639	269
43	846	638	263
12	858	638	251
35	868	639	243
8	877	638	238
30	884	638	237
42	889	638	236
56	892	638	236
68	896	638	235
76	894	638	235
64	891	638	235
47	887	638	235
28	880	638	235
0	868	638	235
-12	848	638	235
-7	812	638	236
2	800	637	237
8	799	637	238
58	810	635	240
43	818	633	241
101	825	629	243
138	834	626	243
113	840	623	241
154	845	623	237
109	853	622	231
125	866	621	225
137	880	620	218
151	892	619	213
153	905	620	209
140	867	619	208
182	885	618	206
191	897	619	203
295	609	617	205
317	626	617	206
356	645	615	206
350	653	614	206
322	626	613	207
333	649	612	209
342	661	611	211
369	667	611	211
417	686	612	211
334	658	611	213
389	676	611	216
381	686	608	216
351	661	606	218
381	682	605	218
409	694	605	218
426	702	604	218
350	681	606	217
419	705	604	216
347	676	608	217
401	704	608	216
429	717	607	215
387	689	609	215
439	711	607	214
362	685	611	213
437	706	611	212
444	723	610	212
435	700	610	211
462	722	607	211
414	692	608	211
472	711	607	211
491	723	605	209
458	697	605	209
431	671	604	210
499	699	602	211
519	725	597	209
511	700	595	209
487	678	595	208
539	706	592	207
507	683	593	207
565	713	590	205
529	694	590	204
501	672	590	204
566	696	587	205
539	673	586	205
596	700	584	205
626	718	580	203
594	700	577	203
664	731	570	200
631	709	568	201
656	726	565	200
622	713	561	200
702	740	554	202
720	762	551	201
691	737	551	201
750	763	548	201
742	774	547	200
740	789	547	199
803	802	548	199
818	818	547	199
828	838	547	199
875	854	545	199
883	867	545	198
885	868	545	198
931	876	546	198
907	887	544	192
938	885	544	191
935	894	547	188
946	899	550	183
947	908	554	178
997	916	555	174
1011	920	561	170
954	920	572	169
976	924	583	167
996	923	596	162
1032	930	606	159
1005	933	608	157
1018	934	610	155
1016	938	610	155
1050	943	612	154
1044	907	612	155
1038	909	612	155
1092	918	612	155
1135	921	612	155
1139	921	613	156
1145	919	613	156
1151	916	614	156
1153	914	614	156
1164	913	613	156
1172	913	613	157
1187	908	613	157
1195	903	613	157
1226	901	613	157
1243	897	613	157
1259	890	613	158
1270	885	612	158
1305	887	611	159
1307	882	610	160
1296	881	610	160
1301	881	609	160
1306	882	609	161
1308	884	609	161
1307	879	608	161
1330	876	607	162
1324	878	607	162
1320	877	607	162
1319	878	607	162
1319	882	607	162
1249	921	607	162
1178	917	609	162
1170	916	610	162
1188	914	610	162
1203	911	611	162
1209	908	612	162
1224	912	613	162
1229	910	614	161
1241	913	615	161
1255	916	615	161
1259	916	615	161
1288	922	614	161
1300	920	613	161
1307	915	612	161
1322	913	611	161
1296	668	596	172
1317	615	585	180
1331	609	569	189
1346	604	563	194
1353	597	549	209
1351	633	544	212
1299	634	535	218
1332	633	529	223
1326	636	525	227
1353	634	519	232
1376	633	517	234
1389	631	514	235
1397	630	512	236
1374	638	511	236
1363	645	510	237
1347	649	510	237
1123	856	515	231
1102	876	523	222
1050	890	540	212
1068	902	548	204
1073	913	556	195
1093	880	561	194
1068	895	566	189
1086	910	572	181
1136	912	580	178
1104	913	586	175
1131	922	590	172
1100	925	595	170
1126	936	597	167
1203	888	595	173
1242	894	588	177
1196	903	589	176
1127	914	594	173
1184	922	604	171
1149	925	613	168
1158	930	621	167
1230	930	618	166
1270	928	612	166
1255	928	612	163
1283	926	611	163
1310	927	610	161
1287	929	609	160
1315	931	605	160
1339	928	602	160
1318	929	601	160
1285	934	600	159
1183	931	602	159
1138	931	602	159
1159	935	603	159
1176	937	604	159
1187	934	605	159
1153	932	606	159
1180	930	607	159
1196	930	607	159
1210	928	608	159
1211	924	609	159
1238	924	609	159
1245	918	610	159
1270	911	610	159
1288	910	610	160
1276	901	609	160
1297	895	609	160
1278	889	608	161
1266	883	607	162
1253	879	605	164
1273	880	605	165
1291	881	604	165
1267	876	603	166
1262	874	603	166
1267	871	602	167
1275	870	601	167
1278	870	601	168
1285	872	600	168
1300	877	600	168
1293	878	600	169
1289	881	600	169
1298	885	599	169
1297	886	600	169
1294	884	599	169
1307	880	599	169
1321	877	599	169
1322	872	599	169
1320	871	599	170
1323	868	598	170
1328	868	598	170
1335	868	598	171
1349	865	597	172
1343	864	596	173
1343	864	596	173
1346	865	595	173
1348	904	595	174
1323	894	595	174
1314	887	595	174
1319	887	594	174
1319	888	594	174
1350	883	593	175
1341	880	593	175
1363	866	592	176
1373	853	590	177
1391	843	588	179
1403	824	585	181
1384	856	583	182
1099	855	582	183
1059	808	578	184
1034	851	574	184
1050	846	569	185
1067	797	559	185
1079	843	556	184
1068	838	550	184
1114	796	548	184
1135	887	542	183
1137	800	539	183
1119	838	537	183
1166	792	529	185
1171	791	522	187
1213	795	516	188
1221	793	508	191
1236	786	495	197
1243	792	490	197
1247	795	490	196
1304	791	473	202
1327	792	463	204
1303	798	468	200
1312	805	472	196
1329	804	468	197
1327	809	475	193
1342	815	478	189
1356	809	474	192
1362	817	480	188
1380	816	477	191
1388	820	478	190
1411	819	475	194
1421	863	477	190
1375	861	484	187
1436	855	479	188
1446	850	476	190
1458	852	470	191
1465	850	465	193
1408	888	473	188
1434	886	474	186
1481	874	467	188
1414	910	476	181
1397	905	478	180
1409	900	481	178
1429	896	481	177
1415	895	481	176
1408	894	482	175
1406	891	481	175
1428	890	481	175
1373	927	482	173
1316	923	483	170
1366	923	483	169
1314	922	483	167
1353	920	484	165
1341	918	483	164
1378	916	482	163
1414	873	480	164
1450	909	478	163
1428	906	478	163
1432	907	475	162
1431	910	472	162
1479	913	467	162
1435	912	463	161
1484	915	458	161
1457	917	455	160
1466	917	451	159
1475	921	449	158
1479	923	448	158
1484	924	447	157
1483	923	446	156
1496	920	446	156
1492	919	444	156
1487	920	444	156
1477	919	443	156
1448	924	443	155
1429	926	444	155
1419	925	444	154
1403	925	445	153
1391	927	446	153
1416	928	446	152
1390	928	446	151
1444	928	445	151
1414	930	444	150
1461	932	443	149
1454	933	442	148
1454	935	441	148
1477	937	440	146
1472	939	439	146
1463	941	438	145
1486	941	436	144
1479	941	436	143
1478	940	435	143
1495	940	434	143
1487	939	434	143
1474	938	434	142
1492	938	433	142
1508	937	433	142
1484	937	432	142
1489	939	432	142
1462	938	432	142
1405	936	432	142
1369	931	432	142
1402	924	432	142
1406	919	431	142
1405	946	432	142
1412	939	433	141
1420	933	433	141
1430	925	433	141
1131	785	435	145
1075	791	433	149
1089	797	434	154
1101	763	435	161
1096	770	436	165
1120	777	437	168
1101	776	433	172
1134	784	437	172
1099	814	430	180
1103	808	423	186
1105	808	409	194
1114	842	405	197
1118	804	396	200
1134	874	395	198
1147	878	394	194
1157	878	394	191
1165	877	389	191
1166	878	385	190
1201	922	395	175
1202	926	401	167
1209	931	413	159
1251	936	423	152
1255	937	430	149
1284	943	438	146
1276	950	446	143
1304	956	452	141
1290	957	456	139
1317	962	458	138
1324	969	459	136
1295	941	458	136
1280	949	457	136
1333	961	458	135
1374	971	460	133
1315	938	458	134
1309	944	455	135
1339	948	454	135
1374	953	455	136
1360	952	456	135
1386	956	457	135
1374	957	457	134
1398	959	458	134
1387	926	454	136
1422	929	453	138
1431	933	449	140
1432	940	445	140
1434	942	444	140
1427	941	442	140
1456	944	439	140
1429	900	436	144
1120	728	417	147
1092	737	406	149
1108	745	400	151
1148	751	386	157
1164	751	375	160
1185	751	368	161
1195	754	368	158
1206	737	372	151
1224	748	376	147
1225	757	374	144
1257	761	375	143
1294	761	369	145
1306	760	363	148
1345	763	352	152
1360	761	342	156
1372	766	336	160
1414	764	324	170
1432	770	316	179
1450	778	312	184
1469	789	310	188
1440	792	314	187
1473	816	316	187
1569	830	308	191
1584	833	296	196
1627	841	282	203
1646	842	267	208
1665	841	258	209
1658	841	259	206
1672	841	254	206
1461	858	275	184
1464	870	286	174
1468	881	295	164
1496	891	303	156
1500	901	310	150
1501	911	314	145
1503	920	314	142
1530	926	310	140
1533	930	303	137
1553	933	298	133
1548	942	296	128
1566	949	293	124
1563	956	291	119
1573	962	288	115
1584	966	285	111
1592	970	282	108
1592	972	279	105
1615	974	273	102
1590	974	275	99
1592	973	279	98
1608	973	283	98
1619	972	283	101
1630	968	283	104
1634	964	284	105
1608	886	286	107
1461	816	291	108
1425	799	299	107
1440	805	307	106
1349	817	288	127
1344	810	275	145
1359	805	267	160
1376	801	262	170
1388	801	258	181
1395	810	267	177
1402	817	276	173
1412	823	283	171
1426	821	276	184
1438	829	284	181
1450	834	293	177
1468	836	299	173
1488	841	309	170
1470	845	314	170
1491	850	319	169
1510	854	324	168
1492	857	327	169
1509	861	332	169
1524	865	335	171
1504	871	333	173
1540	873	335	172
1544	875	334	172
1543	900	330	172
1549	898	329	172
1565	893	332	171
1582	891	332	171
1579	912	332	169
1582	909	331	168
1317	853	325	164
1320	858	320	161
1362	887	311	157
1373	888	302	154
1405	893	297	152
1408	899	293	149
1442	907	290	149
1490	934	290	145
1506	935	288	141
1518	937	280	139
1545	941	276	136
1571	971	280	124
1565	975	282	115
1580	981	281	108
1583	981	283	104
1599	980	285	102
1437	908	288	102
1445	909	291	102
1435	910	293	102
1446	933	294	103
1457	935	297	103
1467	937	300	104
1473	963	304	105
1476	966	307	106
1480	966	311	106
1495	967	315	106
1465	963	317	106
1480	961	320	107
1495	982	327	105
1429	943	321	110
1439	932	317	113
1448	942	314	116
1459	963	315	116
1469	959	316	116
1465	959	316	116
1480	955	318	116
1464	954	318	117
1482	954	318	117
1494	977	321	116
1511	973	323	115
1506	970	325	113
1499	969	326	113
1518	968	326	113
1537	967	327	112
1547	967	327	112
1424	942	326	112
1218	834	330	112
1225	838	333	113
1212	839	337	113
1248	867	341	114
1236	862	344	114
1252	859	345	114
1261	860	347	115
1267	863	348	115
1278	864	350	116
1268	865	352	116
1298	888	353	116
1299	883	355	117
1309	881	357	118
1349	941	358	122
1383	942	358	126
1359	942	360	128
1386	945	361	129
1437	947	364	128
1455	951	367	128
1472	954	375	126
1478	957	382	125
1486	960	391	122
1492	963	397	120
1498	964	399	118
1465	964	400	118
1470	966	401	118
1494	966	402	118
1490	966	403	117
1469	966	410	116
1490	965	410	116
1496	964	410	116
1497	961	409	117
1486	957	413	118
1500	954	412	119
1502	952	410	120
1508	950	405	122
1514	951	402	122
1528	955	397	122
1522	957	397	122
1522	959	396	122
1518	956	396	122
1521	950	395	122
1526	945	394	122
1529	944	394	122
1535	940	394	123
1540	929	393	123
1546	920	392	124
1547	945	392	124
1558	938	391	124
1560	927	390	125
1564	921	389	126
1571	910	388	127
1573	909	387	127
1557	929	386	128
1564	778	380	130
1563	784	379	130
1577	791	378	130
1573	799	376	130
1573	805	375	130
1579	813	374	130
1572	821	374	130
1589	825	370	130
1583	832	369	130
1585	838	367	130
1592	840	366	130
1580	847	365	130
1573	853	365	131
1529	889	365	130
1506	892	365	130
1491	893	365	130
1474	895	365	130
1465	897	365	130
1429	926	365	130
1424	924	365	130
1412	925	365	130
1382	949	367	130
1181	801	365	135
1104	805	364	136
1042	810	362	137
1072	815	363	139
1125	820	365	139
1142	822	366	139
1131	797	362	143
1136	807	362	143
1145	814	365	144
1137	820	367	144
1147	825	368	144
1162	829	369	144
1143	829	370	144
1157	832	371	144
1134	809	372	145
1143	816	373	145
1106	822	372	147
1159	829	373	148
1141	832	374	148
1165	832	373	149
1128	833	372	150
1181	836	374	151
1118	839	374	152
1119	841	375	152
1120	844	375	152
1124	847	375	153
1127	850	375	153
1130	852	375	153
1136	855	376	153
1134	856	376	153
1136	858	376	153
1138	860	377	153
1140	864	377	153
1196	860	375	154
1212	862	375	154
1201	865	374	155
1219	868	373	156
1205	871	372	157
1224	874	372	158
1235	878	373	158
1217	879	371	160
1232	880	367	162
1244	882	367	163
1255	886	365	165
1268	893	367	164
1245	893	364	167
1298	920	369	164
1284	919	374	158
1299	918	378	156
1274	918	380	154
1282	921	384	151
1295	949	391	147
1310	943	400	142
1239	939	402	140
1241	942	405	139
1275	943	407	137
1268	944	409	136
1261	946	410	135
1258	947	412	134
1296	950	413	133
1302	955	413	132
1307	956	415	130
1285	955	418	129
1294	956	420	129
1282	953	422	128
1298	951	424	128
1296	951	426	129
1292	948	427	129
1354	810	425	132
1342	809	424	133
1343	804	423	136
1346	803	421	139
1370	805	420	140
1356	807	423	142
1364	808	421	144
1393	812	422	143
1376	812	424	145
1367	812	424	146
1389	815	429	147
1380	818	431	148
1407	824	433	149
1397	824	435	150
1392	827	437	150
1390	827	437	151
1422	832	438	152
1405	835	440	153
1436	877	440	154
1430	875	440	157
1424	844	440	158
1453	912	443	158
1444	905	440	159
1427	897	442	162
1442	896	443	163
1441	896	446	164
1446	893	447	165
1466	924	447	161
1441	912	449	162
1452	906	449	161
1444	898	447	163
1439	896	446	166
1463	897	442	167
1450	896	441	169
1462	897	438	169
1451	899	438	169
1453	902	438	167
1454	904	437	167
1456	907	435	165
1468	910	434	163
1471	911	431	162
1473	912	429	161
1492	915	427	159
1495	920	424	157
1486	922	422	155
1508	926	419	153
1495	927	418	151
1507	930	417	151
1495	932	417	149
1421	933	420	148
1387	934	424	148
1384	935	428	147
1380	939	432	146
1383	941	434	145
1336	942	438	144
1354	942	443	143
1342	943	447	142
1362	946	458	140
1349	948	467	139
1373	948	472	138
1361	947	475	138
1352	947	477	138
1347	945	479	139
1341	943	479	139
1379	942	481	139
1379	940	482	139
1391	745	478	144
1414	741	475	147
1395	738	473	150
1399	693	470	155
1410	726	469	157
1414	722	465	160
1417	721	464	163
1438	757	463	163
1420	756	465	164
1420	753	466	166
1421	749	466	168
1416	708	464	170
1431	740	464	172
1413	730	463	176
1441	767	465	176
1421	766	466	176
1431	766	468	177
1437	765	468	177
1437	721	468	179
1415	713	467	180
1420	706	466	182
1440	738	466	183
1441	774	466	182
1440	728	466	183
1435	721	464	187
1450	755	464	187
1456	751	464	187
1451	748	464	187
1450	738	463	189
1449	730	463	190
1442	720	462	192
1451	752	462	192
1461	789	462	191
1430	735	460	194
1431	724	460	197
1433	720	459	199
1438	744	458	202
1434	734	457	203
1437	727	456	206
1433	725	455	208
1435	755	454	209
1456	741	453	211
1452	732	453	212
1447	725	452	214
1448	754	451	217
1445	741	450	218
1443	730	450	218
1442	732	450	218
1434	729	450	218
1464	755	449	219
1461	746	449	219
1458	744	448	220
1458	745	448	221
1455	743	448	221
1459	773	447	222
1457	758	446	223
1464	789	444	223
1470	742	444	224
1472	775	443	225
1479	767	442	226
1478	792	439	228
1498	809	437	230
1493	798	436	231
1512	812	434	233
1502	799	430	237
1495	817	428	238
1520	797	426	240
1515	811	425	241
1508	827	423	242
1509	811	419	244
1508	800	419	245
1511	788	419	245
1539	806	415	247
1527	788	415	248
1528	809	413	249
1527	796	412	249
1542	784	411	250
1537	777	409	251
1535	773	407	252
1554	771	405	253
1547	764	405	253
1543	766	403	254
1540	769	401	255
1539	767	401	256
1539	772	400	256
1562	767	398	258
1554	769	396	259
1551	770	395	260
1552	761	393	261
1551	757	392	263
1547	758	391	264
1542	758	391	265
1541	759	389	267
1537	761	388	270
1568	759	384	273
1555	760	384	273
1543	756	383	274
1528	753	383	275
1555	749	382	276
1539	744	381	277
1566	771	380	279
1547	764	379	280
1525	761	379	280
1547	756	378	281
1525	751	378	282
1538	745	378	282
1511	773	379	283
1358	757	382	280
1313	736	384	279
1274	713	385	279
1271	728	386	279
1122	514	400	264
1051	511	410	256
1065	512	421	247
1096	544	428	239
1078	547	434	234
1101	554	441	228
1082	553	448	223
1057	551	453	219
1086	551	457	217
989	540	458	217
1064	572	460	215
971	534	463	210
964	540	465	207
963	534	461	207
957	544	464	203
961	543	461	204
961	550	462	201
956	550	459	202
962	550	458	202
962	558	460	199
955	565	460	197
989	571	461	195
980	539	463	194
967	549	465	193
971	561	466	192
972	568	466	191
966	573	466	191
959	577	466	190
960	548	468	189
964	558	469	189
987	594	469	188
979	561	471	187
965	568	472	187
954	577	472	186
953	587	472	186
984	593	472	185
990	595	475	184
1033	539	483	183
1075	529	487	183
1076	556	490	182
1072	542	494	182
1062	530	499	182
1065	551	503	181
1067	536	506	182
1071	550	512	182
1062	538	520	181
1064	552	526	183
1064	531	533	182
1061	548	537	182
1058	535	539	183
1069	549	542	184
1064	530	548	184
1059	546	550	185
1059	529	554	185
1055	546	559	187
1098	563	558	189
1062	535	561	189
1060	553	565	189
1058	572	567	190
1080	583	569	191
1044	546	568	192
1049	558	570	193
1058	569	572	193
1026	540	578	193
1035	558	586	194
1037	573	592	196
976	573	594	199
962	574	598	201
944	576	601	204
984	578	603	210
975	581	607	211
966	581	608	215
996	579	611	218
982	579	615	224
972	579	619	225
961	582	620	227
952	579	622	231
947	580	622	235
948	583	625	235
959	583	626	235
951	582	630	237
945	581	633	238
981	579	639	240
