927	356	101	74
926	358	101	73
926	358	102	73
926	357	101	74
925	357	102	75
924	358	103	76
922	357	103	77
922	357	104	77
919	359	106	78
918	358	108	79
917	359	109	81
916	360	110	82
916	360	111	83
915	361	111	83
914	362	112	84
914	362	112	84
913	364	113	84
913	365	114	84
911	367	114	86
912	368	115	86
913	369	114	86
911	370	114	86
912	371	113	87
910	373	114	87
908	374	116	87
906	376	118	87
905	376	119	87
904	378	120	88
906	378	121	87
906	380	121	88
905	381	123	89
904	382	124	90
904	383	125	90
904	384	125	90
903	384	124	89
904	387	124	90
903	388	125	90
903	389	125	90
902	390	126	90
902	391	127	90
901	392	129	90
900	394	130	90
900	396	131	89
901	397	132	89
901	398	132	89
899	400	132	89
902	400	132	90
900	401	132	90
901	402	133	90
899	403	134	91
900	403	135	92
897	405	135	93
897	405	135	92
896	406	136	92
896	406	136	92
900	406	136	92
900	406	135	92
901	407	135	92
901	407	135	92
901	406	135	92
899	407	136	92
900	407	135	93
900	406	136	92
897	405	137	92
896	404	139	91
896	404	140	90
895	405	140	89
895	405	141	89
894	405	142	88
893	405	142	88
892	405	143	88
892	405	144	88
892	404	144	89
892	406	145	87
891	406	146	87
890	405	146	87
890	405	147	87
890	406	148	86
888	406	148	86
889	405	148	86
889	405	148	86
889	406	149	86
886	407	150	85
886	408	151	85
888	408	151	85
889	409	149	85
893	411	148	86
890	411	147	86
893	410	145	86
893	411	145	85
895	411	144	86
898	412	142	86
898	412	142	85
898	413	142	85
903	412	140	86
904	411	140	87
904	411	140	87
904	411	140	88
906	412	140	88
908	412	139	87
909	412	139	87
908	412	140	86
904	412	143	85
905	412	144	84
905	412	145	83
907	412	145	83
908	413	145	84
910	412	145	84
912	412	145	84
914	413	143	84
915	412	142	84
915	413	142	84
916	412	142	83
916	412	142	83
918	412	142	83
919	413	142	83
920	414	143	82
921	415	143	82
921	415	144	82
921	416	145	82
921	416	145	82
922	416	146	81
923	417	146	81
924	418	147	81
923	418	146	81
923	417	147	81
924	419	147	81
923	420	148	81
924	420	148	80
926	420	147	80
926	421	147	80
925	421	146	80
925	421	145	80
924	422	145	80
925	421	144	80
925	421	144	80
922	422	145	80
923	422	145	80
924	422	144	79
923	421	145	79
924	421	146	79
924	421	146	80
923	421	147	80
923	419	148	80
924	420	148	80
923	420	150	80
922	420	150	80
922	420	151	79
922	420	152	79
922	420	152	79
921	420	152	79
921	421	153	80
921	420	153	80
921	422	153	80
921	423	153	81
921	423	153	82
921	424	152	81
922	423	152	81
922	424	151	81
923	425	151	81
924	426	150	81
924	426	151	81
923	426	152	81
924	426	152	82
923	426	152	82
923	427	153	82
924	428	153	81
923	428	154	81
921	428	155	80
921	428	156	80
921	429	157	80
920	430	158	80
922	430	158	80
923	431	157	80
923	432	157	80
924	433	157	80
926	434	157	80
927	435	156	80
927	436	155	79
927	437	156	79
928	438	156	79
930	439	155	79
931	440	155	80
929	441	156	79
930	441	156	79
930	443	157	79
930	444	157	79
930	444	157	80
932	445	157	80
934	444	156	80
933	445	157	79
933	446	158	79
934	446	158	79
935	447	158	78
936	447	158	78
937	448	158	79
940	448	157	79
939	447	156	80
939	447	156	80
940	447	156	80
939	448	156	79
942	448	156	79
942	449	157	79
943	449	157	79
944	449	158	79
945	449	158	79
947	448	157	80
948	447	157	81
950	445	157	82
951	445	156	83
952	445	156	83
952	444	156	83
953	445	157	83
954	445	158	82
955	445	158	82
956	444	159	83
958	443	159	84
958	442	159	85
960	442	158	86
960	442	158	87
961	442	158	87
963	443	158	88
963	443	158	87
963	443	159	87
964	443	159	88
966	444	159	88
966	444	159	89
968	445	159	90
968	445	158	91
968	445	158	92
968	445	158	93
967	446	159	93
965	447	161	93
966	448	162	93
969	450	162	93
970	453	161	93
971	454	160	93
971	454	160	94
972	454	159	95
973	454	158	96
975	454	157	97
975	455	156	97
977	456	156	98
978	457	155	100
977	460	154	100
980	461	152	101
977	463	154	100
978	464	155	101
978	465	154	101
979	466	154	102
979	468	155	103
981	467	154	104
984	468	152	105
986	469	150	105
987	470	149	106
987	472	149	106
986	475	151	105
984	480	152	105
986	482	153	105
985	483	154	106
987	483	153	107
989	484	152	108
989	484	151	109
990	484	150	110
994	485	147	113
991	486	146	112
993	489	147	111
991	491	148	111
991	493	149	110
992	495	150	110
991	496	148	109
993	497	147	110
992	498	146	111
996	499	143	112
994	500	141	113
996	500	141	114
994	500	141	114
995	501	141	114
994	502	140	114
994	503	140	114
996	505	140	114
996	506	138	115
996	506	137	117
997	505	135	118
998	506	134	120
1000	508	133	121
1000	506	131	122
997	507	131	124
1001	508	130	125
999	509	129	127
998	510	129	126
1000	511	128	126
997	513	129	125
1000	514	127	127
998	516	127	127
1001	514	126	128
1002	514	125	128
1000	514	125	129
1002	513	123	131
1003	514	121	132
1004	515	120	132
1004	518	121	131
1004	518	120	131
1004	518	120	131
1004	519	120	131
1004	521	120	131
1005	522	120	133
1006	520	120	133
1005	520	119	135
1006	519	118	136
1007	518	117	138
1008	518	116	140
1008	521	116	141
1010	524	115	142
1007	518	116	143
1008	518	114	146
1007	519	116	146
1006	520	118	146
1004	522	120	146
1006	521	118	148
1005	522	119	148
1006	523	118	150
1004	524	120	150
1004	524	120	151
1004	525	120	152
1003	518	119	155
1002	522	120	157
1004	524	117	159
1000	524	120	159
999	529	122	160
999	524	123	162
996	526	124	161
998	529	122	162
995	531	124	161
995	534	124	161
991	529	125	164
993	529	125	166
989	527	127	168
990	530	127	170
983	534	131	170
986	533	132	171
986	534	132	171
979	538	136	169
981	537	137	169
981	538	137	169
972	536	140	170
971	528	141	174
967	527	143	178
965	529	145	180
963	533	147	180
961	531	150	178
958	539	153	178
960	542	155	178
958	534	156	179
954	541	158	178
954	538	158	178
952	536	158	182
951	533	159	184
949	533	161	185
946	531	164	186
945	532	166	187
944	532	167	189
941	532	169	191
937	533	172	192
935	533	173	192
934	532	174	193
933	533	175	195
931	534	177	194
928	537	180	193
926	539	181	193
924	539	183	192
922	541	184	190
920	545	185	190
918	542	186	190
913	547	187	189
914	549	187	189
913	546	188	190
912	547	190	188
908	551	191	188
909	550	193	188
910	547	193	190
906	554	193	191
906	548	195	191
903	550	196	193
906	557	197	196
898	558	199	197
899	555	198	196
897	554	200	194
896	564	200	193
901	553	201	196
890	558	204	193
892	559	205	191
894	552	204	194
893	553	204	193
891	554	204	191
887	559	205	194
891	544	206	193
886	552	207	192
888	551	207	189
885	552	208	187
883	552	209	186
883	549	210	185
883	546	209	185
879	548	211	187
882	544	209	188
878	542	209	189
887	546	209	194
874	541	211	191
875	544	211	189
874	536	210	186
872	543	212	184
872	541	212	183
874	543	213	182
873	540	213	181
874	534	216	178
870	540	217	177
868	540	218	173
868	541	219	169
867	544	219	167
871	539	218	163
869	544	218	163
867	549	217	159
870	545	217	156
866	551	217	155
866	552	217	153
862	556	219	149
860	558	220	145
860	560	220	142
861	562	220	140
860	562	221	139
869	563	219	138
862	565	219	136
868	564	220	135
863	566	220	135
861	565	221	136
858	566	222	136
864	567	222	134
857	568	224	134
853	570	225	134
850	570	225	133
848	570	226	133
846	572	229	132
845	573	229	132
844	573	228	132
842	574	228	131
850	574	225	131
843	575	225	131
840	574	224	132
839	576	224	131
837	576	224	131
837	577	224	130
835	576	223	129
835	577	224	129
835	579	226	128
846	578	223	128
842	580	221	128
844	579	219	127
846	579	215	126
842	580	215	126
840	581	215	125
844	581	212	124
835	582	210	124
831	582	210	123
830	582	210	123
831	581	213	123
831	581	215	123
829	579	213	124
827	579	211	124
828	579	212	123
826	579	212	123
825	578	211	123
823	576	213	124
833	578	211	123
827	577	209	123
824	576	206	123
821	574	205	124
819	573	205	124
817	572	205	124
817	571	207	124
813	571	207	124
812	569	208	124
820	568	206	126
823	568	205	125
816	567	205	126
821	572	206	125
814	570	205	125
817	569	205	125
809	569	203	124
804	569	204	125
802	570	205	124
798	571	205	124
801	568	207	125
808	569	210	126
803	570	209	126
799	567	210	127
797	569	210	126
795	568	211	127
793	570	211	126
789	571	211	126
787	571	209	126
784	572	208	125
782	572	209	126
782	572	211	126
780	574	211	125
779	572	213	125
777	572	210	126
777	572	210	126
777	573	211	127
775	573	211	127
776	575	212	127
776	574	213	127
774	574	213	126
773	574	212	127
773	575	212	127
775	575	213	127
783	576	213	127
781	575	213	127
781	575	214	128
779	575	213	129
778	575	213	129
779	575	214	129
778	575	215	128
777	574	214	128
777	574	213	128
775	573	211	128
775	573	212	129
776	571	213	129
774	570	213	129
775	571	214	129
776	567	214	131
776	567	213	131
777	567	212	130
776	566	212	130
775	565	212	130
775	563	213	130
783	563	212	129
780	561	211	130
777	559	210	130
784	558	209	131
780	557	208	131
777	554	207	132
776	553	208	132
782	553	207	133
777	549	206	133
782	549	205	132
778	547	204	132
781	546	205	132
776	543	205	132
779	545	205	132
774	543	205	133
778	543	205	134
772	540	205	134
773	539	206	135
773	539	206	135
773	539	205	135
773	539	206	136
773	539	205	136
774	539	205	136
773	538	205	137
766	536	205	139
771	537	204	140
772	536	203	141
763	533	199	146
766	533	194	150
768	534	193	148
757	533	190	153
764	533	187	156
765	532	185	156
765	531	184	158
764	533	184	161
766	531	184	162
767	531	182	164
765	531	180	167
767	532	179	167
767	532	176	168
769	529	174	170
769	530	172	170
770	531	171	171
770	530	170	172
770	529	170	172
770	531	169	172
771	531	168	173
771	531	168	174
772	531	167	175
773	532	167	175
773	532	167	175
773	532	167	175
768	530	170	176
773	529	170	179
774	530	170	180
768	527	173	181
771	529	173	182
768	532	176	182
772	529	174	184
774	531	174	184
774	532	173	184
776	532	172	186
777	529	171	186
774	528	173	188
778	528	170	189
782	527	167	191
778	528	168	193
784	526	167	196
782	524	168	199
781	523	169	202
791	525	165	206
784	522	167	210
782	524	166	213
788	524	161	220
790	524	159	221
792	523	157	224
794	523	156	226
796	524	155	228
796	522	155	229
798	523	153	232
797	523	152	234
799	520	154	233
798	518	154	231
799	518	153	231
798	515	153	230
798	518	152	231
800	516	152	230
800	518	153	230
800	517	152	231
801	518	151	231
802	518	150	232
803	513	147	233
804	510	145	231
805	514	144	232
806	512	143	233
806	510	141	235
801	511	142	236
806	508	139	240
808	506	138	241
807	503	137	242
808	498	138	242
807	499	138	242
810	497	137	244
809	493	138	240
806	496	137	241
810	490	138	239
807	493	137	237
809	491	141	231
804	493	141	228
806	489	143	227
804	489	145	225
803	489	145	223
799	489	147	222
798	490	148	222
795	490	150	221
796	490	152	219
796	490	154	219
790	488	158	218
785	486	163	216
783	486	168	213
782	486	171	210
776	486	174	209
774	487	178	207
773	488	179	208
774	487	178	207
772	489	178	208
775	489	177	210
775	488	176	212
774	489	177	212
775	489	177	214
779	488	176	216
779	486	177	215
778	486	177	215
775	488	179	214
779	487	177	215
782	487	178	216
780	487	179	216
780	486	181	216
780	487	184	216
779	486	187	215
780	486	189	216
775	483	192	215
773	489	195	215
772	488	198	215
773	490	199	218
771	487	200	219
772	487	201	218
773	489	201	219
771	486	202	218
773	485	201	217
775	483	200	216
774	482	201	213
772	482	201	213
773	484	200	213
773	483	200	213
774	481	198	214
774	482	197	215
771	478	197	213
769	479	198	211
767	479	199	208
765	479	199	205
766	478	200	203
763	480	200	201
759	481	201	199
759	480	201	197
759	484	199	199
760	481	197	198
756	480	196	197
753	481	195	197
749	482	195	196
749	482	194	195
750	482	193	195
747	484	192	196
746	484	192	196
745	484	191	196
741	485	190	196
740	485	191	195
737	485	191	193
737	484	190	193
738	485	188	191
737	484	187	189
736	483	185	187
731	485	185	186
733	484	184	186
732	485	184	186
732	484	184	185
728	486	184	185
728	486	182	186
726	488	181	187
727	487	180	187
726	487	179	186
726	489	178	187
721	491	179	186
720	491	180	183
718	494	180	183
718	497	181	182
716	499	182	182
717	498	182	182
718	499	182	182
717	501	182	183
717	502	182	182
718	502	181	183
718	501	181	182
718	501	181	182
719	502	181	182
718	501	181	182
719	500	181	181
720	500	180	180
721	499	181	180
724	498	179	180
724	499	176	184
726	497	174	185
728	496	173	187
728	495	172	187
731	494	171	189
731	494	171	190
731	492	171	191
731	490	170	192
733	490	169	194
733	490	168	197
736	487	167	198
737	483	167	196
739	480	165	196
739	480	164	195
741	481	162	196
742	478	161	196
743	478	161	195
744	476	159	195
743	476	158	194
741	478	158	194
738	476	160	195
740	474	160	196
739	475	161	196
739	476	162	197
740	474	163	196
741	473	162	198
743	475	161	198
747	476	159	200
749	475	156	203
752	474	154	205
754	475	152	210
756	475	151	212
757	473	151	212
759	474	150	213
762	474	149	213
765	473	148	211
765	474	147	212
772	474	144	214
771	474	145	214
776	475	142	217
774	473	141	217
774	472	141	219
775	470	141	220
782	467	137	222
781	471	137	224
788	463	133	228
791	462	128	230
796	459	124	231
796	458	121	233
803	456	118	235
806	455	114	238
810	454	111	241
811	450	108	244
813	451	106	245
816	449	104	246
821	448	102	244
822	446	100	245
825	447	98	246
828	445	97	246
829	447	96	247
832	445	97	248
834	440	96	244
833	444	97	241
832	445	100	240
831	444	103	237
828	444	110	230
826	446	115	227
825	447	119	225
826	447	120	223
827	449	120	225
826	451	120	228
826	449	120	230
824	447	122	230
822	449	124	233
820	445	127	233
820	446	131	235
818	447	134	237
818	445	139	235
818	446	142	235
817	445	144	233
817	444	142	233
817	443	140	233
817	444	137	234
817	444	136	236
816	444	136	239
816	445	138	242
808	445	142	245
807	445	146	247
806	444	150	249
804	443	152	251
809	440	152	252
809	441	148	255
811	440	146	256
809	440	143	258
809	439	142	259
806	437	143	258
804	440	145	259
800	442	147	262
795	441	151	264
798	444	155	265
797	439	158	267
797	438	159	267
799	436	159	266
798	435	158	265
794	436	157	264
795	436	154	264
793	437	154	264
792	442	154	263
792	441	156	263
789	435	160	265
788	441	162	267
789	438	165	267
781	431	169	267
783	436	170	267
783	434	173	265
784	434	173	264
786	433	174	264
784	429	172	264
783	426	171	264
783	429	170	265
780	424	170	265
776	422	171	264
776	426	171	264
774	421	172	262
773	426	173	262
767	419	174	262
772	424	173	263
772	422	173	263
772	418	173	265
772	417	172	265
777	421	170	266
780	413	168	267
780	413	165	268
784	418	166	269
781	410	164	270
783	415	164	268
781	411	163	267
780	410	161	266
780	410	160	265
778	409	159	264
775	409	160	264
770	409	161	264
771	414	162	263
779	415	160	264
767	409	163	262
777	414	160	263
772	411	161	260
782	419	158	262
780	411	156	259
783	412	153	260
784	412	150	259
785	414	148	260
785	416	146	260
787	416	145	261
786	416	143	261
787	416	141	262
785	418	142	261
784	421	142	262
781	419	145	261
775	419	149	258
770	420	153	257
772	425	157	259
762	421	163	260
770	423	165	262
764	420	167	260
770	423	168	260
762	420	169	258
770	424	170	258
765	423	174	256
764	424	178	256
756	421	184	252
757	423	186	253
757	423	185	251
760	422	188	251
759	420	187	251
763	419	190	248
763	420	192	247
765	422	194	248
765	422	195	246
764	422	194	244
764	423	192	243
767	422	190	243
766	420	188	244
767	422	188	244
769	422	187	243
768	422	185	244
769	421	184	244
773	421	179	245
775	421	177	244
775	419	179	244
773	420	178	243
767	421	179	241
767	421	178	243
767	421	179	241
767	420	180	240
764	419	180	239
762	419	179	238
761	421	179	236
761	420	181	234
759	421	180	232
760	421	182	229
758	425	181	226
761	425	182	222
759	426	181	218
762	429	181	216
760	430	181	215
759	431	181	213
759	432	181	213
758	434	182	212
756	434	181	212
756	436	182	210
754	437	182	209
752	439	183	207
750	440	183	206
751	440	183	206
748	442	183	203
747	443	184	202
746	445	184	201
747	445	184	199
744	447	185	197
744	448	185	195
747	449	184	192
746	448	184	190
741	451	185	189
743	452	184	189
740	453	186	189
738	452	188	189
737	454	189	189
737	455	189	188
736	454	190	186
734	455	191	184
736	458	191	183
733	459	191	181
734	460	191	182
732	460	191	179
731	460	192	177
734	461	190	176
731	465	191	175
730	466	192	176
733	466	193	177
732	468	193	176
733	467	193	174
732	470	193	174
729	469	194	174
727	471	195	174
728	472	195	175
725	471	196	172
728	472	196	172
727	474	195	172
728	474	196	172
727	474	196	173
731	474	195	173
731	474	194	173
732	475	194	173
732	477	193	175
733	478	193	177
731	477	194	177
728	476	195	177
730	477	197	177
723	477	199	178
724	474	201	178
724	474	202	177
725	473	203	177
729	472	202	178
728	470	201	178
730	469	202	178
731	467	201	178
736	467	200	176
736	464	200	176
734	465	201	177
732	465	202	178
732	465	202	180
729	462	203	182
728	466	204	184
729	462	206	185
728	462	207	186
730	461	206	185
732	459	206	186
732	460	206	186
736	459	206	185
733	460	206	184
733	461	207	184
737	461	205	183
740	460	202	183
744	461	199	181
745	464	197	181
742	466	196	181
740	467	197	182
740	469	199	180
739	470	200	180
736	471	200	179
736	471	201	179
734	473	202	178
733	474	203	179
732	476	205	179
732	476	205	180
734	476	204	179
734	476	204	177
735	477	204	176
732	476	205	175
735	475	206	174
736	474	205	173
735	472	205	171
743	473	203	171
744	469	203	170
747	468	201	167
748	468	201	166
746	467	200	166
749	466	200	164
745	466	201	164
749	458	201	165
751	459	202	165
751	458	202	165
754	455	202	165
753	454	202	166
756	450	202	167
757	447	203	167
753	446	205	165
759	444	206	165
758	441	206	164
761	440	205	163
760	438	205	163
766	437	205	162
763	432	205	161
769	431	205	161
770	427	204	159
774	425	204	159
773	426	204	160
774	424	205	159
775	426	206	159
776	424	207	160
781	423	207	159
779	423	208	158
779	423	208	157
781	424	209	155
783	424	210	154
783	424	210	153
785	424	210	153
787	424	211	153
787	424	212	153
790	423	213	152
791	423	212	153
794	421	214	153
795	421	214	153
797	421	215	153
800	420	215	153
804	418	216	152
806	417	215	151
811	414	214	149
814	413	213	150
819	414	212	150
825	412	211	152
829	411	211	153
836	410	212	153
838	409	214	153
841	408	216	152
844	406	218	150
843	405	221	150
845	406	224	149
847	406	227	148
846	408	232	149
847	408	236	149
848	409	238	149
849	409	241	150
852	410	243	150
856	412	244	150
857	413	246	151
856	414	248	152
861	417	251	154
861	418	251	154
860	419	255	154
862	421	257	156
863	422	259	157
869	423	259	158
873	425	258	159
873	426	260	160
878	425	261	160
875	426	265	158
879	425	267	157
880	424	268	158
882	423	271	158
889	422	269	160
894	421	268	162
898	417	269	164
902	412	269	164
905	408	269	164
913	405	267	166
916	401	267	166
925	399	263	168
928	393	262	170
929	389	263	171
933	387	262	173
936	377	261	175
941	375	260	177
945	365	258	180
947	364	259	181
955	363	257	182
959	361	257	182
964	354	256	182
968	356	257	182
974	355	255	183
981	351	253	183
985	349	254	183
989	348	254	183
994	347	254	183
999	344	254	182
1004	343	254	181
1008	342	253	181
1011	341	254	181
1013	339	255	182
1019	338	255	181
1021	338	255	180
1027	336	254	180
1031	334	255	181
1032	333	256	181
1035	331	258	181
1040	328	257	182
1044	326	257	182
1048	323	257	183
1051	320	258	183
1055	317	259	183
1061	314	258	184
1063	313	257	184
1068	308	257	184
1071	309	258	183
1076	309	259	183
1085	305	258	180
1094	304	255	178
1102	304	253	177
1108	304	253	175
1114	306	254	175
1123	306	252	174
1125	308	252	174
1131	306	252	172
1141	305	248	171
1146	309	248	171
1151	307	248	170
1155	310	247	170
1155	305	248	169
1167	311	246	169
1172	313	243	169
1179	315	242	168
1185	317	240	167
1192	317	239	166
1197	322	236	166
1207	320	234	166
1212	324	233	166
1219	326	232	166
1221	330	232	166
1224	329	233	166
1234	332	230	168
1235	332	231	167
1242	334	229	168
1245	334	230	167
1250	335	231	167
1249	335	234	165
1253	337	236	165
1256	340	236	165
1261	340	236	164
1263	340	235	163
1266	342	234	162
1270	343	232	162
1274	344	229	161
1282	345	225	161
1284	345	220	161
1295	345	215	161
1300	345	210	161
1306	346	205	159
1312	347	200	158
1319	348	195	157
1323	348	191	156
1328	348	188	155
1333	349	184	154
1342	351	178	153
1349	353	171	152
1356	354	166	152
1366	356	158	153
1374	355	152	153
1382	356	146	154
1387	356	141	152
1397	358	138	152
1394	359	132	151
1402	359	127	151
1405	360	122	150
1412	361	118	151
1414	359	114	150
1416	359	111	150
1419	357	109	149
1427	356	104	150
1425	355	104	149
1428	354	100	149
1428	352	101	148
1432	352	100	150
1433	349	101	150
1432	345	102	149
1430	339	103	146
1429	337	105	147
1426	334	107	147
1424	332	108	147
1423	326	110	147
1418	323	115	145
1416	319	119	144
1413	317	123	143
1410	313	126	144
