845	297	382	184
846	290	387	185
839	290	384	185
834	298	385	185
830	300	381	187
815	306	386	183
808	313	388	182
809	316	383	184
806	316	384	182
799	318	378	183
792	316	378	181
780	316	377	180
772	312	377	178
768	315	375	177
758	313	373	178
749	312	377	179
732	313	380	180
720	310	383	180
716	314	379	182
705	316	379	182
702	321	373	182
700	325	364	181
696	332	359	181
697	337	356	181
695	341	355	181
706	346	351	182
715	354	345	182
721	362	340	180
723	370	335	179
727	377	329	178
731	377	322	174
743	378	305	183
756	372	293	186
768	367	284	188
788	361	274	187
797	359	264	184
805	357	255	184
818	356	247	183
830	354	224	196
842	351	207	209
847	339	194	228
855	332	187	238
859	318	184	244
860	297	184	251
849	269	185	259
840	245	188	266
832	220	194	270
822	194	203	273
809	162	212	280
791	141	219	285
776	112	226	293
762	98	233	296
750	88	242	296
741	87	253	294
735	84	261	292
731	84	267	291
735	79	272	291
732	79	277	291
741	82	285	294
742	77	287	299
747	70	294	301
751	79	301	307
740	73	308	313
743	68	316	318
743	70	336	320
737	73	347	323
728	77	361	322
720	81	369	322
721	75	375	317
710	74	385	315
697	78	395	313
696	81	411	312
683	88	428	311
685	87	438	313
700	99	451	313
697	100	458	318
696	110	464	325
688	114	475	329
701	127	487	333
712	136	497	339
712	145	508	342
718	155	519	346
719	171	526	343
723	180	532	344
726	181	529	350
734	189	530	353
734	197	529	354
723	198	525	357
713	195	527	358
704	190	530	358
692	186	531	355
685	183	537	352
685	186	541	347
674	178	548	347
670	174	546	347
663	165	546	349
669	157	551	350
648	155	559	350
648	153	563	349
616	153	577	349
627	160	580	349
636	156	586	351
654	159	585	353
672	166	583	353
682	180	583	349
689	182	585	348
706	183	582	345
727	183	573	342
747	200	567	333
768	206	559	327
790	217	548	321
801	214	539	316
818	215	529	316
827	215	520	314
842	214	517	313
855	215	511	309
863	222	518	307
872	225	520	305
889	232	516	304
919	233	507	304
957	232	497	305
984	238	489	308
1001	254	487	308
1019	266	486	308
1029	282	487	309
1048	296	483	311
1072	306	475	312
1078	312	467	311
1100	313	455	311
1122	318	450	312
1139	311	432	327
1203	305	416	338
1276	298	391	362
1297	291	377	379
1312	286	367	394
1374	272	352	414
1439	275	339	425
1537	289	337	424
1558	278	322	439
1599	281	314	443
1618	279	307	447
1632	277	300	451
1644	271	287	457
1662	266	273	467
1709	255	244	487
1710	249	230	493
1709	282	223	497
1698	265	222	494
1686	240	222	491
1676	237	230	471
1708	267	229	467
1662	301	242	442
1665	303	253	421
1665	317	261	400
1663	331	269	380
1662	344	275	363
1653	366	281	347
1642	385	285	337
1635	398	291	330
1625	404	301	325
1621	404	309	321
1611	406	317	317
1593	407	327	312
1582	407	337	309
1570	404	347	307
1561	406	355	306
1553	405	360	308
1545	400	368	309
1539	395	374	309
1526	395	385	305
1515	392	393	305
1501	394	401	302
1484	389	416	299
1466	386	434	298
1450	383	447	298
1437	376	457	298
1428	368	464	300
1412	360	472	303
1400	348	479	306
1381	337	490	307
1365	331	499	309
1354	327	509	310
1342	315	517	311
1322	305	522	314
1319	295	524	315
1303	293	530	317
1300	283	530	318
1296	280	522	320
1302	277	519	322
1299	272	518	323
1289	276	516	324
1293	276	518	324
1295	278	519	324
1288	282	520	324
1285	286	529	324
1285	289	530	326
1281	292	533	327
1275	296	537	328
1279	294	540	328
1274	295	550	326
1273	301	551	325
1267	308	552	324
1263	308	552	326
1252	310	556	327
1242	312	555	329
1236	314	555	331
1235	310	559	332
1221	308	561	332
1214	308	564	334
1208	311	564	333
1200	313	564	331
1189	317	566	332
1190	313	564	332
1191	320	561	333
1184	317	562	333
1193	319	554	331
1183	317	553	331
1191	312	548	329
1193	312	546	329
1202	309	545	327
1196	308	549	326
1204	301	544	323
1194	299	545	322
1199	296	540	321
1203	292	535	321
1195	291	531	321
1188	287	533	320
1182	285	531	320
1171	281	531	317
1169	277	526	314
1163	275	524	311
1157	274	522	309
1149	273	518	308
1140	276	518	310
1137	274	514	312
1141	271	507	312
1144	270	504	314
1155	280	503	316
1158	280	499	317
1168	285	493	317
1174	294	487	317
1183	303	483	317
1181	307	476	316
1180	313	468	317
1178	313	463	308
1175	314	453	303
1174	315	442	300
1173	315	432	294
1173	315	425	290
1168	320	417	288
1162	325	402	291
1156	332	385	297
1154	340	367	302
1155	345	352	303
1156	346	338	300
1160	352	326	299
1165	360	318	297
1175	370	311	295
1184	375	304	294
1197	376	299	291
1217	379	296	287
1236	379	295	285
1256	382	292	284
1273	383	291	282
1312	384	293	281
1326	393	288	282
1348	398	288	286
1367	403	288	291
1384	411	279	299
1407	418	267	306
1422	421	255	313
1425	427	243	314
1430	429	233	309
1442	430	227	301
1459	439	222	296
1475	444	220	291
1493	444	223	283
1520	448	222	284
1530	451	228	279
1544	457	233	277
1557	461	242	275
1568	460	253	271
1577	459	262	268
1590	458	274	266
1597	459	285	263
1610	459	287	264
1625	460	287	265
1641	462	283	266
1653	464	277	266
1663	462	269	265
1671	460	261	264
1676	461	254	262
1677	460	249	259
1677	461	247	257
1676	464	248	254
1678	468	251	251
1677	475	252	250
1680	479	252	252
1681	485	251	251
1682	493	250	250
1682	498	248	248
1684	501	246	247
1688	507	242	244
1691	513	239	239
1696	519	234	234
1702	523	229	230
1709	530	222	227
1717	533	215	223
1726	537	204	221
1740	535	194	221
1754	560	180	223
1766	563	166	228
1774	565	156	231
1805	586	135	254
