0	460	214	180
0	456	217	179
-2	456	217	179
2	456	222	179
3	455	226	179
3	450	233	180
5	451	238	181
6	449	244	182
4	446	247	184
4	445	255	185
6	441	261	188
5	444	267	189
7	445	272	190
8	446	279	190
8	444	283	189
8	443	287	189
10	443	291	189
12	442	296	189
13	443	301	191
16	439	307	194
14	439	310	193
21	439	311	193
20	437	314	195
20	435	320	198
19	433	326	201
20	429	332	204
16	425	335	206
22	423	338	209
26	425	341	210
21	421	346	212
27	421	351	215
26	420	354	217
24	418	357	218
28	418	362	220
28	417	365	223
29	416	371	225
29	413	376	226
28	412	383	228
27	415	388	228
28	412	392	230
31	413	396	230
30	417	404	225
28	420	412	224
31	419	417	221
26	418	421	221
28	417	428	222
33	415	432	225
35	412	434	229
29	408	438	232
34	400	441	237
29	400	444	241
30	399	447	245
31	392	452	250
32	391	455	255
30	385	461	258
29	384	467	261
24	381	473	264
21	374	481	268
22	375	483	271
17	376	492	274
19	373	495	276
17	373	499	279
18	372	499	281
21	370	504	281
22	370	511	282
24	372	518	283
20	370	520	282
27	368	522	284
25	368	523	287
26	365	528	288
23	363	529	291
28	364	532	291
31	364	536	293
25	363	542	292
23	366	546	292
23	366	548	291
26	369	547	290
27	372	550	290
23	371	551	289
19	373	554	287
24	376	553	287
27	379	556	286
24	378	561	284
24	379	561	282
32	378	570	280
22	377	574	278
26	379	577	278
30	381	593	277
36	380	611	276
35	383	618	280
45	382	626	282
38	376	633	284
27	369	635	284
66	370	637	285
47	367	633	287
134	369	623	291
155	374	618	291
170	368	614	291
153	371	614	290
172	368	612	289
198	365	605	290
-76	188	558	322
-69	182	526	340
-84	120	488	362
-52	119	473	367
-66	115	433	384
-33	76	411	388
-29	80	366	401
-23	90	348	392
-6	78	332	386
-9	93	321	376
1	107	316	370
10	118	316	366
12	117	324	356
14	116	336	347
16	111	345	338
10	113	354	331
15	111	365	320
14	113	384	300
15	121	402	283
13	127	418	272
25	134	428	262
19	137	436	256
28	144	442	252
30	148	451	246
47	151	458	242
48	151	469	237
55	162	483	227
59	166	491	222
51	170	505	216
62	175	517	215
81	186	522	218
107	198	520	227
115	200	518	236
122	200	515	244
123	200	519	250
124	201	525	252
127	205	535	254
133	206	548	254
139	204	556	260
140	202	560	266
145	205	564	268
155	208	569	269
158	210	581	260
169	215	589	255
170	218	601	249
172	222	605	246
173	223	615	242
202	222	617	241
216	220	614	239
261	215	586	249
297	212	563	255
310	206	550	257
326	209	544	256
332	213	546	255
333	214	555	251
341	214	568	245
361	214	581	241
360	213	589	240
368	217	599	237
374	216	605	237
381	219	608	237
389	223	610	239
399	225	610	240
392	229	615	240
425	273	607	252
459	267	602	260
467	261	599	267
474	251	599	271
494	247	595	275
513	246	589	279
556	244	575	283
576	241	564	286
598	238	553	290
610	238	547	290
615	239	546	290
619	239	546	288
627	243	548	288
660	246	549	285
684	251	558	275
691	257	562	270
701	257	564	270
694	254	562	276
725	256	573	269
728	301	578	267
731	300	580	271
774	300	574	274
776	307	568	279
768	304	567	282
809	300	557	288
808	305	553	292
850	304	547	293
855	303	539	294
858	304	535	294
862	306	530	295
873	349	524	296
899	341	522	296
919	338	521	296
936	331	521	295
939	325	522	294
949	361	522	291
954	344	522	290
959	340	523	292
964	338	531	292
975	336	532	292
987	341	531	292
984	338	531	292
1001	342	527	292
1021	348	521	294
1027	352	521	294
1089	358	536	281
1042	358	531	285
1071	354	527	284
1101	361	534	276
1131	370	549	266
1147	374	561	258
1132	378	563	255
1148	381	566	248
1151	385	567	244
1142	390	572	242
1159	393	573	239
1168	394	571	237
1165	390	570	235
1169	396	565	233
1174	399	563	231
1174	399	563	231
1182	398	561	231
1188	398	556	230
1201	394	542	235
1213	397	537	236
1216	396	524	239
1231	399	517	240
1248	401	509	240
1260	401	500	242
1263	398	496	242
1276	398	494	243
1282	397	492	243
1288	395	490	243
1297	393	490	243
1322	392	489	243
1321	393	488	243
1344	391	488	243
1338	394	488	243
1340	394	488	243
1356	396	488	243
1371	398	488	243
1391	401	488	243
1397	406	488	243
1412	413	488	243
1423	419	488	243
1418	417	488	243
1415	418	488	244
1426	427	488	244
1438	436	487	244
1433	441	487	244
1426	444	487	244
1432	444	487	244
1429	446	487	244
1423	444	487	244
1418	444	487	244
1417	447	487	244
1403	438	487	244
1405	439	487	244
1404	433	487	244
1398	426	487	244
1398	418	487	244
1392	414	487	244
1367	403	487	244
1332	395	487	244
1271	385	487	244
1254	369	487	244
1250	359	487	244
1259	354	487	244
1259	342	487	244
1261	330	486	244
1263	319	486	244
1266	310	486	244
1267	300	486	244
1266	291	486	244
1268	289	486	244
1277	285	486	244
1275	281	486	244
1273	278	486	244
1275	274	486	244
1272	271	486	245
1276	266	486	245
1278	258	486	245
1277	255	486	245
1279	256	486	245
1280	253	486	245
1279	250	486	245
1281	245	486	245
1281	242	486	245
1283	238	486	245
1278	235	486	245
1280	235	486	245
1278	229	486	245
1276	230	486	245
1273	229	485	245
1275	224	485	245
1272	214	485	245
1267	205	485	245
1270	209	485	245
1270	203	485	245
1272	205	485	245
1272	201	485	245
1273	206	485	245
1272	201	485	245
1274	203	485	245
1277	207	485	245
1276	202	485	245
1274	194	485	245
1270	184	485	245
1268	179	485	245
1271	177	485	245
1266	178	485	245
917	389	483	248
897	377	483	248
885	369	483	248
896	363	483	249
893	359	483	249
901	393	483	249
879	380	483	249
875	372	483	249
887	366	483	249
883	364	483	249
873	394	483	249
870	382	483	249
883	371	483	249
855	403	483	249
881	387	483	249
877	380	483	249
873	373	483	249
877	402	484	249
862	387	484	249
870	380	484	249
882	369	484	250
883	395	484	250
864	433	485	250
858	422	485	250
870	409	486	249
866	394	486	249
869	380	486	249
891	369	486	250
896	396	487	250
896	384	488	250
895	375	489	251
902	369	489	251
912	401	489	251
917	390	489	251
901	377	489	252
906	367	490	252
914	363	490	253
903	359	490	253
920	389	490	254
917	373	490	254
918	363	490	255
898	357	490	255
912	354	490	255
910	353	491	256
905	351	492	256
904	350	492	257
906	348	493	258
914	379	493	258
906	370	494	258
903	362	495	259
908	353	495	259
913	349	495	259
890	349	495	259
892	348	495	260
898	346	495	260
886	347	496	260
895	346	496	261
903	345	497	261
889	347	497	261
895	345	497	261
901	343	498	262
902	341	499	262
886	347	499	263
894	349	499	263
898	348	500	263
882	352	501	263
886	350	505	264
893	347	507	265
884	349	508	265
883	344	509	265
883	340	511	266
888	366	512	267
894	353	514	267
886	351	515	267
886	344	517	269
888	338	519	270
897	334	521	271
900	332	521	272
902	331	522	273
907	328	522	274
902	326	522	275
904	327	522	276
906	328	522	278
911	327	522	279
907	325	521	279
904	321	522	280
903	322	522	280
902	318	522	280
386	475	537	275
340	486	572	257
363	484	582	256
347	494	599	249
353	498	616	244
355	501	636	239
350	500	645	238
390	497	641	245
386	495	639	250
402	493	637	254
410	494	638	253
460	493	632	258
425	492	633	258
461	497	635	257
505	496	631	259
538	494	628	262
526	501	631	259
560	502	628	260
545	509	632	257
538	515	639	253
585	512	638	254
584	515	641	252
614	507	640	254
653	498	637	257
639	495	636	260
651	492	636	260
662	490	635	262
717	483	632	264
719	474	630	266
704	512	628	267
718	495	627	268
735	481	626	268
738	477	625	268
768	518	622	269
787	519	621	269
802	518	619	269
812	519	618	269
822	519	616	269
841	518	614	270
854	517	609	271
870	517	604	272
886	520	600	272
894	519	596	273
908	521	595	273
923	524	594	273
948	531	594	272
960	536	594	272
987	540	594	272
1009	542	594	272
985	533	594	272
984	523	593	272
976	523	593	272
992	524	593	272
990	525	593	272
993	522	593	272
1006	515	593	272
1022	514	593	272
1036	508	593	272
1051	508	593	272
1047	509	593	272
1047	507	593	272
1051	507	593	272
1053	509	593	272
1052	507	593	272
1054	508	593	272
1056	509	593	272
1056	506	593	272
