1047	1226	184	112
1042	1232	183	113
1039	1235	184	114
1035	1236	185	115
1032	1237	186	114
1028	1240	187	113
1022	1242	186	113
1019	1242	186	113
1014	1245	184	112
1011	1247	182	112
1008	1247	181	111
1005	1250	180	110
1002	1252	180	109
998	1256	180	108
995	1256	179	109
991	1257	178	109
988	1258	176	109
986	1261	175	108
984	1262	175	108
981	1263	174	108
978	1266	172	108
977	1267	170	107
975	1268	168	106
973	1271	167	105
972	1274	167	104
970	1277	167	103
971	1279	168	101
970	1282	168	101
966	1283	167	101
964	1284	164	100
963	1285	163	100
960	1287	160	99
959	1287	157	99
958	1289	154	98
956	1293	152	96
953	1295	150	94
952	1296	148	92
949	1299	145	91
948	1300	142	89
946	1301	140	87
945	1303	138	86
944	1303	134	85
945	1304	132	84
946	1306	131	83
946	1308	130	82
946	1307	130	81
947	1308	128	80
948	1310	128	80
948	1309	127	79
946	1312	123	79
948	1312	120	79
948	1312	116	78
948	1313	111	77
947	1314	107	76
947	1314	103	75
945	1314	100	74
944	1314	96	72
944	1313	87	75
945	1310	81	77
946	1310	76	78
947	1309	73	78
948	1311	69	78
947	1310	67	77
947	1310	65	76
947	1309	64	74
950	1311	62	74
949	1311	61	74
952	1311	61	72
953	1311	60	73
953	1311	60	73
954	1311	59	73
956	1310	59	72
956	1310	59	72
958	1309	59	72
959	1310	59	72
959	1310	58	73
957	1306	57	74
958	1306	56	76
958	1305	55	76
960	1306	57	74
961	1305	59	73
961	1305	60	73
956	1302	59	73
951	1301	58	76
955	1302	57	77
957	1301	56	76
960	1301	55	76
960	1299	54	76
962	1297	53	77
965	1293	52	78
964	1290	51	79
965	1290	51	79
963	1290	52	79
965	1288	52	80
965	1285	52	82
967	1282	52	83
967	1278	52	84
970	1276	53	86
971	1276	53	87
974	1276	52	87
977	1276	50	88
977	1276	49	88
979	1274	47	88
980	1269	45	90
981	1268	44	92
982	1265	43	94
981	1263	43	95
981	1262	42	96
982	1262	41	97
982	1261	41	97
983	1261	41	97
983	1263	41	97
985	1263	41	97
986	1263	41	96
986	1265	40	95
986	1266	40	94
988	1268	40	93
988	1270	40	91
988	1268	39	90
990	1268	39	90
990	1267	40	90
991	1267	40	91
990	1267	41	91
991	1269	42	90
990	1269	43	90
988	1269	45	89
989	1270	47	88
987	1271	49	87
987	1273	52	85
987	1276	55	84
986	1279	59	81
986	1281	62	78
986	1282	65	76
983	1282	68	74
984	1283	69	74
983	1282	72	73
982	1283	73	73
981	1282	74	74
982	1283	74	75
980	1282	75	75
981	1283	76	76
979	1282	76	76
980	1283	78	76
979	1283	79	76
976	1284	81	77
974	1285	82	77
971	1286	83	77
966	1287	84	77
964	1288	85	76
961	1288	87	76
959	1287	90	76
959	1288	94	76
958	1287	98	76
956	1288	100	75
955	1289	104	75
954	1289	106	76
954	1289	110	76
953	1289	114	76
951	1289	118	77
950	1288	122	78
947	1289	125	79
945	1288	128	80
945	1289	130	81
943	1289	133	81
941	1288	134	82
939	1288	135	83
937	1289	135	83
935	1289	134	83
937	1288	134	83
934	1290	136	84
933	1290	137	84
931	1290	137	85
927	1291	135	85
924	1291	133	86
920	1289	132	87
918	1288	130	87
917	1287	129	87
914	1286	130	87
914	1286	131	87
913	1286	133	87
912	1286	136	87
909	1284	140	87
909	1285	144	88
906	1282	148	89
902	1281	151	91
899	1278	154	92
897	1278	156	93
894	1278	158	93
890	1277	159	94
885	1276	160	94
884	1275	161	95
882	1276	161	95
878	1275	161	96
875	1273	161	96
874	1273	159	97
871	1272	158	97
869	1270	159	98
866	1270	159	99
864	1270	160	99
861	1271	161	99
861	1271	162	100
860	1271	164	100
859	1270	167	102
855	1271	170	103
855	1270	172	103
851	1270	173	105
848	1271	176	106
845	1271	178	107
843	1270	179	107
839	1271	181	107
835	1270	180	108
833	1271	179	110
833	1271	177	110
831	1272	176	110
828	1274	175	110
827	1275	174	111
823	1277	173	111
822	1277	173	111
820	1278	173	111
817	1276	172	112
812	1277	177	109
812	1279	177	108
808	1280	178	106
805	1281	178	104
803	1281	178	105
800	1282	179	106
802	1283	180	106
801	1285	182	105
797	1286	184	105
793	1287	186	104
788	1289	187	103
788	1291	187	102
790	1292	184	102
784	1293	183	101
782	1292	182	102
786	1291	178	102
784	1288	177	103
785	1287	174	104
782	1289	172	103
781	1293	171	102
774	1295	169	100
778	1291	164	100
781	1293	158	100
779	1290	153	101
778	1292	150	101
778	1290	147	103
776	1290	145	104
778	1288	143	105
782	1285	136	111
785	1283	131	115
784	1280	130	116
787	1276	128	118
784	1273	126	119
789	1264	120	123
787	1263	115	126
791	1261	111	128
789	1258	109	127
789	1260	106	128
772	1263	105	127
778	1268	101	126
784	1261	100	127
788	1262	98	128
791	1254	98	129
800	1249	99	130
799	1247	99	132
797	1247	99	135
795	1247	99	137
794	1244	99	138
788	1241	98	139
782	1239	98	138
772	1237	100	137
780	1231	92	142
765	1221	96	137
768	1221	98	132
858	1258	105	128
860	1252	108	126
853	1258	110	125
856	1251	111	125
855	1246	111	125
755	1246	112	122
753	1248	114	117
750	1252	116	113
747	1256	118	110
737	1261	121	107
737	1267	129	100
728	1273	138	93
715	1265	147	87
709	1271	154	83
700	1274	158	82
691	1265	163	79
687	1270	168	79
679	1260	172	77
669	1264	176	76
661	1269	180	76
654	1257	183	76
648	1262	187	75
641	1266	191	76
630	1298	191	79
626	1297	192	83
622	1297	193	86
618	1297	194	88
613	1284	195	89
608	1287	197	90
601	1288	199	92
595	1289	201	94
589	1290	203	96
583	1290	205	99
579	1290	207	101
575	1289	209	103
569	1288	211	105
562	1287	213	107
557	1286	216	109
551	1287	218	110
543	1286	220	112
537	1287	222	113
532	1286	225	115
524	1286	228	116
513	1287	231	117
504	1285	236	120
493	1284	241	123
484	1283	245	124
479	1283	248	125
468	1282	251	127
464	1280	254	129
457	1278	256	130
447	1277	258	131
442	1276	260	132
435	1276	263	133
427	1276	264	133
424	1275	266	134
416	1275	266	135
404	1276	266	135
400	1277	266	135
395	1278	266	135
390	1279	266	135
389	1277	266	135
170	1166	253	147
189	1147	244	152
204	1148	236	155
200	1146	234	156
222	1125	230	158
188	956	232	149
201	953	234	144
192	954	231	137
204	954	228	135
207	955	226	134
215	956	222	133
232	956	219	132
244	956	215	130
251	961	208	133
275	954	206	131
307	952	205	130
316	952	204	128
354	963	209	125
347	956	209	125
360	952	210	124
375	949	214	124
384	948	221	124
390	943	227	124
405	941	229	126
398	937	226	127
386	943	218	130
414	934	216	130
442	932	218	130
445	932	220	129
452	930	222	128
457	929	223	127
465	930	226	125
476	930	229	125
486	930	234	126
500	928	237	127
485	884	225	139
491	893	220	143
499	903	220	143
560	904	222	143
559	914	223	142
578	906	226	142
549	857	221	148
548	856	215	156
560	838	213	157
566	817	216	158
560	789	218	159
551	786	218	160
563	780	219	160
665	874	221	156
670	874	223	151
677	873	223	148
682	872	223	146
699	870	222	144
702	869	222	143
716	866	222	141
728	867	221	140
731	865	220	138
737	864	219	136
756	859	216	138
759	862	213	138
775	856	213	137
781	853	211	138
791	851	209	139
800	849	207	140
809	845	206	140
819	845	206	140
829	844	205	140
736	866	208	138
733	867	209	138
748	866	210	137
761	863	214	136
770	861	218	135
776	860	225	134
783	860	227	134
795	858	229	135
803	857	230	135
810	856	232	136
820	853	237	137
834	848	243	138
848	846	248	139
860	843	250	141
871	836	251	143
876	840	249	145
884	840	244	146
892	838	237	153
888	834	234	155
892	821	231	155
920	782	229	156
916	793	228	157
996	795	231	155
1018	799	231	154
1017	775	226	156
1014	777	225	157
1043	804	225	156
1042	825	225	155
1062	830	225	154
1061	831	226	153
1076	829	225	154
1071	828	224	155
1088	828	223	155
1084	828	220	158
1091	826	214	163
1090	824	211	166
1084	824	209	167
1077	827	208	167
1070	830	207	165
1084	827	207	166
1054	826	207	166
1052	831	206	166
1040	833	203	169
1048	836	201	170
1052	840	199	172
1062	859	199	172
1048	874	200	170
1042	870	201	169
1035	865	206	169
1033	864	211	170
1034	860	212	170
1032	859	213	169
1055	838	212	168
1073	801	206	172
1070	816	203	172
1074	838	205	165
1068	839	208	160
1067	842	210	156
1063	845	213	152
1061	846	214	152
1056	845	215	150
1050	844	217	149
939	959	208	154
744	899	195	159
740	909	190	156
732	914	188	153
727	916	186	150
723	918	186	147
719	919	188	145
714	923	188	143
710	926	189	140
705	933	190	135
699	934	190	132
693	936	190	129
686	936	190	127
680	934	189	125
675	937	187	126
668	933	188	125
662	931	188	124
658	930	189	122
653	929	191	122
647	927	192	121
641	928	192	121
634	925	193	120
629	925	193	120
620	923	192	120
614	921	191	120
605	918	191	120
600	917	191	120
595	916	192	120
590	916	194	120
582	916	195	119
576	917	196	119
567	914	196	119
561	914	195	120
553	912	195	120
547	912	195	121
541	910	195	121
534	908	196	121
528	906	196	121
522	904	196	121
516	904	197	121
510	903	198	122
505	902	200	122
497	902	201	122
492	901	201	122
478	903	205	121
470	903	207	121
463	902	209	121
458	903	210	121
453	904	212	122
448	903	212	123
447	902	212	124
439	904	210	127
440	902	209	127
432	904	207	132
429	902	207	130
424	902	206	130
417	901	203	132
411	900	201	134
407	899	198	136
402	899	196	138
398	898	195	139
399	898	193	140
395	896	190	141
392	896	186	143
390	895	182	144
385	884	179	143
388	881	177	143
204	1018	176	147
206	1011	171	148
210	1007	166	150
218	1014	163	150
219	1009	160	148
220	1009	158	149
221	1008	157	150
213	1014	150	154
231	1010	148	153
241	1010	149	150
236	1009	149	149
229	1015	144	149
241	1013	144	149
251	1012	143	148
237	1017	140	148
240	1021	138	149
255	1016	136	149
253	1014	135	149
253	1021	133	147
250	1018	131	146
253	1017	127	145
255	1016	125	144
258	1019	124	142
259	1020	124	141
258	1021	123	141
255	1023	124	141
253	1025	122	138
251	1028	121	136
250	1031	120	132
248	1035	121	128
251	1041	120	125
252	1049	120	122
252	1068	119	119
256	1079	114	120
261	1076	110	120
267	1074	106	119
269	1072	104	117
272	1069	103	115
275	1068	101	116
280	1067	100	116
282	1066	99	114
275	1064	99	112
280	1062	99	111
272	1060	100	111
277	1061	101	109
283	1060	100	108
277	1058	100	108
268	1057	102	107
273	1058	104	107
263	1058	106	108
251	1058	108	108
254	1057	110	108
256	1056	112	109
258	1054	114	109
249	1054	114	109
254	1054	114	108
260	1065	113	112
265	1064	115	112
273	1063	115	114
278	1060	116	115
271	1059	116	116
280	1057	115	115
272	1056	115	114
276	1061	115	113
260	1061	121	110
261	1060	125	109
267	1058	125	109
260	1056	125	110
266	1054	125	110
259	1055	125	110
266	1054	124	110
272	1053	122	110
274	1060	121	109
260	1060	126	107
255	1058	129	105
249	1061	137	100
247	1068	138	103
247	1078	137	105
262	1070	137	107
283	1056	140	101
291	1059	138	97
297	1058	130	100
303	1057	123	102
311	1058	118	103
315	1058	114	104
319	1058	110	105
329	1057	110	103
332	1056	109	101
328	1056	108	98
329	1056	105	95
327	1062	105	95
331	1058	103	94
332	1056	101	91
331	1057	100	90
331	1058	98	89
331	1060	97	88
329	1058	97	88
330	1058	96	88
330	1059	96	87
330	1060	97	87
329	1060	98	87
330	1060	98	88
327	1060	98	89
327	1059	99	89
325	1058	100	89
324	1056	101	89
323	1055	101	88
321	1056	103	88
322	1055	104	88
322	1056	104	87
320	1056	105	87
319	1056	107	87
318	1055	108	88
317	1055	109	88
317	1055	110	88
313	1054	112	88
312	1054	113	88
313	1054	113	87
312	1053	114	87
308	1054	116	87
308	1053	118	88
305	1053	120	88
305	1053	122	89
304	1053	123	89
303	1052	124	89
301	1053	126	88
298	1056	132	84
294	1058	137	81
293	1059	142	79
287	1059	145	77
285	1060	146	76
282	1060	149	75
281	1060	152	73
280	1061	156	73
276	1062	160	73
276	1063	165	74
277	1062	170	75
274	1060	174	76
273	1059	175	77
273	1057	177	78
269	1056	175	80
270	1056	179	80
269	1055	182	82
267	1051	184	83
268	1049	187	84
269	1049	190	85
271	1050	196	86
271	1050	199	87
270	1051	201	88
267	1051	200	89
269	1050	199	90
321	1105	193	94
318	1107	190	97
314	1109	188	98
315	1114	184	98
307	1116	182	98
304	1119	181	96
300	1119	181	95
293	1121	182	94
284	1120	184	92
277	1120	186	91
273	1120	187	90
263	1120	189	90
257	1121	189	89
249	1122	190	89
242	1121	190	90
234	1122	189	90
226	1123	188	89
215	1124	188	88
207	1125	187	88
204	1133	186	89
198	1127	185	89
190	1128	186	88
185	1128	186	88
179	1129	186	88
175	1128	186	89
169	1126	188	90
158	1128	186	91
154	1128	186	91
148	1139	185	91
141	1136	186	90
132	1137	185	89
124	1139	186	87
118	1143	186	85
116	1144	186	83
107	1146	187	83
97	1148	187	83
92	1150	189	83
84	1152	186	83
79	1153	185	84
75	1152	184	83
72	1151	184	84
68	1151	184	84
63	1151	184	84
55	1150	183	85
42	1158	179	86
32	1155	177	85
30	1154	176	85
15	1165	172	84
13	1163	173	82
10	1173	171	82
4	1169	167	82
1	1168	165	82
0	1177	161	83
0	1171	159	84
0	1178	152	90
-3	1184	144	95
-2	1178	139	97
-2	1184	133	100
1	1180	130	100
-3	1174	125	101
2	1184	121	101
-3	1176	115	103
1	1186	113	103
-12	1174	99	111
-4	1182	94	114
-7	1179	88	117
-3	1194	86	118
-8	1194	78	126
12	1182	82	121
-8	1135	77	124
-13	1126	71	129
3	1160	71	127
-5	1160	68	129
-3	1160	66	130
15	1179	73	122
-5	1182	68	126
0	1173	67	124
1	1175	66	120
-5	1175	62	119
-2	1174	59	116
-1	1171	56	114
1	1170	55	109
4	1167	57	105
6	1169	63	99
8	1168	68	95
