707	302	66	44
708	301	65	45
707	300	65	45
706	300	66	46
706	298	67	46
705	297	66	46
707	295	67	47
707	294	67	47
710	292	66	46
712	290	66	45
714	291	66	44
713	290	65	44
714	289	64	43
713	289	64	43
712	289	65	43
711	290	67	43
709	290	70	43
710	288	73	44
710	288	76	44
709	288	77	45
709	288	78	46
709	287	80	47
710	286	83	48
710	287	85	48
710	286	86	48
711	284	87	49
713	284	86	49
714	284	87	50
715	283	88	51
715	282	88	52
715	282	89	52
718	283	87	52
724	282	86	52
726	280	83	53
728	280	82	53
729	280	81	52
732	278	80	52
735	279	79	52
738	279	78	51
740	279	77	51
740	279	78	50
742	279	78	50
743	280	78	51
744	280	79	51
742	279	81	51
738	279	86	49
737	280	91	48
739	280	93	48
743	281	92	47
746	280	91	47
751	280	90	47
752	282	89	47
754	282	89	47
753	282	91	47
754	284	91	46
757	284	90	46
756	285	91	47
757	286	91	47
759	288	90	47
759	288	90	48
760	289	90	48
760	290	92	47
760	290	93	48
760	291	93	48
760	293	95	48
762	294	96	48
766	296	95	48
767	297	95	48
768	298	96	48
771	300	95	48
770	302	97	48
771	302	96	48
774	303	95	47
777	305	94	47
779	306	92	48
780	307	92	48
780	306	91	49
780	305	91	49
781	306	90	49
782	307	90	49
783	308	91	49
785	310	90	49
786	310	90	49
785	310	90	50
785	312	90	50
787	311	90	50
788	312	90	50
788	313	91	50
784	314	93	51
785	314	93	52
783	314	94	52
780	315	97	53
778	315	100	54
779	316	100	55
779	316	101	55
782	317	101	55
782	317	101	55
781	317	102	56
786	320	102	55
788	320	102	55
786	320	102	55
783	321	103	55
783	321	104	55
780	321	105	55
777	321	106	56
774	321	107	57
777	321	106	57
777	321	105	57
777	321	104	57
780	321	103	57
779	320	101	56
783	320	99	55
785	320	97	54
788	319	91	55
791	319	87	56
790	319	84	56
792	319	82	56
791	319	80	56
793	319	78	56
791	319	77	55
794	316	73	57
792	315	72	58
793	315	70	59
792	314	69	59
792	315	68	59
794	313	66	60
795	311	64	61
794	309	64	61
795	307	63	63
799	304	61	65
795	302	61	67
796	298	58	70
794	297	58	70
793	296	57	71
796	294	55	72
797	291	51	75
798	289	49	76
799	287	47	77
801	286	45	77
802	286	43	77
801	285	42	77
802	284	41	77
802	283	39	77
803	279	37	77
803	277	36	78
803	274	35	78
802	273	34	77
801	272	33	76
801	268	32	76
800	266	32	75
800	264	31	76
800	261	31	76
799	259	30	77
798	256	30	77
796	252	30	77
795	247	30	77
795	246	30	77
794	242	30	76
794	241	30	75
792	239	30	74
790	237	31	72
788	235	31	72
786	233	31	71
785	232	31	70
784	231	31	70
784	229	31	70
782	226	33	68
782	223	33	68
782	222	34	67
781	221	35	65
779	220	37	65
779	219	38	65
776	218	40	65
775	217	42	64
775	214	43	64
774	213	45	63
773	211	47	62
771	210	49	61
771	209	50	60
769	208	52	60
768	207	54	60
767	206	56	60
764	204	58	60
765	203	61	61
764	201	63	61
763	199	65	62
763	196	67	62
764	195	67	62
765	193	69	63
763	191	70	64
765	188	71	65
766	186	72	64
767	185	73	64
767	184	76	64
767	182	78	64
768	181	81	64
768	180	83	63
769	179	86	63
770	178	89	63
770	177	92	62
770	177	94	61
770	177	97	61
772	176	100	61
772	176	103	60
772	176	105	60
774	175	106	60
775	175	108	59
775	175	109	59
776	175	110	59
777	175	112	58
778	174	114	58
779	174	115	58
781	175	117	57
782	175	119	57
783	174	121	57
786	175	122	57
787	175	122	57
789	174	122	57
792	173	123	57
795	173	123	57
797	173	125	57
799	172	126	57
801	173	126	57
805	173	127	57
809	174	128	57
813	175	128	57
818	175	127	57
823	176	127	57
827	177	127	57
830	178	127	57
834	179	128	57
837	180	128	57
840	181	128	57
844	182	128	57
848	184	127	58
852	185	127	58
856	186	127	58
859	187	126	59
864	188	125	59
867	189	125	59
871	190	124	60
874	191	125	60
877	192	125	60
880	193	124	60
884	194	124	61
886	195	123	61
890	196	123	62
893	196	124	62
894	198	123	62
896	198	123	63
899	199	123	64
902	200	122	64
903	200	122	64
906	201	121	65
908	202	120	65
910	204	120	65
913	205	121	66
915	205	120	66
917	206	120	66
919	206	119	66
919	208	119	66
920	208	119	66
922	209	119	66
925	209	118	66
928	209	117	66
929	209	117	66
932	209	116	66
933	209	115	65
934	209	115	65
936	209	115	65
938	209	114	66
940	208	114	66
943	208	114	66
945	208	113	65
948	208	112	66
951	207	112	66
952	206	112	66
953	206	112	65
956	206	112	65
958	206	112	64
960	205	112	64
963	205	111	64
966	205	110	63
969	205	108	63
973	206	107	63
976	206	106	63
978	206	106	62
979	207	106	62
982	207	105	62
984	206	104	62
986	208	104	63
988	206	103	63
991	206	102	63
995	206	101	63
998	206	99	63
1001	204	98	64
1003	204	97	64
1005	204	96	64
1005	204	96	64
1007	204	96	64
1007	203	96	64
1009	203	95	64
1009	202	96	64
1010	202	96	64
1011	202	96	63
1011	200	96	63
1013	199	96	63
1015	200	96	63
1016	199	95	64
1016	198	96	63
1018	198	95	63
1020	198	95	63
1021	197	95	63
1022	197	95	63
1024	197	94	63
1025	196	94	63
1027	197	94	63
1028	196	94	63
1029	197	94	63
1032	197	94	62
1032	197	95	62
1033	197	94	62
1035	197	94	62
1037	198	94	61
1039	199	94	61
1040	199	94	60
1042	201	93	60
1045	202	93	60
1047	204	92	59
1050	204	91	59
1051	205	91	59
1053	207	91	58
1055	207	91	58
1057	208	90	58
1059	208	89	58
1063	211	88	57
1065	213	88	57
1066	215	87	56
1070	216	85	56
1073	218	83	55
1073	219	82	55
1075	220	81	55
1078	222	79	54
1079	222	78	54
1080	223	77	54
1080	225	76	53
1080	225	77	54
1080	226	77	54
1080	227	77	54
1080	227	76	54
1080	229	76	54
1083	231	76	54
1082	231	75	55
1082	230	75	55
1084	234	74	55
1084	233	73	55
1083	234	73	55
1083	234	71	55
1083	234	71	55
1082	236	71	55
1081	237	70	55
1081	237	70	54
1081	238	70	54
1080	239	70	53
1078	239	70	52
1077	241	70	52
1078	241	69	52
1077	241	69	52
1078	241	69	51
1076	242	69	51
1076	244	69	50
1074	245	69	50
1074	245	69	50
1073	246	68	49
1074	248	68	49
1073	249	67	49
1072	251	67	49
1071	251	67	49
1073	254	67	49
1072	255	66	49
1070	256	66	49
1071	259	66	49
1071	260	66	49
1070	262	65	49
1070	265	64	49
1073	268	63	50
1072	271	61	50
1073	272	60	49
1074	274	60	50
1075	279	59	50
1074	281	59	49
1076	284	59	48
1077	287	58	48
1079	290	57	47
1080	293	56	47
1080	295	55	46
1083	298	55	46
1086	301	54	45
1087	303	53	44
1088	305	52	44
1087	307	52	43
1091	310	52	43
1093	311	51	43
1094	313	52	42
1095	315	53	42
1095	316	53	41
1095	317	53	41
1097	317	52	42
1099	317	51	43
1100	318	50	43
1100	319	49	42
1099	320	50	42
1101	321	49	42
1100	321	49	42
1101	321	49	42
1103	322	49	42
1105	322	48	42
1106	325	46	41
1107	326	45	41
1107	327	45	40
1109	328	45	40
1109	330	44	40
1109	329	44	40
1112	331	43	40
1112	331	43	41
1114	333	42	40
1114	334	41	40
1116	335	41	40
1116	337	40	40
1117	337	40	40
1118	338	40	40
1120	340	39	40
1121	341	39	40
1122	342	39	39
1123	344	40	40
1124	345	40	40
1125	346	40	40
1124	349	40	39
1125	350	41	39
1126	351	41	38
1126	354	41	38
1127	356	41	37
1128	357	41	37
1129	359	42	37
1130	361	41	37
1131	362	40	37
1131	364	40	37
1132	365	40	37
1132	366	39	37
1133	368	40	38
1133	369	40	38
1131	369	39	38
1132	372	41	37
1132	373	41	36
1131	373	41	36
1130	374	42	36
1131	376	43	36
1130	377	43	35
1130	378	43	35
1130	378	43	35
1130	379	43	34
1132	380	42	34
1131	382	43	34
1130	383	43	33
