1049	131	64	29
1047	142	64	28
1048	156	64	28
1049	167	64	28
1049	181	63	28
1049	192	63	27
1052	206	63	27
1052	215	63	27
1052	225	63	27
1053	235	63	26
1056	245	63	26
1059	255	64	26
1061	264	64	25
1062	272	64	24
1063	281	65	23
1067	289	64	23
1069	298	65	23
1073	306	65	23
1077	313	64	22
1079	320	65	22
1081	327	66	22
1084	333	67	21
1085	337	67	21
1091	344	68	21
1093	348	70	21
1097	354	70	21
1100	359	70	21
1102	363	69	22
1105	367	69	22
1108	370	69	22
1111	373	70	22
1114	377	69	23
1117	379	70	23
1119	382	72	24
1122	385	71	23
1124	387	72	24
1125	389	73	24
1127	390	74	24
1128	392	75	24
1130	394	75	25
1132	394	75	25
1133	395	74	25
1136	395	73	25
1138	395	72	25
1144	395	68	26
1147	394	68	27
1148	394	67	27
1149	393	67	27
1150	392	67	28
1150	392	66	29
1151	391	65	30
1151	391	65	30
1153	390	64	30
1153	390	64	31
1152	389	64	32
1153	388	64	32
1153	387	64	33
1154	386	63	34
1153	387	64	35
1153	386	64	36
1155	385	63	37
1153	385	63	37
1156	384	61	39
1155	382	60	41
1158	381	59	43
1160	376	58	44
1160	376	58	45
1159	376	57	47
1160	376	56	48
1161	375	55	48
1159	374	56	49
1161	372	55	49
1162	371	54	49
1163	371	53	50
1163	369	52	50
1163	368	52	49
1165	369	50	49
1165	367	49	50
1164	366	48	50
1165	365	47	49
1167	364	45	48
1170	362	43	48
1168	364	42	47
1171	361	41	45
1174	358	40	46
1175	355	39	46
1178	351	36	48
1181	349	34	49
1183	344	33	47
1185	344	32	47
1187	343	30	46
1187	341	29	45
1186	339	29	45
1184	337	31	43
1184	333	31	41
1182	330	32	40
1183	326	33	40
1185	325	33	39
1180	321	35	39
1179	316	37	36
1179	315	37	35
1183	314	37	35
1169	310	41	31
1165	309	44	29
1164	310	46	27
1163	309	47	26
1164	308	47	25
1165	303	46	25
1165	303	46	25
1165	301	46	26
1167	300	46	26
1164	296	47	26
1172	302	49	25
1174	306	51	25
1171	301	51	25
1163	292	50	26
1157	289	51	25
1151	289	52	25
1167	289	51	26
1178	292	47	29
1157	283	50	28
1157	278	51	28
1160	276	52	28
1158	274	52	28
1162	273	52	28
1125	293	55	28
1126	293	57	29
1126	293	60	31
1128	292	61	33
1127	291	63	34
1129	291	65	35
1128	292	67	36
1129	292	69	36
1129	293	70	36
1129	293	72	37
1130	293	73	38
1131	293	75	38
1139	292	74	38
1140	293	73	37
1143	293	72	37
1145	295	71	37
1147	294	70	37
1153	294	69	37
1152	295	69	37
1155	295	69	37
1157	294	68	38
1105	302	68	37
1103	307	68	38
1103	308	68	39
1102	307	69	39
1104	306	70	40
1103	305	71	41
1105	305	71	41
1103	305	71	42
1106	305	72	42
1110	301	72	42
1109	302	71	42
1108	303	73	42
1115	302	75	42
1111	302	76	42
1111	304	77	43
1109	303	76	43
1111	302	77	44
1106	303	79	44
1103	303	81	45
1107	302	81	46
1105	303	82	46
1116	302	77	50
1120	301	73	52
1123	301	71	54
1125	298	69	54
1126	300	67	55
1127	297	66	54
1128	299	66	55
1126	301	67	55
1126	298	67	54
1125	300	68	54
1124	301	68	54
1125	301	70	54
1123	297	74	52
1122	298	75	51
1120	299	76	50
1119	301	75	50
1119	302	74	51
1117	302	72	52
1117	301	71	53
1117	301	70	54
1118	299	69	55
1118	299	67	55
1119	297	67	56
1120	295	67	57
1119	295	68	57
1116	295	68	58
1113	296	69	59
1114	298	69	59
1115	299	68	60
1115	300	67	59
1118	296	66	57
1116	299	66	56
1114	301	65	55
1111	301	64	53
1113	298	64	52
1112	302	63	50
1111	302	62	50
1113	304	62	50
1114	303	60	50
1115	304	60	51
1117	304	58	51
1120	302	57	51
1125	300	57	50
1123	299	56	49
1123	301	55	49
1125	300	54	48
1128	295	54	47
1129	296	54	46
1131	296	55	45
1131	296	55	45
1131	297	56	44
1131	297	57	44
1130	298	58	44
1132	297	59	45
1130	296	59	45
1130	294	59	45
1128	294	59	46
1127	294	59	47
1125	295	59	49
1125	295	57	50
1131	294	57	51
1129	293	56	51
1118	283	65	46
1109	285	71	44
1109	286	76	43
1109	287	79	44
1110	288	79	45
1110	288	81	45
1111	288	81	45
1113	288	83	45
1119	290	81	44
1121	291	82	45
1119	292	82	46
1123	295	84	45
1119	297	86	44
1115	298	86	45
1111	299	86	46
1108	298	85	47
1105	300	86	47
1104	300	88	47
1103	300	91	48
1097	301	95	48
1092	303	98	47
1089	305	103	46
1084	306	105	46
1081	310	107	47
1075	312	109	48
1070	314	109	50
1068	314	111	51
1065	315	115	51
1061	316	118	51
1056	318	120	51
1051	320	121	52
1044	328	120	52
1043	327	120	53
1039	328	120	54
1036	329	120	54
1032	331	120	54
1029	334	120	55
1026	334	120	56
1023	335	121	57
1019	337	120	57
1015	340	120	57
1010	342	119	57
1008	341	120	56
1005	342	119	56
903	376	121	59
901	379	121	60
899	380	121	61
900	381	119	62
900	383	117	62
899	387	115	62
900	389	114	63
899	390	112	63
899	392	111	62
897	394	110	62
896	395	109	62
900	395	110	62
896	398	111	61
901	399	117	59
899	399	121	59
890	401	121	60
892	402	121	61
892	402	121	62
894	401	121	62
893	401	121	62
889	410	122	62
917	405	120	64
920	402	117	66
923	399	110	71
927	396	104	77
924	397	102	80
887	413	107	78
880	417	110	77
880	419	112	76
876	422	117	75
871	425	120	75
872	428	124	74
869	428	127	73
865	430	128	73
864	432	126	73
863	434	125	74
861	437	123	74
861	436	120	78
861	436	117	80
860	439	115	81
858	442	114	81
854	445	112	81
771	425	118	73
770	429	121	67
771	432	123	62
771	436	123	58
773	436	123	56
776	438	127	54
776	440	131	51
778	443	134	50
779	444	137	51
779	446	138	51
783	447	138	50
791	447	134	50
796	448	131	50
795	449	128	50
798	449	125	49
803	450	122	48
810	442	119	49
812	446	116	49
814	449	114	48
815	452	113	47
810	454	116	45
816	455	116	45
821	456	113	46
823	451	109	47
824	454	105	48
825	456	102	49
826	453	99	49
827	457	98	49
826	458	96	49
827	459	96	51
824	455	96	50
825	456	96	50
824	456	97	49
823	456	98	49
822	457	98	50
818	457	99	50
816	456	98	51
813	456	98	52
817	457	98	53
812	451	97	53
808	453	94	52
811	455	93	52
813	456	94	52
811	455	93	52
808	455	92	52
802	450	91	50
802	451	90	49
800	451	88	48
797	446	87	46
797	448	86	43
796	450	87	40
794	449	88	39
791	450	85	37
791	450	84	36
787	450	84	36
783	443	85	36
783	443	85	35
780	443	87	33
775	421	89	32
784	383	93	30
780	381	98	29
779	378	101	29
774	376	103	30
771	377	103	31
770	374	104	33
770	373	104	35
770	371	103	37
763	370	103	39
759	421	101	41
761	419	100	41
762	417	99	41
762	416	98	42
761	415	97	42
759	415	97	42
758	413	97	42
679	429	106	40
677	428	111	39
684	427	115	39
684	427	118	39
687	425	122	39
768	507	106	50
779	503	98	56
783	500	87	63
792	501	79	67
796	496	73	69
799	498	67	70
800	499	62	72
804	498	58	74
806	497	55	76
804	493	54	77
811	495	51	77
818	500	48	77
819	504	45	76
821	500	43	76
823	495	41	76
830	500	40	74
830	493	38	76
830	495	37	74
831	496	36	73
831	495	35	72
838	539	48	61
834	546	61	51
831	549	72	44
825	551	79	39
823	549	86	36
819	550	90	36
815	550	92	35
809	549	92	37
808	548	94	39
805	542	93	40
806	543	93	43
802	537	91	44
794	529	87	45
791	529	85	46
785	530	88	45
788	527	87	46
792	526	86	47
787	528	86	46
791	527	86	45
786	527	86	45
787	528	86	45
784	528	86	45
775	524	84	45
775	525	82	43
777	526	81	42
775	526	81	41
774	526	81	39
775	526	81	37
775	527	82	35
776	527	81	34
776	528	80	34
778	527	81	34
775	524	80	34
827	533	71	42
834	535	68	45
840	536	63	48
839	538	61	49
840	539	60	49
843	543	59	49
779	509	59	51
774	507	59	51
773	511	57	51
768	512	56	51
772	538	58	53
770	537	59	54
773	541	62	55
769	540	64	56
763	537	67	57
761	535	69	59
760	534	70	62
756	533	72	63
750	529	73	63
750	532	76	62
750	527	78	61
746	525	81	60
739	522	82	58
738	524	85	55
736	525	91	53
733	525	92	52
733	524	93	52
730	524	94	51
730	524	96	50
731	524	99	50
726	523	102	48
720	524	104	48
720	523	105	48
711	516	105	48
711	518	104	47
711	519	104	46
712	519	104	46
711	519	104	46
710	512	103	46
710	512	101	46
710	511	99	46
709	511	98	46
706	511	100	45
707	509	100	45
706	509	98	46
700	509	97	47
698	504	93	48
696	502	90	48
696	499	89	50
695	497	86	54
693	495	85	54
691	492	81	56
690	490	78	58
685	490	74	60
683	484	71	61
682	480	71	62
680	479	71	63
685	481	72	64
678	482	72	63
672	473	74	61
675	474	77	59
706	486	67	65
708	487	63	67
668	482	75	59
625	548	87	49
620	552	94	43
613	553	100	39
610	555	105	36
606	551	109	33
604	554	113	31
603	554	114	31
597	554	114	30
592	554	114	30
593	555	113	29
587	556	111	29
588	556	110	28
591	556	108	28
581	556	108	27
579	556	107	27
577	556	107	27
576	556	106	27
574	556	106	27
577	555	102	28
580	554	100	28
580	554	98	27
588	554	94	27
590	554	91	27
595	553	88	28
592	553	85	28
592	552	83	28
579	548	82	27
580	549	80	26
589	549	77	26
595	549	75	27
603	544	73	28
602	534	67	34
604	532	62	37
596	543	60	36
600	544	59	35
598	544	58	34
600	543	57	34
588	479	60	33
585	477	64	31
583	477	67	30
582	477	72	29
581	476	76	28
576	475	79	27
577	475	83	27
574	474	85	27
575	474	89	27
575	473	91	28
572	473	94	30
563	472	94	30
554	470	91	30
551	469	89	30
550	469	87	30
550	469	87	29
545	470	90	28
540	471	93	27
537	471	96	26
534	472	100	26
532	472	103	27
527	472	108	27
524	473	111	27
521	473	114	28
515	473	116	29
512	474	119	30
509	473	121	32
502	473	121	34
500	473	120	36
495	473	119	37
492	474	118	38
488	475	117	38
488	478	116	37
482	480	116	37
477	482	115	37
470	483	113	37
471	485	113	37
471	486	114	37
471	488	114	36
472	488	117	35
467	490	118	34
462	491	119	34
458	493	120	34
458	496	122	33
451	494	120	35
451	493	120	37
445	492	120	38
442	493	117	38
440	496	115	38
438	498	114	38
438	499	112	38
434	501	111	38
431	502	109	37
426	504	109	37
426	506	108	37
424	507	108	37
417	508	107	37
414	509	108	37
410	510	108	37
409	512	108	37
400	514	107	37
396	516	108	37
391	518	108	37
388	519	108	37
385	521	110	37
380	522	112	37
377	524	116	37
372	524	119	37
368	525	120	38
367	526	124	38
363	526	128	38
356	528	129	39
353	529	130	39
349	530	132	40
345	531	134	41
341	531	135	42
340	532	135	42
336	531	140	44
332	531	144	45
330	533	147	45
326	533	145	47
326	533	145	48
322	533	145	49
322	532	146	50
318	533	145	50
318	533	145	49
312	533	144	50
310	533	144	50
305	534	141	49
303	536	139	49
300	536	139	48
297	538	141	47
297	539	142	46
294	539	144	45
290	540	143	45
284	542	142	42
287	542	141	42
282	543	140	42
282	545	139	41
281	546	138	40
281	547	135	40
285	546	132	40
287	545	130	40
287	544	126	40
289	544	122	41
290	544	118	41
291	544	114	42
293	546	109	44
293	546	104	45
295	547	96	48
296	548	94	47
295	548	87	49
299	548	83	51
296	547	73	56
294	545	66	59
295	538	62	61
301	533	58	63
305	529	54	65
306	527	53	65
308	522	52	63
310	522	52	61
310	523	53	60
312	523	54	58
312	524	57	54
313	525	60	52
311	528	63	50
312	529	68	45
314	531	71	42
315	530	74	40
315	531	78	38
317	531	83	36
317	531	85	35
317	530	87	34
316	531	91	33
318	531	93	33
319	531	96	33
319	530	100	32
320	529	105	32
322	529	108	33
323	528	110	33
326	528	112	34
329	528	114	35
331	527	116	37
335	526	116	39
341	524	114	41
343	522	112	43
346	521	110	45
351	519	107	47
353	516	107	47
350	513	109	46
358	511	108	46
363	507	107	46
365	501	106	47
368	496	103	48
370	495	103	48
371	490	102	48
372	487	101	49
373	485	101	50
375	483	101	50
377	483	101	50
380	484	103	49
381	480	104	50
378	479	106	51
376	477	106	51
381	476	106	51
373	467	106	51
469	575	104	53
475	576	101	54
479	569	100	54
489	570	96	55
491	570	93	55
493	568	92	55
495	568	91	55
497	565	92	55
497	565	93	55
495	564	95	55
494	564	95	55
500	561	95	56
499	561	95	57
497	559	97	56
501	558	96	56
503	557	95	56
510	556	92	56
515	556	87	58
521	554	82	58
525	553	78	59
529	551	74	58
532	550	72	57
534	550	70	56
543	550	67	56
552	550	65	56
550	549	62	56
549	550	62	56
548	549	61	56
547	549	60	56
557	549	58	58
550	547	57	58
554	547	55	58
563	548	49	62
572	604	53	55
570	607	57	51
568	609	58	48
573	609	59	46
574	610	57	44
571	610	58	42
571	610	58	41
571	610	58	40
572	610	57	38
564	610	56	38
564	610	57	37
564	610	56	36
562	609	55	36
557	606	56	35
559	607	56	33
559	608	56	32
555	608	55	31
555	608	55	30
555	608	55	28
552	608	55	27
554	605	57	25
552	606	58	24
550	607	59	22
546	608	59	22
544	608	59	22
545	609	59	21
545	609	58	21
545	609	58	21
542	608	59	21
540	607	58	22
540	603	57	24
541	600	56	26
541	598	54	27
540	600	54	28
541	594	53	30
543	593	51	32
542	590	49	35
542	589	49	37
539	591	48	39
534	586	47	41
545	561	46	41
540	556	45	40
553	577	45	41
546	566	44	44
547	561	43	45
551	567	43	46
522	573	38	52
523	570	34	55
523	566	31	58
523	564	29	60
521	563	28	61
521	561	28	61
519	561	28	61
517	560	29	60
515	560	31	60
517	555	30	61
525	554	36	58
528	552	40	55
526	552	44	53
526	551	47	51
529	549	48	50
527	549	49	49
525	549	50	49
526	549	51	50
523	547	53	50
529	547	53	50
529	547	52	51
520	537	55	50
519	529	56	51
518	529	57	52
515	522	56	53
514	521	55	54
514	516	54	57
514	515	52	59
515	512	52	59
516	510	51	61
517	506	50	62
517	504	50	63
518	503	48	65
518	498	47	67
517	497	45	69
518	496	44	69
520	491	42	71
521	490	41	70
522	488	40	71
522	483	40	72
521	483	39	71
523	484	37	71
525	482	35	72
525	481	33	72
526	481	31	71
528	479	30	71
529	475	29	71
528	470	29	71
529	463	28	73
530	464	28	74
529	462	29	74
528	460	29	76
532	457	29	77
531	455	29	76
529	455	31	74
529	457	33	72
530	455	34	71
529	458	36	69
524	461	41	66
524	459	43	63
529	462	42	65
527	454	45	62
527	448	46	60
528	445	47	57
527	444	48	55
525	443	49	53
524	442	50	50
524	442	50	49
525	442	50	47
524	441	50	46
522	442	51	44
522	441	52	43
521	442	53	42
522	442	54	42
522	440	54	41
522	441	55	39
522	442	56	38
522	442	56	37
524	440	55	38
523	438	53	39
525	437	52	40
526	438	53	40
523	436	50	42
523	436	49	42
520	433	46	44
522	434	44	44
522	433	42	45
519	431	38	46
520	431	35	47
522	432	32	48
522	432	31	48
522	432	29	49
522	432	29	48
522	434	27	49
520	431	26	48
520	433	25	47
520	433	24	45
520	433	24	44
521	432	23	44
521	430	22	44
521	430	21	43
521	430	22	43
520	428	23	42
519	427	23	41
514	427	26	39
515	428	27	40
515	428	28	40
513	427	29	40
511	427	31	40
510	427	32	41
510	426	33	43
509	427	33	44
509	422	34	44
507	421	35	45
506	419	36	45
506	419	37	46
506	416	38	46
505	417	38	47
506	413	39	48
506	413	39	49
505	413	41	49
508	407	43	49
510	402	44	50
510	399	44	50
508	401	45	50
507	401	46	50
504	398	48	50
504	398	49	51
502	393	50	51
507	394	50	52
507	394	50	52
476	374	46	57
479	372	43	60
480	371	41	64
482	367	39	66
481	365	37	69
482	363	35	71
481	362	34	72
481	358	33	72
481	357	32	73
482	357	31	73
477	355	30	73
478	355	29	74
479	353	29	74
523	366	28	75
524	366	27	77
524	360	27	78
524	358	27	78
524	358	27	79
523	357	26	79
526	354	26	80
524	354	26	80
522	349	26	79
550	351	32	73
541	346	39	67
538	343	45	62
537	345	49	58
535	346	51	57
533	346	54	56
521	343	57	55
519	344	61	52
513	343	65	50
509	336	65	51
499	337	69	50
512	337	69	50
503	335	70	51
504	334	71	51
502	331	71	51
458	301	70	55
452	296	69	56
455	297	69	58
463	298	70	59
460	290	71	61
499	358	71	63
505	363	69	64
507	359	67	65
499	353	67	65
500	355	67	65
513	353	62	68
492	345	65	67
496	345	66	67
500	345	66	67
508	411	81	59
500	415	97	54
497	416	111	50
491	417	124	48
481	414	131	50
475	411	138	52
461	405	141	56
461	401	144	59
447	398	144	63
446	397	143	66
447	396	142	70
445	395	140	73
435	392	138	76
429	389	136	81
423	387	136	84
421	384	135	87
418	382	133	89
415	381	131	91
409	378	129	92
407	379	128	93
402	376	127	94
399	373	126	94
402	373	124	93
404	372	123	93
405	371	123	93
394	258	119	91
394	252	115	89
393	258	112	85
391	259	109	83
387	259	106	81
389	254	103	79
385	255	100	79
386	254	96	78
383	252	93	77
379	251	89	76
380	245	86	75
381	247	83	75
376	241	82	74
374	238	80	72
374	237	78	70
366	233	77	68
365	231	77	66
359	232	75	63
360	233	74	64
361	235	75	63
355	237	76	61
352	233	77	58
344	237	81	55
335	238	84	52
326	236	88	51
325	230	88	51
327	227	89	55
324	225	90	56
321	224	93	57
320	222	94	57
318	222	95	57
315	220	97	57
312	218	98	56
308	217	99	56
306	216	101	56
305	216	103	55
299	214	106	55
293	207	107	55
294	208	107	55
293	210	108	56
288	209	109	56
289	208	109	56
290	206	112	57
286	204	115	57
278	201	115	58
279	198	117	60
333	264	111	70
341	259	108	79
335	253	105	86
336	237	103	91
338	233	101	97
335	227	98	99
334	228	96	101
335	225	95	103
