880	488	106	69
883	488	104	70
884	488	104	71
882	489	105	72
880	490	105	72
881	489	105	74
882	490	104	74
879	489	103	74
879	489	101	73
881	486	103	75
880	484	104	75
882	481	103	76
878	477	105	75
874	473	105	74
870	470	106	74
865	467	107	74
861	465	107	75
856	462	107	75
852	460	106	75
849	456	105	75
845	452	105	75
843	448	104	76
841	445	105	76
840	442	104	77
836	435	104	77
835	430	104	77
832	425	103	77
828	421	103	76
825	413	103	77
825	413	104	75
829	406	103	73
836	398	101	72
837	388	101	73
837	379	101	74
834	379	103	71
833	380	106	69
831	368	108	72
828	363	112	74
829	362	113	74
833	362	114	74
835	360	116	75
838	357	118	76
845	356	118	78
847	355	118	81
855	355	115	83
859	353	111	88
860	357	108	89
859	358	106	90
861	359	104	90
862	360	103	91
868	363	101	90
868	364	100	90
870	364	100	89
866	363	102	89
866	364	104	89
866	367	104	89
865	371	103	89
862	373	104	88
859	376	104	88
864	378	104	86
863	383	103	85
867	386	103	88
877	395	97	92
880	401	92	94
880	404	91	93
881	409	91	90
883	415	90	88
885	418	91	88
889	421	92	89
893	427	94	89
898	434	95	88
906	440	100	87
911	446	102	87
908	451	103	88
907	454	101	89
910	452	98	94
907	452	98	100
907	457	98	102
907	464	100	102
906	470	103	101
913	477	104	98
923	491	100	94
923	500	99	89
925	509	100	84
926	516	101	81
929	517	102	81
931	523	102	81
932	530	103	79
929	536	106	76
931	537	108	78
935	541	109	79
936	545	110	79
946	551	114	76
948	558	120	74
953	560	120	75
951	560	119	77
951	563	118	79
951	570	117	78
958	578	116	78
967	582	113	79
961	587	114	80
955	591	118	83
958	596	118	85
968	601	114	89
984	614	107	91
990	621	102	92
993	627	100	92
996	634	100	90
1000	642	102	90
1003	649	104	89
1003	655	107	88
1003	665	109	87
1004	673	111	86
1005	677	112	86
1010	682	111	87
1015	685	109	90
1019	692	109	91
1021	701	109	90
1023	706	111	89
1027	709	113	89
1029	714	114	91
1034	716	112	92
1036	720	109	92
1036	726	107	91
1039	731	103	90
1043	738	101	86
1045	742	98	83
1047	746	94	83
1055	752	91	83
1064	757	89	82
1065	759	88	80
1064	758	84	78
1064	754	79	77
1063	756	75	76
1055	749	68	79
1054	743	62	82
1043	748	58	81
1043	745	55	80
1037	740	53	80
1036	739	53	80
1033	736	53	79
1027	733	53	78
1018	733	55	76
1011	730	56	75
1002	730	58	74
995	729	59	72
988	729	61	70
983	729	62	67
977	727	64	64
971	728	67	62
963	728	70	60
955	730	73	58
948	729	78	56
942	729	83	56
937	722	87	57
932	718	90	60
925	716	95	63
919	712	100	67
915	713	105	70
910	720	111	69
907	724	115	69
909	723	116	69
914	715	115	72
908	714	116	75
908	717	117	75
917	716	113	77
922	717	108	80
926	721	103	81
929	724	102	80
931	724	103	80
934	723	104	82
946	724	101	85
949	725	100	88
950	731	100	86
954	737	101	83
958	741	102	81
963	741	102	83
970	741	102	85
976	746	104	84
984	751	105	82
994	752	106	84
1000	756	107	84
1010	762	106	83
1017	768	107	81
1027	768	106	82
1038	770	105	84
1044	771	104	83
1040	779	109	79
1051	782	108	79
1061	781	104	83
1067	783	103	84
1071	792	107	79
1079	798	109	75
1087	800	109	75
1097	799	110	77
1106	803	111	78
1117	809	113	75
1134	808	109	80
1148	807	105	83
1160	804	106	84
1166	810	108	83
1173	811	112	81
1184	819	113	80
1198	815	109	87
1206	820	108	89
1216	825	107	89
1225	830	107	88
1229	836	109	87
1236	836	109	88
1244	843	110	86
1249	844	112	84
1247	844	115	84
1242	846	118	83
1239	847	121	82
1238	849	124	83
1238	849	125	85
1244	847	125	85
1247	848	125	85
1252	850	125	87
1256	851	126	88
1257	853	129	83
1265	852	128	81
1268	851	127	85
1269	851	127	87
1268	852	129	87
1275	851	131	86
1274	851	133	86
1276	846	132	87
1281	840	129	87
1286	838	126	86
1291	840	122	89
1288	837	121	91
1293	835	119	91
1292	831	118	89
1287	829	116	87
1291	829	113	85
1289	830	113	85
1299	830	107	87
1304	828	106	84
1305	823	103	86
1307	814	99	92
1312	810	98	94
1318	809	98	94
1323	808	99	91
1327	806	98	91
1333	802	96	93
1334	796	93	94
1336	794	89	96
1337	787	83	101
1326	789	82	99
1319	783	85	96
1319	777	85	94
1319	773	85	94
1318	765	86	95
1325	769	85	94
1324	773	85	91
1334	776	85	88
1339	774	81	91
1345	773	79	90
1349	774	83	85
1349	776	86	80
1350	774	89	78
1352	769	90	78
1358	767	92	76
1366	767	95	74
1373	761	96	76
1378	760	98	79
1385	762	101	79
1391	767	104	77
1394	767	107	78
1402	766	109	80
1410	768	110	81
1418	769	110	81
1426	771	109	81
1433	773	110	80
1441	776	110	79
1448	780	110	78
1452	784	110	78
1455	786	111	78
1461	787	111	78
1468	788	114	77
1478	787	114	78
1484	784	113	79
1490	778	113	80
1499	766	113	82
1509	761	115	81
1518	760	119	81
1526	764	121	83
1539	765	123	85
1554	764	123	85
1569	765	122	83
1586	763	120	81
1600	762	118	80
1618	763	115	77
1635	762	113	75
1653	758	109	81
1667	759	111	81
1679	764	116	76
1694	764	119	71
1708	757	121	73
1719	755	126	72
1733	759	131	71
1751	760	131	72
1768	764	136	72
1779	768	138	74
1788	768	135	76
1794	764	129	78
1800	764	124	78
1798	766	123	76
1818	748	113	80
