548	719	50	43
547	718	50	43
547	718	50	44
543	718	49	44
543	718	49	45
542	718	49	46
539	717	49	47
538	717	48	48
537	715	48	49
537	715	47	50
535	713	47	50
532	710	45	50
532	710	45	50
529	709	45	51
527	706	46	51
525	706	46	51
523	705	46	52
520	704	46	52
517	703	46	52
513	700	47	52
509	699	46	52
506	698	47	52
500	697	47	52
495	694	47	52
489	692	47	52
483	690	47	52
478	688	46	52
469	686	48	52
463	684	48	51
457	683	48	50
450	680	48	50
444	678	48	50
439	677	48	51
433	675	49	51
426	675	50	51
418	673	52	51
412	670	53	50
408	670	53	50
404	669	54	50
399	666	55	49
396	665	57	48
392	663	58	48
389	662	59	48
386	661	61	49
384	659	62	49
381	658	63	48
379	657	63	49
378	655	63	48
374	654	63	47
373	652	62	47
370	651	60	46
369	652	58	45
367	651	55	46
367	650	51	47
369	649	48	48
368	643	45	49
374	645	43	50
373	639	43	50
381	642	43	50
388	645	44	51
389	647	44	52
391	644	45	52
392	644	42	56
400	647	44	54
403	648	46	54
411	652	50	52
417	656	55	49
422	653	59	49
424	650	61	50
426	651	62	50
428	650	62	52
432	649	62	54
437	644	63	55
443	644	64	56
447	643	64	57
454	634	64	59
457	632	64	62
460	628	64	65
464	623	64	69
466	618	64	74
470	616	63	78
472	614	63	81
475	611	62	84
477	607	61	88
480	602	60	92
483	595	58	96
486	589	57	98
485	581	58	98
488	578	58	98
490	573	59	96
501	569	59	96
504	565	60	97
508	563	61	98
511	559	61	98
515	558	61	100
518	549	63	98
520	548	64	97
523	542	65	94
525	541	70	89
527	541	74	86
528	541	77	85
529	541	78	84
530	540	80	83
530	539	81	83
532	539	82	82
533	537	83	81
533	537	83	80
531	537	83	78
533	531	82	75
541	533	82	74
539	534	79	72
542	534	76	70
547	533	73	69
552	531	71	67
557	529	69	63
563	528	68	60
569	526	67	56
574	524	65	53
576	521	63	51
580	519	60	51
583	519	58	50
585	518	58	49
585	516	55	49
586	514	52	49
587	511	49	49
588	509	46	48
590	505	43	49
590	501	41	49
591	495	39	49
592	489	38	50
593	484	36	49
594	479	35	49
595	473	35	50
598	466	35	50
599	454	35	50
599	443	35	49
601	435	34	48
602	431	34	47
604	422	34	46
604	417	34	45
604	409	33	44
603	404	33	44
603	397	32	44
605	391	32	43
601	388	32	43
599	384	33	43
594	377	34	42
591	374	34	42
586	370	35	42
583	368	36	42
578	366	38	40
570	363	39	39
562	361	39	39
558	359	40	38
550	358	40	38
544	357	42	38
538	357	44	37
531	356	46	37
523	353	47	37
517	353	48	37
510	353	49	38
501	351	50	38
494	351	51	39
486	351	54	38
478	352	56	37
468	355	59	37
462	357	62	37
456	359	64	37
449	363	66	36
441	366	68	36
435	369	70	37
429	372	70	37
423	376	72	37
417	380	73	37
411	384	74	37
406	388	74	38
399	392	76	38
393	396	77	38
390	399	78	38
385	402	80	38
382	403	81	38
380	404	81	37
376	404	81	37
373	404	80	36
369	403	80	36
368	401	79	35
367	400	79	35
363	396	79	35
360	393	79	35
357	390	78	35
355	387	78	36
352	384	78	36
352	381	78	36
348	378	78	36
346	376	77	36
344	373	77	36
342	371	77	36
340	370	77	36
341	368	77	36
338	366	77	36
335	364	77	36
335	363	77	37
333	362	77	36
331	361	77	36
330	360	77	36
327	359	78	36
325	358	78	36
321	357	79	36
319	356	79	35
317	355	78	35
314	354	78	35
311	354	78	36
309	354	77	36
305	355	77	36
303	356	77	37
300	356	77	37
298	358	76	37
295	360	77	37
293	363	77	38
292	365	77	38
292	367	78	38
293	371	78	38
291	375	79	39
291	380	80	39
291	384	81	39
289	389	82	40
289	394	83	40
288	399	83	40
288	404	84	41
288	409	84	41
288	414	85	42
289	419	85	42
289	423	84	43
290	428	84	44
291	431	83	44
292	434	83	45
294	436	82	45
297	438	81	45
300	439	80	46
302	439	80	46
304	437	80	46
305	437	81	46
306	437	82	46
308	436	82	48
310	435	82	49
312	434	82	49
315	434	82	49
328	431	75	52
337	429	71	54
338	427	67	55
347	428	62	56
349	429	59	57
351	424	57	57
357	425	54	56
357	427	52	56
358	427	51	54
362	428	49	54
364	428	47	53
366	428	44	52
368	429	43	51
371	428	41	50
374	428	40	48
375	427	38	47
377	428	38	45
377	426	37	43
377	427	37	42
377	427	37	41
377	428	36	41
375	426	36	41
374	426	36	41
374	426	35	40
370	427	39	37
367	428	42	34
364	430	45	33
361	431	47	32
357	432	49	32
354	434	51	31
351	435	52	31
348	437	53	31
345	439	55	31
341	441	56	31
339	443	57	31
336	445	58	31
333	446	59	32
330	447	60	32
327	448	61	32
324	450	62	33
322	451	63	33
319	452	64	34
316	453	65	34
313	454	66	34
310	455	66	35
309	456	66	35
307	456	67	34
305	456	68	34
303	456	68	35
301	455	68	35
300	455	67	35
300	453	66	35
298	453	65	35
296	451	65	35
295	451	64	34
295	450	64	34
295	449	63	35
294	448	63	34
292	447	63	33
291	446	61	32
293	445	60	32
293	443	59	31
294	441	55	33
296	439	52	33
296	437	50	33
296	434	48	33
295	433	44	35
297	431	41	37
299	430	39	37
299	429	37	37
300	427	36	37
302	426	35	37
302	425	35	36
303	424	34	36
304	423	33	35
304	422	33	35
305	421	33	35
306	420	32	34
308	419	32	34
310	418	31	34
311	417	31	34
312	416	30	34
313	415	30	34
314	413	29	34
316	412	29	35
316	412	28	34
317	409	28	34
318	409	27	34
318	409	27	33
319	407	27	33
320	405	27	33
320	406	27	32
321	406	27	32
320	405	27	31
321	403	27	31
321	403	27	31
321	401	27	32
321	401	27	33
322	399	27	33
322	399	27	33
322	398	28	34
322	397	28	34
321	395	28	35
320	395	28	35
320	393	28	35
319	393	28	36
318	390	29	36
318	390	29	36
317	388	29	37
318	386	29	38
318	384	29	38
318	383	30	39
317	382	30	39
317	380	30	40
317	380	31	40
317	376	31	41
317	375	32	42
315	373	32	43
316	371	32	44
316	368	33	44
316	367	33	44
315	366	33	44
315	364	32	44
314	364	31	44
314	363	31	44
315	359	31	44
315	358	31	44
314	357	31	43
314	357	31	43
314	357	31	42
313	356	31	42
312	355	31	42
311	354	31	42
311	352	31	43
310	351	32	43
309	351	32	43
309	349	32	44
307	348	32	44
306	347	33	44
305	345	33	45
305	343	34	46
304	342	35	47
303	340	35	47
302	338	36	48
301	336	36	49
299	333	38	49
299	331	38	49
298	330	38	50
297	328	39	50
296	326	40	50
294	324	42	50
293	323	43	50
292	321	44	50
292	319	45	50
293	318	45	50
291	316	47	50
292	315	47	49
292	314	48	49
291	313	48	49
291	311	49	49
291	311	49	49
290	309	50	49
289	310	51	49
288	309	52	49
286	308	53	49
287	308	55	49
286	308	56	50
284	307	57	50
283	306	58	51
282	307	59	51
282	307	60	51
280	307	61	51
279	307	63	51
279	307	64	50
279	308	65	50
279	308	65	50
279	308	66	50
280	309	66	50
281	309	66	50
281	310	67	50
281	312	67	50
282	312	67	51
282	313	68	50
282	313	68	50
282	313	69	50
281	314	70	50
281	313	71	50
281	314	71	51
280	314	72	51
280	314	73	50
279	314	74	50
279	314	74	51
279	314	75	50
279	314	75	50
280	313	75	50
280	314	76	49
280	315	76	48
280	315	76	48
281	315	76	48
282	315	76	48
281	316	76	48
281	316	76	47
283	317	76	47
283	317	76	47
284	317	76	47
285	318	76	47
287	319	75	47
288	319	76	45
289	321	77	45
288	321	78	43
291	322	78	42
294	323	78	42
295	323	76	42
294	323	77	41
294	324	78	41
293	324	79	41
293	325	80	41
297	326	79	41
298	326	79	41
297	326	79	41
298	326	79	41
298	326	79	41
297	326	80	41
295	327	82	41
294	327	83	42
294	328	84	42
291	328	86	42
292	328	87	42
291	329	88	42
292	330	88	42
291	330	88	42
291	330	88	43
290	330	88	43
290	331	89	43
290	332	90	43
291	331	89	43
289	332	90	44
291	332	90	44
289	332	91	44
291	333	91	44
288	333	91	44
288	334	91	44
288	334	91	44
289	333	91	44
290	334	90	44
291	334	90	44
293	335	89	43
293	335	88	43
295	335	87	42
297	336	85	42
298	337	84	41
300	336	82	41
301	337	81	40
304	337	80	40
305	336	78	39
306	336	77	38
308	336	76	38
310	336	74	37
310	337	72	36
313	337	71	36
315	338	69	35
319	340	67	35
320	341	66	35
325	342	61	37
329	342	58	38
331	341	56	40
333	341	54	41
335	341	53	41
338	342	49	44
339	342	46	46
341	342	45	48
342	342	44	49
343	342	42	51
345	342	41	52
345	342	41	53
346	342	40	54
347	343	40	54
347	344	39	53
349	344	38	53
351	347	37	53
353	347	36	53
356	347	34	54
356	348	33	54
357	349	32	55
357	350	31	56
357	351	31	56
357	350	31	57
358	351	30	58
359	351	30	58
359	351	30	59
359	351	30	59
359	352	30	60
359	353	30	60
359	353	30	60
359	354	31	60
359	355	31	61
359	356	31	61
359	359	32	61
360	358	32	61
361	359	32	62
360	361	33	63
360	364	33	63
359	365	33	63
359	365	33	63
359	369	31	64
360	371	30	64
360	369	29	64
360	373	29	63
360	377	28	62
360	377	28	62
360	379	28	61
359	380	28	61
359	381	29	61
359	382	29	61
359	382	30	62
358	381	31	62
358	382	32	63
357	383	32	64
357	383	32	65
356	383	33	66
356	384	34	68
356	383	34	69
355	384	35	69
355	385	35	70
355	388	35	70
355	389	35	71
354	389	35	72
354	389	36	72
353	391	37	73
352	391	36	74
351	392	36	74
351	393	36	74
351	396	37	74
349	399	37	72
350	400	38	72
350	402	39	71
350	407	42	68
349	409	45	66
349	413	47	64
348	416	49	63
349	420	56	59
346	425	61	56
344	428	66	54
343	432	70	52
340	434	74	50
339	437	79	48
338	437	80	48
338	440	84	46
340	441	86	45
338	442	89	45
340	443	90	44
338	443	92	44
340	444	93	44
342	445	95	44
339	444	98	44
340	445	100	45
340	445	103	45
339	446	106	45
339	446	109	46
342	447	112	46
341	446	114	47
343	447	116	48
341	447	119	48
339	447	122	48
338	448	125	48
337	450	128	48
336	451	132	48
336	452	134	48
335	452	136	48
335	453	137	48
334	453	138	49
332	455	139	49
329	455	140	50
328	455	142	50
326	457	142	50
325	458	143	50
325	460	143	50
325	460	144	50
326	461	144	50
324	462	145	51
324	463	146	51
325	465	146	50
324	466	146	51
324	468	145	51
325	468	145	52
322	469	145	52
322	469	144	54
320	471	143	54
322	473	143	56
324	474	141	58
333	476	136	59
340	477	131	60
341	479	126	60
353	481	117	64
358	481	110	68
360	480	105	69
363	481	101	69
366	481	99	70
366	482	97	70
367	484	96	70
366	486	96	71
365	488	97	71
364	489	96	73
364	492	96	75
363	492	96	77
364	494	96	78
362	497	97	77
372	498	95	79
370	501	95	80
370	503	95	81
367	507	96	80
366	510	97	81
363	512	98	82
374	513	95	84
377	516	92	87
376	517	91	89
379	517	88	93
383	519	85	96
383	520	84	98
384	522	83	100
384	525	84	101
385	528	84	101
384	532	86	100
388	537	85	100
391	542	84	100
396	549	82	99
399	555	80	97
399	561	79	96
399	565	79	95
398	569	79	95
396	571	79	96
395	577	79	97
392	584	81	95
390	590	83	96
389	595	85	96
388	599	85	97
386	603	87	98
385	607	88	99
381	613	90	99
381	619	90	99
378	624	91	100
377	630	91	99
376	632	91	100
372	638	91	99
370	642	91	98
369	647	92	96
367	652	92	94
366	658	92	92
365	663	93	91
361	669	93	91
359	675	93	90
357	679	92	90
356	683	91	89
354	685	91	89
354	689	91	88
351	694	90	87
351	697	90	86
350	702	90	85
348	704	89	84
345	709	88	82
343	713	85	81
343	719	83	79
341	725	81	76
340	731	79	74
340	737	78	71
338	740	76	68
336	743	74	67
336	750	72	64
335	754	71	61
334	759	69	59
334	762	68	57
334	766	67	56
334	768	66	54
332	771	66	53
333	774	66	52
333	776	66	51
332	777	65	50
332	779	64	50
330	781	62	50
330	783	61	50
330	783	59	51
328	783	56	52
327	783	53	53
326	783	50	54
327	783	48	54
328	781	46	54
329	781	45	55
330	782	44	55
331	781	43	56
333	780	43	57
332	780	42	58
332	779	42	59
332	780	42	60
332	779	42	60
333	779	42	61
333	779	42	61
333	779	42	62
335	778	42	62
336	778	42	62
336	777	42	62
337	777	43	62
337	778	43	63
337	776	44	63
337	777	44	64
338	776	45	64
338	775	45	66
339	772	45	69
339	770	45	71
338	767	46	73
338	765	46	74
339	763	47	75
339	762	47	76
340	761	48	76
340	757	48	77
342	753	48	78
345	752	49	79
345	752	49	81
346	747	49	83
348	743	50	83
349	743	49	83
349	740	50	81
349	741	50	79
350	744	50	79
351	743	50	79
350	745	50	78
349	745	50	80
348	745	51	80
348	745	51	82
347	746	52	83
346	746	53	83
345	746	54	84
344	746	55	85
344	746	55	85
343	746	55	85
343	747	55	86
343	747	56	87
343	748	56	88
343	749	56	89
342	750	57	91
340	749	58	93
339	746	59	95
338	745	59	94
339	745	58	95
339	743	58	94
339	741	59	91
340	741	59	89
342	741	58	88
343	742	58	85
342	742	58	82
343	743	57	80
343	741	56	80
341	740	57	79
337	739	59	77
334	737	64	72
330	735	68	68
326	736	72	65
322	736	75	62
318	736	77	59
313	735	80	56
310	735	82	54
305	735	84	52
301	734	85	52
299	733	86	50
296	732	87	50
293	731	89	49
290	731	89	49
287	730	89	49
286	730	88	48
284	729	88	48
279	729	88	48
274	729	88	47
272	730	88	47
270	730	88	47
267	730	88	47
264	730	89	47
260	731	90	47
258	732	91	48
256	732	91	48
252	732	92	48
248	732	93	48
246	731	92	49
241	732	94	49
238	732	94	50
236	733	94	51
233	733	94	51
229	731	94	51
226	731	94	50
225	731	94	51
222	731	94	51
221	730	94	52
217	731	94	51
216	732	94	50
217	731	89	54
215	730	85	56
212	727	81	58
211	727	79	60
210	725	77	60
212	721	69	67
214	719	64	71
215	716	60	74
216	714	57	78
217	714	54	80
218	711	52	82
217	711	51	83
216	712	50	83
216	711	49	83
218	709	49	83
217	709	49	84
217	708	49	83
218	708	49	84
218	704	48	85
218	702	48	87
217	702	49	88
216	699	49	88
216	696	49	89
216	698	49	89
217	697	48	89
218	694	48	90
217	694	48	88
218	694	49	88
219	691	48	88
218	691	48	88
219	691	48	89
220	690	48	89
220	691	48	89
219	689	48	88
219	689	48	89
219	689	48	89
219	689	49	88
219	690	50	88
219	689	51	89
218	688	53	87
217	686	54	85
215	684	57	81
215	682	59	76
215	685	59	74
215	685	59	71
215	685	59	69
215	685	59	67
215	686	58	65
216	687	58	64
214	689	62	60
212	691	65	58
210	692	66	57
209	692	68	57
208	693	70	57
208	692	70	56
206	693	71	56
206	693	72	56
203	694	73	56
204	694	73	55
202	695	74	55
202	694	74	54
199	693	74	55
199	692	74	56
200	692	74	56
198	692	75	57
197	691	74	57
197	691	73	57
197	691	74	56
197	690	74	56
195	690	74	56
194	689	73	57
192	689	73	56
193	688	72	57
191	683	66	63
192	682	61	66
193	682	57	69
192	680	54	72
192	679	52	74
192	680	50	76
192	679	48	78
191	679	47	80
191	677	46	81
191	677	45	82
193	677	45	82
193	677	45	84
193	677	45	85
193	678	45	86
193	676	46	88
194	674	46	89
194	673	47	90
193	673	48	91
193	674	49	91
193	671	48	92
193	669	49	92
192	669	49	91
193	670	48	91
193	670	48	92
192	669	51	91
192	669	54	90
191	669	56	90
192	667	58	90
192	664	60	89
191	665	61	90
191	665	63	90
190	665	64	92
190	665	67	92
188	664	70	91
188	665	73	90
186	664	76	90
186	665	78	89
186	665	80	89
185	666	81	90
185	664	83	90
184	664	85	90
183	663	86	91
182	664	88	92
181	664	89	92
180	664	91	93
179	665	92	93
178	665	93	93
176	666	95	94
174	670	96	94
174	671	98	95
173	672	99	96
172	673	101	97
171	674	103	96
171	676	104	95
171	678	105	94
169	679	107	94
168	679	109	94
165	681	111	93
165	682	112	94
166	683	113	94
167	685	114	94
169	685	114	93
171	686	114	93
173	687	114	92
175	687	114	92
176	688	114	91
175	690	114	91
177	691	116	90
179	692	116	89
180	692	118	89
182	693	119	88
184	694	119	87
185	695	120	87
184	695	121	86
183	695	122	86
182	696	122	87
182	696	123	87
182	696	124	87
185	698	125	87
188	698	126	87
187	698	127	87
189	698	129	87
188	698	130	87
191	699	129	89
194	699	129	91
197	698	128	92
196	697	128	94
199	695	129	94
199	693	130	94
200	692	130	94
200	690	132	93
202	689	132	91
203	688	132	91
204	689	132	90
204	689	132	89
204	688	133	88
203	687	134	86
204	688	133	85
207	688	132	84
210	688	130	83
212	689	129	82
212	690	129	81
215	691	128	80
216	691	131	77
212	692	134	75
213	693	135	73
218	693	134	72
222	692	133	71
225	693	130	70
228	694	128	69
227	695	126	69
229	695	125	68
232	695	122	68
235	696	120	68
229	695	121	67
231	696	121	67
230	697	123	66
229	697	124	66
225	698	126	66
229	698	125	66
229	698	125	66
231	699	124	66
233	699	123	65
238	698	120	66
243	698	118	64
247	698	115	63
251	699	112	63
256	699	109	62
259	699	107	61
259	700	104	61
262	700	102	60
265	700	99	60
268	701	97	59
271	702	93	59
275	703	90	59
280	704	87	61
284	706	84	62
291	707	77	66
298	708	71	71
305	709	65	75
310	711	61	79
312	712	58	81
314	716	56	83
315	718	54	85
317	721	53	87
316	724	52	89
316	726	52	91
317	729	52	94
316	733	52	95
317	729	49	101
317	733	47	104
317	735	47	106
317	741	47	108
316	746	47	110
316	749	48	111
317	752	48	113
315	754	49	113
314	757	50	113
314	759	50	113
314	761	50	112
315	761	51	112
314	764	51	112
313	766	51	111
312	767	52	110
312	767	52	110
311	767	52	110
312	768	52	111
310	769	52	112
309	770	52	112
309	770	52	112
308	773	53	112
307	778	53	111
306	780	53	111
304	781	53	111
304	786	53	111
303	788	53	111
301	789	53	110
301	789	53	110
299	792	53	110
298	794	53	110
297	794	53	111
296	795	53	111
294	796	53	112
294	798	53	112
293	797	53	113
292	799	53	113
291	802	54	113
290	804	54	112
290	804	54	112
289	807	55	111
288	811	55	112
288	816	56	112
289	826	57	108
288	830	58	106
285	832	59	105
281	832	59	107
279	834	59	110
277	838	60	110
274	840	61	112
272	844	64	113
268	846	66	113
264	853	70	113
260	855	73	113
257	857	76	115
251	865	82	115
245	868	86	117
239	870	90	118
232	873	94	118
227	878	98	117
221	886	102	115
213	892	106	112
208	899	110	109
204	903	113	107
202	906	116	107
198	910	120	106
194	914	123	106
191	918	127	106
187	922	131	104
184	921	133	104
178	923	136	104
174	926	139	103
171	930	141	102
162	934	145	101
154	941	150	99
148	947	152	97
144	952	155	96
139	958	156	94
136	964	156	92
132	969	156	90
127	974	156	89
119	980	157	88
115	982	157	88
113	986	155	87
109	988	152	86
107	989	148	86
102	992	146	83
103	995	142	82
102	998	138	81
101	1003	135	78
99	1004	133	76
99	1007	131	73
97	1010	130	71
91	1013	134	67
91	1016	136	63
88	1017	137	61
90	1018	138	59
88	1019	138	58
88	1020	138	57
89	1020	138	58
89	1019	139	58
83	1019	138	57
84	1019	138	56
83	1019	134	56
81	1019	132	56
80	1019	129	57
77	1018	126	57
74	1017	123	57
83	1017	123	56
80	1011	117	61
78	1004	110	65
78	994	97	75
83	988	88	81
81	983	79	86
84	980	72	91
85	976	68	95
86	973	64	99
88	969	62	101
91	966	61	103
94	964	60	106
95	961	60	107
96	958	60	108
97	957	60	109
98	954	61	111
98	952	61	112
98	951	61	114
98	948	62	116
98	946	62	117
99	944	63	119
100	941	63	121
99	938	64	122
100	936	65	124
100	933	66	125
101	931	68	127
101	926	69	129
100	923	71	131
100	920	71	133
101	917	72	135
101	916	72	136
100	914	73	139
102	909	73	139
105	908	73	140
106	904	74	141
109	901	74	138
113	896	71	137
116	895	70	132
118	895	68	128
119	894	68	125
121	892	68	124
122	890	69	124
122	891	70	123
124	889	72	123
126	888	74	122
126	889	76	122
128	886	78	121
129	886	81	121
130	885	84	121
130	885	86	121
131	884	89	122
130	884	91	122
131	885	93	122
131	884	94	121
132	885	95	121
133	883	96	121
133	883	98	122
134	883	98	122
134	883	104	120
133	883	108	119
132	883	112	119
132	882	115	119
131	880	119	119
133	878	122	119
134	876	125	120
135	873	129	120
137	870	133	120
138	867	136	121
140	866	137	122
141	863	140	122
143	863	141	122
145	860	142	123
147	859	142	124
150	855	142	122
150	853	142	120
151	852	142	120
153	850	140	120
154	849	139	120
153	849	140	120
153	848	140	121
154	846	141	121
154	843	140	120
156	841	139	120
159	838	137	120
163	838	135	120
168	836	132	120
173	833	131	120
176	831	129	121
178	830	127	123
179	828	126	124
180	823	124	127
182	819	125	126
185	815	125	127
189	812	123	128
194	811	121	129
196	807	120	129
195	800	120	126
196	799	121	122
197	796	119	118
197	795	120	115
196	796	120	113
197	794	119	110
198	794	120	107
196	795	119	105
195	794	118	105
196	793	117	104
195	793	117	103
194	794	117	103
193	794	116	102
192	794	117	102
188	793	118	101
184	793	119	100
182	792	120	100
180	792	121	99
177	791	122	98
176	790	123	98
174	790	124	97
172	789	124	97
169	789	124	96
170	788	123	96
171	787	122	96
175	784	120	96
176	783	119	95
174	782	118	95
169	781	119	95
167	781	119	95
166	780	118	96
166	779	118	96
163	779	118	96
157	777	120	95
153	777	120	95
150	777	120	95
145	776	120	95
139	775	121	95
131	774	124	95
125	774	126	96
118	774	129	96
112	775	131	97
109	775	132	98
104	775	133	99
102	775	134	99
99	775	134	101
95	776	134	102
93	776	135	102
91	778	134	102
85	777	136	103
82	778	137	103
78	779	137	104
73	778	139	105
68	778	139	105
66	779	139	106
63	779	139	105
61	779	139	105
61	779	138	105
61	782	136	105
60	783	136	104
56	784	135	104
56	784	134	102
55	784	133	100
55	784	130	98
54	784	128	96
54	783	126	93
50	782	125	90
54	780	122	87
60	780	118	84
66	780	113	82
72	782	109	80
75	783	106	78
80	784	99	81
82	784	95	83
86	785	90	86
88	786	87	89
90	786	85	92
91	789	83	97
93	792	83	101
94	791	84	103
94	793	84	107
92	795	83	110
90	797	83	113
88	800	83	116
85	801	84	118
84	806	86	119
80	808	87	122
78	809	89	124
75	812	91	127
71	817	95	128
67	825	99	126
62	833	103	124
56	840	107	123
51	847	111	122
45	856	114	121
41	864	119	120
34	873	123	117
31	879	127	116
26	882	130	118
19	889	132	118
16	893	134	119
13	900	135	119
8	904	138	120
4	911	140	119
1	918	140	119
2	922	141	117
0	929	140	115
0	934	138	114
-1	943	136	112
-3	952	133	110
-4	959	130	108
-3	966	127	105
-1	975	126	101
-2	983	124	97
2	992	128	90
-4	998	127	84
-5	1003	125	79
-5	1008	123	75
-5	1012	120	70
-4	1016	119	66
-4	1018	116	63
-4	1021	114	61
-4	1022	112	58
-6	1021	109	58
-4	1018	106	58
-4	1025	106	56
-3	1021	103	57
