0	259	238	273
9	250	247	279
13	243	260	286
26	246	286	283
30	249	313	279
29	253	337	279
28	258	361	278
44	267	401	273
28	265	445	268
44	264	480	263
59	270	513	267
71	270	530	272
87	269	547	277
73	276	579	281
73	276	610	287
95	277	643	288
111	272	659	298
132	262	663	313
151	257	670	325
165	258	686	337
199	252	696	347
217	251	705	358
241	244	716	362
262	240	726	365
300	245	738	362
327	241	742	363
358	234	742	366
376	229	740	369
410	227	735	374
444	216	731	379
402	216	738	378
499	207	737	383
536	204	731	387
567	203	731	386
617	201	724	390
683	201	709	393
721	191	701	397
746	188	705	397
777	187	709	401
801	181	710	406
812	168	714	412
812	154	724	416
836	143	717	433
839	135	736	434
852	126	747	440
859	119	765	440
859	106	779	445
874	99	796	448
925	80	801	450
896	77	820	451
894	68	830	456
896	60	843	460
890	52	868	462
898	38	883	467
900	37	904	466
909	28	904	473
912	20	913	476
924	14	915	481
931	12	920	480
947	4	923	484
958	8	921	484
969	7	915	483
988	6	907	480
989	1	903	474
996	-1	897	469
1022	0	892	465
1025	-2	887	459
1040	0	882	456
1040	1	879	454
1041	-2	877	448
1050	0	874	445
1058	0	874	443
1065	1	869	443
1058	0	868	439
1063	-1	865	437
1069	-4	859	434
1078	-5	852	432
1083	-4	848	430
1100	-8	841	428
1116	-3	832	426
1126	-8	822	424
1139	-8	810	420
1143	-5	804	420
1156	-3	793	419
1162	-4	785	416
1183	-2	770	412
1205	-41	765	406
1214	-22	753	401
1222	-11	748	399
1226	-5	736	396
1221	1	734	396
1234	3	726	393
1241	2	717	391
1242	4	712	388
1243	-2	709	386
1248	3	699	383
1260	4	694	381
1268	3	685	378
1277	4	678	376
1290	6	664	372
1309	-28	659	368
1319	-12	648	365
1325	-5	641	367
1341	-4	632	364
1362	-4	624	361
1373	-3	614	358
1382	-9	605	356
1391	-11	599	355
1409	-4	591	356
1430	-2	587	357
