887	301	249	101
882	299	242	105
885	297	236	109
886	296	233	111
885	295	231	113
883	295	230	113
885	293	229	115
882	294	229	115
883	293	229	115
880	292	228	115
882	291	227	115
880	291	227	115
880	291	227	115
879	290	226	115
880	290	225	116
881	289	224	115
879	288	224	115
879	288	223	114
881	287	222	115
879	286	221	115
880	285	220	115
878	284	221	115
878	283	220	115
878	281	221	115
875	281	221	114
874	279	221	114
874	278	220	113
874	276	220	113
874	275	219	113
874	274	217	112
872	274	216	112
875	275	215	112
874	275	213	111
873	274	212	111
875	274	211	110
873	274	211	110
871	273	211	110
870	272	211	109
869	273	210	108
868	274	210	108
867	272	210	108
867	270	209	108
867	270	207	108
867	270	204	110
870	268	201	111
871	266	197	112
870	266	196	112
871	264	194	113
869	263	193	113
871	261	192	113
869	259	190	112
870	256	190	112
869	255	189	112
868	253	189	111
867	252	189	111
866	250	190	111
865	248	190	111
862	246	190	111
862	244	190	110
861	244	190	109
858	242	192	109
856	241	191	109
856	239	192	109
851	239	192	108
850	238	193	108
847	238	192	108
845	237	193	108
843	236	193	108
841	236	193	107
840	235	193	106
838	235	192	106
838	234	190	106
837	233	189	106
836	233	187	106
834	233	186	105
834	232	185	104
833	231	184	104
833	231	182	104
830	230	182	103
829	230	182	102
828	229	182	102
826	229	182	101
826	228	181	102
826	227	181	101
824	226	181	102
820	225	181	101
821	225	182	102
817	225	182	101
816	224	182	101
815	224	181	101
814	223	182	101
813	223	182	100
812	223	182	100
808	222	181	100
810	222	181	99
808	222	181	99
805	222	180	99
805	222	180	99
801	222	181	99
801	221	181	98
799	221	182	97
800	220	181	97
799	220	179	97
797	220	179	97
796	220	178	97
795	221	179	97
794	221	178	97
794	221	177	98
793	220	177	98
792	220	177	98
790	220	177	98
787	220	179	98
787	220	180	98
786	220	182	98
785	220	182	99
785	220	182	99
785	220	182	99
784	219	182	99
783	219	183	100
780	219	184	99
779	220	185	100
778	219	186	100
777	220	187	100
775	220	188	100
774	219	189	100
773	219	189	100
773	219	189	100
772	219	190	99
772	219	189	100
772	220	189	100
773	220	188	101
773	221	187	102
773	221	186	102
773	221	186	102
774	222	185	102
774	221	184	102
774	221	184	102
772	221	185	102
776	222	183	102
776	222	182	101
778	223	181	100
780	223	179	99
785	224	175	99
787	224	172	98
789	225	170	97
789	225	168	97
791	225	167	96
792	225	165	95
792	225	165	94
793	225	164	94
793	226	163	93
793	227	163	92
793	228	163	92
793	228	163	91
792	229	163	91
793	229	163	92
794	230	162	92
794	230	162	92
796	231	161	92
796	231	160	93
797	231	160	93
796	232	160	93
798	232	161	92
798	233	160	92
798	233	160	92
797	234	160	92
797	234	161	92
796	234	161	93
797	234	161	94
796	234	160	94
796	235	161	94
796	236	161	94
795	237	161	94
795	237	160	94
795	237	160	94
794	239	160	94
796	239	160	95
795	240	160	95
793	241	161	95
793	242	161	96
792	242	160	96
789	243	162	96
787	244	163	96
786	244	164	96
786	245	165	96
784	246	165	96
786	246	165	96
783	247	166	96
784	247	166	96
783	248	166	96
783	250	165	96
782	252	165	96
784	252	166	96
784	254	166	96
785	255	165	95
787	255	164	96
786	256	164	96
788	257	163	96
780	256	166	96
784	258	166	96
786	260	165	97
774	251	170	95
777	256	171	96
777	260	172	96
778	263	171	97
779	263	170	98
781	264	169	98
775	263	171	99
780	265	170	99
775	265	171	99
779	266	171	99
773	266	172	99
777	268	172	99
771	268	174	100
774	270	173	100
769	268	174	102
772	271	174	102
774	272	173	103
775	273	171	103
775	274	170	104
769	272	172	105
773	272	172	106
775	273	171	106
770	272	172	107
774	270	172	108
769	270	173	109
773	267	169	114
774	265	166	117
773	264	165	120
773	264	164	121
773	265	162	122
776	265	162	123
779	267	162	123
781	269	162	122
782	270	163	121
776	265	162	124
780	265	162	123
780	267	162	123
779	268	162	122
781	267	161	122
776	264	160	124
780	264	158	124
781	265	156	124
783	266	156	123
776	255	152	124
782	258	148	125
787	261	146	125
777	261	143	125
780	260	139	126
785	250	136	123
786	255	132	121
788	256	128	121
789	257	125	121
780	254	121	121
787	255	117	121
791	256	114	119
795	256	113	116
789	254	114	114
795	254	112	112
799	255	111	108
802	259	109	105
805	260	107	102
807	262	106	101
802	263	107	100
806	265	106	98
809	267	105	97
805	265	105	98
810	269	105	97
806	267	107	98
811	269	108	98
814	272	110	96
810	271	111	97
814	272	113	96
809	270	113	98
806	267	115	100
812	269	117	99
809	268	119	99
807	267	120	100
806	268	121	101
805	268	122	103
814	271	125	102
810	272	127	103
808	273	130	103
805	285	131	107
799	285	131	111
812	287	136	112
808	287	138	115
802	287	139	119
809	290	139	121
802	289	138	123
806	291	137	123
805	293	136	123
806	294	135	123
809	295	135	123
812	298	135	121
813	302	134	119
815	305	133	118
817	310	132	115
806	296	129	118
810	299	128	118
815	302	130	117
809	301	130	117
816	304	133	116
823	309	137	113
817	310	139	113
836	320	153	103
829	325	161	98
832	329	166	95
828	330	170	93
832	333	171	92
828	332	173	92
833	333	176	91
833	334	177	91
827	333	178	91
832	334	182	91
832	335	182	91
832	335	184	91
832	336	184	91
832	336	184	91
835	336	184	91
837	334	185	92
840	334	186	92
831	331	189	92
836	333	189	93
839	334	188	93
832	331	192	94
834	332	191	95
835	332	189	95
839	333	187	95
839	335	191	92
829	334	190	93
833	334	189	95
836	335	189	95
831	333	187	96
833	334	184	96
837	334	184	96
839	334	182	96
841	334	181	95
834	334	179	97
841	334	179	96
842	334	179	95
834	333	179	96
842	333	181	94
834	332	182	95
828	332	179	96
827	331	178	97
824	330	175	98
823	328	174	98
821	327	170	98
833	328	170	98
830	328	170	97
830	328	168	97
829	327	168	97
810	315	155	102
807	303	142	108
816	308	133	108
824	310	127	108
828	313	124	107
822	312	119	106
827	311	115	104
831	310	111	103
832	311	108	102
833	310	105	100
834	311	103	99
835	311	101	97
838	310	99	97
840	309	97	97
841	306	96	97
843	300	94	101
846	292	92	104
847	288	90	105
848	288	89	104
849	289	89	102
851	289	88	100
852	291	88	98
854	292	89	95
854	291	89	92
853	292	91	89
852	293	92	86
851	294	94	84
851	295	96	81
852	296	98	79
850	298	99	78
851	298	101	77
851	300	102	76
852	301	103	76
851	302	107	72
852	303	108	73
853	304	109	70
855	305	110	68
855	305	111	67
858	306	110	66
860	305	110	65
864	305	109	64
866	303	107	63
867	303	108	62
868	303	107	61
868	302	108	60
871	302	108	58
872	301	108	57
874	301	107	55
877	301	105	54
880	301	104	54
881	302	104	53
883	302	103	53
885	303	102	52
886	304	101	51
895	299	99	50
908	300	91	54
911	300	86	57
913	301	83	58
917	296	80	59
918	299	79	59
909	301	82	55
910	302	83	53
913	302	84	52
915	360	89	47
916	364	91	44
916	367	92	44
916	368	93	43
918	369	93	43
920	369	92	44
921	369	93	44
923	370	92	44
925	370	91	45
920	371	94	46
930	372	92	46
924	372	94	47
920	373	97	47
923	373	99	48
918	374	101	49
920	369	103	49
921	371	103	50
918	374	105	51
916	376	107	52
915	376	108	54
920	370	109	54
916	373	112	55
914	376	113	57
915	377	114	58
915	366	112	64
919	369	114	63
916	372	116	64
916	373	116	65
917	375	117	65
914	365	115	68
912	364	112	72
920	367	110	74
925	369	112	73
869	342	102	79
870	338	95	85
872	336	91	87
873	336	88	89
874	337	86	89
876	337	85	89
879	340	84	89
880	343	84	87
882	346	84	86
885	352	85	86
923	301	91	75
925	306	93	66
925	309	93	60
924	313	92	54
922	317	92	50
921	322	91	48
920	326	90	46
919	329	89	44
919	332	87	42
919	334	86	42
918	338	84	41
918	339	81	41
919	342	79	41
921	343	77	41
920	345	76	42
919	345	76	42
920	346	75	42
919	348	74	43
918	349	74	43
919	350	72	43
920	351	69	43
921	351	67	43
920	352	65	43
918	353	64	43
917	354	63	43
915	354	63	43
914	355	63	43
912	355	63	43
911	355	64	43
909	354	65	44
907	354	67	42
906	354	67	41
908	354	65	41
909	355	63	41
911	352	60	42
912	353	57	42
911	355	55	43
911	352	54	42
907	354	53	42
904	355	53	41
906	356	52	41
907	357	49	42
908	358	48	42
904	355	47	41
905	357	46	40
905	357	45	40
901	354	45	38
900	355	45	36
900	356	44	35
895	356	44	34
891	357	45	31
891	357	46	29
890	357	46	27
886	357	46	25
884	358	46	24
882	358	46	23
880	358	46	22
878	358	46	22
876	358	45	21
875	358	45	21
873	359	43	20
872	359	43	20
870	360	43	20
869	360	43	20
868	359	43	19
866	359	43	19
863	359	42	19
862	359	42	19
861	360	41	19
860	359	41	19
859	359	40	20
857	359	40	20
856	358	39	20
855	357	39	20
853	357	39	20
852	358	39	20
851	357	39	21
849	357	39	21
847	357	39	21
846	357	39	21
846	356	38	21
844	356	38	21
843	356	37	21
841	355	38	22
839	355	38	21
838	355	38	21
836	355	37	21
833	355	38	21
832	354	38	21
831	353	38	22
829	353	37	22
828	353	36	22
826	352	36	22
823	351	37	22
822	351	37	22
820	350	37	22
819	349	38	22
815	349	37	22
814	349	37	22
812	349	37	22
809	350	37	22
809	350	37	22
807	349	37	22
805	349	36	22
804	348	36	22
803	348	36	23
800	348	34	24
799	347	33	25
797	347	32	26
796	347	32	26
795	347	31	27
793	347	30	28
792	347	30	29
791	346	30	29
789	348	31	29
788	346	31	30
785	345	30	30
784	344	30	30
783	343	31	30
781	344	31	30
779	342	31	30
778	341	31	31
776	340	32	31
774	339	32	32
773	338	32	32
771	338	32	31
769	336	32	32
766	336	32	32
765	335	32	32
765	334	32	32
763	334	32	31
761	334	32	31
759	333	33	31
758	332	33	31
756	332	33	31
753	332	34	30
752	332	34	29
750	331	34	29
748	331	34	28
746	330	34	28
745	330	35	28
743	330	36	28
741	330	35	27
738	330	36	27
737	329	36	27
736	328	36	26
732	328	36	26
730	327	36	26
728	325	36	26
726	324	37	26
723	324	37	26
720	324	38	27
718	323	38	27
715	323	37	27
712	323	38	27
711	323	38	27
709	323	38	27
707	323	38	27
706	324	38	27
705	324	37	27
703	324	38	27
700	325	37	27
698	326	37	28
697	326	36	27
695	326	36	27
692	328	36	28
690	330	36	28
688	330	35	28
687	330	35	28
685	330	35	28
683	331	35	28
682	331	35	29
680	331	35	29
677	331	35	29
675	331	35	29
672	331	35	29
670	332	36	28
669	332	36	28
667	332	38	28
663	333	37	28
661	334	37	27
659	334	37	28
656	334	36	28
654	335	36	28
652	335	36	28
648	336	36	27
645	336	36	27
643	337	36	27
641	337	38	27
637	338	37	27
635	338	37	28
631	340	37	28
629	341	37	27
626	342	37	27
622	345	38	26
619	345	37	27
617	346	37	27
614	348	38	25
610	349	39	24
607	350	39	24
604	351	39	23
600	351	39	22
596	352	39	22
593	353	39	22
589	354	38	21
585	354	38	21
581	356	38	21
578	356	39	21
575	356	38	21
572	357	38	20
567	358	39	20
562	359	39	20
556	361	41	20
551	362	41	20
548	363	42	20
545	363	42	20
540	364	42	20
536	365	42	20
533	366	42	19
526	367	43	19
523	368	43	20
521	367	43	20
514	367	43	21
513	367	44	21
506	367	44	22
500	367	45	23
496	362	46	24
492	362	47	24
490	357	48	25
488	362	49	25
482	371	50	26
481	370	51	26
475	371	53	27
475	371	54	28
475	364	54	29
472	358	55	30
467	358	57	30
466	362	58	32
464	361	59	33
459	361	60	34
459	361	60	37
458	361	60	39
459	361	62	39
451	361	64	39
455	365	63	42
450	364	63	44
451	364	63	46
441	365	65	47
443	365	66	49
434	365	68	51
431	366	70	52
429	366	72	53
426	366	74	55
424	366	75	56
410	389	77	58
409	379	78	59
408	377	81	61
406	375	82	62
407	373	83	63
402	373	83	63
398	381	84	65
395	379	85	66
391	377	85	67
389	377	87	69
386	376	87	70
382	382	88	72
378	381	88	74
375	379	89	75
371	378	91	76
367	377	92	77
362	385	93	79
362	376	94	80
356	377	94	81
349	378	96	82
350	378	95	83
349	378	95	84
341	378	96	84
336	379	96	85
334	373	97	84
331	377	97	85
324	379	98	86
317	379	99	87
318	373	100	87
310	376	101	87
310	377	101	88
304	377	101	89
303	370	102	88
300	373	102	88
293	374	103	89
288	375	104	89
286	374	104	90
279	374	105	90
280	374	105	91
277	367	106	91
270	368	106	92
257	293	106	93
257	293	106	94
186	263	108	94
179	262	109	94
183	261	108	94
175	260	109	95
168	259	110	95
161	256	110	95
166	254	111	95
161	254	112	95
156	253	112	96
152	252	115	96
145	250	115	96
147	250	115	97
138	250	115	98
142	248	117	99
135	246	118	100
127	245	119	101
129	245	121	101
121	244	122	102
116	242	125	103
120	241	127	103
111	241	128	103
105	240	129	104
99	238	130	105
93	236	129	107
88	236	130	107
95	233	129	109
