0.00253
0.03328
0.03026
0.02919
0.02893
0.02887
0.0292
0.02954
0.03002
0.02701
0.02687
0.02663
0.02708
0.02696
0.02682
0.0268
0.02736
0.02714
0.02702
0.02741
0.02733
0.02799
0.0278
0.02738
0.02641
0.02575
0.02553
0.02547
0.02524
0.02519
0.02601
0.02547
0.02658
0.02628
0.02613
0.0264
0.0264
0.02736
0.0277
0.02686
0.02702
0.02688
0.02727
0.02738
0.0281
0.02627
0.02584
0.02595
0.02595
0.02585
0.02627
0.02656
0.02638
0.02688
0.0268
0.02691
0.02755
0.02881
0.02649
0.02675
0.02627
0.02615
0.02858
0.02622
0.02586
0.02622
0.02637
0.02821
0.02704
0.03221
0.02839
0.02843
0.0286
0.02885
0.03067
0.02941
0.0292
0.02889
0.02801
0.02851
0.02926
0.02989
0.02835
0.02796
0.02868
0.02887
0.02923
0.02959
0.02983
0.02962
0.02942
0.02901
0.03016
0.02929
0.029
0.02912
0.02941
0.03002
0.0281
0.02858
0.02919
0.02989
0.03012
0.03176
0.03263
0.03366
0.03286
0.03222
0.03333
0.03199
0.0338
0.03403
0.03744
0.03546
0.03127
0.03273
0.0297
0.02624
0.02698
0.02795
0.02688
0.02673
0.02709
0.02646
0.02833
0.02644
0.02997
0.02676
0.02601
0.02621
0.02552
0.02648
0.0272
0.02653
0.0281
0.02788
0.03032
0.02739
0.03263
0.02842
0.02841
0.02867
0.02925
0.03176
0.0295
0.02919
0.02966
0.02953
0.0296
0.03014
0.02956
0.02972
0.02997
0.02972
0.03111
0.0273
0.03047
0.02955
0.02888
0.0351
0.03227
0.03779
0.03271
0.03329
0.03246
0.03269
0.0306
0.03155
0.0319
0.03189
0.03221
0.03289
0.03298
0.03485
0.03433
0.03398
0.03535
0.03429
0.03437
0.03383
0.03744
0.03572
0.03749
0.03348
0.03399
0.03254
0.03687
0.03392
0.03573
0.03419
0.03505
0.03499
0.03982
0.03592
0.03498
0.03522
0.03531
0.03491
0.03522
0.03444
0.0335
0.03336
0.03609
0.03519
0.03292
0.03327
0.03347
0.03221
0.03626
0.03809
0.03653
0.03548
0.03361
0.03716
0.03378
0.03195
0.03408
0.03516
0.03672
0.03584
0.03544
0.03534
0.03559
0.03411
0.02766
0.02728
0.0259
0.02442
0.02399
0.02334
0.02297
0.02352
0.0235
0.02351
0.02342
