0.00108
0.02358
0.02219
0.02171
0.02068
0.01848
0.0182
0.01813
0.01808
0.01807
0.01837
0.01823
0.01953
0.0186
0.01845
0.01864
0.01849
0.01877
0.01845
0.01878
0.01839
0.01881
0.01846
0.01854
0.01843
0.0189
0.01854
0.01894
0.01893
0.01905
0.01897
0.01888
0.01838
0.01859
0.01862
0.01849
0.01849
0.0185
0.01837
0.01863
0.01847
0.01855
0.02035
0.01856
0.01889
0.0201
0.01865
0.01892
0.01936
0.01911
0.01924
0.01947
0.01908
0.01853
0.01889
0.01863
0.01917
0.01874
0.01875
0.01875
0.01874
0.02119
0.01908
0.01911
0.01881
0.01909
0.01868
0.019
0.01886
0.01893
0.01892
0.01908
0.01887
0.01903
0.0192
0.01908
0.01925
0.02083
0.01925
0.01881
0.01925
0.01904
0.01945
0.01897
0.01939
0.01928
0.01925
0.01956
0.01947
0.0202
0.01966
0.02021
0.02053
0.02389
0.02267
0.02242
0.02168
0.02083
0.02167
0.02229
0.02214
0.02381
0.0234
0.02197
0.0218
0.0216
0.02203
0.02222
0.02264
0.02233
0.02334
0.02308
0.02246
0.02275
0.02266
0.02236
0.02233
0.02255
0.02261
0.02303
0.02423
0.02318
0.02274
0.02276
0.02296
0.02276
0.02019
0.02094
0.01865
0.01912
0.01929
0.01925
0.01957
0.01926
0.01942
0.01966
0.0196
0.0196
0.01995
0.01901
0.01913
0.01953
0.01905
0.01979
0.01932
0.02034
0.02056
0.02201
0.02051
0.02133
0.02032
0.02077
0.02025
0.02051
0.02042
0.02073
0.02384
0.02114
0.02107
0.01988
0.02044
0.0207
0.02206
0.02177
0.0226
0.02163
0.02222
0.02212
0.0215
0.02175
0.02195
0.02134
0.02239
0.02146
0.02093
0.0212
0.02124
0.02116
0.02173
0.02283
0.02141
0.02093
0.0212
0.02088
0.02105
0.02103
0.02105
0.02166
0.02071
0.02082
0.02085
0.01915
0.01945
0.01908
0.01959
0.02041
0.01953
0.01936
0.01891
0.01915
0.01869
0.02208
0.02241
0.01924
0.01938
0.02
0.01928
0.01984
0.01941
0.01995
0.0196
0.01949
0.02005
0.01964
0.02025
0.01996
0.01991
0.01999
0.01952
0.01964
0.02051
0.01987
0.02004
0.01977
0.01974
0.0198
0.01984
0.01907
0.01878
0.01848
0.01785
0.01803
0.01814
0.01814
0.01829
0.01848
0.01845
0.01916
0.01869
0.01856
0.01893
0.01865
0.01857
0.01826
0.01818
0.01791
0.0179
0.01825
0.01761
0.0179
0.01758
0.01785
0.01752
0.01783
0.01774
0.01779
0.01781
0.02232
0.01958
0.01873
0.01768
0.01747
0.01727
0.01735
0.01708
0.01727
0.01707
0.01729
0.01703
0.01754
0.01726
0.01767
0.01735
0.01846
0.01755
0.01811
0.01929
0.02005
0.02129
0.01952
0.01896
0.01925
0.01896
0.01921
0.0189
0.01921
0.01884
0.01888
0.01867
0.02016
0.01917
0.0187
0.01896
0.01857
0.01903
0.01848
0.01889
0.0185
0.01832
0.01867
0.01875
0.02304
0.02011
0.01859
0.0191
0.01958
0.01881
0.01852
0.01884
0.01852
0.01874
0.01876
0.0188
0.01872
0.01864
0.01852
0.01868
0.01833
0.01854
0.01838
0.01844
0.01885
0.01851
0.01861
0.01876
0.01888
0.01851
0.01837
0.01841
0.01858
0.01832
0.01883
0.01848
0.01868
0.019
0.01877
0.01849
0.01987
0.01881
0.01893
0.01843
0.01879
0.0184
0.01879
0.01857
0.01862
0.01823
0.01842
0.01807
0.01844
0.01812
0.01891
0.01836
0.01869
0.01846
0.01815
0.01836
0.01843
0.01849
0.01869
0.01873
0.01818
0.01855
