0.00278
0.03342
0.03205
0.02929
0.02841
0.02843
0.02857
0.02831
0.02838
0.02903
0.02819
0.02828
0.0286
0.02828
0.02831
0.02822
0.02805
0.02824
0.02895
0.02879
0.02854
0.02846
0.02816
0.02777
0.02979
0.02822
0.02779
0.028
0.02787
0.0292
0.02945
0.03131
0.03063
0.02761
0.02755
0.02759
0.02768
0.02785
0.02803
0.02772
0.02986
0.02756
0.02997
0.02773
0.02665
0.02715
0.02702
0.02674
0.02685
0.02676
0.02673
0.02649
0.027
0.02646
0.03134
0.02674
0.02637
0.02671
0.02669
0.02896
0.02673
0.02678
0.02712
0.02723
0.02765
0.02794
0.02815
0.02777
0.02803
0.02783
0.02871
0.02874
0.02855
0.0292
0.0302
0.03029
0.03006
0.03117
0.03046
0.03049
0.03083
0.03169
0.03201
0.03187
0.0319
0.03133
0.0329
0.03194
0.03424
0.03247
0.03352
0.03354
0.0339
0.03378
0.0348
0.03492
0.03568
0.03618
0.03978
0.03572
0.03569
0.03631
0.0385
0.03563
0.03505
0.03511
0.03556
0.03539
0.04095
0.03615
0.03645
0.03649
0.03782
0.0359
0.03715
0.03719
0.0387
0.03695
0.03784
0.03723
0.03724
0.04087
0.04175
0.04168
0.04168
0.04394
0.04472
0.04622
0.04306
0.04349
0.04358
0.0433
0.0442
0.044
0.04502
0.04436
0.04486
0.04447
0.04436
0.04576
0.04472
0.04518
0.04581
0.04719
0.04813
0.04549
0.04405
0.04438
0.04426
0.04422
0.04436
0.04712
0.04941
0.04561
0.04595
0.04614
0.04612
0.04582
0.04206
0.04359
0.03932
0.03882
0.03828
0.03796
0.03806
0.03785
0.03781
0.03787
0.03804
0.0377
0.04289
0.03779
0.03702
0.03705
0.03917
0.03756
0.03709
0.03693
0.03845
0.03764
0.03736
0.03643
0.03563
