0.00152
0.02605
0.02459
0.02412
0.02385
0.02371
0.02365
0.02377
0.02392
0.02382
0.02352
0.02384
0.02378
0.0239
0.02388
0.02412
0.02375
0.02372
0.02367
0.02372
0.02358
0.02352
0.02401
0.02397
0.02397
0.02366
0.02366
0.02374
0.02381
0.02383
0.02407
0.02386
0.02364
0.02362
0.0236
0.02362
0.02361
0.02354
0.02355
0.02366
0.02345
0.02369
0.02397
0.0241
0.02384
0.02371
0.02354
0.02386
0.02382
0.02389
0.02364
0.02391
0.02387
0.02396
0.02377
0.02393
0.02391
0.02392
0.02375
0.02398
0.02367
0.02418
0.02419
0.0241
0.0243
0.0242
0.02434
0.0239
0.02409
0.02398
0.02348
0.02363
0.02359
0.02392
0.02382
0.02353
0.02354
0.0234
0.02362
0.02362
0.02367
0.02361
0.02368
0.02405
0.0237
0.02399
0.02363
0.02362
0.02366
0.02358
0.02365
0.02364
0.02371
0.02452
0.02392
0.02377
0.02385
0.02406
0.02389
0.02376
0.02358
0.02426
0.02356
0.02345
0.02333
0.02356
0.0233
0.02334
0.02336
0.02434
0.02365
0.0237
0.02363
0.02371
0.02359
0.02495
0.02339
0.02339
0.02347
0.02401
0.0237
0.02341
0.02366
0.02381
0.02368
0.02364
0.02368
0.02368
0.02375
0.02364
0.0237
0.0237
0.02377
0.02364
0.02361
0.02355
0.02367
0.02371
0.02358
0.02379
0.02349
0.0235
0.02369
0.02355
0.02348
0.02349
0.02347
0.02331
0.02355
0.02326
0.02329
0.02321
0.02404
0.0235
0.02362
0.02358
0.02392
0.0235
0.02345
0.02331
0.02325
0.02318
0.02361
0.02321
0.02317
0.02309
0.02326
0.02347
0.02338
0.02298
0.02306
0.02277
0.0227
0.02273
0.02289
0.023
0.02336
0.02308
0.02257
0.02306
0.02298
0.02278
0.02271
0.02274
0.02275
0.02297
0.02333
0.02452
0.02271
0.02275
0.0229
0.02283
0.02281
0.02327
0.02279
0.02293
0.02272
0.02306
0.02279
0.0231
0.02267
0.02343
0.02306
0.02309
0.02299
0.02324
0.02336
0.02283
0.02319
0.02278
0.02316
0.02366
0.02417
0.02334
0.02346
0.02354
0.0235
0.02361
0.02349
0.02333
0.02332
0.02343
0.02325
0.02394
0.02377
0.02346
0.02333
0.02345
0.02344
0.02341
0.02348
0.02337
0.02355
0.02392
0.02469
0.0249
0.02427
0.02462
0.02356
0.02422
0.02488
0.02396
0.02382
0.02377
0.02434
0.02382
0.02319
0.02384
0.02386
0.02397
0.02334
0.02512
0.02424
0.02409
0.02414
0.0239
0.02382
0.02387
0.02434
0.02432
0.02428
0.02459
0.02432
0.02439
0.02448
0.0247
0.02493
0.02524
0.02495
0.02553
0.02529
0.02534
0.02533
0.02562
0.02552
0.02568
0.02491
0.0258
0.02429
0.0258
0.02437
0.02428
0.02484
0.02468
0.0248
0.0249
0.02487
0.02466
0.02471
0.02415
0.02525
0.02514
0.02481
0.02477
0.02469
0.02497
0.0245
0.02497
0.0249
0.02493
0.02486
0.02672
0.02367
0.02357
0.02347
0.02668
0.02637
0.0241
0.0246
0.02354
0.02366
0.02396
0.02323
0.02336
0.02285
0.02276
0.02279
0.02276
0.02305
0.02284
0.02286
0.02302
0.02308
0.02316
0.02327
0.02334
0.02359
0.02393
0.02333
0.02377
0.02403
0.02388
0.02427
0.02405
0.02397
0.02402
0.02354
0.02355
0.02354
0.02389
0.02367
0.02368
0.0236
0.02367
0.02373
0.02383
0.02362
0.02357
0.02356
0.02374
0.02353
0.02378
0.02402
0.02364
0.02352
0.02394
0.02394
0.02374
0.02414
0.02363
0.02375
0.0236
0.02343
0.02346
0.02338
0.02334
0.02325
0.02332
0.02317
0.02367
0.02327
0.02331
0.0235
0.02334
0.02308
0.02323
0.02315
0.02331
0.02322
0.02317
0.02319
0.02319
0.02318
0.02323
0.02315
0.02316
0.02308
0.02305
0.02303
0.02326
0.0231
0.02312
0.02304
0.02302
0.02309
0.02319
0.02325
0.02343
0.02311
0.023
0.02309
0.02411
0.02322
0.02272
0.02277
0.02318
0.0231
0.02317
0.02312
0.02289
0.02303
0.02283
0.02348
0.02289
0.02262
0.02287
0.02289
0.02262
0.02264
0.02262
0.02257
0.02383
0.02279
0.02405
0.02297
0.02246
0.02219
0.02342
0.02298
0.023
0.02282
0.02299
0.02306
0.02338
0.0252
0.0229
0.02333
0.02312
0.02297
0.02243
0.0235
0.02328
0.02298
0.02305
0.02303
0.02356
0.02265
0.02293
0.02257
0.02304
0.02266
0.02253
0.02248
0.0224
0.02257
0.02269
0.02279
0.02231
0.02345
0.02302
0.02307
0.02261
0.02265
0.02317
0.02262
0.02267
0.02232
0.02287
0.02248
0.02278
0.02215
0.02203
0.02184
0.02172
0.02152
0.02175
0.02187
0.02166
0.02176
0.02213
0.02162
0.02235
0.02223
0.02222
0.02215
0.02221
0.02207
0.02207
0.02198
0.02207
0.0221
0.02178
0.02208
0.02217
0.0215
0.02174
0.02144
0.02224
0.02157
0.02205
0.02181
0.02309
0.02155
0.02187
0.02136
0.02166
0.02126
0.02145
0.02127
0.02143
0.02152
0.02163
0.02154
0.02191
0.02197
0.02189
0.02251
0.02169
0.02171
0.02162
0.02165
0.02157
0.02162
0.02149
0.02142
0.02146
0.02153
0.02147
0.02158
0.02167
0.02176
0.02262
0.02228
0.02255
0.02226
0.02225
0.02213
0.02276
0.02185
0.02244
0.02154
0.02178
0.02172
0.02182
0.02172
0.02222
0.02214
0.02218
0.02248
0.02231
0.02211
0.022
0.02261
0.02282
0.02339
0.02291
0.02258
0.02271
0.02388
0.02329
0.02247
0.02288
0.02317
0.0232
0.02319
0.02323
0.02361
0.02385
0.02308
0.02337
0.02332
0.02324
0.02318
0.02317
0.02378
0.02381
0.0241
0.02335
0.02327
0.0233
0.02329
0.02367
0.024
0.02374
0.02315
0.02356
0.02362
0.02323
0.02329
0.0233
0.02395
0.02392
0.02344
0.02501
0.02356
0.02338
0.02329
0.02331
0.02314
0.0233
0.02313
0.02352
0.02361
0.02285
0.02294
0.02327
0.0227
0.02446
0.02293
0.02317
0.0232
0.02321
0.02327
0.02329
0.02324
0.02322
0.02306
0.02337
0.02335
0.02328
0.02294
0.02307
0.02287
0.02261
0.02284
0.02293
0.02331
0.0242
0.02324
0.02314
0.02399
0.02405
0.02294
0.02278
0.02272
0.02285
0.02268
0.02294
0.02268
0.02275
0.0229
0.02294
0.02363
0.02372
0.02275
0.02311
0.02283
0.02319
0.02408
0.02286
0.02311
0.02318
0.02335
0.02336
0.02323
0.0232
0.02336
0.02312
0.02354
0.0237
0.02354
0.02294
0.02284
0.02291
0.02304
0.0224
0.0223
0.02261
0.02228
0.02188
0.02201
0.02172
0.0219
0.02186
0.02146
0.02194
0.0221
0.02141
0.02179
0.02157
0.02155
0.02201
0.02174
0.02163
0.02192
0.02153
0.02179
0.02141
0.02141
0.02178
0.02139
0.02187
0.02154
0.02155
0.02188
0.02217
0.02194
0.02193
0.02189
0.022
0.02188
0.02287
0.02184
0.02164
0.02191
0.02184
0.02188
0.02312
0.02158
0.02173
0.02167
0.02176
0.02155
0.02153
0.02237
0.02208
0.02206
0.02205
0.02206
0.0222
0.02211
0.02209
0.02208
0.02212
0.02313
0.02221
0.02231
0.02237
0.02236
0.02294
0.02273
0.02259
0.0226
0.02267
0.02318
0.02259
0.023
0.02297
0.02309
0.023
0.02342
0.02161
0.0213
0.02115
0.02107
0.02133
0.02046
0.0207
0.02038
0.0204
0.02049
0.0204
0.02041
