0.00062
0.02341
0.02206
0.0188
0.01853
0.01794
0.0175
0.01751
0.01814
0.01772
0.01774
0.0179
0.01817
0.01811
0.0177
0.0193
0.0179
0.01716
0.01693
0.01731
0.01709
0.01688
0.01731
0.01728
0.01713
0.0172
0.01754
0.01795
0.01707
0.01738
0.0183
0.017
0.01724
0.01736
0.01708
0.0176
0.01733
0.01711
0.01726
0.01735
0.01707
0.01724
0.0174
0.01713
0.01758
0.01784
0.01738
0.01728
0.01782
0.01723
0.01755
0.01798
0.01758
0.01761
0.01804
0.01689
0.01681
0.01804
0.0177
0.01834
0.01847
0.01831
0.01744
0.01717
0.01709
0.01743
0.01722
0.01701
0.01751
0.01793
0.01764
0.0177
0.01755
0.01738
0.01806
0.01771
0.01751
0.01777
0.01785
0.01748
0.01763
0.01772
0.01765
0.01752
0.01784
0.01772
0.01784
0.01862
0.01873
0.01803
0.0181
0.01795
0.01746
0.01767
0.01856
0.01769
0.01757
0.01784
0.01779
0.01745
0.0179
0.02068
0.02013
0.01826
0.01769
0.01769
0.01799
0.01809
0.01753
0.01804
0.01806
0.01805
0.01798
0.01851
0.018
0.01778
0.0179
0.01859
0.01751
0.01789
0.01845
0.01772
0.01769
0.01784
0.01828
0.01795
0.01779
0.01818
0.01806
0.01798
0.01789
0.01905
0.01818
0.01745
0.01778
0.01812
0.01778
0.01765
0.01808
0.018
0.01775
0.01791
0.01821
0.0177
0.01759
0.0189
0.01807
0.01783
0.01779
0.01809
0.01786
0.01776
0.0179
0.01834
0.01778
0.01779
0.01799
0.01786
0.01766
0.01822
0.01855
0.01777
0.01769
0.01799
0.0178
0.01764
0.01818
0.01788
0.01805
0.01809
0.0183
0.01802
0.01798
0.01805
0.01917
0.01796
0.01773
0.01801
0.01783
0.01788
0.01824
0.01821
0.01799
0.0179
0.01821
0.01807
0.01864
0.01742
0.01957
0.01788
0.01794
0.01768
0.01825
0.01787
0.01784
0.01808
0.01831
0.01807
0.01788
0.01813
0.01832
0.0186
0.01843
0.01831
0.01823
0.01852
0.01817
0.0183
0.01863
0.01837
0.01796
0.01777
0.01826
0.01881
0.01833
0.01841
0.01844
0.01866
0.01824
0.01812
0.01752
0.01777
0.01848
0.0177
0.01792
0.01837
0.01814
0.01803
0.01783
0.01851
0.01852
0.01835
