0.00093
0.02295
0.02117
0.02107
0.0182
0.01774
0.01765
0.01742
0.01733
0.01824
0.01809
0.01816
0.01834
0.01814
0.01827
0.01806
0.01806
0.01778
0.01808
0.0178
0.01752
0.01756
0.01788
0.01752
0.0178
0.01758
0.01787
0.01835
0.01954
0.01784
0.01791
0.01764
0.01801
0.01781
0.01837
0.01845
0.0182
0.01866
0.01822
0.01808
0.01899
0.01901
0.01864
0.02077
0.01878
0.01882
0.01894
0.01853
0.01897
0.01916
0.01819
0.01866
0.01846
0.0185
0.01856
0.01891
0.01849
0.01984
0.02119
0.01873
0.01926
0.01876
0.01877
0.01929
0.01895
0.0189
0.01903
0.01895
0.0191
0.01917
0.01931
0.01893
0.01949
0.01948
0.01903
0.01952
0.01902
0.01858
0.01928
0.01944
0.01907
0.01939
0.01928
0.01899
0.01936
0.01937
0.0191
0.02023
0.0194
0.01926
0.01951
0.01964
0.01935
0.01961
0.01965
0.01954
0.01966
0.01978
0.01943
0.01941
0.02019
0.024
0.02123
0.0205
0.02029
0.01987
0.01831
0.01823
0.01837
0.01852
0.01858
0.01805
0.01811
0.01842
0.01848
0.0181
0.01802
0.01767
0.01815
0.01806
0.01744
0.01777
0.01831
0.01794
0.01755
0.01763
0.01776
0.01757
0.01804
0.01768
0.01777
0.01871
0.01763
0.01791
0.01766
0.0177
0.01792
0.01846
0.01833
0.01817
0.01818
0.01848
0.01807
0.01865
0.01838
0.01815
0.01972
0.01833
0.01821
0.0186
0.01821
0.01835
0.01861
0.01845
0.01855
0.01858
0.01811
0.01865
0.01831
0.01843
0.01861
0.0194
0.0183
0.01836
0.01813
0.01839
0.01837
0.01836
0.01835
0.01886
0.01883
0.01905
0.01954
0.01902
0.01897
0.01915
0.01892
0.01831
0.01864
0.01854
0.01829
0.01797
0.01814
0.01846
0.01815
0.01815
0.0181
0.01833
0.01886
0.01884
0.01839
0.01867
0.01837
0.01843
0.01881
0.01829
0.01858
0.01853
0.01847
0.01878
0.01839
0.01933
0.01988
0.01902
0.01852
0.01877
0.01936
0.01809
0.0185
0.01828
0.018
0.01848
0.01797
0.01844
0.01835
0.01794
0.01804
0.01816
0.01793
0.01804
0.01775
0.01807
0.01778
0.0175
0.01791
0.01759
0.01783
0.01853
0.01787
0.0186
0.01814
0.01826
0.01847
0.01821
0.01823
0.0182
0.01944
0.01847
0.01834
0.01824
0.01863
0.0184
0.01834
0.01851
0.01807
0.01845
0.01823
0.01826
0.01913
0.01814
0.01844
0.01911
0.01807
0.01847
0.01848
0.01847
0.01866
0.01898
0.01838
0.01883
0.01836
0.01854
0.01869
0.01857
0.01882
0.01862
0.01908
0.01896
0.01867
0.01863
0.01901
0.01839
0.01908
0.01843
0.01833
0.01871
0.01839
0.01837
0.01871
0.01851
0.01845
0.01959
0.01828
0.01866
0.01848
0.01821
0.01854
0.01856
0.01832
0.01842
0.01767
0.01778
0.01795
0.01778
0.01862
0.01814
0.01927
0.01871
0.01828
0.01827
0.01822
0.01931
0.01852
0.01841
0.01798
0.01825
0.01833
0.01801
0.01838
0.01854
0.01799
0.01946
0.01809
0.01832
0.01824
0.01806
0.01842
0.0181
