0.00111
0.02334
0.02147
0.01914
0.01892
0.01903
0.01891
0.01963
0.01799
0.01802
0.01824
0.01809
0.01808
0.01797
0.01792
0.01752
0.01744
0.01779
0.01793
0.01854
0.01727
0.01795
0.01775
0.01738
0.01779
0.01775
0.01763
0.01755
0.0174
0.01766
0.01786
0.01747
0.01751
0.0178
0.01756
0.01739
0.01786
0.01781
0.01741
0.01742
0.01752
0.01776
0.01753
0.01754
0.01771
0.01759
0.01754
0.01732
0.01769
0.01798
0.01741
0.01755
0.01772
0.01739
0.01734
0.0176
0.01758
0.01735
0.01747
0.01797
0.01765
0.01727
0.01744
0.01785
0.01745
0.0175
0.01749
0.01773
0.01745
0.01717
0.01751
0.01773
0.01738
0.01736
0.01746
0.01778
0.01737
0.01726
0.01761
0.01824
0.01782
0.01775
0.01798
0.01824
0.01786
0.01782
0.0179
0.01808
0.01772
0.01779
0.01779
0.01809
0.01789
0.0178
0.01785
0.01808
0.01798
0.0178
0.01765
0.01796
0.01774
0.01858
0.01808
0.0178
0.01787
0.01796
0.01781
0.01765
0.01783
0.01797
0.01781
0.01762
0.01783
0.01804
0.0182
0.01744
0.01773
0.01804
0.01774
0.01769
0.0177
0.01802
0.01789
0.01764
0.01771
0.01799
0.01795
0.01766
0.01769
0.01795
0.01792
0.01767
0.0176
0.01796
0.01803
0.01772
0.01769
0.01795
0.01802
0.01765
0.01781
0.01796
0.01811
0.01806
0.01762
0.0179
0.018
0.01766
0.01829
0.01807
0.01811
0.01788
0.01788
0.01791
0.01808
0.01787
0.01778
0.01776
0.01814
0.01775
0.01755
0.01769
0.018
0.01775
0.01769
0.0177
0.01847
0.01768
0.01753
0.01767
0.01792
0.01766
0.01751
0.01764
0.01796
0.01768
0.01754
0.018
0.01856
0.01774
0.01729
0.01759
0.01817
0.01784
0.01774
0.01774
0.01808
0.01791
0.01777
0.01919
0.01763
0.01788
0.01814
0.01775
0.01794
0.0182
0.01787
0.01776
0.01797
0.01818
0.01786
0.02076
0.01853
0.01754
0.01763
0.01782
0.01799
0.01759
0.01775
0.01815
0.0179
0.01759
0.01776
0.01796
0.01766
0.01757
0.01812
0.01826
0.01859
0.01786
0.01784
0.01823
0.01803
0.01768
0.01758
0.01784
0.01799
0.01803
0.01787
0.01846
0.01814
0.01743
0.01733
0.01755
0.01778
0.01792
0.01776
0.01791
0.01807
0.01772
0.01761
0.01856
0.01823
0.01767
0.01734
0.01784
0.01771
0.01746
0.01731
0.0176
0.01786
0.01799
0.01752
0.01809
0.01827
0.01802
0.01789
0.01801
0.01838
0.01813
0.01788
0.01793
0.01822
0.01791
0.01784
0.01805
0.01816
0.01792
0.01783
0.01889
0.01893
0.01875
0.01872
0.01936
0.01921
0.01971
0.01931
0.01951
0.01967
0.01952
0.01953
0.01955
0.01924
0.0196
0.01923
0.0217
0.02087
0.02033
0.0202
0.02015
0.01927
0.01972
0.01968
0.01941
0.01915
0.01925
0.01906
0.01903
0.01873
0.01885
0.01891
0.02058
0.01914
0.01926
0.01945
0.01927
0.01992
0.01872
0.01854
0.01927
0.01996
0.01912
0.01979
0.01879
0.01849
0.01843
0.01871
0.01962
0.01886
0.01877
0.01864
0.01883
0.01952
0.01904
0.01882
0.01877
0.01894
0.01967
0.02037
0.01854
0.01847
0.01859
0.01875
0.0187
0.01793
0.01824
0.01792
0.01836
0.01804
0.01791
0.018
0.01803
0.0177
0.0176
0.01784
0.01835
0.01769
0.01773
0.01782
0.01776
0.01759
0.01772
0.01787
0.01784
0.01735
0.01796
0.01806
0.01798
0.01775
0.01794
0.01797
0.01778
0.0177
0.01799
0.01793
0.01775
0.01782
0.01809
0.01802
0.01799
0.01797
0.01823
0.01808
0.018
0.01835
0.01826
0.01804
0.01793
0.01782
0.01821
0.01841
0.01796
0.01784
0.01812
0.01814
0.01798
0.01807
0.01834
0.01819
0.01784
0.01744
0.01761
0.01791
0.01776
0.0178
0.01814
0.01773
0.01722
0.01738
0.01753
0.01715
0.01997
0.01804
0.01807
0.01806
0.01775
0.01763
0.01788
0.01805
0.01802
0.01754
0.01814
0.01797
0.01764
0.01775
0.01795
0.01757
0.01742
0.01768
0.01804
0.01747
0.01763
0.01816
0.0188
0.0186
0.01846
0.01879
0.01885
0.01937
0.01966
0.01945
0.01995
0.01941
0.01961
0.01944
0.01937
0.0192
0.01926
0.01902
0.01932
0.01904
0.01927
0.01906
0.01925
0.01904
0.01926
0.01922
0.01933
0.01914
0.01958
0.01865
0.01925
0.01857
0.0188
0.01882
0.0191
0.01875
0.01916
0.0186
0.01914
0.01877
0.0189
0.01851
0.01892
0.01875
0.01889
0.01839
0.01869
0.01899
0.01897
0.0187
0.01844
0.01845
0.01837
0.01835
0.01807
0.01798
0.01818
0.01804
0.01824
0.01835
0.01889
0.01841
0.01822
0.01841
0.01894
0.01895
0.01841
0.01808
0.01824
0.01849
0.01815
0.01794
0.01815
0.01862
0.01861
0.01806
0.01889
0.01884
0.01858
0.01761
0.02052
0.01865
0.01822
0.01835
0.01803
0.01785
0.01816
0.01861
0.01767
0.01771
0.01784
0.01842
0.01806
0.01801
0.01796
0.01801
0.01772
0.01785
0.01797
0.0181
0.01795
0.01824
0.01835
0.01813
0.01811
0.0183
0.01854
0.01808
0.01793
0.01818
0.0185
0.01818
0.01771
0.01819
0.01849
0.01773
0.01788
0.01772
0.01779
0.01727
0.01735
0.01763
0.0179
0.01746
0.01758
0.01807
0.01765
0.01743
0.01785
0.01775
0.01748
0.01747
0.01754
0.01829
0.01793
0.01773
0.01805
0.01829
0.01806
0.01857
0.0182
0.01822
0.01786
0.01762
0.01818
0.01869
0.01833
0.0181
0.01853
0.01855
0.01842
0.01831
0.01826
0.01861
0.01792
0.01786
0.01823
0.01816
0.01809
0.01792
0.0181
0.01822
0.0177
0.01734
0.01763
0.01772
0.01747
0.01734
0.01864
0.01778
0.01755
0.01728
0.01758
0.01755
0.01727
0.0172
0.01739
0.01748
0.01721
0.01741
0.02021
0.01794
0.0176
0.01748
0.01721
0.018
0.01746
0.01733
0.01729
0.0178
0.01798
0.01787
0.01722
0.01736
0.01756
0.01727
0.01721
0.01767
0.01774
0.01725
0.01744
0.01775
0.01742
0.01722
0.01747
0.01763
0.01736
0.01719
0.01758
0.01753
0.01727
0.0175
0.01769
0.01751
0.01742
0.01772
0.01776
0.01749
0.01759
0.01776
0.01761
0.0175
0.01775
0.01785
0.01761
0.01748
0.01794
0.01767
0.01765
0.01785
0.01799
0.01787
0.01802
0.018
0.01796
0.01762
0.01791
0.01798
0.01795
0.01757
0.0181
0.01815
0.01786
0.01764
0.01789
0.01778
0.01802
0.01804
0.01815
0.01803
0.01821
0.01795
0.01868
0.01827
0.01847
0.01882
0.01894
0.01815
0.01832
0.01825
0.01878
0.01867
0.01832
0.01813
0.0187
0.01806
0.0182
0.0181
0.01846
0.01825
0.01831
0.01827
0.01884
0.0184
0.01832
0.01812
0.01865
0.01826
0.01834
0.01825
0.02067
0.01887
0.01864
0.01827
0.01856
0.0178
0.01783
0.01764
0.01762
0.01781
0.01784
0.01759
0.0178
0.01817
0.01805
0.01757
0.01787
0.01838
0.01791
0.01768
0.01803
0.01791
0.0181
0.01773
0.01809
0.01764
0.01769
0.01834
0.01799
0.01792
0.01765
0.0179
0.01774
0.01778
0.01784
0.01833
0.01781
0.01747
0.01768
0.01775
0.01743
0.01761
0.01766
0.01741
0.01741
0.01784
0.01737
0.01722
0.01758
0.01752
0.01728
0.01775
0.01762
0.01742
0.01734
0.01757
0.01734
0.01729
0.01756
0.01798
0.0177
0.0176
0.01773
0.01736
0.01725
0.01755
0.01738
0.01722
0.01748
0.01753
0.0173
0.01731
0.01759
0.01735
0.01773
0.01791
0.01768
0.01751
0.01774
0.01781
0.01762
0.01765
0.01784
0.01762
0.01752
0.01782
0.01777
0.01758
0.0176
0.01782
0.0175
0.01745
0.01783
0.0176
0.01743
0.0177
0.01786
0.01761
0.01758
0.01784
0.02002
0.0185
0.01736
0.01747
0.0182
0.01759
0.01755
0.01718
0.01707
0.01685
0.01721
0.01705
0.01684
0.01716
0.017
0.01688
0.01729
0.01704
0.01687
0.01706
0.01709
0.01688
0.01732
0.01708
0.01689
0.017
0.01722
0.01687
0.01717
0.01774
0.01746
0.01742
0.01777
0.01754
0.01755
0.01762
0.01763
0.01742
0.01752
0.01777
0.01757
0.01736
0.01771
0.01756
0.01785
0.01783
0.01855
0.01932
0.0168
0.01713
0.01698
0.01676
0.01733
0.01722
0.01689
0.01689
0.01723
0.01691
0.01687
0.01708
0.01701
0.01741
0.01764
0.01753
0.0173
0.01726
0.01763
0.01746
0.01724
0.01759
0.01757
0.01734
0.01742
0.01772
0.0174
0.01719
0.01753
0.01768
0.01738
0.01723
0.01763
0.0185
0.0173
0.01738
0.01766
0.01738
0.0173
0.01871
0.01752
0.01738
0.01746
0.0179
0.01767
0.01775
0.01825
0.01795
0.01775
0.01794
0.01814
0.018
0.02069
0.01824
0.01788
0.01835
0.01793
0.01765
0.01739
0.01773
0.01754
0.01762
0.01786
0.01759
0.01768
0.01786
0.01737
0.01712
0.01728
0.01747
0.01713
0.01711
0.01745
0.01717
0.0171
0.01742
0.01707
0.01703
0.01734
0.01715
0.01788
0.01786
0.01765
0.01724
0.01725
0.01753
0.01723
0.01712
0.01749
0.01736
0.01722
0.01735
0.01759
0.01758
0.0176
0.01787
0.01795
0.01743
0.01811
0.01818
0.01798
0.01787
0.0181
0.01807
0.01801
