0.00066
0.02182
0.01968
0.01815
0.01802
0.01801
0.018
0.01797
0.01798
0.0192
0.01828
0.01824
0.01792
0.0179
0.01826
0.01823
0.01822
0.01797
0.01798
0.01796
0.01798
0.01799
0.01797
0.01822
0.01823
0.018
0.01799
0.01798
0.01801
0.01801
0.01799
0.01803
0.01819
0.0183
0.01829
0.01832
0.01826
0.01849
0.01876
0.01996
0.01997
0.0196
0.01958
0.01968
0.01969
0.01957
0.01962
0.01992
0.0204
0.01998
0.01835
0.01812
0.01797
0.01794
0.01796
0.01797
0.01799
0.01789
0.01791
0.01796
0.01791
0.01787
0.01798
0.01784
0.01836
0.01839
0.01802
0.01797
0.01794
0.01792
0.01801
0.01805
0.01799
0.01796
0.01797
0.01789
0.01796
0.01812
0.01789
0.01853
0.01807
0.01798
0.01816
0.01793
0.01802
0.01795
0.01807
0.01806
0.01806
0.01804
0.01803
0.01796
0.01802
0.01829
0.01833
0.01803
0.01805
0.018
0.01798
0.01814
0.01806
0.02063
0.01858
0.01817
0.01825
0.01815
0.01804
0.0201
0.0184
0.01804
0.01803
0.01806
0.01807
0.01798
0.01805
0.01806
0.01814
0.01802
0.01799
0.01813
0.01783
0.01775
0.01837
0.01776
0.01784
0.01825
0.01803
0.01809
0.01808
0.01807
0.018
0.018
0.01803
0.0181
0.0181
0.01795
0.01895
0.01807
0.01769
0.01774
0.01772
0.0177
0.01771
0.01766
0.01779
0.01778
0.0177
0.01767
0.01771
0.01771
0.01817
0.0182
0.01787
0.01794
0.0177
0.01777
0.01772
0.01761
0.01789
0.01766
0.01763
0.01763
0.01769
0.01761
0.01792
0.0185
0.01803
0.01768
0.01776
0.01761
0.0178
0.01789
0.01784
0.01788
0.01787
0.01786
0.01787
0.01787
0.01781
0.01912
0.01819
0.01792
0.01789
0.01784
0.01813
0.01786
0.01814
0.01802
0.01804
0.01799
0.01792
0.01822
0.01833
0.01787
0.01844
0.01814
0.0179
0.01785
0.01768
0.01852
0.01807
0.02031
0.01873
0.01819
0.018
0.01794
0.01782
0.01774
0.01843
0.01802
0.0179
0.01785
0.01785
0.01792
0.0182
0.01787
0.01781
0.01775
0.0178
0.01782
0.0179
0.01784
0.0183
0.01811
0.01798
0.01799
0.01785
0.01797
0.01798
0.01789
0.01798
0.01795
0.01795
0.01804
0.018
0.01791
0.01818
0.01843
0.01805
0.01809
0.01799
0.01797
0.01807
0.018
0.018
0.01804
0.01803
0.01798
0.018
0.01798
0.01795
0.0185
0.01811
0.01804
0.01808
0.01802
0.01799
0.01795
0.01795
0.01799
0.01809
0.01805
0.01796
0.01798
0.01796
0.0184
0.01815
0.01797
0.01796
0.01792
0.0179
0.01804
0.01796
0.0179
0.01788
0.01783
0.01784
0.01783
0.01766
0.01771
0.01852
0.01815
0.01806
0.01806
0.01809
0.01811
0.01803
0.01792
0.01804
0.01808
0.01779
0.01771
0.01791
0.01766
0.01836
0.01813
0.01785
0.01781
0.01792
0.01773
0.01767
0.02213
0.01855
0.01809
0.01807
0.01806
0.01807
0.01789
0.01843
0.01807
0.01786
0.01791
0.01786
0.01782
0.01785
0.01782
0.01784
0.01782
0.01786
0.01787
0.01792
0.01776
0.01802
0.01833
0.01809
0.01803
0.01801
0.01803
0.01801
0.01801
0.01799
0.01798
0.01798
0.01799
0.0182
0.01834
0.01802
0.01858
0.01811
0.01792
0.01806
0.01798
0.01795
0.01799
0.01793
0.01793
0.01788
0.01785
0.01786
0.01788
0.01789
0.01835
0.01819
0.01795
0.01791
0.01784
0.01785
0.02029
0.02022
0.02009
0.02014
0.02013
0.0201
0.02035
0.01882
0.01826
0.01793
0.01791
0.01798
0.01794
0.01794
0.01791
0.01801
0.01812
0.018
0.01798
0.01798
0.01792
0.01794
0.01847
0.01808
0.01795
0.01794
0.018
0.01796
0.01825
0.01795
0.01795
0.01791
0.01794
0.01805
0.0179
0.01795
0.01847
0.01814
0.01794
0.01796
0.01793
0.0179
0.01792
0.01787
0.02412
0.01872
0.01811
0.01813
0.01806
0.01801
0.02002
0.0185
0.01804
0.01808
0.01805
0.01799
0.01806
0.01794
0.01796
0.01807
0.01797
0.01807
0.01802
0.01799
0.01795
0.01837
0.01813
0.01797
0.01813
0.01801
0.01792
0.01802
0.01798
0.01796
0.01795
0.01794
0.01791
0.01795
0.01797
0.01814
0.01831
0.01773
0.01767
0.01771
0.01769
0.01777
0.0178
0.01773
0.01767
0.01768
0.01763
0.01763
0.01763
0.01767
0.01835
0.01791
0.01768
0.01768
0.01772
0.01773
0.01777
0.01771
0.01775
0.01782
0.01779
0.01776
0.01778
0.01776
0.01771
0.01849
0.01806
0.01778
0.01797
0.01774
0.01795
0.01772
0.01801
0.01793
0.01771
0.01803
0.01814
0.01837
0.01792
0.01863
0.01821
0.01778
0.01808
0.01798
0.01803
0.01779
0.01792
0.0177
0.01799
0.01771
0.01802
0.01802
0.01792
0.01797
0.01831
0.01778
0.01775
0.01801
0.01795
0.01803
0.02072
0.01869
0.01824
0.01809
0.01806
0.01811
0.01827
0.01807
0.01865
0.01823
0.018
0.01821
0.0181
0.01797
0.01801
0.01805
0.01805
0.01798
0.01804
0.01805
0.01802
0.01804
0.0183
0.01851
0.01809
0.01796
0.01805
0.01808
0.01805
0.01818
0.01814
0.01802
0.01806
0.01797
0.01796
0.01822
0.01798
0.01826
0.01793
0.01784
0.0178
0.01784
0.01784
0.01772
0.0178
0.01811
0.0179
0.01782
0.01814
0.01805
0.01804
0.01827
0.01827
0.01783
0.01803
0.01796
0.0178
0.01807
0.01798
0.01802
0.01785
0.01768
0.01773
0.01816
0.01776
0.01778
0.01876
0.01796
0.01778
0.0178
0.01776
0.01778
0.01773
0.01817
0.01811
0.01819
0.01811
0.01804
0.01807
0.01813
0.02093
0.01849
0.01814
0.01806
0.01804
0.01808
0.01786
0.01772
0.01771
0.01764
0.0177
0.01771
0.01769
0.01774
0.01767
0.01885
0.01793
0.01771
0.01788
0.01807
0.02049
0.01861
0.01818
0.01813
0.01811
0.01807
0.01818
0.01808
0.01805
0.01844
0.01838
0.01814
0.01809
0.01808
0.01804
0.01817
0.01796
0.01797
0.01797
0.0179
0.01787
0.01806
0.02049
0.02033
0.02055
0.0201
0.02012
0.02012
0.02013
0.02014
0.02009
0.02022
0.02003
0.02008
0.0201
0.02009
0.01858
0.01837
0.0182
0.0182
0.01824
0.01822
0.01841
0.01825
0.01817
0.0182
0.01816
0.01822
0.01844
0.01817
0.01859
0.01844
0.01809
0.01782
0.01794
0.01809
0.01808
0.01809
0.01821
0.01819
0.01814
0.01815
0.01814
0.01817
0.01829
0.01874
0.01833
0.0182
0.01819
0.01838
0.01824
0.01822
0.01829
0.01819
0.01815
0.01818
0.01819
0.0182
0.0182
0.01863
0.01828
0.0187
0.01923
0.01998
0.01983
0.01984
0.0198
0.01985
0.01994
0.01985
0.01821
0.0181
0.01841
0.01831
0.01813
0.01809
0.01812
0.01817
0.01832
0.0182
0.02114
0.01862
0.02028
0.0182
0.01817
0.01811
0.01839
0.01846
0.01821
0.01808
0.01825
0.01823
0.01819
0.01816
0.01816
0.01836
0.01817
0.01819
0.01823
0.01822
0.01817
0.01874
0.01835
0.01831
0.0182
0.01823
0.01819
0.01819
0.01819
0.01819
0.01816
0.01816
0.01827
0.01826
0.01817
0.01848
0.01843
0.02078
0.01814
0.0179
0.01791
0.01815
0.01781
0.01811
0.01788
0.01788
0.01791
0.01794
0.01785
0.01789
0.01873
0.01797
0.01793
0.01789
0.01782
0.01794
0.01792
0.01785
0.01791
0.01798
0.01809
0.01794
0.01965
0.01814
0.01813
0.0181
0.01786
0.01799
0.01785
0.01814
0.01787
0.0179
0.01807
0.01806
0.01817
0.01779
0.01805
0.01787
0.01783
0.01833
0.01795
0.01806
0.0179
0.01811
0.01791
0.01799
0.01791
0.0181
0.01783
0.01782
0.01779
0.01828
0.01816
0.01892
0.01817
0.0179
0.01801
0.01801
0.0178
0.01806
0.02338
0.01845
0.01823
0.01824
0.01791
0.01789
0.01819
0.01838
0.01865
0.01826
0.01822
0.01815
0.01816
0.01846
0.01825
0.01822
0.01826
0.01814
0.01819
0.01839
0.01829
0.01827
0.01883
0.01833
0.01827
0.01825
0.01817
0.01824
0.01824
0.01824
0.01826
0.01834
0.01826
0.01823
0.01818
0.01824
0.01838
0.01878
0.01836
0.01825
0.01809
0.01789
0.01802
0.0179
0.01786
0.01792
0.01792
0.01787
0.01792
0.01788
0.01787
0.01811
0.01819
0.01791
0.01795
0.01796
0.01787
0.01882
0.01791
0.01791
0.0179
0.01786
0.01789
0.01786
0.01786
0.01789
0.01846
0.01796
0.0178
0.01779
0.01786
0.01784
0.01797
0.018
0.01792
0.01785
0.01784
0.01785
0.0179
0.01788
0.01786
0.01839
0.01799
0.01786
0.01819
0.01818
0.01822
0.01821
0.01819
0.01819
0.01823
0.01821
0.01824
0.01814
0.01811
0.01837
0.01839
0.01824
0.01816
0.01806
0.0209
0.01855
0.01814
0.01822
0.01818
0.01803
0.01805
0.01871
0.02043
0.02014
0.02037
0.02017
0.01999
0.01998
0.01951
0.01783
0.01799
0.01771
0.01803
0.01809
0.018
0.01779
0.01808
0.01828
0.01814
0.01814
0.01809
0.01809
0.01806
0.01802
0.01806
0.01802
0.01783
0.01799
0.01796
0.01779
0.01826
0.01782
0.01832
0.01823
0.01783
0.01792
0.01781
0.01776
0.01774
0.01781
0.01778
0.01785
0.01781
0.01785
0.01781
0.01777
0.01781
0.01865
0.01792
0.01783
0.01787
0.01784
0.01788
0.01799
0.01786
0.01784
0.01781
0.01781
0.01778
0.01787
0.01792
0.01806
0.01837
0.01797
0.01784
0.01784
0.01785
0.01788
0.01782
0.01783
0.01785
0.01785
0.01783
0.01784
0.0178
0.01785
0.01811
0.01808
0.01786
0.01786
0.0178
0.01781
0.01781
0.0178
0.0178
0.01783
0.0178
0.01786
0.01786
0.01778
0.01781
0.01828
0.018
0.01779
0.02202
0.01835
0.01818
0.01799
0.01793
0.01791
0.01798
0.01807
0.01792
0.01793
0.0179
0.02049
0.01838
0.01806
0.01809
0.01799
0.01794
0.01797
0.01798
0.01798
0.01789
0.01819
0.01788
0.01795
0.01796
0.01797
0.01874
0.01806
0.01817
0.01812
0.018
0.01799
0.01795
0.01796
0.01791
0.01793
0.01793
0.01796
0.01809
0.01809
0.01786
0.01845
0.0184
0.01903
0.01838
0.01785
0.01793
0.01801
0.01814
0.01809
0.01811
0.01787
0.01789
0.01876
0.01829
0.01844
0.01845
0.01808
0.01807
0.01811
0.01789
0.01792
0.01791
0.01789
0.0179
0.01796
0.01786
0.01789
0.01795
0.01788
0.01841
0.01814
0.01796
0.01794
0.01808
0.01783
0.01788
0.01793
0.01814
0.0181
0.0179
0.01806
0.01824
0.01815
0.01806
0.01843
0.01807
0.01788
0.01789
0.01791
0.01791
0.01796
0.01795
0.0179
0.01797
0.01792
0.0179
0.01795
0.01797
0.01811
0.02081
0.01854
0.01794
0.01796
0.01794
0.01841
0.01835
0.01832
0.01817
0.01824
0.01821
0.01815
0.01832
0.01824
0.01876
0.01842
0.01822
0.01827
0.01825
0.01821
0.01816
0.01821
0.01822
0.01821
0.01834
0.01828
0.01829
0.01825
0.0184
0.01869
0.01833
0.01828
0.01823
0.01825
0.0183
0.01831
0.01829
0.0183
0.01819
0.01823
0.01823
0.01818
0.01827
0.01877
0.01839
0.01825
0.01822
0.01824
0.01829
0.01827
0.01822
0.01824
0.01843
0.01824
0.01829
0.01828
0.01822
0.01829
0.01886
0.01845
0.0183
0.01825
0.01828
0.01831
0.01835
0.01842
0.0186
0.01835
0.01834
0.01843
0.01847
0.01839
0.01868
0.01868
0.01838
0.01841
0.01829
0.01838
0.01835
0.0183
0.01828
0.01839
0.01829
0.01839
0.01818
0.01818
0.01824
0.01855
0.01802
0.02011
0.01804
0.01809
0.01791
0.01841
0.01822
0.01783
0.01786
0.01773
0.01842
0.01835
0.02212
0.01852
0.01834
0.0179
0.01822
0.01898
0.01848
0.01873
0.01879
0.01846
0.0185
0.01859
0.01845
0.01857
0.01855
0.01886
0.01855
0.01843
0.0183
0.01844
0.01807
0.01811
0.01831
0.01804
0.01806
0.01825
0.01811
0.01861
0.01829
0.01851
0.01853
0.01837
0.01821
0.01826
0.01828
0.01829
0.01819
0.01826
0.01835
0.01826
0.01831
0.01846
0.01845
0.0183
0.01879
0.01831
0.01829
0.01829
0.01834
0.01837
0.01838
0.01835
0.01834
0.01841
0.01832
0.01838
0.01831
0.0182
0.01877
0.01843
0.01828
0.01829
0.01816
0.01802
0.01801
0.01795
0.01797
0.01804
0.01795
0.01793
0.01799
0.01795
0.0182
0.01836
0.0181
0.01808
0.01799
0.01804
0.01802
0.01799
0.01798
0.0179
0.01798
0.01795
0.01794
0.01795
0.01791
0.01861
0.0181
0.0181
0.01816
0.01796
0.01806
0.01807
0.01802
0.01789
0.01798
0.01823
0.01829
0.01832
0.02026
0.01886
0.01843
0.0183
0.018
0.01796
0.01796
0.0181
0.01822
0.0179
0.01799
0.01787
0.01789
0.01791
0.0179
0.01828
0.01821
0.01799
0.0179
0.01808
0.01785
0.01775
0.01781
0.01783
0.01782
0.01783
0.01781
0.01776
0.01781
0.01788
0.01826
0.01793
0.0177
0.0179
0.01785
0.01789
0.0179
0.01786
0.01779
0.01787
0.01783
0.01881
0.01807
0.01797
0.01842
0.018
0.01779
0.01783
0.01809
0.01794
0.01789
0.01803
0.0179
0.01787
0.01784
0.01786
0.01791
0.01803
0.01843
0.0186
0.01831
0.01821
0.01815
0.01817
0.01812
0.01815
0.01807
0.01785
0.01779
0.01781
0.01788
0.01804
0.01782
0.01829
0.0182
0.01784
0.0179
0.01789
0.01793
0.01786
0.01786
0.01785
0.01784
0.01779
0.01782
0.01784
0.01779
0.0181
0.0182
0.01803
0.01797
0.01791
0.01787
0.01796
0.01803
0.01792
0.01788
0.01791
0.01785
0.01788
0.02173
0.0186
0.01837
0.01799
0.0178
0.01786
0.01782
0.01778
0.01784
0.0178
0.01777
0.01782
0.01776
0.01781
0.01777
0.01772
0.01816
0.018
0.01787
0.01781
0.01785
0.01781
0.01783
0.01783
0.01808
0.0178
0.01782
0.0178
0.01786
0.01779
0.01786
0.01811
0.0179
0.01781
0.01778
0.01782
0.01774
0.01778
0.01776
0.01778
0.01782
0.01778
0.01779
0.01767
0.01789
0.01855
0.01805
0.01785
0.01781
0.01779
0.01781
0.01782
0.01815
0.01781
0.01778
0.01779
0.01776
0.01778
0.01811
0.01789
0.01834
0.018
0.01787
0.01784
0.01789
0.01786
0.01781
0.01776
0.01779
0.0178
0.01774
0.01771
0.01776
0.018
0.01798
0.0181
0.01775
0.01775
0.01772
0.01813
0.01812
0.01806
0.018
0.01795
0.01802
0.01802
0.01826
0.01843
0.01811
0.01868
0.01832
0.01819
0.01816
0.01817
0.0182
0.01819
0.01816
0.0182
0.0182
0.01816
0.02189
0.01864
0.01796
0.01843
0.01787
0.01827
0.01819
0.01784
0.01828
0.01823
0.01812
0.01808
0.01807
0.01799
0.01804
0.01815
0.01817
0.01867
0.01822
0.01796
0.01795
0.018
0.0181
0.01814
0.01842
0.01835
0.01824
0.01762
0.01827
0.01812
0.01811
0.01807
0.01924
0.01896
0.01903
0.01933
0.01936
0.0194
0.01937
0.02153
0.02152
0.02119
0.02149
0.02129
0.02141
0.02141
0.02144
0.02144
0.02017
0.01889
0.01884
0.01875
0.01865
0.0185
0.01863
0.01859
0.01854
0.01852
0.01849
0.01862
0.01862
0.01838
0.01837
0.0183
0.0182
0.01802
0.01799
0.01795
0.01787
0.0179
0.01792
0.01789
0.01781
0.01809
0.01884
0.01912
0.02039
0.01992
0.02017
0.01992
0.02087
0.02124
0.02197
0.02292
0.02475
0.02879
0.0288
0.03027
0.03422
0.03235
0.03192
0.03287
0.03323
0.03354
0.03609
0.03727
0.04275
0.03955
0.04103
0.04528
0.04891
0.04236
0.04221
0.04144
0.04501
0.04737
0.04301
0.04072
0.04504
0.04108
0.04425
0.04247
0.04545
0.04435
0.04462
0.04261
0.04593
0.04657
