0.00071
0.022
0.01896
0.01979
0.0187
0.01868
0.01892
0.01856
0.01847
0.01855
0.01875
0.01862
0.01942
0.01862
0.0186
0.01862
0.01857
0.01869
0.01863
0.01872
0.01871
0.01994
0.01877
0.01865
0.01867
0.01862
0.01863
0.01857
0.01874
0.01864
0.01853
0.01857
0.01857
0.01853
0.01845
0.01864
0.01963
0.01851
0.01842
0.01841
0.01842
0.01812
0.01843
0.01914
0.01856
0.01845
0.01844
0.01862
0.01839
0.01907
0.01864
0.01995
0.01881
0.01864
0.01859
0.01864
0.01854
0.01978
0.01872
0.0187
0.01853
0.01872
0.01867
0.0185
0.01861
0.01857
0.02118
0.01891
0.01875
0.0186
0.01863
0.01874
0.01876
0.01875
0.01873
0.01874
0.01874
0.01873
0.01844
0.01866
0.01846
0.02036
0.01878
0.01872
0.01876
0.01865
0.01864
0.01856
0.01853
0.01835
0.01858
0.01844
0.01847
0.01851
0.01845
0.01825
0.01936
0.01924
0.01857
0.01851
0.01852
0.02613
0.01957
0.0187
0.01854
0.01837
0.01837
0.01798
0.01813
0.01879
0.01856
0.02095
0.01845
0.01858
0.0182
0.01852
0.01854
0.01873
0.01849
0.01819
0.01841
0.01856
0.01863
0.0187
0.01921
0.0188
0.02036
0.0189
0.01867
0.01858
0.01862
0.01856
0.019
0.01853
0.01883
0.01849
0.01857
0.01858
0.01872
0.0186
0.01858
0.01987
0.0188
0.01856
0.01829
0.01845
0.01837
0.01843
0.01858
0.0182
0.01816
0.0182
0.01828
0.01813
0.01918
0.0184
0.01914
0.01887
0.01802
0.01852
0.01857
0.01853
0.01867
0.01858
0.01849
0.0185
0.0186
0.01853
0.01845
0.01904
0.01846
0.01879
0.01891
0.01855
0.01853
0.01856
0.01839
0.01837
0.01882
0.01849
0.01846
0.01859
0.01848
0.01852
0.01862
0.01864
0.01876
0.01901
0.01864
0.01847
0.01858
0.01858
0.01861
0.01882
0.01857
0.01858
0.01872
0.01862
0.01856
0.01909
0.01858
0.02405
0.02018
0.01867
0.0187
0.01853
0.01845
0.01831
0.01864
0.0207
0.01891
0.01837
0.01843
0.01846
0.01852
0.01856
0.01994
0.0186
0.01856
0.01849
0.01843
0.0185
0.01859
0.0185
0.01858
0.0185
0.01849
0.01885
0.01891
0.01892
0.01957
0.0203
0.01909
0.01904
0.01936
0.01911
0.01898
0.01964
0.01905
0.01915
0.01917
0.01915
0.01919
0.01955
0.01932
0.0204
0.01937
0.01937
0.01922
0.01939
