0.00069
0.01971
0.01855
0.01841
0.01888
0.01832
0.01815
0.01825
0.01822
0.01817
0.0188
0.0184
0.01791
0.0182
0.0182
0.01796
0.01814
0.01808
0.01826
0.02032
0.01917
0.01791
0.01806
0.01838
0.01823
0.01817
0.01811
0.01807
0.01818
0.01808
0.01816
0.01817
0.01846
0.0184
0.0182
0.01825
0.01827
0.01829
0.01819
0.01819
0.01816
0.0183
0.01821
0.01817
0.01817
0.01818
0.01921
0.01861
0.01826
0.01822
0.01814
0.01826
0.01827
0.01819
0.01817
0.0181
0.01814
0.0189
0.01849
0.01822
0.01814
0.01851
0.01815
0.01814
0.01799
0.01798
0.01809
0.01799
0.01816
0.01811
0.01813
0.01812
0.01811
0.01815
0.01811
0.01989
0.01841
0.01823
0.01816
0.01819
0.0182
0.01832
0.01843
0.0184
0.01843
0.01845
0.01879
0.01874
0.01875
0.01895
0.01893
0.01882
0.01889
0.01873
0.01835
0.01831
0.01841
0.01858
0.01868
0.01866
0.01861
0.02256
0.01932
0.01963
0.01881
0.01854
0.01842
0.01853
0.01876
0.01868
0.01868
0.01884
0.0192
0.01943
0.01953
0.02073
0.02143
0.0203
0.01964
0.01949
0.01954
0.01959
0.01956
0.01961
0.0194
0.01958
0.01942
0.01934
0.01935
0.01955
0.01984
0.01959
0.0194
0.01974
0.01958
0.01966
0.01959
0.01975
0.01976
0.01944
0.01983
0.01981
0.01995
0.01987
0.0209
0.01977
0.01972
0.01964
0.01955
0.01956
0.01933
0.01966
0.0196
0.0195
0.01934
0.01928
0.01933
0.01866
0.01914
0.01872
0.01852
0.01822
0.01876
0.01874
0.01821
0.0182
0.01823
0.01877
0.01825
0.01826
0.01832
0.01825
0.0187
0.01846
0.01839
0.01861
0.01841
0.01831
0.01826
0.01844
0.01832
0.01834
0.01834
0.0183
0.01841
0.01836
0.01875
0.01853
0.0183
0.01828
0.01834
0.01831
0.01815
0.01834
0.01825
0.01811
0.01877
0.01844
0.01814
0.01823
0.01844
0.02105
0.01855
0.0183
0.01828
0.01823
0.01823
0.01825
0.01819
0.01816
0.01813
0.01811
0.01808
0.01994
0.0183
0.0182
0.01823
0.01823
0.01838
0.01845
0.01831
0.01884
0.01861
0.01853
0.01884
0.01864
0.0183
0.01973
0.01851
0.01815
0.01835
0.01838
0.01826
0.01834
0.01829
0.01821
0.01817
0.01822
0.01855
0.01898
0.01926
0.02058
0.02046
0.02098
0.0212
0.02126
0.02108
0.02109
0.02039
0.0195
0.0195
0.01942
0.01948
0.01946
0.02046
0.01966
0.01927
0.01928
0.01933
0.01921
0.01965
0.01948
0.01949
0.01968
0.01982
0.01971
0.02015
0.02086
0.02033
0.02009
0.02029
0.02046
0.02076
0.02064
0.02052
0.02087
0.02012
0.01997
0.02012
0.02046
0.02138
0.02057
0.02
0.01998
0.01985
0.01989
0.02014
0.02021
0.02035
0.02045
0.02051
0.02066
0.02051
0.02042
0.02033
0.02004
0.0198
0.01959
0.01971
0.01976
0.0195
0.0207
0.02005
0.01963
0.01955
0.01943
0.0194
0.01971
0.01951
0.01989
0.01999
0.01976
0.01994
0.02
0.01984
0.02012
0.02007
0.02003
0.02014
0.02017
0.02072
0.02043
0.02029
0.02017
0.02043
0.02036
0.02071
0.02089
0.02041
0.02108
0.02078
0.02083
0.02082
0.02132
0.02086
0.02075
0.02085
0.02097
0.02104
0.02095
0.02096
0.02113
0.02103
0.02113
0.02106
0.02122
0.02172
0.02128
0.02139
0.02136
