0.00249
0.02675
0.02652
0.02569
0.02541
0.02594
0.02588
0.02636
0.02594
0.03061
0.02576
0.02555
0.02551
0.02547
0.02302
0.02319
0.02324
0.02366
0.02388
0.02403
0.02508
0.03092
0.02648
0.02648
0.02669
0.02687
0.02788
0.02632
0.02652
0.02635
0.0264
0.02665
0.02673
0.02836
0.02666
0.02682
0.02628
0.02618
0.02615
0.02632
0.02507
0.02494
0.02508
0.02432
0.02498
0.02628
0.02494
0.02462
0.02546
0.02523
0.02617
0.02619
0.02598
0.02614
0.0264
0.02611
0.02652
0.02916
0.02749
0.0265
0.02675
0.02914
0.03041
0.02878
0.02687
0.02803
0.02758
0.02812
0.02845
0.02718
0.02703
0.02756
0.02678
0.02706
0.02742
0.02543
0.02471
0.0251
0.02562
0.02506
0.02529
0.02578
0.02529
0.02548
0.0254
0.02515
0.02584
0.02533
0.0253
0.02531
0.02511
0.02563
0.02525
0.02531
0.02567
0.02539
0.02524
0.02522
0.02553
0.02735
0.02509
0.03089
0.03192
0.02695
0.02631
0.02673
0.02645
0.0261
0.02655
0.02615
0.02622
0.02688
0.02713
0.02705
0.02714
0.02724
0.02727
0.02724
0.02475
0.02762
0.02758
0.02809
0.02774
0.02726
0.02895
0.0288
0.02853
0.02887
0.02992
0.02867
0.02873
0.02746
0.02766
0.02692
0.02638
0.02739
0.02737
0.02826
0.02944
0.03236
0.03069
0.03073
0.03137
0.03282
0.03394
0.03345
0.03512
0.03576
0.03529
0.03594
0.03636
0.03588
0.03902
0.03672
0.04008
0.03666
0.03616
0.03633
0.03848
0.04159
0.03812
0.03761
0.0374
0.03727
0.0375
0.03512
0.03524
0.03511
0.03584
0.03432
0.03291
0.03164
0.03103
0.03267
0.03052
0.02984
0.02946
0.02987
0.02844
0.03049
0.02885
0.02895
0.02895
0.02854
0.02865
0.03026
0.03005
0.03037
0.02836
0.02976
0.02832
0.02844
0.02849
0.02884
0.02858
0.02907
0.02906
0.02834
0.02975
0.02951
0.02885
0.03292
0.03648
0.03113
0.02865
0.03063
0.0311
0.03069
0.02864
0.0286
0.02872
0.02849
0.02998
0.03436
0.02995
0.02788
0.02915
0.02916
0.02908
0.02871
0.02868
0.02839
0.03055
0.02875
0.02882
0.02837
0.02775
0.02764
0.02728
0.02689
0.02683
0.02623
0.02591
0.0243
0.0259
0.02902
0.02627
0.02578
0.02311
0.02346
0.02385
0.02329
0.02551
0.02418
0.02585
0.0257
0.02576
0.02725
0.02611
0.02384
0.02398
0.02421
0.02402
0.0258
0.02723
0.02416
0.02448
0.02436
0.02485
0.02445
0.02762
0.02635
0.0265
0.02626
0.02639
0.02643
0.02706
0.02553
0.02422
0.0245
0.02454
0.02418
0.02587
0.02455
0.02579
0.02586
0.02547
0.02393
0.02331
0.0235
0.02319
0.0233
0.02395
0.02338
0.02309
0.02409
0.02309
0.02285
0.02297
0.02297
0.02309
0.02489
0.02289
0.02267
0.02277
0.02289
0.02313
0.02287
0.02291
0.023
0.02257
0.0269
0.02373
0.0229
0.02273
0.0228
0.02285
0.02327
0.02267
0.02333
0.0226
0.02442
0.02266
0.0225
0.02257
0.02224
0.02217
0.02209
0.02215
0.02205
0.02202
0.022
0.02198
0.02203
0.02196
0.02337
0.02237
0.02233
0.02216
0.02238
0.02234
0.02424
0.02252
0.02242
0.02249
0.02244
0.023
0.02246
0.02251
0.02545
0.02282
0.02223
0.02294
0.02549
0.02593
0.02514
0.02804
0.02898
0.02904
0.02845
0.02823
0.03235
0.02969
0.02884
0.02909
0.02853
0.02847
0.02816
0.02801
0.02753
0.02776
0.02673
0.0286
0.02633
0.02721
