0.00068
0.02075
0.01841
0.01743
0.01753
0.01751
0.01744
0.01743
0.01742
0.01736
0.01735
0.0174
0.01743
0.01797
0.01789
0.01747
0.01739
0.0174
0.01747
0.01751
0.01745
0.01752
0.01747
0.0175
0.01747
0.01739
0.01744
0.01747
0.01745
0.01913
0.01742
0.01747
0.01746
0.01756
0.01745
0.01744
0.01738
0.01745
0.01751
0.01751
0.01749
0.01749
0.01744
0.0174
0.01744
0.01794
0.01704
0.01763
0.01756
0.01755
0.0175
0.0175
0.01744
0.0175
0.01742
0.01742
0.01747
0.01752
0.0176
0.01749
0.01741
0.01863
0.01808
0.01833
0.01811
0.01808
0.01785
0.01802
0.01804
0.01803
0.01801
0.01807
0.0181
0.01804
0.01804
0.01816
0.02082
0.01867
0.01855
0.01883
0.01872
0.01882
0.01888
0.01859
0.0187
0.01862
0.01856
0.0186
0.01861
0.01863
0.01872
0.01872
0.01909
0.01884
0.01882
0.01877
0.01865
0.01874
0.0189
0.01944
0.019
0.02337
0.01919
0.01902
0.01895
0.01889
0.01894
0.01945
0.01916
0.01923
0.01885
0.01852
0.01873
0.01874
0.01856
0.01859
0.01862
0.01868
0.01876
0.01868
0.01866
0.01868
0.01914
0.01878
0.01862
0.0185
0.01923
0.01865
0.01858
0.01857
0.01862
0.01859
0.01848
0.0184
0.01837
0.01853
0.01852
0.0209
0.01874
0.01853
0.01866
0.01852
0.01851
0.01849
0.01829
0.01836
0.01842
0.01834
0.01839
0.0183
0.01847
0.0184
0.01828
0.01874
0.01846
0.01847
0.01841
0.01852
0.01831
0.01826
0.01832
0.01827
0.0183
0.01826
0.0183
0.01821
0.0183
0.01838
0.01978
0.01855
0.01826
0.01822
0.01825
0.01822
0.01827
0.01823
0.01816
0.01813
0.01812
0.01812
0.01816
0.01819
0.01819
0.01824
0.01862
0.01835
0.01834
0.01868
0.01859
0.01872
0.01855
0.0184
0.01841
0.01857
0.0185
0.01836
0.01839
0.01832
0.01826
0.01879
0.01853
0.02129
0.01876
0.01823
0.0185
0.01839
0.01844
0.01832
0.01889
0.01921
0.01946
0.0196
0.01999
0.02026
0.02112
0.0208
0.02123
0.0206
0.02058
0.02053
0.02067
0.02059
0.02087
0.02155
0.0216
0.02123
0.02485
0.02472
0.02567
0.02519
0.02478
0.02337
0.02172
0.02519
0.02444
0.02479
0.02434
0.02571
0.02489
0.02435
0.02402
0.02467
0.02463
0.02454
0.02242
0.02202
0.02246
0.02531
0.02283
0.02105
0.02031
0.02145
0.02113
0.02144
0.02187
0.0213
0.02123
0.0219
0.02157
0.02159
0.02195
0.02169
0.02158
0.02165
0.02119
0.02207
0.02242
0.02374
0.0246
0.02417
0.02424
0.02435
0.02466
0.02453
0.02458
0.02307
0.02358
0.02362
0.02319
0.02451
0.02504
0.02585
0.02422
0.02403
0.02453
0.0253
0.02373
0.02419
0.02314
0.0225
0.02226
0.02229
0.0223
0.02521
0.02608
0.02615
0.02753
0.02805
0.0288
0.02839
0.02759
0.02852
0.02763
0.02582
0.02487
0.02606
0.02619
0.02492
0.02552
0.02542
0.02441
0.02238
0.0234
0.02219
0.02361
0.02434
0.02395
0.02439
0.02376
0.02449
0.02466
0.02433
0.02416
0.02395
0.02383
0.0263
0.02663
0.02645
0.02547
0.02526
0.02755
0.02457
0.02412
0.02485
0.02491
0.02485
0.02411
0.02363
0.02231
0.02317
0.02261
0.02309
0.02277
0.02229
0.02322
0.02302
0.02285
0.02419
0.02406
0.02275
0.02165
0.02109
0.02067
0.02091
0.02095
0.02119
0.02063
0.02251
0.02182
0.02206
0.02263
0.02146
0.02263
0.02378
0.02319
0.02298
0.02225
0.02152
0.02077
0.02084
0.0208
0.02201
0.02148
0.02066
0.02083
0.02138
0.02144
0.0219
0.02445
0.02516
0.02537
0.02177
0.02203
0.02283
0.02236
0.022
0.02262
