0.00075
0.02256
0.01897
0.01827
0.01867
0.01844
0.01821
0.01811
0.01797
0.01793
0.01805
0.01844
0.01811
0.01805
0.01805
0.01802
0.01802
0.01819
0.01796
0.01796
0.01837
0.01801
0.01784
0.01779
0.01782
0.01783
0.01782
0.01784
0.01803
0.01778
0.01784
0.01789
0.01791
0.01798
0.01798
0.02016
0.01833
0.01826
0.01819
0.01813
0.0181
0.01805
0.01801
0.01799
0.01799
0.01797
0.01821
0.01851
0.0182
0.01818
0.01816
0.01877
0.0182
0.01804
0.01803
0.01808
0.01808
0.01811
0.01801
0.01807
0.01869
0.01868
0.01879
0.01862
0.01862
0.01861
0.01894
0.01898
0.01874
0.01872
0.01868
0.01876
0.01872
0.0189
0.01886
0.01883
0.01878
0.0188
0.01892
0.01876
0.01878
0.01872
0.01926
0.01894
0.0188
0.01871
0.01873
0.01874
0.01868
0.01872
0.0187
0.01883
0.01876
0.01866
0.01865
0.01872
0.01865
0.01921
0.01894
0.01875
0.01867
0.02467
0.01914
0.01872
0.01872
0.01863
0.0186
0.01862
0.01859
0.01874
0.01867
0.01866
0.01922
0.01873
0.01863
0.0186
0.01862
0.01863
0.01856
0.01862
0.01858
0.01853
0.01862
0.01856
0.01863
0.01865
0.01862
0.02002
0.0189
0.0187
0.01859
0.01854
0.01842
0.01927
0.01857
0.01867
0.0186
0.01861
0.01865
0.01861
0.01869
0.01866
0.0189
0.0192
0.01883
0.01875
0.01879
0.01882
0.01874
0.01877
0.01881
0.01874
0.01876
0.01884
0.01884
0.01875
0.01877
0.01874
0.01931
0.01895
0.01866
0.01863
0.01863
0.0187
0.01879
0.01863
0.0187
0.0187
0.01887
0.0187
0.01859
0.01861
0.0186
0.01921
0.01881
0.01868
0.01866
0.01878
0.0186
0.01864
0.01861
0.01869
0.01868
0.0187
0.0186
0.01869
0.01868
0.01864
0.01884
0.0191
0.01881
0.01873
0.01869
0.0188
0.01873
0.01877
0.01875
0.01883
0.01885
0.01931
0.01932
0.02369
0.01957
0.01932
0.01951
0.01909
0.01887
0.01892
0.01887
0.01889
0.0189
0.01888
0.01889
0.0189
0.01887
0.019
0.01901
0.01904
0.01905
0.01938
0.01903
0.01911
0.01909
0.01925
0.01926
0.01935
0.01912
0.01922
0.01926
0.01928
0.01946
0.01943
0.01944
0.01931
0.01971
0.01945
0.01924
0.01936
0.01933
0.01926
0.01932
0.0193
0.0193
0.01921
0.01929
0.01924
0.01911
0.01917
0.01915
0.01974
0.01932
0.01913
0.01908
0.01915
0.01905
0.01922
0.01921
0.01902
0.01906
0.01888
0.01886
0.01889
0.01895
0.01905
0.01947
0.01893
0.01891
0.01895
0.0189
0.01895
0.01886
0.01888
0.01892
0.01895
0.01895
0.01894
0.01886
0.01892
0.01884
0.01919
0.0191
0.01897
0.01875
0.01881
0.01877
0.01879
0.01872
0.01872
0.01869
0.01864
0.0187
0.01886
0.01876
0.01868
0.01994
0.01921
0.01884
0.01875
0.01875
0.01908
0.01901
0.02296
0.01953
0.01931
0.01903
0.01903
0.01905
0.0191
0.01901
0.0191
0.01932
0.01908
0.01903
0.01906
0.01891
0.01903
0.01892
0.01921
0.01884
0.01896
0.01887
0.01885
0.01896
0.01872
0.01874
0.01904
0.0187
0.01858
0.01866
0.01851
0.01848
0.01857
0.01871
0.01833
0.01835
0.0184
0.0184
0.01838
0.0183
0.01831
0.01954
0.01883
0.01874
0.01873
0.01866
0.01878
0.01869
0.01892
0.01864
0.01879
0.01875
0.01931
0.01878
0.01865
0.01871
0.01888
0.01896
0.01871
0.01865
0.01867
0.01868
0.01877
0.01867
0.01882
0.01878
0.01884
0.01888
0.01921
0.01891
0.01893
0.01888
0.0193
0.01907
0.01894
0.01892
0.01896
0.01897
0.01899
0.01918
0.01905
0.01906
0.01906
0.01923
0.01905
0.01908
0.01908
0.01946
0.01906
0.01902
0.01896
0.01895
0.01888
0.01876
0.01864
0.01888
0.0189
0.0188
0.01908
0.01902
0.01897
0.01917
0.02246
0.01974
0.01975
0.01965
0.0198
0.01991
0.02016
0.02039
0.02029
0.02005
0.02045
0.02088
0.02039
0.02051
0.02057
0.02113
0.02039
0.02036
0.02067
0.02109
0.02131
0.02116
0.02087
0.02081
0.02088
0.02222
0.02243
0.0232
0.02259
0.02359
0.02239
0.02249
0.02299
0.02188
0.02187
0.02171
0.02189
0.02223
0.02237
0.02216
0.02232
0.02215
0.02203
0.02214
0.0214
0.02126
0.02148
0.02215
0.02217
0.02201
0.0222
0.02233
0.02241
0.02208
0.02233
0.02177
0.02239
0.02331
0.02363
0.02311
0.02201
0.02166
0.02131
0.02138
0.0217
0.02243
0.02218
0.02148
0.02138
0.02181
0.02154
0.02297
0.02253
0.02282
0.0224
0.02275
0.02314
0.02255
0.0222
0.02257
0.02269
0.02278
0.02265
0.02279
0.02261
0.02471
0.02422
0.02456
0.02564
0.0245
0.02485
0.02413
0.02457
0.02501
0.02514
0.02233
0.02482
0.02445
0.02452
0.02435
0.0267
0.02526
0.02341
0.02448
0.02411
0.02472
0.02451
0.02472
0.02457
0.02461
0.02454
0.02486
0.02419
0.02492
0.02444
0.02446
0.02428
0.02283
0.02275
0.02281
0.02287
0.02286
0.02276
0.02197
0.02214
0.02506
0.0239
0.02166
0.02248
0.02203
0.02236
0.02219
0.02226
0.02209
0.02279
0.02239
0.02196
0.02222
0.0218
0.02224
0.02227
0.02236
0.02199
0.0223
0.02458
0.02436
0.02225
0.0226
0.02249
0.02235
0.02252
0.02265
0.02257
0.02236
0.02274
0.0225
0.02248
0.0224
0.02228
0.02329
0.02283
0.02314
0.02287
0.0227
0.02266
0.023
0.0233
0.0233
0.0238
0.02364
0.02639
0.02643
0.02678
0.0279
0.02772
0.02476
0.026
0.02685
0.02646
0.02658
0.02598
0.02624
0.02635
0.02709
0.02632
0.02809
0.02688
0.02581
0.02627
0.02475
0.02517
0.02559
0.02639
0.02675
0.02719
0.02619
0.02658
0.02718
0.0278
0.02713
0.02629
0.02825
0.02606
0.02558
0.02571
0.02576
0.02532
0.02552
0.02565
0.02543
0.02568
0.02341
0.02352
0.02336
0.02364
0.02301
0.02479
0.02569
0.02282
0.02185
0.02302
0.02363
0.02312
0.02342
0.02309
0.02301
0.02268
0.0229
0.02274
0.02313
0.02267
0.02284
0.02285
0.02336
0.0226
0.02404
0.0227
0.02242
0.02306
0.02261
0.02294
0.02271
0.02236
0.02158
0.02062
0.01977
0.01946
0.0197
0.01934
0.01929
0.01915
0.01903
0.01916
0.01905
0.0191
0.01915
0.01888
0.01895
0.01897
0.01901
0.01907
0.01899
0.01922
0.0188
0.01892
0.01879
0.01902
0.019
0.01899
0.01905
0.01914
0.01889
0.01895
0.01893
0.01881
0.01888
0.01868
0.01897
0.01881
0.01874
0.01866
0.01872
0.01872
0.01873
0.0188
0.01864
0.01875
0.01865
0.01866
0.0186
0.01873
0.01872
0.01929
0.01901
0.01863
0.01865
0.01869
0.01879
0.01899
0.01889
0.02203
0.02005
0.01873
0.01873
0.01877
0.01866
0.01863
0.01901
0.01878
0.01859
0.01855
0.01861
0.0186
0.01863
0.01864
0.01859
0.01852
0.01853
0.01857
0.01863
0.01872
0.0186
0.01912
0.01847
0.0183
0.01831
0.01829
0.01829
0.01826
0.01852
0.01863
0.01856
0.01858
0.01865
0.0186
0.01909
0.01884
0.01957
0.01884
0.01868
0.01876
0.01874
0.01873
0.01868
0.01868
0.01864
0.0187
0.0187
0.01875
0.01878
0.01883
0.01885
0.02125
0.01905
0.01891
0.01873
0.01872
0.01882
0.01875
0.01875
0.01881
0.01875
0.01872
0.01962
0.01882
0.0185
0.01951
0.01868
0.01891
0.01855
0.01856
0.01841
0.0184
0.01849
0.01847
0.01844
0.01842
0.01856
0.01845
0.01837
0.01838
0.01837
0.01844
0.01902
0.01869
0.01856
0.01848
0.01845
0.01859
0.01828
0.01869
0.01883
0.01889
0.01876
0.01898
0.01895
0.01902
0.01892
0.01913
0.01905
0.02318
0.01912
0.01904
0.01889
0.01891
0.01886
0.01891
0.01892
0.01894
0.01891
0.01892
0.01892
0.01887
0.01921
0.01913
0.01982
0.0189
0.01894
0.019
0.01895
0.01899
0.01891
0.01893
0.01895
0.01896
0.01898
0.01901
0.01893
0.01921
0.01928
0.01913
0.01904
0.01896
0.01877
0.01884
0.01879
0.01858
0.01869
0.01864
0.01855
0.01861
0.01855
0.02132
0.01848
0.01879
0.01847
0.01834
0.01829
0.01832
0.01828
0.01852
0.01837
0.01829
0.01822
0.01832
0.0184
0.01825
0.01839
0.01846
0.01979
0.01867
0.01848
0.01847
0.01847
0.01843
0.01845
0.01843
0.01839
0.01846
0.0185
0.01842
0.01848
0.01845
0.01853
0.01849
0.01897
0.0188
0.01869
0.0187
0.01874
0.01874
0.01876
0.01888
0.01889
0.01884
0.01888
0.01891
0.019
0.01896
0.01893
0.01928
0.01907
0.01898
0.01888
0.01938
0.01894
0.01888
0.01902
0.01879
0.01877
0.02317
0.01913
0.01864
0.01845
0.01849
0.01917
0.01886
0.01884
0.01874
0.01869
0.01872
0.01864
0.0188
0.01872
0.01874
0.01877
0.01978
0.01881
0.01886
0.01878
0.01936
0.01914
0.01882
0.01875
0.01884
0.01872
0.0187
0.01869
0.01872
0.01875
0.0187
0.01858
0.01938
0.02303
0.01851
0.0189
0.0187
0.01839
0.01841
0.01832
0.01828
0.01855
0.01846
0.01843
0.01844
0.0184
0.01836
0.01857
0.01839
0.01838
0.01834
0.01887
0.0185
0.01842
0.0186
0.01832
0.0183
0.01826
0.01822
0.01837
0.01841
0.0183
0.01834
0.01828
0.01817
0.0182
0.01876
