0.00067
0.02049
0.019
0.01854
0.01828
0.01857
0.0183
0.01825
0.01845
0.01856
0.01822
0.01838
0.01824
0.01811
0.01809
0.01808
0.01808
0.01877
0.01821
0.01812
0.01809
0.01806
0.01867
0.0185
0.0184
0.0182
0.018
0.01803
0.01806
0.01817
0.01801
0.01829
0.01836
0.01806
0.01802
0.01848
0.01862
0.01826
0.01807
0.01807
0.01831
0.01805
0.01807
0.01806
0.01805
0.01812
0.0191
0.01818
0.01806
0.01811
0.01807
0.01817
0.0181
0.01808
0.01811
0.01806
0.0181
0.01814
0.01811
0.01802
0.01875
0.01831
0.01809
0.01812
0.01807
0.01831
0.01814
0.01805
0.01805
0.01822
0.01807
0.0181
0.01808
0.01804
0.01807
0.019
0.0182
0.01809
0.01807
0.018
0.0181
0.01812
0.01801
0.01805
0.01827
0.01812
0.01811
0.01813
0.01809
0.01833
0.01838
0.01811
0.01818
0.01814
0.01807
0.01804
0.01807
0.01807
0.01812
0.01804
0.01803
0.01947
0.01929
0.01822
0.01904
0.01815
0.01812
0.01803
0.01805
0.01813
0.01815
0.01802
0.01809
0.01805
0.01807
0.01827
0.01802
0.01797
0.01833
0.01828
0.01804
0.01827
0.018
0.01801
0.01808
0.01798
0.01797
0.01818
0.01809
0.01811
0.01807
0.01808
0.01811
0.01888
0.01833
0.01825
0.01835
0.01821
0.01851
0.01834
0.01827
0.01812
0.01828
0.01831
0.01812
0.01843
0.01831
0.01834
0.01869
0.01837
0.01842
0.01821
0.01837
0.01833
0.01834
0.01819
0.01834
0.01828
0.01827
0.01829
0.01832
0.01832
0.01918
0.01827
0.01841
0.0184
0.01827
0.01843
0.01809
0.01836
0.01834
0.01832
0.01831
0.01847
0.0183
0.01826
0.01853
0.01863
0.01826
0.01845
0.01846
0.01837
0.01837
0.01837
0.0183
0.0183
0.01835
0.01829
0.01843
0.01826
0.01833
0.01929
0.01843
0.01833
0.01839
0.01841
0.01856
0.01851
0.01846
0.0184
0.0184
0.01986
0.01863
0.01843
0.01839
0.01899
0.0186
0.0185
0.0184
0.01837
0.01876
0.01844
0.01833
0.01856
0.01847
0.01845
0.01842
0.0186
0.01839
0.01865
0.01866
0.01836
0.01836
0.01841
0.01839
0.01845
0.01835
0.01839
0.01835
0.0184
0.01839
0.0185
0.01844
0.01841
0.01889
0.0184
0.01844
0.01844
0.0184
0.01839
0.01837
0.01837
0.01836
0.01841
0.01838
0.01832
0.01849
0.01846
0.01895
0.01863
0.01842
0.01842
0.01833
0.01859
0.01835
0.01844
0.01839
0.01834
0.01834
0.01834
0.01835
0.01836
0.0186
0.01866
0.01839
0.01851
0.01836
0.01838
0.01837
0.0186
0.01851
0.01835
0.01833
0.01839
0.01832
0.01828
0.01956
0.01879
0.0185
0.0184
0.01837
0.01839
0.01845
0.01841
0.0183
0.01837
0.01846
0.0185
0.01857
0.01853
0.01855
0.01928
0.01908
0.01904
0.01905
0.01921
0.01967
0.02025
0.02079
0.02128
0.02066
0.02309
0.02176
0.0216
0.023
0.02581
0.02628
0.02604
0.02654
0.0237
0.02388
0.0241
0.02458
0.02505
0.02615
0.02664
0.02676
0.02688
0.02581
0.02736
0.02548
0.02714
0.02781
0.02669
0.02786
0.03118
0.03151
0.02941
0.03035
0.03113
0.03018
0.02819
0.02836
0.02888
0.0288
0.02881
0.02863
0.0307
0.02863
0.02903
0.02844
0.02883
0.02859
0.02908
0.02802
0.0282
0.02775
0.02856
0.02982
0.02903
0.02828
0.02787
0.02853
0.02859
0.02883
0.02858
0.02884
0.02891
0.02756
0.02758
0.02813
0.0286
0.02867
0.02879
0.029
0.02875
0.03005
0.02739
0.02772
0.02695
0.02663
0.027
0.02604
0.02601
0.02587
0.02668
0.02625
0.02631
0.02557
0.02756
0.02845
0.02712
0.02559
0.02609
0.02537
0.02504
0.02491
0.02434
0.02495
0.02454
0.02454
0.02384
0.02392
0.02429
0.02612
0.02594
0.0253
0.02494
0.02488
0.02462
0.02498
0.02602
0.02492
0.02453
0.02361
0.02485
0.02501
0.02415
0.0243
0.02263
0.02227
0.02204
0.02176
0.02167
0.0222
0.02208
0.02223
0.02211
0.02179
0.02134
0.02106
0.0211
0.02137
0.02073
0.02091
0.02107
0.02104
0.02078
0.02058
0.02043
0.0205
0.02045
0.02087
0.02045
0.02048
0.02062
0.02238
0.02233
0.02283
0.02704
0.02777
0.02948
0.02925
0.02998
0.0349
0.03888
0.03958
0.04076
0.03986
0.03808
0.03917
0.03932
0.03691
0.03608
0.03983
0.04317
0.04558
0.04231
0.0452
0.0455
0.04636
0.04414
0.04307
0.04373
0.04374
0.04335
0.04364
0.04376
0.04473
0.04226
0.04304
0.04067
0.04301
0.04283
0.04282
0.04328
0.04287
0.04372
0.04288
0.04304
0.04332
0.04315
0.04384
0.04403
0.04416
0.04475
0.04379
0.04158
0.04414
0.04137
0.04227
0.04388
0.04324
0.04294
0.04405
0.04294
0.04378
0.04243
0.04278
0.04335
0.04664
0.04821
0.04348
0.04405
0.04427
0.04482
0.04289
0.04407
0.04506
0.04389
0.04542
0.04584
0.04532
0.04467
0.04428
0.04505
0.04512
0.04562
0.0463
0.04607
0.04681
0.04377
0.0442
0.04325
0.04354
0.04317
0.04462
0.04451
0.04881
0.04423
0.04193
0.04238
0.04306
0.0428
0.04122
0.04236
0.04155
0.04211
0.04166
0.04274
0.04227
0.04278
0.04264
0.04276
0.04254
0.04335
0.0447
0.04419
0.04225
0.04222
0.04248
0.04346
0.04431
0.04294
0.04253
0.04125
0.04278
0.0438
0.04298
0.04424
0.04285
0.04297
0.04264
0.04082
0.04248
0.04078
0.04118
0.04169
0.04107
0.04331
0.04132
0.0411
0.04112
0.04024
0.04116
0.04329
0.04139
0.04079
0.04067
0.04162
0.04129
0.04183
0.04141
0.04135
0.04263
0.04151
0.04116
0.04181
0.04116
0.04074
0.04125
0.04182
0.04144
0.04453
0.04365
0.04261
0.04381
0.04294
0.04277
0.04284
0.04176
0.04416
0.0424
0.04093
0.04096
0.04043
0.04084
0.04047
0.04188
0.04219
0.04093
0.04169
0.04098
0.04411
0.04237
0.04408
0.04273
0.04394
0.04406
0.04249
0.04373
0.0433
0.04322
0.04298
0.04316
0.04595
0.043
0.0444
0.04264
0.04077
0.04296
0.04053
0.04228
0.04249
0.0435
0.04145
0.04182
0.04057
0.04198
0.04151
0.04184
0.0407
0.04316
0.04457
0.04078
0.04215
0.0419
0.04165
0.04145
0.04132
0.04152
0.04412
0.04329
0.04375
0.0438
0.04116
0.04222
0.0409
0.04036
0.04285
0.04302
0.04222
0.04136
0.04114
0.04117
0.04205
0.04042
0.04144
0.04127
0.04223
0.04042
0.04027
0.04126
0.04107
0.04115
0.04102
0.0424
0.04108
0.04108
0.04131
0.04191
0.04235
0.04035
0.04201
0.04101
0.04195
0.04093
0.04413
0.04324
0.04289
0.0429
0.04441
0.04278
0.04446
0.04465
0.04314
0.04338
0.04372
0.043
0.04429
0.04326
0.04953
0.04379
0.04379
0.04343
0.04353
0.04104
0.04213
0.04191
0.04417
0.04298
0.04246
0.04331
0.04438
0.04157
0.04153
0.04098
0.04528
0.04309
0.04344
0.04318
0.04273
0.04253
0.04376
0.04309
0.04369
0.04315
0.04412
0.04098
0.04179
0.04022
0.04271
0.04068
0.04148
0.04111
0.04243
0.04297
0.04149
0.04073
0.04043
0.04099
