0.00071
0.02414
0.01876
0.01839
0.0182
0.0182
0.01827
0.01821
0.01823
0.01824
0.01825
0.0182
0.01822
0.01822
0.01882
0.01845
0.01829
0.01825
0.01824
0.0183
0.01835
0.01835
0.0183
0.01834
0.01832
0.01835
0.0183
0.01833
0.01828
0.01885
0.0185
0.01835
0.01862
0.01868
0.01831
0.01812
0.0181
0.01797
0.01796
0.01801
0.01802
0.01805
0.01802
0.01804
0.01856
0.01837
0.01807
0.01807
0.01808
0.0181
0.01829
0.0183
0.01823
0.01802
0.01799
0.018
0.018
0.01803
0.01799
0.01856
0.01816
0.01801
0.01797
0.01822
0.018
0.01798
0.01801
0.018
0.01808
0.01804
0.01799
0.01801
0.01803
0.01802
0.01857
0.01824
0.01809
0.01813
0.01817
0.01845
0.01846
0.01891
0.01864
0.01847
0.01846
0.01863
0.01838
0.01871
0.02006
0.01916
0.01877
0.01875
0.01866
0.01874
0.01877
0.01879
0.01874
0.01874
0.0187
0.01871
0.01913
0.02229
0.01923
0.01923
0.01888
0.01874
0.01868
0.01874
0.01869
0.01859
0.01856
0.0186
0.0186
0.0186
0.01857
0.01852
0.01848
0.01983
0.01896
0.01861
0.01863
0.0186
0.01854
0.01853
0.01852
0.01846
0.01849
0.01847
0.01848
0.01842
0.01848
0.01846
0.01878
0.01874
0.01855
0.01848
0.0186
0.01852
0.01862
0.01866
0.01866
0.01848
0.0185
0.0185
0.01844
0.01847
0.01845
0.01903
0.01857
0.01855
0.01841
0.01887
0.01849
0.01841
0.01844
0.0187
0.01849
0.01844
0.01839
0.01834
0.01835
0.0197
0.01875
0.01845
0.01835
0.01833
0.01834
0.01839
0.01827
0.01835
0.01833
0.01828
0.01829
0.01837
0.01832
0.01826
0.01876
0.01861
0.01836
0.0183
0.01883
0.01846
0.01827
0.01831
0.01829
0.01827
0.01827
0.01829
0.0183
0.01835
0.01833
0.01888
0.0185
0.01833
0.01801
0.01831
0.01808
0.018
0.01833
0.0183
0.01828
0.02066
0.01864
0.01828
0.01815
0.01828
0.01865
0.01823
0.01815
0.01819
0.01839
0.01808
0.01807
0.01809
0.01808
0.01808
0.01805
0.01801
0.01807
0.01803
0.01812
0.01853
0.0182
0.01805
0.01807
0.01807
0.01835
0.01827
0.01807
0.01809
0.01804
0.01807
0.01802
0.01803
0.01801
0.01858
0.01847
0.0181
0.018
0.01801
0.01805
0.01813
0.01855
0.01852
0.01866
0.01874
0.01872
0.01862
0.01866
0.01855
0.01906
0.0189
0.01862
0.01851
0.01852
0.01852
0.01864
0.01852
0.01848
0.01839
0.01842
0.01833
0.01848
0.01873
0.01869
0.01926
0.01891
0.01872
0.01862
0.01867
0.01867
0.01869
0.01866
0.01874
0.01868
0.01878
0.01871
0.0187
0.01866
0.01933
0.01901
0.0185
0.0184
0.01845
0.01839
0.01842
0.01823
0.01835
0.01862
0.01856
0.01859
0.01871
0.01907
0.0193
0.01965
0.01897
0.01869
0.01882
0.01857
0.01865
0.01854
0.02229
0.01932
0.01898
0.01908
0.01907
0.01996
0.0213
0.02748
0.02734
0.0282
0.02897
0.02973
0.03039
0.0293
0.03025
0.02878
0.03043
0.03147
0.03155
0.03061
0.03153
0.0301
0.03007
0.03045
0.02814
0.02902
0.02849
0.02905
0.02923
0.02896
0.0302
0.02967
0.03228
0.03041
0.03082
0.0305
0.03041
0.03124
0.03248
0.03001
0.02982
0.02943
0.03112
0.02995
0.02767
0.02786
0.02854
0.02695
0.02829
0.02844
0.02828
0.0291
0.028
0.02709
0.02836
0.02916
0.02889
0.03028
0.0278
0.0289
0.02947
0.0289
0.03063
0.02983
0.03138
0.03018
0.02812
0.02947
0.03093
0.03157
0.03254
0.03769
0.04086
0.03943
0.0393
0.04061
0.04208
0.04013
0.04163
0.04168
0.04169
0.04194
0.04177
0.04197
0.03997
0.04137
0.04255
0.04116
0.04066
0.04079
0.04096
0.0409
0.04097
0.03962
0.04163
0.04168
0.04103
0.04178
0.04036
0.04018
0.0425
0.04281
0.03945
0.04197
0.04234
0.04263
0.04117
0.04013
0.04002
0.04201
0.04185
0.04131
0.04227
0.04
0.04204
0.04207
0.0426
0.04069
0.0397
0.04027
0.03975
0.03967
0.0397
0.04068
0.03994
0.04023
0.04055
0.04244
0.04122
0.04209
0.04231
0.04055
0.04058
0.03965
0.03986
0.0401
0.03958
0.04007
0.03996
0.03998
0.04149
0.03627
0.03863
0.04006
0.04024
0.03947
0.04038
0.03973
0.04012
0.04035
0.04038
0.04004
0.03977
0.03985
0.04033
0.03995
0.04031
0.03994
0.04207
0.03997
0.04006
0.03963
0.0397
0.03965
0.0396
0.04034
0.03982
0.04032
0.04017
0.03991
0.03986
0.04038
0.03966
0.04002
0.04021
0.04
0.04202
0.04066
0.03998
0.03995
0.04276
0.0427
0.04243
0.04202
0.04153
0.04263
0.04259
0.04272
0.04068
0.0403
0.04008
0.04023
0.04003
0.04114
0.04353
0.04234
0.0427
0.04266
0.04247
0.04274
0.0451
0.04323
0.04266
0.0428
0.04048
0.04016
0.04015
0.03999
0.0401
0.04018
0.04213
0.04062
0.041
0.04045
0.04023
0.04063
0.04049
0.04065
0.04047
0.04164
0.04068
0.04125
0.04101
0.04064
0.04087
0.0404
0.04025
0.04082
0.04191
0.04129
0.04007
0.04048
0.04039
0.04192
0.04009
0.03994
0.04066
0.04139
0.04089
0.04053
0.04055
0.04061
0.04078
0.04134
0.04038
0.0407
0.04096
0.04098
0.04081
0.04051
0.04086
0.04093
0.0408
0.04096
0.04075
0.03705
0.03857
0.04057
0.04006
0.0404
0.04064
0.04058
0.04095
0.04025
0.04131
0.04021
0.03347
0.0322
0.03269
0.03117
0.03352
0.03273
0.03334
0.03253
0.03235
0.03367
0.0329
0.02981
0.0322
0.03421
0.03849
0.03893
0.03881
0.04042
0.04087
0.03988
0.04061
0.04094
0.04096
0.04021
0.04075
0.03638
0.03487
0.03367
0.03162
0.03469
0.03419
0.03243
0.03026
0.03256
0.0364
0.03473
0.03483
0.03495
0.03452
0.03216
0.03384
0.03408
0.03532
0.03843
0.04279
0.04327
0.04339
0.04075
0.03909
0.04141
0.04044
0.04054
0.03875
0.03911
0.03942
0.03833
0.04002
0.0408
0.03998
0.04245
0.04278
0.04264
0.04414
0.04427
0.04314
0.04294
0.03776
0.03823
0.03675
0.0355
0.03344
0.03493
0.03515
0.03444
0.03454
0.03422
0.03513
0.03355
0.03441
0.03332
0.033
0.03141
0.03488
0.03411
0.03341
0.03263
0.0325
0.03252
0.03514
0.03493
0.03413
0.02931
0.03114
0.03142
0.03482
0.03576
0.03101
0.03539
0.03135
0.03234
0.0332
0.03358
0.0299
0.03123
0.03457
0.03058
0.02893
0.02719
0.02617
0.0273
0.03063
0.0316
0.03036
0.02979
0.03114
0.03326
0.02925
0.02889
0.02964
0.02834
0.03212
0.03327
0.03361
0.03493
0.03223
0.03331
0.03361
0.03237
0.03349
0.03212
0.03128
0.03151
0.02761
0.02782
0.03078
0.03035
0.02951
0.03086
0.03015
0.02866
0.02857
0.02777
0.02597
0.02436
0.02498
0.0243
0.02363
0.02368
0.02407
0.02251
0.02384
0.02471
0.02428
0.02475
0.02375
0.02297
0.02277
0.02401
0.02405
0.0239
0.02429
0.02425
0.0236
0.02323
0.02463
0.02577
0.02536
0.02487
0.02478
0.02463
0.02463
0.02324
0.02509
0.02568
0.02598
0.02506
0.02442
0.02665
0.02378
0.02267
0.0241
0.02481
0.02409
0.0263
0.02468
0.02549
0.02517
0.02435
0.0245
0.02436
0.02467
0.02424
0.02358
0.02379
0.02368
