0.00076
0.02461
0.02143
0.01873
0.01846
0.01845
0.01858
0.01851
0.01857
0.01884
0.01837
0.01855
0.01857
0.0185
0.01857
0.01904
0.01899
0.0182
0.01828
0.01843
0.01847
0.01825
0.01845
0.01855
0.01818
0.01847
0.01853
0.01854
0.01853
0.0183
0.01839
0.01985
0.01837
0.01826
0.01834
0.01813
0.01807
0.01883
0.01821
0.0182
0.01836
0.01826
0.01836
0.01836
0.01881
0.01847
0.01973
0.01844
0.01833
0.01833
0.01835
0.0183
0.01826
0.01838
0.01824
0.01825
0.01832
0.01828
0.01828
0.01832
0.0182
0.01867
0.01871
0.01855
0.01846
0.01851
0.01841
0.01843
0.01836
0.01837
0.01835
0.01836
0.01829
0.0184
0.01848
0.01853
0.01831
0.01855
0.01817
0.01819
0.01807
0.01811
0.01814
0.01826
0.01814
0.01813
0.01816
0.01817
0.01813
0.01875
0.01811
0.01812
0.01932
0.01822
0.01819
0.01817
0.01809
0.01832
0.01828
0.01836
0.0182
0.02193
0.01878
0.01827
0.01822
0.01816
0.01814
0.01909
0.01849
0.01843
0.01826
0.01836
0.01831
0.01831
0.01869
0.01819
0.01835
0.01832
0.01823
0.01856
0.01843
0.01856
0.01919
0.01844
0.01825
0.01824
0.01821
0.01855
0.0185
0.01848
0.01853
0.01839
0.01851
0.01851
0.01862
0.01854
0.01851
0.01887
0.01877
0.01856
0.01845
0.01846
0.01854
0.01865
0.01895
0.01857
0.01857
0.01857
0.01854
0.01858
0.01864
0.0188
0.01906
0.01884
0.01856
0.0186
0.01857
0.01845
0.01846
0.0185
0.01838
0.01845
0.01845
0.01843
0.01849
0.0185
0.01851
0.01897
0.01879
0.01849
0.0185
0.01851
0.01847
0.0185
0.01857
0.01843
0.01841
0.01846
0.01842
0.02004
0.02028
0.01825
0.01991
0.01857
0.01854
0.01853
0.01853
0.01854
0.01888
0.01853
0.01851
0.01867
0.01867
0.01858
0.01856
0.01945
0.01874
0.02071
0.01863
0.01822
0.01849
0.02304
0.01923
0.01836
0.01834
0.01831
0.01827
0.01825
0.01831
0.01837
0.01846
0.01828
0.01904
