0.00067
0.02031
0.01871
0.01826
0.01815
0.01822
0.01816
0.01822
0.01882
0.01834
0.01848
0.01809
0.01804
0.01796
0.01815
0.01804
0.01799
0.0181
0.01809
0.01826
0.0181
0.01804
0.01853
0.01818
0.01804
0.01802
0.01804
0.018
0.01804
0.01798
0.01805
0.01801
0.01795
0.01801
0.01806
0.01807
0.02074
0.01808
0.01763
0.01782
0.01771
0.01769
0.01768
0.01769
0.01766
0.01766
0.01766
0.01762
0.01764
0.01763
0.01864
0.01788
0.01775
0.01768
0.01768
0.01768
0.01775
0.01771
0.01775
0.01769
0.01761
0.01768
0.01776
0.0177
0.0191
0.01812
0.01786
0.01783
0.01777
0.01782
0.01782
0.01783
0.01779
0.01796
0.01784
0.01782
0.01779
0.01782
0.01781
0.0184
0.0182
0.01786
0.01787
0.01784
0.01818
0.01788
0.01783
0.01791
0.01783
0.01786
0.01788
0.01798
0.01818
0.01875
0.01845
0.01828
0.01818
0.01821
0.01823
0.01822
0.02019
0.02096
0.02052
0.0199
0.01823
0.01822
0.01851
0.01843
0.01826
0.01837
0.01831
0.018
0.01826
0.0184
0.01845
0.01843
0.01823
0.01818
0.01799
0.01794
0.01798
0.01855
0.0183
0.01842
0.01923
0.01869
0.01827
0.01814
0.01802
0.01809
0.01795
0.018
0.01798
0.01797
0.01813
0.01871
0.01824
0.01803
0.01811
0.01806
0.01818
0.0182
0.01826
0.01842
0.01832
0.0182
0.01822
0.01822
0.01817
0.01903
0.01822
0.01803
0.01815
0.01812
0.01808
0.01809
0.01806
0.01837
0.0182
0.0181
0.01813
0.01825
0.01812
0.0183
0.0184
0.01815
0.01811
0.01818
0.01812
0.01811
0.01811
0.01808
0.01803
0.01814
0.01803
0.01805
0.01807
0.02097
0.01847
0.01817
0.01805
0.01806
0.01811
0.0181
0.01816
0.01827
0.01827
0.01821
0.01818
0.01826
0.01819
0.01822
0.01871
0.01841
0.01828
0.01825
0.01814
0.01829
0.01831
0.01824
0.0183
0.02005
0.01881
0.0184
0.01834
0.01829
0.01866
0.01834
0.01832
0.01845
0.01832
0.01825
0.01829
0.01831
0.01825
0.01825
0.01823
0.01832
0.01829
0.01832
0.01876
0.01848
0.01842
0.01837
0.01831
0.01838
0.01827
0.01809
0.01814
0.0182
0.01817
0.01811
0.01819
0.01824
0.01894
0.01846
0.0183
0.01822
0.01825
0.01836
0.01833
0.01833
0.01822
0.01831
0.01831
0.01822
0.01823
0.01824
0.01925
0.01865
0.01828
0.01824
0.0183
0.01827
0.01821
0.01818
0.01826
0.0183
0.01832
0.01819
0.01822
0.01822
0.01823
0.01818
0.01798
0.01794
0.01791
0.01795
0.01794
0.0179
0.01793
0.01791
0.01785
0.01788
0.01794
0.01815
0.0181
0.01841
0.01805
0.01828
0.01812
0.01805
0.01801
0.01804
0.01812
0.0182
0.01814
0.0182
0.01815
0.01819
0.01812
0.01882
0.01818
0.0182
0.01832
0.01816
0.01822
0.01825
0.01816
0.01816
0.01842
0.02293
0.01864
0.01831
0.01919
0.01859
0.01808
0.01811
0.01838
0.01834
0.01844
0.01835
0.01833
0.01831
0.01827
0.01824
0.01828
0.01837
0.01882
0.01882
0.01843
0.01834
0.01836
0.0184
0.0184
0.01833
0.01832
0.01844
0.01836
0.01836
0.01843
0.01838
0.01838
0.0188
0.01834
0.01828
0.01836
0.0183
0.01832
0.01818
0.01826
0.01831
0.01824
0.01823
0.0184
0.01825
0.01829
0.01883
0.01842
0.01826
0.01825
0.02049
0.01835
0.01827
0.01826
0.01826
0.01825
0.01838
0.0183
0.01835
0.01825
0.01828
0.01843
0.01838
0.0183
0.01831
0.01834
0.01819
0.01827
0.01827
0.01827
0.01825
0.01833
0.01835
0.01828
0.01873
0.01838
0.01834
0.01844
0.01832
0.01834
0.01832
0.01825
0.01832
0.0183
0.01828
0.01833
0.01823
0.01835
0.0188
0.0185
0.01828
0.01834
0.01832
0.01834
0.0184
0.0183
0.01826
0.01828
0.01828
0.01825
0.02225
0.01878
0.01921
0.01843
0.01821
0.01829
0.01851
0.01829
0.01827
0.01821
0.01824
0.01832
0.0181
0.01829
0.01807
0.01807
0.01876
0.01858
0.01811
0.01819
0.01813
0.02169
0.01843
0.01813
0.01812
0.01819
0.01806
0.01822
0.01829
0.01781
0.01831
0.01825
0.01803
0.01798
0.01801
0.01811
0.0179
0.01811
0.01805
0.01815
0.01832
0.01818
0.01817
0.01821
0.01934
0.01839
0.01842
0.01808
0.01829
0.0183
0.01837
0.01833
0.01838
0.01842
0.01842
0.01833
0.01831
0.01838
0.01882
0.01873
0.01833
0.01821
0.01826
0.01816
0.01813
0.01824
0.01818
0.01816
0.0181
0.01818
0.01822
0.01771
0.01825
0.01821
0.01834
0.01826
0.0183
0.0182
0.01825
0.01855
0.01883
0.01853
0.01847
0.01852
0.01845
0.01851
0.01893
0.01949
0.01878
0.01848
0.01847
0.01844
0.01846
0.01844
0.01839
0.01853
0.01859
0.01849
0.01843
0.01846
0.02145
0.01937
0.01859
0.0185
0.0185
0.01838
0.01808
0.01837
0.01829
0.01811
0.01807
0.0181
0.01829
0.01818
0.01809
0.01854
0.01841
0.01812
0.01807
0.01807
0.0181
0.01809
0.01801
0.01807
0.01809
0.01802
0.01804
0.01809
0.01804
0.01811
0.01871
0.0182
0.01806
0.0182
0.01819
0.01814
0.01816
0.01843
0.01812
0.01815
0.01786
0.01786
0.01818
0.01849
0.01919
0.01849
0.01856
0.01856
0.01847
0.01853
0.0185
0.01845
0.01864
0.01877
0.01857
0.01849
0.01854
0.01848
0.01883
0.01871
0.01863
0.01878
0.0185
0.01847
0.01864
0.01851
0.01846
0.01852
0.01851
0.01853
0.01851
0.01859
0.01907
0.01885
0.01858
0.01859
0.01853
0.01849
0.01852
0.01853
0.01851
0.01867
0.01859
0.0186
0.01854
0.01851
0.01952
0.01893
0.01865
0.01856
0.01851
0.01854
0.01855
0.01854
0.01855
0.01852
0.0185
0.01854
0.01873
0.01855
0.02287
0.02074
0.01986
0.01856
0.01853
0.01853
0.0186
0.01859
0.01856
0.01859
0.01858
0.01847
0.01854
0.01849
0.01919
0.01905
0.0189
0.01878
0.01878
0.01883
0.01879
0.01884
0.01882
0.01874
0.01873
0.01872
0.01875
0.01871
0.0193
0.01892
0.01877
0.01887
0.01871
0.01849
0.01856
0.01863
0.01869
0.01866
0.01869
0.01861
0.01864
0.0186
0.01913
0.0186
0.01845
0.01841
0.01834
0.01835
0.0184
0.01856
0.01842
0.01834
0.01835
0.01836
0.01838
0.01843
0.01871
0.01865
0.01842
0.0184
0.01837
0.01838
0.01833
0.01832
0.01835
0.01849
0.01834
0.01831
0.01838
0.0183
0.01931
0.0188
0.01841
0.01841
0.0184
0.0184
0.0185
0.0185
0.0184
0.01845
0.01846
0.01837
0.01856
0.01851
0.01965
0.01898
0.01851
0.01831
0.0184
0.0183
0.0185
0.01863
0.0186
0.01853
0.01861
0.01861
0.01855
0.01866
0.01866
0.01906
0.01973
0.01914
0.01861
0.0186
0.01838
0.01852
0.01829
0.01834
0.01854
0.0185
0.01815
0.0182
0.0185
0.01866
0.01831
0.01851
0.01846
0.01825
0.01835
0.01836
0.01832
0.01838
0.01834
0.01822
0.01833
0.01833
0.01824
0.01871
0.01845
0.01817
0.01822
0.01823
0.01825
0.01835
0.01832
0.01819
0.01824
0.0182
0.01817
0.01825
0.01846
0.01897
0.01861
0.01814
0.01813
0.01818
0.01819
0.01866
0.01855
0.01845
0.01846
0.0184
0.01837
0.01845
0.01835
0.0187
0.0185
0.01824
0.01822
0.01848
0.01847
0.0185
0.01858
0.01871
0.01864
0.01861
0.01856
0.01861
0.01862
0.01902
0.01896
0.01859
0.01864
0.01864
0.01861
0.01865
0.0187
0.01855
0.01863
0.01858
0.01856
0.01857
0.01866
0.01884
0.01898
0.01863
0.01867
0.0187
0.01853
0.01862
0.01867
0.0186
0.01865
0.01869
0.01853
0.01857
0.01857
0.01854
0.01903
0.01874
0.02173
0.02099
0.02042
0.0202
0.02029
0.01842
0.01857
0.01859
0.01865
0.0185
0.01854
0.01897
0.01858
0.01858
0.01851
0.0184
0.01854
0.0202
0.01858
0.01849
0.0185
0.01837
0.01847
0.01846
0.01841
0.01935
0.01866
0.01846
0.01829
0.01825
0.01821
0.0182
0.01827
0.01819
0.01829
0.01823
0.01812
0.01818
0.01818
0.01866
0.01836
0.01822
0.01812
0.01816
0.01821
0.01813
0.01813
0.0181
0.01818
0.01817
0.0182
0.01821
0.01823
0.01846
0.01857
0.01833
0.01817
0.01818
0.01815
0.01822
0.01817
0.01819
0.01814
0.01817
0.01814
0.01815
0.01817
0.01834
0.01864
0.01849
0.01884
0.01857
0.01848
0.01841
0.01874
0.01864
0.01865
0.01865
0.01874
0.01872
0.01877
0.01918
0.01915
0.01888
0.01883
0.01994
0.01943
0.01885
0.0187
0.01876
0.0188
0.01886
0.01885
0.01891
0.01885
0.01905
0.01937
0.01896
0.01895
0.01889
0.02202
0.01916
0.01889
0.01866
0.01861
0.01852
0.01838
0.01841
