0.00074
0.0219
0.0195
0.0196
0.01858
0.01852
0.01852
0.01858
0.01855
0.02001
0.0184
0.01964
0.01822
0.01844
0.01815
0.01812
0.01816
0.01905
0.01802
0.01816
0.01815
0.01801
0.01809
0.01818
0.01814
0.01938
0.01822
0.01808
0.01805
0.01809
0.01802
0.01836
0.01788
0.01829
0.01826
0.01837
0.01829
0.01829
0.01819
0.01858
0.01837
0.01816
0.01825
0.01811
0.01822
0.01873
0.01822
0.01856
0.01862
0.01846
0.01855
0.01905
0.01891
0.01904
0.01926
0.01895
0.01877
0.01878
0.01871
0.01997
0.0188
0.01868
0.01871
0.01883
0.0188
0.01882
0.01883
0.0212
0.01902
0.0188
0.0186
0.01844
0.01848
0.01861
0.01856
0.01869
0.01844
0.01857
0.01854
0.01869
0.01889
0.01974
0.01894
0.01886
0.01886
0.01883
0.01883
0.01896
0.01881
0.01887
0.01891
0.01887
0.01885
0.01912
0.01985
0.02028
0.0189
0.01876
0.01876
0.01875
0.01892
0.02428
0.02006
0.01898
0.01895
0.01885
0.01896
0.01885
0.01901
0.02012
0.01936
0.01907
0.01906
0.01916
0.01936
0.01956
0.01922
0.01929
0.01946
0.01976
0.01952
0.01925
0.01952
0.01925
0.01904
0.019
0.01881
0.01893
0.01952
0.01887
0.01902
0.01893
0.01897
0.01887
0.01994
0.01886
0.01991
0.01909
0.01885
0.01906
0.01928
0.01933
0.01949
0.01915
0.01917
0.01931
0.01951
0.02037
0.01937
0.0194
0.02032
0.01948
0.01948
0.01959
0.0193
0.02154
0.02169
0.02162
0.02158
0.01921
0.01917
0.01917
0.01924
0.02069
0.01923
0.01904
0.01888
0.01858
0.01857
0.01837
0.01907
0.01852
0.01881
0.01887
0.01884
0.01897
0.01888
0.01983
0.01912
0.01907
0.01909
0.01908
0.01921
0.01921
0.01918
0.01927
0.01913
0.01903
0.01978
0.01949
0.01954
0.02045
0.01937
0.01948
0.01939
0.01928
0.01935
0.01964
0.01923
0.01917
0.01924
0.02353
0.01987
0.02051
0.02058
0.0191
0.01922
0.01912
0.01931
0.0191
0.01978
0.01947
0.01941
0.01915
0.01908
0.01915
0.01927
0.0192
0.02005
0.01921
0.01909
0.01906
0.01944
0.01919
0.01939
0.01924
0.01938
0.01946
0.01951
0.01922
0.01933
0.01927
0.01923
0.01909
0.01885
0.0188
0.01883
0.0188
0.0188
0.0188
0.01883
0.01891
0.01883
0.01879
0.0193
0.0214
0.0193
0.02165
0.02184
0.02191
0.02193
0.02094
0.01949
0.01957
0.0193
0.01931
0.01919
0.01922
0.02028
0.01944
0.01932
0.01929
0.01925
0.01947
0.01934
0.01916
0.01916
0.01941
0.01912
0.01917
0.01991
0.01925
0.02099
0.01923
0.01916
0.01943
0.01917
0.01973
0.02047
0.01955
0.01966
0.01976
0.02
0.01986
0.0203
0.01985
0.01974
0.01978
0.01977
0.01948
0.01966
0.01975
0.01958
0.01965
0.01952
0.01964
0.01927
0.01993
0.01957
0.02083
0.01973
0.0252
0.01993
0.01985
0.01968
0.01972
0.01961
0.01964
0.02001
0.01964
0.01984
0.01984
0.02058
0.02048
0.02004
0.01998
0.02
0.01998
0.02039
0.02008
0.01995
0.0199
0.02001
0.02068
0.02212
0.02202
0.02203
0.02004
0.01971
