1080	227	195	223
1079	234	195	215
1082	233	198	213
1082	232	199	217
1083	232	201	214
1086	233	201	215
1089	234	198	211
1092	233	199	213
1094	232	201	212
1096	234	201	213
1095	229	202	213
1097	227	204	214
1100	227	204	214
1102	229	203	214
1106	226	204	214
1102	225	204	213
1106	222	206	211
1109	221	203	210
1110	222	204	209
1111	222	204	208
1114	219	205	208
1116	218	202	209
1114	216	207	211
1113	220	208	208
1116	219	207	209
1116	214	209	210
1115	214	211	211
1117	212	211	209
1119	202	211	213
1122	207	210	212
1125	200	209	215
1123	197	212	209
1127	195	210	204
1127	195	210	203
1132	192	209	204
1135	195	212	204
1136	191	214	202
1134	189	210	202
1133	192	216	207
1135	186	212	201
1133	191	214	206
1141	191	217	207
1138	188	216	204
1139	191	217	203
1142	189	216	207
1137	188	220	206
1139	188	219	204
1141	189	219	205
1141	188	219	206
1144	183	219	205
1147	185	220	216
1144	180	221	204
1150	185	218	212
1147	180	219	216
1151	180	218	206
1146	181	218	206
1151	178	213	204
1155	171	215	200
1155	171	215	201
1157	172	216	198
1156	170	216	200
1161	175	214	197
1157	174	217	195
1161	173	215	195
1160	173	213	196
1162	174	214	194
1164	171	212	196
1163	169	215	195
1167	167	212	195
1165	168	211	197
1170	170	209	197
1164	169	211	198
1168	170	211	198
1167	165	207	199
1167	171	211	203
1171	171	211	197
1165	169	212	202
1166	163	213	202
1169	165	213	203
1167	162	211	204
1164	165	214	205
1163	174	216	213
1165	172	216	212
1168	169	215	213
1167	173	215	217
1162	171	218	220
1164	173	218	216
1164	173	219	219
1162	173	221	225
1165	172	219	225
1160	175	221	226
1161	172	219	229
1154	171	224	232
1165	172	218	227
1154	173	226	234
1161	174	220	233
1154	176	224	235
1161	179	223	234
1156	179	227	233
1156	181	227	231
1157	189	229	230
1153	187	228	233
1151	188	232	230
1150	185	230	233
1150	186	231	240
1145	185	235	242
1143	188	237	240
1145	188	237	240
1144	187	238	241
1142	190	238	241
1141	190	243	240
1141	192	243	240
1138	196	247	239
1138	196	247	238
1137	197	247	243
1138	196	245	247
1139	201	247	248
1132	201	249	251
1132	205	250	250
1133	203	250	253
1129	208	255	251
1130	208	257	251
1130	210	259	252
1129	212	258	253
1129	206	260	255
1133	208	257	257
1132	213	262	259
1127	208	259	260
1135	212	261	261
1130	208	265	260
1130	213	260	262
1134	210	259	259
1131	215	261	260
1131	218	262	261
1131	219	261	259
1132	220	260	260
1133	218	261	258
1133	217	260	260
1132	219	262	258
1132	220	262	260
1130	216	262	260
1134	215	263	261
1128	216	263	261
1134	214	262	260
1133	212	266	262
1135	216	261	260
1131	214	267	264
1135	216	263	265
1128	216	267	267
1135	215	261	268
1134	213	265	269
1133	213	261	272
1134	215	262	270
1135	217	262	271
1134	219	262	268
1136	221	262	275
1135	221	260	265
1133	221	265	269
1131	227	263	268
1131	226	263	267
1132	232	262	267
1129	232	263	266
1139	234	254	268
1128	235	263	269
1120	239	268	265
1124	241	264	269
1122	241	266	266
1121	241	266	272
1123	242	261	273
1124	245	267	270
1125	245	265	270
1121	243	268	272
1123	247	261	272
1123	248	263	271
1123	251	262	276
1126	255	260	269
1122	252	266	275
1125	261	256	271
1125	265	259	270
1123	262	258	274
1128	263	258	275
1127	267	256	272
1125	269	256	273
1123	268	261	273
1128	270	255	274
1125	268	256	276
1128	269	253	274
1124	271	259	272
1124	270	257	276
1126	273	255	278
1119	267	261	278
1121	273	260	275
1118	272	260	277
1119	274	263	278
1119	277	261	275
1118	276	264	278
1118	275	262	276
1112	281	269	276
1114	279	265	276
1109	282	272	272
1116	279	263	277
1116	285	264	274
1112	283	273	274
1112	282	267	277
1110	281	268	279
1110	282	268	276
1115	283	265	276
1115	287	265	276
1115	288	264	270
1120	286	263	276
1121	290	260	272
1121	288	262	277
1123	287	259	272
1120	290	267	274
1115	287	268	274
1117	292	272	271
1115	289	271	270
1113	286	272	274
1113	285	277	273
1112	284	274	279
1118	287	273	275
1107	286	282	278
1117	292	278	272
1117	286	279	278
1113	285	287	280
1113	288	281	276
1115	285	283	283
1114	287	282	280
1116	283	282	281
1109	288	290	280
1112	284	287	282
1116	282	286	286
1115	285	291	284
1126	279	290	290
1125	282	289	287
1130	278	282	297
1134	279	282	293
1139	274	284	297
1133	277	285	294
1138	274	280	298
1144	274	279	298
1147	272	277	300
1142	273	283	301
1135	266	293	304
1130	266	303	305
1132	267	303	306
1131	265	305	306
1144	271	295	307
1127	266	318	312
1143	270	296	313
1125	273	319	310
1163	267	288	314
1132	268	317	317
1145	269	307	316
1166	270	286	321
1130	272	322	321
1140	266	315	319
1140	270	313	325
1142	269	317	320
1143	265	319	327
1132	267	322	326
1139	272	323	325
1128	269	332	331
1135	272	332	327
1129	268	333	333
1133	264	333	334
1120	267	338	332
1118	265	346	333
1121	268	351	337
1128	266	346	335
1119	262	354	341
1123	264	347	343
1131	269	342	340
1147	266	329	341
1125	268	348	346
1156	271	320	343
1132	269	349	346
1129	269	349	344
1163	272	318	347
1135	272	344	348
1164	279	307	349
1127	268	347	354
1166	283	306	349
1180	287	298	345
1181	290	296	349
1130	284	342	349
1176	291	302	351
1133	293	345	348
1130	299	348	348
1149	298	322	350
1119	303	355	350
1122	304	357	350
1113	307	358	354
1114	307	356	351
1117	314	354	349
1119	313	352	349
1124	319	349	351
1112	320	360	349
1124	327	350	355
1116	326	357	357
1111	323	354	356
1117	326	355	360
1108	327	361	366
1110	329	360	365
1120	333	356	364
1111	333	368	366
1111	334	360	365
1121	336	364	365
1106	336	372	368
1109	333	368	369
1114	339	367	367
1113	339	370	369
1110	338	372	371
1104	335	376	372
1107	337	376	374
1113	333	371	374
1115	336	369	372
1111	332	371	377
1112	335	376	377
1115	332	370	380
1110	332	382	381
1116	334	375	380
1122	335	364	381
1111	334	380	383
1113	336	383	387
1121	333	375	380
1115	336	382	386
1123	330	373	390
1119	340	378	388
1132	334	365	386
1123	337	374	392
1127	334	374	386
1134	342	367	382
1120	336	382	385
1122	333	382	391
1106	335	398	390
1105	337	416	395
1130	336	380	389
1134	337	376	397
1117	340	399	394
1127	344	394	389
1120	341	397	395
1127	340	394	397
1145	346	375	390
1129	356	396	386
1156	357	373	384
1122	354	410	389
1141	357	387	386
1120	361	411	387
1149	361	386	380
1121	364	417	384
1131	369	406	379
1140	371	399	375
1139	369	402	376
1154	378	392	376
1147	379	396	378
1153	381	395	370
1152	384	391	369
1153	387	393	369
1151	391	393	371
1149	395	402	378
1150	395	399	379
