0	216	64	50
-2	214	72	52
-1	213	76	50
-1	210	84	52
2	207	90	54
0	204	92	55
2	201	94	55
-2	201	97	55
-1	198	100	55
-2	197	102	51
-2	197	102	51
-2	197	102	51
-2	197	102	51
-2	197	102	51
-2	197	102	51
-2	197	102	51
-2	197	102	51
358	296	73	47
499	335	72	58
639	231	87	46
639	231	87	46
639	231	87	46
639	231	87	46
639	231	87	46
639	231	87	46
639	231	87	46
639	231	87	46
639	231	87	46
639	231	87	46
639	231	87	46
639	231	87	46
639	231	87	46
786	274	70	55
786	274	70	55
786	274	70	55
786	274	70	55
786	274	70	55
786	274	70	55
786	274	70	55
786	274	70	55
883	229	50	58
887	231	50	57
889	229	55	57
894	231	58	61
898	227	61	68
903	225	63	68
907	222	65	71
909	224	71	74
912	219	71	82
918	224	69	80
919	218	70	82
927	225	69	80
929	229	66	75
935	235	64	77
940	233	59	77
943	234	61	81
947	233	60	81
950	232	58	82
952	235	53	80
956	235	48	79
959	234	46	85
962	233	50	91
967	228	52	93
969	230	51	97
973	241	48	94
975	253	48	86
979	259	48	80
983	262	47	80
984	267	47	81
985	276	49	75
987	278	52	76
989	283	55	73
993	286	55	74
994	291	54	78
997	294	52	77
997	297	57	78
1000	304	58	75
1002	308	59	75
1002	308	66	79
1004	313	63	85
1006	311	62	87
1007	313	66	91
1010	317	62	90
1011	316	65	91
1012	322	68	89
1015	323	70	91
1015	343	63	78
1018	355	60	74
1019	362	60	72
1020	366	60	71
1022	371	58	68
1024	375	59	70
1024	379	62	65
1028	385	59	66
1027	386	62	65
1030	393	60	63
1032	396	63	62
1033	400	61	62
1034	405	59	59
1036	409	61	57
1037	412	63	56
1039	416	61	54
1039	419	62	53
1043	423	62	55
1043	424	61	55
1047	427	60	56
1046	429	59	54
1051	432	59	58
1052	435	59	58
1055	438	58	58
1056	440	58	57
1058	444	59	57
1059	446	58	56
1064	448	57	57
1068	449	56	59
1070	427	81	88
1071	419	88	97
1073	423	90	95
1076	427	92	93
1082	426	89	92
1084	435	86	99
1087	439	88	97
1090	439	86	98
1091	440	87	96
1093	440	86	97
1095	439	85	98
1096	440	85	99
1096	435	86	100
1102	441	83	100
1102	436	86	101
1102	442	81	99
1106	437	81	102
1110	446	78	95
1110	443	74	98
1112	447	66	94
1117	449	57	93
1122	449	70	93
1122	450	65	94
1127	451	61	90
1131	454	57	91
1134	451	58	94
1137	458	58	88
1140	457	59	89
1143	458	60	89
1144	455	63	92
1134	456	68	90
1133	453	69	89
1136	458	68	86
1142	464	68	80
1141	465	70	78
1142	464	76	79
1145	468	79	74
1146	467	82	75
1149	469	86	71
1150	469	91	75
1150	472	95	71
1152	475	98	69
1152	475	103	69
1154	480	108	65
1155	483	112	61
1156	484	114	62
1157	486	116	60
1155	489	120	58
1157	489	121	59
1163	494	120	55
1166	496	119	56
1165	498	117	56
1168	501	116	57
1173	504	116	58
1175	507	115	54
1178	510	115	53
1181	513	114	51
1183	516	112	52
1188	524	108	47
1189	531	104	43
1190	531	101	43
1193	535	90	47
1196	535	88	44
1198	536	85	50
1198	535	86	51
1200	535	89	53
1202	534	90	55
1203	532	91	58
1203	530	85	53
1205	535	88	55
1205	529	86	62
1204	530	85	58
1206	531	87	57
1207	529	85	61
1209	532	74	56
1214	531	73	58
1214	531	72	55
1214	533	69	55
1215	529	73	58
1217	535	68	53
1219	535	64	54
1221	534	66	54
1221	533	69	52
1224	531	71	54
1225	530	75	54
1226	523	78	61
1228	520	84	63
1228	517	88	66
1231	514	88	67
1234	521	90	59
1235	522	93	56
1237	523	95	52
1238	519	100	53
1241	518	103	52
1243	515	108	54
1244	514	107	52
1249	510	111	53
1251	514	101	48
1254	514	99	46
1256	510	97	49
1258	513	100	42
1261	510	96	45
1274	508	91	48
1276	510	89	45
1269	508	103	45
1268	505	106	46
1268	503	107	47
1272	503	108	46
1274	501	99	47
1276	500	104	47
1277	497	103	50
1277	498	97	48
1280	497	93	49
1278	496	94	48
1281	495	90	50
1282	494	90	49
1282	493	91	50
1281	491	85	52
1283	490	82	51
1283	489	87	56
1283	488	84	52
1283	488	83	53
1283	488	80	51
1285	487	76	50
1284	487	73	48
1286	486	69	50
1288	484	63	49
1287	483	59	49
1287	481	59	49
1282	480	61	49
1282	478	61	49
1281	477	64	50
1281	476	63	48
1280	474	62	49
1280	471	62	49
1280	468	64	50
1280	467	63	50
1280	465	64	50
1279	464	64	49
1278	463	63	48
1277	478	64	34
1278	474	65	36
1275	473	61	34
1274	470	61	37
1275	469	64	37
1274	466	67	37
1272	464	67	37
1270	464	64	32
1269	460	58	32
1268	457	59	32
1267	454	58	34
1266	452	60	35
1265	450	59	35
1267	447	58	38
1265	445	56	38
1265	442	55	38
1262	440	56	40
1262	438	57	42
1257	435	56	36
1257	434	54	34
1254	431	55	33
1255	428	56	33
1253	425	56	33
1250	422	58	33
1250	420	57	33
1249	418	57	33
1248	416	57	33
1246	413	59	34
1247	409	57	35
1245	406	56	34
1246	403	54	33
1244	400	54	30
1245	398	53	31
1244	395	54	31
1243	393	54	32
1245	391	51	32
1243	388	51	32
1242	385	51	33
1243	383	51	34
1242	381	49	32
1242	380	47	33
1242	378	50	34
1243	377	54	37
1242	374	52	36
1243	374	52	38
1242	371	51	39
1244	371	51	38
1246	370	49	38
1246	368	47	39
1247	367	48	38
1247	367	50	38
1248	366	47	38
1248	365	48	40
1248	363	46	41
1249	365	44	40
1249	364	45	40
1251	365	42	40
1252	365	42	41
1253	366	41	40
1254	366	39	40
1255	365	38	41
1256	366	38	41
1257	366	37	43
1257	367	37	43
1258	367	35	40
1260	368	34	40
1261	368	31	34
1263	370	31	36
1263	372	30	34
1266	371	29	36
1266	372	30	35
1271	371	28	37
1270	375	30	36
1269	375	32	37
1269	375	33	39
1267	377	37	36
1267	377	42	35
1268	378	44	35
1267	379	47	34
1271	383	51	33
1270	383	52	30
1270	383	55	32
1272	383	56	31
1273	386	59	31
1274	387	62	29
1275	389	66	30
1276	389	67	29
1278	390	68	27
1279	391	69	29
1281	391	70	29
1282	391	71	30
1283	391	71	30
1288	390	70	28
1287	390	69	29
1288	388	73	28
1292	386	71	29
1293	385	73	30
1298	384	72	29
1301	383	72	28
1303	381	71	28
1305	379	73	28
1309	377	71	28
1312	376	75	28
1315	374	75	29
1318	374	76	27
1322	373	77	28
1325	373	76	28
1327	371	76	28
1330	369	73	26
1336	368	74	26
1339	367	76	27
1343	366	73	27
1346	364	71	29
1350	363	75	29
1352	361	72	30
1357	359	69	29
1360	358	71	29
1364	357	67	30
1368	356	69	29
1373	355	68	29
1377	353	70	29
1381	353	69	28
1384	353	73	30
1389	352	67	28
1391	351	71	30
1395	351	74	29
1400	351	71	28
1403	351	74	28
1407	351	72	29
1412	351	69	27
1413	351	67	28
1416	351	67	29
1420	351	70	29
1421	351	72	29
1427	352	76	28
1427	352	76	29
1429	354	77	29
1431	353	84	30
1435	355	84	31
1437	357	84	30
1440	358	85	29
1440	360	87	30
1442	360	89	30
1447	362	89	30
1448	364	89	29
1446	365	87	30
1450	367	88	29
1453	368	84	29
1455	370	86	29
1454	370	84	30
1456	372	85	29
1456	373	86	29
1459	374	87	28
1461	375	84	30
1463	378	84	30
1464	380	83	29
1464	382	85	29
1470	385	82	29
1471	388	82	29
1471	391	81	31
1475	394	81	30
1475	397	84	31
1478	399	81	32
1480	401	85	31
1485	404	78	31
1488	406	77	33
1486	407	78	35
1488	409	76	38
1489	413	69	34
1489	417	62	37
1490	420	63	38
1491	423	63	37
1493	426	61	35
1494	428	61	37
1495	431	63	37
1496	434	60	38
1496	437	59	38
1496	441	58	37
1499	442	65	38
1501	443	65	39
1502	445	67	41
1501	448	66	40
1499	451	56	38
1498	452	56	37
1497	458	57	34
1495	460	62	32
1494	462	66	31
1495	466	68	28
1494	467	73	28
1493	468	78	27
1492	467	83	30
1490	468	87	30
1491	466	93	30
1488	468	94	29
1489	468	98	29
1487	467	99	29
1488	468	100	29
1487	468	103	29
1488	468	105	28
1487	467	107	29
1488	467	107	29
1489	468	108	28
1489	466	107	30
1488	467	108	30
1490	465	108	31
1487	466	111	30
1490	465	110	31
1494	464	106	31
1491	464	104	32
1493	463	101	33
1494	463	100	32
1495	462	101	34
1496	463	95	32
1497	463	100	33
1497	464	102	34
1498	464	101	35
1502	462	94	34
1500	460	89	32
1503	460	77	29
1503	458	89	34
1504	458	80	35
1506	458	87	37
1508	456	78	36
1510	457	86	36
1512	456	90	39
1515	456	93	40
1516	457	91	39
1519	456	94	40
1521	455	91	43
1523	456	91	43
1526	456	95	44
1527	453	89	43
1534	455	91	49
1531	452	98	49
1537	453	97	50
1537	452	95	51
1541	451	85	48
1542	450	78	43
1543	449	78	42
1545	450	86	45
1552	449	78	43
1552	449	87	46
1553	447	89	48
1555	446	90	48
1559	447	90	49
1562	445	85	49
1564	448	90	50
1566	444	82	48
1569	447	84	49
1570	445	81	48
1572	444	79	38
1574	445	83	39
1577	444	87	41
1581	444	79	41
1580	446	80	37
1583	447	82	36
1587	447	82	34
1587	446	80	31
1588	447	81	31
1591	447	79	31
1593	445	83	34
1594	445	83	36
1597	445	84	37
1600	444	79	39
1602	441	86	42
1603	443	86	48
1608	445	74	46
1606	441	88	48
1611	441	84	52
1613	440	87	55
1613	441	87	58
1614	440	89	58
1616	445	85	58
1618	441	89	61
1619	446	85	58
1622	442	90	62
1622	442	88	62
1623	443	89	63
1621	448	84	59
1620	464	68	42
1620	468	67	38
1620	472	71	34
1621	474	72	31
1620	474	74	32
1620	473	76	33
1620	472	81	35
1620	472	85	34
1622	472	86	34
1624	474	88	33
1626	473	86	35
1625	473	82	34
1626	474	87	34
1626	471	83	37
1626	472	77	36
1627	472	75	37
1627	472	79	38
1627	471	74	38
1628	471	83	40
1630	471	82	40
1631	470	82	41
1630	470	82	43
1629	469	84	44
1629	468	85	45
1630	467	87	48
1636	466	78	46
1640	464	66	44
1639	463	68	38
1640	464	62	35
1642	465	61	31
1645	464	56	31
1645	465	57	32
1645	465	56	31
1645	465	55	33
1646	463	53	34
1650	465	54	32
1652	464	54	36
1655	465	57	36
1659	464	56	35
1661	466	55	34
1661	466	57	34
1663	463	56	36
1665	466	54	33
1667	466	55	34
1668	467	58	35
1670	466	59	34
1673	466	54	33
1673	467	56	33
1675	465	56	35
1676	465	58	35
1677	465	60	35
1677	464	60	36
1678	460	60	40
1680	462	58	37
1679	459	60	40
1679	458	64	39
1681	456	67	41
1681	456	71	40
1681	452	76	42
1684	452	76	43
1684	452	78	40
1684	451	84	44
1684	449	85	42
1687	449	82	42
1684	447	82	40
1684	446	80	40
1683	445	80	40
1683	444	80	39
1685	444	80	39
1681	442	84	41
1684	441	81	39
1684	441	84	42
1684	441	82	42
1684	441	83	43
1682	441	85	40
1683	442	87	38
1684	443	85	37
1685	443	84	33
1684	444	87	33
1684	445	93	34
1685	447	93	30
1688	448	87	30
1689	447	91	33
1693	448	86	33
1696	448	86	31
1700	449	82	33
1706	450	76	32
1708	451	70	33
1712	452	68	32
1714	453	64	35
1717	454	60	37
1718	456	58	35
1720	457	58	38
1723	457	56	40
1727	460	53	39
1731	459	50	42
1731	463	48	41
1734	463	47	42
1738	465	45	41
1741	468	44	44
1742	469	43	43
1747	471	42	44
1749	474	42	44
1754	476	40	43
1755	478	44	45
1758	481	45	43
1762	483	45	44
1764	486	45	45
1765	486	47	46
1768	491	47	44
1769	493	48	42
1768	494	51	42
1768	498	54	41
1768	500	57	37
1764	503	63	35
1765	505	67	37
1765	506	73	36
1764	507	75	36
1764	508	82	36
1763	507	91	37
1764	509	93	37
1763	511	97	35
1764	510	99	36
1760	511	107	37
1763	511	107	36
1762	511	111	36
1761	512	111	36
1762	513	110	36
1760	513	112	35
1761	513	113	36
1761	513	109	34
1760	512	121	39
1760	512	117	39
1761	512	113	36
1762	510	110	38
1764	509	109	39
1762	509	113	42
1759	508	113	42
1760	507	111	42
1756	507	110	42
1759	506	103	38
1757	504	98	35
1754	501	101	35
1754	500	103	36
1755	497	95	35
1757	493	91	37
1755	490	86	42
1754	486	92	50
1753	482	91	60
1752	479	93	61
1751	476	94	63
1749	474	92	62
1749	472	87	68
1745	471	89	67
1743	469	84	53
1741	466	81	44
1740	463	81	44
1739	461	82	43
1738	458	84	43
1739	458	83	45
1738	455	85	46
1737	453	85	48
1739	452	84	52
1744	450	77	50
1750	447	72	49
1754	446	66	49
1756	443	60	52
1760	442	53	53
1630	527	60	32
1632	521	58	37
1634	518	58	42
1634	517	58	45
1634	515	58	46
1635	513	57	47
1637	511	56	50
1638	511	55	52
1637	504	58	62
1634	504	60	69
1634	500	59	75
1635	499	51	79
1635	500	43	86
1636	496	42	86
1636	496	44	91
1635	491	45	86
1635	490	45	81
1637	487	47	83
1636	488	47	86
1637	487	49	91
1641	495	46	83
1652	517	39	62
1703	600	48	38
1700	601	52	33
1699	602	56	33
1698	603	59	32
1697	604	62	32
1697	606	67	33
1697	608	69	31
1695	609	71	33
1694	610	71	32
1694	610	72	32
1692	612	72	33
1691	615	71	33
1688	616	71	32
1686	615	65	31
1685	618	63	30
1683	619	65	31
1682	620	66	32
1680	624	69	32
1679	626	71	33
1679	627	72	34
1678	630	73	33
1675	630	77	34
1672	631	83	36
1668	625	88	45
1666	629	87	42
1663	632	90	42
1662	636	85	41
1660	640	83	39
1660	646	81	39
1658	649	77	37
1657	651	74	37
1654	653	75	39
1651	653	78	42
1647	654	79	49
1647	652	80	52
1643	663	77	45
1646	673	67	40
1639	678	67	38
1639	681	65	36
1638	685	66	34
1638	689	66	32
1631	694	70	31
1630	698	68	29
1630	701	72	32
1630	704	68	32
1628	707	72	30
1628	709	73	31
1627	712	73	30
1616	714	82	33
1617	714	78	35
1623	719	76	32
1620	718	77	35
1617	723	80	34
1618	725	80	35
1621	727	78	35
1621	730	78	35
1620	733	81	34
1620	736	83	37
1620	745	75	37
1623	751	69	39
1620	752	68	35
1619	754	74	33
1619	758	71	38
1624	760	69	37
1621	764	67	36
1621	766	64	37
1617	768	64	37
1616	771	63	37
1616	774	67	36
1615	775	64	37
1614	777	65	40
1612	781	65	36
1612	785	66	36
1612	789	65	31
1612	790	66	31
1604	793	72	36
1603	795	71	36
1602	796	74	36
1600	797	71	37
1596	798	69	38
1596	799	69	40
1595	798	75	44
1592	800	73	45
1591	800	74	46
1590	803	73	46
1589	805	68	44
1584	805	68	44
1586	808	62	43
1585	819	54	38
1584	822	51	36
1583	823	51	39
1581	828	43	36
1579	830	39	35
1579	829	42	40
1578	830	42	42
1578	832	40	41
1576	831	39	43
1574	831	40	47
1573	831	40	49
1571	831	41	50
1570	831	41	50
1568	831	40	57
1567	833	35	59
1566	832	34	66
1564	831	36	68
1563	833	31	71
1561	834	30	74
1560	836	29	73
1559	839	30	76
1556	842	30	74
1555	848	30	69
1554	851	29	72
1552	856	27	70
1551	864	26	67
1549	863	27	69
1547	867	26	67
1545	872	26	66
1544	878	27	61
1543	881	27	62
1541	883	28	63
1540	888	27	60
1539	889	24	64
1538	892	25	66
1537	897	24	67
1536	899	22	71
1535	903	23	70
1534	908	25	73
1533	912	25	73
1531	916	25	69
1530	920	26	75
1530	927	28	76
1526	932	29	73
1530	928	25	74
1531	958	25	57
1530	957	26	66
1529	962	28	63
1529	964	30	64
1529	971	26	59
1529	976	33	63
1528	977	31	63
1528	980	30	65
1528	983	28	65
1528	988	30	66
1528	991	31	63
1529	1004	30	58
1529	1004	30	57
1530	1009	30	56
1532	1016	29	57
1532	1018	30	55
1531	1019	30	57
1530	1019	32	57
1531	1024	34	55
1530	1026	36	54
1530	1038	35	43
1534	1048	31	32
1535	1054	31	27
1534	1056	31	25
1533	1062	31	19
1532	1064	32	16
1532	1064	32	16
1532	1064	32	16
1532	1064	32	16
1532	1064	32	16
1532	1064	32	16
1532	1064	32	16
1532	1064	32	16
1532	1064	32	16
1532	1064	32	16
1532	1064	32	16
1532	1064	32	16
1532	1064	32	16
1532	1064	32	16
1532	1064	32	16
1532	1064	32	16
1532	1064	32	16
1532	1064	32	16
1532	1064	32	16
1532	1064	32	16
1532	1064	32	16
1536	1048	32	27
1536	1048	32	27
1536	1048	32	27
1536	1048	32	27
1536	1048	32	27
1536	1048	32	27
1536	1048	32	27
1536	1048	32	27
1536	1048	32	27
1536	1048	32	27
1536	1048	32	27
1536	1048	32	27
1536	1048	32	27
1536	1048	32	27
1536	1048	32	27
1536	1048	32	27
1536	1048	32	27
1621	1009	26	23
1625	1012	42	30
1701	943	47	32
1701	941	49	36
1702	941	51	39
1703	946	54	37
1705	948	53	33
1704	949	57	36
1704	951	59	36
1710	953	57	36
1711	954	57	38
1711	955	59	38
1711	956	56	36
1713	956	54	37
1715	958	54	39
1719	959	48	34
1718	959	47	32
1719	960	47	37
1721	961	49	39
1722	961	45	37
1722	963	46	38
1723	963	47	37
1723	963	50	39
1723	965	52	38
1725	965	52	38
1728	966	54	37
1725	966	56	38
1729	967	56	36
1731	967	60	38
1732	968	59	37
1732	969	60	35
1732	969	62	36
1736	971	60	34
1739	971	60	35
1738	971	63	38
1746	972	57	36
1748	973	71	36
1748	975	77	35
1754	976	78	36
1755	978	78	34
1756	977	78	35
1760	979	75	35
1760	979	60	34
1763	978	57	36
1765	980	55	34
1766	981	52	36
1768	981	51	36
1771	983	51	34
1772	983	53	36
1774	983	55	36
1777	984	54	36
1781	985	53	37
1782	986	53	37
1783	986	55	38
1784	987	58	39
1789	988	59	38
1793	988	56	38
1795	989	54	44
1797	989	56	44
1800	990	51	45
1801	991	50	44
1803	992	53	45
1805	993	51	45
1807	991	55	47
1808	991	56	47
1806	995	48	45
1805	998	48	42
1808	992	56	47
1809	993	58	46
1811	992	59	48
1812	991	61	49
1815	990	64	50
1816	990	67	50
1817	990	71	51
1818	992	77	51
1821	1003	74	39
1820	1006	71	35
1823	1005	72	36
1822	1007	80	34
1826	1007	91	34
1830	1007	87	35
1829	1006	87	37
1829	1007	87	35
1830	1006	86	36
1830	1005	87	37
1831	1003	88	41
1832	1000	87	42
1831	998	79	44
1828	1002	71	41
1825	1005	62	36
1827	1006	64	35
1826	993	75	48
1825	1002	73	40
1824	1000	76	40
1824	1001	81	38
1825	1003	83	35
1825	1004	84	35
1826	1001	90	38
1825	1003	88	38
1826	1002	88	38
1826	1002	89	39
1824	1002	91	37
1825	1003	91	36
1824	1003	92	37
1827	1004	90	38
1827	1004	90	39
1828	1006	89	37
1830	1006	88	38
1829	1006	86	40
1828	1008	75	41
1825	1011	79	38
1822	1011	76	37
1826	1013	78	37
1828	1013	75	37
1824	1015	77	38
1824	1016	78	36
1824	1019	82	35
1828	1020	79	35
1830	1021	80	34
1827	1021	81	37
1829	1021	81	40
1832	1022	83	40
1832	1023	82	38
1832	1026	84	37
1833	1027	84	38
1835	1029	83	38
1834	1030	83	39
1835	1030	81	41
1840	1031	77	41
1839	1032	80	42
1840	1033	78	43
1840	1035	78	44
1836	1037	80	42
1836	1041	80	38
1838	1042	77	37
1839	1043	77	36
1839	1045	79	34
1837	1044	81	35
1839	1045	80	34
1838	1045	80	36
1839	1044	77	36
1842	1044	75	36
1843	1044	74	36
1839	1045	78	36
1843	1047	76	34
1845	1048	71	32
1846	1047	73	36
1848	1046	70	35
1850	1049	70	31
1853	1051	65	29
1857	1052	59	29
1860	1055	50	24
1865	1057	45	23
1866	1060	48	18
1872	1062	47	18
1874	1063	44	17
1878	1067	41	12
1885	1070	34	9
1889	1072	31	6
1893	1072	26	7
1893	1072	26	7
1893	1072	26	7
1893	1072	26	7
1893	1072	26	7
1893	1072	26	7
1893	1072	26	7
1893	1072	26	7
1893	1072	26	7
1893	1072	26	7
1893	1072	26	7
1893	1072	26	7
1893	1072	26	7
1893	1072	26	7
1893	1072	26	7
1893	1072	26	7
1893	1072	26	7
1893	1072	26	7
1893	1072	26	7
1893	1072	26	7
1893	1072	26	7
1893	1072	26	7
1893	1072	26	7
1893	1072	26	7
1893	1072	26	7
