887	301	249	101
895	296	223	111
892	296	235	110
883	301	236	105
881	295	238	109
878	302	234	104
887	296	239	109
881	301	233	109
876	297	229	106
876	294	242	109
875	302	239	105
875	298	226	109
873	298	248	110
876	298	231	112
872	298	249	110
876	297	241	110
871	297	245	108
868	296	241	107
857	293	266	108
878	291	241	112
867	287	241	116
865	290	231	108
859	292	256	106
856	290	243	107
852	284	257	107
857	288	242	99
852	287	265	106
856	285	241	103
850	286	267	100
847	282	250	100
858	282	246	100
851	279	259	104
840	280	252	96
840	282	261	102
846	280	257	108
844	279	239	99
836	281	255	92
839	280	243	92
838	275	239	112
828	276	268	102
838	280	236	88
851	271	216	106
877	271	195	110
896	274	171	99
897	270	185	107
893	270	182	111
894	269	173	98
892	265	175	106
895	267	170	101
893	268	171	102
887	263	173	108
891	261	169	106
891	261	166	102
886	256	169	101
895	253	158	100
889	252	165	107
890	252	163	91
888	249	157	89
884	247	163	94
885	247	163	100
881	246	165	88
895	242	143	90
896	245	143	99
899	241	142	86
909	241	129	99
896	243	138	103
892	237	137	93
895	243	135	98
901	238	127	101
880	238	147	107
887	237	141	90
891	238	132	100
884	234	133	91
884	235	131	89
886	233	127	105
878	234	136	90
857	235	154	82
864	236	150	82
847	233	162	84
868	233	139	96
851	231	153	84
865	232	138	86
864	232	133	97
853	232	146	89
841	228	157	80
843	228	158	79
846	226	147	81
828	228	163	85
839	227	158	80
833	224	161	83
824	226	164	83
823	225	163	81
826	225	163	81
826	225	159	81
831	226	150	87
819	224	167	80
827	226	158	82
826	226	157	79
817	223	160	81
813	224	164	84
812	225	165	77
824	224	149	87
820	225	150	83
816	224	159	80
824	223	147	94
813	225	160	79
817	224	152	81
818	221	147	79
822	221	143	77
824	224	140	82
825	220	135	78
819	224	142	83
821	220	148	104
810	221	151	84
813	223	144	80
816	223	146	88
817	222	151	104
827	222	146	109
819	222	149	107
818	221	154	109
821	219	150	108
823	219	146	107
810	221	150	80
810	219	148	75
808	221	148	76
805	222	153	78
805	221	157	75
807	221	150	74
802	221	154	77
805	222	152	75
798	222	157	77
808	220	150	76
804	221	149	78
806	222	149	74
813	225	145	82
805	221	150	77
804	222	149	77
794	224	159	78
799	225	156	75
798	225	154	77
805	224	152	76
804	225	151	78
804	224	150	80
804	228	148	79
805	225	150	77
805	228	148	75
804	229	150	90
805	226	149	78
803	228	149	76
803	229	149	75
803	227	147	76
801	229	152	79
802	229	149	80
800	231	152	78
799	230	151	78
802	230	150	86
806	230	151	77
805	232	150	76
803	230	148	88
797	226	154	105
802	229	154	83
802	231	152	96
801	227	150	112
800	227	150	111
800	230	151	101
800	232	150	113
802	230	151	113
801	234	154	99
799	233	149	109
802	236	147	116
798	232	147	113
812	235	147	107
804	237	148	115
805	236	153	109
801	238	151	96
802	239	145	108
800	238	144	109
799	237	149	114
798	239	147	112
799	240	157	131
800	238	157	106
803	243	153	101
801	245	157	88
802	245	145	108
798	245	144	117
796	248	158	111
793	246	153	116
802	248	151	124
805	247	139	116
797	252	147	110
807	250	147	121
789	254	161	120
801	255	154	113
801	253	156	117
799	254	151	116
806	256	150	111
800	256	151	119
802	257	156	113
803	256	153	103
800	258	153	117
808	261	142	109
799	261	153	113
800	261	165	127
796	265	170	125
796	264	166	123
798	265	162	114
800	267	151	112
798	266	152	115
797	265	159	121
796	268	161	113
798	271	162	111
793	275	169	117
791	274	178	120
793	274	164	111
789	279	172	120
789	270	192	116
788	274	168	123
758	246	209	148
741	237	224	147
739	244	244	153
748	243	238	160
735	243	252	156
732	240	249	146
741	243	250	153
747	239	247	190
754	246	242	190
753	238	247	189
743	242	255	191
738	245	264	191
744	241	251	196
740	242	260	194
757	276	252	164
768	280	243	160
758	266	257	178
755	270	248	177
762	257	247	183
754	285	259	155
748	272	267	181
755	276	255	170
763	288	247	159
754	265	268	183
753	279	261	175
756	289	266	156
744	289	292	161
755	291	268	159
749	291	297	161
740	281	294	178
727	251	299	210
732	260	306	204
732	278	310	182
727	289	315	159
729	266	300	201
725	236	289	230
740	249	278	223
731	262	297	211
729	276	296	189
743	237	263	224
748	288	275	178
745	297	293	156
743	292	295	157
739	295	283	162
758	301	280	151
755	302	275	153
780	304	250	156
781	301	250	170
782	297	252	161
780	293	257	162
783	299	251	157
788	296	254	151
796	302	246	127
787	300	250	127
794	298	248	132
792	295	246	140
801	294	242	179
802	290	245	176
801	290	245	174
802	287	249	190
785	254	256	210
798	290	244	169
801	286	244	179
795	279	253	196
807	286	239	180
791	275	252	192
808	286	244	181
801	275	252	193
799	275	246	184
796	272	258	191
791	280	246	185
801	278	243	184
812	277	241	190
784	271	271	194
780	276	274	188
773	278	281	182
784	277	268	182
800	281	260	185
792	272	265	178
801	277	261	175
804	287	255	172
840	323	227	139
822	314	196	151
845	319	158	154
846	328	156	161
841	331	162	135
841	330	161	138
845	332	156	155
853	330	155	159
856	331	147	164
854	330	156	135
853	333	168	116
854	330	157	124
855	333	156	123
855	333	157	122
856	333	153	123
856	333	165	124
858	330	173	127
861	336	160	136
852	337	157	155
863	335	149	162
853	333	163	158
865	337	185	149
858	333	201	155
862	334	198	152
861	332	205	148
864	333	201	132
869	337	201	104
864	336	201	101
859	332	206	127
869	335	190	143
864	334	201	146
861	333	202	143
866	337	196	131
864	334	197	129
865	337	189	148
860	331	197	144
858	331	199	136
865	332	194	133
866	335	192	151
860	331	198	132
860	331	185	141
851	329	194	138
842	323	171	153
861	334	193	148
849	324	180	151
866	342	186	143
859	328	174	144
853	330	161	147
858	327	165	143
864	343	180	147
849	328	179	151
861	333	170	151
859	339	189	152
843	319	187	160
828	314	191	165
834	317	188	163
863	330	169	152
860	327	185	160
823	312	195	166
820	304	195	177
862	338	174	147
861	325	165	158
865	337	165	146
871	342	144	145
870	349	153	129
869	355	164	122
873	354	175	127
877	356	153	128
879	358	139	140
877	357	160	135
874	351	168	125
875	358	162	144
877	360	143	136
883	360	137	152
874	352	150	122
874	357	161	98
870	356	165	80
873	360	170	66
882	362	151	82
880	358	163	89
882	359	156	71
879	361	157	91
878	357	156	108
876	356	163	100
874	358	165	94
883	358	152	111
889	357	138	119
896	362	138	100
893	360	144	99
901	358	135	106
893	360	140	96
901	357	132	100
908	357	119	103
906	359	126	101
904	358	129	101
907	355	123	109
903	357	126	100
910	359	122	89
921	362	107	98
922	362	109	110
915	361	109	119
914	364	125	120
886	365	112	125
900	362	132	128
885	363	114	122
892	365	106	112
913	361	107	132
891	364	111	120
924	358	113	131
922	363	167	147
903	358	215	183
911	364	199	213
903	358	207	230
905	357	211	233
903	366	214	225
898	371	215	213
907	364	209	224
908	363	209	221
915	366	196	226
899	362	216	224
909	365	208	223
897	364	216	177
905	361	207	222
915	363	204	230
913	363	195	236
915	360	203	238
916	351	198	249
907	364	205	231
911	359	207	237
916	355	199	243
912	362	201	237
915	356	200	248
919	360	190	245
920	353	190	249
922	353	192	255
914	354	194	254
913	355	201	246
923	358	187	242
917	352	197	249
919	365	189	234
906	345	205	258
934	359	182	245
914	366	193	233
905	361	208	227
915	356	193	237
909	358	197	241
914	361	193	230
911	355	198	246
913	361	190	237
915	362	190	240
908	355	195	247
906	360	198	238
936	366	174	241
924	366	182	230
914	365	186	246
929	374	175	234
932	372	166	238
945	383	159	231
942	378	162	235
946	389	160	229
940	386	167	230
937	382	173	233
939	384	170	236
940	381	165	237
938	386	169	230
936	385	165	230
940	391	161	226
935	399	168	222
932	400	178	227
931	401	178	229
930	405	181	229
927	399	179	234
925	395	185	239
919	349	202	279
908	333	229	310
906	353	221	297
921	404	188	236
920	399	193	238
920	397	194	229
923	392	193	234
916	396	198	232
921	396	196	228
914	389	204	242
910	389	208	236
912	401	213	231
903	400	220	277
896	367	228	289
892	362	226	291
880	370	234	320
885	395	220	281
881	393	231	255
885	379	229	267
888	410	220	240
887	404	222	291
884	406	226	265
878	413	235	269
879	405	231	247
876	408	234	255
875	396	234	288
861	391	249	260
863	390	252	303
864	378	241	303
859	382	250	315
863	381	244	309
863	383	242	299
840	374	264	276
835	382	304	249
835	384	280	283
820	379	333	255
818	375	316	268
808	363	386	251
798	366	381	245
807	370	375	243
802	375	372	244
804	373	371	251
805	372	366	251
801	374	373	241
800	379	377	235
805	374	369	241
806	375	360	238
800	377	367	241
800	382	362	233
800	375	365	242
799	377	362	243
797	379	359	236
793	374	368	255
789	372	432	241
770	373	433	244
758	375	441	251
710	367	488	248
753	372	453	248
693	372	500	241
642	365	556	260
643	362	554	262
661	359	546	259
696	358	504	260
714	362	487	266
675	361	533	264
636	364	565	256
644	363	561	261
626	357	567	262
614	357	578	269
653	357	535	262
698	359	512	259
630	357	570	271
612	350	572	273
691	353	495	266
684	353	507	267
648	351	540	271
725	353	457	263
714	355	479	256
716	352	482	258
717	355	478	260
659	354	544	264
614	355	590	256
678	347	516	266
687	355	522	256
678	348	522	263
696	346	505	270
712	347	492	266
706	346	492	266
710	344	494	269
708	348	511	265
689	353	521	263
667	343	547	268
678	348	557	271
617	345	595	277
666	344	557	268
662	348	565	260
673	347	529	255
667	343	532	259
680	348	516	238
678	348	521	240
685	344	510	231
673	346	512	228
677	350	513	226
677	348	509	227
670	349	525	224
679	353	501	221
670	349	505	217
682	349	497	215
676	341	506	221
684	347	481	224
671	344	497	209
674	341	488	212
669	342	499	213
677	335	488	200
690	331	500	215
687	328	490	228
686	330	486	207
673	314	538	236
692	325	498	225
691	320	490	224
688	323	486	231
682	316	496	228
690	320	487	222
698	323	482	228
701	315	482	234
695	315	478	230
692	311	485	245
675	293	555	236
684	295	560	223
644	292	603	244
706	282	579	239
692	291	579	228
691	287	574	228
681	277	580	241
680	275	584	243
671	275	586	227
678	275	581	234
645	279	601	223
696	277	565	231
666	278	604	220
661	273	606	221
646	273	608	226
666	278	614	214
660	279	615	216
698	272	572	230
694	274	576	224
688	267	569	241
654	264	603	228
745	265	523	246
718	259	542	265
748	262	510	256
761	262	507	260
720	259	551	259
726	270	553	235
763	263	503	236
697	265	577	248
739	259	539	275
741	257	537	278
773	258	509	249
756	258	516	237
743	256	530	243
754	265	504	230
756	256	517	230
751	257	535	244
682	252	587	239
671	248	604	257
678	254	594	246
706	257	589	237
698	254	585	243
703	248	577	250
694	248	583	239
687	248	581	241
722	245	555	253
685	246	592	254
755	242	529	252
742	239	538	260
797	237	499	261
775	230	512	267
849	251	442	245
830	233	464	257
818	226	477	266
848	217	445	271
885	217	412	273
828	220	471	273
730	263	434	225
845	247	451	237
786	259	423	230
673	263	517	221
666	248	589	241
753	225	554	262
833	256	459	223
895	214	410	265
839	248	393	248
846	268	402	214
838	266	418	206
829	247	455	237
826	222	475	264
701	236	553	247
624	244	652	248
795	241	492	256
815	246	484	249
686	230	606	262
602	224	689	271
614	228	670	266
615	254	661	245
602	235	696	267
593	244	708	265
580	223	703	284
575	244	715	262
591	258	704	239
591	256	709	250
583	223	710	267
603	191	711	318
749	233	569	294
772	182	503	320
799	270	491	239
793	271	501	236
804	268	484	243
794	236	499	275
779	266	400	232
781	272	336	222
789	270	333	214
687	274	302	224
783	264	244	251
1005	255	296	183
1005	266	287	168
1003	255	295	168
1005	274	288	156
1005	262	301	170
983	262	299	171
997	272	306	160
999	279	291	154
990	277	308	149
989	276	306	158
972	285	309	154
993	285	293	151
984	285	314	154
995	283	312	152
994	258	307	177
992	261	300	170
992	256	302	180
1002	263	288	170
1009	259	283	179
991	258	304	179
1004	266	289	168
989	258	300	180
998	266	300	162
997	259	283	177
997	261	285	178
1003	263	288	177
978	262	310	182
965	268	314	177
996	264	288	163
959	261	320	182
968	268	323	175
968	263	304	174
966	264	309	175
965	274	306	171
956	267	299	170
947	267	309	172
976	267	284	177
950	265	306	172
987	269	268	179
959	268	295	174
1014	271	237	173
1012	267	234	184
1009	263	238	185
1016	268	228	185
1008	270	231	188
1009	270	227	185
1016	269	219	184
1009	265	223	189
1009	272	220	188
1006	266	225	194
1009	265	219	194
1003	264	220	189
1000	264	225	189
1000	262	221	193
906	267	309	184
908	268	324	181
911	269	318	184
906	271	315	181
906	265	326	184
905	265	321	180
911	266	309	178
910	264	315	183
897	263	317	178
902	262	323	180
899	260	320	182
895	257	317	187
898	256	319	180
895	257	326	185
898	255	313	186
889	254	328	186
903	251	321	188
886	249	320	191
892	253	316	187
882	246	326	194
890	248	321	191
874	242	329	190
873	243	330	189
862	242	344	184
867	248	331	180
861	248	344	180
856	245	344	179
870	244	335	191
862	248	330	185
853	244	342	186
865	244	336	187
862	244	334	188
876	241	318	192
