1379	445	238	98
1379	446	242	97
1379	447	244	98
1378	446	241	98
1380	446	246	99
1377	447	240	95
1384	447	244	97
1381	446	244	97
1382	447	250	96
1381	446	251	98
1383	445	250	101
1383	446	254	99
1384	444	252	99
1383	446	256	99
1381	446	253	101
1379	446	256	100
1382	445	254	101
1380	444	257	101
1384	446	255	98
1379	443	260	100
1384	444	258	99
1388	444	258	100
1384	445	260	98
1391	444	260	102
1390	443	260	101
1391	443	262	100
1393	442	260	101
1392	444	262	101
1398	442	261	103
1402	442	262	105
1398	441	261	106
1398	441	259	107
1401	439	260	108
1396	440	266	106
1395	441	269	103
1400	442	267	102
1397	442	265	102
1402	441	269	103
1402	441	269	101
1399	442	271	103
1406	440	264	103
1404	441	267	105
1406	443	265	101
1410	440	263	105
1409	442	261	103
1414	442	261	103
1416	444	261	102
1418	444	260	99
1420	443	261	102
1418	446	259	98
1423	444	258	101
1432	448	256	96
1428	445	257	97
1431	446	256	96
1432	445	256	98
1430	447	255	95
1434	445	257	98
1436	447	253	98
1435	446	252	99
1440	447	251	97
1442	447	253	98
1444	448	252	95
1443	447	254	95
1446	446	252	97
1446	448	253	94
1451	448	250	94
1453	446	250	96
1452	448	251	92
1450	446	254	93
1454	448	251	92
1455	447	254	93
1459	446	252	96
1458	447	253	94
1459	447	254	96
1460	447	255	94
1460	447	257	95
1465	446	251	95
1465	447	253	93
1465	446	251	95
1468	447	252	93
1468	447	254	92
1468	447	255	92
1470	447	250	94
1470	446	250	96
1475	447	250	96
1477	447	249	96
1475	444	250	100
1479	447	252	95
1480	448	252	95
1480	446	253	95
1479	447	255	95
1478	446	255	94
1482	446	252	94
1487	447	252	95
1483	446	254	95
1488	446	251	93
1487	445	252	96
1491	447	250	94
1487	445	252	97
1490	445	250	96
1487	444	251	95
1492	445	248	94
1494	446	250	94
1494	445	249	92
1496	444	249	97
1501	446	247	94
1498	446	246	94
1498	443	248	95
1503	444	250	95
1508	445	246	93
1508	445	245	93
1511	446	246	91
1512	446	244	91
1512	446	243	91
1513	447	242	90
1512	448	243	89
1513	449	243	89
1513	448	245	90
1515	449	241	89
1519	449	237	90
1522	450	235	89
1523	451	235	88
1524	451	236	89
1529	449	233	89
1527	451	232	88
1533	451	230	88
1535	450	228	90
1537	451	226	90
1541	450	226	90
1544	450	222	91
1544	451	224	91
1542	452	223	91
1543	452	222	90
1545	450	221	92
1551	451	219	91
1559	447	214	95
1552	445	225	91
1558	445	218	91
1570	444	207	88
1596	446	181	78
1609	443	172	81
1590	443	185	77
1558	446	214	80
1557	446	215	81
1556	446	214	84
1565	444	195	83
1571	446	157	85
1574	448	155	84
1573	449	171	81
1572	449	185	80
1575	452	201	83
1580	449	199	88
1581	450	203	86
1587	450	199	88
1587	450	199	89
1593	451	195	88
1590	449	197	89
1593	448	192	87
1592	451	192	85
1600	451	193	87
1598	450	191	86
1602	449	190	85
1599	451	191	83
1605	451	186	87
1608	451	187	86
1607	452	186	85
1614	451	183	86
1612	451	184	87
1614	451	186	86
1618	451	181	87
1620	451	181	87
1620	450	181	86
1622	448	177	88
1624	451	176	85
1626	451	176	87
1625	451	174	87
1629	451	171	86
1629	451	172	85
1630	451	171	85
1630	451	170	82
1635	451	167	80
1636	450	166	79
1633	449	170	71
1635	450	167	77
1640	452	165	85
1640	451	165	80
1637	450	163	72
1637	450	165	68
1637	449	165	70
1638	451	167	67
1642	451	156	67
1647	451	166	65
1645	451	147	65
1648	450	146	62
1648	450	143	68
1648	451	146	66
1653	449	147	68
1660	450	155	71
1654	450	148	67
1665	450	157	70
1666	449	158	69
1664	452	148	67
1666	450	147	69
1662	451	143	66
1667	450	144	68
1666	451	141	67
1668	450	141	66
1668	450	138	66
1671	450	139	66
1675	448	140	66
1675	450	135	66
1677	448	135	66
1679	450	136	65
1680	449	134	66
1682	450	130	67
1681	449	129	64
1684	448	128	69
1686	448	128	73
1693	447	126	70
1688	447	126	68
1697	447	127	77
1694	447	130	71
1698	447	132	78
1697	448	133	77
1699	449	122	85
1701	449	116	87
1705	449	113	88
1704	448	114	89
1706	448	111	89
1707	448	112	89
1706	448	111	89
1708	447	110	90
1711	447	108	88
1711	448	109	86
1714	448	107	86
1713	448	108	88
1715	446	105	89
1717	446	104	90
1719	445	104	91
1717	444	104	90
1719	443	104	91
1722	445	102	92
1723	444	100	93
1723	443	101	94
1726	443	100	94
1728	442	100	94
1728	442	99	93
1731	442	97	92
1732	443	98	93
1734	441	97	95
1734	440	100	96
1736	440	96	95
1739	439	95	94
1742	441	103	88
1742	441	97	93
1742	441	96	92
1745	441	92	92
1744	441	94	92
1749	441	91	93
1748	440	92	95
1752	442	88	92
1752	442	88	93
1754	442	85	93
1754	440	86	95
1758	441	85	95
1758	441	83	97
1760	442	82	96
1761	441	81	95
1762	439	82	98
1763	442	83	97
1764	441	82	96
1764	442	83	95
1766	440	84	99
1769	440	88	100
1768	439	88	95
1770	440	84	98
1769	439	87	101
1768	439	88	101
1768	440	87	99
1768	438	85	100
1767	439	85	102
1769	439	92	102
1772	435	94	101
1770	439	93	104
1774	436	95	100
1769	438	94	104
1773	436	95	103
1773	437	96	105
1774	437	97	102
1775	437	96	101
1774	438	96	100
1774	437	95	100
1773	437	95	105
1773	436	94	106
1772	436	92	104
1772	438	97	103
1773	437	92	104
1773	435	95	106
1771	436	95	105
1771	437	96	105
1770	435	94	107
1772	438	97	111
1772	435	97	111
1774	435	94	108
1773	438	96	108
1772	435	95	106
1773	437	95	108
1772	433	94	109
1774	435	94	108
1774	434	94	111
1775	433	90	112
1773	433	94	112
1775	432	94	114
1775	433	95	112
1774	433	95	111
1773	437	98	111
1776	433	98	110
1776	434	97	115
1777	432	94	113
1777	433	94	111
1777	433	95	112
1777	434	97	112
1778	432	97	112
1776	437	98	113
1778	431	98	112
1777	436	99	114
1777	433	100	115
1776	432	101	118
1776	433	99	116
1776	434	101	117
1776	432	103	118
1777	435	102	114
1776	433	103	116
1777	436	104	115
1776	436	103	114
1776	434	106	117
1777	435	108	116
1776	436	107	112
1776	435	110	115
1776	437	109	114
1776	433	113	120
1776	433	114	118
1774	435	114	118
1774	436	115	119
1775	433	115	117
1775	435	115	119
1773	434	119	117
1772	439	121	117
1772	436	121	117
1772	439	123	117
1772	439	124	117
1771	437	126	119
1770	439	127	115
1769	437	129	122
1767	439	131	122
1769	436	130	124
1767	436	130	125
1768	436	130	128
1768	436	130	123
1767	436	131	127
1768	432	131	131
1766	434	131	127
1767	435	132	129
1769	435	132	126
1767	436	133	124
1769	437	133	124
1766	433	133	129
1766	436	135	124
1767	435	134	127
1768	436	136	127
1765	434	138	129
1765	436	136	124
1767	438	138	125
1765	438	140	124
1764	436	141	123
1762	438	144	125
1763	438	144	125
