117	440	172	117
127	434	167	126
125	433	162	129
139	435	163	128
149	442	155	123
161	442	152	123
177	444	148	120
178	445	149	124
192	447	147	122
212	458	139	121
224	459	136	121
235	467	128	121
249	471	122	115
250	476	125	120
262	483	119	121
273	489	113	121
278	496	121	119
273	493	124	122
291	499	117	121
286	501	119	124
302	502	109	123
311	503	103	129
313	508	105	129
318	509	104	133
317	519	107	127
324	525	103	127
331	532	99	124
322	538	108	123
327	542	104	124
330	543	103	124
332	547	107	124
332	544	111	126
331	550	116	123
338	552	113	122
336	552	114	122
336	554	119	124
333	556	126	124
332	558	132	123
329	558	138	125
329	558	146	127
324	553	151	128
328	557	155	131
321	570	156	128
327	563	160	132
329	573	159	129
345	564	167	135
360	578	159	130
362	578	160	129
361	578	166	133
360	585	172	132
356	587	178	131
365	589	183	130
357	592	199	129
370	591	195	132
369	593	206	130
372	593	209	130
381	596	214	130
385	594	217	130
387	598	222	129
387	600	226	128
391	598	226	131
396	599	229	129
403	602	235	130
412	602	237	132
417	605	239	130
420	606	244	128
430	607	245	127
435	608	247	126
442	609	246	126
449	611	249	126
457	613	247	127
453	614	251	127
468	614	248	127
474	616	251	128
487	617	249	132
494	617	247	131
507	620	247	131
519	618	246	131
523	620	244	128
540	620	250	129
547	620	249	129
547	619	251	129
570	619	249	130
579	620	246	131
584	620	246	128
596	620	242	129
608	620	241	131
617	618	241	131
629	618	240	130
636	617	239	129
655	621	232	130
669	619	230	131
676	623	229	126
685	624	232	127
697	624	230	128
711	626	227	126
722	628	219	125
734	629	218	126
744	630	213	125
755	630	210	125
762	630	211	125
772	632	210	126
783	632	211	126
792	632	212	127
801	632	213	127
807	633	216	128
815	630	218	128
820	634	224	125
828	633	229	126
833	636	232	125
841	639	233	122
849	639	231	122
861	642	232	123
867	642	234	122
879	642	228	125
888	645	229	125
896	646	234	122
901	645	234	126
917	648	224	125
913	651	237	124
930	651	232	125
932	652	231	125
953	655	224	124
948	659	236	120
959	658	232	124
970	661	227	123
972	661	232	126
985	663	226	125
984	663	229	128
995	664	229	129
1006	664	228	129
1016	665	228	129
1019	662	233	130
1029	664	228	129
1032	663	235	130
1042	663	231	127
1053	662	226	129
1058	660	232	130
1069	661	228	129
1080	659	224	133
1092	658	222	131
1099	657	222	130
1108	659	220	129
1117	656	221	130
1120	655	221	127
1127	655	223	127
1135	651	226	127
1149	648	220	129
1158	645	214	130
1166	643	213	130
1175	640	214	131
1183	636	214	131
1192	634	214	129
1199	633	215	130
1210	631	215	131
1216	632	215	130
1230	629	212	130
1236	629	211	129
1242	626	214	129
1251	626	214	129
1263	623	208	132
1274	621	212	134
1284	618	205	133
1295	612	203	135
1303	609	202	134
1316	604	198	135
1326	600	195	134
1340	594	194	137
1349	594	186	137
1356	588	195	138
1362	584	195	137
1371	581	198	139
1382	576	201	141
1395	572	195	141
1402	566	194	143
1417	561	195	141
1430	556	190	140
1437	552	191	136
1452	547	189	136
1457	539	189	135
1459	535	194	136
1477	530	197	136
1479	520	194	140
1487	513	197	147
1493	506	200	148
1508	495	196	149
1521	488	197	145
1522	484	193	145
1522	479	198	147
1535	475	200	147
1537	470	205	148
1539	465	212	153
1543	459	216	155
1548	450	221	155
1564	448	205	149
1587	444	202	151
1587	437	205	149
1589	432	204	147
1601	431	202	145
1603	422	206	137
1604	420	205	134
1611	419	206	135
1619	413	204	133
1622	409	201	131
1631	406	201	133
1639	401	196	132
1641	398	195	128
1643	399	201	127
1647	394	197	126
1650	394	200	125
1651	389	200	125
1654	386	199	126
1660	384	193	126
1662	382	191	125
1670	380	193	123
1672	375	186	125
1674	371	188	124
1682	371	185	126
1686	369	184	126
1686	368	182	126
1689	366	182	126
1692	366	180	125
1696	363	179	127
1697	363	181	125
1699	359	180	127
1705	360	179	127
1706	359	178	125
1711	356	176	128
1715	355	176	129
1715	352	175	129
1716	352	177	130
1723	349	172	132
1721	351	170	131
1727	354	169	130
1729	354	168	130
1729	352	165	131
1726	353	166	128
1735	355	165	128
1736	354	164	129
1737	352	160	129
1734	350	158	129
1737	349	156	128
1738	349	155	128
1737	348	154	130
1743	350	153	131
1739	346	156	130
1754	348	143	132
1744	354	155	132
1760	349	141	138
1772	353	126	136
1784	348	117	131
1789	351	115	127
1794	350	115	124
1804	350	104	118
1811	347	99	103
1823	349	84	99
1825	345	84	80
1833	344	76	71
1840	345	73	62
1856	347	63	43
1872	350	70	39
1872	350	70	39
1872	350	70	39
1937	351	65	51
1948	350	55	44
1962	352	42	36
1962	352	42	36
1962	352	42	36
1962	352	42	36
1962	352	42	36
1962	352	42	36
1962	352	42	36
2067	316	39	38
2079	316	38	32
2088	309	53	34
2088	309	53	34
2088	309	53	34
2088	309	53	34
2088	309	53	34
2088	309	53	34
2088	309	53	34
2088	309	53	34
2088	309	53	34
2088	309	53	34
2088	309	53	34
2088	309	53	34
2088	309	53	34
2088	309	53	34
2088	309	53	34
2088	309	53	34
1973	333	56	37
1882	344	65	44
1862	322	77	60
1849	325	112	89
1822	314	168	106
1814	313	186	121
1820	314	193	111
1823	311	192	120
1821	312	195	115
1823	316	184	113
1823	318	175	115
1822	313	176	111
1822	315	177	114
1819	314	178	99
1817	311	179	119
1817	314	180	123
1821	311	176	132
1819	312	181	124
1818	312	179	129
1819	311	179	130
1819	313	179	128
1815	308	179	130
1824	309	176	126
1821	312	175	128
1821	315	177	123
1820	312	173	125
1819	313	175	122
1821	314	175	121
1822	315	175	120
1820	312	178	126
1822	313	180	124
1821	312	180	117
1824	312	176	140
1823	309	176	161
1819	309	177	184
1824	307	173	184
1828	305	165	188
1827	303	165	185
1828	307	163	166
1826	306	168	181
1826	308	161	145
1825	304	169	127
1823	304	174	130
1819	304	176	119
1826	307	174	112
1818	308	178	98
1825	306	175	106
1831	304	167	98
1832	306	164	95
1830	310	167	94
1831	309	165	95
1832	311	166	90
1839	308	160	89
1838	306	163	86
1836	308	164	85
1840	307	165	85
1836	305	166	84
1836	305	163	85
1840	303	159	85
1841	302	159	83
1830	302	163	84
1841	301	157	82
1839	300	158	83
1846	300	154	85
1838	301	158	83
1843	302	155	82
1848	298	150	83
1839	297	159	84
1848	298	149	82
1840	296	156	83
1847	297	148	83
1843	296	154	82
1843	296	152	81
1843	297	152	79
1844	296	150	78
1844	295	150	78
1843	297	152	75
1853	297	147	75
1845	296	150	74
1845	295	149	74
1843	297	150	70
1844	297	151	67
1846	295	153	69
1846	294	150	72
1850	295	148	72
1854	292	144	75
1859	291	136	73
1861	290	131	73
1855	290	135	72
1855	289	138	74
1855	290	138	73
1854	287	139	75
1851	289	144	75
1847	286	142	77
1846	285	146	77
1842	285	145	77
1843	286	147	78
1841	286	149	77
1841	285	151	78
1835	283	153	80
1839	283	151	78
1837	284	153	81
1839	285	152	79
1840	283	152	82
1835	283	150	81
1842	284	158	87
1842	285	149	79
1840	283	152	83
1840	284	151	83
1842	284	153	84
1843	282	150	85
1846	282	149	88
1846	283	148	84
1843	279	147	89
1846	282	144	87
1843	279	147	90
1844	278	152	91
1844	278	150	92
1846	277	150	90
1846	277	148	90
1842	276	153	91
1843	274	153	93
1843	276	152	92
1841	273	154	93
1842	273	154	95
1843	273	151	95
1841	272	150	96
1842	273	147	96
1846	271	142	95
1850	270	145	94
1847	273	145	93
1852	274	142	90
1847	271	144	85
1847	266	149	89
1849	272	144	88
1847	271	144	83
1848	271	147	85
1844	270	151	85
1844	270	149	85
1844	269	148	86
1843	269	153	88
1849	266	150	89
1845	268	150	87
1841	267	153	89
1846	267	154	87
1843	268	150	85
1842	268	148	86
1851	269	142	83
1847	269	142	85
1852	267	139	88
1855	262	139	94
1856	267	136	93
1857	267	134	92
1859	264	134	92
1863	267	130	93
1867	266	125	91
1868	265	126	94
1873	263	123	98
1870	264	127	96
1878	266	121	94
1875	263	118	92
1885	263	96	84
1883	263	84	75
1891	262	74	74
1883	259	81	76
1888	260	74	76
1903	257	60	72
1906	258	56	71
1906	255	55	72
1909	254	52	74
1909	250	51	77
1909	246	50	77
1911	248	49	74
1895	245	61	80
1887	244	69	92
1899	244	57	83
1899	241	57	91
1903	239	53	91
1902	235	56	91
1908	233	49	93
1917	232	41	94
1918	227	39	95
1921	226	38	95
1918	227	42	96
1916	227	44	97
1915	223	46	99
1914	220	46	101
1914	221	47	101
1912	221	49	99
1910	219	52	104
1908	217	53	104
1905	213	54	107
1905	212	53	110
1904	212	54	111
1901	209	56	114
1899	208	57	114
1897	202	60	115
1894	203	68	115
1894	200	68	110
1891	199	68	118
1890	196	69	111
1890	198	69	107
1886	196	72	115
1886	197	72	112
1881	193	78	116
1882	196	76	119
1879	195	81	117
1880	195	83	114
1879	195	93	114
1880	191	104	129
1880	195	115	142
1878	201	108	133
1875	197	105	116
1874	197	116	114
1871	195	118	119
1869	195	116	112
1871	194	124	119
1874	196	127	114
1871	196	128	113
1869	196	132	112
1869	198	135	112
1868	198	131	109
1871	194	133	115
1871	199	132	115
1872	197	131	114
1875	196	133	108
1876	193	135	120
1875	194	134	124
1879	191	137	116
1875	190	146	116
1879	190	142	116
1884	188	143	117
1889	187	139	114
1896	187	138	122
1900	187	138	113
1904	183	136	117
1906	185	131	115
1910	182	135	117
1906	183	137	119
1910	181	136	127
1904	178	148	139
1907	177	148	155
1904	178	148	163
1904	176	152	143
1908	175	150	156
1907	173	159	171
1907	176	159	172
1909	175	164	174
1918	175	151	175
1918	171	152	174
1928	171	150	177
1928	169	148	178
1935	167	141	126
1932	167	145	127
1931	167	151	127
1928	167	155	125
1927	166	157	125
1926	167	158	124
1927	167	159	125
1929	163	161	128
1936	163	158	128
1930	161	167	115
1917	163	171	95
1918	161	171	63
1916	159	146	48
1916	159	146	48
1916	159	146	48
1813	297	125	70
1887	289	98	60
1883	288	121	57
1941	185	84	93
1950	177	90	114
1946	150	154	133
1941	150	162	132
1939	148	159	136
1942	145	160	135
1937	145	162	136
1935	145	167	137
1934	142	168	135
1934	141	169	137
1934	142	169	137
1931	142	174	136
1933	139	174	141
1941	145	161	137
1936	139	166	144
1942	141	160	142
1937	139	163	143
1932	141	170	142
1927	141	176	147
1926	133	178	150
1923	136	180	149
1919	136	182	148
1922	137	185	146
1924	138	184	144
1926	135	183	150
1922	138	185	148
1938	139	171	148
1929	138	174	145
1946	141	164	144
1941	138	170	147
1942	139	176	144
1944	140	172	146
1963	142	152	145
1937	142	179	145
1957	140	164	144
1939	143	181	144
1941	143	179	141
1940	141	181	145
1944	137	180	147
1944	136	177	149
1948	135	178	156
1951	133	179	157
1949	141	176	151
1961	138	173	157
1964	144	176	147
1964	142	175	154
1976	144	169	146
1971	143	170	151
1984	137	164	153
1982	141	169	152
1981	144	169	147
1979	143	172	142
1980	144	170	136
1984	144	172	131
1986	146	171	121
1985	145	171	131
1986	144	173	121
1992	145	172	134
1990	147	171	131
1990	141	175	143
1983	144	179	140
1979	144	179	140
1983	142	179	142
1988	143	179	142
1984	143	185	139
1981	144	185	141
1983	144	182	136
1980	149	183	128
1979	147	184	129
1984	147	182	131
1986	151	182	127
1987	149	181	126
1987	149	179	126
1986	148	177	128
1989	149	177	129
1988	151	178	127
1988	149	178	129
1987	148	178	129
1988	144	176	131
1987	143	178	133
1986	141	179	135
1985	143	178	134
1986	143	178	137
1986	140	178	139
1989	141	176	138
1992	140	176	139
1993	140	175	138
1992	138	174	136
1992	138	177	136
1994	139	176	137
1998	136	173	136
1999	136	171	136
2000	135	171	137
2002	131	171	140
1996	128	171	145
1998	127	174	147
1998	129	176	147
1998	128	171	146
1996	124	175	148
1994	125	174	144
2000	124	173	145
2001	123	169	151
2003	123	169	158
2003	122	167	147
2001	121	171	149
2006	121	166	160
2003	120	171	151
2004	123	169	157
2003	123	172	145
2005	120	170	151
2008	124	167	157
2007	125	167	149
2012	125	168	149
2007	126	168	154
2008	126	171	160
2002	125	171	149
2007	123	173	156
2007	125	171	147
2004	126	174	153
2005	125	175	151
2007	128	174	159
2007	129	174	154
2001	127	176	157
2008	130	176	153
2011	131	173	158
2011	134	173	154
2012	136	174	156
2010	137	176	157
2011	134	174	152
2003	135	179	153
2006	133	181	157
1996	134	184	149
1998	134	187	154
1995	132	183	151
1996	135	188	154
1992	134	187	150
1997	135	187	151
1996	136	187	152
1995	136	189	152
1996	138	189	152
1998	138	189	153
1998	138	188	160
2002	142	185	163
2005	140	185	164
2003	141	185	158
2013	139	188	157
2008	138	184	154
2008	143	186	149
2010	143	187	153
2013	147	188	140
2013	143	191	149
2017	142	189	146
2016	145	192	153
2018	140	193	151
2017	137	194	151
2025	139	194	151
2025	136	188	151
2029	137	191	150
2032	134	190	153
2031	137	186	144
2029	136	192	160
2027	138	193	164
2036	133	188	142
2036	131	185	145
2039	131	186	151
2044	129	176	144
2040	125	180	139
2046	127	174	137
2050	125	170	138
2052	124	168	139
2051	124	170	132
2050	122	169	135
2049	121	169	136
2051	118	171	134
2053	119	170	137
2053	118	168	138
2052	113	167	143
2049	111	165	142
2053	108	166	137
2049	104	164	148
2053	104	162	140
2050	100	161	145
2051	102	167	140
2047	101	162	140
2055	99	162	140
2051	98	159	141
2049	97	163	140
2048	95	163	139
2047	95	164	139
2054	94	160	138
2053	91	160	140
2050	92	159	140
2056	93	159	140
2048	92	161	139
2056	90	158	140
2050	90	158	141
2058	89	151	141
2057	89	146	142
2059	90	143	142
2052	92	142	141
2061	89	136	140
2056	89	139	140
2060	89	130	141
2065	91	125	140
2067	91	125	138
2072	92	123	140
2075	91	119	141
2077	90	116	140
2080	88	114	141
2082	85	114	141
2084	85	112	138
2088	82	110	142
2091	82	111	137
2095	80	109	141
2096	81	111	138
2094	82	113	138
2096	79	115	136
2097	81	114	138
2097	81	115	137
2099	81	115	137
2098	81	117	137
2104	83	109	137
2102	80	113	143
2099	82	116	138
2095	83	118	138
2095	81	119	139
2095	82	113	140
2093	81	119	138
2094	80	113	142
2094	82	113	139
2094	79	112	139
2095	78	113	137
2095	82	107	139
2097	80	102	141
2099	81	102	139
2100	75	101	138
2102	77	102	137
2104	80	100	135
2107	81	100	135
2109	79	96	137
2113	79	95	138
2116	81	91	138
2119	84	87	136
2122	81	82	141
2126	78	86	139
2126	78	80	139
2124	81	84	136
2128	80	86	136
2127	82	88	135
2127	83	90	133
2129	79	95	136
2125	81	95	136
2127	77	99	137
2125	78	101	136
2129	79	98	133
2130	73	99	137
2128	75	98	135
2131	76	96	133
2130	74	99	135
2128	74	102	135
2128	70	101	137
2129	66	101	139
2127	64	102	140
2126	63	105	140
2122	65	105	140
2127	61	104	141
2121	61	109	143
2121	57	107	145
2120	54	109	143
2118	51	111	146
2118	49	113	146
2117	46	113	146
2118	48	113	144
2117	47	116	145
2109	45	118	146
2116	46	114	147
2115	46	116	150
2116	46	115	150
2120	40	112	153
2125	37	106	154
2127	44	104	151
2134	42	98	153
2125	41	103	152
2130	39	99	159
2131	46	94	156
2135	43	94	158
2138	41	89	152
2140	44	87	133
2135	40	89	122
2143	50	79	97
2144	47	77	96
2148	45	63	94
2150	51	56	89
2149	45	47	107
2149	45	47	107
2138	82	37	137
2137	79	41	145
2132	59	52	154
2126	61	61	150
2121	64	70	146
2114	66	82	145
2108	75	91	143
2103	79	100	141
2096	79	106	142
2092	79	117	147
2090	77	125	151
2092	82	130	146
2092	82	151	142
2088	80	156	149
2089	82	159	150
2087	85	159	149
2082	83	161	150
2085	88	159	154
2083	91	163	153
2079	91	165	153
2083	93	163	152
2079	95	163	147
2074	96	165	148
2079	95	164	151
2074	95	170	147
2077	95	167	148
2075	96	169	148
2066	98	175	148
2076	102	172	146
2075	99	173	146
2074	95	173	146
2071	95	176	150
2073	91	181	153
2070	90	181	152
2069	90	180	152
2067	89	182	154
2065	90	182	152
2050	88	195	155
2054	92	195	148
2056	93	194	150
2055	99	193	151
2052	95	195	150
2051	96	194	148
2050	98	197	147
2050	96	195	146
2048	97	192	143
2051	98	195	145
2054	100	194	147
2056	100	191	144
2055	98	189	142
2066	99	171	138
2059	102	175	135
2066	106	171	131
2066	100	170	132
2066	98	168	137
2082	98	158	136
2072	102	166	134
2086	104	151	135
2102	107	145	132
2094	99	148	136
2097	92	146	140
2101	90	138	145
2108	86	131	138
2115	92	126	138
2119	93	122	136
2127	90	118	134
2132	90	111	130
2139	90	111	127
2145	90	107	125
2152	87	107	126
2155	87	100	123
2163	86	94	121
2166	83	92	124
2176	82	87	125
2177	85	86	122
2184	84	80	122
2187	86	77	115
2188	90	81	112
2187	86	79	115
2193	86	75	119
2194	88	70	128
2197	87	66	132
2196	87	65	129
2194	85	71	124
2194	87	71	128
2196	88	68	128
2198	88	61	128
2198	88	58	127
2196	88	60	144
2188	85	72	144
2170	92	97	147
2135	130	138	128
2107	124	159	138
2120	116	153	149
2114	112	161	148
2103	106	173	157
2100	100	176	167
2099	95	187	166
2111	90	189	175
2121	86	190	185
2135	84	175	191
2151	79	170	193
2145	73	175	200
2141	67	180	200
2132	66	191	203
2126	79	166	191
2116	130	100	153
2102	129	104	143
2099	135	106	136
2093	138	105	138
2086	140	105	141
2078	144	111	148
2069	141	112	150
2061	151	112	150
2054	153	116	149
2047	154	117	150
2040	157	120	151
2030	160	121	152
2024	163	123	151
2019	163	118	150
2014	164	118	149
2004	166	121	148
1998	170	116	142
1992	168	113	140
1988	171	106	141
1980	171	105	144
1974	174	105	147
1968	173	105	150
1958	175	110	166
1950	177	112	172
1947	178	109	160
1941	177	110	165
1940	176	109	164
1935	177	112	164
1931	179	112	160
1926	183	112	162
1921	188	109	157
1915	189	110	159
1913	191	110	161
1913	192	107	159
1899	188	106	165
1894	189	104	164
1899	188	98	146
1901	196	94	96
1906	197	83	69
1767	166	133	91
1777	156	160	88
1774	156	163	86
1780	153	159	99
1784	149	162	122
1797	148	172	146
1791	142	186	148
1799	134	206	238
1798	135	219	219
1816	134	203	241
1831	124	203	264
1817	118	220	265
1832	118	211	269
1845	119	196	285
1851	118	196	296
1863	66	195	169
1874	103	185	151
1878	102	186	137
1883	91	183	127
1889	87	177	127
1877	308	144	115
1833	335	169	96
1831	336	166	103
1837	338	161	121
1837	342	156	121
1835	345	127	120
1849	343	87	122
1868	333	71	126
1869	321	67	142
1869	288	63	171
1865	298	62	166
1867	309	59	149
1867	323	56	145
1866	336	55	140
1868	316	54	165
1867	320	56	168
1866	327	56	165
1863	333	64	166
1863	340	59	169
1865	345	56	169
1865	348	56	169
1865	350	57	169
1861	361	62	164
1862	368	64	169
1862	372	62	177
1859	390	66	174
1861	380	67	176
1858	387	81	177
1854	389	99	185
1854	401	112	181
1850	410	127	180
1850	423	137	175
1848	431	151	181
1844	444	176	177
1836	454	186	188
1827	461	212	186
1826	467	226	191
1819	477	243	196
1829	486	249	199
1830	498	259	196
1836	508	259	193
1842	519	263	197
1858	533	253	198
1865	541	252	200
1881	556	247	196
1886	572	250	196
1903	577	249	202
1902	596	254	192
1917	606	254	196
1922	619	258	197
1939	638	254	193
1946	656	254	198
1966	669	263	205
1992	685	231	197
2013	698	222	196
2028	712	224	197
2038	723	227	198
2054	734	227	200
2106	751	202	191
2097	767	220	196
2108	781	223	196
2128	793	219	192
2156	801	213	189
2171	818	209	186
2179	827	212	185
2185	841	210	193
2175	850	240	194
2214	857	225	195
2255	865	201	196
2269	876	198	193
2284	901	207	191
2301	909	206	192
2303	911	209	198
2311	927	201	194
2324	937	200	198
2332	940	196	201
2344	945	193	204
2345	950	188	207
2374	943	181	215
2374	951	182	222
2375	945	176	227
2370	950	177	225
2376	954	178	224
2379	959	177	226
2429	996	139	194
2448	1005	114	185
2463	1012	100	185
2476	1017	95	186
2491	1027	83	188
2494	1030	74	190
2489	1039	80	193
2482	1040	88	200
2472	1048	96	199
2462	1054	110	204
2448	1061	120	204
2433	1061	131	205
2419	1072	138	204
2400	1078	152	204
2385	1086	162	201
2368	1089	177	205
2351	1103	185	208
2337	1109	191	214
2319	1116	197	213
2309	1125	200	208
2295	1134	202	213
2278	1147	204	206
2268	1153	203	210
2260	1165	202	206
2255	1173	202	206
2248	1183	202	207
2240	1190	203	208
2234	1199	203	204
2236	1209	197	209
2230	1219	201	207
2231	1221	200	207
2233	1236	196	207
2221	1245	179	210
2232	1248	171	219
2228	1258	162	217
2233	1266	157	218
2223	1272	153	218
2227	1281	142	219
2231	1293	125	227
2230	1301	116	227
2233	1307	108	229
2234	1322	103	235
2233	1330	106	242
2235	1343	106	243
2240	1358	94	242
2246	1357	91	253
2252	1369	88	249
2260	1379	85	259
2265	1392	82	262
2269	1406	84	270
2276	1412	81	288
2282	1427	73	307
2287	1454	75	311
2295	1444	77	324
2300	1467	82	329
2305	1482	86	341
2311	1502	93	349
2316	1527	98	354
2319	1539	99	350
2326	1562	98	359
2335	1591	91	377
2337	1610	102	372
2335	1652	104	357
2340	1664	109	382
2340	1697	113	385
2354	1700	110	389
2352	1717	121	401
2357	1738	120	420
2371	1767	106	397
2381	1805	103	357
2386	1835	107	334
2397	1863	97	318
2407	1862	94	296
2412	1913	94	260
2423	1947	86	240
2428	1972	84	214
2436	2001	77	190
2445	2024	71	144
2455	2058	61	115
2468	2091	34	88
2488	2106	24	59
2488	2106	24	59
