1888	543	32	26
1891	544	27	24
1890	545	25	26
1890	545	27	25
1890	545	28	25
1890	545	28	25
1891	546	29	25
1891	546	28	23
1891	546	29	24
1891	546	28	24
1890	546	29	23
1890	545	31	26
1890	545	32	25
1890	545	31	26
1888	546	32	24
1889	545	32	25
1887	546	31	24
1889	546	31	24
1883	546	29	24
1883	545	29	26
1883	545	29	26
1884	545	29	26
1883	545	30	28
1880	550	34	23
1880	550	33	22
1881	551	33	22
1881	550	35	23
1878	552	34	22
1879	552	34	22
1879	553	33	21
1877	553	35	22
1877	554	36	21
1876	554	33	21
1875	554	35	22
1874	554	33	22
1871	555	37	23
1871	555	39	23
1871	554	40	23
1872	558	41	20
1871	558	41	20
1869	558	34	22
1869	559	35	20
1870	559	36	20
1866	559	32	22
1866	560	31	22
1866	560	32	22
1861	560	38	23
1861	560	36	25
1860	561	38	24
1860	560	39	24
1860	561	38	24
1859	564	40	21
1859	564	40	21
1859	564	40	21
1859	565	42	21
1856	566	43	22
1856	566	42	21
1857	566	43	21
1855	566	41	21
1854	567	41	22
1853	567	40	22
1853	567	40	22
1854	567	38	22
1852	568	37	22
1853	569	37	21
1853	569	37	21
1854	569	38	22
1849	569	41	23
1849	568	40	24
1847	568	39	23
1849	568	39	24
1853	568	39	23
1854	568	39	23
1840	567	42	25
1839	566	44	25
1841	567	42	25
1838	567	43	25
1840	568	42	24
1840	568	40	24
1840	568	42	24
1837	566	39	25
1834	567	41	25
1836	567	40	24
1837	567	41	24
1837	566	42	25
1836	566	40	25
1839	567	41	24
1839	566	42	24
1838	566	40	23
1841	566	40	21
1837	564	40	23
1839	565	41	23
1840	565	39	20
1839	564	38	20
1840	564	38	20
1840	564	38	20
1839	561	38	22
1836	561	38	23
1840	560	38	22
1840	561	38	22
1839	558	39	23
1837	558	39	22
1837	557	40	22
1838	556	41	23
1830	556	39	22
1827	556	43	22
1835	556	40	21
1826	556	43	22
1832	554	43	22
1832	553	40	24
1832	553	40	24
1832	553	40	24
1823	553	43	24
1825	556	40	22
1826	555	40	22
1825	554	40	22
1824	556	41	22
1825	558	39	20
1824	557	40	20
1824	557	40	20
1825	559	38	20
1823	558	40	21
1821	558	41	22
1823	559	40	20
1819	559	42	22
1812	559	44	22
1811	559	44	23
1811	558	41	24
1811	559	44	24
1808	560	43	24
1808	560	44	24
1809	560	45	24
1804	560	45	24
1805	561	43	25
1804	561	41	26
1805	561	43	25
1804	561	42	27
1799	562	40	26
1800	562	40	25
1800	563	42	24
1799	563	44	24
1798	562	42	25
1798	562	42	25
1798	562	42	24
1795	561	45	24
1798	559	45	24
1798	559	45	25
1795	558	47	25
1791	559	50	23
1784	558	39	23
1789	557	41	23
1785	558	39	23
1792	555	45	24
1790	552	42	25
1791	552	44	24
1790	552	44	25
1780	550	42	24
1782	547	42	24
1787	546	41	24
1788	546	40	25
1785	545	40	24
1785	542	42	23
1786	541	41	24
1787	541	37	23
1773	538	42	26
1775	533	40	28
1779	534	40	27
1781	534	39	27
1769	529	41	27
1768	525	39	28
1777	525	38	26
1767	525	37	23
1775	523	42	23
1768	522	44	23
1775	516	42	27
1777	518	38	24
1764	515	42	21
1770	512	47	23
1771	511	42	25
1771	510	39	21
1763	506	47	23
1767	505	46	23
1763	497	37	28
1762	496	41	25
1758	495	45	25
1759	495	43	23
1760	493	39	22
1758	492	42	22
1758	488	48	23
1756	482	41	26
1754	480	39	26
1760	481	40	24
1759	479	44	23
1761	476	47	25
1751	471	40	26
1760	469	40	27
1747	469	43	24
1752	464	38	29
1756	464	38	26
1756	463	39	22
1752	462	43	19
1750	460	40	21
1752	454	43	24
1753	453	39	22
1754	451	42	23
1748	449	40	23
1753	448	40	22
1751	446	42	23
1748	442	46	23
1748	445	41	20
1743	438	45	24
1742	432	46	27
1743	432	44	27
1743	430	41	25
1742	426	45	30
1744	424	42	26
1740	421	45	28
1740	419	43	26
1739	417	44	26
1743	415	43	27
1745	414	42	25
1744	414	46	23
1746	411	43	26
1746	412	42	26
1740	409	45	24
1739	403	41	27
1737	403	41	27
1744	403	40	27
1740	401	42	24
1742	399	43	24
1744	398	42	26
1742	395	40	23
1732	394	45	22
1732	392	40	21
1733	388	41	22
1742	385	37	24
1729	383	50	21
1726	382	47	20
1726	375	48	23
1731	372	48	25
1732	368	50	26
1726	368	50	25
1727	366	44	24
1728	365	42	21
1726	363	43	22
1722	355	40	28
1719	354	40	27
1722	352	40	27
1719	352	47	25
1715	346	45	29
1714	346	49	26
1711	345	49	24
1708	342	50	26
1712	340	46	27
1712	337	49	27
1713	334	47	30
1712	335	49	26
1710	331	46	25
1711	332	46	23
1710	331	42	22
1708	326	46	24
1708	319	45	29
1707	320	45	27
1708	320	44	23
1695	318	52	24
1695	311	50	27
1692	311	51	26
1697	307	51	28
1696	306	48	26
1693	305	44	27
1696	302	45	26
1696	300	45	26
1691	298	48	27
1686	290	47	33
1687	288	50	33
1685	289	47	30
1682	289	46	26
1681	288	49	25
1684	286	47	24
1679	284	49	24
1675	282	51	22
1676	279	50	24
1674	275	51	27
1675	272	50	25
1675	270	48	24
1676	269	49	23
1676	260	53	29
1679	259	48	28
1679	259	48	28
1678	255	45	26
1679	256	45	24
1667	253	43	24
1669	253	48	21
1669	248	44	23
1669	248	43	21
1666	244	45	23
1665	242	45	23
1660	239	50	23
1659	236	49	21
1659	234	46	22
1658	225	48	31
1658	222	43	31
1656	223	39	29
1652	224	42	26
1651	223	48	24
1651	217	45	25
1647	218	46	23
1645	216	48	25
1643	212	49	26
1646	209	45	27
1642	206	46	30
1644	206	48	27
1640	205	49	27
1632	205	47	23
1633	201	44	25
1630	199	46	25
1628	195	48	29
1626	193	48	26
1627	190	50	30
1628	190	50	26
1630	190	49	26
1628	187	46	24
1624	187	50	22
1626	182	46	27
1616	181	50	26
1616	178	49	26
1613	176	51	27
1610	175	50	27
1615	169	43	33
1613	170	50	31
1613	167	49	30
1608	166	41	27
1605	166	42	27
1600	163	46	29
1603	160	43	31
1601	160	43	29
1602	160	42	28
1596	158	46	27
1597	158	45	27
1597	158	41	24
1589	158	42	24
1589	157	46	22
1585	154	50	23
1587	154	42	22
1581	148	46	26
1582	146	43	27
1580	145	51	26
1575	145	46	27
1576	144	54	26
1565	143	47	25
1567	143	48	23
1564	142	49	24
1566	141	48	22
1566	141	48	23
1561	138	46	23
1554	139	43	21
1550	135	46	24
1548	132	45	27
1548	133	48	26
1549	130	44	29
1546	129	43	27
1546	127	43	29
1544	127	46	28
1541	126	40	28
1539	127	42	25
1538	125	42	26
1535	124	45	25
1536	125	45	22
1532	122	43	26
1532	122	45	24
1533	120	44	24
1534	116	43	27
1536	115	46	27
1535	114	41	26
1530	111	44	26
1530	110	40	26
1532	110	46	28
1532	110	43	26
1527	110	46	26
1520	109	42	23
1520	108	42	22
1523	108	41	20
1522	105	42	23
1523	101	46	26
1524	100	45	25
1522	101	41	25
1522	101	47	23
1519	96	36	26
1518	94	36	28
1518	94	36	25
1517	93	39	26
1519	90	40	29
1518	90	39	28
1518	88	39	30
1515	85	42	28
1515	85	40	28
1514	84	41	28
1514	83	41	27
1508	83	43	27
1509	83	41	24
1503	82	42	24
1505	82	44	26
1502	83	46	23
1500	81	44	24
1505	82	44	24
1503	82	44	24
1498	79	44	26
1505	80	43	24
1504	80	45	25
1504	81	45	24
1504	81	45	23
1503	80	45	23
1504	79	45	24
1503	78	45	25
1504	78	46	23
1502	78	48	21
1502	77	48	22
1502	74	48	25
1504	72	47	25
1491	68	44	30
1490	67	44	30
1497	66	42	31
1492	63	43	29
1500	62	41	30
1496	62	42	29
1492	61	42	30
1503	59	40	30
1501	56	38	28
1494	57	40	29
1501	57	39	27
1496	52	40	31
1494	50	41	30
1494	50	41	30
1494	48	40	30
1492	47	42	30
1493	47	41	29
1491	46	42	28
1498	46	44	29
1494	45	41	26
1493	46	40	26
1492	46	42	25
1491	46	42	25
1487	46	47	24
1491	42	48	25
1490	41	48	25
1487	42	47	25
1488	41	47	24
1487	41	47	24
1487	41	47	24
1487	40	49	26
1487	38	46	28
1488	36	46	29
1488	36	46	29
1488	36	46	29
1487	37	45	27
1486	38	43	29
1487	38	44	29
1486	38	44	29
1484	40	45	29
1485	41	46	27
1485	42	46	28
1484	42	47	30
1484	41	44	31
1483	44	45	30
1482	44	45	31
1485	44	47	30
1486	47	49	29
1481	48	45	29
1485	49	47	28
1484	50	46	26
1483	49	49	29
1478	51	48	27
1481	50	50	28
1482	52	49	27
1481	51	50	27
1477	52	47	28
1477	53	44	28
1477	51	47	30
1476	53	44	29
1477	53	44	28
1477	53	44	29
1477	53	45	29
1475	50	45	32
1474	53	43	30
1473	54	45	31
1472	54	46	32
1472	56	45	31
1472	60	44	27
1467	59	44	31
1471	62	40	27
1470	63	44	28
1470	63	42	30
1469	64	41	30
1470	64	41	31
1471	67	40	28
1468	69	40	26
1468	68	41	27
1469	73	37	23
1468	74	38	26
1467	77	39	26
1467	78	38	25
1466	78	38	24
1460	79	41	25
1468	82	41	27
1467	83	39	25
1468	80	43	30
1460	83	41	28
1465	82	38	31
1464	83	35	30
1460	83	38	32
1458	82	40	34
1459	84	40	33
1455	84	40	38
1456	87	40	34
1456	87	41	37
1455	91	41	35
1455	92	40	34
1457	92	39	33
1454	94	42	34
1455	99	40	31
1456	99	41	32
1454	103	39	30
1456	103	39	31
1453	106	38	30
1455	108	37	29
1456	109	37	32
1457	110	39	28
1456	112	38	28
1457	115	38	29
1455	117	39	29
1456	119	40	28
1459	119	41	30
1454	120	38	30
1457	120	37	29
1453	122	38	32
1456	124	37	30
1452	124	37	32
1453	124	37	33
1456	127	35	32
1456	127	36	32
1453	127	39	35
1455	127	37	35
1454	129	37	33
1456	131	38	33
1455	131	38	33
1454	133	38	31
1453	132	39	34
1454	135	37	31
1456	135	36	32
1453	138	37	30
1454	137	37	30
1455	140	36	29
1455	140	37	29
1455	140	39	29
1454	142	38	30
1457	143	37	28
1455	142	38	30
1454	142	38	30
1455	145	36	28
1455	146	37	28
1454	146	38	29
1454	146	39	29
1453	147	39	30
1453	148	40	29
1452	148	41	29
1451	147	41	30
1451	148	41	31
1454	145	41	33
1452	147	42	33
1452	146	41	34
1452	147	42	34
1453	147	42	33
1450	147	41	35
1453	148	42	34
1451	151	41	32
1453	150	40	32
1450	153	42	30
1449	155	42	29
1447	155	42	29
1450	156	40	28
1447	157	42	30
1450	159	38	29
1448	159	40	28
1448	161	37	26
1447	162	39	27
1445	162	39	28
1445	163	41	27
1449	163	42	28
1446	161	43	32
1445	161	43	31
1447	163	42	33
1445	163	43	33
1443	163	41	34
1444	168	42	31
1444	167	43	33
1442	171	40	31
1440	171	43	34
1437	174	39	34
1439	175	40	32
1437	175	41	32
1437	176	40	31
1437	178	37	30
1437	179	37	32
1436	180	36	29
1429	181	39	34
1431	182	40	33
1426	182	38	34
1423	188	41	31
1423	188	39	30
1420	188	37	33
1421	188	38	34
1421	188	38	37
1415	195	37	31
1415	195	39	31
1409	196	43	34
1409	195	43	35
1407	201	40	31
1408	203	34	29
1403	206	39	31
1405	206	36	32
1403	205	35	31
1404	208	33	30
1396	208	40	31
1393	207	38	33
1394	209	38	34
1393	212	33	31
1390	212	35	30
1384	213	36	33
1382	212	37	36
1381	215	34	32
1378	215	36	32
1375	221	39	29
1373	221	39	33
1371	221	36	32
1371	221	35	32
1367	224	35	31
1364	224	37	32
1359	228	36	28
1357	228	37	30
1355	229	37	28
1353	229	38	28
1353	231	36	28
1341	232	40	29
1340	234	34	26
1339	235	32	28
1334	237	34	27
1333	236	36	27
1330	237	32	27
1325	238	34	29
1324	240	32	27
1318	241	33	28
1316	240	30	30
1312	242	32	30
1311	242	28	31
1308	244	33	28
1298	250	31	25
1295	249	33	30
1293	251	32	30
1292	255	30	28
1288	258	28	26
1282	256	33	30
1280	258	33	30
1279	259	34	29
1277	264	33	25
1272	265	32	26
1265	268	32	26
1264	269	35	28
1261	271	35	30
1260	273	33	27
1254	277	33	27
1251	276	35	29
1247	278	33	28
1247	279	35	29
1244	284	30	26
1235	283	35	30
1233	286	32	29
1228	287	32	28
1228	290	29	27
1221	291	36	29
1216	293	31	29
1214	293	32	31
1214	294	28	31
1209	295	27	32
1204	298	28	32
1200	298	29	32
1198	300	30	29
1194	301	28	31
1189	303	30	32
1183	303	31	31
1183	304	33	33
1181	306	29	31
1176	309	30	27
1174	307	31	30
1172	309	33	28
1166	309	33	32
1164	314	31	26
1161	315	30	25
1157	315	34	24
1156	317	32	26
1150	317	36	28
1151	319	31	25
1148	321	32	25
1143	320	37	27
1135	325	31	26
1135	324	30	26
1132	328	31	23
1128	327	36	26
1123	332	30	23
1121	330	30	28
1117	332	31	29
1114	333	31	27
1114	334	29	27
1109	335	30	31
1104	336	33	31
1103	337	33	30
1101	341	31	28
1100	345	31	28
1096	347	30	27
1093	347	32	27
1089	349	36	27
1089	351	32	28
1084	355	32	29
1085	357	31	27
1084	361	30	27
1081	363	32	24
1078	364	28	24
1078	364	33	28
1071	366	32	29
1068	372	33	24
1067	375	33	24
1065	378	33	23
1066	381	32	23
1062	384	33	21
1061	384	34	24
1057	389	32	23
1053	393	32	23
1055	393	34	26
1056	397	32	25
1050	399	30	26
1043	401	33	28
1038	404	35	28
1042	407	31	27
1036	414	32	24
1032	414	30	28
1031	417	33	27
1023	420	32	28
1021	424	34	25
1022	430	32	22
1014	433	35	23
1012	432	36	26
1006	437	34	24
1001	442	38	22
1006	445	35	22
997	446	35	23
993	448	39	23
988	452	34	23
991	454	38	23
985	458	33	21
981	462	36	20
979	461	40	22
971	464	36	24
971	464	33	27
967	465	37	28
964	466	30	30
959	468	35	29
959	470	32	29
953	477	38	26
950	480	31	26
945	480	33	27
942	482	32	28
939	486	32	26
934	489	33	25
928	491	35	28
926	494	33	27
920	497	36	25
915	501	41	25
912	501	37	25
907	504	35	28
903	511	36	22
897	511	43	24
895	512	41	24
891	512	36	26
888	514	40	26
883	519	33	24
879	520	40	24
879	523	38	22
869	524	42	23
867	527	40	23
862	526	40	27
859	529	38	27
853	530	38	27
846	531	33	31
846	533	33	28
840	532	37	32
832	540	37	26
830	542	37	25
826	542	36	26
822	543	36	27
816	547	36	26
814	548	35	27
808	549	38	26
804	549	36	27
797	551	42	26
790	555	39	22
788	554	39	24
783	557	39	23
783	558	38	21
771	558	41	22
769	558	42	24
768	558	38	24
758	561	39	23
753	560	45	26
751	561	40	26
745	563	43	26
740	563	45	28
731	567	36	26
727	568	42	29
722	571	42	28
719	575	44	28
716	579	39	26
707	582	43	27
701	583	50	30
699	590	46	26
692	594	43	27
688	596	45	28
687	598	45	32
681	605	48	29
672	606	46	31
672	612	45	27
661	616	46	27
663	619	47	28
657	622	46	26
653	625	47	25
651	629	44	25
647	631	43	24
645	633	48	25
641	637	52	23
640	639	45	23
637	640	45	23
635	641	42	23
625	640	47	28
622	643	44	26
621	644	45	28
616	645	45	28
615	648	48	27
608	651	46	26
607	652	46	27
602	653	46	28
594	657	47	27
592	659	47	26
593	657	49	28
584	661	52	27
583	664	52	28
575	669	50	23
574	668	50	26
574	670	47	25
573	673	36	23
558	676	45	23
557	677	48	22
549	679	48	22
546	679	49	22
541	680	46	20
535	679	47	22
530	678	46	23
527	679	51	24
515	680	42	22
513	680	46	23
505	679	48	24
501	681	49	22
498	679	48	25
489	680	50	25
481	682	51	24
480	681	48	27
470	684	47	25
462	682	50	29
458	686	52	26
452	688	55	26
446	690	48	26
436	692	50	27
431	693	50	28
424	694	54	31
417	695	48	30
410	696	52	31
400	702	55	29
401	703	47	29
392	702	46	29
382	702	47	30
378	703	53	31
368	702	51	32
362	704	53	32
354	704	51	31
351	705	51	31
343	705	49	31
334	704	49	30
325	704	53	29
321	704	53	27
315	703	55	30
307	701	49	29
304	701	50	29
294	701	51	27
289	700	51	27
280	696	55	29
274	696	53	32
268	694	55	29
260	694	54	30
252	690	50	31
250	690	54	32
241	691	55	31
235	690	54	31
230	690	58	31
226	690	57	32
218	690	59	33
210	691	59	35
202	691	54	39
197	692	60	38
194	700	52	29
183	701	58	29
176	703	59	29
169	706	62	28
162	706	62	27
159	706	64	27
148	709	59	25
145	711	64	25
135	710	62	25
129	711	62	26
125	710	55	29
118	711	63	31
114	712	64	31
112	713	66	31
101	716	58	28
93	713	61	35
95	719	55	31
83	719	62	31
78	721	69	31
74	723	65	31
67	722	63	35
72	724	66	34
62	725	66	36
64	725	66	37
58	729	61	37
49	734	65	33
47	736	64	36
47	739	66	34
48	743	61	33
45	745	63	29
37	750	67	27
35	750	70	27
36	750	64	29
36	751	64	28
33	752	67	29
32	754	66	29
33	753	66	31
32	753	66	32
32	752	67	32
31	752	69	34
31	749	68	35
30	750	67	34
31	750	68	35
30	747	70	36
25	746	66	36
31	746	72	36
31	746	71	35
27	745	73	37
26	745	77	36
26	744	77	38
26	744	76	38
23	741	73	41
25	747	72	36
22	747	69	36
23	747	70	38
20	747	72	37
19	749	66	34
19	748	66	34
21	748	65	34
20	748	65	34
17	748	66	34
17	749	66	34
17	749	67	34
16	749	67	34
17	748	69	34
18	746	68	35
18	747	69	34
19	744	69	36
17	743	71	38
14	738	70	42
13	738	71	43
13	737	72	42
15	736	71	43
14	735	71	41
13	735	73	39
16	734	74	39
16	733	74	38
16	727	73	44
20	728	69	42
19	724	72	45
25	723	72	46
20	722	74	43
22	720	72	43
18	719	76	44
18	718	74	41
20	714	72	41
21	714	70	39
23	712	73	41
22	711	73	39
19	708	73	38
17	707	74	37
16	705	76	37
17	703	77	36
18	700	78	37
11	698	67	36
15	697	79	37
16	695	72	36
11	694	69	36
9	691	69	37
5	689	77	38
7	687	75	37
3	685	77	38
4	685	77	36
3	679	78	41
4	680	78	40
3	675	78	43
1	675	81	40
2	672	81	40
3	668	80	41
0	665	81	44
4	661	71	46
0	660	81	44
4	659	79	43
0	658	79	42
3	658	77	42
3	656	78	38
3	654	76	39
4	653	77	37
-1	652	77	35
5	649	78	38
1	648	81	38
-3	648	83	38
-1	644	78	39
-1	643	81	38
-1	641	80	36
0	640	82	40
1	637	79	42
0	631	74	45
-2	629	73	46
0	628	74	47
-1	627	73	47
0	627	72	46
0	625	68	47
0	626	67	46
0	626	67	46
-2	626	69	44
-3	626	68	44
-2	625	65	46
-3	622	66	49
-4	622	67	48
-4	623	66	47
-4	622	66	47
-4	622	66	46
0	622	64	48
1	622	61	48
0	622	63	49
0	624	63	47
1	627	61	44
-3	628	66	43
-3	628	66	44
-3	628	64	43
-3	627	66	44
-4	628	68	44
-4	626	66	46
-3	626	66	46
-3	626	67	47
-4	625	68	47
-3	626	67	46
-2	626	69	47
0	626	67	47
-1	626	67	47
-3	626	71	46
0	627	68	45
1	626	68	46
0	627	68	45
0	626	67	46
0	630	70	43
1	630	70	42
0	631	72	42
0	633	74	41
-1	635	76	39
2	635	77	40
1	636	73	38
0	637	74	38
-1	638	73	37
0	638	73	38
0	638	72	37
0	640	72	35
0	639	72	37
0	638	73	37
0	637	71	39
0	633	70	45
0	630	70	50
0	629	68	50
0	627	69	52
0	628	67	52
1	629	66	48
-1	630	67	46
0	628	64	47
-1	630	65	47
-2	634	64	41
2	633	59	41
1	632	57	42
2	633	55	42
0	631	55	43
0	629	55	44
0	627	56	48
-2	626	55	48
-1	626	47	48
-1	629	51	45
-3	631	49	42
-4	631	47	43
-3	638	45	36
-9	635	49	36
-9	637	44	36
-6	638	39	34
-6	638	37	30
-2	638	36	30
0	639	35	27
1	637	31	28
0	639	29	25
1	640	29	24
0	640	25	24
0	643	26	19
0	641	24	20
0	642	24	19
0	641	20	19
0	642	26	20
0	642	25	20
0	641	25	23
0	641	27	24
0	641	27	24
0	641	27	24
0	641	27	24
0	641	27	24
0	641	27	24
0	641	27	24
0	641	27	24
0	641	27	24
0	641	27	24
0	641	27	24
0	641	27	24
0	641	27	24
0	641	27	24
0	641	27	24
0	641	27	24
0	641	27	24
0	641	27	24
0	641	27	24
0	641	27	24
0	641	27	24
