1090	603	147	80
1096	605	143	77
1091	605	148	78
1090	607	145	76
1089	607	154	77
1087	607	153	77
1089	609	156	77
1085	610	161	76
1084	611	163	78
1083	612	164	79
1081	612	167	79
1079	611	166	80
1079	609	167	83
1079	610	170	81
1076	612	171	82
1082	612	171	83
1081	613	172	83
1084	613	173	83
1088	615	154	82
1086	615	150	82
1082	615	146	85
1078	619	147	85
1082	617	145	87
1076	615	145	89
1081	618	144	89
1076	621	146	88
1077	623	145	85
1079	627	145	82
1075	628	144	87
1078	626	145	87
1077	630	143	84
1073	630	145	85
1077	631	141	86
1077	634	145	84
1075	631	140	89
1070	629	140	94
1071	628	142	92
1074	640	144	84
1072	632	139	91
1080	643	140	83
1073	659	139	65
1071	660	140	64
1069	661	137	64
1064	662	139	64
1063	654	140	71
1062	653	141	70
1061	651	144	71
1059	651	143	71
1058	650	142	73
1057	646	143	77
1054	646	138	82
1060	648	130	80
1049	644	127	88
1047	641	131	87
1049	644	133	84
1047	643	133	83
1045	645	130	81
1041	643	138	81
1036	643	136	81
1037	643	131	79
1032	642	128	80
1031	641	135	80
1022	643	140	79
1021	642	143	79
1018	634	138	87
1017	634	147	85
1011	628	151	90
1005	631	163	91
1002	629	155	88
1000	628	129	85
998	624	120	83
995	627	124	81
991	621	121	83
987	625	129	76
980	627	134	75
978	622	132	77
973	616	135	80
968	612	136	83
964	613	137	81
961	610	140	78
956	608	140	79
949	609	139	80
946	604	142	81
943	605	147	79
940	605	144	78
937	605	142	76
932	604	143	74
931	605	144	74
928	606	145	73
924	603	143	77
915	597	144	79
919	602	138	73
919	598	134	75
911	593	139	80
906	599	142	75
904	599	145	74
901	597	144	78
897	597	143	78
890	596	142	77
896	598	140	75
888	599	138	74
888	599	141	73
883	599	138	73
886	599	136	73
887	599	132	71
888	599	130	72
888	599	127	73
881	599	133	75
871	601	143	75
865	601	152	78
861	603	154	77
859	603	154	80
857	604	155	81
853	605	158	81
853	606	156	79
853	607	157	77
851	611	156	73
853	611	151	75
853	612	145	75
850	611	141	76
847	612	147	78
846	621	147	74
845	623	147	75
847	623	147	77
847	625	145	77
844	629	148	74
843	632	147	74
841	636	147	71
840	636	147	73
837	641	148	69
836	643	148	71
836	646	145	72
836	649	147	74
835	652	146	69
833	653	145	71
839	654	140	72
833	656	141	70
831	658	143	73
825	660	139	73
827	661	135	74
824	663	129	72
818	667	130	67
823	668	126	73
819	671	139	71
817	669	142	71
819	672	142	67
819	672	141	68
821	672	140	68
818	674	142	68
816	674	142	67
816	675	140	68
814	674	143	66
812	673	144	67
813	675	142	68
813	676	140	70
810	676	138	67
807	673	141	66
805	672	138	70
801	671	141	67
798	671	142	66
797	672	139	64
795	671	139	63
791	669	139	61
789	669	137	59
787	667	138	60
783	666	141	62
779	666	142	59
776	663	141	58
772	662	142	61
772	660	139	62
769	658	138	60
765	656	141	58
761	654	140	62
758	651	137	62
755	650	138	64
752	647	137	69
747	644	134	64
745	641	132	65
744	638	123	65
738	636	127	64
735	634	128	66
731	631	114	66
731	629	113	68
725	626	112	68
717	622	111	66
713	618	119	70
709	616	115	69
705	612	122	70
704	608	119	70
697	605	128	70
692	601	130	73
690	597	130	73
685	592	135	76
683	588	138	77
679	585	143	78
676	582	144	81
679	580	140	81
675	577	143	81
673	575	142	85
666	569	146	87
667	567	144	91
660	562	147	89
662	562	149	86
660	559	148	96
657	557	150	83
653	553	155	79
653	550	148	78
650	546	139	75
639	546	113	66
638	546	116	62
636	547	118	58
664	544	121	73
667	542	108	72
661	538	94	66
660	541	102	71
661	537	111	76
658	535	92	72
657	533	83	73
654	533	84	66
650	532	88	58
648	532	90	70
643	531	97	70
642	532	103	72
639	532	124	79
635	532	109	75
629	532	132	82
630	529	144	82
629	529	150	81
623	531	143	87
626	532	127	82
623	532	131	84
603	527	142	89
605	521	141	91
608	524	137	85
610	520	133	85
588	524	155	90
601	525	139	87
603	525	136	85
608	523	124	79
604	520	129	88
617	528	115	70
629	530	96	60
631	527	94	66
623	523	102	85
607	498	109	115
830	226	106	82
825	230	100	86
825	222	117	97
818	226	117	96
813	249	123	82
