418	0	520	1072
420	-9	513	1079
410	-12	530	1089
403	0	520	1085
395	9	516	1099
391	-7	500	1097
395	-11	508	1106
397	-3	519	1127
397	-48	528	1142
398	-59	542	1196
401	-21	549	1193
400	-1	553	1209
408	-10	558	1215
398	-24	570	1233
379	2	566	1279
384	23	544	1270
375	10	558	1291
391	2	544	1304
426	153	549	1196
412	184	557	1167
442	198	566	1135
438	197	600	1150
454	171	612	1148
443	181	631	1143
447	212	653	1129
460	250	613	1095
454	278	584	1072
446	289	592	1096
425	342	638	1033
419	360	642	1024
420	463	666	922
432	529	650	867
437	540	646	873
440	536	664	877
431	463	633	910
424	498	563	876
417	470	593	915
425	456	641	921
423	453	661	920
417	467	668	908
397	448	693	933
406	491	690	901
401	487	672	939
404	484	676	927
395	499	662	931
392	511	663	934
396	489	632	942
380	520	633	923
377	502	620	927
371	504	629	929
377	507	622	931
384	504	626	944
365	499	617	926
362	457	629	951
334	410	664	997
304	395	616	968
286	492	749	861
285	536	763	817
279	633	814	691
267	589	789	719
270	575	737	720
220	565	682	709
216	549	679	696
184	513	672	724
180	487	680	733
152	465	704	738
129	458	733	739
114	447	762	744
113	433	801	732
107	419	824	731
107	438	844	722
113	419	894	729
109	414	920	717
116	410	945	684
105	384	955	697
89	378	979	683
77	329	981	699
71	324	993	701
88	364	962	661
122	388	948	652
153	412	898	648
181	457	880	633
191	509	871	590
226	548	841	571
222	562	681	576
223	608	710	560
243	677	738	526
226	712	749	513
235	714	830	538
219	713	831	566
223	715	838	575
233	683	859	570
220	677	869	568
204	673	852	568
204	663	844	562
227	661	818	567
235	633	821	581
264	602	816	592
265	610	818	592
264	608	818	583
263	615	810	578
278	625	804	595
284	616	820	620
294	659	801	608
296	698	786	606
273	726	777	602
310	840	771	515
303	1039	782	340
316	1055	761	346
293	1070	764	341
332	1085	763	348
353	1108	733	346
353	1107	713	346
333	1106	711	357
356	1096	706	377
359	1100	721	379
371	1087	721	390
366	1058	714	419
353	1052	727	425
398	1008	706	455
367	986	714	460
368	941	723	489
380	910	706	514
394	882	700	533
390	834	687	565
401	802	685	590
415	753	669	623
435	741	668	626
433	964	651	392
440	966	626	368
458	934	610	387
465	900	610	395
475	884	591	404
494	861	575	419
506	831	573	442
515	797	562	472
514	779	568	489
518	776	561	495
523	776	560	494
530	787	547	484
529	798	556	462
534	802	546	464
537	834	542	428
550	838	537	422
558	840	526	414
554	927	509	333
560	987	435	261
567	991	418	254
565	977	460	260
571	969	463	263
558	968	440	263
543	957	477	280
541	954	448	273
525	954	485	278
520	938	546	282
525	943	553	275
528	943	558	281
512	937	563	289
517	933	566	303
509	928	567	304
520	927	572	316
517	917	578	323
502	904	586	332
499	901	584	336
500	884	584	339
500	894	576	344
491	881	594	363
491	872	579	379
494	859	589	400
479	842	591	413
477	824	590	422
483	807	592	439
469	791	592	455
465	768	591	462
428	739	620	502
424	785	633	472
386	828	678	432
425	895	639	355
410	888	652	353
376	892	678	351
374	890	681	351
410	892	648	350
358	898	690	344
372	899	691	341
292	903	745	322
309	895	747	332
376	897	694	332
382	895	720	340
361	897	720	328
339	901	724	333
357	920	667	307
361	951	725	287
334	957	732	283
328	944	752	301
335	936	766	307
335	936	766	307
344	929	768	335
246	926	812	345
236	901	716	384
226	930	524	364
224	870	561	428
212	941	520	377
205	907	568	395
212	913	633	397
207	876	708	436
220	843	743	488
280	693	781	646
265	760	831	584
265	899	825	452
246	858	829	499
240	911	846	467
243	972	840	427
233	994	824	425
221	990	815	434
238	981	832	454
250	989	811	451
255	1006	809	452
293	1030	780	437
276	1028	807	450
277	1033	796	444
308	1034	785	446
306	1035	786	441
316	1048	780	460
322	1047	775	459
322	1050	784	463
381	1051	733	453
319	1027	757	497
353	1027	726	505
359	1031	718	500
367	1035	707	500
364	1051	707	485
360	1051	685	490
365	1062	671	492
343	1068	683	493
339	1065	664	506
333	1051	531	460
350	1075	600	489
342	1081	674	504
324	1067	686	509
312	1052	717	516
295	1046	737	502
290	1034	758	508
298	1013	781	534
283	1006	808	519
296	1003	808	501
293	1001	812	471
290	988	800	487
297	1013	813	460
292	1000	822	471
277	992	828	447
279	982	826	445
258	960	836	380
260	946	827	382
257	940	830	386
262	902	829	416
278	870	822	441
254	844	819	474
248	833	830	470
262	815	815	484
246	818	831	487
257	800	819	493
254	798	821	494
257	802	820	495
268	793	794	482
249	795	818	483
263	773	811	508
254	767	806	515
248	761	807	523
252	755	808	536
252	708	820	547
247	710	816	545
239	696	808	554
242	679	817	553
238	678	823	534
240	676	826	524
246	679	834	507
255	711	850	458
262	751	843	408
265	794	818	361
239	775	840	367
240	759	826	379
259	755	819	379
246	742	836	394
253	741	843	392
241	732	836	403
244	722	842	412
248	732	818	398
242	726	831	413
247	726	824	415
229	717	833	426
246	716	818	428
222	720	832	430
252	721	834	424
233	725	846	426
227	727	841	423
225	729	849	421
237	726	854	426
225	733	855	419
218	735	862	425
228	738	859	424
240	726	843	438
228	724	851	446
230	721	859	443
208	711	858	472
222	712	868	468
201	710	872	480
202	698	881	484
210	713	861	485
237	704	845	493
202	702	881	492
237	694	849	517
235	677	853	533
217	683	856	519
221	668	847	538
225	656	838	538
229	658	842	535
212	623	851	562
224	603	843	571
220	598	853	571
225	587	861	563
220	558	862	580
224	552	849	586
211	501	871	617
208	489	864	611
225	489	867	606
229	496	850	594
222	487	862	600
238	483	848	587
240	449	838	572
241	446	848	581
249	440	851	583
241	441	847	559
224	438	860	563
238	444	834	559
241	449	848	555
244	444	835	553
230	435	844	561
241	453	843	566
232	478	850	617
233	478	854	626
223	478	845	640
230	481	871	637
228	478	876	643
221	472	875	646
220	471	881	622
194	470	881	602
182	425	902	646
175	418	915	631
181	413	938	616
153	420	951	598
169	409	963	608
76	435	984	589
95	449	976	593
87	453	982	600
92	462	992	607
85	471	1013	606
70	474	1025	618
47	460	1055	643
56	467	1051	633
18	478	1083	637
64	486	1041	650
47	485	1050	685
61	503	1035	662
71	508	1026	642
42	543	1021	632
35	572	1027	630
60	567	1016	648
85	578	1018	601
61	598	1020	631
75	617	1019	616
36	639	1063	613
75	641	1022	603
55	642	1050	606
86	645	1025	590
54	653	1050	613
89	660	1028	607
59	670	1036	565
40	721	1053	540
42	720	1048	539
55	717	1042	516
52	723	1060	532
31	740	1057	529
56	768	1038	501
81	771	1025	508
135	776	984	522
135	748	978	550
129	768	965	536
149	752	955	569
172	758	936	557
180	762	931	564
180	764	939	582
202	761	918	560
191	780	904	555
218	767	888	586
216	761	888	591
259	777	869	573
252	769	861	574
257	735	844	593
259	748	855	647
263	760	856	591
250	734	846	633
269	760	835	625
279	746	827	644
274	756	825	620
277	754	828	633
279	736	825	659
279	746	834	672
266	746	839	669
310	737	811	661
281	741	828	677
287	736	820	675
297	752	811	673
281	722	827	719
274	738	824	696
278	728	822	724
269	722	827	737
266	722	825	731
245	720	847	722
238	723	854	731
243	716	857	735
220	731	862	724
228	707	874	731
203	713	875	739
211	710	880	751
201	715	894	743
193	710	899	750
200	713	887	750
197	708	889	757
185	710	898	784
171	719	913	794
150	745	920	768
147	746	940	772
143	730	926	791
132	758	943	765
133	773	938	757
124	772	894	722
93	750	905	715
84	773	970	726
57	720	991	737
43	750	1005	723
69	769	976	706
90	777	945	702
75	767	983	696
-10	729	1023	714
74	728	990	749
-48	705	970	729
84	717	891	752
53	728	896	729
62	717	882	702
62	717	863	686
49	716	852	689
52	728	862	682
28	721	842	664
19	709	836	669
20	718	851	661
22	702	823	655
23	681	829	670
11	684	814	694
14	673	801	701
60	703	893	739
37	722	923	738
35	748	942	749
42	762	934	735
25	771	912	738
39	766	905	746
40	754	888	765
-10	701	779	712
-21	667	744	739
-18	659	763	748
-18	655	786	769
-15	644	775	786
-7	643	794	794
-17	640	818	776
0	648	814	794
21	656	859	813
36	652	846	819
37	642	845	818
39	648	832	801
45	638	833	813
36	640	808	827
27	651	787	820
28	635	782	814
30	626	789	836
25	622	785	851
7	624	787	846
25	625	780	874
17	656	772	874
9	655	776	870
3	677	778	880
-5	701	774	877
-14	703	782	896
-10	680	761	904
-12	721	754	905
-3	715	770	921
-1	725	754	933
-2	743	735	927
-10	750	766	927
-10	755	771	919
-11	735	779	925
-11	714	738	932
-12	689	725	943
-12	687	730	945
-9	666	697	954
0	634	688	981
8	616	684	1001
16	628	706	996
32	633	715	1005
33	629	731	1028
38	628	732	1036
29	606	727	1060
35	589	714	1078
28	595	721	1105
4	573	723	1136
21	587	686	1167
18	562	686	1183
6	531	668	1218
12	524	644	1246
4	510	637	1269
5	515	655	1279
-5	517	625	1293
-6	545	610	1285
25	523	627	1316
-7	567	579	1278
1	555	588	1314
9	517	587	1340
-5	550	593	1326
4	535	601	1334
3	542	590	1299
14	528	565	1310
13	529	554	1296
4	521	565	1297
7	532	566	1287
6	501	587	1288
14	522	567	1280
12	516	549	1283
2	485	544	1277
6	465	534	1290
1	444	522	1301
0	431	516	1305
-12	407	489	1327
-9	385	476	1323
-9	339	469	1321
-3	368	461	1325
-5	412	464	1309
-1	379	460	1322
-2	332	457	1294
-5	290	461	1301
0	267	467	1301
1	235	495	1295
18	179	475	1276
13	114	494	1313
6	72	493	1302
11	57	490	1299
10	-1	501	1303
21	66	501	1236
12	64	510	1205
12	19	536	1196
11	61	531	1127
-1	38	548	1121
4	19	543	1100
-4	35	543	1080
-9	52	544	1013
0	11	538	1003
0	5	525	1037
-4	3	532	1049
2	1	525	1046
-4	-4	529	1061
-2	17	521	1044
-2	6	521	1052
5	-5	511	1043
6	6	507	1049
14	17	493	1028
19	16	482	1027
20	7	476	1026
23	6	486	1038
19	33	481	1026
15	28	490	1027
15	29	496	1027
6	36	496	991
22	14	484	971
34	27	473	991
13	6	508	1010
27	7	529	1040
11	-11	536	1065
8	7	562	1094
