1008	364	133	164
999	370	156	163
992	371	159	158
992	373	163	158
988	371	160	158
1006	374	141	159
1001	378	149	147
999	380	154	140
1004	376	148	143
1002	374	140	149
997	371	150	152
996	355	153	168
990	358	156	166
993	379	153	147
990	333	170	186
990	320	143	195
984	332	131	174
979	362	139	136
979	357	141	143
968	358	151	141
971	361	153	136
971	362	147	135
969	354	149	145
970	336	158	167
963	339	146	159
957	336	155	169
937	280	164	227
950	238	160	276
929	227	174	303
932	218	164	340
930	224	166	337
938	216	156	333
947	224	144	289
945	224	151	280
949	212	148	295
948	218	153	286
933	215	157	298
937	214	161	280
934	204	155	284
942	211	152	285
935	206	161	288
938	202	141	295
936	197	169	324
926	304	188	286
904	288	196	291
909	288	210	278
933	192	158	297
919	287	182	283
938	181	151	309
926	181	170	394
926	173	174	360
917	245	190	315
926	286	203	259
923	275	199	222
929	292	188	208
923	292	160	205
924	290	165	190
920	283	172	203
922	284	174	195
926	276	154	200
930	272	139	203
929	279	136	193
928	278	135	197
922	273	138	196
920	279	137	197
922	275	139	195
925	283	140	192
922	278	139	200
921	280	139	197
920	277	144	199
921	280	139	201
922	280	139	193
922	279	140	199
925	278	145	203
923	279	144	201
922	268	152	214
920	269	153	216
922	269	151	215
922	267	150	224
928	278	143	219
927	270	148	227
923	228	148	265
928	225	144	269
927	235	135	265
916	218	156	266
925	283	145	213
928	296	141	206
942	336	130	169
936	330	130	175
939	348	127	161
945	345	120	164
947	350	116	165
947	356	115	166
951	360	115	168
937	352	132	175
938	352	122	183
935	356	123	186
939	357	119	194
942	360	111	179
939	366	114	172
938	364	112	187
939	361	108	185
940	363	108	220
936	364	115	242
949	366	106	204
952	372	103	205
953	360	102	223
952	365	99	216
951	363	101	234
942	369	105	238
937	373	116	253
938	397	103	237
932	379	113	249
928	356	120	267
932	388	118	254
931	376	121	267
926	398	118	254
926	392	129	243
931	388	118	258
934	370	118	271
929	375	121	273
920	401	123	243
920	409	124	258
920	423	118	254
926	423	116	271
927	376	122	298
928	299	136	325
923	293	156	374
931	392	163	266
915	373	193	282
917	371	211	197
913	384	191	187
898	387	216	176
903	395	199	244
904	404	176	239
904	437	159	205
911	415	187	229
913	445	188	197
910	428	204	214
910	428	204	214
910	428	204	214
914	413	195	228
915	394	205	165
912	417	204	134
910	397	208	143
909	412	209	121
907	415	175	113
904	420	139	114
912	409	157	101
913	410	162	98
906	416	174	101
860	414	217	99
900	418	234	99
897	396	237	97
892	389	230	97
877	364	241	122
896	358	229	127
898	381	234	104
896	366	221	121
909	372	206	133
905	325	233	178
902	353	214	175
918	366	234	167
916	362	243	183
915	361	218	200
910	368	218	213
923	371	214	261
918	388	223	244
914	381	228	236
906	377	237	245
907	363	233	255
912	330	218	289
905	362	235	257
908	218	229	314
905	352	230	297
892	351	219	288
890	348	228	312
901	350	223	322
886	340	226	336
876	334	246	277
893	340	241	215
889	346	224	183
883	329	236	212
915	346	211	190
878	334	225	212
876	350	237	267
869	346	241	281
870	342	235	283
877	348	236	209
894	337	215	206
860	345	241	240
887	354	215	208
870	346	221	208
886	341	208	217
849	350	241	267
853	349	242	220
857	341	243	222
852	337	246	219
855	345	240	212
867	335	234	223
866	346	216	219
858	328	241	233
863	337	237	228
857	347	237	225
855	355	232	232
852	343	232	241
857	341	229	224
846	356	234	223
842	310	255	267
854	315	241	279
838	317	248	311
854	340	218	293
854	336	230	278
842	318	251	287
856	292	258	306
840	318	251	290
856	303	252	273
839	332	234	269
843	330	251	237
831	283	261	314
822	296	221	337
818	278	270	342
826	305	199	309
826	284	256	331
824	283	217	315
816	282	281	315
822	290	276	298
831	372	289	226
823	327	281	255
830	323	275	249
825	330	274	239
823	314	277	261
827	321	274	250
826	324	274	250
823	321	222	255
851	318	271	258
826	303	284	274
828	297	288	267
834	302	279	266
873	303	239	263
850	304	272	257
858	305	266	262
885	245	246	300
888	235	249	271
877	308	243	253
896	329	233	223
888	295	241	250
909	241	234	287
900	282	223	271
911	311	222	237
906	263	239	276
886	252	259	317
899	325	242	246
883	319	260	233
895	262	254	278
863	319	276	262
875	307	269	260
879	329	250	251
889	288	261	300
876	318	285	268
875	324	283	263
882	318	257	272
887	319	228	264
937	203	272	321
904	318	277	268
914	318	272	257
924	316	265	263
902	303	285	278
926	313	264	250
887	308	303	266
900	298	289	273
912	310	284	257
892	313	294	260
906	272	283	289
922	312	269	244
906	314	282	245
887	314	289	268
898	317	288	261
924	311	262	250
897	314	283	257
904	313	280	252
883	308	296	272
901	311	277	256
874	310	297	274
877	308	295	290
898	311	284	266
868	313	294	253
882	317	286	270
875	316	282	278
877	318	269	275
869	311	289	284
869	315	307	273
861	315	312	294
865	304	310	300
853	306	320	293
875	315	329	382
847	307	343	307
839	305	340	276
874	313	325	295
877	310	322	284
908	311	295	346
873	303	324	386
884	291	312	411
863	296	319	384
859	261	294	398
870	290	334	373
869	234	327	434
858	197	324	459
866	180	296	455
858	212	287	429
891	176	305	484
872	289	321	361
869	293	365	365
878	287	356	425
880	288	345	355
881	286	345	363
889	295	338	347
885	267	322	333
888	288	315	345
900	261	315	371
902	265	328	356
896	267	305	337
912	268	319	347
911	272	311	329
917	279	294	313
913	274	283	313
906	268	289	312
898	265	309	292
902	261	321	320
905	255	305	312
913	249	291	294
911	237	303	317
926	209	310	314
926	227	303	346
919	204	314	309
920	182	315	335
913	159	346	351
906	171	343	342
895	162	359	377
873	166	382	378
852	142	396	403
848	133	389	430
836	127	395	402
810	116	417	434
920	185	310	344
911	218	317	311
911	228	291	300
900	198	312	325
896	212	334	322
889	193	356	343
899	188	342	347
902	179	349	354
893	214	287	319
899	174	271	351
893	229	262	298
898	190	278	343
892	233	257	305
908	196	256	344
889	215	267	331
886	196	308	341
883	202	285	335
890	189	302	346
881	186	287	350
879	174	285	376
878	166	285	364
869	161	347	378
882	133	357	418
864	150	306	410
859	134	358	437
851	168	299	416
847	355	229	332
872	262	248	306
851	335	218	333
870	298	297	275
889	333	329	323
876	330	341	335
890	318	334	365
886	333	327	338
883	325	309	239
884	320	331	235
893	354	317	207
897	329	303	243
897	342	314	231
895	348	312	264
904	348	310	220
901	361	319	244
896	331	322	235
894	361	323	202
897	377	326	207
892	369	331	229
885	366	341	225
880	366	335	212
880	376	343	199
885	385	335	251
885	372	338	260
896	292	328	274
892	290	341	279
899	275	336	309
893	278	331	294
880	379	352	321
892	352	364	345
898	360	351	334
900	371	332	318
880	377	286	321
888	378	362	287
874	382	314	329
878	383	287	330
882	375	346	310
874	377	302	337
875	389	342	335
871	393	334	318
864	387	338	313
861	386	342	325
860	391	342	321
876	398	342	305
880	396	341	313
866	395	376	325
863	392	324	316
879	387	291	318
867	393	349	326
874	386	343	325
873	384	286	330
874	384	341	329
865	385	297	330
879	386	330	333
869	375	288	336
877	379	344	331
868	376	288	339
889	374	352	341
890	366	356	348
867	373	316	342
871	366	277	340
876	356	311	330
886	359	355	357
872	350	366	365
881	355	375	365
887	361	371	363
872	349	305	368
878	357	334	370
894	346	306	369
886	343	362	380
885	334	309	376
885	344	310	382
902	348	326	366
904	349	327	367
895	346	366	382
868	340	312	387
868	339	302	380
883	348	358	385
887	351	342	408
891	349	290	412
891	338	290	420
904	339	293	408
896	337	278	410
895	341	302	403
897	340	297	408
897	338	305	409
901	337	287	408
890	341	297	414
891	332	315	387
886	344	334	407
901	342	323	373
906	339	325	369
855	204	396	506
756	130	491	582
795	233	457	551
789	236	457	515
817	314	436	451
853	330	424	461
847	344	385	487
841	336	373	522
821	349	420	563
836	407	406	559
832	350	427	648
841	349	446	720
804	364	423	417
815	347	460	419
822	342	468	447
827	346	479	457
860	334	449	476
827	323	480	510
818	310	491	529
846	297	470	549
922	308	415	424
927	320	368	372
933	311	371	372
930	307	374	361
944	308	362	369
945	310	376	364
950	309	379	364
929	314	385	411
929	199	492	468
934	194	501	473
921	208	474	467
913	202	460	473
901	239	449	447
897	261	422	437
915	296	372	384
919	287	348	407
890	298	375	391
882	310	377	392
890	301	368	395
892	310	361	368
895	316	355	381
889	318	363	405
898	327	353	389
889	300	363	421
898	328	370	378
892	270	434	379
890	344	349	333
898	338	305	335
905	331	303	359
892	305	296	355
890	293	277	362
893	352	318	373
890	380	317	366
887	376	283	324
894	382	289	361
898	390	275	356
884	393	279	357
881	402	273	350
882	408	274	326
874	390	276	344
874	388	275	345
869	398	284	370
863	399	342	364
864	396	425	363
873	397	420	367
876	399	410	357
860	408	411	339
868	411	400	311
852	427	409	289
849	439	414	253
855	352	424	319
839	363	442	332
825	420	467	328
828	443	453	292
824	473	408	245
807	473	455	256
813	455	456	289
817	464	465	290
820	493	466	250
820	474	454	255
841	477	440	265
816	481	421	255
814	479	419	262
821	493	419	255
822	502	424	249
832	500	423	253
840	503	429	257
854	503	436	284
860	505	442	286
872	496	440	298
864	497	422	333
874	495	416	332
882	500	408	335
888	487	406	357
890	490	397	374
891	486	380	399
891	490	361	414
889	493	364	420
894	484	356	427
899	477	328	431
892	482	368	446
908	484	322	405
908	479	292	397
910	464	288	402
914	457	292	403
913	465	307	402
919	480	302	390
911	481	303	391
921	490	295	390
926	478	294	417
916	489	308	417
906	486	313	425
913	482	307	432
892	491	332	451
834	484	362	478
918	501	305	444
919	501	306	463
927	499	292	468
923	433	238	474
920	424	228	495
915	445	230	487
918	393	229	519
911	375	242	523
913	446	233	493
902	410	249	507
887	423	267	515
890	423	271	514
881	447	275	485
882	444	276	487
875	450	289	471
880	442	280	490
875	502	300	448
879	495	299	456
873	495	303	436
876	493	328	450
787	480	397	508
779	471	388	492
797	468	386	513
797	474	385	508
788	467	405	491
845	437	386	489
853	429	396	463
835	450	411	508
841	458	419	487
838	451	423	494
847	449	409	445
859	442	408	454
860	436	397	447
861	440	402	406
875	457	396	404
873	440	404	425
855	446	403	397
861	459	407	391
865	459	411	427
861	443	401	372
851	449	417	455
837	472	419	426
848	374	429	454
844	436	476	405
839	463	467	378
823	473	503	319
813	476	501	334
809	466	509	320
807	412	486	426
807	448	498	407
801	470	496	332
807	484	476	379
791	490	489	346
791	472	500	359
783	474	502	353
789	472	490	387
781	471	486	375
804	440	483	396
810	445	449	325
783	465	494	330
800	466	489	333
783	470	503	334
790	464	490	348
803	466	483	358
788	456	470	368
810	466	474	394
810	464	470	403
830	450	447	430
826	433	457	452
821	440	438	448
826	468	423	445
829	479	437	459
847	479	405	472
856	462	397	486
875	471	372	494
861	448	386	521
875	457	333	506
870	453	273	464
812	474	323	470
836	474	306	455
823	476	322	479
819	480	330	508
847	484	305	513
828	482	328	522
828	490	330	526
819	493	347	541
798	487	370	537
837	506	342	537
819	500	381	551
868	507	337	563
857	501	354	567
804	520	405	554
833	519	388	550
832	513	354	556
856	539	416	542
878	532	396	540
865	536	414	541
862	540	420	542
838	543	380	549
861	538	417	546
846	541	399	554
865	533	412	554
868	539	393	548
874	542	429	546
868	530	420	557
856	515	385	557
825	521	364	565
868	525	459	552
813	519	392	559
836	507	448	559
805	515	399	569
862	491	493	569
808	502	436	577
801	508	398	565
824	502	494	583
850	487	502	586
777	484	431	583
831	468	386	589
806	469	411	597
821	462	402	579
801	454	419	546
809	455	410	513
811	446	418	586
794	448	422	531
789	431	424	522
787	442	429	549
765	429	450	557
734	436	468	534
752	417	476	556
779	427	482	540
773	415	493	545
753	411	507	554
775	416	507	546
763	395	508	549
766	399	520	568
716	374	541	597
722	390	558	539
708	369	537	545
701	364	564	568
717	367	554	570
714	356	555	556
725	343	554	553
727	343	569	561
725	327	571	563
717	341	593	532
721	343	583	536
722	337	598	533
722	333	605	542
709	335	606	537
702	339	611	518
684	330	632	529
694	331	623	541
684	331	637	540
703	326	614	561
748	333	568	544
794	336	623	565
703	331	644	564
670	324	644	601
747	339	659	738
751	344	613	700
709	324	609	675
688	309	630	718
820	309	633	762
806	305	510	728
812	292	499	682
828	301	503	641
829	297	493	641
886	289	585	679
830	297	484	704
867	305	431	711
869	307	423	642
879	321	399	653
