1119	167	98	60
1120	164	89	60
1129	167	83	58
1135	170	75	55
1137	168	73	58
1142	167	65	58
1161	166	46	54
1160	171	45	48
1159	170	43	47
1156	152	38	62
1153	142	36	72
1151	148	38	68
1149	151	37	69
1148	152	38	73
1146	151	41	76
1143	150	42	75
1142	148	42	76
1141	139	41	84
1139	141	39	85
1138	135	42	91
1136	129	42	91
1136	143	43	78
1134	128	46	93
1134	118	45	99
1136	121	44	102
1135	118	47	102
1134	119	50	102
1126	113	58	104
1118	105	68	110
1120	108	68	108
1132	125	55	90
1131	116	56	97
1148	128	43	90
1123	115	71	94
1129	123	72	93
1137	121	72	94
1128	112	87	104
1133	115	88	98
1134	114	91	99
1137	114	90	101
1138	118	94	94
1133	114	101	101
1135	117	100	98
1132	114	108	104
1131	112	111	106
1133	111	109	106
1139	109	107	111
1143	111	104	104
1134	106	109	111
1141	106	106	110
1147	107	102	107
1164	114	85	105
1141	98	108	117
1161	110	89	109
1194	126	59	90
1200	132	47	90
1202	132	46	83
1201	134	45	87
1202	134	44	84
1202	131	45	86
1202	128	46	91
1201	127	48	91
1200	126	50	94
1201	127	50	90
1199	120	52	94
1199	119	55	97
1202	118	52	98
1202	119	55	97
1204	115	52	96
1172	85	83	126
1176	91	80	123
1171	92	83	118
1176	95	79	117
1176	95	76	114
1181	95	74	112
1177	93	81	113
1183	89	80	117
1183	93	79	113
1186	91	78	113
1187	92	80	109
1201	102	68	99
1206	107	64	95
1193	90	76	110
1185	85	87	116
1183	84	86	112
1184	80	85	114
1190	84	82	113
1188	83	89	114
1187	77	90	117
1187	80	95	116
1185	77	96	117
1188	76	98	116
1191	78	96	115
1187	74	100	118
1192	70	93	122
1195	71	92	122
1193	67	92	123
1192	68	98	123
1203	60	86	128
1203	56	86	132
1204	54	88	134
1207	56	86	131
1207	52	87	130
1211	53	80	131
1211	48	83	135
1216	49	77	134
1211	47	85	133
1214	48	80	134
1212	45	81	132
1215	43	80	137
1219	47	75	138
1221	42	76	142
1224	41	77	138
1223	37	79	140
1223	36	81	142
1219	33	83	140
1219	29	86	143
1224	28	84	147
1223	26	90	148
1220	26	91	146
1223	22	94	147
1220	19	100	152
1212	15	109	156
1208	17	115	156
1210	16	113	157
1209	18	117	160
1198	15	127	163
1182	9	146	173
1144	9	187	172
1205	-1	237	165
1215	2	220	173
1173	7	268	174
1223	8	209	170
1130	8	304	169
1155	8	281	172
1224	10	216	175
1205	9	240	173
1230	10	205	181
1141	15	306	182
1248	19	214	237
1248	14	184	187
1157	7	277	199
1242	19	200	188
1171	8	265	202
1192	1	250	206
1247	11	192	206
1220	7	222	207
1242	2	209	203
1238	5	193	216
1235	6	207	206
1227	15	219	197
1223	22	221	185
1157	7	284	195
1174	11	273	189
1154	5	298	181
1165	3	281	178
1196	13	256	161
1237	11	216	148
1136	14	217	175
1237	16	213	164
1195	80	268	144
1135	28	297	166
1141	53	299	140
1155	87	288	105
1170	102	270	91
1165	99	256	98
1175	100	275	99
1177	98	271	95
1177	97	265	95
1196	89	258	112
1198	86	261	113
1206	86	259	114
1217	85	247	113
1213	94	253	107
1220	82	259	120
1216	45	262	153
1214	20	283	176
1222	26	283	178
1220	21	288	173
1229	17	283	177
1226	21	293	184
1238	18	283	186
1240	15	278	187
1250	18	278	182
1256	16	277	182
1261	16	288	179
1262	15	288	187
1270	7	287	186
1270	13	288	184
1282	8	281	185
1285	9	285	182
1288	10	287	182
1298	7	282	185
1293	9	287	183
1302	13	277	181
1311	16	274	173
1304	9	269	196
1300	8	285	198
1317	13	271	183
1326	13	269	175
1318	9	289	200
1334	11	255	184
1331	5	277	199
1332	11	279	193
1338	8	272	155
1340	7	264	190
1333	13	272	184
1329	44	273	151
1333	47	280	149
1337	25	283	167
1339	72	276	119
1336	54	298	140
1335	29	300	167
1333	64	332	126
1322	33	316	158
1324	59	319	127
1312	51	322	100
1339	50	304	99
1311	43	317	115
1316	16	327	123
1308	15	330	135
1300	19	334	165
1296	17	345	161
1279	18	359	154
1273	33	338	134
1267	27	323	146
1264	22	287	161
1258	19	287	164
1256	10	285	169
1253	4	285	183
1249	7	278	182
1238	7	275	186
1235	6	253	192
1243	6	235	195
1229	9	272	203
1221	8	230	208
1218	13	225	228
1219	6	224	224
1217	2	235	231
1211	17	227	228
1218	11	237	228
1220	8	214	232
1207	15	228	231
1202	7	242	229
1110	27	311	225
1107	24	303	234
1100	31	337	223
1088	21	304	232
1093	23	297	233
1104	27	285	230
1101	35	288	221
1090	22	297	231
1091	27	292	222
1084	22	305	235
1089	25	303	224
1099	27	288	221
1084	18	312	229
1083	19	309	231
1098	20	304	221
1106	20	296	227
1103	15	300	233
1105	25	284	215
1108	21	298	222
1118	23	291	217
1152	14	259	219
1122	16	296	219
1115	15	306	223
1134	17	284	223
1183	13	241	212
1189	14	238	211
1182	10	239	213
1188	8	247	213
1189	11	233	214
1198	8	216	216
1161	10	255	208
1200	16	210	209
1206	10	209	202
1182	4	234	206
1108	11	289	198
1186	11	210	199
1183	4	213	206
1176	8	216	198
1191	1	203	206
1186	3	201	201
1191	4	193	201
1183	10	202	200
1185	13	195	199
1183	8	194	196
1139	10	227	196
1099	13	267	190
1098	12	269	192
1091	11	264	192
1085	7	289	193
1055	12	306	202
1087	10	286	193
1173	9	187	195
1130	6	232	187
1085	10	271	195
1116	4	249	193
1119	1	238	191
1120	6	231	189
1115	8	230	187
1084	7	269	192
1114	7	240	192
1088	8	260	183
1081	4	271	185
1074	3	283	178
1078	4	279	177
1084	0	261	174
1075	1	283	166
1076	2	270	163
1072	6	269	152
1075	2	243	156
1075	5	232	158
1075	4	244	151
1056	6	257	134
1063	-5	238	154
1061	6	245	138
1064	-5	234	145
1066	-4	233	140
1045	-4	246	141
1053	-9	227	134
1064	-8	226	135
1062	-8	232	129
1068	-2	251	119
1064	0	223	114
1058	-5	225	123
1099	-9	204	119
1065	-7	212	117
1164	-8	175	119
