1261	492	84	50
1259	494	81	48
1258	496	82	48
1257	497	82	47
1259	498	81	47
1261	499	79	47
1261	500	79	46
1263	499	80	48
1264	501	79	47
1262	501	78	49
1257	499	80	48
1254	501	84	46
1254	499	82	48
1252	501	82	47
1253	499	81	50
1251	499	83	51
1251	502	83	48
1252	506	81	44
1251	509	81	42
1250	510	85	44
1254	510	83	43
1251	512	83	42
1252	513	82	41
1255	510	82	44
1250	512	84	45
1256	514	82	42
1258	513	83	45
1255	513	85	45
1256	514	86	44
1257	514	86	45
1256	516	88	45
1257	516	88	46
1258	516	88	47
1259	517	88	47
1259	518	85	47
1259	519	87	47
1260	519	87	46
1261	520	86	46
1262	519	86	48
1259	522	81	45
1263	524	79	43
1262	526	77	41
1265	527	76	41
1264	528	76	39
1263	528	76	39
1262	528	76	39
1263	530	76	39
1263	531	74	39
1261	531	77	37
1259	532	79	38
1256	533	82	37
1257	533	79	39
1255	533	82	40
1255	533	85	41
1253	535	82	37
1253	536	79	37
1253	536	74	37
1249	535	77	39
1249	535	76	38
1248	536	72	36
1248	536	72	37
1244	536	75	37
1240	535	75	38
1241	535	77	38
1240	533	76	39
1238	533	80	39
1238	533	78	38
1236	533	79	39
1234	532	81	40
1233	532	82	40
1232	533	83	42
1233	533	82	43
1230	533	83	41
1228	533	84	43
1227	533	83	42
1227	533	83	42
1227	534	83	42
1227	534	85	43
1227	534	82	42
1224	534	83	42
1225	535	83	42
1223	535	84	43
1224	535	84	43
1224	536	83	43
1227	537	77	42
1225	537	80	45
1227	538	78	42
1226	539	77	44
1223	540	81	43
1224	542	78	42
1222	542	81	42
1221	542	81	44
1219	544	82	43
1218	547	84	42
1218	546	80	42
1218	546	81	43
1217	548	74	42
1215	551	77	42
1215	550	75	44
1215	550	76	44
1215	552	78	41
1214	550	77	43
1214	551	77	43
1214	551	76	43
1213	552	72	42
1212	553	71	44
1208	552	73	41
1207	553	74	42
1204	552	77	46
1203	553	77	44
1201	551	76	43
1198	550	70	41
1199	550	73	48
1199	549	82	49
1198	549	83	49
1198	550	84	48
1194	546	86	49
1192	547	79	48
1190	545	58	42
1191	546	51	38
1189	544	50	40
1188	544	50	42
1185	544	47	40
1184	542	48	42
1184	539	50	44
1185	539	47	42
1184	537	48	45
1184	535	48	46
1181	534	49	48
1178	532	51	48
1176	532	52	49
1177	532	53	48
1175	531	54	49
1175	532	55	48
1175	530	52	48
1174	529	51	50
1174	528	47	48
1174	527	45	43
1174	524	47	49
1173	524	46	45
1173	525	47	45
1176	524	45	44
1175	526	45	42
1177	524	46	44
1175	525	45	43
1176	525	46	42
1176	524	44	42
1178	525	42	41
1179	525	44	41
1179	524	46	41
1180	525	44	41
1183	524	45	41
1183	524	45	40
1184	525	46	39
1181	522	49	42
1180	521	52	42
1181	520	50	42
1181	520	52	41
1174	519	59	43
1177	519	53	39
1175	519	52	36
1179	519	50	34
1177	516	54	37
1177	517	55	36
1177	516	55	36
1179	515	54	36
1176	515	58	36
1177	515	58	37
1177	513	59	39
1178	514	60	39
1179	510	60	42
1178	510	62	42
1179	511	62	40
1180	509	63	44
1180	510	63	41
1180	510	63	41
1182	509	62	41
1184	508	61	42
1183	509	63	42
1185	507	62	42
1185	507	63	42
1186	505	64	42
1186	505	67	41
1186	504	68	42
1188	501	69	45
1190	499	77	47
1193	501	75	44
1191	497	79	48
1196	500	74	44
1195	498	76	46
1199	497	74	46
1197	494	77	48
1201	495	73	46
1198	494	77	46
1201	492	75	47
1203	491	75	46
1203	491	77	45
1203	489	77	47
1206	491	76	44
1208	489	76	46
1208	489	76	45
1208	489	77	45
1210	489	76	44
1210	488	78	45
1208	489	80	44
1213	489	76	44
1207	490	79	43
1210	490	76	43
1211	492	73	41
1209	492	75	43
1207	493	75	42
1209	492	76	43
1208	494	73	42
1210	495	72	40
1208	497	69	40
1210	498	67	40
1207	498	72	41
1206	499	70	41
1207	500	70	41
1203	503	72	41
1205	503	71	40
1203	504	73	40
1204	505	73	41
1202	507	73	40
1202	506	75	44
1199	507	76	45
1200	508	73	46
1199	511	67	44
1201	513	63	46
1200	515	63	46
1199	519	64	49
1200	520	63	47
1201	520	60	50
1199	524	58	46
1198	525	57	49
1197	526	51	54
1196	528	53	53
1197	530	53	52
1197	531	53	56
1197	534	47	54
1197	539	46	52
1196	540	45	52
1195	541	45	52
1194	541	45	53
1195	543	43	54
1194	543	44	53
1194	545	43	54
1193	545	43	55
1194	547	42	53
1194	549	41	52
1193	548	42	54
1192	550	41	55
1191	551	42	55
1191	550	40	55
1190	552	41	55
1191	552	39	53
1189	553	40	54
1190	557	35	52
1190	554	39	54
1188	555	39	55
1187	561	35	52
1188	563	37	50
1186	565	35	49
1187	565	38	51
1185	568	36	52
1188	569	32	52
1187	570	32	52
1184	572	32	53
1187	575	26	52
1186	578	26	54
1185	580	26	54
1185	580	27	54
1185	581	26	57
1184	583	27	56
1183	581	27	60
1183	585	29	56
1183	588	30	52
1181	588	31	55
1181	591	29	52
1180	592	31	54
1180	592	31	58
1179	592	32	58
1178	593	35	58
1179	595	32	60
1178	594	32	61
1177	595	33	61
1177	594	36	63
1177	597	33	60
1176	596	35	62
1177	594	35	62
1174	598	35	63
1175	595	37	66
1175	595	39	69
1175	599	36	66
1174	605	35	61
1173	602	38	62
1173	599	40	66
1171	597	41	72
1172	599	40	68
1169	609	42	65
1170	610	40	62
1169	614	41	58
1170	615	39	57
1169	614	39	59
1167	619	39	57
1165	619	44	60
1165	619	43	59
1165	621	43	61
1162	624	45	61
1158	632	46	55
1157	637	45	52
1155	642	47	49
1153	644	49	50
1152	646	50	49
1149	648	51	50
1147	650	52	51
1145	654	54	48
1143	657	55	48
1142	656	57	51
1140	662	58	49
1138	663	60	50
1137	663	62	52
1135	666	63	51
1134	668	63	51
1131	673	59	50
1130	676	61	49
1129	675	63	52
1128	680	61	49
1126	681	64	50
1126	684	64	49
1127	683	63	51
1126	681	68	53
1127	687	62	47
1126	685	63	50
1126	689	63	47
1126	688	64	48
1127	692	63	46
1128	692	64	47
1127	690	64	48
1127	694	64	47
1127	694	64	47
1127	695	65	47
1128	696	65	45
1129	698	64	44
1130	699	63	44
1130	699	63	45
1129	702	64	44
1130	702	64	43
1130	703	63	44
1130	704	64	44
1129	705	64	44
1130	706	61	43
1129	707	62	43
1129	708	61	43
1130	707	62	44
1128	709	61	43
1129	710	60	42
1128	709	60	44
1128	710	51	43
1129	709	47	44
1129	709	46	44
1131	711	45	42
1132	709	45	44
1132	709	43	45
1132	711	38	43
1132	712	36	42
1132	713	35	40
1132	713	32	42
1133	715	30	40
1133	715	26	41
1133	715	26	41
1133	715	24	42
1133	715	24	41
1132	716	23	40
1132	717	23	40
1131	718	25	40
1130	718	25	40
1127	720	30	39
1126	720	33	39
1125	721	34	39
1125	722	34	39
1123	726	27	38
1122	726	26	38
1120	727	28	38
1116	727	30	39
1113	727	32	40
1110	728	34	39
1107	728	37	39
1104	729	40	39
1101	730	41	38
1099	731	44	37
1096	729	47	39
1093	730	49	38
1091	730	53	39
1089	730	54	39
1085	729	56	39
1082	727	59	39
1078	728	62	38
1075	728	64	36
1072	728	64	36
1068	726	67	35
1063	728	70	34
1061	727	72	35
1058	727	73	34
1056	726	74	35
1053	725	74	35
1049	725	76	34
1045	724	78	34
1041	724	78	34
1037	723	80	35
1036	722	79	34
1033	721	79	36
1030	721	80	34
1025	719	81	35
1024	720	78	34
1020	719	81	34
1017	719	78	34
1012	720	80	33
1009	719	80	33
1008	719	78	33
1004	719	77	34
1005	720	79	33
1004	719	75	35
1002	720	77	35
1002	720	75	36
1002	721	76	35
1000	722	75	35
999	722	74	36
998	722	74	35
999	722	73	37
997	722	73	37
996	721	74	37
995	722	73	37
994	722	74	36
994	722	74	36
994	720	72	38
994	721	72	36
994	721	71	38
995	721	69	38
992	721	70	37
991	720	70	37
991	721	67	37
990	721	64	35
989	721	62	35
987	720	63	35
986	719	62	36
986	719	60	36
983	719	60	36
984	717	59	39
983	719	60	37
980	716	57	38
980	717	56	37
980	716	56	38
974	714	60	39
973	712	58	40
973	711	57	40
974	712	56	40
973	710	55	41
975	709	54	41
974	708	55	43
972	705	55	47
967	704	60	48
973	701	44	49
974	701	39	48
974	699	37	50
972	696	37	53
974	695	31	56
974	694	27	58
975	691	22	60
975	689	23	60
974	686	25	57
973	685	35	57
973	686	36	60
972	685	37	59
973	684	41	58
971	684	45	58
971	683	48	53
971	682	51	53
971	682	52	57
975	684	55	58
971	681	59	60
971	682	61	60
976	684	61	61
979	684	60	59
979	684	63	58
981	685	62	61
979	684	64	63
982	683	65	64
982	683	67	64
994	683	57	60
998	683	52	55
1000	685	52	54
1003	682	52	56
1005	685	53	55
1010	684	59	56
1017	680	59	57
1022	681	54	51
1024	680	51	51
1024	678	59	51
1026	677	60	50
1033	677	56	47
1036	675	55	48
1040	672	59	52
1039	670	63	55
1040	671	62	56
1042	671	64	54
1049	667	58	52
1059	669	49	51
1060	668	52	51
1057	669	58	53
1066	667	49	54
1069	658	50	62
1075	663	48	56
1078	660	46	55
1088	661	39	56
1090	661	40	57
1092	657	38	61
1093	658	37	59
1094	654	40	63
1097	653	34	56
1096	654	37	53
1100	652	36	55
1103	652	31	53
1101	643	38	64
1110	640	29	64
1115	641	24	62
1119	641	20	60
1119	640	22	61
1121	641	22	60
1124	642	20	57
1124	641	21	58
1128	643	19	52
1129	644	18	43
1130	642	18	44
1131	644	17	43
1130	642	20	46
1131	641	20	47
1132	638	19	47
1133	638	20	48
1134	636	18	52
1134	637	18	51
1136	638	17	48
1137	642	17	47
1137	640	18	48
1138	641	15	45
1138	642	16	46
1140	643	19	45
1140	642	16	48
1141	642	15	48
1141	644	16	49
1142	641	15	52
1141	641	18	52
1141	639	18	55
1139	639	21	55
1137	637	23	59
1136	636	26	59
1136	637	26	61
1137	637	27	61
1135	637	28	63
1135	634	27	47
1133	634	28	50
1133	634	30	44
1131	632	33	46
1130	631	33	46
1129	632	35	46
1128	631	37	46
1127	629	39	49
1127	627	37	46
1127	626	36	41
1125	626	38	40
1126	626	38	40
1124	626	41	40
1124	626	41	41
1122	625	40	42
1122	624	42	42
1122	623	41	44
1121	625	43	42
1122	624	42	42
1119	624	43	43
1117	623	41	41
1115	623	42	40
1115	623	40	41
1111	621	43	40
1108	620	41	36
1107	621	41	33
1105	621	43	34
1103	622	44	31
1102	621	46	34
1100	621	47	33
1099	620	48	34
1096	621	50	31
1096	620	51	33
1095	622	52	31
1096	621	50	31
1093	621	53	32
1092	622	53	29
1091	622	55	29
1090	622	58	30
1088	623	60	29
1087	623	60	28
1085	623	61	28
1084	624	60	28
1084	624	56	27
1083	623	58	28
1083	623	59	29
1082	624	59	29
1081	623	60	29
1081	623	59	29
1080	623	60	30
1079	623	60	30
1078	623	61	28
1077	623	60	27
1077	622	60	29
1076	621	61	28
1076	621	60	29
1076	620	59	27
1076	620	60	27
1075	618	60	27
1075	617	60	29
1074	616	60	27
1074	615	60	28
1074	614	60	27
1073	614	61	28
1072	613	61	27
1071	612	61	28
1070	613	62	27
1071	612	60	27
1068	610	60	29
1067	609	58	29
1065	608	58	29
1064	609	57	28
1061	607	56	28
1059	606	59	29
1059	605	58	29
1059	604	57	28
1054	603	52	27
1056	602	48	27
1056	600	48	27
1054	599	49	27
1054	598	47	26
1051	597	46	29
1049	596	46	29
1049	596	46	26
1045	596	46	28
1045	596	46	28
1043	595	47	28
1042	596	46	28
1042	596	45	29
1042	596	41	28
1042	596	41	28
1039	596	40	27
1039	596	37	28
1038	597	38	29
1037	596	38	30
1035	596	39	30
1035	596	37	30
1033	595	37	30
1032	595	37	30
1031	595	38	27
1030	594	35	26
1029	594	37	28
1028	593	35	27
1027	592	35	26
1027	592	33	28
1026	592	33	27
1026	591	32	28
1025	590	33	26
1024	589	29	27
1022	589	29	27
1021	589	29	26
1021	589	25	23
1019	588	26	22
1018	587	27	24
1016	587	27	24
1016	586	27	24
1014	587	27	24
1014	587	25	23
1014	587	26	23
1015	587	28	25
1014	586	28	23
1013	586	29	25
1012	585	28	26
1011	584	29	27
1009	583	30	29
1010	583	29	27
1008	583	31	30
1007	581	27	28
1007	582	24	27
1007	583	23	26
1007	583	20	27
1006	581	21	28
1006	581	18	29
1005	581	17	27
1006	581	17	27
1004	581	17	27
1003	581	17	28
1002	578	16	31
1002	581	17	29
1001	580	17	30
999	578	17	33
998	576	18	35
997	580	18	32
996	578	19	34
995	580	19	33
994	580	20	34
993	580	19	34
989	580	22	36
989	581	22	35
986	582	23	35
983	582	25	37
987	586	22	35
986	586	22	34
985	586	22	34
987	588	19	31
983	589	22	32
985	591	20	31
984	591	18	30
984	592	19	30
982	592	20	30
983	594	18	29
981	595	20	28
980	596	20	28
982	598	17	27
980	597	17	27
978	598	18	28
977	598	18	27
976	602	17	25
974	602	18	25
971	604	19	25
969	604	21	26
967	605	21	25
964	605	25	26
961	606	26	26
960	607	27	27
958	610	27	24
954	609	30	26
952	608	31	28
950	609	32	29
946	610	35	29
943	610	38	30
940	610	39	31
937	611	41	31
934	612	43	31
932	613	44	32
931	615	44	31
930	615	45	32
929	615	46	34
927	620	46	33
925	623	45	30
924	624	46	33
921	628	51	30
921	629	51	31
920	631	51	31
920	633	49	31
919	634	46	32
916	635	50	34
914	637	50	35
912	639	52	35
911	640	52	39
909	645	49	38
909	646	46	39
907	648	46	41
903	652	49	40
901	654	48	40
900	656	47	37
902	656	45	40
900	659	45	38
896	663	46	40
896	664	47	38
896	667	45	35
897	669	44	35
896	669	45	36
893	672	46	41
889	674	47	41
888	677	45	39
887	679	43	39
889	680	43	39
888	682	44	39
886	687	43	35
886	688	42	35
886	689	40	35
885	692	41	33
884	696	39	32
882	699	41	30
881	702	41	31
880	702	39	30
879	703	40	32
878	706	42	30
878	708	41	29
876	711	38	28
875	712	40	30
869	714	44	30
868	716	44	31
867	717	45	31
865	718	46	34
863	723	44	34
863	723	44	36
861	726	46	35
862	727	46	36
860	729	44	37
860	730	46	37
859	732	43	40
856	733	45	41
856	735	43	40
856	737	42	40
856	738	41	44
856	738	41	47
858	742	38	44
857	745	39	43
852	750	40	43
853	750	40	45
852	752	39	47
851	752	42	48
851	753	41	49
851	756	40	49
851	759	40	49
851	760	41	49
850	759	42	54
850	756	48	59
850	754	46	65
852	753	45	68
851	756	50	71
851	755	49	72
852	758	55	73
851	758	52	74
852	759	52	73
853	762	52	74
852	774	53	67
852	763	53	79
851	763	60	89
850	760	72	94
854	758	77	97
855	756	77	102
855	756	77	102
855	756	77	102
855	756	77	102
855	756	77	102
855	756	77	102
855	756	77	102
855	756	77	102
855	756	77	102
855	756	77	102
855	756	77	102
855	756	77	102
855	756	77	102
855	756	77	102
855	756	77	102
855	756	77	102
855	756	77	102
845	524	88	89
885	486	58	78
886	512	55	56
885	525	50	39
886	528	52	38
884	529	53	39
881	531	55	38
883	532	54	37
