1283	582	85	50
1287	582	75	54
1284	579	79	57
1283	581	80	57
1281	584	93	57
1280	582	92	56
1278	584	97	56
1276	585	100	57
1275	585	101	60
1277	586	102	61
1276	588	104	58
1274	591	104	57
1277	591	103	59
1277	591	105	60
1277	593	104	59
1285	597	101	58
1284	596	102	60
1293	599	98	58
1295	599	98	60
1295	599	101	61
1294	599	103	60
1311	605	101	62
1312	606	100	60
1331	609	92	57
1332	611	89	54
1345	613	87	56
1351	612	85	59
1358	611	81	59
1357	609	86	62
1368	613	80	63
1373	610	79	64
1380	610	77	65
1382	611	76	63
1388	612	75	61
1390	612	74	62
1395	614	74	61
1395	614	75	62
1401	615	77	64
1404	617	74	61
1409	618	76	62
1409	617	78	64
1414	619	74	65
1417	620	71	62
1423	622	75	63
1426	622	71	61
1430	627	70	62
1432	627	69	60
1438	630	68	58
1437	629	69	61
1442	634	73	58
1441	633	75	60
1446	636	73	59
1446	636	75	59
1451	639	76	57
1455	642	73	56
1464	646	67	53
1464	644	68	54
1472	649	62	53
1467	648	69	57
1474	653	67	54
1473	654	67	54
1479	657	65	53
1481	658	65	53
1488	662	63	54
1486	660	64	57
1491	663	65	53
1496	663	63	54
1501	666	67	53
1502	668	69	54
1506	669	65	51
1507	669	65	50
1512	673	64	41
1515	674	64	37
1530	679	66	52
1533	683	64	54
1558	683	44	45
1561	685	40	42
1558	684	53	46
1557	684	54	45
1564	685	54	47
1562	685	60	49
1561	686	64	49
1561	686	65	49
1566	686	64	50
1568	687	62	50
1570	690	65	48
1575	691	62	47
1588	696	58	44
1583	694	65	44
1590	697	59	43
1592	697	57	44
1597	699	59	44
1597	699	59	44
1602	703	59	42
1601	701	61	45
1607	704	60	43
1609	705	59	42
1615	707	56	43
1615	708	56	41
1618	708	58	42
1619	706	61	44
1624	713	52	38
1625	714	52	38
1634	715	43	39
1635	716	42	37
1641	716	37	39
1645	719	37	37
1645	729	36	28
1646	727	31	26
1646	727	31	26
1646	727	31	26
1646	727	31	26
1646	727	31	26
1659	704	27	33
1656	704	32	33
1654	698	34	38
1654	696	38	38
1644	691	48	40
1647	691	46	40
1644	689	53	44
1644	688	54	48
1642	687	56	49
1640	685	58	53
1639	683	60	53
1637	681	61	56
1635	680	65	58
1635	680	66	59
1632	679	69	60
1631	679	72	58
1631	680	71	58
1631	680	72	59
1629	683	74	57
1630	683	74	58
1629	684	74	60
1629	685	74	59
1626	688	76	56
1627	689	75	55
1626	689	77	55
1626	692	76	55
1625	696	79	54
1625	697	79	53
1626	701	82	52
1626	703	82	51
1627	703	80	50
1624	708	82	50
1621	710	85	49
1623	711	85	51
1623	714	77	49
1625	715	78	50
1624	715	77	50
1614	717	85	52
1612	717	87	52
1604	718	94	57
1603	724	92	52
1600	725	94	53
1600	727	93	51
1597	732	91	53
1598	732	91	53
1599	734	83	57
1599	734	89	55
1603	728	99	70
1600	732	103	69
1589	734	113	75
1586	739	105	68
1580	747	94	65
1579	751	92	62
1575	752	86	64
1575	754	85	61
1563	756	91	63
1564	756	89	64
1560	758	92	63
1557	760	94	64
1552	761	89	53
1552	760	86	46
1551	763	80	44
1554	763	79	44
1556	759	70	45
1554	759	79	47
1553	757	70	52
1554	758	67	50
1554	759	61	49
1554	761	63	52
1555	762	63	48
1555	764	66	45
1558	760	62	51
1570	760	54	49
1561	763	61	49
1541	773	82	63
1547	741	72	77
1545	737	74	83
1541	733	77	106
1544	731	76	112
1535	725	69	75
1543	729	62	56
1541	731	64	44
1546	730	58	51
1536	714	69	56
1531	712	77	63
1530	708	80	67
1532	706	76	66
1530	704	73	62
1530	704	75	60
1526	701	73	62
1529	701	72	60
1521	696	72	58
1521	695	68	55
1518	691	72	58
1518	691	70	59
1515	687	74	59
1514	686	74	61
1513	685	76	62
1512	683	76	62
1512	683	79	63
1512	682	76	63
1513	681	78	62
1516	680	80	60
1516	679	77	60
1516	680	77	58
1515	677	82	59
1517	676	80	61
1516	678	77	58
1518	677	80	59
1522	678	82	63
1520	679	82	62
1522	679	82	63
1520	679	80	63
1522	678	81	64
1521	676	80	67
1522	676	82	68
1524	677	81	67
1523	678	78	64
1526	677	77	65
1523	675	79	63
1521	675	76	65
1523	675	75	56
1523	673	72	57
1522	674	72	54
1522	674	69	50
1522	674	67	48
1523	674	66	48
1522	675	64	47
1523	675	62	48
1523	676	66	48
1522	676	68	48
1523	676	67	49
1523	676	68	49
1523	677	70	48
1523	677	68	48
1523	678	68	48
1523	679	70	48
1525	681	66	46
1523	681	70	48
1526	684	69	47
1525	685	72	46
1525	687	68	44
1529	688	69	43
1527	689	63	34
1528	689	53	26
1532	689	47	27
1533	689	47	29
1533	690	47	31
1536	690	45	31
1534	690	50	34
1535	690	49	33
1536	689	51	35
1536	690	50	35
1537	690	56	36
1538	690	55	35
1544	688	52	37
1541	686	57	38
1536	684	63	40
1528	683	71	43
1517	683	82	45
1519	682	80	45
1518	682	83	46
1519	681	85	50
1516	680	88	51
1514	679	84	49
1513	680	83	49
1515	680	84	53
1513	679	85	53
1512	680	86	54
1514	679	87	52
1513	680	86	53
1511	680	89	53
1512	680	88	53
1510	680	88	55
1510	679	89	57
1509	678	87	61
1509	679	86	60
1503	678	88	62
1503	677	90	64
1499	676	91	66
1499	676	91	68
1496	676	94	68
1494	676	95	67
1492	677	88	60
1492	673	76	50
1489	672	77	54
1489	671	78	55
1487	668	76	51
1485	669	78	49
1481	666	80	53
1480	666	83	64
1475	663	81	56
1472	662	84	58
1464	664	94	65
1466	664	89	59
1458	662	77	47
1457	662	73	46
1463	663	65	46
1463	664	65	45
1469	665	60	44
1470	664	60	46
1464	668	63	43
1454	669	76	41
1446	670	82	42
1444	669	89	44
1441	671	87	45
1439	671	88	45
1436	674	90	44
1440	677	92	44
1443	679	90	44
1440	681	93	44
1435	683	85	44
1434	686	85	44
1432	687	84	45
1432	689	78	43
1430	692	79	42
1432	693	76	42
1431	696	76	41
1430	697	74	41
1429	699	78	41
1431	701	75	41
1431	703	80	43
1431	704	73	42
1429	706	81	44
1427	708	80	41
1430	710	77	42
1428	711	79	41
1427	714	79	41
1426	714	80	41
1425	717	78	41
1424	718	76	40
1424	721	76	44
1423	722	77	43
1421	723	78	43
1422	723	78	44
1421	724	78	44
1418	725	80	44
1417	727	83	43
1415	728	79	43
1417	729	80	42
1416	731	81	41
1413	732	79	42
1412	733	81	40
1410	734	81	39
1408	734	78	39
1408	732	75	40
1408	731	77	42
1411	729	65	42
1414	727	61	44
1407	724	67	46
1406	724	69	46
1405	720	67	47
1405	720	68	46
1402	718	73	47
1403	717	74	47
1398	714	76	49
1399	714	75	48
1394	709	77	51
1396	709	75	51
1395	704	74	52
1395	702	74	55
1396	700	77	55
1396	699	76	54
1397	697	78	54
1397	696	75	54
1397	692	75	55
1398	692	75	56
1396	691	71	53
1398	687	74	55
1398	686	75	56
1400	685	76	57
1397	684	71	54
1398	682	69	54
1400	681	70	53
1401	680	69	54
1400	679	71	54
1401	679	72	55
1401	677	72	53
1402	677	71	52
1403	676	70	51
1403	676	70	51
1405	674	70	51
1405	674	70	51
1404	672	70	50
1404	672	72	49
1409	670	69	50
1407	670	69	49
1409	668	70	50
1409	667	71	51
1412	665	73	53
1410	665	73	52
1412	663	73	53
1412	662	74	54
1413	662	71	54
1414	662	71	55
1412	662	72	54
1410	662	75	53
1411	662	72	54
1411	662	72	53
1411	662	72	50
1412	662	74	51
1412	663	71	46
1412	661	68	47
1412	661	68	44
1412	661	68	43
1412	662	67	43
1412	662	67	42
1411	663	65	44
1411	662	62	43
1410	663	58	42
1411	662	57	43
1408	665	56	40
1408	664	54	40
1407	665	51	41
1406	665	51	40
1404	666	51	41
1405	665	51	41
1402	668	54	41
1400	667	52	42
1397	668	52	44
1397	667	53	44
1393	670	54	42
1391	670	53	42
1388	671	58	45
1386	671	54	45
1384	672	59	47
1382	673	57	46
1378	674	67	47
1378	675	68	48
1372	677	66	46
1367	677	69	46
1362	678	68	47
1366	679	67	46
1361	681	66	47
1361	681	62	46
1354	682	65	47
1352	684	66	47
1348	687	69	47
1347	685	70	48
1343	686	70	49
1340	683	72	52
1336	685	73	52
1334	683	76	54
1332	682	77	56
1331	683	78	55
1328	682	78	55
1326	682	81	56
1319	683	86	54
1318	682	85	55
1316	683	86	53
1315	684	87	53
1312	685	88	52
1309	686	90	51
1307	688	91	50
1305	688	88	51
1302	689	89	51
1301	690	90	52
1297	692	92	52
1297	693	90	51
1293	694	92	52
1292	695	93	53
1290	698	90	51
1290	698	91	51
1288	699	89	51
1289	699	89	51
1288	700	89	51
1288	700	86	52
1291	702	79	49
1289	703	81	49
1294	703	74	49
1295	704	70	47
1295	704	60	47
1297	705	55	47
1295	707	43	42
1293	708	39	39
1293	710	41	39
1294	721	35	30
1289	713	28	39
1288	712	29	42
1290	715	29	43
1290	715	28	43
1286	715	32	43
1289	716	31	41
1291	718	31	40
1279	716	41	45
1272	717	49	48
1270	717	51	49
1270	718	58	52
1266	718	60	51
1263	720	66	49
1262	719	67	52
1261	723	70	51
1258	724	74	49
1257	724	76	52
1255	726	79	51
1256	728	79	53
1255	730	78	55
1253	733	80	52
1250	732	83	54
1246	735	93	54
1248	736	90	52
1230	739	105	52
1225	738	107	54
1223	740	106	54
1221	741	106	54
1216	744	112	54
1213	745	114	56
1212	746	113	56
1211	747	114	57
1219	750	101	54
1216	751	101	55
1208	752	106	55
1210	753	106	53
1207	753	104	54
1208	755	101	56
1203	756	104	58
1201	756	105	57
1202	758	100	57
1199	758	101	60
1195	760	105	57
1193	760	107	57
1192	759	108	57
1192	760	106	57
1193	759	104	56
1192	759	103	56
1190	759	104	56
1191	759	102	58
1193	759	97	56
1190	761	100	55
1186	762	101	54
1187	762	99	53
1186	764	99	53
1185	764	99	53
1183	765	98	53
1180	765	102	56
1181	768	97	53
1178	769	100	54
1177	769	100	54
1173	770	103	53
1168	770	110	55
1166	771	110	57
1160	774	122	59
1157	775	127	60
1153	778	129	60
1163	779	122	59
1175	783	107	57
1175	783	108	60
1173	787	111	58
1169	788	117	60
1170	792	117	58
1170	793	116	58
1177	797	113	57
1181	799	110	55
1188	804	110	57
1192	804	112	56
1203	810	107	60
1205	814	106	59
1207	819	103	58
1202	819	111	58
1205	825	113	57
1211	826	108	55
1204	830	124	63
1210	833	118	55
1200	839	134	58
1211	841	121	57
1228	847	107	58
1228	848	106	58
1229	852	110	61
1233	855	110	62
1234	860	118	60
1236	862	114	60
1237	867	121	57
1236	867	122	56
1241	873	121	54
1241	873	120	54
1252	875	110	57
1249	877	115	54
1259	878	110	54
1261	875	109	55
1259	877	114	53
1260	879	115	55
1263	880	118	54
1262	880	117	55
1262	881	119	54
1264	882	119	54
1270	882	113	55
1269	881	115	56
1268	886	117	57
1270	883	115	58
1270	884	118	59
1268	884	121	59
1272	884	118	59
1271	884	118	56
1269	883	120	57
1276	883	115	58
1275	883	118	59
1277	883	117	57
1276	884	119	58
1277	883	119	57
1276	882	121	56
1277	882	120	57
1276	881	120	57
1277	881	121	57
1275	880	123	59
1275	879	123	58
1273	879	124	58
1273	879	123	58
1270	879	124	60
1270	879	125	62
1268	880	126	62
1268	879	124	61
1268	879	120	62
1266	879	123	61
1264	879	118	61
1257	880	122	61
1258	880	114	62
1253	881	118	61
1258	882	112	60
1254	883	113	58
1251	886	115	58
1249	884	113	57
1251	887	109	58
1251	887	105	58
1259	891	92	56
1262	889	87	59
1269	897	86	62
1265	900	90	60
1267	904	88	65
1279	907	76	60
1260	909	91	64
1275	914	80	60
1280	918	75	59
1289	919	66	59
1279	922	80	63
1282	924	80	60
1281	928	86	66
1281	928	87	64
1281	932	91	67
1284	933	91	66
1294	942	85	60
1301	943	78	59
1299	949	84	61
1302	948	81	60
1294	949	95	66
1292	953	98	67
1297	955	97	65
1294	957	101	64
1303	960	94	64
1308	962	88	64
1310	964	89	67
1311	963	90	68
1316	966	92	74
1313	969	96	83
1317	970	95	77
1317	970	94	78
1319	972	95	75
1319	971	96	76
1322	972	95	72
1320	970	100	74
1326	971	96	72
1325	970	98	70
1325	969	103	72
1320	968	109	70
1310	967	122	78
1315	966	117	69
1328	966	112	74
1327	966	111	71
1320	963	121	72
1314	962	129	73
1322	957	125	76
1318	957	131	75
1320	957	130	76
1325	957	127	74
1320	951	137	78
1318	950	137	78
1318	945	143	82
1316	948	143	80
1321	946	148	86
1317	943	151	84
1332	942	149	84
1335	942	145	80
1340	939	146	85
1341	939	146	83
1344	934	148	84
1340	933	152	82
1341	932	153	83
1344	930	154	80
1348	927	150	81
1355	928	145	77
1374	923	130	81
1372	921	128	83
1353	916	147	83
1347	917	155	76
1346	915	157	76
1363	914	142	77
1364	911	144	76
1366	911	142	74
1379	906	130	70
1373	905	136	74
1374	901	135	72
1375	900	136	72
1377	896	132	71
1367	897	142	71
1369	892	141	73
1370	891	140	73
1372	889	137	71
1372	887	139	73
1375	884	133	73
1377	882	130	74
1365	878	140	76
1372	878	135	73
1362	874	135	78
1365	874	131	75
1362	871	128	81
1351	866	136	85
1356	863	118	88
1372	865	103	85
1358	862	108	88
1358	860	104	88
1357	856	98	89
1360	853	91	90
1357	855	91	90
1361	853	84	89
1368	859	73	86
1371	857	68	85
1367	858	67	86
1368	858	63	82
1364	860	67	92
1363	859	63	93
1360	866	64	89
1363	868	64	85
1387	886	45	68
1388	882	42	73
1382	868	41	92
1382	869	41	91
1386	862	34	106
1375	861	44	109
1376	860	46	116
1377	860	43	112
1358	859	54	123
1372	876	39	113
1366	891	46	101
1359	897	50	93
1354	900	46	87
1354	900	46	87
1354	900	46	87
1354	900	46	87
1361	927	57	62
1360	926	58	57
1355	917	70	58
1353	915	73	59
1353	915	73	59
1353	1002	70	47
1346	995	73	53
1345	996	75	50
1335	1002	71	48
1335	1002	71	48
1325	1003	111	63
1316	1002	126	70
1300	1001	111	60
1296	1002	114	57
1277	995	129	62
1271	993	134	65
1236	990	133	81
1243	988	145	78
1221	987	140	61
1210	988	123	55
1194	987	123	53
1182	987	153	61
1160	988	129	48
1146	986	146	51
1134	985	114	47
1128	983	122	48
1107	981	136	45
1100	979	141	46
1084	976	140	45
1075	975	149	47
1059	975	156	39
1056	968	165	45
1037	964	167	41
1029	961	156	43
1019	956	174	36
1015	949	164	41
1010	943	174	35
1010	938	167	41
1000	934	170	34
996	924	139	43
998	919	136	36
993	911	143	52
992	901	140	51
992	892	126	57
