1151	0	97	72
1147	1	96	72
1145	2	97	73
1145	4	97	74
1139	10	100	69
1142	7	98	77
1140	11	96	74
1139	7	96	82
1137	7	96	84
1137	9	95	87
1137	15	95	83
1135	8	91	91
1134	15	93	87
1128	26	98	78
1130	26	91	81
1127	27	92	83
1123	28	92	83
1124	27	89	85
1122	36	84	75
1120	31	79	81
1121	25	75	88
1108	18	79	99
1108	23	78	95
1106	24	78	93
1103	26	78	94
1102	28	76	95
1102	28	72	96
1100	30	73	94
1099	34	71	94
1097	38	70	90
1095	40	70	91
1092	43	70	89
1089	45	70	88
1088	47	69	89
1088	51	75	91
1089	51	74	89
1085	54	76	88
1083	56	77	85
1081	59	76	84
1172	0	97	76
1177	8	89	71
1171	1	95	76
1178	17	86	59
1168	-2	70	35
1165	0	62	30
1164	0	58	30
1162	0	69	32
1160	0	71	30
1156	0	68	31
1156	0	70	33
1159	0	65	35
1156	0	62	37
1153	0	64	38
1151	0	63	38
1149	-1	62	42
1148	-1	62	42
1144	0	64	42
1141	-1	63	44
1141	-1	62	46
1140	-1	61	47
1138	-1	62	47
1137	-1	66	48
1134	-2	67	49
1132	0	68	48
1130	0	67	50
1130	-1	63	51
1127	0	60	51
1126	0	60	50
1124	0	58	49
1123	0	55	51
1120	0	53	51
1120	0	48	53
1116	0	47	53
1117	0	46	52
1115	-1	47	52
1114	0	43	53
1112	-1	42	54
1110	-1	42	55
1104	-1	46	53
1101	0	48	52
1101	0	45	53
1097	0	50	53
1095	1	55	49
1094	1	58	51
1096	0	49	51
1093	0	55	50
1095	0	44	48
1090	-1	51	46
1089	0	51	44
1087	0	53	43
1085	0	51	41
1080	0	57	40
1080	0	57	37
1077	-1	53	39
1076	-1	55	35
1077	-1	58	39
1064	0	51	41
1064	-1	50	43
1068	-1	46	42
1068	0	45	42
1066	-1	45	43
1065	-1	45	43
1065	-3	43	45
1064	-1	45	44
1060	0	47	44
1056	-1	51	45
1056	-2	49	47
1056	-2	49	48
1055	-1	44	47
1053	-1	44	46
1051	-1	45	45
1049	0	51	42
1046	0	61	37
1044	-1	66	37
1042	-1	68	35
1040	0	73	33
1037	0	71	33
1038	0	78	31
1036	0	83	29
1033	0	86	26
1017	1	78	26
1026	0	67	25
1027	0	58	22
1026	0	52	20
1025	0	53	20
1024	0	53	19
1019	0	49	18
1019	0	37	20
1017	0	38	19
1016	1	39	16
1018	0	37	18
1016	0	40	17
1016	0	41	15
1008	0	42	12
1016	0	37	13
1013	1	37	14
1011	0	34	16
1013	0	32	14
1013	0	32	13
1011	0	35	13
1011	0	35	13
1011	0	35	13
1011	0	35	13
1011	0	35	13
1011	0	35	13
1011	0	35	13
1011	0	35	13
1011	0	35	13
1011	0	35	13
1011	0	35	13
1011	0	35	13
1011	0	35	13
993	0	33	9
993	0	33	9
988	0	33	11
987	0	33	8
983	0	37	9
981	0	37	8
981	1	36	10
980	2	35	11
982	0	32	11
982	1	32	12
983	0	33	13
982	0	33	15
981	0	35	16
978	0	36	16
980	0	35	16
977	0	36	15
976	0	34	15
975	0	34	16
973	0	35	16
973	0	36	16
969	0	37	17
966	0	42	16
965	0	38	18
959	0	51	18
957	0	46	17
958	0	39	16
954	1	45	17
959	0	55	17
960	2	56	16
958	0	45	16
961	0	36	17
968	3	27	14
967	1	26	16
965	0	27	18
959	0	30	17
959	0	30	17
959	0	30	17
959	0	30	17
959	0	30	17
959	0	30	17
959	0	30	17
938	0	29	21
938	0	29	21
938	0	29	21
938	0	29	21
938	0	29	21
976	0	28	24
976	1	30	24
976	2	30	22
976	1	29	25
977	2	30	25
976	2	30	26
976	2	30	26
978	0	29	28
978	0	29	28
978	0	29	28
1031	5	39	35
1032	5	54	45
1028	0	69	56
1031	0	113	69
1024	1	149	72
1022	3	160	70
1019	3	162	74
1014	3	145	76
1013	1	142	81
1011	1	140	83
1011	3	133	85
1012	2	129	88
1010	5	123	89
1010	6	118	91
1005	8	120	93
1003	10	121	94
999	12	122	97
999	14	119	96
995	17	123	96
992	16	119	100
989	18	126	100
987	27	124	95
984	23	124	104
982	26	122	101
979	26	125	104
975	29	126	104
973	30	124	105
974	32	122	104
971	30	123	109
969	30	123	116
961	35	129	118
957	24	132	133
957	31	130	131
954	35	127	134
951	28	135	138
953	34	125	141
952	32	123	141
955	34	110	148
957	35	106	148
952	38	106	146
954	40	100	148
953	39	100	152
953	53	98	141
948	79	97	115
946	82	93	118
946	82	93	118
943	92	92	111
943	92	92	111
943	92	92	111
943	92	92	111
943	92	92	111
943	92	92	111
943	92	92	111
943	92	92	111
943	92	92	111
943	92	92	111
943	92	92	111
1061	25	62	86
1062	21	58	86
1063	20	59	82
1066	18	59	79
1065	16	62	81
1066	11	63	86
1069	9	62	86
1069	7	64	80
1070	5	65	83
1070	4	66	86
1072	1	65	89
1078	0	60	85
1078	2	68	85
1080	0	65	82
1078	0	65	82
1077	0	65	80
1080	0	61	72
1080	0	63	61
1082	0	63	52
1082	0	63	49
1087	0	58	47
1087	0	60	53
1088	-1	56	52
1088	-2	57	51
1089	-2	56	54
1088	-3	57	40
1089	-1	56	30
1046	3	66	24
1094	0	56	17
1094	0	54	25
1093	2	37	33
1099	2	32	30
1101	0	31	30
1101	-1	30	27
1103	0	30	22
1106	0	29	16
1106	-1	29	15
1106	-1	27	13
1106	-1	28	9
1103	0	30	9
1126	3	25	14
1126	0	29	16
1123	2	23	19
1123	2	23	19
1123	2	23	19
1123	2	23	19
1124	-2	35	16
1119	-1	41	19
1141	-1	36	17
1142	0	38	14
1132	0	38	15
1133	0	37	15
1140	0	30	14
1131	0	36	13
1131	0	40	12
1139	-1	41	11
1136	-2	39	12
1138	-3	37	13
1136	-2	37	12
1134	-4	36	13
1135	-1	38	11
1135	0	40	10
1135	0	40	10
1135	0	41	10
1132	0	44	11
1132	0	44	13
1133	0	41	11
1133	0	41	13
1132	0	44	13
1133	1	45	10
1134	0	42	11
1128	-1	38	13
1130	-2	36	15
1104	-1	45	17
1113	0	57	13
1120	0	53	13
1127	0	42	8
1128	-1	46	11
1122	-1	42	10
1126	-1	41	10
1127	-1	40	9
1126	-2	41	10
1125	-5	37	13
1125	-2	38	9
1123	-1	30	9
1122	-2	28	11
1122	-2	28	10
1121	-2	30	10
1120	-5	31	13
1120	-1	30	16
1120	0	23	18
1126	-8	26	16
1119	0	25	17
1119	0	26	18
1118	0	26	18
1116	1	27	18
1114	-7	30	15
1115	0	36	16
1116	0	39	13
1116	0	42	14
1101	0	39	9
1113	1	39	14
1114	0	41	11
1113	1	45	8
1113	0	46	8
1111	-1	43	12
1111	0	38	12
1101	0	40	16
1111	-1	40	15
1112	-2	44	16
1111	-2	41	17
1111	-1	40	15
1108	-1	38	16
1106	0	35	17
1106	0	34	17
1103	0	32	18
1104	0	33	19
1102	0	34	19
1102	0	34	19
1100	-1	36	21
1099	0	35	22
1096	0	36	27
1101	0	35	30
1104	0	29	28
1101	1	30	24
1111	0	26	26
1108	3	21	24
1111	-1	28	26
1104	3	22	28
1103	5	21	26
1106	5	17	25
1106	5	17	25
1116	-3	17	20
1116	-3	17	20
1123	-6	16	17
1118	-3	22	14
1121	0	21	13
1122	0	19	12
1116	0	21	14
1116	0	23	15
1115	0	28	14
1111	0	29	14
1111	2	30	14
1111	0	30	16
1107	1	32	15
1103	1	32	15
1104	0	31	15
1107	0	33	20
1107	0	43	22
1103	0	51	25
1074	3	66	23
1062	3	87	26
1051	1	106	29
1191	8	75	56
1195	7	66	59
1190	5	69	63
1190	7	66	62
1188	10	66	61
1186	11	68	61
1184	14	67	61
1184	16	64	61
1183	19	64	60
1182	20	63	62
1180	23	64	62
1180	25	65	62
1181	27	64	63
1181	32	62	60
1177	36	65	59
1176	37	63	59
1175	41	62	58
1175	44	59	57
1173	47	60	58
1173	48	59	58
1171	49	61	58
1170	51	60	58
1168	53	62	59
1167	55	61	58
1167	55	60	60
1166	54	61	63
1166	58	61	64
1166	61	60	61
1166	63	59	61
1166	64	59	62
1165	66	60	61
1165	70	58	61
1164	73	58	60
1163	74	60	60
1164	77	58	60
1161	78	58	60
1162	79	59	61
1161	82	59	60
1161	83	60	60
1160	86	61	59
1160	87	61	59
1160	88	62	62
1160	91	61	59
1159	93	61	59
1159	93	60	59
1158	94	62	59
1159	96	60	59
1160	95	63	62
1159	96	63	63
1158	99	62	62
1159	97	63	65
1158	100	63	65
1158	103	64	62
1157	104	65	64
1156	103	66	65
1157	107	65	64
1157	109	64	63
1157	109	65	64
1156	113	64	64
1155	118	64	61
1156	120	61	60
1157	121	61	62
1156	124	61	60
1157	126	61	61
1156	127	61	61
1157	129	61	60
1156	131	61	59
1157	132	61	60
1157	135	63	59
1158	134	61	61
1158	137	65	60
1160	134	64	65
1160	138	65	62
1160	141	65	62
1161	141	64	62
1163	142	65	62
1162	145	65	61
1163	146	64	62
1164	150	64	59
1166	146	66	65
1165	153	64	61
1164	156	65	60
1166	159	62	60
1166	159	62	61
1165	163	62	59
1166	163	64	61
1166	168	63	58
1169	163	64	64
1170	167	63	62
1169	172	63	60
1174	166	62	67
1172	172	65	63
1173	173	64	65
1174	176	65	63
1177	181	60	59
1180	177	62	65
1180	182	61	62
1179	186	60	60
1183	182	61	65
1184	189	60	61
1184	186	60	65
1184	192	60	61
1186	189	61	65
1186	192	61	65
1188	191	61	67
1190	194	60	68
1190	194	61	70
1193	198	60	68
1194	197	59	70
1194	198	61	70
1196	204	59	66
1196	207	60	64
1198	207	60	65
1201	208	59	66
1203	211	59	66
1204	211	60	68
1205	212	60	68
1206	216	61	66
1208	217	61	67
1210	218	61	68
1212	220	61	67
1212	224	61	64
1214	227	59	62
1215	227	61	64
1216	231	62	64
1219	232	60	65
1222	237	61	61
1222	239	62	62
1225	240	61	62
1225	242	62	62
1230	244	60	62
1230	247	61	62
1235	249	61	63
1235	250	63	63
1238	252	62	64
1239	255	63	65
1241	257	65	66
1243	259	64	65
1245	262	63	65
1246	264	62	65
1247	267	65	65
1250	269	62	65
1249	270	64	66
1250	273	66	66
1253	276	66	65
1253	278	65	66
1254	277	70	70
1256	280	67	70
1255	279	68	75
1256	283	68	71
1256	288	69	69
1257	290	69	71
1257	291	68	73
1258	295	69	72
1255	295	73	74
1257	300	73	73
1257	303	72	71
1258	306	72	71
1259	310	74	70
1259	312	74	70
1260	314	73	71
1260	316	73	71
1262	321	72	69
1263	322	71	70
1262	325	72	69
1263	326	71	71
1263	330	71	72
1262	334	72	69
1263	335	71	73
1264	339	71	70
1266	345	69	67
1266	341	69	73
1266	347	70	70
1265	350	70	71
1266	355	71	68
1268	360	69	66
1266	357	71	73
1267	362	70	71
1264	362	73	75
1265	364	72	75
1264	365	74	78
1265	369	75	77
1265	372	73	76
1265	375	75	76
1266	379	73	74
1264	380	74	76
1265	386	74	73
1265	394	74	69
1263	395	73	70
1265	403	71	67
1264	406	71	66
1265	410	70	66
1263	412	72	68
1262	412	73	71
1264	417	71	70
1261	422	71	69
1260	423	73	71
1258	428	74	70
1258	432	73	70
1258	436	72	71
1255	439	72	71
1251	442	76	72
1253	444	75	72
1247	447	77	74
1247	450	77	74
1244	455	77	72
1247	458	72	73
1240	458	77	75
1242	464	75	74
1242	467	73	74
1241	474	72	71
1239	477	71	71
1237	475	71	76
1235	483	73	72
1233	477	73	81
1232	482	72	79
1230	488	73	77
1228	491	74	77
1226	501	72	69
1226	504	70	71
1223	509	72	70
1223	512	70	68
1220	513	72	70
1218	519	72	68
1216	521	73	70
1214	524	74	71
1213	525	73	73
1211	531	71	70
1210	535	71	69
1207	537	72	70
1205	539	71	72
1202	538	71	77
1201	545	72	73
1199	543	71	79
1197	548	70	76
1193	553	73	74
1192	552	71	78
1188	558	72	76
1187	560	72	75
1186	563	71	75
1184	564	72	79
1184	564	71	81
1176	560	77	89
1178	563	73	87
1171	572	77	83
1171	576	76	81
1170	580	73	79
1166	584	73	81
1170	589	62	77
1159	593	68	77
1164	595	57	80
1168	600	50	76
1170	605	43	74
1168	608	43	74
1166	612	40	74
1164	618	38	69
1162	623	38	66
1157	630	40	64
1156	634	40	63
1151	640	41	59
1155	639	37	64
1153	646	39	62
1150	652	43	61
1148	657	45	59
1147	654	49	64
1146	658	50	64
1143	658	50	68
1144	670	50	60
1142	673	52	59
1139	670	56	65
1138	672	57	67
1136	673	62	71
1135	676	60	70
1135	682	59	68
1131	680	63	73
1130	681	61	75
1128	684	69	75
1128	684	68	77
1127	712	70	47
1126	719	72	45
1127	726	76	40
1126	731	78	37
1125	732	79	39
1131	740	70	34
1130	744	81	35
1131	748	80	33
1127	750	83	33
1123	752	87	34
1119	751	96	38
1120	756	96	37
1117	758	112	37
1116	761	117	35
1120	766	109	35
1122	767	106	36
1127	770	99	36
1141	772	81	37
1137	776	84	36
1136	780	87	34
1129	784	92	32
1136	786	84	34
1144	790	75	33
1133	794	87	30
1132	796	91	33
1149	796	92	36
1134	799	96	36
1135	801	98	37
1133	804	100	38
1134	805	96	39
1130	808	100	40
1134	809	97	41
1135	810	100	44
1138	812	99	46
1136	814	101	46
1135	814	105	49
1134	816	99	50
1131	817	110	52
1132	820	108	53
1129	823	112	52
1129	826	113	53
1131	829	109	54
1136	833	103	53
1154	842	87	47
1155	840	84	54
1153	848	92	47
1149	856	95	41
1149	860	95	37
1148	863	97	37
1148	865	96	38
1146	868	104	38
1145	873	104	37
1144	877	116	36
1139	879	117	37
1141	882	115	38
1138	884	118	37
1138	885	118	40
1136	889	118	37
1138	888	113	41
1140	891	110	40
1144	893	106	41
1162	895	85	40
1162	895	88	40
1162	896	86	44
1162	896	87	47
1160	899	90	47
1164	899	87	50
1164	899	93	51
1161	902	97	52
1166	903	94	51
1168	894	89	65
1116	919	82	53
1116	919	82	53
1178	893	79	73
1115	922	79	59
1179	895	78	79
1179	895	78	79
1179	895	78	79
1179	895	78	79
1179	895	78	79
