1181	0	310	282
1209	8	295	275
1186	6	319	305
1202	-3	331	324
1199	5	327	321
1190	3	332	329
1200	6	338	319
1200	12	294	320
1200	10	300	336
1189	23	312	339
1201	6	312	358
1210	13	308	351
1202	22	316	346
1231	26	279	357
1220	3	300	382
1233	41	277	361
1250	57	257	345
1237	55	267	349
1226	49	298	353
1242	60	283	348
1244	68	282	348
1259	81	269	337
1251	97	279	331
1254	102	276	327
1250	114	290	311
1275	128	271	305
1268	146	256	269
1274	150	244	255
1270	160	245	244
1270	162	248	241
1265	157	240	248
1260	155	247	264
1262	149	235	262
1262	149	235	262
1255	190	224	226
1251	193	239	219
1241	197	239	221
1243	201	233	230
1243	185	237	252
1243	185	237	252
1198	37	207	227
1198	37	207	227
1208	43	183	226
1208	43	183	226
1207	11	194	255
1207	11	194	255
1207	11	194	255
1207	11	194	255
1207	11	194	255
1162	220	276	240
1221	214	327	312
1134	111	414	416
1019	31	539	558
917	35	636	664
879	22	708	702
871	52	680	729
893	48	831	928
901	34	1023	933
829	28	1079	958
907	16	1003	948
832	33	1073	1004
885	45	1037	1000
807	77	1117	1011
929	62	971	1020
807	53	1095	1017
937	51	998	1027
695	53	1205	1040
687	53	1230	1051
912	20	1056	1022
945	24	1026	927
996	28	956	830
1014	40	933	842
1055	34	906	875
1286	43	709	855
1328	32	642	813
1285	29	673	739
1312	0	653	682
1296	17	651	719
1320	0	652	699
1230	3	725	680
1245	-8	709	677
1278	3	674	748
1342	-11	625	666
1275	-10	684	720
905	51	812	608
849	92	766	440
855	115	752	376
1328	-2	616	505
1403	4	536	494
841	33	639	451
1404	-11	533	517
1418	-3	504	523
1428	-14	486	519
1400	-12	521	503
1391	-11	531	476
1395	-4	522	472
1405	18	495	423
1392	13	542	462
752	133	676	421
756	127	773	436
718	125	853	423
697	79	968	516
676	38	951	563
660	29	1078	611
654	25	1141	679
623	1	1259	578
621	6	1250	649
647	-13	1232	638
618	-3	1265	601
604	-30	1271	609
580	-13	1302	616
557	-17	1344	633
525	-23	1391	621
541	-13	1374	612
529	-9	1372	628
543	-5	1338	622
519	-7	1378	636
525	-1	1371	636
481	6	1188	470
614	0	1157	439
538	15	1012	507
550	18	1042	572
545	12	1231	525
515	12	1378	623
492	3	1393	617
501	11	1379	599
476	20	1428	568
477	12	1450	598
452	0	1462	648
467	8	1433	645
445	13	1402	652
414	15	1466	668
415	7	1476	703
414	17	1476	719
391	82	1471	733
390	49	1464	663
384	75	1457	632
390	52	1455	646
379	66	1448	632
367	64	1475	655
385	59	1482	671
372	56	1486	699
391	53	1485	747
387	72	1511	917
481	90	1385	788
453	95	1388	727
517	57	1297	648
421	57	1375	605
357	92	1438	554
467	119	1336	511
416	103	1413	534
396	123	1468	495
411	115	1446	531
405	107	1304	540
381	92	1285	568
441	88	1168	601
268	75	1157	627
381	98	1171	620
363	95	1203	635
345	76	1196	653
313	85	1192	663
318	69	1206	659
269	71	1199	667
298	53	1147	698
271	60	1163	667
52	45	1302	734
24	44	1144	707
33	27	1152	698
-9	52	1248	727
-8	34	1208	691
25	47	1175	668
-8	29	1098	669
183	20	1021	633
1033	45	918	525
1106	10	820	519
1195	20	744	536
1198	5	727	518
1127	2	788	624
1098	-6	834	660
1094	2	830	664
1073	-25	847	612
1052	-21	871	704
1037	-4	903	714
1069	-13	884	731
1032	-24	900	722
993	-4	931	712
942	-16	977	704
941	-18	953	660
945	-11	967	696
889	-22	1015	617
759	-7	1006	503
935	-8	871	469
930	-12	859	463
1108	2	717	413
1138	-15	686	435
1112	-2	760	439
1107	8	775	451
1099	3	787	462
1088	-6	803	473
1098	-3	811	495
1100	-12	813	558
