452	47	328	627
441	57	347	620
435	52	355	620
426	43	368	626
416	45	380	627
405	55	388	617
407	55	400	620
388	53	410	620
400	65	418	611
387	56	422	609
380	72	436	598
367	67	445	596
365	95	453	570
357	98	464	573
350	106	483	558
338	192	493	464
349	203	487	468
339	219	492	448
321	194	510	470
319	236	506	420
311	241	523	422
311	250	534	421
306	260	538	413
297	271	549	403
290	233	558	455
300	265	551	412
281	284	563	401
277	301	576	381
266	287	576	405
254	300	603	390
254	303	601	386
251	318	601	387
241	321	604	377
230	332	615	363
228	327	621	371
215	341	636	359
204	340	643	354
219	352	642	335
218	333	671	364
232	344	656	337
192	346	651	339
196	336	662	357
202	344	693	341
192	334	682	354
160	339	698	329
224	337	695	330
231	345	695	311
150	355	719	304
176	374	691	274
211	368	720	283
221	378	727	267
118	372	694	283
117	384	684	263
80	378	737	261
265	373	716	271
140	368	684	280
191	380	672	279
221	382	691	278
206	385	671	276
182	383	658	276
222	391	656	279
230	388	625	293
257	395	616	287
257	396	619	284
264	397	606	286
286	404	582	292
284	405	591	288
288	413	567	279
275	409	572	281
320	404	558	267
310	404	559	313
341	393	562	327
361	402	525	328
359	390	528	346
363	390	536	348
356	385	548	371
347	389	545	373
349	388	548	378
351	382	558	401
327	369	579	422
341	379	576	403
356	367	552	424
357	360	553	433
352	360	562	440
358	355	548	454
368	345	555	466
380	352	533	468
378	334	543	487
390	336	531	492
382	314	539	502
402	310	533	510
402	304	532	509
406	291	532	523
414	279	530	525
419	277	531	523
417	266	536	537
425	263	528	539
416	258	525	537
447	232	534	544
443	221	538	545
445	225	537	553
443	206	531	564
428	220	537	559
445	197	529	578
441	206	532	580
449	187	535	585
438	174	551	591
443	173	540	593
443	155	545	609
435	156	562	608
437	138	553	616
440	124	568	626
435	116	575	633
445	117	569	630
441	102	578	644
444	89	574	652
446	79	570	659
448	62	575	688
443	56	577	688
440	66	582	699
444	75	578	704
454	32	588	717
457	34	585	720
454	-5	598	747
462	-4	588	765
462	-9	593	755
467	-5	582	767
459	4	596	760
447	5	604	742
484	-9	578	768
511	-18	566	774
516	-4	544	767
526	-10	538	782
515	22	553	755
508	-2	562	768
491	-16	577	776
518	-17	554	770
507	-16	566	782
489	11	590	765
489	0	586	758
486	-6	595	767
499	7	573	780
493	-2	578	785
502	-14	574	782
487	-17	582	792
491	8	576	784
483	-10	576	805
499	0	578	799
485	-27	585	820
474	-7	601	794
482	-8	594	804
483	-7	594	820
459	-5	612	824
476	-3	597	815
465	-2	610	832
459	-9	624	841
440	4	645	830
433	-5	656	814
418	-9	678	853
402	-5	695	833
376	-12	709	839
382	-12	722	848
368	-10	738	827
349	-5	746	848
319	-9	790	852
329	-23	803	862
336	-12	796	847
333	-27	806	856
339	-16	802	840
296	-9	839	845
330	-21	826	862
316	-16	855	853
334	-12	848	861
320	-17	866	855
317	-19	853	872
323	-13	831	875
307	-15	815	874
316	-5	793	876
334	-18	864	890
358	-27	815	920
342	-32	839	927
363	-30	809	928
365	-30	791	939
380	-29	787	939
388	-38	799	957
396	-33	737	960
422	-11	684	915
394	-12	692	946
407	-25	643	963
440	-20	710	977
442	-41	662	974
430	-20	689	974
502	0	589	953
465	-11	612	973
473	5	605	969
464	2	615	987
519	2	573	982
481	4	584	1003
505	1	579	999
549	6	523	1010
567	-4	488	1032
585	-5	478	1031
575	-14	493	1033
580	-1	482	1042
603	1	472	1035
595	0	482	1035
600	0	480	1023
611	-15	479	1014
628	-12	466	993
661	-14	458	981
652	0	480	972
666	1	485	973
666	0	490	959
673	-7	492	955
671	-7	511	945
675	12	522	929
671	-10	536	954
666	6	559	925
670	13	557	926
676	-19	575	938
670	-11	589	934
665	0	596	911
662	-6	614	913
677	-9	599	918
663	-4	633	913
682	-3	621	901
700	27	607	878
