1214	342	17	25
1215	347	15	21
1215	351	14	17
1215	351	13	19
1215	351	13	20
1215	351	12	20
1215	350	12	22
1215	351	13	23
1215	351	13	23
1214	352	15	23
1214	357	15	18
1214	359	13	17
1213	359	14	17
1214	360	15	18
1215	359	16	19
1215	359	16	20
1215	358	16	21
1214	359	17	20
1214	353	17	27
1213	362	19	21
1211	362	20	20
1212	360	20	23
1212	365	20	20
1212	366	20	19
1211	367	22	20
1211	367	21	20
1209	368	22	21
1209	368	24	22
1210	369	23	21
1209	369	25	22
1209	369	25	22
1208	369	26	22
1208	370	28	22
1208	371	28	23
1208	371	28	23
1208	372	29	24
1208	373	31	25
1207	372	29	26
1208	374	29	24
1208	374	31	24
1207	374	30	24
1207	376	30	23
1207	375	29	24
1207	375	30	25
1207	375	30	25
1206	376	30	25
1207	377	30	24
1206	376	31	25
1206	378	32	24
1205	377	32	24
1206	378	32	25
1205	377	32	25
1203	377	33	26
1203	381	35	24
1202	381	37	25
1138	309	41	25
1147	299	32	31
1145	290	37	42
1131	277	54	57
1121	279	65	58
1098	145	69	46
1129	92	60	48
1129	92	60	48
1129	92	60	48
1129	92	60	48
1129	92	60	48
1129	92	60	48
1129	92	60	48
1129	92	60	48
1129	92	60	48
1129	92	60	48
1129	92	60	48
1129	92	60	48
1129	92	60	48
1179	0	57	36
1179	0	57	36
1143	37	44	36
1143	37	44	36
1143	37	44	36
1143	37	44	36
1143	37	44	36
1143	37	44	36
1143	37	44	36
1143	37	44	36
1194	0	55	36
1150	41	46	35
1193	0	58	34
1193	0	60	34
1192	0	60	33
1192	0	63	32
1191	0	65	32
1194	0	63	33
1194	0	65	33
1193	0	67	32
1194	0	67	32
1195	0	69	33
1196	-1	68	34
1195	-1	68	34
1196	-1	68	34
1198	-1	69	34
1198	0	70	34
1200	-1	69	35
1202	0	69	33
1203	0	69	33
1200	-1	71	34
1200	-2	75	35
1200	-1	75	34
1198	0	75	34
1199	-1	76	34
1202	-1	78	35
1200	-1	76	35
1201	-1	76	34
1202	-1	79	35
1200	-1	74	35
1203	0	77	34
1204	0	78	32
1202	0	76	34
1204	0	79	35
1202	0	77	35
1204	0	79	35
1206	0	78	35
1204	0	80	37
1202	1	80	34
1200	1	77	34
1205	0	78	36
1206	1	77	36
1207	0	77	37
1207	0	76	38
1205	2	79	35
1204	0	78	38
1205	1	79	37
1205	0	78	37
1206	1	78	36
1206	1	76	37
1207	1	77	37
1205	0	78	37
1205	0	79	37
1206	0	79	37
1206	-1	78	38
1208	0	77	36
1207	0	78	35
1207	0	78	35
1208	-1	78	37
1208	-1	79	34
1206	0	79	33
1206	0	80	32
1208	1	80	29
1207	0	83	31
1207	0	81	31
1208	0	81	32
1207	0	81	31
1209	0	81	31
1206	0	80	30
1212	2	82	28
1212	0	83	31
1211	0	84	30
1211	0	84	31
1216	1	83	29
1217	1	80	29
1218	0	82	31
1220	2	83	30
1217	2	85	31
1221	2	81	31
1225	1	79	32
1224	2	80	31
1226	1	81	32
1225	3	83	31
1228	3	86	32
1231	3	84	31
1234	4	81	31
1235	4	83	32
1238	2	81	33
1238	4	82	32
1241	2	82	32
1242	1	83	34
1244	1	84	33
1251	1	82	33
1248	1	85	33
1251	1	83	33
1250	1	86	32
1251	1	86	32
1254	1	84	32
1255	0	86	33
1257	1	84	32
1258	0	85	32
1260	1	85	31
1260	0	86	32
1260	1	87	30
1259	0	87	30
1263	1	89	29
1262	0	92	30
1266	0	89	29
1267	1	91	28
1269	1	90	28
1270	1	89	27
1268	0	92	28
1277	1	87	27
1278	0	86	28
1279	0	89	28
1279	0	91	28
1279	1	87	26
1282	0	89	27
1283	0	88	27
1284	0	88	27
1285	0	89	27
1283	-3	89	29
1292	-1	90	27
1288	-2	91	28
1289	0	84	27
1294	-1	87	27
1294	0	91	26
1294	-1	91	26
1301	0	85	27
1305	0	82	26
1306	-1	80	26
1306	1	81	25
1313	1	81	26
1316	1	75	25
1309	0	86	25
1312	-1	90	26
1309	0	86	26
1311	0	88	25
1314	0	84	25
1315	0	84	24
1318	0	84	23
1329	0	75	22
1324	0	80	24
1323	0	82	23
1327	0	81	23
1330	0	78	23
1328	0	80	23
1336	-1	74	22
1336	-1	68	22
1342	-1	71	23
1342	-1	73	22
1342	-3	74	23
1347	-2	68	23
1347	-1	67	20
1350	0	70	21
1352	-1	70	21
1351	-1	72	22
1350	-2	72	22
1352	-3	70	22
1356	-3	71	22
1357	-1	75	21
1357	-1	75	20
1357	-2	74	22
1355	-2	75	22
1358	-1	76	22
1359	-1	75	23
1360	-2	77	22
1359	-2	78	22
1360	-3	79	21
1360	-2	78	22
1362	-1	79	21
1363	-2	77	20
1365	-2	77	19
1366	-2	76	20
1366	-3	76	20
1367	-3	79	20
1368	-2	79	20
1369	-1	81	21
1370	-1	78	21
1373	-1	78	22
1374	0	78	23
1375	-1	79	23
1376	-1	79	24
1378	0	77	25
1382	0	74	24
1382	0	75	26
1384	0	74	26
1383	1	75	27
1386	2	74	27
1385	2	78	27
1386	3	76	28
1388	4	76	28
1390	4	74	28
1391	4	74	30
1390	2	76	32
1388	2	76	33
1388	1	77	37
1390	2	77	38
1391	3	76	38
1391	3	77	40
1392	2	77	43
1391	0	77	48
1391	0	77	50
1393	0	77	51
1391	0	77	54
1391	0	78	57
1392	0	79	59
1392	1	80	59
1395	0	77	64
1397	0	75	63
1396	2	79	65
1397	2	78	66
1400	0	78	71
1402	0	76	72
1402	0	76	74
1400	2	77	90
1401	0	77	93
1407	0	71	78
1406	5	72	99
1408	2	71	99
1407	4	71	98
1411	6	69	97
1410	7	68	97
1413	8	66	93
1413	13	66	88
1418	11	62	90
1419	13	60	88
1420	13	59	87
1421	13	59	86
1420	15	60	86
1423	16	59	83
1425	17	57	81
1427	17	54	82
1429	17	53	82
1427	27	55	71
1429	27	53	74
1430	29	52	72
1430	29	53	73
1433	28	51	77
1433	31	50	76
1434	31	50	77
1436	40	48	69
1437	38	48	73
1437	37	48	74
1438	37	48	79
1439	45	48	71
1442	51	46	68
1440	51	48	72
1443	60	45	65
1444	62	43	66
1445	63	42	67
1446	67	41	66
1447	70	40	67
1448	76	40	63
1448	77	39	65
1448	77	42	66
1449	80	42	66
1449	80	42	68
1450	81	41	70
1450	82	44	72
1452	84	42	72
1452	84	41	74
1452	85	44	75
1453	85	42	79
1453	85	43	80
1454	88	43	83
1454	86	44	84
1453	89	45	85
1454	87	44	88
1453	89	44	88
1453	89	45	90
1454	91	43	93
1454	90	43	94
1454	93	44	96
1454	93	44	96
1454	94	45	97
1455	96	42	98
1455	94	43	99
1454	92	45	102
1455	94	45	102
1455	93	46	104
1455	98	46	106
1454	101	46	105
1454	100	46	108
1454	105	46	108
1454	101	46	107
1454	106	45	109
1454	105	47	111
1453	105	47	112
1452	109	48	113
1452	110	48	115
1453	113	47	117
1451	108	49	119
1451	108	48	118
1451	111	48	117
1451	111	50	119
1450	113	51	118
1451	112	51	123
1450	113	51	123
1450	113	51	123
1447	120	47	123
1447	148	39	96
1448	175	34	68
1453	179	28	62
1452	178	26	65
1454	179	25	67
1454	180	26	68
1453	181	26	67
1453	181	26	69
1453	183	27	65
1453	186	27	66
1453	187	26	67
1452	188	28	68
1453	188	27	65
1454	190	27	65
1453	190	27	66
1455	190	26	65
1454	195	27	62
1454	194	27	64
1454	195	27	67
1454	197	29	65
1454	201	26	59
1455	203	26	58
1456	205	25	59
1455	206	26	59
1455	209	24	57
1454	216	24	51
1454	218	25	48
1454	224	25	44
1454	232	24	37
1454	227	25	41
1454	229	25	40
1453	232	26	39
1453	227	28	45
1452	226	31	50
1452	226	31	49
1452	227	33	49
1453	229	32	49
1451	229	33	49
1452	230	33	49
1452	232	35	48
1451	232	36	49
1451	232	36	50
1451	233	37	49
1451	234	37	49
1451	236	38	49
1451	235	38	49
1450	237	39	48
1450	238	39	48
1451	238	39	48
1451	238	39	49
1451	238	39	49
1450	239	40	48
1451	239	39	49
1451	240	40	48
1450	240	41	47
1450	239	41	47
1450	240	41	47
1448	239	42	48
1449	239	42	49
1448	237	43	50
1449	238	44	49
1448	237	45	49
1448	237	45	48
1447	236	46	50
1447	236	45	49
1446	233	47	51
1445	233	46	50
1446	232	45	50
1445	232	45	50
1444	231	46	49
1444	230	46	50
1443	230	47	50
1443	229	47	50
1443	229	48	50
1443	228	45	51
1443	228	48	50
1443	228	46	49
1442	226	48	52
1442	227	48	50
1442	226	47	51
1442	226	46	50
1442	226	47	50
1442	225	46	51
1442	225	45	51
1442	224	42	52
1441	225	41	51
1441	224	38	51
1442	223	36	53
1441	222	35	52
1441	222	36	52
1441	223	34	51
1441	222	32	51
1440	221	31	50
1440	220	31	50
1440	219	31	52
1441	218	30	51
1441	218	29	50
1441	216	29	52
1441	216	29	51
1441	215	28	51
1441	215	28	50
1442	215	28	50
1442	213	27	51
1442	213	25	50
1444	211	24	49
1445	211	22	49
1444	209	22	53
1443	209	23	53
1444	209	22	47
1444	207	24	48
1442	207	26	48
1446	207	24	47
1446	206	25	47
1446	205	25	48
1446	203	25	49
1446	203	26	49
1446	203	26	49
1446	202	30	50
1446	201	29	50
1447	201	30	49
1447	201	34	49
1446	200	36	52
1447	200	36	51
1448	197	38	51
1449	196	38	53
1449	195	39	53
1450	195	38	52
1451	194	39	53
1450	193	42	55
1474	88	47	66
1475	78	49	77
1475	78	48	79
1476	78	50	79
1476	78	51	79
1479	80	51	79
1478	80	51	79
1479	80	52	80
1481	80	51	80
1481	81	52	79
1482	82	52	80
1484	81	51	82
1484	82	52	79
1486	83	51	80
1487	82	51	81
1488	85	50	79
1489	85	51	80
1491	86	50	80
1493	87	51	81
1493	87	50	80
1494	88	52	81
1496	93	51	77
1496	95	52	77
1496	96	52	76
1497	95	52	80
1499	97	52	79
1500	98	51	78
1501	99	52	78
1502	99	50	76
1503	100	50	77
1504	99	50	78
1501	98	53	106
1494	103	58	118
1494	104	57	115
1495	102	58	115
1494	104	60	113
1494	108	61	109
1496	107	59	106
1493	109	64	105
1495	111	61	105
1496	108	63	102
1497	108	63	100
1498	108	64	99
1496	107	67	99
1495	107	70	96
1494	106	73	96
1495	105	74	96
1496	105	76	94
1497	106	77	95
1496	105	80	99
1495	104	83	101
1497	103	84	106
1499	103	84	108
1499	102	85	111
1503	102	82	116
1504	99	81	117
1505	100	82	122
1505	100	84	125
1504	99	85	127
1505	99	84	129
1504	97	88	133
1512	117	80	118
1518	129	77	106
1521	128	74	111
1523	129	73	110
1525	127	70	116
1525	127	71	120
1526	125	70	122
1527	126	71	124
1528	126	72	128
1530	123	71	131
1517	124	77	160
1510	125	94	169
1511	125	90	166
1514	125	92	165
1517	123	85	168
1519	124	89	166
1521	122	84	167
1522	123	84	164
1525	122	87	163
1526	124	87	162
1526	122	86	163
1528	120	89	165
1532	121	85	166
1531	119	87	165
1533	122	92	165
1535	119	85	171
1535	117	89	175
1536	119	86	174
1537	119	93	177
1538	117	90	179
1538	119	94	183
1539	119	98	184
1543	112	92	186
1541	160	71	146
1545	207	68	93
1548	215	66	90
1549	219	68	89
1549	224	70	86
1551	225	71	87
1551	226	75	90
1552	229	76	89
1552	231	78	90
1553	233	80	90
1554	235	83	91
1556	235	83	94
1557	233	86	97
1557	235	89	100
1558	232	90	104
1561	234	90	105
1564	231	90	110
1564	230	94	114
1565	231	95	116
1567	228	94	121
1568	228	96	123
1569	226	98	128
1571	226	100	131
1572	226	99	134
1572	225	102	136
1574	225	102	139
1577	225	101	142
1579	223	100	144
1581	220	100	148
1582	221	101	153
1585	224	101	157
1586	239	100	141
1588	240	102	139
1592	280	102	100
1593	286	101	97
1594	290	101	97
1596	293	102	98
1598	292	102	101
1600	295	101	101
1602	302	101	96
1605	302	100	99
1607	305	100	98
1609	305	101	100
1610	308	102	100
1613	311	100	101
1613	314	102	99
1617	315	99	102
1620	321	100	98
1623	322	100	101
1624	324	101	100
1627	326	102	100
1628	328	102	99
1631	330	103	98
1633	331	103	98
1634	332	107	98
1636	337	107	94
1638	337	109	95
1639	340	111	93
1642	345	112	89
1643	345	113	89
1645	347	113	88
1647	352	115	86
1649	353	115	84
1651	357	116	83
1654	363	117	79
1654	364	120	76
1659	366	118	77
1661	369	117	75
1666	373	120	74
1669	375	120	72
1671	377	120	73
1673	379	121	72
1678	382	121	70
1685	383	116	72
1685	385	120	72
1686	387	122	71
1686	391	128	68
1686	393	125	68
1694	396	127	69
1694	399	132	68
1700	401	131	67
1704	403	128	68
1707	406	133	67
1705	409	132	67
1720	410	139	67
1712	413	136	67
1708	415	133	67
1719	417	137	68
1726	419	135	67
1729	421	134	68
1734	424	133	67
1726	426	129	69
1740	429	133	67
1737	430	130	69
1753	433	127	68
1750	435	131	67
1774	436	129	69
1769	438	128	69
1770	440	126	68
1773	443	127	69
1778	444	124	69
1783	445	122	70
1787	447	124	69
1788	449	123	70
1795	452	122	69
1795	453	120	71
1801	454	118	73
1805	455	112	73
1809	459	109	71
1818	462	102	71
1821	463	97	73
1825	461	93	78
1829	467	89	75
1835	475	84	70
1839	474	75	76
1842	476	72	75
1847	479	65	74
1852	485	62	68
1855	493	58	63
1859	491	58	67
1865	492	52	64
1869	501	47	57
1874	503	43	57
1877	508	41	51
1883	512	35	50
1890	526	30	37
1894	531	25	33
1900	535	20	29
1903	544	17	24
1906	550	13	18
1911	558	11	15
1913	556	11	18
1913	556	11	18
1913	556	11	18
1913	556	11	18
1913	556	11	18
1913	556	11	18
1913	556	11	18
1913	556	11	18
1913	556	11	18
1913	556	11	18
1913	556	11	18
1913	556	11	18
1913	556	11	18
1913	556	11	18
1913	556	11	18
1913	556	11	18
1913	556	11	18
1913	556	11	18
1913	556	11	18
1913	556	11	18
1913	556	11	18
1913	556	11	18
1913	556	11	18
1913	556	11	18
1913	556	11	18
1913	556	11	18
1913	556	11	18
1913	556	11	18
1913	556	11	18
1913	556	11	18
1913	556	11	18
1913	556	11	18
1913	556	11	18
1913	556	11	18
1913	556	11	18
1913	556	11	18
1913	556	11	18
1913	556	11	18
1913	556	11	18
1913	556	11	18
1913	556	11	18
1913	556	11	18
1913	556	11	18
1913	556	11	18
1913	556	11	18
1913	556	11	18
1913	556	11	18
1913	556	11	18
1913	556	11	18
1913	556	11	18
1913	556	11	18
1913	556	11	18
1913	556	11	18
1913	556	11	18
1913	556	11	18
1913	556	11	18
1913	556	11	18
1913	556	11	18
1913	556	11	18
1913	556	11	18
1913	556	11	18
1913	556	11	18
1913	556	11	18
1913	556	11	18
1913	556	11	18
1913	556	11	18
1913	556	11	18
1913	556	11	18
1913	556	11	18
1913	556	11	18
1913	556	11	18
1913	556	11	18
1913	556	11	18
1913	556	11	18
1913	556	11	18
1913	556	11	18
1913	556	11	18
1913	556	11	18
1913	556	11	18
1913	556	11	18
1913	556	11	18
1913	556	11	18
1913	556	11	18
1913	556	11	18
1913	556	11	18
1913	556	11	18
1913	556	11	18
1913	556	11	18
1913	556	11	18
1913	556	11	18
1913	556	11	18
1913	556	11	18
1913	556	11	18
1913	556	11	18
1913	556	11	18
1913	556	11	18
1913	556	11	18
1913	556	11	18
1913	556	11	18
1913	556	11	18
1913	556	11	18
1913	556	11	18
1913	556	11	18
1913	556	11	18
1913	556	11	18
1913	556	11	18
1913	556	11	18
1913	556	11	18
1913	556	11	18
1913	556	11	18
1913	556	11	18
1913	556	11	18
1913	556	11	18
1913	556	11	18
1913	556	11	18
1913	556	11	18
1913	556	11	18
1913	556	11	18
1913	556	11	18
1913	556	11	18
1913	556	11	18
1913	556	11	18
1913	556	11	18
1913	556	11	18
1913	556	11	18
1913	556	11	18
1913	556	11	18
1913	556	11	18
1913	556	11	18
1913	556	11	18
1913	556	11	18
1913	556	11	18
1913	556	11	18
1913	556	11	18
1913	556	11	18
1913	556	11	18
1913	556	11	18
1913	556	11	18
1913	556	11	18
1913	556	11	18
1913	556	11	18
1913	556	11	18
1913	556	11	18
1913	556	11	18
1913	556	11	18
1913	556	11	18
1913	556	11	18
1913	556	11	18
1913	556	11	18
1913	556	11	18
