982	378	48	37
984	376	45	36
987	377	47	35
989	377	46	35
991	378	46	35
990	379	47	35
992	381	46	34
995	383	43	33
998	384	42	33
999	384	43	35
999	384	44	36
1000	385	44	35
1000	386	45	32
1003	387	43	31
1005	386	41	30
1005	389	34	28
1006	388	32	27
1008	386	32	28
1010	388	31	26
1012	387	29	24
1011	387	30	28
1012	386	29	29
1016	387	28	29
1014	390	30	27
1014	390	30	26
1018	390	28	26
1019	390	27	25
1024	389	22	25
1021	390	23	25
994	365	22	28
992	365	21	31
990	363	24	30
1013	390	30	23
1009	393	36	20
1010	392	34	20
1006	393	35	19
1004	393	35	21
1002	393	38	21
998	392	39	22
998	393	38	22
993	392	41	23
990	391	41	24
985	391	43	25
982	391	42	27
981	390	45	27
977	389	44	29
974	389	44	31
970	389	48	32
970	390	51	30
965	392	51	31
962	395	51	30
958	397	52	30
956	399	50	28
956	400	48	28
951	401	53	28
947	403	52	27
943	405	53	26
939	407	57	26
939	408	57	26
936	409	47	24
932	410	47	25
928	413	43	23
924	415	43	22
923	415	44	22
919	415	45	23
915	416	47	24
910	415	46	25
910	415	46	25
907	415	46	26
903	416	49	25
899	417	48	27
895	419	51	27
895	418	51	28
893	420	50	28
889	420	53	31
887	422	50	30
880	426	51	27
884	425	46	25
879	424	47	28
868	424	48	33
873	423	44	27
866	422	45	35
868	423	41	31
862	421	41	40
857	422	40	44
855	425	37	44
855	426	37	45
853	430	33	43
850	430	32	45
846	433	27	45
842	433	28	46
843	434	27	45
839	434	30	46
836	435	34	44
832	437	37	44
826	438	43	43
826	438	43	43
828	447	42	36
824	443	46	41
821	444	47	41
817	440	51	46
819	440	50	45
815	438	52	48
815	447	56	46
812	452	61	52
807	451	67	55
808	450	68	56
801	448	72	58
803	452	72	54
801	454	73	54
805	456	69	53
801	451	71	54
795	450	79	58
797	446	76	60
800	445	75	65
802	447	72	63
802	446	72	69
829	466	64	75
830	463	77	86
830	463	77	86
830	463	77	86
811	449	68	62
808	464	70	48
800	465	75	49
796	469	78	44
795	469	80	44
789	470	84	45
791	477	83	37
783	477	88	38
778	480	89	36
770	482	91	34
764	483	94	33
763	482	93	33
756	485	101	31
757	485	102	32
753	487	87	31
749	488	91	32
750	487	90	35
751	480	87	43
749	479	90	43
748	477	90	46
746	473	90	47
746	473	92	47
742	466	94	54
740	463	95	54
742	459	93	57
741	462	94	54
736	455	99	59
735	452	103	60
736	448	101	60
734	442	107	62
734	441	107	63
735	436	104	64
734	429	105	65
733	420	104	69
733	415	103	69
730	410	106	76
727	407	108	74
732	402	103	78
731	393	98	82
733	383	98	87
733	384	96	85
737	376	94	87
743	367	91	92
744	358	92	97
745	360	91	92
751	350	90	100
756	344	90	102
763	329	84	113
762	324	85	115
762	322	88	114
763	317	89	120
764	315	90	122
769	315	84	120
767	310	90	119
769	310	85	121
761	290	93	136
760	282	99	137
758	272	116	138
756	270	117	132
754	265	118	148
757	265	122	152
765	270	122	148
768	277	126	139
763	274	133	132
765	277	131	131
765	274	136	125
772	268	128	102
764	273	140	120
761	263	142	150
760	258	145	150
755	257	158	145
751	255	165	146
755	249	166	143
758	252	167	147
758	245	165	146
762	240	165	150
758	232	167	153
757	233	171	152
758	232	169	150
750	231	178	152
752	230	174	150
739	227	190	150
738	225	189	151
744	219	185	160
736	219	192	157
741	254	182	132
722	219	201	159
728	220	194	162
720	220	201	159
721	216	195	168
714	215	199	174
712	213	210	167
714	203	205	177
718	251	206	149
697	203	225	182
691	226	236	161
697	231	223	164
687	204	237	179
686	209	231	181
683	214	236	166
686	222	231	174
683	238	230	168
677	211	242	178
676	204	244	198
681	202	243	190
672	199	246	201
671	206	254	187
672	206	238	207
662	200	250	200
667	192	236	212
657	194	246	218
659	186	250	209
659	199	239	209
661	201	249	226
651	221	248	212
664	272	226	184
700	210	208	192
665	237	237	230
660	265	231	224
666	284	210	223
651	300	175	203
676	267	215	219
658	276	230	227
653	311	192	219
655	313	226	212
667	320	181	196
670	307	220	220
643	337	198	221
651	339	218	219
646	347	214	219
641	342	208	227
639	348	196	224
640	353	205	225
639	359	194	227
635	353	215	246
621	366	213	243
627	367	218	251
627	362	228	256
620	379	232	263
628	370	217	240
628	382	218	228
631	381	216	235
608	394	237	241
622	404	224	238
610	398	228	248
583	401	255	259
601	410	227	257
619	414	204	258
617	427	204	267
622	417	195	274
634	617	176	234
628	530	184	207
636	555	178	207
618	570	182	206
623	574	182	199
636	602	173	191
642	609	159	203
647	617	146	206
620	737	155	180
637	650	160	182
637	650	160	182
644	663	148	209
568	461	184	252
