818	184	880	347
846	210	849	322
816	208	920	323
831	219	849	318
822	214	882	315
837	219	910	305
771	217	893	329
833	218	906	311
828	216	894	332
817	225	911	320
830	219	877	304
831	216	852	314
837	220	863	318
813	218	879	320
827	226	911	324
810	228	917	317
808	225	866	296
835	226	883	309
823	221	906	326
795	226	947	316
830	224	862	318
814	228	915	310
817	232	886	297
813	246	898	299
813	241	935	309
825	248	948	310
829	243	876	313
799	247	935	300
814	270	933	298
814	257	942	314
825	254	853	288
807	257	903	311
803	264	965	315
834	265	935	293
788	273	921	299
809	270	947	287
799	270	974	309
808	273	936	321
815	281	911	291
790	285	960	292
820	283	968	306
822	283	926	304
841	291	952	309
787	285	968	324
804	285	959	319
813	290	971	323
791	291	996	295
798	297	1029	309
794	292	1012	291
771	289	998	305
775	310	1015	290
781	292	999	295
778	285	1020	318
806	299	973	304
785	294	1025	317
805	291	991	287
810	280	1004	319
811	277	1027	294
821	288	1006	292
800	300	981	311
780	286	1021	334
797	284	1015	302
817	289	1016	293
786	283	1031	330
806	280	989	301
789	281	1013	312
810	273	1016	331
815	276	1035	332
798	288	1030	336
799	280	1022	327
840	293	980	318
811	303	978	293
791	292	1009	311
824	289	1025	333
778	302	1036	312
873	296	957	311
816	302	973	327
797	309	1016	303
814	311	982	317
786	317	1030	319
804	321	1020	307
786	331	1025	302
780	323	1018	325
832	325	991	332
770	319	1049	321
795	313	1017	338
841	336	1004	298
795	312	1031	333
778	313	1016	334
801	333	1025	266
778	320	989	306
782	305	1004	331
785	316	998	316
759	314	1067	305
773	309	1032	327
791	303	1014	336
752	312	1026	323
750	303	1081	319
808	298	1001	304
763	313	1031	301
780	295	1068	299
803	304	1010	310
772	305	1080	327
812	293	1041	323
819	297	1045	312
810	303	1039	314
784	301	1038	320
773	303	1056	315
777	305	1021	309
817	292	1044	305
827	293	1011	316
825	300	1006	308
799	296	1036	305
835	275	1039	343
818	286	1038	324
840	294	1000	313
862	307	1037	309
836	294	1063	309
804	303	1041	286
850	287	1060	323
831	286	1064	330
777	292	1047	326
871	297	1028	320
821	295	1058	328
789	292	1055	334
822	285	1031	348
819	318	1056	283
798	310	1069	308
782	312	1065	308
783	324	1075	282
850	320	1046	279
844	316	1071	317
817	324	1065	287
803	341	1063	261
784	316	1102	300
886	323	1089	284
804	323	1067	294
772	325	1059	287
768	335	1071	261
821	318	1069	298
796	326	1044	296
802	320	1064	315
816	328	1077	302
787	343	1076	262
802	330	1077	306
817	316	1071	325
789	313	1102	334
816	329	1074	309
806	314	1071	330
855	331	1041	284
857	324	1078	316
858	332	1066	301
848	329	1055	316
886	340	1037	298
905	337	1058	300
865	324	1059	340
871	331	1048	315
876	336	1056	325
892	306	1036	374
878	322	1022	345
908	324	1042	341
878	328	1014	325
863	352	1033	286
863	316	1011	356
856	340	1048	328
888	341	1038	338
865	312	1017	363
891	343	1020	335
889	322	992	361
877	334	1034	350
857	342	1027	330
865	334	1025	343
855	337	1020	345
893	350	1008	317
890	349	1019	313
886	349	1004	314
889	357	1004	298
905	346	993	309
913	335	991	336
890	335	1009	339
926	333	1008	330
893	345	1002	318
883	346	985	321
893	339	903	338
894	370	736	315
886	357	743	304
891	355	738	313
885	367	716	283
875	353	734	347
880	361	746	309
864	362	745	295
894	357	715	306
862	360	726	307
888	359	722	315
889	369	741	259
876	361	733	315
888	358	715	292
869	361	731	337
879	360	746	314
855	365	707	305
869	356	737	320
866	356	740	331
884	367	738	304
872	359	724	285
884	362	709	296
868	356	727	272
882	368	727	302
836	348	737	318
884	362	688	277
892	353	716	267
894	362	709	265
887	353	702	274
895	358	715	278
905	354	705	281
900	352	690	261
893	354	712	267
890	355	704	252
883	357	694	258
884	362	701	273
894	362	689	265
883	349	692	258
887	359	697	246
872	350	707	242
883	348	700	280
887	347	716	337
880	349	683	278
880	343	707	281
886	353	707	268
880	350	715	252
872	352	702	247
868	338	733	286
881	351	707	271
885	352	687	248
868	350	714	254
877	346	709	323
864	352	681	274
862	346	707	258
869	346	710	259
857	343	704	262
863	347	702	246
861	354	700	257
857	341	681	249
859	343	716	263
850	341	698	254
860	347	693	257
873	340	704	241
864	340	696	286
865	349	704	271
862	342	708	255
859	346	701	253
858	343	705	258
862	339	703	254
858	335	704	240
863	335	726	268
876	341	699	260
875	333	699	252
866	333	712	291
864	332	713	264
867	328	715	268
876	322	701	254
877	332	699	259
878	338	717	239
872	333	706	253
884	323	710	254
881	332	695	270
880	332	717	249
880	336	699	271
876	333	713	251
891	331	693	250
895	330	704	293
876	333	709	319
873	333	714	325
870	325	700	324
866	328	717	318
871	325	696	302
879	339	713	268
876	344	695	288
869	338	691	280
874	331	691	281
864	341	700	276
865	336	716	293
867	334	710	306
857	348	700	301
874	342	680	284
876	339	682	291
860	346	700	287
855	348	693	290
854	351	698	289
854	348	707	290
858	360	679	263
863	354	696	306
869	358	663	280
867	362	687	282
864	349	671	290
872	360	694	308
877	363	689	300
856	360	695	309
868	364	665	309
873	370	683	291
873	370	668	285
876	365	669	324
872	365	688	324
876	366	695	330
874	374	673	330
882	371	692	340
866	367	695	327
876	373	686	327
870	380	676	311
874	373	681	332
866	377	663	312
877	385	707	333
860	381	707	322
880	363	681	347
857	384	674	309
882	372	692	302
871	364	688	324
867	372	683	334
879	361	695	335
876	375	700	312
873	368	703	294
863	369	696	297
858	365	662	321
874	366	719	316
879	365	676	297
858	358	661	304
869	355	691	312
869	357	670	328
864	360	669	311
880	352	698	302
878	356	683	303
869	347	653	360
884	344	688	318
874	344	679	327
869	348	656	320
879	348	699	346
878	353	699	316
870	348	674	295
870	332	657	314
875	341	701	335
870	341	675	321
871	338	702	327
870	341	701	327
873	348	725	324
873	341	692	299
885	336	708	353
878	342	719	327
871	339	697	324
877	331	687	332
878	333	688	331
873	331	703	353
879	343	707	353
878	315	716	375
874	335	711	364
873	310	717	384
868	342	702	352
875	315	719	345
886	320	726	362
864	341	713	308
872	326	714	321
876	340	715	264
876	327	712	315
869	338	718	269
894	324	738	282
864	329	716	327
866	320	730	297
864	332	719	274
880	324	718	264
870	325	716	282
877	322	710	254
877	415	735	320
885	313	732	255
856	393	709	282
863	337	732	303
862	324	715	291
872	321	709	275
877	318	720	254
868	311	701	247
852	394	720	287
873	336	736	286
881	325	733	259
878	319	692	241
871	310	702	248
880	311	701	264
863	316	703	233
873	304	713	253
880	307	706	258
870	318	709	259
875	311	711	249
885	313	709	243
882	309	716	267
885	316	725	257
866	314	719	256
873	309	714	261
865	310	720	260
