988	448	44	53
987	448	46	51
989	449	46	50
989	448	46	50
990	449	47	49
992	447	46	50
992	449	46	49
993	448	45	49
994	447	45	50
996	447	44	49
996	446	45	50
998	447	45	49
999	446	44	49
1000	446	44	49
1001	445	44	50
1001	446	44	50
1002	443	44	51
1004	445	44	49
1005	442	43	51
1005	441	44	51
1005	441	43	51
1006	441	43	51
1006	440	43	52
1007	439	43	52
1007	439	43	51
1007	438	43	52
1008	438	43	51
1008	438	43	52
1008	436	44	53
1008	435	44	52
1008	434	44	53
1008	433	44	54
1007	432	45	53
1008	431	44	53
1009	431	44	53
1008	430	45	52
1007	429	45	53
1006	428	47	53
1007	427	47	54
1006	426	47	54
1009	425	45	53
1013	424	43	52
1014	424	42	53
1013	423	42	52
1014	422	42	53
1014	422	41	53
1014	421	42	52
1013	420	42	52
1015	420	42	51
1015	418	41	53
1015	417	41	53
1015	418	41	52
1015	417	41	52
1014	416	41	53
1013	415	42	53
1013	414	42	52
1016	414	41	52
1015	413	41	52
1016	412	40	52
1016	411	40	53
1014	410	41	51
1017	410	40	52
1017	409	40	52
1018	408	39	52
1015	407	40	52
1014	406	41	52
1017	406	40	52
1017	406	39	51
1017	406	40	50
1014	404	40	51
1014	403	41	52
1014	403	41	52
1014	402	41	53
1013	402	41	52
1012	402	41	53
1012	402	41	53
1012	402	41	50
1011	401	41	53
1012	405	40	51
1011	404	40	51
1011	403	41	52
1011	403	40	53
1010	403	40	53
1010	403	39	52
1010	403	39	52
1009	404	39	51
1010	405	38	52
1009	405	38	51
1009	405	38	52
1010	405	38	50
1008	404	38	50
1009	404	36	51
1009	404	36	51
1009	403	36	52
1009	402	36	54
1008	402	36	52
1007	401	35	52
1007	400	34	53
1006	399	35	52
1007	398	35	52
1004	398	35	51
1004	397	35	51
1003	395	35	51
1003	394	34	51
1003	391	34	54
1002	390	35	53
1002	388	34	54
1003	389	34	51
1002	385	33	54
1002	384	33	54
1001	384	33	53
999	383	34	54
999	382	34	52
999	381	33	53
998	378	33	54
998	378	33	53
998	377	33	52
997	375	32	56
996	374	33	56
995	372	33	56
994	372	33	56
993	370	33	57
991	369	34	56
991	368	33	58
990	367	33	56
989	367	33	58
987	367	35	57
986	367	34	57
986	367	33	55
984	367	33	55
983	367	33	55
982	367	33	56
984	367	30	55
983	367	29	54
982	369	29	53
980	368	31	55
981	368	28	54
977	368	31	54
974	370	32	54
976	370	29	54
975	369	28	54
975	372	27	54
975	370	26	56
973	372	26	54
973	372	26	55
972	372	26	56
971	372	26	55
969	378	25	49
968	380	26	47
967	381	25	46
964	382	27	45
964	381	26	44
963	381	26	46
962	374	26	55
961	373	26	55
959	373	27	55
957	381	27	46
957	375	26	55
957	375	26	55
955	374	27	57
955	375	26	55
954	375	27	56
953	375	27	56
952	375	27	57
951	375	29	54
951	376	28	56
950	375	29	57
949	376	29	56
950	376	29	58
949	376	29	57
949	375	30	58
947	376	32	56
947	377	32	56
947	376	31	56
947	378	33	54
948	376	32	56
948	377	32	56
948	375	33	56
947	377	34	55
947	379	34	53
946	381	35	51
947	376	34	55
947	380	35	52
946	380	36	52
948	382	34	50
948	376	34	54
947	380	35	50
945	383	37	49
949	377	34	54
949	380	34	51
947	376	35	54
947	377	36	54
948	374	36	58
948	376	36	55
947	379	37	52
949	375	36	56
947	378	37	52
949	375	37	56
948	377	39	54
948	379	39	53
948	381	39	51
949	376	40	54
948	379	40	52
949	380	40	53
949	375	40	54
949	377	40	54
951	378	40	55
950	382	41	53
951	376	41	56
951	379	41	54
952	380	41	55
954	381	40	54
955	376	39	58
956	378	39	57
959	378	37	57
959	382	37	54
960	384	37	52
960	379	37	55
961	381	37	55
963	384	36	52
961	379	38	54
964	383	36	52
964	380	36	54
965	384	36	51
966	381	37	54
966	382	36	54
967	382	37	53
968	384	37	51
969	382	37	52
970	385	37	51
969	379	38	55
971	376	37	56
972	378	37	55
972	378	38	56
973	379	38	56
974	379	38	56
974	379	38	56
975	380	38	56
976	380	38	55
976	381	39	55
977	381	39	56
979	381	39	56
979	381	39	54
980	381	40	55
981	382	39	54
982	381	40	56
983	381	40	56
983	381	39	57
984	380	40	58
985	380	41	60
987	380	41	63
989	380	40	62
989	381	40	62
991	380	41	62
992	381	41	62
994	381	40	62
994	381	42	62
996	381	41	62
997	383	41	61
999	382	41	61
999	382	42	63
1002	383	42	62
1003	384	43	61
1005	384	41	61
1005	390	43	55
1005	393	43	53
1006	393	43	53
1008	395	44	52
1009	395	44	52
1011	393	44	53
1012	395	45	51
1013	395	44	51
1015	394	46	52
1017	395	46	51
1017	396	45	51
1019	395	46	51
1020	395	46	51
1022	395	46	51
1024	395	45	52
1025	394	46	51
1026	394	46	50
1027	395	47	50
1030	394	46	49
1031	395	47	50
1032	395	46	51
1034	395	46	49
1034	396	47	50
1036	394	46	49
1037	395	47	48
1038	396	48	49
1040	396	47	48
1042	396	47	51
1043	395	47	50
1045	395	47	50
1047	395	47	51
1048	395	47	51
1049	395	48	51
1050	395	47	49
1052	396	47	48
1052	396	48	49
1054	395	48	50
1055	396	48	50
1056	396	48	49
1059	395	48	51
1060	397	49	52
1061	396	49	51
1062	397	49	53
1064	397	49	49
1064	398	49	52
1066	396	49	52
1065	396	50	54
1066	397	50	53
1068	396	50	52
1069	397	50	54
1070	397	51	55
1071	396	50	55
1071	397	50	55
1071	397	51	56
1072	396	50	56
1073	396	50	57
1073	396	51	57
1074	397	51	56
1074	398	51	56
1074	397	53	56
1075	398	52	55
1075	398	52	55
1076	399	53	55
1076	399	53	55
1077	399	53	54
1077	399	52	55
1077	401	51	53
1078	400	52	51
1078	401	52	51
1079	401	52	51
1079	401	52	51
1080	400	53	50
1080	401	53	48
1081	401	53	48
1081	402	52	48
1081	400	53	51
1081	401	55	56
1081	401	54	62
1080	401	55	67
1083	401	53	56
1082	402	56	66
1083	401	55	66
1082	401	55	68
1082	400	56	68
1082	402	56	66
1082	403	56	64
1082	401	57	67
1082	401	58	67
1083	401	58	66
1084	398	57	68
1085	403	58	65
1083	398	59	68
1085	404	60	64
1085	401	59	66
1086	402	59	66
1087	405	61	63
1088	403	60	62
1089	405	59	62
1089	403	59	61
1090	407	60	58
1091	405	59	57
1092	408	59	58
1093	405	59	57
1093	407	59	59
1093	405	58	58
1094	408	58	58
1095	406	59	61
1095	407	58	59
1096	407	57	60
1099	409	57	59
1099	409	57	59
1100	408	57	60
1100	408	57	60
1100	409	56	59
1101	410	56	58
1102	410	56	58
1103	409	55	59
1104	410	55	58
1106	409	55	58
1106	410	55	57
1107	408	54	58
1107	408	54	58
1109	411	53	55
1109	405	54	60
1110	407	54	58
1110	406	53	59
1111	409	54	56
1113	407	53	59
1113	408	53	59
1114	404	54	61
1113	410	53	57
1115	406	53	59
1114	411	53	56
1115	407	53	59
1115	414	54	53
1115	416	55	51
1116	415	55	52
1116	416	56	52
1116	416	56	52
1116	418	56	50
1117	416	56	52
1118	420	56	50
1116	417	57	51
1119	419	58	51
1116	417	58	52
1119	421	58	51
1117	418	58	51
1120	421	58	51
1118	419	58	51
1119	422	59	50
1119	420	58	50
1121	418	58	55
1120	414	56	58
1121	415	57	56
1120	416	58	56
1122	417	56	55
1122	414	56	58
1123	415	54	57
1124	414	55	59
1125	414	54	60
1125	413	54	61
1125	414	54	60
1126	414	54	60
1127	411	52	62
1127	411	53	62
1128	409	52	64
1128	409	53	65
1128	410	53	63
1129	409	53	64
1130	409	53	64
1130	408	53	65
1131	409	53	64
1131	406	53	66
1132	408	54	63
1133	408	53	64
1134	407	55	64
1134	406	55	65
1135	406	55	65
1136	406	55	64
1136	407	55	63
1138	404	55	65
1138	404	55	65
1138	404	55	66
1138	402	56	67
1138	403	56	67
1139	403	56	67
1137	421	58	52
1138	421	57	47
1139	422	56	46
1138	422	57	47
1139	423	57	47
1140	423	57	46
1140	423	57	44
1141	423	57	45
1141	423	57	44
1142	424	57	42
1141	424	57	42
1142	423	57	43
1142	424	56	44
1142	423	57	44
1143	423	57	44
1144	424	57	43
1144	424	57	43
1144	422	57	43
1143	422	57	43
1144	422	56	44
1144	422	56	45
1145	422	57	43
1144	423	57	41
1144	419	57	42
1144	421	58	41
1144	422	57	42
1143	421	57	43
1144	420	58	44
1144	419	56	43
1144	419	56	42
1144	419	56	44
1145	419	56	43
1145	419	56	43
1145	418	55	43
1145	418	54	43
1145	418	53	44
1144	418	55	46
1143	419	56	44
1142	419	56	46
1142	420	56	46
1141	422	55	42
1141	422	56	43
1140	424	56	40
1140	424	56	43
1139	426	57	40
1139	426	56	41
1139	427	55	41
1138	425	56	44
1137	427	57	42
1137	426	57	44
1136	427	57	43
1135	428	58	42
1135	429	59	41
1134	429	58	41
1133	428	59	43
1133	429	58	41
1133	429	58	42
1132	430	57	40
1131	429	58	42
1130	430	58	41
1131	430	57	42
1128	429	59	45
1131	430	56	42
1128	430	57	42
1128	430	57	41
1125	431	56	40
1124	430	57	39
1122	430	58	39
1122	430	57	41
1120	430	57	41
1118	430	57	40
1118	430	57	41
1115	431	58	41
1112	431	59	40
1115	430	56	43
1108	429	60	44
1108	430	59	43
1106	429	59	46
1103	428	61	47
1102	427	60	47
1100	428	61	45
1103	428	56	47
1111	428	49	44
1109	428	48	43
1108	428	48	44
1106	429	48	44
1105	430	50	43
1103	430	50	44
1102	431	49	40
1101	430	50	43
1101	431	49	43
1100	431	51	43
1098	433	52	40
1097	433	54	41
1096	434	55	40
1094	432	55	42
1094	433	55	42
1093	432	56	43
1091	432	58	45
1090	432	55	45
1088	434	52	44
1087	435	52	43
1087	435	51	42
1085	436	51	42
1085	435	50	43
1084	437	49	41
1083	436	49	42
1081	437	49	41
1080	436	50	43
1079	438	50	40
1080	438	48	40
1079	438	48	41
1078	439	48	41
1076	439	49	39
1075	440	48	38
1073	439	51	40
1073	440	49	42
1073	442	48	38
1072	440	47	34
1073	440	45	32
1074	441	43	31
1073	441	44	31
1072	442	43	30
1072	442	42	30
1073	442	42	30
1073	443	41	29
1071	444	44	39
1071	444	42	30
1071	443	39	31
1071	444	39	29
1069	444	41	29
1070	443	38	30
1069	443	40	31
1068	443	41	32
1069	444	37	31
1069	444	39	31
1067	444	41	31
1069	444	38	31
1067	444	39	34
1068	445	38	33
1069	445	38	31
1069	445	34	30
1069	445	35	31
1078	446	31	32
1069	445	32	29
1069	444	40	30
1069	444	40	31
1069	445	28	30
1071	445	26	29
1073	446	23	30
1083	457	17	31
1070	445	23	28
1070	445	24	29
1075	447	30	38
1079	442	30	45
1073	441	39	45
1083	439	36	50
1079	440	38	48
1083	439	36	49
1076	439	42	48
1076	438	43	50
1071	438	49	50
1071	439	50	51
1077	437	46	54
1077	435	44	50
1071	437	49	47
1074	436	45	47
1075	434	44	48
1077	434	42	48
1078	433	41	49
1078	432	42	50
1077	430	44	52
1078	430	43	51
1078	428	43	52
1085	427	36	55
1080	427	42	54
1087	425	39	58
1084	424	40	55
1094	423	34	61
1093	421	33	63
1084	422	45	61
1069	424	55	58
1083	420	48	66
1071	421	57	63
1074	421	54	62
1089	418	40	69
1092	416	36	68
1078	421	51	64
1089	423	40	66
1080	433	48	53
1066	433	63	56
1082	423	46	62
1089	436	40	57
1070	433	57	51
1071	433	58	56
1080	436	49	57
1078	433	51	58
1073	435	57	56
1067	433	62	57
1065	436	64	53
1066	434	64	54
1066	435	65	56
1064	437	65	57
1073	434	57	58
1080	436	50	60
1088	437	42	54
1087	438	42	52
1087	438	42	52
1087	439	42	54
1087	438	42	56
1084	431	44	62
1086	432	44	65
1084	433	46	61
1078	432	52	59
1085	434	45	61
1084	433	47	60
1080	436	51	60
1068	433	62	56
1068	434	63	61
1069	431	60	57
1079	434	50	62
1078	432	50	58
1077	431	51	63
1080	430	48	62
1078	431	50	64
1079	432	49	62
1079	432	47	61
1079	432	49	60
1079	432	49	61
1080	431	48	60
1079	430	50	60
1079	429	49	63
1079	429	50	61
1079	430	50	56
1078	428	51	58
1079	429	51	61
1077	428	53	58
1077	428	53	60
1077	428	53	58
1078	427	53	59
1076	426	55	58
1077	426	54	59
1077	426	55	57
1082	426	51	57
1079	424	54	59
1081	425	52	59
1086	424	51	60
1084	424	51	58
1087	425	50	58
1085	424	51	57
1085	423	52	61
1083	424	53	62
1084	424	54	58
1086	425	53	61
1086	425	55	61
1086	423	57	66
1086	423	57	63
1087	424	55	64
1087	424	56	65
1087	424	56	61
1086	423	61	63
1087	421	62	69
1088	420	61	65
1087	421	61	68
1088	421	61	65
1087	421	62	66
1088	422	62	67
1088	421	63	70
1090	421	61	72
1092	420	60	70
1093	420	58	72
1093	418	59	75
1091	420	61	75
1092	418	61	79
1092	419	62	77
1092	416	62	82
1092	414	63	83
1069	404	82	86
1067	405	84	88
1067	407	84	86
1067	407	85	86
1068	408	84	82
1066	409	86	84
1067	409	86	81
1067	409	84	86
1067	411	85	78
1064	410	88	83
1066	409	88	81
1064	410	88	84
1066	412	89	78
1066	411	89	79
1068	411	87	82
1069	412	87	79
1070	411	87	81
1070	411	86	80
1073	412	84	78
1070	414	87	78
1074	414	86	75
1073	417	86	76
1074	415	88	74
1075	415	88	75
1075	415	87	75
1076	416	87	76
1067	418	95	74
1076	419	90	71
1075	419	88	74
1077	419	87	74
1072	420	91	75
1077	419	87	76
1064	418	102	76
1069	421	98	74
1055	418	114	73
1073	420	95	76
1079	419	86	76
1066	420	101	76
1077	419	90	77
1080	419	85	77
1081	418	84	78
1084	418	81	78
1085	415	81	79
1085	416	81	80
1086	420	81	76
1085	418	83	78
1089	417	78	80
1089	417	79	80
1089	419	78	79
1089	416	78	83
1091	417	78	81
1093	419	77	80
1093	420	76	80
1094	421	76	79
1096	418	75	83
1097	422	74	81
1098	422	73	81
1098	425	73	82
1100	422	71	83
1104	426	68	84
1111	427	61	82
1116	427	57	83
1113	427	59	85
1118	427	55	86
1115	426	58	86
1118	426	56	87
1117	427	58	88
1118	428	57	87
1112	429	59	89
1112	428	56	82
1112	430	55	81
1113	431	51	77
1113	431	50	75
1112	431	50	76
1114	433	48	72
1115	433	46	69
1115	434	46	66
1114	435	46	65
1115	435	45	62
1114	436	45	61
1114	435	45	60
1114	436	44	58
1114	435	44	59
1106	436	50	61
1105	434	52	68
1104	436	50	66
1099	435	55	70
1098	436	55	71
1091	436	63	74
1085	437	69	78
1079	437	76	79
1078	438	75	76
1075	438	88	77
1078	437	79	78
1076	438	77	76
1073	438	80	76
1073	438	79	79
1071	438	81	79
1069	438	82	79
1072	437	77	77
1070	440	79	77
1070	439	77	76
1066	439	81	78
1071	438	76	78
1072	439	74	78
1067	440	78	77
1068	440	76	76
1064	439	80	79
1068	439	75	79
1069	439	75	78
1064	438	78	80
1067	439	75	78
1064	439	78	79
1065	439	77	77
1063	438	79	79
1066	438	75	80
1064	437	79	80
1066	438	77	79
1067	436	76	78
1066	438	77	77
1069	436	75	77
1068	437	77	75
1070	437	75	78
1072	435	74	79
1073	435	73	78
1071	435	76	78
1071	435	76	76
1074	436	74	79
1074	435	73	76
1072	437	76	76
1072	437	76	75
1072	438	77	74
1071	437	78	73
1074	437	75	75
1070	438	79	72
1075	437	74	75
1071	438	79	77
1072	436	79	78
1075	438	76	76
1073	437	79	74
1074	439	78	73
1076	438	76	73
1075	438	77	73
1078	439	74	73
1079	437	75	73
1080	439	73	70
1079	438	75	71
1081	436	73	72
1081	439	74	70
1084	434	72	73
1084	438	73	70
1085	436	72	71
1085	435	72	72
1086	437	72	71
1086	436	73	73
1086	434	73	74
1087	436	73	73
1086	435	73	74
1086	438	74	72
1086	436	73	72
1086	433	73	74
1086	433	73	75
1086	440	74	70
1085	435	73	74
1087	439	73	70
1083	432	76	77
1086	437	74	73
1087	430	73	79
1089	427	72	83
1095	427	67	83
1116	431	45	78
1119	432	42	76
1120	434	42	73
1120	435	41	73
1121	434	42	74
1121	434	41	73
1121	435	41	72
1121	434	41	75
1121	434	41	73
1121	433	41	75
1121	433	41	76
1121	436	40	73
1121	433	40	75
1121	435	41	75
1121	434	40	75
1122	434	40	74
1122	434	39	74
1122	434	40	74
1122	432	39	75
1122	434	38	74
1122	433	39	74
1122	437	38	70
1122	435	38	72
1122	433	38	75
1121	432	38	75
1121	432	38	76
1121	432	37	73
1120	432	37	75
1120	431	38	74
1120	434	38	74
1120	431	38	73
1120	433	37	75
1120	433	38	74
1120	432	38	75
1119	432	39	75
1118	432	39	74
1120	432	37	75
1121	431	35	75
1122	432	35	75
1121	431	35	75
1121	433	34	75
1120	431	35	76
1120	431	34	76
1120	431	35	76
1120	431	34	77
1120	431	34	77
1120	431	34	76
1120	431	34	76
1119	432	34	76
1119	432	33	76
1119	432	34	76
1119	432	33	76
1118	432	34	76
1118	431	34	77
1118	430	34	78
1119	430	32	77
1116	430	35	76
1118	430	33	76
1117	430	33	75
1117	429	34	76
1117	430	34	75
1115	430	35	74
1116	429	35	76
1115	430	35	74
1114	431	36	73
1113	429	37	72
1113	430	36	73
1112	431	36	70
1122	437	27	67
1127	440	21	66
1128	442	20	64
1127	441	21	64
1127	442	21	64
1127	440	20	67
1127	439	21	67
1128	437	20	70
1127	438	20	68
1127	440	20	66
1127	440	20	67
1126	442	21	65
1127	440	20	66
1127	439	20	67
1127	437	20	69
1128	439	19	68
1129	447	16	59
1127	448	21	57
1128	452	18	54
1129	451	18	55
1128	452	18	53
1128	451	20	54
1130	453	16	53
1129	453	19	54
1130	453	18	53
1131	449	18	57
1129	451	20	57
1131	451	20	57
1131	450	22	57
1131	450	21	58
1132	451	20	57
1132	451	20	56
1134	451	17	57
1133	449	21	59
1135	451	18	57
1134	451	21	56
1134	451	19	57
1137	450	16	58
1137	451	17	56
1138	451	16	57
1138	451	18	57
1138	449	19	60
1140	449	18	59
1137	450	21	58
1140	449	17	62
1139	449	18	60
1141	449	17	60
1142	449	16	61
1142	449	16	61
1142	449	18	63
1142	449	18	62
1143	449	16	62
1143	450	17	61
1144	452	17	60
1145	450	15	61
1144	450	17	61
1145	451	18	60
1145	450	20	60
1143	451	24	59
1141	451	26	56
1145	438	40	60
1143	438	46	74
1145	435	45	75
1145	436	47	76
1146	437	47	75
1147	436	47	76
1148	437	47	77
1148	435	49	78
1148	436	50	76
1150	438	51	75
1150	438	50	75
1151	437	51	76
1150	439	54	77
1152	436	49	78
1154	440	53	74
1152	434	50	78
1155	440	55	79
1156	435	56	82
1155	439	59	80
1158	437	61	81
1157	436	49	81
1160	434	43	80
1158	433	38	78
1159	432	35	72
1160	437	35	69
1159	441	36	67
1160	443	38	63
1161	456	38	62
1163	447	37	63
1162	458	39	57
1162	455	38	59
1163	438	38	72
1163	444	40	72
1165	426	37	82
1165	426	37	82
1166	425	37	82
1167	426	37	82
1168	425	35	80
1169	431	36	75
1169	433	36	72
1171	436	35	69
1171	439	36	66
1170	437	38	66
1172	436	36	67
1173	433	35	69
1174	422	33	77
1175	423	34	78
1175	423	34	79
1176	422	34	78
1177	421	33	75
1177	422	33	75
1177	423	34	74
1178	422	34	75
1179	422	34	75
1179	422	35	75
1180	421	33	76
1180	421	34	77
1182	420	33	73
1183	420	33	77
1183	421	33	74
1183	421	35	74
1184	420	34	74
1183	419	36	77
1184	420	36	78
1183	419	38	78
1182	418	38	77
1180	418	42	80
1175	417	47	81
1184	419	41	76
1181	419	43	80
1177	420	47	81
1187	419	40	75
1185	418	42	80
1180	420	47	83
1188	421	54	80
1189	420	51	78
1191	420	40	78
1191	423	41	78
1192	422	42	78
1191	424	44	81
1193	423	43	81
1195	424	42	78
1196	422	40	79
1196	424	41	78
1197	422	40	80
1197	425	40	79
1199	423	38	80
1199	426	39	80
1199	426	40	80
1199	427	39	79
1199	426	40	79
1200	425	39	79
1200	430	41	78
1200	428	42	79
1200	430	43	80
1200	430	42	79
1200	431	43	79
1197	431	45	79
1199	431	44	79
1195	429	48	81
1198	432	46	79
1195	432	49	80
1196	432	47	80
1196	434	48	80
1196	433	48	79
1196	435	48	80
1196	433	48	80
1196	434	48	80
1196	434	49	80
1197	436	48	79
1197	434	48	81
1198	437	47	78
1197	437	48	79
1198	437	47	79
1198	437	47	79
1197	438	46	78
1196	438	47	78
1197	439	47	78
1197	440	46	78
1197	441	47	77
1198	444	46	76
1199	442	45	77
1198	443	46	76
1199	444	45	76
1199	444	45	76
1202	444	43	75
1203	444	42	76
1204	444	41	76
1205	445	40	75
1205	444	41	78
1205	444	41	77
1205	445	41	77
1205	445	42	76
1202	446	45	77
1202	446	46	77
1203	446	45	78
1203	447	45	77
1204	447	44	77
1203	448	46	77
1204	448	45	77
1205	450	44	77
1205	451	44	76
1204	452	44	77
1202	449	46	79
1203	452	46	77
1204	453	45	76
1204	454	45	78
1203	454	46	79
1204	455	46	78
1204	454	45	78
1204	455	45	78
1204	456	45	78
1204	456	46	77
1203	457	46	77
1204	457	45	77
1205	459	45	77
1204	458	47	81
1203	458	48	82
1203	458	49	82
1204	459	49	82
1204	459	49	83
1203	461	50	83
1202	461	52	84
1202	462	52	82
1203	463	52	83
1202	463	54	83
1203	463	53	83
1203	463	53	83
1203	464	53	83
1204	465	52	85
1203	466	54	84
1203	466	54	84
1204	467	54	84
1204	465	54	85
1204	466	54	84
1205	466	54	85
1204	466	54	86
1204	467	55	85
1204	467	55	86
1204	468	54	84
1203	468	56	84
1202	469	56	86
1202	469	55	86
1202	469	55	86
1201	471	56	85
1200	471	56	84
1200	471	57	84
1200	471	56	85
1199	471	57	84
1197	472	59	84
1196	472	61	83
1195	473	61	83
1195	474	60	83
1194	473	61	82
1193	473	62	82
1192	474	62	83
1191	474	64	82
1190	474	66	83
1189	472	66	82
1189	474	67	82
1188	473	70	82
1188	473	70	81
1188	472	71	82
1188	471	72	83
1187	471	74	82
1188	472	74	83
1189	473	73	82
1189	473	74	82
1188	474	75	85
1187	473	77	84
1178	474	85	87
1189	473	72	83
1186	474	74	84
1178	473	76	86
1187	474	78	85
1187	474	77	85
1188	473	74	84
1181	474	72	86
1176	473	76	89
1182	475	71	85
1173	471	78	92
1177	473	73	87
1181	473	72	85
1175	473	75	88
1180	474	74	87
1181	474	72	84
1180	474	74	86
1181	474	74	85
1182	474	75	86
1184	475	72	86
1184	472	73	86
1183	474	70	85
1183	474	72	86
1184	472	71	87
1183	471	71	87
1183	471	71	88
1184	472	70	88
1184	471	70	87
1183	470	70	88
1183	470	70	88
1184	471	71	87
1185	472	68	87
1184	469	71	88
1183	470	71	89
1184	471	68	88
1185	470	68	87
1185	471	68	87
1183	469	69	87
1187	473	69	86
1184	470	69	86
1185	470	68	85
1184	468	67	86
1188	472	67	85
1188	470	64	85
1188	469	63	85
1190	470	61	82
1188	468	64	86
1190	471	63	84
1188	468	64	84
1191	471	64	84
1190	469	66	85
1190	469	65	85
1190	468	65	86
1192	469	65	84
1191	468	64	84
1191	468	65	85
1192	465	65	85
1192	465	64	85
1191	464	65	86
1193	463	64	85
1191	461	64	84
1193	462	65	84
1193	462	63	85
1193	462	64	85
1195	461	63	86
1194	461	63	85
1194	461	65	86
1194	460	64	86
1193	459	65	86
1192	459	68	87
1193	459	67	86
1192	458	69	86
1193	458	68	85
1189	455	69	87
1190	456	70	86
1188	454	70	88
1187	451	75	90
1188	451	75	90
1188	451	75	90
1187	450	75	90
1188	450	74	90
1188	449	75	90
1189	451	74	89
1189	451	75	89
1190	450	75	89
1188	450	77	90
1187	448	77	90
1189	448	77	91
1188	449	78	89
1188	447	79	91
1189	450	75	89
1190	451	76	88
1190	453	76	86
1190	453	75	86
1190	454	75	85
1190	454	74	85
1190	454	74	85
1192	454	73	85
1191	455	73	84
1192	454	71	85
1192	452	71	85
1191	452	70	85
1191	452	70	86
1191	450	70	86
1191	451	69	85
1191	451	69	86
1190	451	70	86
1190	449	68	87
1189	448	69	88
1190	448	68	89
1189	447	69	88
1190	447	68	88
1189	446	68	88
1189	446	67	88
1189	445	66	89
1188	444	66	88
1188	445	68	89
1188	444	68	88
1188	443	67	88
1188	444	67	89
1187	442	69	88
1187	442	67	90
1187	442	68	90
1188	441	69	91
1188	443	71	89
1188	443	71	88
1188	442	70	90
1187	442	72	91
1187	442	75	90
1186	442	74	90
1186	442	76	92
1186	441	77	92
1187	442	76	92
1185	441	78	92
1185	441	76	93
1185	442	75	92
1184	441	77	93
1184	445	78	89
1183	441	80	93
1183	444	76	90
1183	443	73	91
1183	442	78	93
1183	445	71	91
1183	444	75	92
1183	443	72	93
1183	444	75	94
1182	443	72	93
1182	443	71	95
1182	442	71	96
1182	442	71	95
1183	443	71	95
1183	442	72	96
1182	442	72	97
1183	443	72	95
1183	442	72	96
1184	442	71	96
1183	442	71	96
1183	442	72	97
1184	442	71	97
1183	441	72	97
1185	442	70	97
1185	442	71	97
1185	442	71	97
1185	443	71	96
1186	442	69	97
1186	441	70	98
1186	441	69	98
1186	440	70	99
1186	440	70	100
1186	440	69	99
1187	440	68	99
1187	439	69	99
1187	439	69	100
1187	438	68	100
1187	439	68	99
1186	438	69	101
1187	439	69	100
1186	436	69	104
1187	436	68	105
1186	435	69	106
1187	435	68	105
1186	436	70	105
1186	436	70	105
1187	436	70	105
1186	435	70	105
1187	435	70	106
1186	435	70	107
1188	435	70	108
1187	434	70	108
1188	434	69	110
1189	435	70	109
1188	433	70	111
1189	437	70	106
1190	435	69	109
1192	442	70	101
1191	434	71	111
1191	436	71	109
1191	434	71	110
1193	433	70	112
1194	432	69	114
1195	434	69	112
1195	430	69	113
1196	432	69	113
1197	433	69	113
1198	437	69	109
1197	432	68	114
1198	437	70	108
1198	432	69	114
1198	435	70	111
1199	436	69	111
1199	433	69	114
1199	436	71	111
1199	435	70	113
1199	437	71	110
1199	433	70	113
1199	436	70	111
1199	436	70	111
1199	435	71	110
1199	436	71	109
1199	436	72	109
1198	437	72	108
1198	436	74	109
1198	437	72	108
1197	437	75	108
1198	436	73	109
1198	437	76	108
1197	437	74	105
1197	437	77	109
1198	436	75	105
1198	437	75	110
1198	438	74	105
1198	439	74	106
1200	439	72	105
1200	439	72	105
1200	438	72	105
1200	439	72	104
1200	439	73	105
1200	439	72	104
1200	439	72	106
1201	438	71	104
1202	439	70	107
1201	438	70	103
1201	437	71	108
1201	437	70	103
1200	437	71	106
1200	437	72	103
1199	436	72	104
1199	435	70	106
1199	435	71	104
1198	435	71	105
1198	434	70	103
1197	434	71	107
1196	433	71	106
1196	433	71	104
1195	433	70	106
1194	434	70	104
1194	432	70	107
1193	433	70	106
1193	432	69	107
1191	432	71	108
1190	431	71	110
1190	431	71	108
1190	431	71	110
1189	430	72	110
1189	430	70	109
1188	430	70	109
1189	429	71	110
1187	428	71	110
1187	427	71	112
1187	427	72	111
1187	426	71	111
1187	426	72	111
1186	426	72	111
1186	426	72	112
1186	425	73	111
1187	423	71	111
1185	423	73	114
1187	422	70	112
1185	421	74	112
1187	420	72	114
1187	420	73	113
1187	419	73	114
1188	418	72	115
1188	418	73	113
1189	417	73	113
1189	417	73	115
1191	416	72	115
1190	417	72	115
1191	416	73	115
1192	416	72	114
1193	415	71	115
1193	415	71	114
1193	414	71	113
1194	413	71	113
1194	414	71	114
1194	412	71	115
1194	413	72	114
1194	413	72	113
1193	413	74	112
1193	414	74	113
1194	412	72	115
1193	413	74	114
1194	413	74	114
1194	411	72	115
1193	412	74	113
1195	411	72	113
1194	411	73	113
1195	409	72	115
1195	409	71	114
1195	409	71	112
1195	408	72	113
1195	405	71	114
1194	406	72	114
1195	407	71	114
1195	405	71	115
1194	407	72	112
1195	403	70	116
1194	405	71	114
1194	403	72	116
1194	403	71	116
1194	400	71	116
1193	401	73	115
1193	402	72	116
1194	401	71	116
1195	402	71	115
1193	401	71	116
1194	402	71	114
1193	401	72	116
1195	398	71	116
1194	399	72	115
1193	398	73	116
1194	399	72	116
1195	399	71	116
1194	399	72	116
1194	397	70	115
1194	398	72	114
1194	398	73	114
1193	397	73	114
1194	398	74	113
1194	398	73	112
1193	398	75	112
1194	398	74	113
1193	397	75	113
1194	398	75	112
1193	396	75	114
1193	396	74	114
1194	397	73	113
1194	394	74	115
1194	396	74	113
1195	394	74	115
1194	396	74	114
1194	396	75	113
1194	394	73	115
1193	395	74	114
1193	394	74	114
1192	394	76	114
1192	395	76	114
1192	393	75	114
1191	394	77	113
1191	392	76	114
1190	394	77	113
1190	393	77	112
1190	393	77	114
1191	395	76	112
1190	392	76	113
1189	394	78	113
1189	392	76	113
1187	392	77	113
1187	390	77	114
1186	390	79	115
1185	391	79	114
1184	390	79	115
1185	390	79	115
1185	390	78	115
1185	390	79	115
1185	390	77	116
1184	389	78	115
1183	389	79	115
1184	391	79	114
1183	390	80	114
1182	389	80	115
1183	389	79	116
1182	389	78	115
1181	389	78	115
1181	389	77	114
1180	390	77	113
1180	390	76	113
1179	391	76	111
1179	390	76	113
1178	390	76	112
1178	390	77	113
1177	390	77	112
1178	390	75	113
1176	389	76	114
1175	389	75	114
1176	390	74	116
1175	389	75	114
1175	390	74	117
1172	388	75	115
1172	389	75	119
1172	389	75	116
1172	389	75	117
1172	389	75	118
1171	387	75	116
1171	388	76	118
1170	387	76	116
1172	387	74	119
1171	387	75	119
1170	385	75	121
1169	386	76	120
1169	387	76	119
1169	384	76	121
1169	386	77	121
1169	383	77	120
1169	385	77	120
1168	384	77	119
1168	384	78	119
1168	384	79	120
1167	384	79	120
1168	385	78	118
1158	383	87	122
1158	384	90	122
1158	384	88	119
1159	384	88	121
1161	382	84	119
1163	384	84	120
1160	382	85	123
1161	390	85	114
1163	383	84	119
1157	406	86	97
1161	408	81	92
1155	409	87	92
1158	409	84	90
1149	410	91	92
1154	409	88	90
1149	408	90	94
1153	408	89	91
1148	409	92	95
1150	407	91	93
1151	408	88	94
1152	405	88	94
1145	408	94	96
1148	406	93	93
1151	407	89	93
1144	407	93	94
1148	408	92	92
1151	407	87	93
1144	408	92	94
1146	407	95	95
1149	406	91	95
1152	407	87	94
1146	407	91	96
1149	407	90	96
1153	407	86	96
1159	409	81	94
1147	407	91	97
1150	407	87	97
1150	407	88	97
1151	406	87	98
1153	407	85	97
1156	407	82	97
1148	406	89	99
1150	408	89	97
1152	407	87	97
1151	407	86	97
1151	407	87	96
1145	408	91	96
1149	406	89	97
1150	407	88	97
1151	407	88	98
1149	408	90	98
1151	408	89	97
1154	408	86	97
1145	406	92	101
1149	407	90	100
1152	408	88	100
1155	408	85	101
1157	408	83	100
1146	409	93	103
1151	407	87	104
1155	411	86	101
1159	413	82	101
1148	411	92	103
1153	413	87	101
1157	414	83	102
1147	412	90	104
1150	413	89	102
1154	415	86	101
1153	415	85	102
1160	419	81	96
1151	417	88	100
1157	416	85	95
1148	417	93	99
1155	415	86	96
1158	418	84	93
1149	418	92	94
1155	418	87	93
1149	417	91	95
1156	419	88	90
1150	420	93	91
1161	421	83	87
1159	423	84	88
1158	425	85	87
1158	425	86	85
1154	425	89	85
1162	425	85	84
1160	426	86	86
1157	427	88	83
1151	427	92	86
1161	427	84	83
1158	426	85	85
1152	427	88	87
1160	428	84	83
1154	428	88	86
1159	427	83	83
1156	427	86	86
1152	427	88	86
1160	428	82	83
1157	428	83	85
1154	427	85	90
1157	428	81	85
1151	427	86	88
1156	428	81	85
1150	428	87	89
1156	428	82	85
1151	427	85	88
1155	428	83	85
1152	427	82	88
1153	427	82	86
1150	427	84	86
1149	427	82	88
1150	427	83	89
1149	427	83	89
1147	427	84	90
1145	426	83	89
1148	428	82	89
1144	425	85	91
1141	426	84	91
1141	426	83	89
1143	426	82	90
1145	427	82	90
1145	427	84	89
1142	427	84	89
1140	427	84	91
1139	427	84	92
1143	428	83	90
1139	428	86	90
1141	428	85	90
1139	427	86	91
1140	428	84	91
1140	428	85	91
1138	428	86	91
1138	428	86	90
1138	429	86	91
1137	429	86	90
1138	429	86	90
1135	429	86	91
1137	430	86	90
1134	430	88	91
1134	430	88	90
1134	430	87	89
1133	430	87	91
1133	430	86	90
1133	430	87	90
1132	430	88	92
1133	431	86	90
1131	430	89	91
1132	430	88	91
1129	430	91	91
1128	429	90	92
1129	430	90	92
1129	429	90	93
1127	429	92	91
1125	430	92	93
1120	426	94	92
1122	428	92	94
1121	425	90	94
1126	428	90	93
1126	428	92	93
1122	427	93	93
1125	428	93	92
1122	428	93	91
1126	428	90	92
1124	428	93	91
1124	429	92	89
1124	428	92	90
1122	428	93	89
1122	428	93	89
1123	427	93	88
1121	427	94	89
1122	427	93	88
1119	426	94	90
1117	424	92	91
1123	426	90	91
1121	426	91	92
1120	426	90	91
1121	426	90	90
1120	426	91	90
1119	425	91	91
1119	426	92	91
1119	425	91	91
1119	424	91	92
1119	424	92	91
1119	424	90	93
1119	423	91	93
1119	423	91	92
1118	422	91	93
1118	421	91	93
1118	420	89	94
1118	421	89	92
1118	420	90	92
1117	420	89	94
1118	419	89	93
1117	419	89	96
1116	417	90	97
1115	418	90	95
1115	417	89	94
1115	418	88	94
1114	416	89	95
1112	416	90	95
1111	416	91	95
1110	415	91	94
1109	415	92	95
1110	414	90	96
1109	414	91	95
1109	414	90	95
1108	414	92	95
1107	413	90	96
1108	413	91	97
1106	413	91	97
1106	412	91	96
1105	412	90	98
1107	411	90	97
1104	411	90	98
1106	409	90	97
1103	410	92	96
1105	408	90	96
1101	409	93	99
1103	407	93	98
1101	408	93	100
1102	407	92	100
1102	407	91	100
1101	406	92	101
1101	406	92	104
1100	405	94	103
1100	405	92	104
1100	403	94	103
1099	403	92	104
1098	401	95	105
1098	401	93	104
1097	401	95	104
1096	400	96	105
1096	398	95	106
1097	398	95	106
1095	397	96	106
1095	397	96	107
1095	395	95	108
1094	394	96	107
1093	393	97	107
1094	392	97	105
1093	391	97	106
1093	390	96	106
1094	389	95	106
1094	389	96	106
1093	388	96	107
1094	388	96	106
1094	386	97	107
1093	386	95	107
1093	385	95	108
1093	385	95	107
1092	384	96	107
1093	383	96	108
1093	383	97	109
1092	382	97	109
1093	382	95	109
1091	381	96	110
1092	380	95	109
1092	379	95	110
1092	379	95	109
1091	378	94	109
1091	379	96	110
1091	379	95	108
1090	378	96	110
1089	376	96	110
1089	377	98	111
1090	376	96	111
1090	376	96	110
1089	374	97	110
1088	374	98	109
1089	375	97	107
1088	373	97	108
1089	373	95	111
1089	372	95	109
1090	372	94	109
1090	371	94	111
1089	372	95	108
1089	369	95	111
1088	369	97	111
1088	369	98	112
1086	368	98	112
1087	367	98	111
1089	367	97	111
1087	366	97	113
1087	365	98	111
1088	366	97	111
1087	363	98	112
1087	364	99	110
1085	363	100	110
1085	364	100	110
1085	361	100	113
1085	363	100	111
1084	361	100	111
1084	360	99	109
1084	360	99	111
1084	359	100	110
1084	357	101	110
1084	358	102	110
1085	358	100	110
1085	356	99	111
1086	355	100	111
1085	354	100	111
1085	354	101	111
1086	352	100	112
1087	352	99	109
1087	351	99	108
1087	350	98	109
1087	349	100	109
1087	349	97	109
1087	348	97	109
1087	348	98	108
1086	346	98	109
1086	345	98	110
1086	344	97	110
1086	342	97	110
1085	341	99	110
1085	340	99	111
1086	339	99	111
1086	337	97	112
1085	335	100	112
1084	336	100	112
1085	333	100	114
1084	332	100	115
1083	331	102	116
1082	331	103	118
1082	330	102	116
1083	327	102	119
1081	327	103	119
1082	326	103	119
1083	322	101	120
1083	319	101	122
1083	321	101	119
1082	316	102	123
1084	319	102	121
1082	316	103	120
1084	321	101	118
1084	316	100	119
1084	316	102	118
1085	314	103	121
1086	311	102	124
1085	310	102	123
1085	309	102	125
1085	308	102	126
1085	307	102	126
1086	305	102	126
1087	308	102	124
1086	306	101	125
1087	307	102	125
1086	302	102	128
1087	307	101	124
1087	302	101	126
1087	303	102	126
1087	305	102	125
1087	300	99	128
1087	302	101	127
1086	301	102	128
1086	303	101	125
1086	302	101	124
1086	302	101	124
1086	302	100	122
1087	302	100	123
1088	301	100	125
1087	304	100	120
1087	301	99	122
1087	303	100	122
1087	304	102	122
1088	302	100	123
1087	303	101	122
1089	303	100	122
1088	303	102	124
1089	302	101	123
1089	304	100	122
1089	304	102	121
1090	304	100	121
1089	302	100	121
1090	303	103	122
1091	302	102	121
1091	302	102	121
1092	303	101	120
1091	302	103	122
1091	302	104	122
1091	302	105	123
1090	304	104	123
1091	304	105	121
1091	304	107	122
1092	305	104	120
1092	304	104	120
1093	305	104	121
1093	303	104	120
1094	302	105	119
1094	303	105	123
1093	299	105	122
1094	301	106	122
1094	301	104	121
1095	303	103	119
1095	303	105	120
1094	301	104	120
1095	302	102	118
1095	304	104	117
1095	304	104	116
1095	302	105	119
1095	302	103	116
1095	302	106	121
1096	302	106	120
1094	304	108	120
1095	304	108	114
1095	302	108	119
1095	298	108	125
1096	303	107	121
1097	305	107	115
1097	304	108	116
1097	305	107	117
1096	306	110	115
1097	306	106	116
1097	304	109	114
1098	307	108	120
1099	307	107	117
1099	306	109	115
1099	305	109	116
1099	309	110	116
1100	310	111	118
1099	311	108	110
1100	311	110	114
1102	310	107	111
1099	314	111	113
1101	310	107	114
1101	311	108	111
1101	312	109	111
1101	312	109	111
1101	312	110	113
1101	311	109	114
1101	312	108	113
1101	310	109	114
1101	313	110	114
1102	311	108	115
1102	311	108	116
1101	312	109	116
1101	312	109	118
1102	311	109	117
1101	311	108	123
1103	311	106	123
1102	314	107	117
1103	314	107	117
1103	315	107	116
1104	315	106	117
1103	317	105	116
1103	317	106	116
1102	317	107	116
1102	315	107	116
1102	315	107	117
1102	314	107	118
1102	313	108	117
1102	313	107	119
1102	313	107	119
1103	313	106	120
1103	313	105	118
1102	313	104	119
1103	314	102	115
1102	313	102	118
1102	313	103	116
1102	313	101	118
1103	313	102	117
1102	312	103	118
1102	313	102	117
1103	311	101	119
1102	313	100	118
1103	312	99	118
1104	315	96	119
1104	315	95	117
1104	315	95	116
1104	315	96	116
1104	314	94	117
1104	315	95	118
1105	316	93	116
1104	317	95	118
1105	317	94	115
1103	318	94	116
1103	315	94	119
1102	317	97	119
1102	315	96	119
1101	316	96	120
1101	315	97	121
1102	316	95	121
1100	317	95	123
1100	317	94	123
1100	317	95	126
1100	316	94	128
1100	317	95	126
1100	318	95	124
1100	317	94	122
1101	320	94	121
1100	318	95	124
1100	320	95	122
1100	320	94	122
1100	320	95	122
1099	320	95	121
1100	319	96	123
1101	319	94	123
1100	320	94	122
1100	319	95	122
1099	319	95	122
1099	318	96	122
1098	318	97	124
1098	318	96	122
1097	315	98	123
1096	313	98	128
1096	314	99	125
1096	313	99	123
1096	313	99	122
1095	313	101	126
1096	310	100	129
1094	313	103	128
1094	313	101	129
1093	312	101	128
1093	311	103	128
1089	308	103	137
1090	309	103	139
1090	311	104	136
1091	312	101	136
1091	312	103	135
1091	312	101	133
1090	312	103	131
1092	313	103	132
1091	312	102	131
1090	314	102	128
1090	312	101	129
1089	311	103	129
1089	311	105	131
1084	309	106	129
1091	310	103	129
1087	310	107	129
1082	306	107	130
1082	305	106	129
1082	307	106	127
1089	311	103	127
1083	308	105	130
1083	307	105	127
1085	308	106	128
1085	307	101	128
1089	310	104	128
1088	310	101	125
1088	310	100	124
1087	309	102	125
1091	310	102	127
1090	310	101	129
1084	309	103	126
1085	310	104	124
1089	310	101	127
1087	309	103	129
1089	311	102	128
1082	308	106	125
1087	310	105	127
1084	307	105	128
1083	311	106	127
1086	309	106	128
1087	312	107	127
1080	306	110	130
1085	314	108	127
1085	314	109	124
1084	313	109	127
1083	311	107	126
1081	314	110	126
1084	316	108	123
1086	315	107	124
1084	315	107	125
1085	316	107	124
1083	316	109	123
1083	317	111	123
1081	320	114	120
1083	319	114	122
1082	320	112	123
1084	322	112	122
1083	322	114	122
1084	324	112	122
1083	324	114	122
1084	326	114	121
1085	326	111	122
1083	326	114	121
1085	327	112	120
1084	328	113	119
1087	330	114	119
1084	330	116	120
1086	330	114	120
1083	332	118	119
1085	333	115	120
1085	334	116	119
1086	335	116	119
1085	334	118	120
1086	335	117	119
1086	334	116	120
1085	335	114	120
1086	336	117	119
1084	336	116	119
1087	335	113	121
1085	337	113	119
1085	339	111	119
1084	339	112	118
1084	340	114	118
1083	341	111	119
1083	341	115	120
1084	341	110	120
1084	343	113	119
1082	343	113	120
1083	345	113	120
1079	345	114	121
1081	347	113	120
1081	346	111	122
1079	348	116	122
1079	348	112	122
1077	347	108	123
1074	349	113	124
1077	350	109	124
1076	350	112	126
1074	351	111	125
1073	352	111	125
1072	352	112	126
1073	352	111	126
1070	353	111	126
1069	355	110	126
1070	356	106	125
1069	358	106	123
1067	359	107	124
1067	361	106	122
1065	361	106	123
1064	363	105	121
1061	363	107	121
1064	363	104	123
1061	367	107	121
1061	369	106	120
1060	368	106	122
1058	368	107	123
1057	369	107	123
1056	371	108	123
1057	370	107	123
1056	371	107	124
1056	373	105	122
1056	375	106	121
1054	376	106	121
1055	375	104	121
1055	376	102	122
1054	377	102	122
1054	378	103	120
1053	378	104	121
1053	378	103	121
1054	377	103	120
1052	378	103	121
1053	379	103	121
1051	376	103	121
1051	377	104	121
1051	376	105	122
1050	379	104	119
1048	377	106	119
1050	377	104	119
1048	376	106	121
1050	376	104	121
1047	378	107	120
1048	376	106	120
1047	376	108	121
1048	376	106	121
1046	377	109	121
1048	378	107	120
1043	378	112	121
1051	378	108	121
1043	381	114	120
1047	379	109	118
1039	380	117	121
1047	380	114	119
1039	382	119	122
1044	380	118	119
1036	381	120	122
1040	381	118	123
1044	381	118	120
1038	380	119	122
1045	380	117	120
1039	381	118	121
1046	381	115	118
1038	381	121	121
1046	382	119	118
1037	382	122	121
1048	384	119	119
1041	383	122	117
1048	381	118	121
1041	382	121	121
1048	382	117	118
1041	383	121	120
1048	382	120	118
1048	380	116	120
1050	380	116	122
1044	382	119	120
1050	381	119	119
1044	381	118	121
1047	381	115	120
1047	380	115	121
1052	380	115	120
1044	381	120	120
1053	380	114	119
1044	382	121	119
1046	380	119	120
1051	380	115	120
1048	381	115	121
1047	383	118	122
1047	383	116	119
1054	381	114	118
1055	380	112	118
1051	381	115	119
1055	379	112	118
1054	379	112	119
1056	378	113	120
1055	378	115	119
1056	378	114	117
1052	378	115	119
1059	377	112	119
1057	377	112	120
1056	376	115	119
1057	376	113	118
1057	374	115	120
1056	374	116	118
1057	375	116	118
1053	373	117	117
1060	372	112	117
1060	373	114	118
1054	372	117	117
1060	371	113	119
1052	370	119	118
1058	370	117	120
1051	371	122	119
1061	370	119	119
1054	368	123	121
1055	368	124	122
1057	368	121	123
1058	366	121	121
1054	367	126	121
1058	366	122	119
1054	365	126	123
1059	363	123	122
1060	363	121	121
1058	362	124	121
1058	362	123	121
1059	362	122	123
1060	363	121	123
1062	362	119	123
1060	362	122	123
1060	362	121	124
1052	362	126	125
1062	362	120	126
1064	363	119	126
1061	363	121	126
1059	362	124	128
1055	362	126	128
1064	363	120	127
1056	363	126	130
1065	362	120	130
1058	362	127	132
1064	364	122	127
1055	362	127	131
1063	362	122	129
1053	363	132	132
1061	361	124	131
1055	363	128	132
1065	362	120	131
1053	362	130	133
1061	362	125	131
1063	361	124	130
1062	361	127	131
1052	362	132	132
1053	361	126	134
1063	360	123	133
1064	361	126	132
1053	360	132	135
1063	358	125	134
1057	359	131	133
1064	359	125	135
1050	360	136	134
1063	358	125	133
1053	359	134	134
1062	358	129	133
1054	355	133	134
1061	357	131	135
1060	358	132	132
1062	357	130	133
1055	355	136	133
1062	354	131	134
1051	353	138	135
1064	353	130	137
1062	353	131	135
1062	354	130	133
1062	353	131	136
1060	353	131	136
1059	352	133	136
1061	351	134	137
1057	349	135	137
1059	348	133	140
1060	348	133	139
1059	346	132	141
1060	348	132	139
1059	347	133	139
1060	347	132	139
1059	345	133	141
1058	345	132	141
1059	343	133	142
1059	345	134	141
1057	342	136	143
1058	343	133	143
1059	344	134	143
1058	342	135	142
1057	342	135	141
1061	343	132	142
1060	341	133	142
1060	339	133	143
1061	340	133	142
1059	338	134	144
1064	339	131	142
1059	336	136	145
1062	336	132	143
1061	339	135	141
1061	337	136	141
1059	336	137	141
1058	337	137	140
1062	336	134	140
1060	337	137	140
1064	336	135	139
1060	335	139	140
1065	334	135	141
1063	335	140	142
1064	336	140	139
1065	336	139	138
1066	336	139	139
1067	337	138	139
1067	337	139	139
1067	338	139	138
1070	338	140	139
1064	339	144	141
1071	338	140	141
1068	344	143	141
1071	345	141	136
1069	343	145	140
1072	342	141	141
1071	345	143	141
1073	346	139	138
1072	348	142	139
1072	345	140	141
1074	351	140	139
1068	349	140	143
1075	352	138	143
1076	350	137	141
1074	351	140	144
1078	354	137	141
1075	357	138	149
1076	356	136	145
1078	360	137	149
1078	360	134	141
1071	361	136	151
1081	361	132	147
1078	360	133	147
1083	363	129	149
1079	364	135	151
1083	364	132	149
1081	363	132	148
1082	362	133	151
1084	368	134	153
1084	371	132	156
1086	372	130	150
1083	371	133	154
1087	376	128	157
1087	374	130	146
1087	377	130	151
1084	376	138	157
1087	376	134	151
1086	377	136	151
1088	372	135	153
1085	372	134	150
1087	373	134	150
1088	377	136	150
1086	377	136	150
1089	378	135	145
1088	377	136	147
1088	377	134	140
1086	372	135	145
1085	366	138	148
1088	370	136	152
1087	367	137	150
1087	373	140	154
1088	374	136	153
1087	376	138	149
1088	375	138	151
1085	373	138	151
1088	378	140	147
1088	370	141	153
1089	374	139	153
1087	367	142	157
1088	372	141	154
1088	373	140	152
1088	371	141	152
1088	374	140	152
1088	372	139	156
1089	374	140	156
1087	370	142	156
1091	367	139	157
1090	366	138	156
1090	368	137	155
1090	365	137	155
1091	366	136	159
1091	363	135	156
1092	363	136	159
1092	367	137	157
1092	365	136	155
1093	366	134	156
1092	366	136	154
1091	365	135	156
1094	364	134	158
1090	362	136	159
1094	361	133	160
1094	360	134	161
1096	362	132	160
1094	361	133	162
1097	363	135	161
1097	359	131	161
1098	361	128	162
1097	362	128	161
1099	363	127	160
1096	359	127	164
1100	359	127	165
1099	359	122	163
1101	360	123	167
1100	358	124	164
1100	360	125	165
1102	357	124	175
1103	356	122	168
1101	357	124	170
1104	357	125	172
1103	354	125	175
1103	356	122	172
1105	356	123	177
1106	354	120	179
1104	355	120	172
1103	356	127	171
1104	352	120	176
1106	354	120	177
1107	353	117	180
1104	353	123	178
1106	352	123	181
1104	351	124	177
1105	351	124	179
1107	350	122	178
1104	349	125	180
1105	350	126	183
1105	348	127	180
1105	348	128	185
1106	348	128	184
1106	347	125	184
1108	347	124	184
1105	346	123	186
1105	349	126	185
1105	350	128	181
1105	349	120	181
1106	350	120	179
1107	349	118	181
1105	349	117	181
1105	349	114	179
1104	352	114	176
1102	354	114	175
1105	354	110	176
1102	354	112	175
1103	354	111	176
1102	357	111	175
1103	357	110	175
1102	356	109	178
1101	357	111	177
1103	358	107	179
1102	357	109	178
1101	358	106	177
1102	358	107	178
1100	359	109	178
1100	360	110	178
1100	359	111	182
1099	362	111	180
1100	361	109	181
1101	362	108	182
1101	363	105	184
1100	361	106	186
1098	364	109	184
1099	364	106	187
1097	363	105	187
1096	364	107	187
1095	364	104	188
1096	364	102	189
1097	367	100	188
1095	364	103	191
1096	368	100	190
1097	368	98	190
1094	367	101	191
1094	370	101	191
1093	369	100	190
1092	372	97	189
1091	373	97	192
1091	373	94	188
1089	373	90	191
1088	376	90	184
1087	379	89	183
1087	378	89	188
1087	384	83	176
1088	383	84	181
1086	387	87	178
1086	393	89	171
1086	388	93	170
1088	391	96	172
1087	392	92	172
1088	395	101	172
1088	391	93	174
1089	390	94	179
1090	390	94	180
1091	394	91	175
1089	397	93	170
1089	397	89	171
1088	393	87	172
1089	393	86	174
1089	393	86	177
1089	391	82	174
1086	395	81	171
1084	397	85	170
1085	395	86	172
1084	396	86	168
1085	394	82	172
1085	395	79	166
1086	391	75	172
1085	389	70	176
1083	391	68	171
1082	393	67	170
1083	387	67	172
1084	388	64	172
1083	386	61	176
1089	389	58	168
1084	385	61	174
1083	387	64	169
1087	386	59	172
1085	385	57	172
1086	382	58	173
1086	380	57	176
1085	381	58	170
1083	380	62	171
1087	381	57	168
1092	385	53	165
1087	390	61	158
1087	387	60	162
1090	387	57	162
1080	388	70	161
1096	386	54	165
1097	390	53	161
1105	390	44	156
1099	387	52	164
1103	389	48	157
1104	386	49	159
1077	380	75	165
1105	380	50	166
1074	378	75	164
1103	378	51	169
1109	379	45	163
1071	375	83	154
1072	369	85	168
1073	370	85	171
1071	375	90	157
1071	378	91	161
1075	367	90	170
1073	364	94	174
1076	368	93	168
1079	323	93	207
1080	325	96	204
1081	323	99	204
1083	318	98	205
1085	318	97	201
1092	318	91	209
1096	319	89	206
1100	319	88	205
1097	320	94	203
1108	316	84	200
1114	319	80	194
1119	321	77	196
1120	314	80	188
1119	320	82	190
1118	318	86	193
1120	325	85	181
1121	330	85	177
1122	315	90	187
1122	316	91	191
1124	342	91	169
1123	349	92	165
1125	339	95	168
1127	353	95	154
1127	348	99	151
1130	345	102	158
1133	347	99	154
1135	329	102	167
1138	346	101	149
1138	343	104	153
1141	345	104	149
1142	341	107	151
1141	331	110	161
1144	317	114	173
1147	326	109	168
1146	339	114	153
1148	346	113	141
1147	350	115	143
1147	348	117	144
1149	349	117	143
1149	350	119	141
1152	344	120	147
1153	345	121	143
1155	346	123	142
1155	345	125	144
1152	348	129	143
1154	348	129	143
1154	347	131	145
1159	347	129	143
1160	348	130	143
1159	345	133	144
1160	346	135	143
1162	329	138	157
1163	325	139	163
1166	345	136	145
1163	336	139	153
1164	327	143	160
1166	343	138	148
1167	339	139	148
1167	328	143	161
1169	346	139	146
1167	332	146	157
1170	344	141	148
1165	350	144	143
1164	349	145	140
1167	350	143	141
1168	355	148	136
1164	344	147	144
1168	354	146	137
1167	341	150	146
1168	357	146	133
1171	347	152	145
1167	358	148	133
1171	351	151	139
1169	357	145	136
1171	348	152	141
1170	358	145	134
1177	345	146	144
1175	359	140	132
1175	347	146	144
1173	360	141	132
1174	344	151	149
1175	359	140	136
1173	367	142	131
1180	356	145	140
1176	371	142	126
1169	373	147	124
1181	373	138	119
1171	375	147	125
1180	370	144	124
1174	376	148	123
1172	376	154	121
1173	375	153	124
1180	378	144	116
1177	383	147	113
1190	379	138	113
1189	382	138	112
1181	383	145	110
1179	384	148	115
1201	382	131	107
1180	387	151	108
1195	388	135	106
1185	386	143	109
1189	390	141	106
1190	388	140	108
1191	391	137	105
1190	390	139	106
1195	392	133	105
1189	394	140	103
1188	395	141	104
1188	395	137	105
1186	394	142	106
1189	397	140	102
1191	399	138	102
1191	400	139	101
1194	399	136	103
1198	401	132	99
1199	402	132	100
1191	402	137	101
1194	403	136	100
1202	405	126	99
1199	407	129	99
1198	406	129	101
1198	408	129	99
1197	407	133	101
1202	407	129	102
1201	409	126	105
1204	408	124	104
1199	412	130	103
1200	414	130	99
1200	415	132	100
1201	417	130	101
1202	419	134	105
1205	422	127	97
1198	424	139	100
1203	427	133	96
1203	427	135	101
1204	431	133	95
1200	432	135	94
1199	433	133	95
1194	436	141	90
1198	436	139	100
1200	434	137	97
1198	437	141	92
1197	439	142	104
1198	435	143	113
1199	440	141	103
1195	435	144	110
1196	439	144	106
1202	442	138	108
1197	442	144	110
1197	446	145	105
1198	446	141	107
1195	442	146	113
1198	443	143	112
1197	447	146	108
1194	445	148	112
1192	444	152	113
1191	443	153	114
1193	445	154	115
1198	444	148	116
1198	445	152	115
1196	442	153	118
1197	440	152	118
1201	437	150	122
1201	440	145	121
1199	441	151	117
1202	440	148	118
1202	439	148	123
1203	441	147	118
1202	438	151	123
1202	437	150	120
1203	436	151	122
1206	435	144	123
1209	436	148	122
1206	437	146	121
1211	448	146	110
1209	447	149	112
1204	472	152	87
1206	472	150	83
1203	471	154	87
1208	473	150	85
1208	473	151	84
1209	472	151	82
1211	472	154	82
1212	471	150	84
1210	471	152	89
1209	474	151	83
1211	474	156	81
1212	473	154	83
1212	472	155	82
1216	472	155	82
1212	470	156	84
1214	470	154	86
1214	470	154	84
1214	470	155	87
1215	470	156	88
1214	472	156	85
1214	468	156	90
1215	470	157	85
1210	472	165	88
1215	468	161	90
1212	471	167	90
1216	472	162	88
1218	467	160	92
1215	472	165	92
1220	474	159	90
1216	470	166	95
1219	470	163	98
1214	479	170	89
1227	474	157	94
1230	469	154	108
1226	475	161	100
1221	478	169	99
1222	472	167	107
1215	481	173	94
1229	471	158	106
1221	478	171	100
1225	471	165	112
1223	473	170	110
1222	474	172	111
1234	466	164	123
1216	476	179	113
1234	470	165	124
