0	216	64	50
6	211	63	53
4	209	68	52
4	205	68	54
6	205	66	56
1	199	87	58
2	197	86	59
2	195	92	62
3	193	91	63
0	192	100	60
1	190	101	59
0	191	110	53
-1	19	124	87
0	0	123	118
0	3	116	112
0	11	111	109
0	25	102	96
-2	13	111	111
-1	8	108	120
0	5	110	126
-1	19	105	119
0	11	111	124
-1	6	110	134
0	6	122	131
1	27	118	103
-1	23	127	111
0	22	120	114
0	26	120	112
1	19	117	118
1	12	123	124
2	11	127	128
5	22	121	116
5	51	107	95
4	54	108	95
5	52	105	97
7	55	116	97
8	59	102	97
13	60	106	98
9	61	109	99
33	63	94	100
77	266	80	84
83	268	76	64
83	268	76	64
83	268	76	64
83	268	76	64
109	269	72	46
116	269	69	45
122	269	68	46
128	269	67	45
133	269	64	46
141	269	66	46
145	269	62	47
151	269	62	47
151	269	62	47
160	269	64	46
160	269	64	46
171	267	68	46
171	267	68	46
171	267	68	46
171	267	68	46
171	267	68	46
189	265	59	47
193	266	60	47
195	267	64	46
199	266	68	48
241	146	70	52
245	140	72	56
242	136	93	62
226	124	118	73
224	125	132	75
244	128	129	74
244	128	129	74
244	128	129	74
244	128	129	74
190	270	115	67
231	270	78	67
232	274	69	58
234	276	70	58
236	276	72	59
238	279	75	56
240	282	75	55
240	282	75	56
241	286	77	56
242	290	76	54
242	296	75	50
244	301	72	47
246	305	74	45
248	306	74	46
249	304	74	49
250	306	73	49
252	309	71	49
255	312	71	48
255	315	72	48
255	320	73	42
256	325	72	39
257	329	71	37
257	332	71	35
259	332	70	37
260	334	71	37
262	333	71	39
263	336	73	38
265	338	74	38
266	337	72	39
268	339	72	40
269	342	72	37
270	346	70	35
272	348	70	34
274	351	65	32
279	351	62	34
281	353	64	34
283	353	64	34
286	355	64	34
290	355	62	33
293	356	59	34
298	357	53	34
303	358	50	34
307	358	46	36
310	358	43	36
313	359	38	36
315	359	36	36
316	359	34	38
318	359	37	37
325	359	37	37
327	358	40	36
331	357	36	36
335	357	32	38
338	357	30	38
342	354	28	41
344	353	30	43
347	350	31	47
350	351	33	47
354	346	33	54
357	348	34	54
363	349	33	52
368	352	32	49
372	355	32	48
377	359	32	44
382	357	32	47
385	354	31	51
388	353	33	54
392	355	34	52
394	358	37	50
399	358	35	53
404	358	35	55
410	358	34	55
416	359	31	55
421	363	31	51
426	366	30	49
431	367	30	49
435	372	30	46
441	377	28	44
447	378	28	43
450	380	29	42
456	383	29	41
460	383	29	42
464	385	31	41
469	385	30	43
473	386	32	44
478	386	31	45
480	387	34	46
484	391	35	44
489	397	35	37
494	401	35	35
499	402	34	35
503	404	35	35
508	407	35	34
510	408	36	36
508	403	43	43
511	402	44	45
514	407	46	41
521	411	44	42
524	412	44	43
527	415	45	43
531	420	46	40
545	427	36	34
553	431	31	30
557	432	31	32
560	433	33	31
565	433	32	32
570	434	30	31
574	433	31	32
575	433	32	33
581	432	28	31
587	432	26	29
591	430	24	28
570	418	27	27
601	430	22	25
606	428	18	28
611	425	18	30
616	423	15	31
620	422	16	32
623	419	16	35
622	414	19	30
624	413	22	30
632	413	17	28
634	407	17	31
638	409	17	28
638	407	23	28
639	404	30	37
640	401	35	38
642	399	37	34
643	397	40	36
645	394	40	37
646	390	43	34
649	388	45	35
649	387	50	33
651	384	59	33
652	378	61	33
653	375	62	34
655	372	62	34
656	369	62	33
656	367	63	31
656	363	63	33
658	362	61	32
660	360	65	31
661	357	63	32
663	354	64	31
664	352	67	31
665	351	69	29
665	349	70	29
665	348	72	29
666	347	73	27
667	344	70	28
668	343	66	28
668	342	66	28
668	341	63	29
668	340	62	29
668	339	63	30
670	339	56	30
669	340	50	31
588	399	39	32
573	399	58	31
574	398	61	32
576	396	63	33
580	397	62	31
579	395	67	30
584	396	65	29
584	394	70	31
584	394	71	30
588	393	70	32
591	393	69	31
593	392	71	30
599	390	69	32
599	389	72	32
605	386	69	33
607	386	74	34
609	385	75	33
616	384	68	33
622	384	63	32
625	383	63	32
630	382	60	33
637	382	57	32
639	381	57	31
640	380	58	30
640	379	60	31
648	378	56	30
663	321	61	27
663	320	61	28
662	316	59	31
663	317	57	30
662	320	42	27
663	321	38	27
662	322	37	24
665	322	30	28
652	258	37	31
648	254	46	36
665	318	37	30
665	319	29	29
665	319	26	27
666	320	23	25
666	319	25	26
668	318	26	25
668	318	28	26
674	259	36	28
667	256	46	31
671	314	27	29
670	253	41	28
666	315	25	31
670	318	19	23
670	319	19	23
670	318	20	22
671	317	20	23
671	318	22	21
670	318	25	20
671	316	24	20
671	313	25	24
670	312	24	24
672	311	22	24
672	311	21	23
671	310	22	25
672	310	22	26
674	310	20	25
677	309	18	24
677	305	19	23
678	304	22	23
680	304	22	24
680	303	23	23
680	302	23	24
681	302	24	24
682	300	24	26
685	299	22	27
684	298	22	28
685	297	20	29
682	297	28	27
681	297	28	27
685	296	24	27
688	297	25	22
690	297	24	24
695	295	22	25
696	295	22	24
696	296	23	24
696	296	23	24
702	298	17	21
702	300	17	19
702	302	18	18
701	302	19	19
701	301	21	22
702	302	22	20
704	302	22	22
705	302	24	28
712	302	19	31
713	303	18	31
718	304	17	33
718	309	17	29
720	310	16	28
721	312	19	28
724	311	19	32
726	318	18	27
728	318	19	27
730	319	19	33
733	322	18	31
733	322	19	36
735	328	17	31
737	323	18	38
738	321	19	48
740	325	20	49
742	326	19	51
744	334	20	44
747	336	22	45
749	339	21	43
751	349	22	35
754	352	21	34
756	355	19	34
759	356	22	35
761	357	23	36
763	355	22	39
753	388	21	29
756	390	22	25
758	390	22	26
762	388	21	29
766	387	22	28
769	386	30	29
774	382	32	32
778	381	30	33
782	382	30	33
786	382	28	32
790	380	28	34
796	378	27	33
800	370	26	42
806	370	25	42
810	371	26	40
816	371	26	41
820	374	28	41
825	381	28	35
830	380	29	37
834	377	30	42
841	376	29	46
846	377	28	46
851	382	29	41
855	381	28	43
860	381	29	46
865	380	31	48
870	377	30	52
875	373	29	56
883	372	26	60
884	380	32	52
895	381	25	51
899	381	25	52
904	380	25	54
909	374	26	61
916	374	28	65
923	374	23	65
931	374	22	65
936	376	24	69
944	381	25	65
937	383	36	67
952	384	28	69
943	381	41	74
947	386	41	72
951	395	40	69
955	390	43	72
956	390	45	76
962	395	46	74
961	393	51	76
971	399	50	78
972	400	55	77
972	406	58	74
978	411	59	74
978	413	61	73
991	418	52	70
988	419	59	69
999	429	51	64
1001	430	48	64
1001	432	56	65
1011	429	53	69
1025	428	42	68
1019	431	49	69
1040	432	35	64
1054	437	25	58
1062	439	19	57
1066	447	20	52
1071	449	18	48
1075	458	16	45
1079	463	17	43
1082	468	17	42
1087	473	16	41
1090	480	16	38
1093	477	16	46
1095	481	17	48
1098	493	16	36
1101	501	16	35
1103	491	16	46
1106	493	16	48
1107	504	18	40
1110	508	20	38
1112	510	24	39
1113	515	24	37
1115	524	27	31
1116	528	22	30
1119	530	25	31
1120	534	27	29
1121	536	29	32
1122	540	29	31
1123	541	30	33
1127	543	24	34
1130	548	26	31
1132	549	24	32
1133	550	22	35
1133	551	22	35
1131	553	26	41
1204	617	22	31
1203	625	22	25
1205	626	21	28
1205	627	23	23
1207	629	22	23
1208	629	22	24
1208	630	22	23
1208	629	24	24
1209	629	23	24
1210	629	22	25
1211	630	21	23
1212	630	20	24
1214	630	20	25
1213	630	20	26
1215	629	20	26
1215	630	21	25
1216	631	23	25
1216	631	21	25
1216	630	23	26
1217	630	22	26
1217	631	22	24
1219	632	21	24
1222	633	21	23
1223	633	22	23
1225	633	20	23
1225	633	22	24
1227	632	20	24
1230	633	18	23
1231	633	18	23
1231	632	20	24
1233	632	20	24
1233	632	22	24
1235	633	20	24
1237	633	20	24
1239	633	20	25
1240	633	22	24
1242	634	21	24
1242	634	22	26
1245	634	24	25
1246	633	25	26
1247	633	28	27
1250	633	27	26
1251	633	29	30
1252	633	30	32
1256	633	29	31
1258	633	30	31
1260	634	31	30
1262	633	32	32
1266	633	30	31
1270	633	31	29
1273	632	30	31
1276	632	31	33
1279	631	31	34
1281	630	31	34
1284	631	32	36
1287	631	31	36
1290	631	31	35
1292	631	32	36
1295	631	32	37
1296	631	32	38
1299	631	34	38
1301	631	34	37
1304	631	33	36
1306	630	34	35
1310	629	33	35
1312	630	32	35
1315	629	32	36
1317	628	32	39
1320	629	31	39
1322	627	32	41
1323	627	33	43
1326	627	32	43
1259	700	44	47
1260	702	43	36
1264	703	42	36
1263	704	43	36
1264	703	43	36
1265	703	44	37
1272	705	37	41
1272	706	39	42
1276	703	37	48
1286	703	30	50
1292	704	26	49
1294	704	25	53
1294	715	28	42
1292	715	33	45
1288	802	43	35
1291	803	42	31
1294	802	38	35
1295	799	35	29
1296	801	33	25
1296	804	33	21
1298	803	31	24
1301	803	28	24
1307	802	26	26
1308	802	22	25
1308	801	26	27
1306	801	29	29
1307	800	32	31
1378	863	22	38
1379	858	17	34
1378	856	21	38
1385	852	14	37
1386	849	14	33
1388	848	13	33
1390	845	15	31
1391	842	15	26
1393	840	13	25
1394	838	15	25
1396	836	12	26
1397	833	11	27
1399	830	13	27
1400	830	13	26
1402	825	13	27
1403	825	14	25
1405	823	13	25
1407	821	14	28
1408	818	15	32
1409	818	15	31
1410	816	14	28
1412	815	17	28
1415	814	16	28
1416	811	15	30
1417	810	17	27
1418	808	20	37
1421	808	17	34
1423	807	18	35
1423	808	21	33
1425	806	16	36
1428	806	16	33
1430	804	15	30
1432	802	15	31
1433	800	14	31
1435	799	16	33
1439	798	16	33
1441	798	18	33
1444	797	20	35
1446	794	24	38
1448	792	24	44
1451	789	25	46
1451	785	29	60
1376	758	23	44
1380	756	23	43
1382	755	24	40
1386	753	27	45
1362	735	24	63
1365	727	28	72
1367	734	47	68
1370	734	52	68
1371	735	52	69
1373	735	50	69
1376	737	49	68
1380	736	48	76
1382	736	48	81
1385	737	48	81
1388	734	47	87
1390	732	47	94
1391	731	48	100
1393	735	45	100
1395	729	54	109
1398	725	59	117
1234	621	43	94
1235	642	40	72
1236	643	39	71
1237	643	38	68
1251	598	35	51
1257	599	31	42
1259	599	29	33
1261	598	27	34
1262	597	26	32
1263	598	27	33
1265	597	24	33
1267	597	24	39
1271	596	24	42
1272	596	24	44
1275	597	25	45
1279	598	24	47
1282	598	24	48
1285	597	22	48
1288	597	19	47
1291	597	18	42
1293	598	19	38
1295	599	21	36
1296	599	23	34
1299	599	24	40
1303	600	25	40
1305	600	24	41
1308	603	24	36
1310	608	31	36
1314	609	31	36
1296	670	53	46
1285	669	65	53
1288	670	64	51
1289	672	65	50
1291	673	67	52
1296	674	79	51
1301	677	74	53
1304	678	71	56
1307	679	73	57
1305	680	65	55
1306	680	64	52
1307	682	66	51
1307	683	68	51
1309	684	67	51
1309	684	70	53
1313	685	67	53
1372	612	55	44
1380	615	56	42
1383	616	58	40
1388	618	60	37
1389	619	66	36
1394	620	66	35
1398	620	68	37
1399	621	72	40
1403	622	76	39
1407	623	77	38
1412	623	80	40
1419	625	77	41
1427	625	75	40
1423	625	85	41
1423	626	90	41
1427	627	93	42
1430	629	99	41
1434	629	101	41
1435	628	105	44
1436	629	110	41
1365	595	82	57
1268	550	56	61
1278	557	44	56
1280	561	44	54
1282	564	44	53
1283	564	42	55
1283	564	46	56
1284	564	56	57
1286	566	54	58
1286	565	60	60
1288	566	57	58
1288	566	57	62
1290	568	57	57
1291	568	57	59
1292	573	55	54
1294	575	53	51
1295	577	53	48
1296	584	56	41
1297	590	55	34
1298	595	55	30
1299	599	57	26
1300	601	57	24
1299	601	56	22
1302	600	55	24
1304	599	57	24
1304	598	58	25
1305	597	55	26
1308	596	54	31
1309	595	52	33
1326	622	65	47
1435	715	59	64
1352	815	57	63
1363	833	51	45
1368	835	42	36
1372	836	45	31
1379	838	43	30
1383	837	44	32
1389	836	50	36
1398	848	43	26
1404	850	46	25
1408	850	46	29
1420	852	42	27
1424	853	45	26
1426	853	47	25
1433	854	50	25
1434	855	51	26
1437	856	51	27
1441	848	56	36
1469	743	42	48
1455	668	38	67
1457	669	40	71
1458	668	42	71
1459	667	43	71
1461	667	44	74
1463	667	45	77
1464	667	48	79
1465	667	52	80
1466	669	53	81
1467	667	56	81
1468	667	58	84
1468	665	45	84
1470	664	40	84
1470	664	41	96
1472	664	41	95
1472	666	41	85
1473	665	41	80
1474	667	42	75
1474	666	43	67
1476	666	42	59
1477	667	43	57
1478	667	44	57
1480	669	45	53
1481	670	47	68
1484	670	47	69
1484	671	49	68
1487	672	48	70
1489	673	50	71
1489	673	51	72
1490	674	53	73
1490	674	45	62
1491	674	40	58
1492	675	41	57
1491	675	43	56
1493	676	43	58
1493	676	47	62
1493	676	48	65
1494	677	49	71
1493	677	51	70
1494	676	53	76
1495	677	53	71
1497	680	55	95
1496	681	61	99
1498	681	61	97
1497	682	64	97
1501	683	63	97
1503	686	63	98
1503	688	67	96
1505	689	69	98
1506	691	71	96
1506	692	72	95
1508	692	63	99
1510	693	64	98
1510	694	61	98
1512	693	62	99
1514	694	62	97
1517	695	60	97
1522	696	60	98
1527	697	57	101
1530	699	58	101
1531	700	61	100
1535	701	59	100
1537	702	54	100
1518	698	72	106
1541	704	57	91
1544	705	51	91
1546	707	55	86
1548	708	54	83
1541	707	60	84
1553	711	41	75
1555	712	40	65
1557	714	39	62
1558	714	41	56
1559	717	43	57
1561	717	42	58
1563	719	43	57
1565	720	42	63
1567	721	43	63
1569	724	45	66
1570	724	45	72
1533	724	41	82
1572	725	42	74
1574	724	39	60
1572	726	37	51
1575	725	30	49
1578	726	31	52
1577	728	42	58
1577	726	32	52
1580	727	28	49
1581	727	28	53
1583	728	30	56
1582	728	32	53
1584	729	32	55
1585	729	32	58
1584	729	33	58
1586	730	32	60
1587	730	31	63
1587	730	31	61
1587	731	31	62
1588	731	34	58
1588	732	35	61
1588	732	36	62
1588	732	34	61
1588	732	34	60
1588	731	33	64
1587	732	33	64
1586	731	33	61
1585	731	34	62
1584	730	34	66
1583	730	34	62
1581	730	33	56
1580	730	31	53
1579	730	33	53
1579	730	30	56
1578	731	30	59
1577	731	31	57
1576	732	33	56
1574	732	35	54
1573	734	36	52
1571	734	37	52
1570	735	38	52
1569	736	38	53
1569	737	38	52
1568	737	37	53
1566	739	39	51
1564	739	38	52
1564	740	37	50
1562	741	36	50
1560	743	34	47
1557	743	35	48
1553	745	38	62
1551	746	40	63
1550	747	41	63
1546	747	44	64
1545	748	44	63
1543	750	45	64
1541	753	47	63
1538	754	49	63
1537	756	51	65
1536	756	53	65
1536	759	55	65
1536	760	58	66
1533	761	62	67
1530	761	66	70
1528	764	75	71
1527	766	80	73
1525	767	79	75
1524	769	78	75
1521	769	78	77
1519	770	76	78
1519	771	73	77
1517	772	73	78
1516	772	55	78
1512	775	53	78
1511	774	52	80
1509	776	53	80
1509	777	52	63
1509	780	53	55
1510	782	53	53
1509	783	54	56
1507	784	57	54
1507	786	58	54
1505	787	60	54
1505	788	61	54
1505	789	64	57
1504	790	66	57
1504	791	66	58
1501	791	65	57
1503	792	67	57
1501	793	63	61
1502	792	62	64
1500	793	55	52
1501	794	50	45
1498	795	53	47
1499	796	50	44
1498	797	53	44
1495	797	57	52
1492	796	58	55
1491	797	57	51
1492	798	57	52
1490	798	61	56
1488	799	63	52
1489	802	62	44
1490	803	63	40
1490	803	65	39
1489	804	70	38
1488	805	72	38
1489	806	71	39
1489	807	70	38
1490	807	73	39
1488	809	74	38
1488	810	73	37
1488	811	76	36
1488	812	74	34
1487	813	76	34
1486	815	77	34
1487	817	79	36
1485	818	79	38
1486	819	79	37
1487	820	82	38
1486	821	82	38
1489	823	82	41
1488	825	79	38
1489	826	80	40
1488	827	81	38
1487	829	80	38
1486	830	84	40
1486	831	83	39
1488	832	83	38
1488	833	80	39
1487	834	77	42
1489	835	75	39
1489	836	73	37
1490	836	71	41
1490	838	71	38
1492	839	67	35
1493	840	66	33
1493	841	68	32
1493	842	68	38
1494	843	67	41
1494	844	65	37
1495	844	63	33
1495	845	62	31
1497	846	59	28
1499	845	59	35
1498	847	57	27
1501	846	49	29
1499	846	53	34
1500	848	58	33
1501	847	55	34
1505	849	48	30
1503	848	44	34
1504	848	55	34
1505	848	47	34
1503	848	46	36
1504	848	46	35
1507	848	47	37
1507	849	53	33
1506	848	51	36
1506	847	57	38
1508	849	55	36
1510	849	54	37
1507	849	53	41
1512	848	51	42
1512	850	53	40
1513	851	52	37
1517	849	46	38
1516	849	45	37
1520	851	41	32
1516	849	45	31
1517	850	38	26
1520	850	33	23
1520	851	34	20
1520	849	33	21
1521	849	35	25
1523	850	34	26
1483	884	54	31
1403	844	76	35
1401	846	83	35
1401	847	84	35
1402	848	86	35
1403	849	86	34
1404	850	88	33
1404	851	89	32
1407	852	89	32
1409	854	90	30
1409	854	101	29
1409	855	105	28
1410	855	105	28
1413	856	105	29
1413	856	103	30
1416	857	105	29
1418	857	104	30
1422	858	104	30
1423	858	103	31
1425	859	102	30
1428	860	104	30
1429	861	104	29
1431	861	103	29
1432	862	105	31
1436	862	101	32
1436	862	103	32
1438	863	102	32
1440	863	102	32
1441	864	98	32
1443	864	96	32
1445	864	94	32
1446	864	101	32
1448	864	99	31
1449	865	95	32
1448	864	101	34
1450	864	101	36
1450	864	103	38
1452	864	102	37
1428	862	81	45
1430	863	75	41
1431	863	70	42
1433	862	71	44
1458	864	48	40
1460	868	41	36
1462	869	40	35
1463	871	38	32
1464	873	36	32
1466	873	34	31
1502	863	45	22
1500	863	50	22
1501	862	50	23
1502	862	51	25
1503	863	51	26
1504	863	52	26
1505	863	52	26
1508	864	50	26
1509	864	50	27
1510	865	48	26
1511	866	50	26
1513	867	47	25
1515	867	46	26
1516	869	44	25
1516	869	44	26
1518	870	44	26
1519	871	44	27
1524	874	41	25
1526	874	39	28
1532	876	32	25
1522	841	33	36
1523	842	37	37
1524	844	39	38
1526	845	41	39
1530	846	43	41
1532	848	46	41
1535	851	46	40
1539	851	45	39
1544	852	43	38
1549	854	41	35
1552	855	41	35
1558	857	38	30
1560	858	38	29
1566	860	36	29
1569	862	37	27
1571	863	39	27
1579	864	34	27
1584	864	33	27
1587	866	34	26
1588	864	36	28
1596	866	32	26
1601	866	30	28
1606	867	30	26
1609	866	30	28
1613	868	30	26
1618	869	28	26
1622	870	26	25
1625	870	27	24
1630	871	26	24
1635	872	26	22
1637	872	26	22
1615	884	31	31
1617	886	35	30
1620	887	36	30
1624	887	38	31
1629	887	39	31
1631	888	42	30
1635	888	44	32
1640	886	46	35
1644	887	47	36
1648	888	48	36
1652	888	53	38
1658	888	54	38
1666	890	49	38
1665	891	58	38
1669	894	56	35
1684	896	46	34
1694	896	45	36
1687	897	57	37
1690	898	57	37
1701	896	55	43
1712	898	48	43
1716	897	48	44
1619	907	62	35
1627	911	60	26
1628	987	71	24
1628	989	68	25
1631	990	68	26
1633	991	68	27
1637	992	64	27
1640	992	62	27
1670	924	58	34
1682	930	64	44
1672	924	75	48
1770	919	91	44
