1447	0	132	30
1442	1	131	34
1440	1	133	38
1435	1	135	41
1427	0	135	45
1422	2	134	47
1420	4	133	49
1412	7	135	50
1408	9	133	51
1403	13	133	51
1393	13	135	52
1389	16	134	54
1388	20	130	54
1380	22	133	55
1375	28	131	54
1371	28	134	59
1368	30	134	60
1365	31	136	64
1359	35	140	66
1355	36	143	69
1350	37	145	73
1348	40	145	75
1345	42	152	79
1341	65	116	64
1336	71	103	60
1334	73	117	59
1332	76	114	61
1328	78	117	63
1325	82	117	65
1320	84	119	66
1320	88	118	67
1315	90	118	69
1312	92	119	71
1310	95	119	71
1308	97	116	72
1304	100	115	76
1301	103	108	76
1298	102	113	79
1295	105	113	82
1294	108	105	80
1294	120	85	73
1290	125	82	69
1287	127	80	73
1285	130	80	73
1281	132	79	76
1278	136	79	75
1276	140	77	75
1273	141	76	79
1271	143	76	80
1268	128	88	102
1265	129	91	105
1261	132	91	106
1259	134	92	109
1256	139	94	108
1254	142	94	107
1251	146	86	106
1248	146	84	112
1249	148	78	113
1243	152	76	112
1242	161	69	106
1238	161	69	109
1238	166	64	108
1235	172	63	106
1233	176	63	109
1231	179	61	110
1230	185	58	106
1228	190	57	105
1226	189	57	109
1224	194	56	106
1221	193	59	110
1219	200	56	106
1217	203	56	107
1215	206	55	106
1212	211	52	104
1211	213	48	108
1207	216	50	106
1205	222	47	102
1203	223	44	103
1202	233	44	95
1201	240	42	91
1199	241	41	92
1196	228	44	109
1194	221	44	118
1192	224	44	118
1190	227	44	117
1188	230	43	115
1186	238	42	109
1185	253	40	95
1182	241	43	109
1179	237	45	116
1176	238	47	117
1173	239	49	116
1171	240	49	119
1170	247	44	115
1171	258	38	104
1169	265	35	97
1168	279	33	84
1166	285	32	85
1164	281	32	89
1163	272	31	106
1160	279	31	105
1158	277	30	109
1156	282	30	106
1153	289	30	108
1152	283	30	110
1149	294	31	107
1147	306	29	106
1145	307	29	108
1142	306	30	109
1140	306	29	110
1138	313	29	105
1136	320	29	104
1134	325	29	101
1132	335	28	95
1130	355	28	80
1145	373	25	68
1125	364	26	78
1139	379	28	69
1120	379	29	70
1117	381	40	74
1115	378	31	78
1114	389	29	76
1112	391	30	74
1108	376	31	93
1106	381	32	95
1103	384	34	92
1100	388	36	95
1095	395	41	93
1095	395	41	93
1105	426	30	66
1101	429	33	66
1099	430	34	67
1102	435	29	66
1101	440	29	63
1100	442	28	65
1100	443	27	68
1098	447	29	67
1098	452	30	65
1094	454	32	65
1094	457	31	64
1094	462	33	63
1095	465	30	64
1096	466	37	67
1078	470	45	61
1077	470	45	66
1075	471	57	67
1083	478	60	62
1077	483	48	59
1080	489	42	55
1084	495	35	52
1080	496	35	53
1077	496	37	55
1077	499	35	55
1077	504	34	53
1075	505	35	54
1071	503	37	58
1072	507	36	56
1067	509	39	58
1068	512	37	56
1068	518	36	54
1066	517	36	56
1062	513	38	63
1059	514	40	66
1059	518	38	64
1057	519	38	65
1057	521	36	67
1056	525	35	63
1053	529	37	61
1054	534	34	60
1053	535	34	61
1052	538	35	60
1050	540	36	60
1047	545	39	57
1044	547	40	57
1041	546	42	61
1039	550	43	59
1037	547	44	65
1033	548	46	67
1032	550	46	68
1028	551	47	71
1029	556	46	68
1025	556	48	69
1026	561	47	66
1010	553	60	77
1008	550	61	81
1008	553	60	81
1006	555	60	80
1016	567	48	71
1020	577	43	61
1022	578	40	62
1021	583	40	60
1021	586	39	59
1019	587	40	59
1017	591	42	57
1015	594	44	57
1013	594	46	60
1011	597	47	59
1010	599	48	59
1009	604	49	56
1009	605	48	57
1006	605	52	60
1005	605	52	61
1003	606	54	61
1002	608	52	63
1001	610	51	61
1000	614	51	59
1001	610	56	64
1000	614	50	60
999	616	49	60
998	614	50	63
997	616	50	63
997	620	48	60
996	623	48	60
996	625	48	60
995	628	47	60
994	629	48	61
993	630	48	62
993	631	47	60
992	633	47	58
992	635	47	57
990	636	48	56
989	637	48	56
988	639	48	58
987	640	49	56
987	641	48	58
986	643	50	57
984	647	49	54
982	647	50	57
981	650	50	55
981	651	48	55
979	653	50	53
977	654	54	55
975	656	53	55
972	658	58	56
970	660	59	55
969	661	62	54
968	662	56	56
966	665	59	57
966	666	57	56
965	668	56	56
965	669	56	56
965	671	54	56
962	674	56	55
961	676	55	56
960	678	56	56
958	680	55	56
959	681	53	57
958	684	52	56
956	687	52	55
955	688	53	58
953	688	54	58
950	687	58	62
943	681	64	71
944	686	60	67
936	687	66	69
939	690	66	70
940	693	63	68
933	692	68	70
938	697	67	77
941	702	56	66
934	700	61	70
938	706	56	66
935	705	58	69
930	703	63	74
931	707	58	70
934	718	55	60
934	720	53	59
934	722	54	59
931	725	54	58
929	727	54	58
927	729	54	56
925	731	54	56
923	733	55	56
924	736	53	55
921	738	55	54
919	740	54	54
917	742	55	54
915	743	54	54
913	743	55	56
912	747	55	53
911	751	55	52
908	753	55	52
907	754	54	54
903	754	56	56
903	755	55	56
902	759	54	55
899	760	55	57
897	763	56	56
896	769	55	51
894	773	56	51
891	775	57	51
890	776	56	52
888	780	57	50
886	783	56	49
886	785	55	49
884	786	56	50
884	788	54	50
880	790	57	50
878	792	57	50
876	792	57	53
874	794	59	54
873	795	59	55
870	797	61	53
870	798	60	56
869	801	59	57
867	804	60	58
865	807	60	58
863	806	60	58
863	808	59	58
858	810	63	56
857	812	63	56
854	813	64	55
854	814	62	58
850	816	64	55
850	816	62	54
849	818	62	55
850	820	61	53
846	821	61	54
844	823	63	54
843	823	60	51
841	825	63	54
838	826	64	56
836	826	63	54
834	827	65	52
831	829	69	54
830	829	68	55
828	829	69	55
828	830	68	53
826	831	68	55
823	831	71	56
823	832	70	55
822	832	67	56
820	833	68	56
817	833	68	59
815	832	71	61
813	833	70	59
814	837	69	58
817	843	65	52
814	844	69	52
814	845	66	52
811	848	68	50
809	848	69	51
808	850	70	50
808	853	67	49
807	854	67	47
807	854	69	50
807	861	69	45
805	862	71	45
804	860	70	47
805	860	70	51
804	861	73	50
803	862	73	50
803	866	75	48
803	866	76	50
801	871	81	45
800	870	80	47
798	868	82	49
803	874	78	44
803	874	79	45
804	874	77	46
806	874	76	49
808	875	75	48
808	877	74	46
808	879	75	47
813	881	70	47
810	882	74	46
812	885	75	43
813	884	75	44
812	884	77	46
819	886	76	44
821	888	73	44
822	888	72	45
824	890	71	41
827	890	69	42
827	891	71	40
829	891	74	40
831	892	72	42
833	892	71	41
836	893	72	41
836	894	72	40
839	895	73	39
843	894	69	41
846	893	68	43
845	894	71	42
845	897	72	40
847	897	71	40
850	897	68	41
851	895	69	44
854	896	68	42
856	894	68	43
858	896	70	42
860	897	68	41
860	895	69	41
865	896	66	39
865	896	70	39
862	895	72	41
854	894	84	41
851	896	89	39
853	895	89	42
856	893	88	44
880	895	66	38
885	895	65	38
886	893	66	40
886	894	66	41
889	895	69	42
891	896	84	45
891	893	109	48
891	893	109	48
891	893	109	48
882	891	122	51
882	891	122	51
882	891	122	51
882	891	122	51
882	891	122	51
882	891	122	51
882	891	122	51
882	891	122	51
882	891	122	51
882	891	122	51
882	891	122	51
882	891	122	51
882	891	122	51
882	891	122	51
882	891	122	51
882	891	122	51
882	891	122	51
802	939	97	58
802	939	97	58
802	939	97	58
802	939	97	58
820	936	96	54
929	894	83	53
928	892	85	55
930	892	85	54
930	892	85	54
933	892	85	51
933	892	85	51
933	892	85	51
933	892	85	51
933	892	85	51
942	881	87	61
945	878	85	62
938	874	95	66
939	873	97	66
940	876	99	59
940	876	99	59
966	878	77	55
971	875	73	60
971	875	73	60
1017	809	73	55
1001	829	72	38
1004	823	76	42
1004	829	73	37
1006	825	77	39
1008	814	80	48
1006	827	84	37
1014	818	80	44
1012	815	90	49
1020	822	87	38
1008	814	95	40
1008	814	95	40
1008	814	95	40
1008	814	95	40
1008	814	95	40
1065	886	96	57
1065	886	96	57
1080	859	86	61
1073	856	92	70
1036	858	114	63
1053	860	135	79
1059	813	150	87
1049	856	146	88
1063	875	146	70
1053	854	160	83
1063	870	150	70
1059	827	160	78
1067	810	159	87
1063	851	151	90
1067	833	158	107
1074	829	154	111
1067	847	163	87
1077	835	151	99
1081	864	148	74
1076	836	156	70
1076	835	158	57
1098	872	135	58
1081	838	94	51
1090	839	76	48
1092	837	74	49
1094	836	72	45
1097	835	74	49
1105	834	66	49
1115	879	75	45
1113	873	100	51
1112	873	123	52
1066	797	113	42
1069	790	112	48
1068	777	106	62
1112	862	133	56
1103	862	150	54
1096	856	162	59
1100	854	153	64
1104	851	151	66
1121	823	130	92
1115	828	125	91
1128	817	97	101
1134	813	93	105
1141	811	89	110
1142	810	93	112
1147	809	92	105
1150	806	95	111
1152	804	99	115
1087	690	120	132
1159	804	104	111
1170	805	96	98
1171	798	94	113
1165	801	107	96
1101	743	119	70
1101	746	121	59
1104	746	121	57
1106	744	121	58
1154	823	156	61
1146	823	168	61
1150	820	166	60
1147	818	174	58
1148	816	174	58
1146	814	179	57
1153	807	171	62
1156	805	173	64
1160	801	171	63
1167	796	162	68
1168	793	167	69
1175	788	158	73
1182	786	157	73
1181	785	158	71
1182	784	158	72
1172	784	169	69
1183	782	157	71
1191	780	160	67
1180	778	169	71
1167	776	187	67
1174	773	189	68
1179	771	185	70
1180	770	185	69
1183	766	192	70
1179	765	194	72
1183	764	194	69
1185	762	196	71
1186	762	194	66
1187	759	198	70
1189	757	193	71
1196	755	198	70
1196	754	192	73
1202	753	196	70
1205	751	190	72
1209	749	196	72
1210	747	190	74
1218	745	193	75
1301	609	180	76
1227	743	180	94
1303	607	165	79
1228	739	188	78
1229	741	198	72
1233	739	195	74
1237	736	189	77
1236	737	195	74
1243	724	181	91
1321	593	185	77
1250	722	186	89
1246	722	202	86
1248	721	202	88
1252	719	202	88
1254	718	202	84
1264	706	195	101
1269	712	190	92
1271	712	194	90
1275	707	194	93
1279	709	196	88
1284	705	193	97
1291	708	190	90
1292	710	196	84
1301	704	192	91
1300	702	196	95
1307	701	192	96
1313	703	189	90
1322	693	183	102
1311	678	194	118
1301	663	205	131
1305	647	208	154
1304	643	210	167
1301	640	212	173
1308	638	209	175
1331	641	185	175
1360	635	165	165
1371	631	144	172
1379	623	136	181
1386	633	125	168
1393	623	122	184
1397	621	132	172
1337	664	173	142
1323	695	193	100
1331	697	185	89
1332	698	189	97
1330	691	198	98
1337	684	221	102
1326	678	253	98
1326	678	254	90
1328	670	259	99
1339	652	261	124
1339	658	260	112
1348	642	263	129
1347	646	270	125
1359	637	258	139
1365	633	263	136
1363	628	265	138
1370	635	246	131
1373	637	247	123
1384	632	238	126
1387	631	213	126
1390	642	236	106
1706	506	205	91
1706	502	200	92
1719	500	195	93
1722	498	194	91
1736	492	187	98
1718	488	191	101
1730	480	185	96
1736	478	178	87
1738	474	178	92
1740	472	178	108
1746	460	168	118
1755	457	160	110
1766	459	150	86
1773	472	152	99
1782	458	141	88
1788	450	126	78
1792	454	124	98
1801	446	120	78
1804	448	116	99
1813	441	104	104
1815	444	99	114
1822	436	99	119
1809	425	110	127
1768	427	147	122
1771	423	149	126
1780	420	138	124
1533	434	143	93
1514	440	174	79
1516	438	174	76
1518	435	183	76
1520	430	184	81
1523	427	185	78
1527	425	187	76
1522	425	197	73
1528	417	194	77
1528	417	200	76
1534	414	197	77
1537	412	200	78
1539	412	204	74
1540	411	205	72
1546	408	199	71
1545	403	205	74
1549	401	199	74
1547	400	205	67
1556	395	199	80
1560	394	199	82
1563	392	200	87
1571	380	195	104
1575	369	199	113
1575	369	199	113
1575	369	199	113
1575	369	199	113
1575	369	199	113
1575	369	199	113
1575	369	199	113
1575	369	199	113
1532	455	123	113
1532	455	123	113
1532	455	123	113
1532	455	123	113
1532	455	123	113
1532	455	123	113
1532	455	123	113
1451	494	138	99
1586	454	116	98
1466	490	131	75
1470	486	134	70
