970	732	28	33
971	736	23	29
966	734	26	31
959	737	28	30
956	739	27	31
953	740	25	32
947	740	27	34
942	741	28	36
936	742	29	35
937	741	25	38
929	742	32	38
916	738	41	43
916	735	33	42
912	736	31	42
904	735	30	41
890	725	42	47
882	725	37	48
871	720	41	51
861	716	35	54
850	710	35	60
840	702	35	66
830	694	36	72
820	696	39	68
811	680	39	83
795	676	51	84
778	672	56	78
770	667	59	80
757	660	67	84
746	645	70	99
739	644	68	102
739	647	50	98
736	638	46	108
734	635	44	106
729	637	51	93
725	639	55	97
720	640	59	95
716	639	62	99
710	643	67	91
705	647	65	99
705	647	65	99
705	647	65	99
705	647	65	99
655	663	84	96
630	668	92	91
601	673	108	94
579	679	107	94
565	682	102	96
543	685	96	97
531	696	96	93
528	693	87	114
526	689	70	124
532	682	53	112
529	685	59	115
524	692	65	101
523	701	68	92
524	695	63	100
520	696	69	103
514	703	81	100
513	698	78	101
526	687	63	113
529	675	57	122
524	663	64	126
514	657	77	124
504	644	88	121
488	627	104	128
472	610	114	139
455	594	119	137
440	579	129	136
429	563	122	137
423	562	119	136
421	558	112	136
423	557	101	134
425	559	88	133
421	559	87	131
419	558	90	133
422	557	92	133
425	556	93	134
428	558	95	132
431	559	98	132
438	563	97	132
445	570	99	129
454	578	97	125
467	588	96	122
482	596	89	123
491	608	83	117
501	620	75	117
506	626	80	120
516	637	75	120
526	651	75	101
538	651	77	104
550	656	75	99
562	663	76	114
572	667	74	109
579	675	82	102
579	683	92	99
578	686	101	94
616	691	74	115
631	682	72	123
634	686	81	115
642	686	88	115
644	685	102	114
649	682	111	115
675	681	97	114
685	680	101	113
699	680	100	112
711	677	100	110
717	668	100	113
717	662	113	113
715	650	132	117
713	643	149	120
715	643	164	119
715	644	174	114
716	643	178	112
721	643	174	111
712	643	184	106
721	644	186	108
714	644	185	106
719	643	187	106
715	643	184	104
721	643	187	105
718	642	184	104
724	644	183	105
725	645	182	104
732	644	176	105
734	648	188	107
731	654	218	105
728	656	219	106
733	655	178	107
739	661	192	103
738	661	169	107
741	664	170	107
741	662	172	108
738	661	175	110
738	661	162	110
734	664	169	108
730	665	192	106
733	667	215	102
733	668	189	102
739	664	180	106
759	672	121	98
759	672	121	98
759	672	121	98
759	672	121	98
631	812	128	95
631	812	128	95
631	812	128	95
631	812	128	95
631	812	128	95
627	814	133	75
627	821	128	67
622	825	110	61
627	826	103	59
627	826	103	58
625	826	103	58
630	827	100	59
626	826	104	59
629	826	101	59
625	827	105	58
628	827	101	58
628	828	99	57
629	827	98	59
628	828	99	56
628	828	99	57
628	828	99	57
628	828	100	57
629	828	99	57
627	828	101	57
627	828	101	57
628	828	101	57
626	829	101	57
626	828	101	57
627	829	101	55
626	829	102	56
628	827	100	58
624	828	103	58
626	828	101	58
624	828	103	56
626	828	101	57
626	828	101	56
623	828	103	56
627	827	102	58
622	828	105	56
627	829	102	55
626	829	101	54
630	827	102	57
628	828	103	55
627	828	103	55
627	828	102	57
628	828	101	56
627	828	102	56
627	827	103	57
625	828	105	55
628	828	104	56
627	827	104	58
626	827	105	57
625	828	104	56
626	828	103	56
629	827	101	56
626	827	104	58
628	827	102	59
628	828	101	58
629	828	100	56
628	828	101	57
627	828	100	56
628	828	99	56
628	828	100	57
628	828	100	56
627	829	101	56
629	829	98	57
627	828	99	57
629	828	98	58
627	828	100	57
628	827	99	59
627	828	100	57
629	827	99	58
627	827	102	56
628	828	101	57
627	828	102	56
626	828	102	56
628	828	100	56
627	828	101	56
627	828	101	57
623	829	106	55
627	829	102	56
625	829	103	55
626	829	102	55
626	829	102	54
627	829	101	55
626	829	102	55
628	828	99	56
630	828	98	55
628	829	99	54
629	828	98	57
628	828	100	56
628	828	100	56
629	828	100	57
629	828	99	58
629	828	98	57
630	828	98	60
630	827	99	60
628	827	101	59
627	827	100	60
629	828	99	59
627	828	101	58
631	829	98	56
629	829	99	56
628	829	101	55
627	829	101	54
628	829	101	55
627	828	101	56
628	828	99	57
629	827	98	59
627	827	101	58
627	828	101	57
625	828	103	57
627	828	102	58
627	828	103	57
625	828	105	57
626	828	103	58
627	829	103	55
627	828	103	56
625	828	104	56
628	827	102	58
626	828	102	56
627	828	102	56
629	828	101	55
628	828	100	56
628	828	101	56
629	828	100	55
628	828	101	57
627	828	101	56
628	828	100	57
629	828	99	55
629	828	99	55
629	828	98	56
628	828	99	58
628	827	100	59
628	827	99	58
626	827	101	58
628	827	100	59
627	827	100	59
628	827	99	59
628	827	99	58
627	827	101	59
627	827	101	58
628	827	101	57
626	827	103	57
628	827	98	59
627	826	100	59
627	827	101	59
626	827	102	59
626	827	101	57
628	826	100	59
626	826	103	59
625	827	103	58
627	826	100	58
629	827	100	59
627	826	103	59
628	826	101	59
627	826	102	60
627	825	103	61
625	825	103	61
627	825	101	63
627	825	100	63
630	825	98	62
627	826	102	59
629	826	100	59
627	827	102	57
630	826	98	60
628	827	101	58
624	827	104	58
630	827	99	59
628	827	101	57
628	827	101	59
628	827	102	58
627	828	103	58
628	827	103	58
629	827	102	58
624	827	105	58
630	827	99	58
629	827	101	55
629	827	99	57
630	827	99	57
628	826	100	60
629	826	98	60
628	826	99	58
628	826	99	60
628	826	99	59
628	826	101	59
628	826	100	60
627	826	102	60
628	826	100	60
627	826	103	59
627	826	103	60
629	826	102	60
627	827	103	58
629	826	100	58
628	827	102	58
629	827	101	57
628	826	104	59
628	827	101	59
628	827	102	58
627	826	102	58
625	827	104	57
627	826	101	59
630	827	99	56
628	828	102	56
627	828	101	56
629	827	100	59
628	825	102	59
623	827	104	58
629	829	96	58
627	828	100	56
628	828	99	56
624	828	100	57
626	827	101	58
621	826	103	59
625	826	103	59
625	826	100	59
626	827	101	59
625	828	101	58
626	827	101	60
627	827	100	59
624	827	103	59
627	826	99	61
626	826	101	62
626	826	101	63
625	826	102	63
626	827	100	62
627	827	100	61
628	827	99	60
626	827	101	60
627	826	99	61
629	827	99	61
625	825	102	60
628	827	98	60
627	826	100	61
628	826	100	61
624	826	104	61
627	828	101	57
628	829	100	55
627	829	101	55
627	829	102	55
626	829	102	56
627	828	100	57
628	829	101	55
626	828	102	56
627	828	102	57
626	828	104	56
626	827	103	57
628	828	101	57
628	829	101	55
628	829	99	56
629	828	98	57
630	828	97	57
631	827	97	57
630	826	97	62
631	826	98	60
628	827	101	59
628	827	100	58
630	827	97	59
629	828	99	58
627	828	101	58
628	828	100	57
628	827	99	58
628	827	100	58
627	828	100	58
627	827	101	59
628	827	101	58
625	826	105	58
625	828	102	57
629	827	101	59
627	826	103	59
624	826	106	59
627	826	101	61
627	826	102	60
628	826	101	60
627	824	101	62
627	827	102	58
628	826	102	58
628	827	102	58
628	826	102	58
627	828	102	57
629	826	102	59
626	825	104	61
629	825	100	61
627	825	103	62
629	825	102	61
628	825	104	61
629	824	104	62
628	825	104	62
630	824	102	63
629	823	105	64
627	823	106	63
629	824	105	63
624	824	111	62
628	823	107	63
626	824	107	62
627	824	107	62
628	824	107	63
629	824	105	60
628	825	108	60
628	826	105	59
627	825	105	59
626	824	110	61
629	823	107	62
628	824	106	60
627	824	111	62
628	824	106	62
628	825	106	60
629	825	109	60
625	826	106	59
630	825	101	60
628	825	103	60
629	825	102	59
628	826	104	59
629	824	101	60
626	825	104	60
629	825	100	61
629	825	101	60
629	825	101	62
628	825	104	61
628	824	104	62
629	825	103	62
626	826	105	60
626	826	104	59
628	825	104	62
628	825	101	61
628	825	101	59
625	826	106	59
628	826	102	59
629	825	102	58
629	827	102	57
628	826	102	58
628	827	103	59
627	825	103	59
629	827	103	56
627	826	104	58
630	826	102	58
627	827	104	57
629	827	103	56
627	826	104	57
624	826	111	56
623	826	110	58
628	824	104	63
625	826	107	58
626	824	103	62
629	825	100	61
627	825	102	61
629	825	101	60
627	825	102	60
627	825	103	62
628	824	102	62
626	825	106	62
627	825	105	62
627	825	104	61
627	825	104	62
629	824	102	62
627	824	104	63
628	826	102	60
628	827	100	59
627	826	101	60
630	827	99	59
629	826	100	58
628	828	101	57
629	827	99	58
629	827	99	59
629	826	98	58
633	827	96	59
630	827	99	58
632	825	99	60
629	826	100	59
631	825	100	60
630	825	102	60
630	827	100	57
630	827	101	58
630	827	102	56
630	827	101	57
630	827	102	57
630	826	101	58
629	826	102	59
628	827	104	58
630	827	101	58
629	827	101	57
630	826	101	58
630	826	100	58
631	827	100	57
630	827	101	57
630	828	101	57
630	827	100	58
629	828	101	57
629	828	100	56
631	828	99	57
629	828	102	57
629	828	102	56
630	828	101	57
630	828	101	56
630	828	101	56
630	828	100	56
627	828	104	56
621	828	109	57
628	826	103	60
628	829	102	57
630	828	100	57
630	826	100	58
629	827	100	58
628	827	101	57
630	826	98	60
627	826	103	59
628	825	102	60
629	826	99	58
628	826	100	59
630	826	99	60
624	826	105	59
630	826	97	61
628	826	100	60
629	825	100	61
631	825	98	62
627	825	105	61
629	828	98	57
630	827	99	58
624	827	103	57
630	827	99	58
627	826	101	58
631	827	97	59
630	826	98	59
628	827	101	58
628	827	100	58
627	828	102	57
628	827	100	58
629	828	99	57
630	828	99	57
630	827	98	58
630	827	100	57
629	827	99	58
628	827	100	58
629	827	98	59
627	826	100	60
627	827	99	59
629	827	98	59
628	827	99	58
629	827	99	58
628	827	99	58
629	828	98	57
628	828	99	57
629	826	98	59
628	827	99	58
630	827	97	59
628	826	99	58
630	827	98	57
628	827	100	58
628	827	100	58
628	827	101	57
628	827	101	57
626	827	103	58
628	828	100	56
627	826	101	58
624	827	103	57
628	826	100	59
626	826	101	59
628	827	100	58
625	827	103	58
627	827	101	57
628	827	99	58
629	826	100	59
627	826	103	58
628	826	103	58
626	826	105	57
627	827	104	56
628	827	100	57
628	827	100	57
629	827	99	58
628	828	100	57
629	828	99	57
628	828	100	56
632	828	97	58
628	827	100	58
629	827	99	57
629	828	99	57
629	827	100	58
628	826	100	60
629	826	101	58
627	825	102	60
627	825	102	60
628	825	101	61
628	825	101	61
628	825	101	61
628	825	102	61
627	825	103	60
627	825	103	60
629	824	102	62
628	826	103	59
628	826	103	59
630	825	101	59
629	827	102	60
630	825	99	62
630	826	100	60
630	827	100	60
629	826	101	61
629	825	100	62
629	826	101	62
629	826	102	61
630	826	99	61
631	827	98	60
630	826	101	61
631	826	100	60
630	827	100	60
629	827	101	59
630	827	99	61
630	828	103	57
629	827	102	58
629	827	101	58
629	828	103	55
630	828	100	56
631	828	100	56
631	828	99	56
630	827	100	58
630	827	101	57
628	827	102	58
626	827	105	58
629	827	101	58
626	827	105	58
630	827	100	58
629	827	101	58
631	827	98	58
631	826	98	60
630	826	99	61
630	826	98	61
630	825	99	61
628	825	100	61
627	826	102	59
629	826	99	60
629	825	99	61
630	825	98	63
629	825	99	62
630	826	98	60
628	825	101	61
629	825	100	60
626	826	102	60
629	827	101	59
628	826	103	58
626	826	105	60
627	826	104	59
627	826	104	60
629	826	101	59
629	826	102	59
629	826	102	59
628	827	102	59
628	827	103	59
629	826	103	59
628	827	104	58
629	826	102	58
628	827	103	57
627	827	104	58
628	828	100	57
629	828	99	57
627	828	101	57
628	827	101	59
628	827	100	58
628	828	101	57
627	828	101	58
629	828	100	58
628	828	101	57
628	828	101	57
628	828	101	57
627	828	101	57
627	827	101	58
627	828	102	57
628	827	100	58
628	827	100	57
629	827	100	58
629	826	100	58
627	827	101	59
629	826	99	61
629	825	100	60
627	826	101	61
630	826	97	61
629	824	99	62
626	826	102	61
630	826	97	61
628	825	99	61
629	826	98	59
628	826	99	59
630	827	97	59
627	827	102	58
627	826	103	59
627	825	103	60
629	826	102	59
627	826	105	59
628	825	105	59
627	825	106	60
627	826	106	59
628	826	104	60
627	826	106	59
628	825	104	60
627	825	105	59
627	826	105	59
627	825	104	60
627	826	103	59
629	827	103	57
629	828	102	56
629	827	101	60
629	827	101	58
628	827	103	58
626	826	106	59
626	827	105	57
626	827	104	57
625	827	106	57
628	827	103	57
629	828	103	56
628	827	102	57
629	828	102	56
629	828	101	56
630	828	100	55
630	827	100	56
628	827	102	56
628	826	102	58
627	828	104	56
625	827	106	55
628	827	103	56
626	827	105	56
627	827	105	55
627	827	104	56
625	827	106	57
626	826	106	57
626	826	105	57
624	826	108	58
627	826	105	57
629	826	100	59
629	825	105	61
629	824	109	59
629	824	104	61
