928	133	255	198
914	133	275	197
925	136	264	199
934	144	216	199
943	149	203	200
944	152	195	205
949	141	220	215
943	142	222	204
942	143	217	220
937	146	258	232
920	140	351	250
917	141	394	268
902	145	399	266
898	142	412	271
896	149	426	280
897	138	433	290
914	138	445	304
928	138	459	321
947	127	416	302
951	143	311	244
959	145	290	225
947	149	275	220
951	148	279	221
942	145	276	223
928	143	235	224
919	147	212	212
917	153	212	228
912	169	232	226
920	176	252	226
930	182	269	220
926	183	296	244
950	204	297	234
956	221	314	237
958	223	324	236
965	218	322	238
970	224	302	242
969	218	285	246
969	219	259	245
950	209	247	237
941	214	226	233
936	216	187	211
930	223	184	203
920	233	188	196
914	233	197	201
917	234	221	233
916	237	246	254
907	248	269	244
917	253	284	248
904	244	307	254
913	248	325	262
901	246	341	267
917	257	337	270
913	264	332	273
921	274	312	274
913	266	306	283
922	242	293	274
916	237	272	332
903	235	261	338
885	230	252	328
875	232	231	331
874	230	220	322
863	214	224	221
857	222	233	196
850	223	264	231
861	225	278	205
864	229	294	221
866	237	319	238
867	241	350	242
866	235	362	248
866	239	396	266
863	239	412	270
858	233	414	254
843	241	421	240
827	241	423	239
822	243	408	240
817	247	410	247
805	250	406	248
812	241	386	252
822	255	392	253
828	254	392	252
842	255	397	257
847	256	396	249
854	256	394	249
856	260	391	240
862	259	394	236
846	259	435	235
833	261	457	230
830	266	468	227
814	259	491	231
814	260	503	227
809	261	508	227
796	265	516	226
801	271	514	227
793	283	511	228
811	296	499	234
847	309	494	239
860	314	499	251
858	326	499	261
867	333	510	256
858	335	525	263
859	338	522	260
862	352	517	254
846	341	513	251
850	334	519	250
871	328	507	255
874	314	524	255
878	317	542	231
898	316	568	231
912	314	585	241
930	309	605	241
953	303	634	245
948	295	640	246
977	287	662	251
1002	270	666	246
991	261	668	261
1023	256	664	256
1004	248	671	264
1030	249	661	254
1045	237	654	271
1035	246	664	268
1058	249	652	261
1071	252	646	266
1072	253	662	269
1103	244	640	271
1102	246	613	266
1077	247	634	235
1117	242	635	240
1094	261	652	220
1074	269	662	220
1047	283	661	218
1061	289	668	221
1040	308	670	208
1053	317	666	203
1073	315	657	217
1041	326	661	213
1055	321	646	207
1049	316	663	216
1079	318	641	228
1086	333	644	235
1085	336	635	238
1111	323	639	248
1101	289	627	243
1104	267	606	256
1100	258	605	253
1090	258	625	253
1107	261	648	245
1087	267	655	236
1082	266	676	234
1098	245	683	223
1092	237	690	224
1104	228	689	223
1082	230	690	234
1097	239	677	231
1126	235	666	241
1139	231	646	248
1143	234	630	252
1137	236	618	259
1138	222	590	265
1082	224	605	255
1089	215	589	264
1078	220	588	263
1059	220	572	266
1059	223	562	267
1049	237	547	249
1041	239	557	241
1014	235	596	222
1035	221	622	209
1008	225	652	208
1025	211	662	213
1023	224	680	217
1059	244	692	220
1069	270	702	218
1083	285	714	226
1088	306	715	225
1110	300	703	249
1107	312	710	247
1094	307	701	255
1062	291	705	257
1077	269	679	255
1063	261	661	265
1081	266	641	264
1108	262	610	263
1058	258	606	256
1063	264	608	249
1068	267	649	255
1074	279	692	259
1108	282	734	271
1116	286	771	270
1114	287	800	283
1099	284	809	291
1121	279	819	283
1104	269	811	294
1073	271	811	303
1076	270	795	301
1090	266	777	296
1070	266	769	296
1081	263	747	296
1055	265	736	291
1027	268	739	290
1039	283	725	287
1070	282	684	291
1031	296	713	279
1043	312	753	275
1049	319	791	277
1059	322	821	286
1049	310	864	293
1036	303	862	292
1032	287	859	296
1013	272	839	305
1003	273	816	312
1028	242	784	332
1021	239	780	339
1008	227	740	350
1000	226	731	347
988	231	709	340
992	240	700	357
974	241	676	364
990	220	665	346
1017	226	730	319
1037	190	799	320
1036	179	870	323
1080	170	720	310
1053	167	673	319
1050	162	730	334
1077	178	869	332
1065	181	854	345
1077	175	852	346
1081	149	862	355
1056	126	862	353
1049	118	861	331
1038	107	858	331
1041	105	845	333
1050	125	816	328
1047	136	798	315
1022	150	792	305
1024	162	789	307
1049	182	816	306
1053	188	858	323
1036	179	861	318
1067	192	738	315
1080	176	803	300
1054	177	730	307
1089	181	633	306
1083	176	653	315
1103	179	697	310
1112	171	650	304
1102	168	573	322
1080	142	533	314
1083	114	499	307
1062	88	472	309
1055	81	461	303
1039	88	530	279
1028	113	671	305
1021	122	629	290
1044	127	649	292
1063	130	692	297
1059	113	721	307
1071	123	746	299
1084	126	769	303
1091	123	775	304
1087	133	758	300
1091	142	739	300
1092	144	691	303
1088	162	660	298
1062	175	654	290
1055	175	626	291
1039	189	587	284
1048	208	547	264
1059	220	534	258
1066	215	528	258
1053	212	517	256
1049	219	547	258
1051	228	588	257
1054	225	623	261
1074	222	646	255
1077	217	647	256
1067	211	658	254
1055	204	668	255
1052	203	657	252
1053	199	640	256
1048	198	633	254
1055	202	614	249
1060	196	604	252
1046	199	586	242
1075	202	577	240
1074	196	568	238
1080	193	554	234
1078	176	558	234
1055	176	529	227
1070	176	561	226
1069	173	601	231
1081	176	625	235
1095	186	636	241
1108	206	648	236
1095	218	678	240
1120	210	683	256
1143	209	672	246
1119	214	677	263
1132	217	657	255
1133	227	634	252
1145	216	610	272
1114	218	587	247
1136	225	592	234
1118	220	576	232
1128	211	558	233
1128	217	546	229
1128	225	536	233
1123	226	521	234
1131	236	511	227
1118	238	563	237
1130	247	589	235
1118	239	615	244
1126	238	632	242
1128	228	648	222
1156	222	635	227
1125	223	630	232
1129	229	603	236
1159	235	567	231
1147	242	524	232
1150	249	503	229
1145	255	474	221
1144	259	453	216
1140	254	442	210
1127	245	432	202
1120	225	438	206
1115	213	455	204
1092	199	484	203
1080	189	528	222
1073	199	559	211
1083	196	570	214
1068	204	575	219
1085	203	580	229
1097	203	570	228
1088	211	571	220
1062	211	568	215
1069	201	558	212
1069	192	539	213
1052	182	517	209
1036	171	508	208
1048	163	475	206
1028	163	459	206
1026	172	447	203
1017	183	448	193
1017	193	438	193
1016	192	433	190
1020	191	420	190
1013	184	442	189
1011	177	488	189
1028	172	511	197
1040	174	537	205
1043	176	558	203
1073	176	572	200
1062	170	574	207
1071	163	569	208
1090	161	562	211
1095	166	535	209
1084	166	510	223
1073	161	489	221
1078	169	472	222
1066	177	455	216
1060	179	459	205
1066	181	436	197
1066	189	426	191
1072	200	418	191
1062	192	442	188
1062	174	482	200
1074	152	499	204
1067	146	512	210
1065	160	517	203
1060	167	526	205
1075	188	537	197
1109	190	538	189
1104	182	545	205
1122	187	526	209
1116	188	507	208
1081	191	502	202
1086	181	485	209
1084	178	448	202
1070	173	440	199
1069	182	434	192
1078	194	399	190
1070	207	398	198
1052	222	427	190
1084	231	448	188
1064	233	483	195
1067	233	508	195
1041	222	529	203
1053	219	527	208
1063	226	533	199
1050	224	512	207
1059	220	481	207
1062	219	461	209
1050	230	438	201
1061	221	415	209
1057	212	401	203
1059	207	380	197
1062	212	377	198
1071	199	364	212
1071	200	358	201
1068	190	359	210
1070	182	369	215
1052	174	384	218
1039	176	416	213
1027	179	423	210
1011	182	443	202
1001	184	443	206
1001	199	452	208
1001	202	444	199
997	217	441	195
1024	230	430	191
1009	236	422	191
1016	239	397	190
1003	226	375	199
1008	220	358	205
1018	214	342	208
1038	198	336	212
1017	197	321	209
1021	198	317	207
1032	202	314	221
1031	202	318	206
1029	207	331	189
1025	208	367	190
1026	193	394	198
1022	180	416	213
1040	178	431	216
1037	181	441	225
1043	180	433	220
1019	196	432	192
1013	194	424	197
1009	183	396	205
1011	201	369	199
1017	197	343	211
1012	215	330	208
1009	230	331	206
1012	254	354	204
1008	270	383	194
1001	276	364	187
1003	274	283	199
1010	287	298	200
1008	295	317	207
1001	312	340	214
998	318	380	228
999	301	379	254
999	308	395	244
987	320	396	219
992	322	405	243
991	327	410	275
989	329	405	255
992	329	370	216
986	336	361	205
973	340	374	219
985	349	351	207
971	350	347	209
972	343	337	202
961	338	348	204
976	329	325	200
974	342	327	199
974	343	335	189
965	355	368	185
956	368	395	184
942	369	420	188
967	361	415	192
973	365	420	181
974	367	425	185
1000	375	413	198
1018	384	397	204
1039	394	396	213
1040	397	356	210
1039	388	347	215
1039	379	325	211
1029	371	317	208
1029	368	307	210
1021	369	301	202
1014	364	291	210
1007	365	328	212
992	364	343	208
999	378	360	208
1008	381	376	200
998	391	375	199
1010	404	387	208
1024	414	376	198
1018	410	365	207
1020	414	350	202
1026	411	339	203
1029	407	313	207
1034	413	298	204
1035	409	288	209
1046	405	276	207
1045	412	284	211
1048	415	271	219
1048	415	265	225
1065	414	282	199
1059	428	317	202
1066	425	331	197
1069	427	349	196
1079	439	355	207
1076	432	367	214
1070	430	368	225
1072	419	368	229
1073	412	365	229
1073	408	340	221
1071	406	318	209
1068	402	311	203
1058	415	304	200
1050	422	286	204
1056	424	267	192
1059	419	258	198
1052	411	261	200
1053	413	263	208
1045	408	252	190
1045	403	256	202
1047	407	242	180
1038	424	270	179
1025	432	297	186
1023	437	321	204
1010	435	333	192
1008	437	334	200
1003	440	340	192
1006	443	356	192
996	450	355	186
989	440	362	203
991	449	350	202
994	448	341	203
950	452	378	198
937	450	396	201
953	462	376	193
973	459	356	197
977	448	350	199
979	431	360	200
979	416	349	186
983	420	339	174
987	414	360	183
986	413	379	177
979	412	410	173
984	407	413	174
989	403	424	175
987	404	432	165
978	400	446	175
985	399	459	176
981	402	469	181
986	403	467	181
989	393	471	189
962	387	461	196
978	385	456	210
979	397	448	206
956	407	463	207
964	414	459	208
949	412	448	209
943	417	458	217
931	425	463	211
928	432	469	222
929	435	469	230
918	444	481	233
913	451	497	243
922	453	495	237
911	460	505	224
909	461	518	193
908	461	525	175
902	460	544	177
917	463	541	174
920	477	556	164
917	488	569	164
945	492	567	170
920	489	553	174
910	484	571	184
914	478	579	192
932	468	578	200
925	462	602	217
908	470	625	222
917	463	552	206
946	456	549	204
969	456	549	209
980	456	545	219
986	455	536	220
1003	455	527	222
1012	466	520	229
1013	467	523	251
998	463	489	264
1020	478	490	270
1000	496	475	284
991	499	470	299
1032	513	432	278
1035	494	417	273
1050	477	386	258
1055	464	356	266
1058	457	330	229
1057	441	333	223
1057	432	365	254
1040	409	389	250
1016	403	410	252
1033	399	397	255
1091	414	353	246
1088	400	329	258
1095	397	314	259
1099	388	284	253
1101	378	237	248
1094	363	221	268
1109	349	176	272
1124	348	176	258
1130	357	182	255
1119	359	197	243
1111	351	211	284
1100	347	224	316
1093	335	219	327
1087	332	209	340
1096	326	190	338
1106	326	177	328
1106	318	169	321
1100	302	158	316
1091	293	169	261
1076	300	176	308
1065	300	194	336
1044	290	256	321
1028	276	258	381
1004	278	278	369
1008	275	280	346
992	274	289	355
1016	274	258	301
871	286	408	259
854	286	424	275
1003	270	296	252
995	265	293	237
1004	256	303	228
1022	255	270	251
1050	259	237	255
1056	273	220	283
1047	274	215	334
1040	282	219	297
1043	278	210	235
1014	285	228	230
1016	294	264	219
1031	301	296	189
1029	311	278	180
1009	325	300	206
975	334	331	251
976	338	332	256
1006	360	291	223
979	365	282	200
979	364	283	197
971	349	283	209
1086	345	194	214
1028	332	208	216
1039	338	189	233
1049	351	178	241
1059	341	169	257
1060	325	173	271
1061	306	175	296
1045	328	194	291
1048	337	199	292
1035	338	212	287
1043	331	203	316
1041	331	201	323
1020	326	213	339
1009	363	205	315
1005	373	201	320
1002	382	205	322
1001	383	208	282
1012	370	228	176
1028	379	208	166
1058	369	175	160
1065	384	167	152
1052	372	167	169
1092	360	132	152
1096	364	144	137
1093	347	126	160
1078	354	136	144
1069	350	135	122
1057	347	141	144
1047	344	139	149
1031	340	150	162
1015	336	160	163
998	332	168	164
982	343	161	155
967	362	163	186
984	371	141	210
1005	350	111	232
983	344	140	236
973	351	127	227
1002	347	96	148
1003	348	102	137
951	339	130	146
1001	340	109	133
958	344	132	170
956	345	133	175
960	346	100	178
953	332	91	188
948	326	84	149
938	301	94	131
929	287	109	139
905	296	113	131
904	281	117	146
902	287	121	145
900	286	120	151
