877	216	764	863
916	248	735	821
943	228	736	806
872	258	804	808
935	223	748	821
898	287	759	795
914	267	787	797
886	272	792	798
944	253	753	795
903	290	771	803
950	290	758	781
924	252	781	801
909	264	787	804
968	259	759	792
909	271	797	787
917	287	814	789
957	262	766	801
965	267	784	785
908	244	816	797
915	301	811	775
911	283	826	794
874	283	866	786
956	307	777	764
910	238	827	812
907	307	840	764
973	291	785	774
916	296	838	760
908	318	855	768
951	295	792	776
913	263	847	787
896	318	880	765
939	327	829	768
883	313	882	783
942	343	842	743
911	273	860	796
900	294	874	781
940	323	851	742
919	324	880	742
910	336	899	758
952	359	853	738
954	312	858	775
879	315	924	769
889	312	926	750
955	325	859	751
917	320	892	752
933	313	880	749
983	355	843	717
963	334	875	728
950	324	874	744
950	328	864	732
968	338	876	714
941	346	888	719
992	355	842	696
949	314	876	771
931	328	908	758
965	345	869	718
903	307	938	755
911	331	936	734
943	303	900	753
919	322	913	745
1000	327	850	734
938	339	895	729
953	346	913	731
926	319	901	742
980	311	893	758
925	329	935	744
979	323	890	764
950	323	919	751
999	340	855	730
965	330	903	743
977	332	915	756
946	334	940	746
946	329	959	743
862	317	984	771
940	301	942	776
942	337	945	734
988	324	911	751
971	333	915	743
1000	344	871	733
976	303	832	769
917	221	669	846
972	269	597	794
1114	351	731	735
966	286	907	778
992	310	909	750
957	333	840	736
942	259	639	829
945	265	648	826
957	269	653	814
947	262	696	807
944	247	605	851
994	250	591	825
940	234	644	848
948	284	780	813
962	250	600	825
983	271	618	804
1080	313	722	747
971	256	663	811
934	262	662	844
945	286	780	782
964	248	651	828
933	225	637	858
957	265	662	819
935	250	680	852
962	261	638	844
928	227	642	861
931	250	673	843
931	231	668	854
932	235	679	862
935	219	684	868
954	270	656	818
917	219	652	876
929	232	685	862
925	236	685	865
916	220	724	867
930	235	706	842
916	224	677	867
970	257	626	819
930	218	665	856
953	250	635	819
918	203	681	858
899	205	703	873
911	214	703	883
925	222	701	864
930	219	681	850
922	197	679	885
908	200	685	870
930	202	666	880
908	191	709	898
920	199	677	886
899	199	692	888
924	173	655	888
883	159	710	915
876	153	702	905
928	200	646	865
909	170	660	911
887	196	668	904
915	170	648	894
900	178	693	896
881	181	707	898
884	174	687	902
879	185	707	880
882	155	678	920
930	153	584	916
911	136	626	937
928	144	609	936
907	100	599	963
949	139	534	930
945	108	540	971
968	74	508	1004
1171	206	574	847
1053	216	828	829
966	143	725	943
970	117	670	964
1010	126	672	957
991	100	656	979
971	46	661	1031
1002	88	655	1000
996	42	650	1037
994	67	653	1040
1013	37	630	1039
994	37	641	1061
1020	25	597	1056
978	2	634	1071
1008	6	594	1069
978	-8	625	1097
983	-32	625	1105
990	18	607	1087
986	-23	613	1092
961	7	644	1094
968	-17	620	1084
951	7	633	1054
948	-26	626	1066
933	-13	643	1084
887	-5	681	1058
925	-1	647	1055
939	13	634	1025
924	-23	639	1064
882	26	671	1013
867	30	719	1029
872	24	665	1015
865	3	678	1048
874	55	665	981
899	14	621	1029
902	25	605	1022
899	17	587	1019
875	55	599	982
873	21	597	1023
962	154	506	898
921	257	540	816
999	343	451	715
999	193	428	873
1045	167	393	889
1069	170	340	862
1091	211	319	888
1062	173	369	866
1099	150	295	896
1123	135	285	901
1140	186	305	875
1111	215	331	888
1130	252	327	815
1130	245	319	830
1128	209	331	857
1126	203	342	878
1181	218	307	830
1173	220	285	855
1201	196	283	897
1185	156	275	923
1225	253	259	844
1259	261	226	839
1282	242	211	842
1302	239	194	835
1302	239	194	835
1302	239	194	835
1302	239	194	835
1302	239	194	835
1302	239	194	835
1302	239	194	835
1302	239	194	835
1302	239	194	835
1302	239	194	835
1302	239	194	835
1302	239	194	835
1302	239	194	835
1302	239	194	835
1302	239	194	835
1302	239	194	835
1302	239	194	835
1302	239	194	835
1302	239	194	835
1302	239	194	835
1302	239	194	835
1302	239	194	835
1302	239	194	835
1302	239	194	835
1302	239	194	835
1302	239	194	835
1302	239	194	835
1302	239	194	835
1302	239	194	835
1302	239	194	835
1302	239	194	835
1302	239	194	835
1302	239	194	835
1071	225	165	697
1071	225	165	697
1071	225	165	697
1071	225	165	697
1071	225	165	697
1071	225	165	697
1071	225	165	697
1071	225	165	697
1071	225	165	697
1071	225	165	697
1071	225	165	697
1071	225	165	697
1071	225	165	697
1071	225	165	697
1071	225	165	697
1071	225	165	697
1071	225	165	697
1071	225	165	697
1071	225	165	697
1071	225	165	697
1071	225	165	697
1071	225	165	697
1071	225	165	697
1071	225	165	697
1071	225	165	697
1071	225	165	697
1071	225	165	697
1071	225	165	697
1071	225	165	697
1071	225	165	697
1071	225	165	697
1071	225	165	697
1071	225	165	697
1071	225	165	697
1071	225	165	697
1071	225	165	697
1071	225	165	697
1071	225	165	697
1071	225	165	697
444	101	216	615
501	121	171	524
458	193	211	547
418	130	225	595
519	207	200	500
531	98	200	493
545	104	213	439
544	83	244	448
545	86	249	437
543	133	231	385
543	133	231	385
562	183	242	336
562	183	242	336
562	183	242	336
562	183	242	336
562	183	242	336
562	183	242	336
550	132	329	350
560	125	333	348
574	105	338	357
574	93	349	376
591	121	341	336
607	113	340	357
632	140	330	331
630	218	325	284
654	232	291	268
654	232	291	268
654	232	291	268
654	232	291	268
654	232	291	268
654	232	291	268
654	232	291	268
654	232	291	268
654	232	291	268
654	232	291	268
654	232	291	268
654	232	291	268
654	232	291	268
654	232	291	268
654	232	291	268
654	232	291	268
654	232	291	268
654	232	291	268
654	232	291	268
654	232	291	268
654	232	291	268
654	232	291	268
1028	375	265	337
1045	359	231	363
1051	362	215	383
967	376	290	345
997	326	253	424
973	320	283	398
969	301	296	410
905	209	287	570
922	213	237	591
921	172	252	639
1074	385	253	705
1099	407	261	670
923	149	278	676
918	115	295	677
1082	304	280	693
1134	379	236	691
995	146	243	631
1100	237	275	708
1076	249	315	699
1082	279	327	655
897	174	401	644
935	200	489	718
800	230	654	765
792	280	673	805
802	233	671	841
804	234	669	841
824	266	663	790
828	282	668	779
811	248	669	826
836	272	662	790
827	308	676	745
835	268	691	794
849	306	687	762
854	353	685	708
869	521	661	561
864	411	648	675
847	298	716	792
851	349	579	713
886	347	668	735
918	460	661	601
913	558	583	515
939	436	654	653
951	544	576	523
970	508	649	574
920	307	695	631
901	407	756	665
928	493	693	570
979	561	676	520
941	362	718	712
941	385	720	673
978	549	680	529
1003	557	661	508
979	520	713	558
1019	638	643	435
1010	539	662	527
994	472	706	602
1003	472	689	593
1006	431	706	646
1033	501	683	565
1076	654	648	429
1050	591	665	480
1007	471	731	595
1060	574	644	506
1067	645	646	427
1062	578	658	486
1012	448	732	617
1074	587	648	486
1037	372	702	655
1059	241	661	809
1035	494	729	599
1083	698	654	435
1079	708	601	379
1132	722	611	355
1086	661	671	413
1103	697	647	381
1101	665	650	404
1149	706	558	371
1113	738	408	343
1291	798	480	282
1123	759	412	323
1140	761	402	321
1208	778	555	302
1089	483	557	420
1139	746	412	334
1143	778	407	308
1145	785	407	300
1145	785	407	300
1145	785	407	300
1145	785	407	300
1145	785	407	300
1145	785	407	300
1145	785	407	300
1145	785	407	300
1149	821	414	266
1149	821	414	266
1149	821	414	266
1226	567	433	336
1169	828	409	255
1169	828	409	255
1169	828	409	255
1169	828	409	255
1169	828	409	255
1169	828	409	255
1169	828	409	255
1169	828	409	255
1169	828	409	255
1169	828	409	255
1169	828	409	255
1169	828	409	255
1169	828	409	255
1386	573	299	308
1192	831	301	264
1192	831	301	264
1192	831	301	264
1194	893	300	196
1194	893	300	196
1194	893	300	196
1194	893	300	196
1194	893	300	196
1194	893	300	196
1194	893	300	196
1194	893	300	196
1194	893	300	196
1194	893	300	196
1194	893	300	196
1449	610	263	288
1444	611	259	304
1447	609	264	374
1460	605	256	487
1222	667	283	424
1218	665	289	426
1473	619	266	468
1235	683	267	405
1500	621	232	470
1253	664	246	427
1245	653	256	429
1210	639	285	443
1247	681	260	417
1253	713	254	428
1253	870	266	376
1248	662	265	424
1238	648	279	444
1199	649	315	439
1250	665	286	416
1221	681	310	414
1150	613	385	474
1215	599	368	482
1134	650	395	435
1288	863	364	386
1229	670	334	417
1174	632	357	455
1241	677	314	411
1180	667	360	419
1288	753	285	412
1240	631	326	455
1270	650	329	440
1204	618	371	467
1173	616	407	464
1294	658	465	434
1298	825	460	407
1309	605	481	485
1287	863	423	440
1284	637	383	451
1224	676	396	415
1301	658	327	434
1329	668	418	421
1320	871	422	413
1323	670	447	422
1276	651	498	445
1102	659	524	424
1182	643	441	445
1352	543	464	546
1330	565	535	519
1348	506	550	585
1029	635	615	452
1030	664	608	422
1048	659	602	431
1036	634	623	454
1210	531	612	553
1118	658	536	436
1197	663	452	423
1300	622	502	475
1294	783	445	462
1209	629	457	456
1305	654	399	438
1239	652	440	435
1359	828	412	394
1256	673	426	415
1347	675	336	411
1328	667	362	420
1233	669	425	412
1212	641	493	441
1239	656	444	441
1233	660	450	438
1298	688	384	405
1238	652	440	437
1228	652	438	435
1247	646	422	450
1244	669	432	418
1264	683	406	404
1216	625	455	460
1243	655	443	434
1282	661	409	431
1224	661	446	430
1257	675	429	423
1263	665	422	428
1259	662	421	421
1251	654	448	434
1242	648	452	445
1256	654	421	431
1244	648	430	443
1251	654	418	432
1253	656	414	426
1257	652	414	438
1252	638	421	450
1243	663	428	432
1260	656	412	432
1254	663	418	419
1253	654	420	433
1257	645	416	443
1253	642	418	443
1254	650	416	438
1247	646	420	443
1247	660	420	436
1253	650	420	431
1258	651	421	430
1254	658	425	422
1245	655	444	434
1247	653	446	429
1254	653	433	432
1266	663	418	430
1238	654	457	431
1249	649	454	441
1251	661	436	433
1248	666	438	418
1255	683	428	407
1258	648	453	429
1250	654	446	438
1249	655	448	427
1252	662	442	427
1212	670	466	428
1253	677	420	409
1255	638	429	447
1260	652	428	437
1247	668	439	415
1253	668	436	424
1257	672	417	415
1268	696	433	385
1257	709	466	377
1250	677	495	409
1265	669	432	417
1261	673	447	409
1287	689	398	391
1258	711	444	373
1280	731	435	352
1259	670	446	413
1263	670	452	419
1259	674	436	407
1248	666	445	418
1265	681	397	412
1264	689	397	403
1248	661	418	422
1263	679	447	405
1247	692	437	387
1262	668	395	418
1245	677	437	407
1253	684	436	398
1237	668	473	421
1254	671	418	415
1268	672	426	415
1242	661	452	427
1254	666	458	429
1253	660	444	428
1244	663	447	422
1266	683	407	409
1265	694	404	390
1259	675	398	415
1261	692	441	400
1288	659	464	417
1240	657	457	434
1253	665	480	417
1259	657	449	424
1254	667	448	422
1263	665	449	419
1250	663	441	427
1261	672	426	419
1263	678	420	407
1264	666	405	419
1272	675	387	418
1264	678	433	404
1288	690	428	397
1258	684	399	399
1262	680	425	401
1266	683	403	408
1271	683	412	402
1273	696	394	397
1261	670	441	416
1282	694	407	390
1265	666	408	417
1265	678	393	405
1268	690	407	392
1280	686	399	403
1271	690	406	399
1275	685	428	405
1295	693	396	389
1286	674	392	412
1279	692	392	394
1279	671	400	409
1277	688	414	397
1277	700	402	391
1276	679	410	406
1271	688	402	405
1295	708	366	379
1280	666	409	419
1246	674	430	416
1224	680	453	411
1232	673	484	409
1174	657	521	416
1267	634	446	446
1270	644	426	442
1229	657	450	423
1282	658	426	429
1291	670	428	408
1293	677	395	406
1301	673	429	407
1296	685	412	408
1295	674	390	415
1306	686	389	397
1307	655	429	428
1307	675	411	417
1310	684	395	408
1316	671	430	416
1302	675	420	404
1308	695	420	396
1333	750	380	338
1299	665	427	417
1301	676	417	403
1303	676	438	415
1315	667	416	428
1330	702	432	384
1372	748	385	330
1347	740	410	347
1349	683	413	394
1317	650	426	435
1316	670	417	414
1337	684	446	401
1322	701	453	377
1326	672	410	422
1341	719	388	376
1352	679	416	406
1342	679	400	412
1339	681	423	408
1360	758	416	335
1341	681	440	396
1376	697	391	388
1335	646	422	441
1344	659	367	425
1341	678	434	411
1358	699	403	390
1335	666	431	419
1283	697	462	389
1175	687	593	386
1169	667	593	404
1126	671	650	401
1146	673	619	401
1144	692	616	375
1145	729	604	345
1146	688	647	389
1151	652	608	414
1155	644	572	422
1141	698	636	385
1142	668	617	398
1113	711	652	348
1151	647	613	415
1135	689	630	382
1162	639	608	426
1152	675	623	399
1154	660	624	409
1149	692	633	371
1111	686	652	390
1155	681	597	396
1156	638	612	432
1146	680	617	380
1145	710	629	362
1147	662	629	405
1149	683	619	381
1146	702	625	365
1143	708	639	356
1158	666	615	401
1121	685	654	379
1126	708	654	351
1146	687	624	379
1098	696	655	364
1142	692	620	369
1131	719	663	343
1136	703	641	365
1148	723	637	341
1136	719	621	353
1135	705	639	373
1110	718	660	358
1091	721	684	353
1118	740	665	334
1077	718	709	358
1104	741	657	330
1114	720	674	350
1123	710	636	364
1146	737	643	331
1105	727	657	343
1090	730	706	344
1112	730	656	346
1145	701	643	373
1135	723	621	338
1123	729	665	337
1109	736	648	329
1136	722	646	348
1079	750	680	319
1114	739	657	324
1131	726	655	345
1116	728	636	339
1109	743	664	332
1124	741	653	326
1138	743	645	332
1101	735	668	335
1126	739	653	327
1105	745	679	318
1123	756	644	316
1147	738	617	333
1114	724	655	341
1069	738	664	331
1101	723	655	351
1117	759	634	310
1114	760	655	310
1123	729	637	340
1114	765	617	298
1124	734	634	336
1111	733	633	335
1096	747	647	325
1109	779	645	282
1144	713	609	359
1072	735	666	335
1112	753	625	314
1109	807	606	271
1126	776	613	302
1124	743	627	333
1092	750	633	326
1109	800	594	271
1146	792	583	281
1119	759	602	315
1138	685	579	389
1126	708	616	363
1129	714	602	359
1118	738	592	334
1129	729	592	338
1094	729	647	337
1084	767	570	299
1104	709	629	361
1112	677	608	392
1095	691	625	385
1122	537	567	547
1130	658	555	507
1122	477	576	596
1144	479	547	602
1131	532	545	542
1101	748	543	476
1129	670	557	489
1147	531	542	547
1139	570	563	498
1121	520	589	553
1127	556	570	512
1090	661	608	416
1104	656	622	403
1102	605	622	466
1140	601	580	478
1128	494	572	581
1120	471	587	598
1126	437	560	613
1093	459	582	613
1118	551	560	512
1135	495	557	569
1140	471	563	567
1102	469	585	595
1131	488	537	566
1144	466	542	583
1132	532	571	543
1146	482	529	589
1194	466	504	555
1142	496	542	579
1163	489	514	565
1175	471	546	560
1158	481	536	605
1143	506	543	522
1111	489	589	568
1146	484	532	522
1164	482	540	553
1201	524	493	453
1199	498	458	500
1158	527	548	535
1117	477	615	593
1113	495	580	560
1111	497	586	562
1122	486	592	569
1126	511	586	548
1118	496	557	565
1115	479	581	579
1121	482	566	570
1276	479	429	544
1299	462	369	522
1307	489	347	487
1301	439	345	534
1289	476	361	484
1301	543	344	436
1284	486	351	465
1293	408	357	562
1248	526	410	485
1301	477	365	490
1296	393	359	594
1307	372	359	597
1317	417	342	566
1310	393	359	584
1295	413	377	562
1302	490	355	496
1308	365	367	654
1315	370	361	608
1309	402	363	566
1310	365	354	610
1314	360	395	638
1144	496	521	561
1292	439	418	571
1312	372	357	615
1322	366	354	593
1186	411	491	622
1306	427	393	550
1331	366	322	611
1312	350	355	630
1314	378	356	602
1326	360	346	635
1320	380	377	576
1307	367	347	622
1316	363	351	612
1315	367	353	605
1314	372	353	585
1317	378	344	579
1302	388	372	594
1320	366	342	628
1310	357	362	631
1311	378	356	608
1302	379	357	599
1295	375	379	625
1321	367	353	610
1311	371	349	596
1303	377	374	591
1296	376	369	608
1306	375	361	599
1307	385	361	584
1311	384	407	549
1326	380	318	572
1290	378	376	606
1291	396	407	570
1290	376	439	569
1321	380	404	559
1310	389	373	580
1292	404	419	549
1320	384	432	489
1287	397	382	549
1298	390	380	573
1316	383	371	479
1276	395	391	502
1322	420	378	433
1280	402	424	541
1334	389	429	445
1302	405	426	514
1312	422	377	455
1346	397	378	456
1289	406	364	554
1278	414	394	551
1294	406	415	554
1277	412	366	568
1283	408	365	566
1279	421	390	553
1284	412	414	564
1273	421	352	565
1268	423	391	559
1284	414	400	515
1272	412	377	563
1290	419	375	556
1254	422	408	553
1269	423	419	573
1277	422	340	550
1264	431	370	546
1262	430	392	551
1272	425	393	568
1256	459	365	521
1264	407	379	561
1271	417	379	555
1257	412	380	565
1252	426	398	552
1264	420	406	506
1251	418	384	556
1249	416	403	550
1254	446	410	485
1245	417	374	554
1259	412	372	561
1267	399	370	569
1267	401	364	560
1273	405	353	519
1240	399	431	554
1250	399	420	541
1236	399	377	557
1248	404	367	562
1247	415	384	554
1246	401	376	564
1246	411	389	549
1245	400	393	561
1260	408	382	572
1275	390	421	509
1262	415	426	562
1246	410	369	554
1257	407	378	520
1242	408	379	580
1270	409	392	490
1234	415	390	541
1244	409	391	584
1267	398	442	527
1230	412	425	569
1246	408	466	521
1240	430	575	513
1136	442	523	556
1187	434	519	606
1122	431	533	573
1135	439	575	609
1224	412	462	607
1248	469	402	529
1235	455	420	547
1245	441	426	509
1232	438	451	541
1259	418	501	550
1259	430	419	560
1221	437	380	566
1224	445	424	564
1234	432	439	575
1263	429	388	559
1225	450	390	552
1217	473	426	514
1242	456	391	517
1280	459	369	418
1259	436	355	451
1236	443	376	546
1242	440	366	585
1251	443	351	590
1229	455	374	571
1208	474	414	549
1259	475	407	508
1237	460	498	563
1238	498	426	546
1227	469	477	592
1265	450	429	604
1234	455	462	588
1260	442	412	611
1235	513	415	536
1237	483	439	565
1273	456	465	597
1231	500	396	533
1261	465	425	586
1239	466	366	579
1253	467	351	584
1241	455	362	591
1239	481	369	549
1233	463	373	571
1235	461	362	577
1232	460	471	616
1257	571	442	484
1239	534	463	550
1229	521	503	536
1186	526	466	530
1237	500	368	566
1254	450	426	607
1260	477	390	586
1278	453	367	612
1275	487	362	567
1214	503	378	554
1263	563	320	484
1240	483	360	574
1264	478	376	582
1259	502	449	541
1274	471	514	597
1284	478	429	580
1306	451	464	619
1104	493	534	571
1193	512	533	542
1241	486	511	571
1281	513	501	536
1073	509	563	541
1273	528	544	531
1222	551	489	513
1285	489	463	537
1255	510	498	553
1296	481	480	579
1287	508	409	554
1258	505	409	563
1290	499	455	575
1077	536	614	514
919	528	741	522
1000	506	742	555
1076	535	684	533
926	538	772	517
854	535	886	504
825	542	875	496
864	502	818	535
916	564	765	491
1040	531	704	534
1308	507	540	568
1162	526	592	531
1091	536	642	524
1113	542	579	524
1132	517	581	546
1103	522	604	547
1033	528	657	543
922	521	757	539
921	542	763	526
985	542	748	508
1027	535	753	537
891	510	821	546
859	532	843	509
854	480	812	561
852	528	917	546
842	522	873	526
851	551	911	491
841	543	902	508
839	547	885	498
858	538	889	509
884	543	863	497
871	502	834	551
841	536	871	510
883	541	812	522
873	510	837	543
1037	551	820	520
867	568	847	479
892	540	836	509
995	574	844	481
878	540	848	518
889	564	825	487
882	568	924	484
864	547	867	513
903	565	796	495
889	550	851	493
1130	557	743	504
934	547	775	516
852	551	872	501
855	569	870	466
924	567	860	489
863	540	832	512
901	573	795	481
938	555	741	507
1000	559	686	514
891	574	827	497
860	563	876	494
852	586	884	463
860	553	833	514
864	548	819	517
860	539	818	521
1073	587	753	458
1020	546	651	527
1124	563	556	503
1104	544	575	522
1100	560	553	513
1166	512	505	559
1288	542	371	515
1298	511	333	567
1306	520	333	550
1277	495	331	577
1304	513	334	559
1294	519	334	556
1287	499	379	569
1285	517	425	547
1281	513	350	566
1283	527	426	537
1285	490	349	582
1307	469	274	600
1315	480	308	594
1268	479	323	588
1301	488	307	570
1296	466	322	605
1306	505	309	556
1308	485	292	572
1293	498	385	582
1300	485	347	588
1303	508	423	559
1271	483	376	585
1284	503	450	563
1247	481	376	593
1254	520	466	545
1278	516	442	555
1264	516	494	542
1261	479	487	574
1295	504	478	557
