192	223	202	84
188	221	198	84
186	220	199	82
187	220	199	82
190	220	198	83
188	220	197	82
190	220	197	83
191	220	198	82
190	221	197	82
190	223	196	82
194	222	196	82
190	224	196	81
193	225	197	81
195	226	196	80
193	227	195	80
193	228	194	80
195	229	193	80
197	229	191	80
197	229	190	80
198	229	189	79
199	230	188	79
198	230	188	79
197	230	189	79
200	230	188	79
201	230	187	79
204	230	185	80
206	230	183	80
211	230	180	81
211	230	178	80
216	230	176	80
217	230	173	80
220	230	171	80
223	229	169	80
224	228	167	80
226	229	166	79
229	229	165	78
231	230	163	78
231	230	162	78
233	229	161	77
234	231	161	76
235	231	160	76
235	230	160	75
234	230	161	75
236	230	161	75
235	230	161	74
237	230	161	74
238	229	161	74
240	229	160	75
242	229	160	74
244	229	159	75
247	229	157	74
247	228	156	74
248	229	155	74
249	229	155	73
250	228	155	73
252	227	154	73
251	227	154	73
252	227	155	73
250	227	156	72
251	227	157	72
251	227	157	71
247	228	160	71
244	228	163	70
240	228	166	70
236	229	171	69
234	228	175	70
236	229	176	71
232	228	179	71
229	228	183	71
228	227	187	73
227	226	189	74
228	226	191	76
225	225	193	77
225	224	195	78
224	223	197	79
224	222	198	80
222	220	200	82
223	220	202	81
224	219	203	81
221	219	204	81
221	218	205	82
222	216	206	83
222	215	205	85
222	214	205	86
224	214	205	87
223	213	204	88
223	213	203	88
225	212	203	89
224	210	202	90
224	209	202	91
226	208	202	92
225	207	201	93
228	205	200	95
228	204	199	95
229	204	198	96
229	203	197	97
231	202	196	97
229	203	196	97
231	204	195	97
230	204	194	96
232	205	194	96
233	206	194	95
231	207	194	94
230	209	195	93
230	212	196	92
229	215	197	91
228	217	199	89
226	219	200	89
226	221	202	87
225	221	203	86
224	222	204	84
224	223	205	83
225	223	205	83
226	224	205	81
225	225	204	80
228	227	204	78
229	227	203	76
232	228	202	74
234	229	200	73
236	230	197	72
237	231	195	70
239	231	193	70
244	231	188	69
247	231	185	69
252	231	180	69
256	230	175	69
258	231	171	69
260	231	168	69
262	231	165	68
263	231	161	67
264	231	158	67
266	230	155	66
271	230	150	66
272	229	147	66
273	228	144	65
276	228	141	65
278	227	138	64
279	226	135	64
279	224	132	63
281	224	130	62
282	224	128	61
282	223	127	61
282	222	125	60
283	222	124	60
283	221	123	59
284	221	121	59
283	221	121	59
283	221	119	58
285	221	118	58
283	222	118	58
283	222	118	57
282	223	118	57
283	223	117	57
281	224	117	57
281	223	117	57
280	223	118	57
278	224	117	57
278	224	117	58
278	224	117	58
278	225	117	58
278	225	116	58
277	225	116	58
276	225	116	58
276	225	116	58
276	226	116	58
275	226	116	58
275	226	115	57
276	226	115	57
275	226	115	57
274	226	115	57
273	226	115	58
273	227	115	58
273	227	115	59
272	227	115	59
271	228	116	59
271	228	116	59
271	228	115	59
270	229	116	59
268	229	117	59
268	229	117	59
267	229	116	59
266	229	117	59
264	229	118	59
263	230	118	59
264	229	118	60
264	230	117	59
264	230	117	59
262	230	118	59
261	230	119	59
260	230	120	59
258	230	121	59
259	229	122	59
259	229	122	59
259	229	123	59
257	228	123	59
259	228	122	59
258	227	122	60
259	227	121	60
258	227	121	60
258	227	121	59
258	226	120	59
259	226	120	59
258	225	119	58
259	225	119	58
260	224	118	58
260	224	118	58
260	223	118	58
260	223	118	58
260	223	118	58
260	223	118	59
260	222	117	59
260	221	117	59
260	221	116	59
260	220	116	60
260	219	116	60
261	219	116	60
261	219	117	60
261	218	116	60
261	218	116	60
261	218	116	60
261	218	116	60
259	218	116	60
259	218	117	61
258	218	116	61
258	218	116	62
257	218	116	61
256	218	117	61
256	217	117	61
256	216	117	61
255	216	117	61
255	215	117	61
253	216	117	61
253	215	117	61
253	215	117	61
253	214	117	61
254	214	115	63
253	213	115	64
253	212	115	65
253	212	114	66
253	211	113	67
253	211	113	67
252	210	112	67
251	209	113	67
251	208	113	68
249	208	113	68
249	208	113	68
249	207	113	68
249	206	113	69
249	206	113	69
249	206	112	69
249	206	112	69
249	206	112	69
249	206	112	69
248	206	113	69
248	206	113	69
247	205	114	69
246	205	114	70
245	205	114	70
245	204	115	70
245	204	116	70
245	203	116	71
245	203	116	71
245	202	116	71
245	200	116	71
245	200	116	71
244	199	116	72
243	198	116	72
243	198	116	72
243	198	116	72
243	198	116	72
242	197	116	72
241	198	116	72
241	198	116	72
240	197	116	72
240	197	117	72
239	197	117	73
239	196	117	73
238	196	117	73
240	195	117	73
239	195	117	73
239	195	117	73
239	195	117	73
240	194	117	73
239	194	117	73
239	194	117	73
239	194	118	73
238	193	118	73
238	193	118	73
238	193	118	72
239	193	118	73
238	192	118	73
238	191	117	73
238	191	117	73
238	190	117	74
237	190	118	74
236	189	118	75
236	188	119	75
235	188	119	75
236	188	119	76
235	189	120	76
235	188	120	76
235	188	120	76
235	189	120	76
234	189	121	76
235	189	121	76
235	189	121	76
236	187	120	77
236	188	120	77
236	188	120	77
237	187	119	77
238	186	119	77
240	185	118	78
241	183	118	78
242	182	117	79
243	180	116	79
244	179	116	79
247	179	115	79
247	179	115	79
248	180	114	78
249	180	114	78
250	181	114	77
251	183	113	76
253	182	113	75
253	183	113	75
255	183	112	74
256	182	113	73
257	182	113	73
257	182	112	72
258	182	112	71
260	182	112	71
261	181	111	71
262	180	111	70
264	180	110	70
265	179	109	70
266	179	109	70
268	178	108	70
269	178	108	69
269	177	107	69
268	176	108	69
269	175	107	69
270	174	107	70
271	173	106	70
271	172	106	69
272	172	106	70
273	172	105	70
274	172	105	70
275	172	105	70
275	173	105	69
275	174	105	69
276	174	104	69
277	175	104	69
277	175	104	69
278	176	104	69
278	176	104	68
278	176	104	68
279	175	103	68
279	175	103	68
280	175	103	68
280	174	103	68
279	175	104	67
279	176	104	67
280	176	103	66
280	176	103	66
280	176	103	66
280	177	103	66
281	177	103	66
281	177	103	66
281	178	103	66
281	179	103	66
281	179	103	66
281	179	103	65
281	179	104	65
281	179	104	65
281	179	104	64
282	178	104	64
282	177	104	64
282	177	104	64
283	176	103	64
283	176	103	64
283	176	102	64
284	177	102	64
284	176	101	65
285	176	101	65
285	177	101	65
285	177	101	65
285	178	101	65
285	178	101	65
284	178	101	65
284	179	101	64
284	179	101	64
284	179	101	64
283	180	101	63
282	180	101	63
282	180	101	63
282	180	101	63
282	181	101	63
281	181	101	63
281	181	101	64
280	181	101	64
279	182	101	64
280	182	101	64
279	183	101	65
278	183	101	65
277	184	101	65
277	185	101	65
276	186	102	65
276	187	102	65
275	188	102	65
274	189	102	65
274	189	102	65
274	191	102	65
274	192	103	65
274	193	103	65
274	194	103	65
275	195	102	65
276	196	102	66
275	197	102	66
275	196	102	66
276	195	102	66
276	195	102	66
276	194	102	67
276	194	102	67
275	192	102	67
276	192	101	67
275	191	101	67
275	192	101	67
275	191	102	68
274	192	102	68
273	192	102	68
274	192	102	68
274	192	102	69
275	192	101	70
275	192	100	72
275	192	99	72
274	192	99	73
276	191	99	73
275	187	98	73
275	189	98	73
275	189	98	74
275	183	97	73
275	184	98	73
275	179	97	73
275	181	97	74
275	176	97	73
274	177	97	74
274	176	98	74
275	176	98	75
276	175	98	76
276	175	98	76
276	176	99	76
276	176	99	76
278	178	99	76
278	179	99	76
280	180	99	76
279	180	99	76
280	181	99	76
281	182	100	76
281	182	100	76
282	183	100	76
281	183	100	76
282	183	100	76
282	183	100	75
281	183	100	75
282	181	101	76
279	182	101	75
277	183	103	74
277	184	104	73
277	183	103	73
275	184	105	73
274	184	105	73
273	184	105	72
272	184	106	72
271	183	106	72
271	182	106	72
268	181	106	72
267	182	107	72
266	181	107	71
265	181	107	71
264	180	107	71
263	180	107	71
262	181	107	71
260	182	107	70
260	184	107	70
259	184	107	70
259	185	106	70
259	186	106	70
257	186	106	70
256	186	106	70
256	186	105	70
254	188	105	69
247	190	107	69
248	191	107	69
248	192	107	69
250	192	105	70
251	193	103	71
251	194	101	72
250	196	100	72
250	197	98	72
249	198	98	72
248	199	97	72
246	199	97	72
243	201	98	71
235	203	102	70
234	203	103	70
232	203	105	69
229	210	107	69
228	207	107	70
225	207	108	70
224	207	109	70
222	208	110	70
221	208	111	71
220	208	111	71
219	208	111	71
218	209	111	72
217	208	111	72
216	208	112	72
217	208	112	73
215	208	113	73
215	207	113	74
214	206	113	74
215	206	114	74
214	207	114	74
214	208	114	75
215	208	114	75
214	209	114	75
214	211	115	75
213	211	115	75
213	212	115	75
213	213	115	75
211	214	115	75
210	214	115	76
208	214	115	76
208	214	115	76
205	214	116	76
206	215	116	76
204	215	116	76
202	215	116	76
200	215	117	76
197	215	118	77
196	215	118	77
194	214	118	77
194	214	119	78
192	214	119	78
189	220	121	79
188	215	122	80
184	214	123	81
186	212	122	82
178	221	125	82
182	217	127	82
177	214	127	84
178	223	128	84
180	219	129	84
175	217	130	84
165	228	133	84
169	224	133	85
172	224	135	84
167	223	135	84
169	222	135	84
172	222	134	85
167	222	134	86
169	222	134	85
171	221	132	85
171	221	131	84
170	222	130	84
169	224	130	83
169	223	129	82
168	223	129	81
168	224	128	81
167	225	127	80
167	225	126	80
167	227	125	79
165	227	125	79
167	228	124	78
167	228	123	78
166	228	123	77
166	228	122	77
164	229	123	76
166	229	122	76
165	229	123	76
165	229	123	76
166	230	123	76
166	229	123	75
165	229	123	75
165	229	123	75
164	229	123	75
164	228	124	75
163	227	124	76
162	228	126	76
162	228	126	76
160	228	127	76
159	229	129	76
158	229	129	76
157	230	130	76
156	230	131	76
156	231	132	76
155	232	132	76
156	232	132	76
157	233	132	77
156	234	131	77
155	235	132	76
154	236	133	76
153	236	133	75
152	236	134	75
152	236	133	76
153	236	133	76
154	235	132	77
154	236	132	77
155	236	131	77
153	236	131	77
152	237	131	77
150	237	131	77
149	238	132	77
146	239	133	77
144	240	134	76
142	240	135	76
140	241	136	76
139	242	137	76
140	243	136	77
140	243	135	77
139	243	135	77
139	242	134	77
140	241	133	77
142	240	131	77
143	239	130	77
144	237	129	77
145	236	128	77
147	237	127	76
149	236	125	76
150	236	125	76
151	236	124	77
153	236	123	76
154	235	122	77
153	235	123	76
155	235	122	76
157	234	121	77
157	233	121	76
158	232	120	77
161	231	119	76
163	231	119	76
163	230	119	76
165	232	119	75
167	231	118	75
168	231	118	75
170	230	117	75
171	229	116	74
172	229	117	74
172	229	117	74
173	229	117	73
172	230	117	73
173	231	118	72
174	231	118	72
174	230	118	72
174	230	118	73
175	229	118	73
175	229	117	73
175	229	118	73
175	230	118	73
175	229	118	73
175	229	118	73
175	230	118	72
175	230	119	72
176	231	118	72
176	233	118	72
176	233	118	72
176	233	119	72
177	234	119	72
177	235	118	72
177	236	119	72
176	237	119	72
176	238	120	72
178	239	119	72
177	240	119	73
178	241	119	73
179	242	119	73
178	242	118	74
178	243	118	74
180	243	117	74
179	243	117	74
180	243	117	74
181	242	116	75
183	242	116	75
183	241	115	75
183	240	115	75
184	239	115	75
185	239	116	75
185	238	115	75
186	237	115	75
179	237	117	75
180	237	118	75
180	236	120	75
179	235	120	76
178	235	121	77
178	234	122	77
178	235	122	77
174	245	124	78
174	244	126	78
173	244	127	79
173	245	127	80
173	247	126	80
173	248	126	81
172	250	126	81
169	259	126	81
169	256	127	81
167	256	127	81
166	255	128	81
165	254	128	81
165	253	128	81
165	252	127	82
164	252	127	81
164	252	126	81
164	252	126	80
164	251	126	80
160	259	126	80
159	256	127	80
159	255	127	80
159	254	126	80
149	256	129	80
150	257	130	80
151	257	130	80
138	265	132	80
140	263	133	81
142	261	132	81
144	260	130	81
139	260	131	81
142	260	130	81
145	259	129	82
138	261	129	81
141	259	129	81
143	257	128	82
144	255	128	82
144	253	127	82
144	252	128	83
145	251	128	83
146	249	128	83
142	258	130	83
144	252	131	84
144	248	131	85
146	245	131	85
145	242	131	86
145	241	131	86
146	241	131	87
145	250	133	87
147	245	133	88
147	242	133	88
145	252	134	87
146	248	134	88
147	244	134	89
149	242	133	89
150	241	132	89
148	254	134	86
147	252	135	86
149	249	134	87
151	247	133	87
151	245	132	87
153	244	131	87
154	243	131	87
156	242	130	86
156	241	130	86
157	241	130	86
158	240	130	86
156	253	132	84
156	252	133	83
158	250	132	83
159	248	131	84
163	247	131	84
163	247	132	84
165	246	132	84
167	245	131	84
170	244	130	85
172	242	130	85
173	241	129	84
172	253	131	82
175	250	130	83
178	248	130	83
179	247	130	83
182	246	130	83
179	257	132	81
179	255	133	82
181	252	133	82
182	249	134	84
185	247	134	85
188	245	133	86
191	244	133	86
189	256	136	84
189	253	136	83
191	249	135	84
192	246	135	85
195	244	135	86
196	243	135	87
193	254	138	84
195	251	137	84
195	248	137	85
198	246	136	85
201	245	135	85
204	243	133	86
204	243	132	85
205	243	131	85
206	243	130	84
204	256	132	81
204	254	132	80
204	253	132	80
205	251	132	80
205	251	131	80
206	251	131	79
207	251	130	79
207	251	130	79
207	250	130	78
206	250	130	78
206	248	131	79
207	245	130	80
208	244	129	81
206	255	130	79
207	250	130	80
208	247	130	81
209	246	129	81
210	246	128	81
206	257	130	78
207	252	130	79
209	248	129	80
210	246	128	81
211	245	128	81
211	245	127	80
212	244	126	80
214	244	125	80
214	244	125	80
214	244	125	80
214	244	125	80
213	244	126	80
210	243	128	79
211	243	129	79
211	242	130	79
211	241	131	78
212	241	131	78
213	240	131	78
215	240	131	78
217	239	131	78
218	238	130	78
218	237	131	78
219	236	132	78
221	235	132	78
221	234	132	79
222	235	133	79
224	235	133	79
226	234	132	80
227	233	133	81
228	232	133	81
231	231	132	82
233	230	132	83
235	229	131	84
237	227	131	85
237	226	130	86
240	225	130	86
240	224	129	86
240	224	129	86
243	224	129	86
244	224	129	86
244	224	129	86
246	225	129	85
247	227	129	84
247	228	129	84
246	229	130	84
247	229	131	84
248	229	131	84
248	229	131	84
247	229	132	85
248	230	132	85
249	230	132	85
250	230	133	85
251	229	133	85
251	229	133	85
251	229	133	84
252	229	133	83
253	228	133	83
252	229	134	83
254	228	133	83
253	228	134	83
254	228	134	84
255	227	134	84
255	228	134	84
256	227	135	84
256	227	135	84
257	226	136	85
259	224	137	85
259	224	137	85
258	225	138	85
258	226	139	85
259	227	139	85
262	226	139	86
262	226	140	86
263	226	141	87
264	228	141	86
267	227	141	87
269	226	142	87
270	225	142	88
273	222	142	88
275	222	142	89
277	221	142	89
280	220	142	89
281	218	142	89
282	218	143	89
284	220	143	89
286	220	143	88
288	220	143	88
289	221	143	87
290	221	142	86
291	221	142	86
291	221	142	85
291	222	140	85
293	221	139	85
294	222	139	85
293	224	138	84
294	225	137	85
294	227	137	84
293	229	137	84
295	230	136	84
295	231	136	84
294	232	136	84
294	233	136	84
294	233	136	84
295	233	135	84
295	233	135	84
296	233	135	84
295	232	135	83
295	232	135	83
297	232	135	83
297	232	135	83
296	233	135	83
298	234	134	83
296	235	134	83
298	237	135	83
298	239	135	82
298	239	136	82
298	240	137	82
299	240	137	82
298	239	138	82
300	238	138	83
303	236	138	83
303	233	138	83
306	231	138	84
306	229	138	84
307	229	138	84
308	228	137	83
310	230	136	83
310	233	136	82
311	235	136	81
310	235	136	81
311	235	135	81
310	236	136	81
310	235	136	81
312	234	136	82
312	231	135	82
311	230	135	83
310	229	136	83
309	228	136	84
309	226	136	85
309	226	135	85
307	226	135	85
307	225	135	85
307	224	135	86
306	222	136	86
305	222	136	86
305	219	136	87
306	218	136	87
307	219	136	88
306	219	137	89
306	219	138	89
303	229	139	89
304	225	140	90
303	223	141	91
305	221	141	92
305	221	141	92
303	220	142	92
303	221	141	92
302	220	142	93
299	220	142	92
301	221	143	93
296	222	143	92
281	234	144	90
287	230	144	90
290	227	142	90
289	226	142	89
290	224	140	88
288	223	140	87
301	211	141	85
310	210	141	84
306	211	141	82
303	213	142	81
301	215	144	80
301	216	145	80
301	215	146	80
301	213	146	81
300	212	146	82
300	210	146	82
300	209	146	82
300	209	146	82
297	217	146	83
298	215	147	83
298	214	147	83
298	215	147	84
297	214	147	84
296	214	146	85
296	214	146	85
295	213	146	85
293	212	146	85
290	222	146	85
288	220	147	85
288	220	146	84
286	220	146	84
285	220	146	84
285	220	146	84
285	220	146	84
285	219	147	85
284	217	148	86
283	216	148	86
283	215	149	86
284	213	150	87
203	232	151	84
185	235	156	79
181	236	159	75
180	235	161	73
180	235	163	72
182	234	163	71
182	233	163	71
184	232	163	71
185	232	161	71
187	231	161	71
188	231	160	70
188	231	159	72
189	229	159	72
189	228	160	72
190	227	162	71
188	227	165	68
184	228	166	66
184	229	167	64
183	230	167	64
182	233	167	63
181	236	166	63
181	239	165	64
181	241	162	66
181	249	158	70
182	248	154	73
184	248	149	76
186	248	146	79
186	249	143	80
186	249	141	82
187	251	138	83
187	252	136	83
186	252	134	83
185	254	131	82
187	255	129	82
186	256	127	80
184	256	123	83
183	256	120	84
182	255	117	85
181	255	115	85
180	255	114	85
178	255	112	84
177	254	111	83
177	255	109	82
175	254	108	81
174	255	107	80
172	257	106	79
169	258	108	76
168	258	108	76
164	257	110	74
161	256	111	72
158	254	112	71
156	252	113	70
153	249	114	70
151	248	114	69
149	247	114	68
147	245	115	67
143	244	114	67
143	244	114	66
140	243	114	66
138	242	114	66
136	242	114	65
134	241	114	65
131	240	113	64
129	239	113	64
128	238	113	64
126	237	113	64
125	235	113	63
123	235	112	63
122	233	112	63
120	232	112	62
120	231	111	62
117	230	111	61
117	229	111	61
116	228	111	61
114	227	111	61
112	228	111	61
110	227	111	61
109	226	110	61
109	225	110	60
108	225	110	60
105	225	109	60
105	224	109	60
103	224	109	60
100	225	109	59
98	224	109	59
96	225	108	59
93	225	108	59
92	225	107	59
90	225	107	59
87	225	107	59
87	223	107	60
83	222	108	59
83	220	110	59
81	217	111	60
79	215	112	60
80	211	113	61
79	208	114	61
83	204	118	60
77	202	118	61
74	201	118	62
76	198	120	62
82	196	122	61
78	193	123	61
76	193	125	60
83	193	127	60
80	201	128	59
