407	203	241	146
405	199	238	144
407	200	235	142
415	203	231	140
417	204	226	138
416	209	225	136
410	207	226	135
404	207	227	134
402	209	226	133
393	210	229	133
397	212	238	130
391	215	251	129
384	215	266	126
374	216	283	125
359	223	281	123
360	227	281	120
362	228	280	119
363	229	277	119
363	230	276	118
358	232	275	118
352	231	275	120
345	229	278	123
339	230	282	123
339	232	285	124
348	236	285	126
355	236	285	129
370	235	282	134
357	220	281	132
346	224	282	131
335	223	285	133
337	219	286	135
339	216	292	134
341	215	303	132
343	216	311	132
343	216	318	132
340	212	314	132
341	215	311	131
343	215	301	131
347	216	290	130
359	216	278	129
365	218	268	127
368	218	260	125
373	220	254	124
377	221	248	122
378	220	245	121
384	220	238	120
388	220	232	118
390	221	228	117
396	222	227	115
398	222	226	112
400	222	223	110
397	224	216	108
392	223	208	106
401	225	203	105
404	225	199	104
395	225	198	102
399	224	198	102
403	225	189	106
409	225	194	106
406	226	198	108
406	225	200	109
408	224	198	110
416	224	193	111
415	219	189	113
426	216	187	114
423	218	187	113
381	126	194	109
375	116	199	106
388	121	209	104
409	121	215	105
429	118	223	105
451	119	228	104
472	119	232	105
469	119	235	106
489	119	239	106
502	120	246	105
515	124	253	106
540	113	257	108
566	112	261	111
588	100	266	111
585	107	270	113
608	94	272	113
629	98	275	115
653	84	278	115
673	88	286	116
702	73	293	117
699	82	299	117
740	81	305	116
762	66	311	115
791	68	323	113
824	66	330	114
874	62	331	115
870	62	333	115
936	54	330	117
986	25	328	118
969	21	327	118
942	-4	328	118
924	-5	328	118
786	1	330	116
827	6	321	113
848	9	307	114
857	10	296	113
866	12	285	112
867	13	271	112
922	10	256	113
968	8	241	116
979	8	229	117
1030	2	222	117
1057	-11	222	114
1080	-5	212	115
1087	-4	204	116
1007	185	220	109
1004	191	233	102
1035	195	237	100
1074	198	224	106
1090	204	210	113
1105	202	191	124
1109	175	183	129
1118	169	173	132
1031	99	176	119
1052	102	178	111
1099	105	175	107
1128	86	164	113
1138	104	155	118
976	1	156	109
965	1	152	106
993	6	155	98
1009	10	165	93
1028	12	174	91
1082	8	172	92
1120	5	165	94
1124	3	159	95
1147	3	146	100
1152	4	137	101
1157	1	129	101
1153	5	128	101
1150	5	128	101
1149	7	128	101
1147	7	128	101
1147	8	128	101
1148	-6	128	100
1128	-19	132	94
1136	-16	136	87
1160	-1	130	91
1158	-1	125	94
1155	2	125	94
1152	4	125	94
1153	5	125	94
1154	7	125	94
1040	106	128	97
1070	108	133	98
1070	110	138	100
1112	118	137	101
1134	119	137	104
1148	121	132	111
1162	124	125	117
1151	179	126	114
1143	188	129	110
1139	209	131	107
1142	216	133	108
1144	224	134	108
1145	233	132	105
1142	269	132	106
1160	259	126	108
1162	267	121	110
1163	274	117	114
1102	279	125	105
1129	296	128	102
1052	284	138	94
1028	286	137	94
1026	288	137	92
1040	139	145	91
1066	138	153	92
1071	150	155	92
1074	165	155	91
1117	164	149	96
1150	161	139	104
1154	159	131	109
1164	176	125	109
1182	210	117	115
1127	277	127	104
1132	278	127	102
1148	281	127	100
1164	313	120	103
1135	241	128	97
1088	147	130	91
1082	149	133	88
1080	150	136	86
1079	151	138	85
1092	149	143	85
1089	148	147	87
1112	147	146	92
1123	149	147	95
1127	156	147	100
1142	160	142	107
1144	163	137	115
1145	155	135	118
1148	161	131	122
1149	184	130	122
1147	188	131	121
1112	206	145	110
1118	209	152	102
1114	213	157	96
1127	216	153	97
1138	217	147	99
1146	222	138	105
1158	254	131	113
1161	240	126	119
1145	292	128	119
1145	295	128	118
1049	224	136	109
1084	228	136	108
1126	218	139	103
1137	210	139	102
1138	215	137	101
1144	218	134	103
1149	210	130	102
1168	217	121	108
1183	216	110	117
1034	183	117	104
1042	180	123	95
1066	184	125	88
1066	187	127	82
1099	178	122	82
1131	173	118	81
1161	176	116	79
1171	176	112	79
1176	176	107	83
1178	166	104	84
1189	168	98	86
1191	169	98	86
1175	289	100	84
1178	291	99	85
1182	295	97	84
1190	297	96	85
1189	299	95	85
1148	188	105	77
1162	182	109	75
1174	98	105	80
1177	86	102	83
1183	76	97	85
1187	71	94	83
1190	71	92	82
1196	61	87	82
1209	40	79	88
1208	36	79	88
1208	33	79	88
1207	30	79	88
1206	28	79	88
1204	25	79	88
1204	23	79	88
1204	21	79	88
1202	17	79	88
1069	-12	88	79
1049	-9	101	71
1068	-7	113	66
1090	-6	121	62
1112	-5	128	59
1138	-5	133	57
1154	-4	129	59
1158	-3	126	60
1160	-2	124	61
1170	1	122	62
1105	117	121	61
