681	251	84	76
675	249	82	75
677	247	81	74
679	249	80	73
679	250	80	72
682	249	81	70
683	249	82	68
681	247	81	67
682	247	81	65
685	246	79	64
688	244	79	62
692	244	79	61
699	245	78	62
700	245	77	62
703	245	75	62
702	246	77	61
704	248	77	59
706	248	77	58
707	249	77	57
706	249	77	54
705	250	77	53
705	250	77	51
704	251	77	49
703	251	77	48
704	251	76	47
705	250	76	46
706	251	75	45
704	251	75	45
704	252	75	43
702	252	75	42
703	253	74	42
702	253	73	41
703	255	72	41
702	256	71	41
702	257	71	41
701	258	71	42
701	258	70	43
700	259	70	43
700	261	70	44
701	262	70	44
702	263	69	45
704	264	68	46
707	266	66	46
708	267	65	47
709	268	65	47
710	269	65	47
704	270	65	47
705	271	64	47
699	273	64	48
700	274	64	48
694	276	65	48
696	278	64	48
697	279	64	48
691	280	64	48
691	281	64	49
694	282	63	49
695	283	62	49
697	283	61	49
701	278	56	54
702	277	52	58
702	276	51	60
703	277	50	61
704	277	49	60
704	279	49	60
703	279	50	59
702	281	50	57
701	282	50	57
702	283	50	55
701	285	50	54
701	286	51	53
700	287	51	51
700	289	51	50
699	289	51	50
699	291	50	50
699	292	49	50
700	295	48	50
700	297	48	49
700	298	47	48
700	299	47	47
701	299	47	46
701	299	47	46
701	299	47	46
702	297	47	46
702	294	47	47
702	294	47	48
701	292	48	48
699	289	49	49
698	285	49	51
697	284	50	51
696	284	51	51
696	285	51	51
695	287	53	50
695	280	52	53
694	278	52	55
693	278	53	57
691	276	53	59
692	273	53	62
692	273	53	64
692	271	53	66
692	272	53	66
693	269	52	68
692	267	53	69
691	269	53	68
689	268	53	69
689	266	53	70
688	264	53	71
689	263	53	70
690	261	52	70
685	261	53	69
684	261	55	68
683	260	56	67
684	259	56	66
682	259	57	65
680	258	57	65
676	258	59	64
674	256	61	64
670	254	62	63
667	252	65	63
666	250	66	64
666	250	67	64
666	247	67	65
666	248	68	64
665	248	69	64
665	245	69	64
666	241	69	65
665	238	68	67
666	236	68	67
665	235	68	67
665	235	67	67
665	235	67	66
665	236	68	64
667	237	68	63
667	237	68	62
668	237	68	61
669	237	67	60
670	237	67	60
672	237	66	59
674	238	64	59
676	240	63	57
679	240	60	57
680	241	59	55
681	242	58	54
683	243	56	52
684	244	54	51
688	245	52	50
689	248	52	48
691	247	51	47
692	247	51	46
690	248	50	45
690	249	50	43
690	249	48	43
691	250	48	42
691	250	47	42
691	249	47	41
691	248	46	41
690	248	46	41
690	248	47	39
688	249	48	38
687	248	50	38
684	248	50	39
683	245	49	40
685	242	47	42
686	240	46	44
687	240	45	45
688	240	45	45
688	241	45	45
686	241	44	46
686	238	42	48
685	239	41	49
685	237	40	51
685	235	39	52
685	234	38	53
684	235	39	53
682	234	39	53
683	234	38	54
682	236	41	53
679	236	45	51
673	238	49	50
671	241	52	50
669	246	54	52
668	250	55	53
670	252	55	54
675	250	54	53
677	247	53	53
681	243	51	52
683	243	51	51
684	241	51	50
683	240	50	50
682	240	52	49
680	241	53	51
679	240	55	55
681	236	55	60
687	230	54	66
692	233	53	68
694	234	53	70
695	236	54	73
695	236	54	78
692	235	55	80
690	231	57	81
682	231	65	78
677	228	76	73
679	227	85	70
682	227	95	69
690	225	100	70
699	222	104	70
704	218	109	71
704	206	117	70
704	203	118	71
705	200	111	80
713	199	108	87
721	196	111	90
726	197	116	90
729	197	120	90
731	199	130	85
723	201	135	83
723	201	138	84
726	200	140	84
730	203	142	83
733	206	146	81
724	211	148	78
724	217	148	75
726	218	145	74
728	215	146	78
730	203	144	81
740	202	144	84
752	204	140	85
766	224	136	86
793	257	139	84
810	288	144	78
828	301	143	77
844	306	139	79
856	311	134	83
866	315	129	87
873	313	124	89
879	311	122	88
885	310	120	87
889	311	119	86
897	311	116	85
905	315	113	84
908	320	110	82
911	324	108	79
914	326	105	77
919	328	101	75
924	329	98	73
931	330	88	76
937	331	82	77
942	332	77	78
946	334	73	77
950	336	71	75
952	338	69	74
955	342	68	73
958	344	67	72
960	347	66	72
961	348	66	73
965	349	66	74
965	350	66	75
969	351	66	77
972	352	67	79
972	353	68	81
975	355	69	83
977	358	70	85
978	359	70	87
979	361	71	88
984	362	72	89
987	364	72	91
990	366	71	93
994	367	71	94
998	368	70	95
1000	370	70	95
1003	373	70	96
1008	376	69	96
1010	380	67	96
1012	383	67	96
1016	387	66	96
1018	388	65	95
1022	391	64	95
1025	394	63	94
1026	397	61	93
1028	398	60	92
1030	401	58	91
1031	404	57	90
1032	407	56	89
1032	409	56	89
1030	410	54	89
1028	411	53	88
1026	413	54	87
1024	415	56	84
1021	416	57	82
1015	423	62	77
1011	430	67	75
1007	434	70	73
1004	438	72	73
1000	445	75	70
997	448	78	68
991	451	82	67
987	455	86	65
982	459	88	64
978	461	91	63
975	461	95	61
969	462	97	61
966	462	100	59
962	462	105	57
957	462	110	55
953	460	114	52
949	460	118	49
944	460	122	48
938	461	124	48
935	461	127	49
929	461	130	50
926	461	132	50
920	461	134	51
917	461	136	51
912	461	138	52
907	460	139	53
904	460	141	53
899	460	142	53
895	459	143	54
892	459	144	54
887	458	145	54
884	456	146	55
881	455	145	55
877	453	146	55
874	451	147	55
870	449	147	55
867	447	147	56
862	445	147	57
860	442	147	58
855	438	147	59
854	436	147	60
851	434	147	60
849	433	148	61
846	431	147	62
842	430	146	62
838	430	145	61
836	429	144	61
832	426	142	62
830	424	141	62
829	422	139	63
826	420	139	62
823	418	138	63
821	415	137	63
820	413	136	64
816	411	135	64
814	410	133	64
813	409	132	64
812	408	131	64
809	408	130	63
808	408	129	61
806	410	128	59
804	411	127	56
804	412	125	54
801	413	123	52
800	414	121	51
800	413	119	49
798	413	117	47
798	413	115	46
797	413	112	46
797	413	109	46
796	414	106	47
797	413	102	49
796	412	99	50
798	411	95	52
797	412	92	53
795	411	90	54
793	413	87	56
791	411	86	60
787	411	85	63
783	411	84	65
780	411	83	68
777	411	82	71
774	410	82	73
772	410	82	76
768	409	81	79
766	408	81	81
763	409	81	85
761	409	81	87
756	410	81	90
755	408	80	93
758	409	79	96
759	410	78	100
763	408	74	105
765	410	72	109
768	413	69	112
772	417	67	114
775	422	67	115
775	424	67	116
776	432	67	116
776	437	68	114
777	445	70	113
778	452	72	113
781	457	73	112
784	463	74	112
787	467	75	111
788	470	78	109
791	474	81	109
794	478	82	109
794	483	85	107
795	486	89	106
795	490	94	105
797	494	98	103
797	495	102	102
799	499	106	102
802	501	110	100
803	504	114	99
804	506	119	98
806	513	123	94
809	517	125	91
811	521	128	89
813	525	129	87
817	527	129	85
817	530	128	84
822	534	128	83
825	537	127	82
829	540	124	82
834	543	121	81
836	544	117	81
841	547	112	81
848	549	108	80
854	552	104	78
862	555	101	77
869	557	98	75
874	561	95	74
880	564	92	73
887	567	89	72
892	569	86	71
898	570	83	69
902	570	80	67
907	573	77	66
912	576	73	66
916	577	70	66
918	579	68	66
917	580	67	65
917	581	66	64
916	584	66	63
914	582	66	62
913	584	68	59
909	586	70	57
907	588	71	56
906	588	73	54
903	588	76	52
901	587	79	52
900	587	83	50
898	587	86	49
897	588	87	49
895	589	91	48
893	589	94	48
887	588	97	47
