0.34432
0.10031
0.10015
0.09987
0.0993
0.10019
0.0995
0.11425
0.11722
0.10271
0.09978
0.09947
0.09973
0.10007
0.10047
0.09487
0.10116
0.10534
0.10037
0.10656
0.10556
0.10031
0.10751
0.10078
0.1075
0.10482
0.10299
0.10843
0.10871
0.10403
0.11375
0.10509
0.11083
0.1105
0.11224
0.11092
0.11159
0.1114
0.11302
0.11126
0.11095
0.11102
0.11375
0.11072
0.11059
0.11052
0.11177
0.11098
0.11149
0.11068
0.11196
0.11064
0.11104
0.11152
0.11227
0.11098
0.11091
0.11093
0.11185
0.11115
0.1111
0.11071
0.11157
0.111
0.11067
0.111
0.11201
0.11108
0.1107
0.11052
0.11167
0.1107
0.111
0.11148
0.11214
0.11398
0.11084
0.11142
0.112
0.11115
0.11072
0.11062
0.11123
0.11112
0.11108
0.11118
0.11194
0.11099
0.1107
0.11116
0.11244
0.10678
0.10712
0.10691
0.10673
0.10717
0.10644
0.10686
0.10679
0.08572
0.08488
0.0913
0.0871
0.08904
0.08559
0.08485
0.08467
0.085
0.0851
0.08661
0.09038
0.09103
0.08976
0.09012
0.0917
0.0899
0.09486
0.09472
0.0951
0.09449
0.11912
0.09323
0.093
0.09367
0.09307
0.09298
0.0925
0.08974
0.09258
0.08881
0.09234
0.08922
0.09354
0.0936
0.09297
0.09293
0.09566
0.09421
0.09504
0.09444
0.11798
0.09521
0.09266
0.09237
0.09232
0.09223
0.09443
0.10766
0.09212
0.09229
0.09229
0.09296
0.09262
0.09266
0.09229
0.09392
0.0926
0.09259
0.09238
0.09474
0.11865
0.0946
0.09441
0.09472
0.09621
0.09488
0.09428
0.09457
0.09441
0.09593
0.09449
0.09458
0.09428
0.09465
0.09558
0.09461
0.09435
0.09458
0.09511
0.09474
0.11862
0.09427
0.09462
0.09525
0.09455
0.09447
0.09457
0.09532
0.09481
0.09458
0.09436
0.0947
0.0953
0.09454
0.09443
0.09472
0.09522
0.09573
0.0943
0.09446
0.11832
0.11564
0.0932
0.09196
0.09231
0.09375
0.09235
0.09259
0.09241
0.09251
0.09547
0.09243
0.09209
0.09226
0.09232
0.09296
0.0924
0.09216
0.09525
0.09567
0.11845
0.09493
0.09458
0.09484
0.09565
0.09487
0.09462
0.09455
0.09502
0.09532
0.09489
0.09454
0.09673
0.10011
0.09842
