0.34807
0.10235
0.10699
0.10565
0.10492
0.10553
0.10624
0.109
0.10329
0.10487
0.10471
0.10662
0.10408
0.10378
0.10371
0.10445
0.10825
0.10605
0.10228
0.11049
0.10667
0.10264
0.10464
0.10309
0.11102
0.1048
0.10199
0.10818
0.11174
0.10321
0.11028
0.10531
0.11463
0.11065
0.11114
0.11249
0.11997
0.11096
0.1098
0.11061
0.11391
0.11058
0.11163
0.11131
0.11452
0.11116
0.11056
0.11133
0.11389
0.11116
0.11025
0.12762
0.11657
0.11082
0.11137
0.12763
0.11556
0.11117
0.11071
0.11279
0.11264
0.11101
0.1116
0.11123
0.11385
0.11089
0.10958
0.11048
0.11395
0.11067
0.11235
0.11111
0.11339
0.11054
0.11061
0.11061
0.11226
0.11091
0.11075
0.11117
0.12809
0.11227
0.11091
0.11086
0.11512
0.11143
0.11127
0.11366
0.1285
0.1136
0.11336
0.11318
0.11425
0.11149
0.11143
0.11125
0.11438
0.11116
0.11211
0.09426
0.11479
0.12287
0.09918
0.09341
0.09646
0.09384
0.09454
0.09387
0.09245
0.09749
0.09553
0.09513
0.09388
0.0981
0.10164
0.09814
0.0982
0.09992
0.1035
0.09704
0.11809
0.09224
0.09403
0.0932
0.09057
0.09119
0.09089
0.09428
0.08976
0.09203
0.09065
0.09151
0.09565
0.09066
0.09124
0.09111
0.09082
0.09176
0.09087
0.09101
0.0911
0.09067
0.09228
0.09086
0.09118
0.09072
0.09188
0.09158
0.09182
0.09526
0.10158
0.09849
0.09555
0.09614
0.09549
0.09625
0.0989
0.09551
0.0958
0.09566
0.12302
0.09567
0.09716
0.09593
0.09607
0.09614
0.09775
0.09556
0.09653
0.09876
0.09557
0.09712
0.0954
0.09762
0.0973
0.09573
0.09639
0.09803
0.09947
0.09583
0.1213
0.09551
0.09535
0.09599
0.10127
0.09965
0.09981
0.10125
0.09822
0.09972
0.09809
0.09953
0.09881
0.09908
0.09846
0.09996
0.10216
0.09915
0.09882
0.09899
0.12171
0.10303
0.09995
0.09831
0.09842
0.10134
0.10019
0.09774
0.09457
0.1
0.09857
0.0946
0.09796
0.0983
0.10225
0.09454
0.09925
0.09727
0.09766
0.10045
0.1192
0.09505
0.10085
0.09666
0.09665
0.09564
0.09534
0.09863
0.10023
0.09764
0.09426
0.10001
0.09824
0.1127
0.10029
0.10232
0.10019
0.10002
0.10256
0.09585
0.13609
0.09942
0.0955
0.09566
0.09829
0.09491
0.09555
0.0997
0.09556
0.10463
0.09553
0.09475
0.09885
0.10423
0.0993
0.09523
0.09503
0.10044
0.10197
0.09894
0.11886
0.10004
0.10159
0.09427
0.09603
0.0944
0.09532
0.09488
0.09443
0.09614
0.09432
0.09566
0.09422
0.09572
0.09441
0.09491
0.09794
0.09441
0.09596
0.09393
0.121
0.0939
0.09497
0.09427
0.0958
0.09845
0.09479
0.09376
0.08865
0.08945
0.08991
0.08914
0.089
0.08909
0.08875
0.0903
0.08871
0.08867
0.08912
0.089
0.09289
0.09549
0.08956
0.0894
0.09383
0.08889
0.0901
0.0894
0.09011
0.09311
0.09445
0.0898
0.08902
0.09001
0.09198
0.08883
0.09114
0.08952
0.0909
0.09193
0.11365
0.09057
0.08881
0.09289
0.09571
0.09376
0.09418
0.09367
0.09767
0.09397
0.09558
0.09372
0.09601
0.09608
0.09456
0.09539
0.09445
0.09545
0.09414
0.09545
0.13245
0.09616
0.09466
0.09446
0.09394
0.09494
0.09559
0.0886
0.09013
0.09422
0.09408
0.09958
0.09386
0.09426
0.09377
0.09392
0.09548
0.0939
0.09402
0.09361
0.1219
0.094
0.0949
0.09383
0.09368
0.09733
0.09268
0.0931
0.09438
0.09887
0.09317
0.09345
0.09229
0.0904
0.0916
0.08857
0.09445
0.09321
0.0967
0.09848
0.11875
0.09284
0.09371
0.09791
0.09242
0.09399
0.09251
0.09359
0.09468
0.09245
0.09476
0.09127
0.08934
0.08999
0.09114
0.08894
0.08839
0.09544
0.09492
0.09407
0.11356
0.11749
0.1086
0.09532
0.0944
0.09416
0.09748
0.09376
0.0953
0.09544
0.09466
0.09752
0.09374
0.09397
0.09396
0.09709
0.0942
0.09478
0.09403
0.0946
0.11814
0.09435
0.09216
0.09385
0.09339
0.09162
0.09252
0.0922
0.09229
0.0949
0.0918
0.09504
0.09342
0.0924
0.09333
0.09223
0.09361
0.09161
0.09592
0.09591
0.09397
0.09411
0.09549
0.09856
0.09387
0.09647
0.09362
0.09479
0.09756
0.09412
0.09489
0.09375
0.09734
0.09469
0.09471
0.094
0.09509
0.09696
0.09287
0.08885
0.08864
0.0908
0.092
0.08868
0.08997
0.08975
0.09916
0.09407
0.09456
0.09284
0.09081
0.09236
0.08978
0.0945
0.09314
0.08927
0.106
0.0892
0.09109
0.08862
0.09123
0.08926
0.08892
0.09048
0.08939
0.09195
0.08891
0.08949
0.08933
0.09084
0.09597
0.09381
0.09391
0.08832
0.08974
0.09421
0.08889
0.09117
0.08947
0.08888
0.08959
0.09199
0.08885
0.08959
0.08991
0.09453
0.09409
0.08915
0.09027
0.09018
0.09149
0.09069
0.08876
0.08999
0.09024
0.0894
0.08963
0.08894
0.08908
0.09064
0.09005
0.08952
0.0887
0.08871
0.08969
0.08778
0.08886
0.08867
0.08872
0.09044
0.08887
0.0891
0.08855
0.0893
0.09344
0.08871
0.08969
0.08943
0.09609
0.08877
0.09134
0.08861
0.09004
0.09162
0.08918
0.08925
0.08959
0.08982
0.09393
0.08914
0.09031
0.0889
0.09042
0.08952
0.08915
0.08904
0.08875
0.08999
0.09238
0.08883
0.08932
0.08861
0.09215
0.0892
0.09008
0.08841
0.08948
0.09279
0.08887
0.08946
0.08846
0.09005
0.09196
0.08902
0.08911
0.08873
0.08864
0.09474
0.08885
0.08993
0.08841
0.08915
0.08897
0.08788
0.08874
0.08833
0.08929
0.09033
0.08888
0.09006
0.08907
0.09173
0.09025
0.08868
0.09071
0.08861
0.09095
0.08789
0.08933
0.08777
0.09025
0.09392
0.08811
0.08913
0.08863
0.09052
0.09432
0.08903
0.08961
0.08971
0.09108
0.08929
0.08827
0.08937
0.08892
0.08873
0.09232
0.08856
0.08939
0.08888
0.09192
0.08899
0.08855
0.08989
0.08872
0.0921
0.08787
0.08873
0.09051
0.08979
0.09245
0.08817
0.09091
0.08939
0.0891
0.09437
0.08951
0.0888
0.08933
0.09073
0.09081
0.08887
0.08903
0.08894
0.09004
0.08909
0.09001
0.09481
0.09391
0.09786
0.09421
0.09392
0.09423
0.09314
0.09159
0.09319
0.09115
0.0946
0.09278
0.08956
0.08822
0.08885
0.08889
0.09398
0.08838
0.08946
0.08943
0.08941
0.09145
0.089
0.08953
0.08886
0.08884
0.09131
0.08812
0.08884
0.08843
0.08935
0.09324
0.08847
0.09042
0.08973
0.08886
0.09002
0.08856
0.08909
0.08939
0.09096
0.08931
0.08836
0.09096
0.08908
0.09261
0.08901
0.08992
0.0887
0.08996
0.09135
0.08876
0.09061
0.08904
0.118
0.10851
0.08885
0.08978
0.09304
0.09621
0.08847
0.09025
0.09468
0.09624
0.09434
0.09301
0.09496
0.09329
0.09437
0.09258
0.08908
0.09303
0.0944
0.12142
0.09254
0.09287
0.09201
0.09043
0.09389
0.09273
0.09263
0.08798
0.09701
0.09182
0.09363
0.09356
0.09252
0.09629
0.09251
0.09465
0.09271
0.09424
0.09494
0.11785
0.09429
0.09454
0.09732
0.0936
0.09544
0.09359
0.09459
0.09569
0.09384
0.09532
0.09679
0.09748
0.09409
0.09427
0.09273
0.09019
0.09472
0.08868
0.08985
0.08913
0.08894
0.08995
0.08891
0.08942
0.09295
0.09056
0.09257
0.08833
0.08991
0.09579
0.09637
0.09264
0.09037
0.09366
0.08915
0.09559
0.092
0.0901
0.08867
0.08993
0.09027
0.08885
0.08874
0.08916
0.08903
0.0904
0.08888
0.08907
0.09
0.09145
0.08888
0.0918
0.09405
0.08979
0.09144
0.08888
0.08971
0.08881
0.09108
0.09422
0.09504
0.08912
0.08903
0.09161
0.09324
0.08918
0.08984
0.08872
0.09312
0.10168
0.09366
0.08936
0.0891
0.09441
0.08921
0.08977
0.08981
0.09208
0.09649
0.11328
0.08991
0.0962
0.09771
0.09411
0.09398
0.09399
0.09511
0.09564
0.09363
0.09347
0.08903
0.08893
0.09021
0.08951
0.08892
0.08902
0.09371
0.08984
0.08955
0.08896
0.09045
0.09157
0.08894
0.08928
0.08861
0.08968
0.0938
0.08966
0.09582
0.08963
0.09312
0.09315
0.09294
0.08979
0.08895
0.09284
0.09378
0.0906
0.09384
0.11407
0.09046
0.08888
0.09014
0.08926
0.09002
0.08998
0.08875
0.08909
0.08935
0.09024
0.08967
0.08908
0.09049
0.08921
0.09297
0.09011
0.09466
0.09314
0.08914
0.09763
0.0944
0.09468
0.09391
0.09519
0.09616
0.09377
0.0957
0.09496
0.09776
0.094
0.09466
0.09377
0.09483
0.095
0.09427
0.09472
0.09464
0.09458
0.09478
0.11849
0.09866
0.09527
0.09638
0.09402
0.09408
0.0942
0.09914
0.09397
0.09524
0.09564
0.09602
0.09848
0.0942
0.09541
0.09405
0.09531
0.09493
0.09662
0.09503
0.11847
0.09888
0.09386
0.09545
0.09433
0.09529
0.09504
0.09515
0.0949
0.09609
0.09885
0.09434
0.09596
0.09468
0.09643
0.09801
0.0938
0.0941
0.095
0.09748
0.11771
0.0942
0.09356
0.09276
0.09682
0.09306
0.09452
0.09244
0.09121
0.09337
0.09465
0.09347
0.093
0.09258
0.09337
0.09366
0.09314
0.09397
0.0992
0.09361
0.11769
0.09338
0.09582
0.09185
0.09325
0.0916
0.09277
0.0931
0.09072
0.08763
0.09211
0.09387
0.1005
0.08757
0.08759
0.0876
0.09045
0.0925
0.09435
0.09413
0.11313
0.09187
0.08907
0.09011
0.09296
0.09078
0.09415
0.09451
0.08952
0.08908
0.09177
0.08904
0.09182
0.09379
0.09496
0.0997
0.09319
0.09283
0.09014
0.09477
0.09221
0.11167
0.08925
0.09064
0.09338
0.09448
0.09402
0.09411
0.09473
0.09673
0.09431
0.09486
0.09423
0.09647
0.09608
0.09432
0.09423
0.09366
0.09685
0.09362
0.09098
0.08919
0.09089
0.09444
0.08887
0.09161
0.08945
0.0908
0.09004
0.08858
0.08892
0.08865
0.09024
0.09059
0.08928
0.08972
0.08942
0.08903
0.0912
0.08909
0.08925
0.08903
0.08976
0.09013
0.08907
0.08886
0.08914
0.09071
0.08963
0.08899
0.08942
0.08977
0.09356
0.08888
0.08948
0.08969
0.09007
0.09123
0.09044
0.09005
0.09031
0.09002
0.09286
0.0896
0.09084
0.08912
0.09052
0.09296
0.089
0.08998
0.08923
0.08993
0.08988
0.08926
0.08906
0.08932
0.08899
0.09005
0.08904
0.08911
0.089
0.08918
0.09337
0.08901
0.09097
0.09013
0.09793
0.08894
0.09009
0.089
0.09013
0.09143
0.08954
0.09124
0.08898
0.0914
0.0906
0.08953
0.09022
0.08914
0.08954
0.09416
0.08967
0.08976
0.08946
0.08969
0.09098
0.08914
0.08988
0.08991
0.0923
0.09101
0.08901
0.08894
0.08994
0.09027
0.08937
0.089
0.08905
0.08912
0.09577
0.0892
0.08987
0.08912
0.09012
0.09341
0.0891
0.09089
0.08969
0.09386
0.0928
0.08895
0.08936
0.08883
0.09054
0.09823
0.09291
0.08873
0.09117
0.09497
0.11862
0.09449
0.09457
0.09567
0.09907
0.09379
0.09497
0.09407
0.09481
0.09521
0.09403
0.09563
0.09384
0.09672
0.09386
0.09533
0.09418
0.09925
0.09983
0.09361
0.11746
0.09443
0.0935
0.09249
0.09344
0.09214
0.09327
0.09597
0.09213
0.09302
0.09266
0.09388
0.09399
0.0922
0.09473
0.09266
0.09471
0.09266
0.09533
0.09412
0.11845
0.09793
0.09386
0.09572
0.09801
0.09624
0.09389
0.09529
0.09366
0.09562
0.098
0.09434
0.09522
0.09503
0.09502
0.09512
0.09589
0.09435
0.09466
0.09649
0.11783
0.1013
0.09385
0.09542
0.09404
0.09563
0.09435
0.09472
0.09733
0.09452
0.09674
0.09439
0.09493
0.09621
0.09398
0.09611
0.09374
0.09628
0.09375
0.09451
0.11756
0.09402
0.09524
0.09291
0.09406
0.09272
0.09467
0.09277
0.09509
0.09266
0.09343
0.09539
0.09306
0.09377
0.09221
0.09368
0.09303
0.09233
0.09554
0.09399
0.12012
0.09419
0.09452
0.09355
0.09391
0.09452
0.09259
0.09313
0.09329
0.09445
0.09564
0.09257
0.09281
0.09524
0.09584
0.09304
0.09385
0.0929
0.09329
0.09589
0.11773
0.09375
0.0954
0.09787
0.09415
0.09483
0.0938
0.09465
0.0948
0.09482
0.0955
0.09463
0.09409
0.09391
0.09655
0.09405
0.09539
0.09682
0.09398
0.09508
0.11762
0.09255
0.09281
0.09147
0.09221
0.09372
0.0949
0.09203
0.09381
0.09212
