0.36259
0.10432
0.10683
0.12182
0.12246
0.11585
0.10037
0.09928
0.10368
0.10099
0.09958
0.09887
0.09938
0.09942
0.10056
0.1
0.10076
0.10486
0.09969
0.10752
0.1067
0.10354
0.1067
0.10066
0.10755
0.10822
0.10406
0.10576
0.10763
0.10332
0.10957
0.10403
0.10621
0.10754
0.10668
0.10606
0.10657
0.10763
0.10675
0.10741
0.10673
0.10605
0.10737
0.10855
0.11828
0.10798
0.10737
0.10591
0.10645
0.10538
0.10628
0.1057
0.10628
0.10536
0.11629
0.1057
0.10669
0.1062
0.10678
0.10648
0.1069
0.10619
0.10754
0.1072
0.10647
0.10603
0.1071
0.10674
0.10781
0.10653
0.10797
0.10654
0.10702
0.1057
0.10982
0.10557
0.10758
0.10667
0.10803
0.10745
0.10659
0.10711
0.10791
0.106
0.10792
0.10748
0.10966
0.10583
0.10651
0.10624
0.11049
0.10599
0.10718
0.1118
0.1101
0.10701
0.10845
0.10736
0.11089
0.09016
0.09432
0.12114
0.09158
0.09174
0.09177
0.08926
0.09013
0.09002
0.0903
0.09074
0.0933
0.09103
0.09218
0.0893
0.09608
0.09628
0.09448
0.09554
0.09487
0.09418
0.11828
0.09533
0.09425
0.09381
0.09463
0.09857
0.09469
0.09427
0.09453
0.09395
0.09814
0.09446
0.09452
0.09419
0.09573
0.09402
0.09464
0.09399
0.09499
0.09556
0.11814
0.09193
0.09364
0.09302
0.09363
0.09167
0.09254
0.09287
0.0952
0.09292
0.09279
0.092
0.09383
0.09329
0.0928
0.09174
0.09301
0.08803
0.09439
0.09012
0.09503
0.09368
0.09601
0.09439
0.09557
0.09525
0.09631
0.0953
0.09512
0.09495
0.09472
0.09495
0.0946
0.09341
0.09084
0.09039
0.09455
0.0942
0.09448
0.09416
0.09063
0.08886
0.09158
0.09404
0.09108
0.0906
0.09478
0.08944
0.09459
0.09167
0.09476
0.09328
0.09123
0.09004
0.09526
0.09334
0.09063
0.09316
0.09226
0.09426
0.11857
0.10104
0.09322
0.09303
0.09244
0.09271
0.09232
0.0917
0.09404
0.09138
0.09419
0.09195
0.0949
0.09167
0.09259
0.09359
0.09352
0.09346
0.0949
0.09553
0.11943
0.09631
0.09278
0.09262
0.09371
0.09317
0.09406
0.09314
0.09237
0.09318
0.09495
0.09247
0.09243
0.09175
0.09363
0.09276
0.09387
0.09301
0.09596
0.09484
0.11975
0.0937
0.09284
0.09291
0.0929
0.09182
0.0929
0.09188
0.09538
0.09288
0.09217
0.09142
0.09241
0.09397
0.09326
0.09133
0.0935
0.09381
0.09421
0.09532
0.11937
0.09897
0.09928
0.09725
0.09795
0.09759
0.10211
0.09916
0.094
0.09221
0.09494
0.09211
0.09772
0.0932
0.09356
0.09398
0.09255
0.09213
0.09535
0.09433
0.11962
0.09385
0.09434
0.09357
0.09559
0.09349
0.09544
0.09534
0.09438
0.09382
0.09531
0.09379
0.09553
0.09444
0.09553
0.09334
0.09505
0.09408
0.09631
0.09504
0.11843
0.10384
0.10144
0.09497
0.09463
0.09503
0.09594
0.09507
0.09556
0.09468
0.09506
0.0946
0.09445
0.09406
0.09456
0.09644
0.09624
0.09434
0.09621
0.0957
0.11928
0.09308
0.09349
0.09165
0.09424
