0.37103
0.09872
0.1028
0.10305
0.10199
0.1001
0.10169
0.10258
0.10238
0.10059
0.10207
0.10166
0.10189
0.10096
0.10058
0.10159
0.10104
0.10307
0.10054
0.10599
0.10332
0.09925
0.10409
0.10034
0.10651
0.10312
0.10129
0.10651
0.10705
0.10175
0.10877
0.10405
0.1104
0.1215
0.11001
0.10917
0.11274
0.10924
0.11083
0.11095
0.11041
0.10944
0.11091
0.10943
0.10951
0.10948
0.10992
0.10952
0.11041
0.10901
0.1107
0.10982
0.11049
0.10982
0.10989
0.1098
0.11069
0.10943
0.11049
0.10988
0.1262
0.11082
0.11015
0.11096
0.11055
0.11007
0.10949
0.10994
0.10991
0.11058
0.11064
0.11027
0.11135
0.10986
0.10962
0.11058
0.11038
0.11017
0.11118
0.11023
0.11151
0.10967
0.11097
0.11104
0.10994
0.10969
0.11057
0.11004
0.11074
0.10969
0.11186
0.10922
0.10939
0.10915
0.11171
0.10878
0.11042
0.10986
0.11139
0.09188
0.11058
0.09712
0.09296
0.09213
0.09328
0.09159
0.09179
0.09199
0.09182
0.0916
0.09465
0.09221
0.09355
0.09237
0.09855
0.09664
0.09853
0.09712
0.09788
0.09685
0.11894
0.09459
0.09553
0.09452
0.09574
0.09507
0.09274
0.09266
0.09312
0.09359
0.09422
0.09298
0.09363
0.09234
0.09371
0.09337
0.094
0.09095
0.0912
0.0916
0.1173
0.0942
0.09199
0.09464
0.12146
0.0906
0.09144
0.09178
0.09175
0.0909
0.0917
0.09126
0.09226
0.09141
0.09195
0.09071
0.09243
0.09398
0.09395
0.09185
0.09338
0.0933
0.09411
0.09831
0.09491
0.09592
0.09873
0.09656
0.09694
0.09553
0.09764
0.09592
0.09601
0.09663
0.09736
0.09607
0.09645
0.09655
0.09859
0.09624
0.11699
0.09615
0.09559
0.09605
0.09514
0.09411
0.09552
0.09536
0.09586
0.09443
0.09572
0.09499
0.09688
0.09453
0.09479
0.09503
0.09896
0.09487
0.09885
0.09679
0.11949
0.10237
0.09895
0.09705
0.09975
0.09762
0.09857
0.09727
0.09841
0.10125
0.09784
0.09721
0.09772
0.09858
0.09815
0.09778
0.09904
0.0995
0.09988
0.09751
0.11891
0.09762
0.09798
0.09592
0.09699
0.09574
0.09833
0.09495
0.09617
0.09471
0.0979
0.09224
0.09144
0.0966
0.09134
0.097
0.09782
0.09139
0.09389
0.09379
0.11695
0.09746
0.09891
0.09854
0.09857
0.09776
0.09942
0.09837
0.0991
0.09824
0.09869
0.09834
0.10027
0.09876
0.09861
0.09835
0.09899
0.09881
0.09991
0.0984
0.11831
0.09952
0.09835
0.0967
0.09699
0.09694
0.09808
0.09208
0.09793
0.0918
0.0978
0.09183
0.09268
0.09136
0.09201
0.09151
0.0929
0.0913
0.09485
0.09369
0.11875
0.09332
0.09427
0.09424
0.09518
0.0938
0.09366
0.09536
0.09534
0.09364
0.09473
0.09448
0.09581
0.09364
0.09475
0.09409
0.09461
0.09331
0.09352
0.09334
0.11833
0.11376
0.09466
0.09152
0.09518
0.09184
0.09268
0.09182
0.0915
0.09426
0.09162
0.09146
0.09272
0.09236
0.093
0.09249
0.09284
0.09475
0.09465
0.09357
0.11835
0.09381
0.09492
0.09377
0.0949
0.09355
0.09455
0.09424
0.09478
0.09342
0.09341
0.09553
0.09495
0.09348
0.09455
0.09333
0.09556
0.09342
0.09474
0.09375
0.11772
0.09535
0.09245
0.09161
0.09382
0.09102
0.0925
0.09142
0.09232
0.09215
0.09221
0.0912
0.09259
0.09165
0.09285
0.09122
0.09145
0.09103
0.09533
0.09387
0.11837
0.09377
0.09507
0.09345
0.09324
0.09377
0.0929
0.09324
0.09362
0.09283
0.09426
0.09567
0.09449
0.09263
0.09295
0.09321
0.09327
0.09274
0.09575
0.09357
0.1199
0.09379
0.09364
0.09396
0.09563
0.09379
0.09325
0.09321
0.094
0.09462
0.09348
0.09401
0.09466
0.09364
0.09365
0.09378
0.09336
0.09328
0.09496
0.09349
0.11891
0.09891
0.09414
0.09342
0.09465
0.09379
0.0951
0.09373
0.09321
0.09586
0.0937
0.09494
0.09444
0.09334
0.09451
0.09343
0.09479
0.09422
0.09475
0.0936
0.11859
0.09352
0.09314
0.0917
0.09329
0.09178
0.09277
0.09128
0.09483
0.09139
0.09256
0.09129
0.12452
0.09246
0.0926
0.09126
0.09304
0.09329
0.09433
0.09372
0.11852
0.09422
0.09482
0.09334
0.09364
0.09392
0.09411
0.09357
0.09382
0.09336
0.09374
0.09388
0.09518
0.09369
0.09348
0.09499
0.09391
0.09316
0.09484
0.09379
0.11751
0.09156
0.0925
0.09217
0.09286
0.09118
0.09294
0.09123
0.09279
0.09126
0.09121
0.09173
0.09155
0.09196
0.09276
0.09151
0.09217
0.0969
0.09474
0.09395
0.11821
0.09388
0.09507
0.09377
0.09333
0.09327
0.09601
0.09402
0.09337
0.09334
0.09471
0.09392
0.0947
0.09326
0.09364
0.09496
0.09331
0.09326
0.0939
0.09489
0.11779
0.09847
0.09183
0.09209
0.0915
0.09103
0.09182
0.09121
0.09179
0.09136
0.09281
0.09195
0.09195
0.09152
0.09127
0.09121
0.0917
0.09226
0.09388
0.09403
0.11692
0.09437
0.09149
0.09195
0.09124
0.09149
0.09335
0.09153
0.09178
0.0913
0.09218
0.09157
0.09119
0.09189
0.0911
0.0926
0.09115
0.09145
0.09388
0.09342
0.11702
0.09332
0.09253
0.09208
0.09277
0.09247
0.09196
0.09227
0.09293
0.09228
0.09249
0.09213
0.09199
0.09465
0.09204
0.09216
0.09248
0.09266
0.09394
0.09368
0.11711
0.09497
0.09339
0.09315
0.09339
0.09352
0.09402
0.09342
0.09356
0.09346
0.09416
0.09356
0.09349
0.09326
0.09321
0.09456
0.09317
0.09328
0.0933
0.09493
0.117
0.09127
0.09085
0.09111
0.09129
0.09155
0.09163
0.09132
0.09348
0.09104
0.09131
0.09145
0.09098
0.09217
0.09118
0.09169
0.09108
0.0946
0.09355
0.09357
0.1173
0.1174
0.093
0.09291
0.09254
0.09289
0.09333
0.09233
0.09223
0.09383
0.09268
0.09249
0.09204
0.0926
0.09229
0.09339
0.09267
0.09409
0.09373
0.09389
0.11715
0.09365
0.09232
0.09336
0.09293
0.09198
0.09183
0.09236
0.0929
0.09195
0.09213
0.09196
0.09287
0.09266
0.09234
0.09213
0.09206
0.09366
0.09366
0.09363
0.11735
0.09418
0.09183
0.09175
0.09105
0.09149
0.09196
0.09146
0.09191
0.09126
0.09243
0.09159
0.09112
0.09142
0.09109
0.09261
0.09135
0.09127
0.09426
0.09399
0.11721
0.09334
0.09317
0.09319
0.09531
0.09296
0.09384
0.09308
0.0949
0.09346
0.09301
0.09354
0.09313
0.09395
0.09294
0.09302
0.09341
0.09534
0.09386
0.09329
0.11701
0.09453
0.09353
0.09314
0.09332
0.09338
0.09373
0.09355
0.09354
0.09324
0.0937
0.09395
0.09342
0.09372
0.09347
0.0955
0.09325
0.09326
0.09408
0.09385
0.11721
0.09671
0.09221
0.09498
0.09205
0.09177
0.09225
0.09183
0.09325
0.09242
0.09314
0.09219
0.09459
0.09203
0.09219
0.0919
0.09175
0.09596
0.09356
0.09355
0.11715
0.09373
0.09394
0.11087
0.09366
0.09446
0.09362
0.09371
0.09326
0.09357
0.09492
0.0937
0.09321
0.09363
0.09612
0.09395
0.09336
0.0935
0.09376
0.09432
0.1174
0.09324
0.09257
0.09352
0.09246
0.09262
0.09249
0.09254
0.09348
0.09258
