0.61986
0.33933
0.34419
0.34366
0.3485
0.34548
0.34953
0.346
0.34259
0.34198
0.34847
0.34536
0.34586
0.34225
0.34552
0.34413
0.41418
0.3897
0.3448
0.34329
0.34436
0.34481
0.34491
0.34304
0.34353
0.3435
0.34523
0.34363
0.34507
0.34272
0.34897
0.34576
0.37677
0.34646
0.35309
0.34575
0.34795
0.34818
0.3438
0.34472
0.34723
0.34498
0.34581
0.34356
0.34469
0.34329
0.34482
0.34437
0.34584
0.34428
0.34536
0.35395
0.36284
0.34446
0.34455
0.34417
0.35382
0.34843
0.34514
0.34693
0.34856
0.34599
0.34787
0.34436
0.3463
0.344
0.34641
0.34592
0.346
0.34578
0.34497
0.34724
0.3469
0.34448
0.3458
0.34391
0.34728
0.3457
0.34386
0.34896
0.34922
0.34726
0.34471
0.34879
0.34529
0.34306
0.35062
0.34608
0.34577
0.3453
0.34311
0.34964
0.35415
0.34664
0.34528
0.34272
0.34948
0.34664
0.34411
0.34039
0.34904
0.35831
0.34119
0.3393
0.33617
0.33414
0.34106
0.33604
0.33672
0.33549
0.33707
0.33819
0.33702
0.33686
0.33443
0.34236
0.3422
0.33822
0.3348
0.35731
0.35243
0.34019
0.33749
0.34111
0.34015
0.33813
0.34263
0.33652
0.33659
0.33751
0.33892
0.33644
0.33731
0.33635
0.33932
0.3342
0.33488
0.33244
0.33952
0.33816
0.34633
0.33716
0.33668
0.33643
0.33975
0.33827
0.33481
0.34095
0.34361
0.33837
0.34035
0.33779
0.33815
0.33816
0.34148
0.33617
0.34314
0.34015
0.33752
0.33794
0.34788
0.33676
0.34366
0.34042
0.33754
0.33619
0.34243
0.3381
0.33701
0.33627
0.33706
0.3378
0.33801
0.33649
0.33655
0.33593
0.33877
0.33649
0.33804
0.3358
0.35268
0.33968
0.33685
0.33451
0.34011
0.33693
0.34297
0.33824
0.3394
0.33783
0.34045
0.33863
0.33992
0.33769
0.34043
0.33948
0.33959
0.33783
0.3364
0.33641
0.34952
0.34083
0.34368
0.33836
0.35016
0.33743
0.34432
0.33811
0.3405
0.34229
0.33667
0.33185
0.34559
0.33884
0.34258
0.33804
0.33598
0.33745
0.33334
0.33622
0.36045
0.33538
0.34087
0.33998
0.33965
0.33893
0.33497
0.33662
0.33556
0.34191
0.33522
0.33571
0.33606
0.33711
0.3363
0.34072
0.33789
0.33911
0.3382
0.33543
0.3419
0.34057
0.33637
0.33757
0.33433
0.33511
0.336
0.3437
0.33789
0.33359
0.33535
0.33965
0.32304
0.32229
0.32235
0.33149
0.32453
0.32273
0.32272
0.33051
0.32491
0.32815
0.32414
0.32435
0.322
0.32832
0.3347
0.33563
0.3358
0.33683
0.33423
0.3352
0.34177
0.34171
0.33905
0.34047
0.33844
0.34136
0.3382
0.336
0.34413
0.34226
0.33704
0.33726
0.33598
0.33835
0.35113
0.33745
0.34731
0.34843
0.34367
0.3388
0.33132
0.34299
0.33435
0.34342
0.32824
0.34126
0.32649
0.33024
0.34504
0.34651
0.32778
0.34681
0.32907
0.3337
0.33711
0.33194
0.33677
0.33973
0.33598
0.33828
0.33722
0.33539
0.34349
0.32878
0.34728
0.32772
0.33489
0.34034
0.34541
0.33788
0.33448
0.34431
0.32734
0.34569
0.33039
0.34162
0.33625
0.34034
0.33099
0.33664
0.33246
0.34035
0.33527
0.34035
0.3333
0.3423
0.33508
0.34067
0.34335
0.34107
0.33563
0.34033
0.33343
0.34045
0.33616
0.33994
0.33518
0.33943
0.33555
0.33999
0.33507
0.33874
0.33202
0.34067
0.3341
0.33948
0.33234
0.33899
0.34259
0.33751
0.33145
0.35018
0.32115
0.32593
0.32141
0.32559
0.32087
0.3262
0.32057
0.32545
0.32199
0.33854
0.33187
0.33708
0.34181
0.33848
0.3327
0.33843
0.33511
0.34015
0.33306
0.33941
0.33347
0.34008
0.33679
0.34117
0.33612
0.34044
0.33639
0.34218
0.33547
0.34031
0.32941
0.34198
0.33092
0.34039
0.33365
0.34128
0.34836
0.38037
0.33397
0.34489
0.33387
0.34067
0.33429
0.33972
0.33257
0.33996
0.33375
0.3392
0.33229
0.33835
0.33522
0.33808
0.32758
0.33727
0.34803
0.35279
0.34129
0.3503
0.34553
0.35248
0.34692
0.33825
0.32915
0.34965
0.34604
0.35248
0.34608
0.33784
0.34555
0.35147
0.34694
0.3514
0.34701
0.35038
0.34819
0.33896
0.35468
0.35187
0.33227
0.35048
0.34934
0.35107
0.34736
0.35084
0.34877
0.3401
0.33294
0.33794
0.33317
0.33982
0.32832
0.33895
0.33213
0.34057
0.3345
0.33908
0.36144
0.3394
0.33447
0.34163
0.33675
0.34162
0.33622
0.34172
0.33708
0.34277
0.33431
0.34266
0.33657
0.34153
0.33585
0.33859
0.3357
0.343
0.33457
0.34036
0.34295
0.34207
0.33451
0.34102
0.3337
0.34074
0.31957
0.33019
0.31802
0.33734
0.32496
0.32758
0.32161
0.33993
0.33499
0.3406
0.32374
0.32787
0.32698
0.34157
0.34347
0.34332
0.33375
0.34599
0.33482
0.34246
0.33213
0.33827
0.33665
0.34204
0.33406
0.33829
0.33384
0.34127
0.33498
0.34065
0.33569
0.34297
0.33503
0.34143
0.34255
0.34129
0.33516
0.34026
0.33489
0.34084
0.33614
0.34128
0.33523
0.34037
0.33511
0.3418
0.33445
0.34146
0.33417
0.34284
0.33501
0.34031
0.3331
0.34099
0.34452
0.34134
0.33424
0.33885
0.33811
0.33874
0.32755
0.33843
0.33133
0.35082
0.34736
0.34976
0.34482
0.34876
0.34668
0.35174
0.3322
0.3374
0.33226
0.3389
0.33651
0.32792
0.32003
0.32764
0.32127
0.32647
0.31959
0.32731
0.32096
0.32648
0.31995
0.32776
0.31601
0.32689
0.32019
0.33163
0.31738
0.32703
0.32001
0.32646
0.32227
0.32786
0.34543
0.34964
0.33957
0.34097
0.34652
0.34912
0.34594
0.35148
0.34797
0.35209
0.34529
0.34958
0.3465
0.35105
0.33435
0.338
0.32125
0.32852
0.32644
0.34253
0.33375
0.3415
0.34696
0.35219
0.34541
0.35034
0.33335
0.33843
0.33247
0.33797
0.33172
0.33898
0.33253
0.33891
0.34666
0.33963
0.33256
0.33784
0.33993
0.33824
0.34744
0.33814
0.33192
0.3372
0.35755
0.35248
0.34165
0.35136
0.34516
0.35144
0.34989
0.35102
0.34579
0.34913
0.34578
0.34005
0.332
0.32732
0.32095
0.32877
0.32253
0.32971
0.32246
0.33949
0.33392
0.3283
0.33221
0.34985
0.34562
0.34897
0.34325
0.34738
0.34374
0.3487
0.34462
0.34909
0.34231
0.34823
0.34787
0.33525
0.33075
0.33626
0.34369
0.33641
0.33105
0.33484
0.33066
0.33727
0.33143
0.33809
0.33103
0.33724
0.33261
0.33705
0.33209
0.33771
0.33488
0.33825
0.33382
