0.36301
0.10186
0.10228
0.09993
0.09995
0.11582
0.11456
0.10306
0.10161
0.10103
0.10039
0.10079
0.10303
0.10431
0.1008
0.101
0.10037
0.10565
0.09924
0.10681
0.10423
0.09995
0.10559
0.10332
0.10803
0.10621
0.10433
0.11079
0.10912
0.10329
0.1115
0.10608
0.11215
0.11216
0.11287
0.11237
0.11204
0.11314
0.11348
0.11195
0.11225
0.11302
0.11283
0.11256
0.11154
0.11305
0.11293
0.11249
0.11227
0.11431
0.11928
0.11248
0.11093
0.11228
0.11142
0.11395
0.11289
0.11638
0.11308
0.11302
0.11198
0.11375
0.11203
0.11263
0.11284
0.11429
0.11236
0.11403
0.11155
0.11493
0.1258
0.12681
0.1126
0.11066
0.11173
0.11094
0.11292
0.11224
0.1119
0.11213
0.11286
0.11258
0.11234
0.11146
0.11406
0.1113
0.11178
0.11109
0.11334
0.11239
0.11111
0.1121
0.11175
0.11284
0.11236
0.1122
0.11235
0.11273
0.1127
0.09108
0.11414
0.11271
0.09081
0.0904
0.09134
0.09359
0.09108
0.09006
0.0907
0.09084
0.09644
0.08984
0.09069
0.09404
0.094
0.09581
0.09517
0.0966
0.09513
0.09821
0.11909
0.09609
0.09287
0.09568
0.09803
0.09328
0.09214
0.09321
0.09526
0.09375
0.0942
0.09347
0.09431
0.09659
0.09325
0.09405
0.0935
0.09462
0.09379
0.09515
0.1178
0.09915
0.1049
0.09505
0.09676
0.09512
0.09768
0.09528
0.09599
0.09547
0.09688
0.09499
0.09508
0.09525
0.09503
0.09564
0.09527
0.09569
0.09494
0.09562
0.11966
0.09496
0.09529
0.0927
0.0948
0.09294
0.09293
0.09171
0.09411
0.09583
0.09264
0.09129
0.09262
0.09335
0.09463
0.09347
0.09294
0.0938
0.09578
0.09588
0.11842
0.09547
0.09541
0.09547
0.09618
0.09502
0.09609
0.09966
0.09501
0.09631
0.0958
0.09648
0.09628
0.09729
0.09535
0.09611
0.09803
0.09545
0.09653
0.09543
0.12334
0.09979
0.09525
0.09506
0.09554
0.09821
0.09553
0.09566
0.09515
0.09932
0.09642
0.09594
0.09522
0.09612
0.10006
0.09502
0.09518
0.09427
0.09786
0.09715
0.11978
0.09491
0.09483
0.09326
0.09268
0.09475
0.09283
0.09437
0.0945
0.09326
0.09284
0.09335
0.09674
0.09277
0.09414
0.09339
0.09457
0.09673
0.09248
0.09571
0.11932
0.09851
0.09409
0.09515
0.09453
0.09381
0.09414
0.094
0.09373
0.09467
0.09483
0.0936
0.09516
0.09378
0.09571
0.09431
0.09255
0.08766
0.0883
0.09427
0.09
0.08882
0.08984
0.09182
0.09193
0.09034
0.09065
0.09052
0.09036
0.09338
0.0897
0.09008
0.09014
0.08974
0.09192
0.08866
0.08916
0.09379
0.09575
0.09742
0.11476
0.08989
0.09058
0.09406
0.09084
0.09085
0.08884
0.09037
0.09055
0.08973
0.08981
0.09034
0.09071
0.09104
0.08998
0.08995
0.09154
0.09244
0.08961
0.09486
0.11952
0.10138
0.09828
0.09397
0.09371
0.09699
0.09839
0.09506
0.09585
0.09518
0.09885
0.09939
0.09483
0.09508
0.09599
0.09681
0.09399
0.09516
0.09517
0.09558
0.11832
0.09751
0.09321
0.09411
0.09399
0.09233
0.09175
0.09301
0.09182
0.09377
0.09261
0.0943
0.09245
0.09533
0.09269
0.09508
0.09177
0.09225
0.0955
0.09424
0.11901
0.0943
0.1012
0.0982
0.09526
0.09531
0.09532
0.09591
0.09376
0.09527
0.09399
0.09856
0.09359
0.0969
0.09582
0.09676
0.10045
0.10692
0.09668
0.09554
0.12437
0.09519
0.09346
0.0933
0.09264
0.09582
0.09378
0.0927
0.09189
0.09331
0.09192
0.09324
0.09224
0.09212
0.09798
0.09154
0.09389
0.09191
0.09189
0.09608
0.11969
0.09502
0.09521
0.09781
0.09417
0.09493
0.09471
0.09529
0.09394
0.09523
0.0939
0.09553
0.0982
0.0941
0.09655
0.09443
0.09457
0.09636
0.09496
0.11186
0.14
0.11397
0.09285
0.09278
0.09336
0.09848
0.09163
0.09301
0.09202
0.09173
0.09436
0.09182
0.0922
0.09186
0.09462
0.09187
0.09173
0.09212
0.09483
0.09788
0.11759
0.09478
0.09322
0.09528
0.0922
0.09227
0.09194
0.09189
0.09702
0.09169
0.0916
0.09182
0.09177
0.09253
0.09177
0.09348
0.09169
0.09343
0.09211
0.09451
0.11824
0.09579
0.09756
0.09379
0.09425
0.09546
0.09687
0.09448
0.09565
0.0978
0.10183
0.09626
0.09376
0.0941
0.09637
0.09648
0.09416
0.09498
0.09438
0.09462
0.1181
0.09396
0.09382
0.0947
0.09581
0.09395
0.09385
0.09416
0.09476
0.09475
0.09395
0.09386
0.09377
0.09468
0.09394
0.09482
0.09404
0.09555
0.09859
0.09417
0.11784
0.09404
0.096
0.0942
0.09571
0.09412
0.09446
0.09881
0.09397
0.09546
0.09415
0.09489
0.09485
0.09498
0.09448
0.09462
0.09918
0.09412
0.09448
0.09438
0.12184
0.09997
0.09477
0.0942
0.09429
0.09849
0.09409
0.09493
0.09406
0.09492
0.09685
0.09471
0.09424
0.09407
0.09887
0.09405
0.09447
0.09441
0.09401
0.09711
0.11824
0.09398
0.09519
0.09809
0.09375
0.09635
0.09424
0.0936
0.08962
0.08855
0.08888
0.08895
0.09359
0.08986
0.08942
0.08979
0.09489
0.09848
0.09387
0.09588
0.11757
0.09825
0.09273
0.09232
0.09185
0.09259
0.09657
0.09153
0.09232
0.09169
0.09242
0.09331
0.0925
0.09366
0.09071
0.08919
0.09242
0.08888
0.09455
0.09494
0.12014
0.09481
0.09417
0.09434
0.10132
0.09959
0.09549
0.0985
0.09934
0.09961
0.09951
0.09641
0.09402
0.09638
0.0942
0.09483
0.09439
0.09456
0.0971
0.09414
0.11819
0.09401
0.09386
0.09204
0.09216
0.09169
0.09306
0.09732
0.09156
0.09326
0.09185
0.09154
0.09514
0.09174
0.0917
0.09323
0.09334
0.09181
0.09482
0.0952
0.11886
0.1021
0.0939
0.09418
0.09512
0.09658
0.10187
0.09484
0.09486
0.09642
0.09793
0.09386
0.09404
0.0939
0.09653
0.09423
0.09482
0.09481
0.09573
0.09524
0.12011
0.09462
0.09452
0.09604
0.09401
0.09418
0.09501
0.09505
0.09592
0.1121
0.09396
0.09457
0.09735
0.08891
0.08907
0.08998
0.08976
0.09273
0.08896
0.08891
0.08896
0.08884
0.09136
0.08865
0.08876
0.08989
0.09042
0.09415
0.0887
0.09045
0.08918
0.09347
0.09158
0.09975
0.09015
0.09301
0.09669
0.0923
0.09221
0.09003
0.09112
0.09095
0.09429
0.09465
0.09486
0.09567
0.09313
0.09496
0.08925
0.09246
0.09374
0.09051
0.09301
0.08971
0.08988
0.09189
0.09943
0.09103
0.08977
0.09273
0.08933
0.09583
0.08956
0.09023
0.09031
0.08897
0.09083
0.09417
0.10156
0.09982
0.12621
0.10405
0.10215
0.103
0.11114
0.10386
0.1111
0.10638
0.11037
0.11106
0.11109
0.13033
0.10799
0.10424
0.10724
0.10373
0.09258
0.09435
0.09721
0.09668
0.08956
0.08946
