0.33321
0.09818
0.09898
0.09695
0.09772
0.09816
0.09924
0.09797
0.09911
0.09781
0.10006
0.1056
0.09931
0.09791
0.09992
0.09938
0.10051
0.10331
0.09931
0.1036
0.11735
0.09861
0.10408
0.09895
0.10483
0.10343
0.0996
0.10847
0.10548
0.10184
0.10764
0.10604
0.10844
0.10927
0.10835
0.11138
0.10883
0.10889
0.10855
0.11098
0.10822
0.10856
0.10979
0.11127
0.10803
0.10862
0.10971
0.11048
0.10845
0.1093
0.10888
0.11227
0.10893
0.10854
0.10944
0.11031
0.11007
0.10845
0.10877
0.11055
0.10843
0.12483
0.10983
0.10917
0.10919
0.10769
0.10801
0.10912
0.10826
0.1239
0.11221
0.10992
0.10839
0.10814
0.1099
0.10885
0.10883
0.10936
0.11022
0.10977
0.10874
0.10817
0.10875
0.11061
0.10933
0.10771
0.10899
0.10931
0.10914
0.10807
0.10825
0.10856
0.10908
0.10923
0.11018
0.10941
0.1099
0.10926
0.1092
0.09028
0.10855
0.10706
0.09211
0.09127
0.08989
0.09057
0.08922
0.0905
0.09202
0.0901
0.09251
0.08936
0.08908
0.09047
0.09034
0.08938
0.09454
0.09541
0.09375
0.09483
0.11632
0.09337
0.09389
0.09307
0.0946
0.09421
0.09376
0.09502
0.09336
0.09339
0.09391
0.09451
0.09312
0.09303
0.09319
0.09346
0.0949
0.09355
0.09409
0.09402
0.11651
0.09532
0.09412
0.09445
0.09469
0.09412
0.0946
0.09382
0.09375
0.09578
0.09303
0.09421
0.09496
0.09526
0.09509
0.09387
0.09466
0.09475
0.09438
0.09489
0.11696
0.09367
0.09464
0.09208
0.09404
0.09179
0.09375
0.09298
0.09402
0.09308
0.09255
0.09296
0.09449
0.09316
0.09261
0.092
0.09727
0.09268
0.09543
0.09408
0.11657
0.09489
0.09419
0.09332
0.09414
0.09443
0.09406
0.09443
0.09392
0.09505
0.09437
0.09393
0.0939
0.09496
0.09582
0.09412
0.09433
0.09514
0.09386
0.09538
0.11718
0.10048
0.09455
0.09463
0.09348
0.09443
0.0928
0.09498
0.09463
0.0943
0.09591
0.09473
0.09548
0.09373
0.0929
0.09462
0.09289
0.09461
0.09526
0.09492
0.11614
0.0934
0.09458
0.09331
0.09397
0.09395
0.094
0.0925
0.09295
0.09229
0.09561
0.09354
0.09312
0.09322
0.09316
0.09492
0.09338
0.09231
0.09448
0.09689
0.11678
0.09362
0.09403
0.09494
0.09692
0.09522
0.09462
0.09537
0.09447
0.0954
0.09398
0.09481
0.09507
0.09637
0.09367
0.09435
0.09359
0.09523
0.09495
0.09461
0.08943
0.08952
0.09367
0.09443
0.09093
0.08954
0.08973
0.09152
0.09075
0.09001
0.08976
0.09132
0.09128
0.09103
0.09348
0.09405
0.09601
0.09377
0.09513
0.09511
0.11578
0.09664
0.09326
0.0937
0.09261
0.09398
0.09284
0.09356
0.092
0.09239
0.09354
0.09256
0.09353
0.09304
0.09338
0.09268
0.09201
0.09267
0.09388
0.09701
0.11558
0.10073
0.0932
0.0953
0.09397
0.09252
0.09321
0.0944
0.09475
0.09375
0.09551
0.09305
0.09718
0.09349
0.09278
0.09311
0.09254
0.09345
0.09354
0.09668
0.11645
0.09461
0.09356
0.09339
0.09285
0.09364
0.09571
0.09249
0.09282
0.09377
0.09485
0.09308
0.09246
0.09257
0.09237
0.09406
0.09369
0.09327
0.09248
0.09879
0.11687
0.09513
0.09386
0.09445
0.09495
0.09552
0.09397
0.09424
0.09659
0.09612
0.09452
0.0943
0.09521
0.09481
0.09412
0.09437
0.09432
0.09543
0.09525
0.09416
0.11574
0.09428
0.09344
0.09243
0.09273
0.09256
0.09306
0.09314
0.0925
0.09264
0.09232
0.09455
0.09264
0.09269
0.09218
0.09302
0.09362
0.09269
0.09231
0.09475
0.11764
0.09454
0.09431
0.09414
0.09396
0.09575
0.09426
0.09455
0.09424
0.09485
0.09464
0.0941
0.09427
0.09439
0.0961
0.095
0.09433
0.09496
0.09473
0.09454
0.11601
0.11565
0.09609
0.09462
0.09434
0.09435
0.09414
0.09575
0.0943
0.09631
0.09489
0.09494
0.09486
0.09469
0.09447
0.09471
0.0952
0.09465
0.09453
0.09608
0.11665
0.09524
0.0925
0.0926
0.09267
0.09371
0.09267
0.09277
0.09282
0.09357
0.09307
0.09301
0.09272
0.0926
0.09498
0.09306
0.09261
0.09268
0.09433
0.09656
0.11627
0.09457
0.09282
0.09493
0.09286
0.09265
0.09257
0.09266
0.09395
0.09289
0.09255
0.09283
0.09289
0.09287
0.09258
0.09308
0.09274
0.09533
0.09278
0.095
0.11642
0.09546
0.09517
0.09468
0.09437
0.09512
0.09553
0.09497
0.09453
0.09445
0.09616
0.09467
0.09463
0.09483
0.09499
0.09671
0.09481
0.09467
0.10059
0.09771
0.11853
0.09475
0.09606
0.09646
0.09491
0.09512
0.09453
0.09464
0.0949
0.09494
0.09459
0.09444
0.09502
0.09499
0.09472
0.09441
0.09461
0.09544
0.09474
0.09445
0.1163
0.10086
0.09457
0.09306
0.09256
0.09379
0.09323
0.09342
0.09271
0.09325
0.09391
0.09477
0.0927
0.09325
0.09286
0.09329
0.09344
0.09334
0.09275
0.09547
0.11792
0.09538
0.09466
0.09476
0.09602
0.09597
0.09473
0.09483
0.0948
0.09664
0.09491
0.09487
0.09508
0.09456
0.0949
0.09522
0.09478
0.09495
0.09743
0.09672
0.11599
0.09525
0.09427
0.0948
0.0937
0.09328
0.09318
0.09514
0.0935
0.09346
0.09324
0.09365
0.09436
0.09334
0.0936
0.09362
0.09395
0.09373
0.09341
0.09516
0.11605
0.09653
0.09492
0.0948
0.09484
0.0957
0.09592
0.095
0.09523
0.09505
0.09632
0.09531
0.09489
0.09534
0.09539
0.09571
0.09537
0.0951
0.09549
0.09613
0.11623
0.09618
0.09547
0.0968
0.09632
0.09561
0.09602
0.0952
0.09634
0.09559
0.09525
0.09552
0.09603
0.0965
0.0956
0.09576
0.09549
0.0976
0.09545
0.09589
0.11661
0.10417
0.09472
0.09393
0.0936
0.09426
0.0944
0.09393
0.09372
0.09424
0.09583
0.09411
0.09356
0.09409
0.09385
0.09514
0.094
0.09455
0.0948
0.10048
0.11664
0.09571
0.09535
0.09552
0.09651
0.09552
0.09524
0.09532
0.09584
0.09557
0.09546
0.09528
0.09572
0.0963
0.09537
0.09562
0.09525
0.09715
0.09563
0.09659
0.11718
0.09645
0.09604
0.09511
0.09486
0.09548
0.09757
0.09547
0.09522
0.09529
0.09519
0.09592
0.09563
0.09549
0.09531
0.09889
0.09533
0.09606
0.09568
0.09682
0.11753
0.09646
0.09501
0.09486
0.09678
0.09504
0.09459
0.09484
0.09541
0.09607
0.09463
0.09471
0.09492
0.09571
0.09557
0.09488
0.09496
0.0951
0.09899
0.09756
0.11709
0.09723
0.10118
0.09521
0.09481
0.09492
0.0948
0.09586
0.09483
0.09532
0.09507
0.09697
0.09568
0.09485
0.09495
0.0951
0.09623
0.09574
0.09771
0.09721
0.11869
0.1211
0.09583
0.0955
0.09532
0.0971
0.09528
0.09562
0.09999
0.09728
0.09581
0.0956
0.09519
0.09607
0.0975
0.09549
0.09614
0.09538
0.09905
0.09829
0.11764
0.09815
0.10065
0.09868
0.09795
0.09772
0.09788
0.09847
0.0982
0.09775
0.09782
0.10044
0.09874
0.0986
0.09815
0.09772
0.10055
0.09837
0.09807
0.09828
0.13405
0.09924
0.09648
0.09663
0.0968
0.09737
0.09685
0.09642
0.09814
0.09881
0.09647
0.09628
0.09695
0.09772
0.09703
0.09695
0.09668
0.09895
0.10115
0.09861
0.11796
0.09915
0.1004
0.0989
0.0987
0.09876
0.10142
0.09928
0.09917
0.09919
0.0991
0.10128
0.09367
0.09323
0.09359
0.09415
0.09338
0.09336
0.09342
0.09357
0.11852
0.09344
0.09155
0.09151
0.09162
0.09211
0.09178
0.09142
0.09155
0.09308
0.09192
0.09166
0.09142
0.09166
0.09254
0.09193
0.09176
0.0913
0.09294
0.09391
0.11761
0.09925
0.09451
0.09426
0.0941
0.09375
0.09433
0.09636
0.09417
0.09381
0.09556
0.09406
0.09506
0.09393
0.09477
0.09383
0.09486
0.09394
0.09382
0.09439
0.11724
0.09454
0.09352
0.09401
0.09362
0.09492
0.09342
0.09445
0.0933
0.09416
0.09469
0.09384
0.09381
0.09367
0.0939
0.09454
0.09371
0.09363
0.09382
0.09404
0.11768
0.09375
0.09339
0.09389
0.09428
0.09444
0.09339
0.09422
0.0952
0.09433
0.09407
0.09384
0.09431
0.09449
0.09458
0.09393
0.09398
0.09499
0.09419
0.09354
0.11708
0.09402
0.0952
0.09385
0.09394
0.09332
0.09484
0.09392
0.09343
0.09366
0.09355
0.09453
0.09394
0.0937
0.09341
0.09497
0.09358
0.09379
0.09351
0.0938
0.11785
0.09416
0.09398
0.09466
0.09449
0.09404
0.09336
0.09368
0.09351
0.09446
0.09359
0.09351
0.09409
0.09531
0.09446
0.09349
0.09374
0.09411
0.0955
0.09381
0.11739
0.09985
0.09464
0.09458
0.09377
0.09375
0.09415
0.0944
0.09384
0.09373
0.09481
0.09452
0.09368
0.0937
0.09355
0.09369
0.09506
0.09397
0.09379
0.0947
0.11857
0.0936
0.09353
0.09369
0.09352
0.09529
0.09403
0.09383
0.09411
0.09459
0.09409
0.09378
0.09363
0.09403
0.09433
0.0937
0.0939
0.09391
0.0947
0.09461
0.11776
0.09403
0.09386
0.0948
0.09367
0.09401
0.09432
0.09564
0.09471
0.09419
0.09373
0.09394
0.09462
0.09349
0.09374
0.09449
0.09572
0.09417
0.09391
0.09383
0.11816
0.09391
0.09229
0.09143
0.09236
0.09278
0.0916
0.09161
0.09154
0.09225
0.09194
0.09114
0.09198
0.09253
0.09258
0.09264
0.0911
0.09719
0.09496
0.09499
0.11778
0.09362
0.09182
0.09267
0.09139
0.09263
0.09136
0.09235
0.0914
0.0913
0.09123
0.09155
0.09226
0.09165
0.0912
0.09176
0.09147
0.09259
0.09351
0.09372
0.11738
0.11602
0.09258
0.09132
0.09135
0.09172
0.09174
0.09158
0.09139
0.09175
0.10999
0.0933
0.09138
0.09161
0.09206
0.09155
0.09127
0.09139
0.09454
0.09478
0.11716
0.09347
0.09354
0.09432
0.09367
0.09391
0.09338
0.09388
0.09589
0.09373
0.09349
0.09423
0.09438
0.09384
0.09427
0.09381
0.09378
0.09613
0.09335
0.09347
0.11699
0.0949
0.09359
0.09319
0.0941
0.09445
0.09308
0.09365
0.09325
0.09314
0.09576
0.09391
0.09322
0.09337
0.09408
0.09357
0.09323
0.09365
0.09348
0.09669
0.11759
0.09135
0.09633
0.09683
0.0919
0.09615
0.09661
0.09658
0.09805
0.09666
0.09697
0.09638
0.09836
0.09649
0.09642
0.09636
0.09729
0.09946
0.09882
0.09867
0.11817
0.09929
0.09668
0.09635
0.09576
0.09654
0.09607
0.09664
0.09586
0.09656
0.09602
0.09573
0.09613
0.09578
0.09773
0.09571
0.09541
0.09568
0.0994
0.09808
0.11723
0.10274
0.09681
0.09654
0.09632
0.09573
0.09592
0.09658
0.09607
0.10122
0.09626
0.09832
0.09691
0.09168
0.09177
0.09234
0.09254
0.09402
0.09402
0.0937
0.118
0.0937
0.0936
0.0941
0.0949
0.09368
0.09343
0.09391
0.0936
0.0952
0.09372
0.09423
0.09378
0.09555
0.09443
0.09368
0.09382
0.09326
0.0909
0.09351
0.08908
0.08921
0.08965
0.08959
0.08884
0.08891
0.08903
0.09037
0.08928
0.08945
0.09395
0.09452
0.09353
0.09259
0.08948
0.09463
0.09545
0.08981
0.09355
0.0935
0.11831
0.09393
0.09334
0.09346
0.09322
0.09426
0.09424
0.09344
0.09338
0.09508
0.0936
0.09378
0.09415
0.09417
0.0941
0.09415
0.094
0.09372
0.09467
0.09421
0.1177
0.10629
0.11052
0.11489
0.10917
0.09668
0.0981
0.09194
0.09621
0.09668
0.09686
0.09261
0.09159
0.0965
0.09717
0.09698
0.09698
0.0988
0.09885
0.09928
0.11817
0.10485
0.10004
0.10006
0.09954
0.09877
0.09888
0.09881
0.0945
0.10045
0.09916
0.09854
0.0942
0.09406
0.09333
0.09356
0.09457
0.10141
0.0998
0.09861
0.1177
0.09951
0.09899
0.09924
0.09942
0.10064
0.09925
0.09951
0.09972
0.0995
0.09939
0.09877
0.09894
0.09863
0.10097
0.09876
0.09848
0.09832
0.09983
0.09836
0.11767
0.0987
0.0969
0.09633
0.09606
0.0961
0.09591
0.0962
0.09546
0.09571
0.096
0.09866
0.09565
0.09541
0.09574
0.09598
0.09543
0.09534
0.09757
0.09769
0.11743
0.09672
0.09685
0.0972
0.09871
0.09687
0.09685
0.09668
0.0976
0.09733
0.0968
0.10011
0.09712
0.0981
0.09687
0.09712
0.09699
0.09856
0.09763
0.09771
0.11724
0.09711
0.09787
0.09726
0.09829
0.09676
0.09617
0.09648
0.09599
0.0962
0.09762
0.09669
0.09801
0.09641
0.09713
0.09407
0.09353
0.09406
0.09327
0.0897
0.09399
0.11954
0.08924
0.08944
0.08913
0.0895
0.08885
0.08916
0.08981
0.08898
0.09015
0.0891
0.09073
0.09365
0.09722
0.09718
0.09697
0.0985
0.09344
0.09344
0.11706
0.09461
0.09381
0.09367
0.09346
0.09346
0.09416
0.09366
0.09361
0.09342
0.09512
0.09368
0.09783
0.09781
0.09737
0.09798
0.09745
0.09742
0.09779
0.0974
0.09718
0.09601
0.10039
0.09669
0.09665
0.09645
0.09636
0.09608
0.09743
0.09621
0.09606
0.09511
0.09556
0.09546
0.09579
0.09522
0.09523
0.09599
0.09531
0.09524
0.11189
0.09238
0.09338
0.0912
0.09528
0.095
0.09359
0.09037
0.09052
0.09024
