0.33938
0.10894
0.10308
0.09984
0.0997
0.09975
0.10054
0.10337
0.10034
0.10029
0.10002
0.10153
0.09997
0.09951
0.09994
0.10865
0.10223
0.10396
0.10094
0.10586
0.10294
0.10047
0.10398
0.11692
0.10758
0.10372
0.10096
0.10784
0.10809
0.10215
0.10815
0.10359
0.11034
0.10964
0.10971
0.11323
0.12343
0.10977
0.1092
0.10915
0.10951
0.10956
0.10969
0.10967
0.10968
0.10928
0.11051
0.10983
0.10938
0.10921
0.10982
0.11014
0.10915
0.10939
0.1094
0.11035
0.10941
0.10908
0.10937
0.11032
0.10942
0.10923
0.10908
0.10947
0.10948
0.10977
0.10979
0.10954
0.10925
0.10939
0.10976
0.10963
0.11199
0.10942
0.10897
0.11134
0.10952
0.10897
0.10929
0.11023
0.10983
0.10981
0.10931
0.11071
0.12206
0.10917
0.10997
0.11076
0.10931
0.10905
0.10952
0.11023
0.10936
0.10917
0.10898
0.11098
0.10953
0.10925
0.10934
0.0916
0.10912
0.10884
0.09051
0.08876
0.08619
0.08548
0.08524
0.0853
0.08605
0.08584
0.09006
0.08574
0.08569
0.08663
0.08587
0.08549
0.09094
0.09052
0.09262
0.09046
0.09057
0.09005
0.09048
0.09084
0.09071
0.09011
0.09026
0.09119
0.09093
0.09052
0.09023
0.09016
0.0918
0.09059
0.09074
0.09046
0.09032
0.09113
0.09068
0.09071
0.09032
0.09031
0.09087
0.09041
0.09065
0.09129
0.0956
0.09482
0.09404
0.09102
0.09496
0.09643
0.09469
0.09492
0.09544
0.09589
0.09508
0.09552
0.09489
0.09657
0.11726
0.09533
0.09309
0.09316
0.09464
0.09298
0.09266
0.0927
0.09235
0.0942
0.09274
0.09262
0.09285
0.09374
0.09313
0.09237
0.09261
0.09252
0.09363
0.09487
0.11684
0.09481
0.09609
0.09457
0.09447
0.09408
0.09454
0.09593
0.09447
0.09433
0.09477
0.0951
0.09469
0.0948
0.09425
0.09443
0.09573
0.09418
0.09563
0.09471
0.11789
0.1007
0.09346
0.09338
0.09309
0.09373
0.0928
0.09283
0.09258
0.09471
0.0944
0.09292
0.09273
0.09256
0.0945
0.09265
0.0927
0.09281
0.09562
0.09607
0.11641
0.09434
0.09307
0.09322
0.0928
0.09441
0.0925
0.09429
0.09286
0.09282
0.09269
0.09282
0.0941
0.09285
0.09243
0.0929
0.09347
0.09306
0.0952
0.09442
0.11634
0.0959
0.09267
0.09274
0.09292
0.0946
0.09296
0.09255
0.09279
0.09263
0.09362
0.09311
0.09423
0.093
0.09445
0.09294
0.09276
0.09263
0.09478
0.09681
0.11633
0.09446
0.09298
0.09426
0.09277
0.09254
0.09264
0.09243
0.09336
0.09303
0.09259
0.0928
0.093
0.09284
0.09274
0.09284
0.09249
0.09483
0.09428
0.09422
0.11626
0.09507
0.09304
0.09303
0.09244
0.09265
0.0948
0.09266
0.09269
0.09284
0.09403
0.09976
0.09268
0.09294
0.09266
0.09503
0.09285
0.09264
0.09481
0.09445
0.11651
0.10261
0.09349
0.09258
0.09354
0.09285
0.09278
0.09275
0.09345
0.09386
0.0941
0.09276
0.09281
0.09435
0.09272
0.09263
0.09286
0.09265
0.09606
0.09494
0.1161
0.09469
0.0943
0.09284
0.09301
0.09289
0.09355
0.09354
0.09306
0.09277
0.09311
0.09544
0.09289
0.09288
0.09277
0.09285
0.09463
0.09321
0.09486
0.09613
0.11706
0.09495
0.09297
0.09316
0.09275
0.09349
0.09268
0.09297
0.09263
0.094
0.09294
0.09286
0.09272
0.09294
0.09502
0.09298
0.09305
0.09263
0.09708
0.09532
0.11676
0.09455
0.09306
0.09426
0.09295
0.09271
0.09367
0.09448
0.09329
0.09332
0.09282
0.09344
0.09458
0.09284
0.0927
0.09284
0.09324
0.0934
0.09546
0.09448
0.11639
0.0967
0.09318
0.09273
0.09307
0.09342
0.09361
0.09268
0.09332
0.09275
0.09351
0.09273
0.09278
0.09271
0.09354
0.09341
0.09288
0.09282
0.0943
0.09656
0.11666
0.12055
0.09314
0.09496
0.09265
0.0929
0.09272
0.09287
0.09374
0.09636
0.09325
0.09274
0.09422
0.09305
0.093
0.09271
0.09305
0.09454
0.09524
0.09547
0.1166
0.0968
0.09429
0.09421
0.09418
0.09409
0.09495
0.09393
0.09428
0.0941
0.09636
0.09456
0.09408
0.09393
0.09444
0.09473
0.09426
0.09443
0.09575
0.09718
0.11642
0.09508
0.09474
0.09631
0.09502
0.09458
0.09467
0.09549
0.09531
0.09473
0.09485
0.09452
0.0965
0.09517
0.09444
0.09487
0.0952
0.09577
0.0947
0.09496
0.11643
0.09569
0.09412
0.09392
0.09382
0.09383
0.09531
0.09393
0.09382
0.09406
0.09487
0.09395
0.09362
0.09358
0.09375
0.09425
0.09353
0.09395
0.09475
0.09615
0.11636
0.09285
0.09256
0.0929
0.09396
0.09283
0.09258
0.09301
0.09343
0.09289
0.09259
0.09294
0.09262
0.09374
0.09277
0.09293
0.09267
0.09383
0.0955
0.09444
0.11622
0.09941
0.09409
0.09292
0.09308
0.09318
0.0956
0.09376
0.09271
0.09325
0.09423
0.09378
0.09304
0.09292
0.09314
0.09385
0.09385
0.09312
0.09494
0.09491
0.11695
0.09314
0.09293
0.09287
0.09486
0.09292
0.09282
0.09285
0.09304
0.09413
0.09276
0.09265
0.09284
0.09263
0.09334
0.09265
0.09281
0.09262
0.09587
0.09503
0.11637
0.09397
0.09463
0.0944
0.09353
0.09394
0.09359
0.09556
0.09366
0.09381
0.09398
0.0936
0.09431
0.09343
0.09368
0.09421
0.09482
0.09395
0.09495
0.09441
0.11776
0.09363
0.09257
0.09315
0.0929
0.09464
0.09277
0.09318
0.09336
0.09301
0.09355
0.0929
0.09322
0.09291
0.0938
0.09353
0.09299
0.09341
0.09508
0.09553
0.11621
0.0934
0.09295
0.09502
0.09283
0.09331
0.10198
0.09526
0.09348
0.09307
0.09291
0.09303
0.09494
0.09277
0.09333
0.09285
0.09313
0.09516
0.09456
0.09495
0.11642
0.10097
0.09363
0.09292
0.09287
0.09439
0.09312
0.0928
0.09278
0.09284
0.09585
0.0926
0.09281
0.09296
0.09289
0.09345
0.09279
0.09545
0.09448
0.09581
0.11624
0.09271
0.09264
0.09409
0.09348
0.09349
0.09256
0.09293
0.094
0.09303
0.09263
0.09285
0.09275
0.09366
0.09259
0.09275
0.09314
0.09567
0.09467
0.09425
0.11641
0.09331
0.0931
0.09257
0.09229
0.09251
0.09519
0.09271
0.09259
0.09267
0.09397
0.09377
0.09336
0.09248
0.09341
0.09398
0.09289
0.09347
0.09469
0.0949
0.11721
0.09294
0.09307
0.09319
0.09398
0.09302
0.09309
0.09268
0.09305
0.0933
0.09283
0.09253
0.09272
0.09468
0.09322
0.09342
0.09263
0.0932
0.09721
0.09463
0.11635
0.09285
0.09366
0.09324
0.09265
0.09303
0.09394
0.09355
0.09267
0.0927
0.09285
0.09358
0.09336
0.09304
0.09295
0.09334
0.09476
0.09316
0.09529
0.09485
0.1168
0.12096
0.09444
0.09405
0.0943
0.09544
0.09401
0.09415
0.09418
0.09572
0.09435
0.09408
0.09417
0.09399
0.09554
0.09409
0.09405
0.09567
0.0964
0.09479
0.1163
0.09513
0.09463
0.09493
0.09455
0.0942
0.09446
0.09702
0.09431
0.09425
0.09394
0.09422
0.09501
0.09399
0.09419
0.09423
0.09676
0.09523
0.09471
0.09441
0.11693
0.09496
0.09433
0.09456
0.09478
0.09561
0.09464
0.0944
0.09433
0.09573
0.09496
0.09444
0.09477
0.09434
0.0959
0.09485
0.09433
0.09461
0.09536
0.09532
0.11629
0.09473
0.09461
0.09502
0.09481
0.09487
0.09462
0.09552
0.09464
0.09462
0.09467
0.09463
0.09515
0.09436
0.09463
0.0951
0.09572
0.09492
0.09469
0.09434
0.1161
0.09661
0.09275
0.09284
0.09264
0.09434
0.09321
0.09306
0.09253
0.09276
0.09474
0.09284
0.09378
0.0937
0.09457
0.09282
0.09285
0.09264
0.09358
0.09677
0.11678
0.09951
0.0936
0.09405
0.09321
0.09286
0.09287
0.09296
0.09377
0.09297
0.09429
0.09285
0.0952
0.09306
0.09324
0.09287
0.09367
0.09555
0.09426
0.09532
0.11654
0.09551
0.09336
0.09261
0.09265
0.09305
0.09375
0.09278
0.09268
0.0927
0.09353
0.09336
0.09272
0.09279
0.09274
0.09364
0.09327
0.09278
0.09291
0.0951
0.11683
0.09514
0.09429
0.09425
0.09591
0.09422
0.09473
0.09412
0.09498
0.09483
0.09399
0.09407
0.09419
0.09587
0.09448
0.09398
0.09408
0.09393
0.09555
0.09506
0.11654
0.09459
0.09397
0.09268
0.09287
0.09268
0.09374
0.09341
0.09329
0.09267
0.09293
0.09526
0.09254
0.09332
0.09262
0.09297
0.09387
0.09294
0.09456
0.0957
0.11745
0.1073
0.09329
0.09355
0.09399
0.09333
0.09286
0.09281
0.09287
0.0943
0.0932
0.09337
0.09263
0.09299
0.09377
0.09315
0.09289
0.09284
0.09698
0.09547
0.11702
0.10367
0.09447
0.0929
0.09294
0.09265
0.09387
0.09424
0.09278
0.09296
0.09455
0.09397
0.0936
0.09311
0.09254
0.09288
0.09422
0.09321
0.09539
0.09474
0.1171
0.09485
0.09287
0.09278
0.09287
0.09428
0.09318
0.09294
0.0931
0.09261
0.09351
0.0927
0.09277
0.09299
0.09487
0.09303
0.09288
0.09254
0.09531
0.09676
0.11644
0.09464
0.09323
0.09467
0.09355
0.09294
0.0926
0.09304
0.09319
0.09297
0.0927
0.09289
0.09379
0.09317
0.09273
0.0932
0.09275
0.09365
0.0954
0.09443
0.11652
0.09537
0.09341
0.09281
0.09281
0.09282
0.09435
0.09293
0.09263
0.09283
0.09338
0.09372
0.09298
0.09267
0.09293
0.0939
0.09342
0.09252
0.09517
0.09542
0.11647
0.09423
0.09408
0.09242
0.09335
0.09248
0.09234
0.09247
0.09377
0.09544
0.09229
0.09238
0.09256
0.09546
0.09237
0.09231
0.09239
0.09218
0.09508
0.09441
0.11626
0.12317
0.09722
0.09644
0.09629
0.09266
0.09362
0.09272
0.09236
0.09505
0.09254
0.09398
0.09255
0.09219
0.09268
0.09408
0.09258
0.09232
0.09469
0.0954
0.11662
0.09426
0.0939
0.09345
0.09517
0.09417
0.09365
0.09362
0.09348
0.09498
0.09393
0.09344
0.09381
0.09561
0.09384
0.09347
0.09353
0.09396
0.09539
0.09426
0.11606
0.09477
0.09489
0.0949
0.09412
0.0943
0.09454
0.09551
0.0945
0.09409
0.09442
0.09527
0.09462
0.09432
0.09423
0.09456
0.09517
0.09423
0.09426
0.09432
0.11908
0.0944
0.09465
0.09432
0.09433
0.09503
0.09424
0.09457
0.0945
0.09504
0.09477
0.09416
0.09473
0.09441
0.0958
0.09477
0.09424
0.09472
0.09559
0.09477
0.11618
0.0948
0.09434
0.09504
0.09478
0.09436
0.09536
0.09552
0.09465
0.09476
0.09443
0.0945
0.09549
0.09428
0.0945
0.09524
0.09562
0.09514
0.09438
0.0947
0.11924
0.10173
0.09485
0.0943
0.09433
0.09519
0.09442
0.09449
0.09442
0.09581
0.09872
0.09469
0.09426
0.09438
0.09527
0.09432
0.09439
0.09435
0.09542
0.09533
0.11639
0.09253
0.09306
0.09371
0.09261
0.09224
0.09262
0.09338
0.09286
0.09262
0.09261
0.09261
0.09502
0.09269
0.09289
0.0926
0.09269
0.09453
0.09449
0.09462
0.1165
0.09406
0.09285
0.09257
0.09286
0.09331
0.0933
0.09275
0.0928
0.09286
0.0935
0.0929
0.09271
0.0926
0.09287
0.09416
0.09273
0.09255
0.09499
0.09526
0.11681
0.09437
0.09351
0.09347
0.09521
0.09417
0.09334
0.0939
0.09462
0.09397
0.09338
0.09381
0.09402
0.09525
0.09353
0.0935
0.0942
0.09464
0.09551
0.09452
0.11615
0.09326
0.09398
0.09278
0.09281
0.09288
0.09457
0.0934
0.09275
0.09321
0.0931
0.09411
0.09293
0.09299
0.0927
0.09467
0.09313
0.09292
0.09493
0.09462
0.11669
0.10295
0.09444
0.09465
0.09757
0.09459
0.09424
0.09429
0.09471
0.09639
0.1025
0.09406
0.09412
0.09652
0.09441
0.09429
0.09416
0.0949
0.09584
0.09429
0.11605
0.09311
0.09441
0.0928
0.09264
0.09254
0.0924
0.09346
0.09242
0.09254
0.0927
0.09333
0.09265
0.09255
0.0923
0.09284
0.0931
0.09415
0.09421
0.09427
0.11686
0.09311
0.09263
0.0925
0.0928
0.09321
0.09261
0.09245
0.09293
0.0929
0.09295
0.09253
0.09266
0.0927
0.0948
0.09309
0.09241
0.09297
0.0947
0.09509
0.11626
0.09289
0.09281
0.09378
0.09297
0.09249
0.09283
0.09256
0.09314
0.09262
0.09274
0.09279
0.09371
0.09281
0.09297
0.09258
0.09272
0.09414
0.09488
0.09459
0.11668
0.0972
0.09441
0.09464
0.09435
0.09451
0.09592
0.09433
0.09457
0.0945
0.09638
0.09492
0.09434
0.09451
0.09503
0.09558
0.09463
0.09447
0.09486
0.09572
0.11662
0.11387
0.09286
0.09406
0.09281
0.09283
0.09276
0.09283
0.094
0.09345
0.09383
0.09274
0.09412
0.09309
0.09298
0.09259
0.09599
0.09668
0.09456
0.09464
0.11632
0.0938
0.09306
0.0931
0.0925
0.09314
0.0939
0.0936
0.09284
0.09282
0.09342
0.09328
0.09325
0.09305
0.09361
0.09563
0.09297
0.09496
0.09454
0.09464
0.11617
0.09282
0.09275
0.09274
0.09428
0.09269
0.09277
0.09289
0.09281
0.09973
0.09275
0.09276
0.09538
0.09515
0.09332
0.09268
0.09301
0.09503
0.09623
0.0948
0.11678
0.09352
0.09465
0.09334
0.09313
0.09335
0.09343
0.09383
0.09322
0.09334
0.09323
0.09541
0.09339
0.09314
0.09293
0.09325
0.09584
0.09503
0.09466
0.09489
0.11843
0.09378
0.0936
0.09373
0.09349
0.09425
0.09342
0.09407
0.09351
0.09491
0.09333
0.09342
0.09409
0.09343
0.09501
0.09339
0.0936
0.09512
0.09533
0.09515
0.11659
0.09826
0.09516
0.09464
0.09388
0.09389
0.09388
0.09546
0.09448
0.0936
0.09603
0.09382
0.09398
0.09391
0.09376
0.0942
0.09517
0.09526
0.09502
0.09563
0.11718
0.09487
0.09464
0.09447
0.09488
0.09607
0.09477
0.09486
0.09458
0.09571
0.09626
0.09483
0.09487
0.09493
0.09697
0.09473
0.09447
0.09477
0.09575
0.09546
0.11627
0.09535
0.09509
0.09582
0.09882
0.09917
0.09924
0.10133
0.1
0.09924
0.09923
0.1002
0.10003
0.09901
0.09888
0.09455
0.09607
0.09458
0.0948
0.095
0.11862
0.09489
0.09479
0.09471
0.0947
0.09653
0.09478
0.09504
0.09535
0.09718
0.09525
0.09502
0.09453
0.09484
0.09695
0.0948
0.09479
0.09501
0.09701
0.09489
0.11621
0.09437
0.09466
0.09557
0.0946
0.09454
0.09495
0.09719
0.09475
0.09499
0.09439
0.09479
0.09592
0.09456
0.09547
0.09498
0.09753
0.09495
0.09492
0.0948
0.11734
0.1006
0.0939
0.09296
0.09329
0.10974
0.09478
0.09304
0.09292
0.09542
0.09391
0.0929
0.09299
0.09318
0.09417
0.09324
0.09343
0.09519
0.09497
0.09589
0.11638
0.09329
0.09328
0.0941
0.0931
0.09281
0.09307
0.09292
0.09296
0.09272
0.09277
0.09265
0.09415
0.09271
0.09293
0.09276
0.09275
0.09474
0.09466
0.09495
0.11594
0.09439
0.09364
0.09259
0.09249
0.09269
0.09314
0.0927
0.093
0.093
