0.33868
0.12556
0.10417
0.09989
0.09869
0.09881
0.10434
0.1017
0.09898
0.10424
0.10658
0.10497
0.10453
0.10588
0.10712
0.10635
0.10456
0.10981
0.1051
0.11224
0.10065
0.10157
0.1055
0.11063
0.10953
0.10838
0.09952
0.11015
0.10786
0.10487
0.1117
0.10377
0.10689
0.11529
0.11233
0.11439
0.1116
0.11112
0.11056
0.1147
0.11231
0.11212
0.11047
0.10718
0.10577
0.11196
0.11154
0.11242
0.10644
0.11195
0.10581
0.10787
0.10605
0.10723
0.10637
0.11209
0.11094
0.11069
0.1115
0.11058
0.10659
0.11121
0.10612
0.12672
0.1117
0.11134
0.11053
0.11198
0.11071
0.11185
0.1116
0.11132
0.11084
0.11012
0.11118
0.11149
0.11253
0.11111
0.1119
0.11201
0.11268
0.11143
0.11049
0.11067
0.11211
0.1109
0.11191
0.11188
0.11286
0.11144
0.11036
0.11135
0.11204
0.11225
0.11179
0.11193
0.11265
0.11187
0.11171
0.09297
0.11238
0.09674
0.09377
0.09309
0.09293
