887	359	78	50
885	362	76	47
884	357	80	56
883	355	81	57
882	355	81	59
883	355	80	59
881	355	83	59
882	356	81	59
882	356	80	61
882	354	81	65
883	354	78	64
884	354	79	65
882	353	79	67
881	355	80	67
883	353	80	69
883	352	78	72
884	351	77	75
884	349	76	77
883	348	76	79
881	348	79	80
881	351	77	79
879	351	78	78
882	350	80	80
881	350	77	80
880	350	78	79
882	350	76	81
882	347	79	83
882	348	80	83
881	347	82	85
885	346	81	83
888	352	87	60
892	354	83	52
893	345	82	60
890	355	87	50
894	356	91	49
894	356	89	46
891	357	93	44
893	354	91	51
895	354	93	47
890	355	96	45
890	353	97	48
889	356	99	47
870	346	100	53
873	346	98	53
873	346	98	53
871	343	98	53
874	344	100	50
875	343	98	53
877	345	96	52
875	344	96	52
880	341	100	56
879	342	100	55
880	342	99	55
882	343	97	54
887	344	94	51
888	345	97	50
888	346	95	48
889	346	97	49
893	342	93	49
891	345	95	46
895	345	95	45
892	344	94	46
895	347	96	43
896	345	98	45
897	345	94	46
900	345	94	44
899	342	96	51
902	344	93	47
900	347	93	42
902	347	91	42
908	344	91	53
912	344	89	57
911	342	91	52
913	343	93	55
916	345	94	56
917	344	92	57
918	342	94	58
919	344	89	57
919	343	92	55
919	343	93	54
921	345	90	55
920	343	93	54
921	343	97	55
924	346	95	52
921	342	100	56
926	344	95	54
927	343	95	51
931	343	94	51
928	343	96	52
927	344	94	48
931	344	98	45
932	345	98	45
932	346	94	42
933	346	96	41
936	345	95	42
934	347	94	38
933	347	96	38
934	347	93	38
935	349	93	36
935	350	93	35
938	348	92	38
940	346	91	42
936	344	89	44
942	344	92	48
944	344	89	49
942	342	92	55
943	342	93	53
946	341	92	53
949	343	90	53
950	343	88	50
956	344	85	53
956	344	88	55
958	342	84	56
957	343	87	55
962	342	83	55
960	342	94	54
963	344	92	53
963	343	93	53
966	344	91	54
968	344	89	51
972	345	87	49
972	345	91	49
967	347	94	47
972	348	92	44
966	349	95	44
968	348	99	44
970	350	90	38
969	348	101	46
968	347	97	44
969	347	98	51
976	348	97	56
977	348	99	53
976	349	98	53
977	351	97	53
979	347	100	55
980	349	103	59
979	348	103	60
977	348	106	63
980	348	104	61
983	349	102	60
983	348	102	60
987	348	104	60
987	348	104	58
988	349	107	59
986	347	107	61
989	348	105	59
988	349	102	57
992	348	101	56
989	350	97	54
991	350	94	51
992	351	93	47
995	352	87	45
997	351	86	47
1000	349	71	50
1000	346	72	59
1005	346	68	58
1003	344	67	59
1009	342	62	64
1009	339	60	68
1010	343	59	64
1009	339	61	66
1012	339	57	67
1011	338	57	68
1009	335	59	71
1010	339	59	70
1018	335	53	70
1019	335	49	72
1016	335	52	71
1011	334	53	75
1008	336	52	72
1006	336	53	75
1006	335	52	75
1006	335	50	75
1008	333	48	79
1008	335	48	79
1004	333	52	80
996	333	63	80
996	329	64	79
985	332	76	79
978	332	82	78
987	332	74	78
964	334	95	75
962	335	98	77
961	334	100	75
960	334	104	75
958	337	104	67
955	340	106	63
952	340	106	64
949	340	110	63
947	342	109	58
957	339	107	59
957	339	110	59
958	340	107	58
961	342	100	54
957	343	102	54
952	345	103	53
958	345	98	52
951	343	105	53
950	343	102	51
944	342	106	48
941	343	110	50
945	342	108	58
944	343	106	44
940	344	108	40
938	343	107	42
938	342	105	43
937	343	106	42
930	341	111	47
929	339	111	49
927	338	108	50
926	336	107	47
933	336	105	48
934	336	101	48
932	335	102	46
926	334	104	45
927	334	103	45
928	333	101	45
928	332	98	45
927	331	98	47
925	331	99	47
923	330	99	46
923	329	95	46
919	325	101	52
918	325	96	51
917	325	94	50
912	324	92	53
910	323	95	52
913	323	92	54
910	321	95	57
909	321	94	57
909	321	93	57
910	319	91	59
911	318	93	61
904	320	89	59
902	318	89	62
896	317	93	63
896	317	93	64
890	318	93	62
890	319	93	61
890	320	91	59
887	320	96	60
886	319	95	60
883	318	99	58
884	318	97	58
884	319	97	58
888	321	91	52
871	321	106	50
866	322	107	48
862	320	110	48
859	320	111	48
852	320	118	49
855	321	114	45
848	321	121	48
851	318	116	53
855	318	113	60
855	320	113	56
861	319	107	65
864	319	99	50
864	319	101	44
862	319	103	49
862	319	101	49
857	319	110	65
858	319	107	62
852	319	114	66
851	319	115	67
848	319	115	65
847	317	114	65
845	318	115	70
846	318	115	65
842	318	116	66
841	317	116	64
842	317	114	62
837	317	116	64
834	318	113	56
838	317	112	52
836	315	110	53
833	317	107	47
832	316	107	48
831	316	105	49
832	315	104	48
828	315	105	47
826	314	103	48
825	314	104	48
823	313	105	51
822	314	103	49
821	313	100	52
821	313	98	55
818	313	100	56
814	310	101	58
816	310	98	59
815	307	96	62
814	308	97	61
812	307	98	63
809	307	98	63
807	306	100	65
806	305	98	67
803	305	101	68
800	305	101	67
798	306	104	65
798	306	103	64
797	307	102	63
797	307	101	62
796	307	100	61
794	307	102	59
795	305	99	59
791	310	100	55
784	309	104	55
772	309	112	56
777	310	106	53
784	308	100	56
777	310	103	58
774	309	105	57
768	309	109	63
764	310	111	61
760	309	113	68
762	309	109	66
762	310	110	70
766	312	105	71
767	312	100	76
766	311	101	80
767	312	99	77
760	307	101	71
761	311	101	77
759	308	99	74
758	308	101	70
755	307	101	62
753	309	101	59
751	309	101	62
752	310	100	73
750	307	103	65
751	310	101	63
751	311	100	65
750	310	100	57
748	309	101	54
749	309	99	52
748	310	99	53
748	309	98	52
741	311	101	51
743	311	99	51
743	310	96	47
745	309	95	51
741	308	95	51
741	307	92	51
740	307	94	52
738	307	94	53
736	306	95	53
735	307	95	53
734	306	96	56
734	305	96	59
731	305	95	63
731	303	93	65
728	305	95	65
725	304	95	65
718	305	101	67
714	303	104	66
712	304	104	66
707	304	109	66
700	303	113	67
698	303	114	66
692	303	116	68
687	302	120	68
683	303	120	64
679	304	125	63
688	305	118	62
684	305	120	62
681	307	122	60
682	307	121	60
702	309	104	59
689	310	114	58
702	313	101	55
696	312	104	56
697	311	102	57
696	311	103	61
692	311	109	69
690	313	110	70
689	311	115	71
684	314	110	70
676	310	121	74
679	311	116	70
680	312	114	78
684	309	109	77
681	318	108	73
680	312	110	78
681	320	103	74
680	313	106	76
677	314	109	78
675	312	111	76
675	316	105	77
676	312	108	76
674	311	110	75
673	310	103	75
672	309	104	80
670	306	103	80
669	306	100	76
666	304	102	77
664	300	101	75
664	303	101	74
662	301	100	74
662	298	99	75
662	299	98	78
659	297	99	76
657	294	95	81
657	296	96	84
656	293	94	84
654	293	94	86
653	291	94	88
653	290	94	89
650	291	94	91
644	290	99	92
646	290	95	91
641	291	99	92
639	290	101	93
641	290	97	93
637	289	100	93
635	288	102	96
628	289	107	94
623	286	113	93
622	288	116	93
618	286	118	94
616	284	120	93
610	291	124	89
605	287	130	86
600	293	133	83
596	290	135	86
593	293	139	82
591	296	138	75
593	296	139	74
591	298	137	70
592	298	138	69
591	301	139	64
592	301	138	63
592	303	137	58
591	303	137	58
594	303	132	56
593	304	131	56
595	305	128	57
596	305	126	56
595	304	126	60
596	304	125	62
593	303	125	65
593	303	125	65
588	303	124	70
589	302	122	71
587	303	125	70
587	301	123	70
583	301	126	70
584	301	124	76
585	298	124	73
584	298	125	79
582	295	126	75
582	292	122	73
578	293	122	80
578	291	119	80
577	289	118	73
576	289	119	77
575	288	117	69
571	288	117	71
571	288	115	70
572	285	114	74
571	286	114	73
569	283	111	75
570	280	110	78
566	282	112	78
565	279	112	79
563	276	112	84
561	280	114	84
558	276	111	85
556	276	114	86
556	275	110	86
557	273	112	87
553	273	114	89
550	274	115	90
550	272	115	90
548	273	115	90
547	270	119	93
542	269	120	89
537	275	123	86
530	271	132	86
527	272	134	86
523	273	135	84
520	276	138	83
516	277	139	79
512	277	140	78
511	278	141	75
508	281	145	72
509	281	143	70
506	280	146	71
512	281	141	68
507	281	140	61
508	281	141	61
508	281	141	60
508	282	139	61
508	282	135	58
509	281	134	60
505	281	135	60
508	282	133	63
503	283	136	66
502	282	134	70
504	282	131	71
501	282	132	74
497	284	135	78
497	283	134	76
494	282	133	80
492	282	133	80
490	280	131	80
489	281	130	80
486	278	130	85
485	279	130	86
484	277	130	86
483	277	129	82
484	278	126	89
483	274	125	91
481	274	125	82
480	275	126	77
481	274	125	75
481	275	123	65
475	273	126	62
471	272	127	62
471	271	126	61
469	272	125	61
470	270	125	64
467	270	123	63
465	268	123	66
466	267	123	68
462	264	122	72
462	263	124	72
459	263	126	73
461	260	123	75
460	260	123	77
458	259	125	78
460	259	124	79
455	256	125	82
452	257	125	81
453	257	123	78
449	256	125	83
448	258	125	78
438	258	131	76
436	257	133	77
431	257	136	77
428	256	139	76
421	258	145	74
420	258	146	72
420	257	149	72
413	256	151	72
409	256	155	69
404	256	155	70
403	255	154	72
398	254	155	74
396	255	161	74
400	255	158	73
396	257	158	72
396	258	157	74
399	259	149	75
410	258	140	72
409	257	136	78
411	256	133	80
403	259	136	85
401	257	136	91
398	258	137	86
400	258	134	90
403	258	127	93
402	258	122	93
406	260	118	92
407	259	112	91
398	257	115	93
403	259	113	86
404	258	107	72
408	257	103	59
413	259	92	54
413	260	92	49
414	258	90	54
414	259	88	53
414	256	85	54
415	257	84	52
414	256	82	53
415	256	81	52
417	255	78	54
415	254	73	56
419	254	73	58
418	254	71	58
420	254	74	61
425	253	73	58
423	253	77	63
426	254	78	62
431	252	79	65
434	253	82	67
436	252	86	68
440	251	86	68
448	252	90	66
448	252	93	68
447	251	97	69
448	250	100	70
451	249	107	73
451	249	108	74
437	244	110	76
411	232	114	82
413	234	119	82
414	236	121	81
416	234	120	83
416	233	123	82
421	232	125	83
423	232	127	82
424	232	129	83
426	233	129	81
429	232	136	84
431	232	139	86
433	232	139	85
433	230	140	89
436	232	144	89
437	230	147	92
437	234	145	89
420	236	149	88
395	230	149	90
394	228	145	93
396	229	143	94
397	228	145	98
402	226	143	100
404	227	142	102
373	222	142	108
367	215	140	110
374	214	136	112
376	214	133	111
382	212	133	112
390	215	132	114
389	212	126	107
398	216	123	106
398	214	123	102
396	217	121	104
406	221	118	104
409	219	116	100
414	219	113	102
417	220	109	97
419	219	105	91
413	222	105	88
381	204	106	85
372	206	104	82
381	207	101	75
379	208	101	75
384	211	99	70
388	213	98	69
392	218	96	66
396	220	96	65
398	219	95	63
401	223	96	63
407	220	97	60
409	222	96	63
411	220	97	62
415	220	98	64
418	220	99	66
419	220	101	67
421	222	102	66
422	219	103	70
425	221	102	71
427	221	103	73
431	222	102	73
430	222	104	75
432	222	103	76
433	221	102	72
435	222	101	72
436	221	100	72
437	223	99	68
439	224	98	67
437	223	100	70
438	225	99	67
440	228	99	64
441	228	100	64
443	227	99	65
446	230	99	64
448	231	99	63
449	229	100	64
452	231	98	66
452	230	99	68
456	228	105	76
455	227	105	81
455	229	105	80
459	227	107	83
463	226	107	89
463	226	110	95
465	222	112	86
469	224	112	102
470	227	117	101
470	226	116	93
473	225	115	107
477	226	114	108
475	226	110	108
477	226	107	106
477	226	102	105
478	227	101	105
478	226	88	103
479	229	84	100
479	228	82	100
482	228	76	97
483	234	71	88
484	232	70	83
484	235	71	78
487	236	68	72
487	239	69	69
487	241	70	66
486	242	71	61
485	242	75	61
482	247	91	57
482	246	94	61
482	245	97	61
481	245	101	60
479	246	106	62
478	245	109	63
478	246	110	62
480	246	114	64
477	246	117	62
480	244	115	64
480	243	118	69
478	244	120	68
481	245	119	70
486	246	122	73
486	245	121	72
487	246	118	72
489	249	119	69
489	250	120	69
492	249	119	71
491	248	121	73
494	253	123	67
496	251	123	69
497	253	126	67
496	254	127	64
498	253	130	66
499	254	128	63
499	254	131	62
502	253	129	63
503	253	128	62
506	255	127	60
506	255	127	61
507	257	126	60
510	258	128	63
511	256	125	67
512	259	126	65
515	259	124	62
519	258	126	75
521	257	125	76
521	259	125	80
524	257	124	80
526	258	124	78
528	260	123	83
530	260	124	77
531	259	124	82
535	260	124	76
539	257	122	78
539	262	125	78
543	260	120	74
545	261	121	74
548	262	121	73
551	261	123	69
551	262	122	69
553	262	122	65
552	264	120	62
553	265	121	60
555	265	118	60
558	266	120	56
558	265	116	57
559	266	117	55
560	267	118	56
562	266	117	55
561	265	119	58
564	265	117	58
565	265	118	58
565	262	118	61
571	263	116	60
567	262	118	62
570	260	117	63
573	260	116	65
574	259	115	67
574	261	113	66
578	259	110	69
579	262	109	70
580	259	111	73
582	259	114	72
583	260	112	70
583	260	115	70
586	262	114	69
587	261	112	68
587	264	117	64
587	265	120	63
587	265	119	63
587	265	122	62
588	267	124	59
589	266	124	58
590	265	126	59
591	266	125	56
592	265	125	56
594	266	126	55
593	266	126	54
599	267	121	55
599	266	124	57
602	267	116	54
604	266	115	55
608	267	114	63
609	265	113	64
612	262	119	69
615	264	117	72
619	264	111	74
622	259	110	74
623	261	103	77
625	259	104	80
629	259	99	81
630	260	97	79
631	258	95	81
633	259	91	77
638	259	86	70
640	261	89	80
641	262	86	79
642	263	83	77
627	262	83	74
632	262	82	73
631	262	82	70
631	261	82	64
633	265	80	56
634	264	77	56
637	268	76	52
637	269	78	52
584	262	79	51
532	248	81	51
476	236	83	51
405	225	88	53
289	194	53	58
