1335	144	546	129
1318	121	592	154
1328	108	589	181
1319	101	596	179
1305	76	585	196
1290	94	605	183
1274	117	586	146
1259	150	585	140
1261	148	583	139
1251	142	583	147
549	131	479	289
528	373	954	298
536	335	982	326
585	319	1059	321
591	315	1051	326
556	282	1161	356
572	220	1222	437
547	189	1240	432
555	185	1221	428
769	195	1011	394
717	210	1037	356
728	195	1072	384
714	185	1121	383
444	122	482	329
413	118	474	327
388	109	476	330
382	105	477	329
359	97	494	325
342	88	532	322
324	82	553	336
308	63	589	343
292	57	591	355
294	52	591	357
280	41	601	363
266	20	616	384
257	12	616	388
278	18	584	353
290	19	597	393
288	22	600	392
293	16	616	345
284	17	587	390
249	25	560	358
260	23	529	402
1381	9	539	347
1381	9	539	347
982	558	524	172
982	551	497	171
975	548	516	173
963	546	497	178
669	0	584	125
690	6	563	124
695	0	543	123
679	0	543	121
944	529	481	172
932	525	486	182
924	519	490	188
925	520	484	190
915	510	493	190
904	505	498	200
911	495	481	194
894	488	486	204
893	475	476	215
899	478	469	218
885	469	467	234
881	463	456	230
864	453	467	249
864	450	490	240
857	438	487	248
857	441	482	243
850	432	503	254
839	424	497	262
831	419	516	263
824	415	527	269
814	412	538	282
806	413	540	271
805	402	540	289
795	402	533	270
788	397	513	251
783	406	490	225
761	411	517	206
771	405	509	211
768	407	507	205
760	400	517	203
754	406	521	198
748	401	522	201
739	404	527	206
740	400	529	208
736	402	543	208
723	395	558	215
722	398	556	209
714	399	563	191
703	394	565	181
702	394	568	171
691	392	571	183
680	388	606	179
676	392	596	166
669	390	592	177
668	392	590	169
1246	430	501	294
661	390	591	158
646	399	614	142
641	402	599	134
633	408	634	121
617	402	640	129
611	402	638	129
306	38	616	423
365	4	634	547
389	7	661	585
383	8	696	623
428	21	696	633
436	12	642	653
472	36	624	648
475	76	568	650
495	150	563	616
524	200	594	562
531	276	699	419
540	269	670	478
1037	46	659	198
527	243	620	489
546	285	634	393
983	47	702	183
978	62	652	199
575	337	604	217
566	252	594	286
561	270	601	311
551	325	622	251
578	335	579	439
173	471	531	398
169	463	533	407
169	445	515	404
516	318	638	258
512	321	617	249
503	316	619	234
505	311	586	242
491	307	585	233
503	301	594	246
490	293	621	255
485	290	608	253
488	281	577	253
474	267	545	249
493	267	552	252
477	261	562	255
468	259	586	268
467	251	580	267
466	244	581	283
463	231	581	302
463	233	583	299
444	232	599	295
431	227	603	299
764	35	587	215
435	213	552	330
411	195	597	353
405	197	594	353
407	185	600	352
412	184	566	311
408	180	551	300
403	174	613	306
413	166	565	312
409	166	562	308
713	21	513	203
711	13	503	231
711	19	500	209
707	3	507	222
703	6	519	221
705	8	516	215
712	9	529	224
114	96	400	356
