1131	256	282	398
1128	258	277	401
1130	255	275	400
1136	250	271	411
1128	258	279	407
1131	264	272	399
1129	260	277	403
1126	263	280	406
1137	263	261	413
1128	261	279	413
1133	259	277	410
1135	258	280	415
1133	261	290	419
1140	257	290	419
1142	266	289	418
1145	263	283	420
1139	276	285	413
1139	287	288	411
1148	289	287	405
1147	297	292	398
1155	310	284	391
1150	321	293	380
1147	320	297	385
1152	311	288	391
1157	317	281	393
1151	323	289	395
1152	334	290	386
1149	326	300	401
1144	329	303	398
1143	323	309	405
1145	309	312	416
1149	316	314	415
1150	301	321	423
1146	322	321	404
1147	317	328	399
1143	314	331	409
1143	318	331	403
1146	314	330	406
1151	314	325	407
1152	312	318	412
1148	323	317	415
1151	321	315	413
1151	324	311	420
1154	328	318	416
1150	329	322	413
1152	330	319	410
1153	329	326	411
1147	329	330	405
1150	337	330	404
1147	337	335	403
1142	333	345	405
1132	358	349	380
1142	358	344	371
1145	366	332	361
1138	371	342	359
1139	370	351	361
1145	386	344	352
1139	387	345	348
1141	385	341	348
1139	383	323	351
1137	379	328	359
1136	384	326	349
1136	381	329	357
1133	382	325	351
1133	378	323	356
1135	380	313	355
1130	378	315	367
1139	378	300	362
1134	388	302	364
1132	388	301	365
1128	390	297	364
1133	389	284	367
1141	384	258	373
1150	381	246	394
1157	383	233	383
1145	391	232	367
1149	388	220	381
1146	384	214	389
1147	390	207	387
1134	392	215	388
1137	397	205	387
1135	399	206	392
1137	405	197	382
1152	409	170	368
1156	401	164	363
1128	407	193	359
1158	403	164	357
1130	401	201	360
1135	407	199	354
1128	405	203	356
1143	406	185	350
1140	394	192	355
1174	397	156	355
1177	387	156	379
1171	385	163	382
1161	385	165	386
1167	388	151	380
1142	386	172	385
1175	388	131	396
1176	384	131	399
1171	388	135	393
1174	390	131	387
1178	391	123	386
1195	385	110	387
1194	380	116	388
1191	381	122	386
1190	375	126	393
1188	374	135	389
1183	375	142	391
1186	379	141	377
1194	380	135	378
1193	376	140	382
1201	374	130	379
1202	376	135	376
1198	373	140	377
1206	371	137	375
1203	371	146	377
1209	376	143	369
1206	367	149	372
1203	372	154	368
1207	371	158	368
1210	362	163	370
1221	347	172	370
1220	361	174	359
1228	364	172	353
1229	359	183	359
1233	358	175	349
1228	355	186	354
1221	353	187	341
1219	356	200	334
1236	348	189	341
1242	355	189	334
1226	360	202	331
1235	356	193	344
1255	351	170	341
1261	360	162	318
1246	363	173	317
1224	363	199	317
1247	362	176	316
1250	368	184	308
1261	365	171	317
1266	368	169	303
1268	368	170	293
1272	370	180	289
1275	368	182	293
1259	368	204	292
1262	368	217	291
1260	369	231	283
1266	364	230	289
1273	364	224	294
1275	365	226	291
1272	358	239	301
1274	357	252	299
1266	351	262	309
1269	349	280	318
1274	350	275	297
1268	331	296	325
1262	347	295	307
1267	354	297	296
1263	341	312	312
1261	314	324	342
1258	339	334	315
1264	346	340	305
1258	334	353	315
1257	339	361	309
1252	342	365	317
1249	339	378	325
1251	336	374	325
1248	336	384	323
1247	344	398	317
1244	348	407	315
1241	349	420	300
1239	354	432	299
1232	353	440	299
1236	351	443	304
1240	345	444	305
1238	349	459	300
1239	344	463	295
1238	350	465	290
1242	349	459	293
1243	351	471	294
1260	343	474	304
1267	355	473	295
1278	346	468	303
1281	347	467	311
1295	356	465	305
1302	361	470	305
1305	361	473	312
1309	362	468	316
1315	360	485	320
1312	362	484	324
1322	364	481	326
1313	362	482	331
1314	359	478	338
1311	357	487	339
1304	356	486	338
1300	355	479	334
1299	354	484	328
1296	352	487	326
1287	349	472	333
1274	351	485	333
1278	350	478	329
1279	354	477	330
1263	346	485	327
1258	350	494	332
1257	349	488	329
1244	342	492	327
1251	346	488	325
1244	348	493	323
1235	347	497	318
1233	342	493	319
1225	340	495	317
1224	342	495	325
1224	341	494	323
1228	336	490	319
1230	336	487	313
1224	342	487	315
1221	339	490	318
1225	339	485	319
1229	336	480	326
1237	335	481	334
1239	337	475	334
1244	336	476	338
1246	334	493	331
1249	334	508	326
1246	340	499	327
1258	339	487	324
1267	335	473	327
1271	339	469	329
1274	343	476	332
1281	341	465	335
1274	337	472	327
1270	336	472	339
1268	339	471	331
1266	340	462	336
1267	329	463	331
1265	329	463	335
1265	329	455	324
1258	329	455	327
1255	335	455	331
1257	331	463	330
1263	329	453	328
1262	334	466	333
1257	332	480	330
1260	340	473	332
1262	336	466	331
1265	335	453	330
1257	338	445	328
1256	338	443	326
1255	339	451	324
1252	338	442	317
1249	346	443	307
1247	341	431	317
1251	340	425	320
1256	343	424	318
1262	347	412	321
1267	335	418	332
1268	344	417	328
1276	344	406	326
1283	325	398	342
1287	336	394	334
1292	337	381	338
1304	339	364	328
1324	332	343	331
1329	337	336	326
1326	338	338	328
1336	336	327	323
1327	340	326	319
1327	337	331	329
1324	330	329	327
1323	334	327	314
1328	336	328	321
1329	337	333	322
1330	337	337	322
1327	337	330	324
1332	341	330	322
1330	342	334	324
1324	343	324	318
1322	341	326	325
1316	334	331	327
1310	332	332	327
1308	333	336	331
1304	333	333	330
1304	326	329	328
1302	332	330	331
1300	327	323	328
1297	336	329	317
1291	332	334	318
1283	332	337	318
1284	331	339	317
1278	329	349	329
1287	333	335	326
1282	333	358	330
1277	330	340	326
1277	327	342	337
1278	319	340	337
1277	319	339	332
1272	315	352	343
1278	323	334	330
1279	313	339	332
1281	313	341	337
1276	296	335	344
1287	307	330	339
1290	302	332	343
1293	305	326	326
1301	301	324	325
1310	311	322	315
1320	305	321	321
1317	312	320	321
1317	318	323	308
1308	320	339	308
1304	314	350	321
1310	313	351	317
1302	316	358	312
1302	317	355	315
1299	314	357	323
1275	307	380	325
1263	315	387	311
1259	311	392	309
1263	315	387	304
1236	316	420	296
1243	319	406	295
1246	322	409	298
1239	317	419	294
1252	325	407	294
1257	327	407	290
1265	325	406	292
1282	326	402	286
1284	330	396	289
1287	330	388	292
1293	327	385	295
1280	327	400	300
1283	334	398	294
1274	327	413	296
1274	330	411	293
1265	335	416	283
1253	327	431	289
1251	333	432	280
1250	333	438	279
1250	336	432	281
1248	331	443	285
1259	334	433	287
1247	332	456	277
1248	335	453	281
1243	337	461	279
1234	336	470	278
1236	337	468	279
1222	336	485	275
1226	335	473	277
1234	334	467	275
1239	334	458	270
1238	330	461	269
1233	328	462	271
1238	321	456	274
1253	318	443	278
1267	316	437	281
1271	314	434	275
1278	308	429	274
1296	310	414	270
1295	302	413	280
1313	300	398	279
1324	301	389	278
1328	295	386	276
1343	290	372	272
1339	291	378	276
1365	282	352	276
1355	281	355	274
1364	278	348	274
1366	274	338	271
1372	273	325	268
1379	270	322	263
1380	266	316	271
1407	265	290	273
1445	269	251	274
1438	259	259	296
1449	266	253	299
1458	262	247	316
1464	265	239	324
1475	268	230	331
1484	267	221	338
1482	274	225	340
1485	277	223	339
1476	282	240	346
1470	273	247	364
1464	278	255	374
1454	280	267	372
1453	275	277	380
1453	286	279	377
1442	281	298	386
1436	294	311	388
1424	296	320	388
1421	282	331	404
1403	295	361	397
1394	289	373	404
1386	287	388	405
1376	296	403	399
1371	298	406	396
1357	301	413	412
1344	298	428	406
1334	280	443	429
1326	273	457	439
1314	265	466	454
1313	264	476	457
1311	261	478	460
1303	262	478	472
1293	272	505	465
1287	283	466	462
1288	299	452	452
1272	296	458	460
1270	310	457	444
1267	324	455	434
1260	319	462	452
1254	320	461	459
1247	323	459	459
1235	332	465	453
1240	337	455	456
1241	333	455	469
1234	347	453	469
1238	345	447	492
1227	353	455	481
1227	351	448	483
1210	360	451	467
1200	358	451	471
1202	363	451	464
1200	366	440	456
1197	372	449	451
1197	382	444	448
1191	380	447	448
1194	381	455	453
1192	383	463	438
1191	381	459	431
1193	384	463	418
1194	387	462	415
1195	384	464	409
1196	388	465	397
1194	380	462	393
1193	378	457	388
1191	380	454	387
1197	383	461	380
1197	384	459	383
1200	380	475	379
1204	374	467	382
1204	366	463	384
1204	368	462	384
1205	365	462	386
1208	361	456	387
1208	360	462	387
1208	355	459	393
1209	353	454	393
1213	356	457	396
1212	354	462	400
1209	353	470	405
1208	348	461	406
1206	344	455	408
1201	348	465	416
1203	350	463	418
1201	358	474	407
1199	357	460	408
1198	358	458	410
1194	353	458	414
1186	356	470	423
1183	357	465	418
1181	354	459	415
1180	348	454	429
1172	352	456	434
1171	357	454	432
1171	355	448	431
1165	361	441	437
1167	356	433	448
