401	250	85	107
390	256	96	107
397	247	82	110
416	241	60	110
420	233	54	117
417	233	55	113
404	224	71	101
403	225	63	94
386	216	67	88
385	219	71	81
364	204	104	89
359	204	110	92
335	192	135	107
334	178	147	127
317	181	171	121
317	182	167	140
322	166	174	148
670	319	132	187
696	341	97	157
673	356	115	173
681	348	93	163
677	355	97	156
667	352	112	155
661	356	119	160
651	357	126	151
643	359	139	139
632	361	143	154
622	358	163	152
611	356	197	159
286	408	247	170
201	418	301	199
158	411	329	238
182	414	289	212
187	408	284	225
187	399	289	233
590	331	162	204
602	348	132	175
595	353	147	181
602	357	136	158
603	354	130	161
592	353	149	147
589	348	154	152
580	350	159	133
575	353	162	139
583	352	144	126
581	350	143	131
575	352	151	134
592	350	134	121
604	350	128	128
618	345	123	128
617	334	134	134
482	547	275	149
477	541	287	156
483	535	279	168
514	527	252	161
530	530	236	165
512	523	263	157
524	516	242	162
508	509	250	165
527	502	225	169
595	465	166	190
408	191	130	198
642	444	128	165
632	443	136	161
665	410	106	163
695	404	74	160
665	386	120	141
669	383	115	142
693	271	95	234
692	301	97	198
712	256	82	226
720	269	77	191
672	251	112	171
714	256	86	181
704	255	89	172
697	259	93	158
714	249	81	141
720	250	81	135
716	243	67	132
718	243	66	127
714	243	78	115
711	243	86	131
710	242	80	109
707	245	80	106
694	217	64	115
686	235	80	121
692	201	54	107
690	217	57	90
685	215	53	98
686	218	49	84
674	217	54	83
672	212	56	91
638	190	76	91
631	179	98	115
622	182	87	106
626	176	82	104
619	178	93	114
623	189	97	98
622	184	87	103
630	180	81	108
630	180	81	108
673	26	112	63
647	108	77	113
618	228	99	87
613	227	75	94
625	232	72	89
612	232	81	98
615	235	77	90
615	235	77	90
441	128	94	71
441	128	94	71
643	278	65	73
643	280	70	89
642	287	66	85
666	299	49	93
675	305	40	90
668	315	51	81
669	317	50	80
674	317	50	80
664	314	59	84
710	192	39	83
710	192	39	83
710	192	39	83
710	192	39	83
689	110	48	125
691	119	54	131
691	119	54	131
551	28	86	184
670	290	247	100
666	277	222	113
659	271	206	112
539	107	262	102
277	436	178	157
282	435	173	160
293	432	170	148
198	295	160	139
287	421	183	166
298	419	172	170
308	417	163	158
307	414	153	161
314	417	131	151
316	428	124	136
316	428	124	136
316	428	124	136
316	428	124	136
316	428	124	136
659	192	158	154
665	192	159	135
660	193	150	118
659	194	141	124
654	193	119	142
650	190	126	153
650	190	126	153
449	295	225	100
418	290	255	89
290	248	148	138
290	248	148	138
290	248	148	138
368	310	276	88
366	307	287	120
358	312	278	122
337	323	289	107
321	336	266	87
317	341	277	89
270	348	324	83
528	162	154	132
528	162	154	132
235	358	326	86
216	370	315	81
216	370	315	81
290	43	150	204
307	45	129	206
312	45	133	202
245	405	222	85
332	231	208	121
352	236	190	119
352	236	190	119
352	236	190	119
572	162	140	167
580	160	139	153
378	258	107	146
333	89	156	149
324	103	171	149
330	106	167	156
330	106	167	156
325	109	187	176
325	109	187	176
310	117	222	168
299	124	229	177
297	128	219	167
330	133	224	167
335	134	241	181
510	487	163	157
510	487	163	157
510	487	163	157
359	149	201	156
367	162	219	158
104	450	218	170
86	452	256	181
86	446	261	179
91	454	259	205
68	433	318	162
94	440	294	155
178	403	282	185
196	406	244	176
216	398	234	187
218	401	228	181
223	404	247	159
228	401	248	155
232	387	248	183
226	368	255	222
264	370	217	153
261	385	215	138
420	279	236	106
420	279	236	106
374	332	171	156
419	282	255	119
419	282	255	119
390	325	175	159
479	79	156	136
498	88	132	124
498	88	132	124
405	177	175	139
417	181	187	122
417	181	187	122
406	310	182	129
406	353	143	97
389	306	167	147
399	343	163	119
376	307	168	168
372	334	185	145
367	341	161	152
369	353	155	141
369	353	155	141
170	393	344	122
329	324	186	188
515	356	235	102
524	365	227	101
521	362	239	97
512	378	248	88
518	378	253	91
551	381	241	95
521	377	237	101
551	392	217	85
537	383	230	101
543	387	221	98
542	386	226	104
545	394	218	99
542	398	229	119
544	398	216	109
536	394	228	124
570	401	203	113
549	405	216	122
592	390	167	108
566	380	183	117
602	374	156	132
612	366	151	141
628	373	132	142
628	381	131	138
623	384	130	139
615	385	133	144
610	380	138	142
611	383	132	157
615	386	130	144
620	385	123	153
616	385	127	139
617	385	125	149
610	395	131	146
613	398	130	140
618	397	126	144
594	394	150	161
580	392	160	213
347	329	137	189
347	329	137	189
203	145	248	148
347	338	131	191
349	352	127	170
556	417	174	152
561	414	168	150
561	414	168	150
561	414	168	150
615	406	152	161
615	406	152	161
615	406	152	161
633	396	123	171
629	408	112	143
504	346	169	106
499	344	176	109
499	348	176	106
371	195	106	151
371	195	106	151
369	204	118	141
376	200	107	144
145	297	216	97
393	230	100	135
397	227	106	141
397	219	107	164
403	231	87	170
404	222	85	186
407	276	89	144
407	292	82	110
404	304	92	99
408	304	90	101
409	299	62	112
407	300	63	109
403	301	68	112
402	294	71	120
403	287	77	126
502	364	63	131
393	301	67	116
398	305	69	113
500	378	69	123
579	330	91	139
566	306	105	161
560	295	116	162
537	260	111	151
531	253	118	158
458	389	102	148
517	243	114	149
500	223	125	160
488	207	131	179
472	202	133	166
477	203	128	144
460	191	134	149
454	190	137	142
445	182	144	136
440	184	143	138
430	187	157	126
426	185	158	135
413	183	188	113
413	183	187	114
413	183	187	114
388	165	207	125
390	162	202	126
374	160	215	128
365	154	237	126
357	148	235	131
685	206	85	122
686	201	56	112
695	219	53	105
696	214	54	111
705	231	51	98
701	227	59	105
713	219	56	122
713	217	57	129
724	236	54	114
731	236	48	119
735	251	49	108
739	264	41	96
740	272	48	92
739	281	48	83
747	283	59	77
746	283	53	82
746	283	53	82
589	316	44	92
586	302	40	106
587	301	36	93
490	337	83	62
490	337	83	62
267	119	170	123
292	134	163	138
368	200	104	154
271	137	163	120
195	368	143	113
268	143	164	115
195	353	139	120
184	353	143	125
199	330	146	147
177	354	151	118
177	354	151	118
177	354	151	118
347	264	108	104
347	264	108	104
340	228	114	138
340	228	114	138
441	506	206	93
730	520	157	116
701	351	123	124
678	354	145	115
683	358	145	126
704	356	123	128
722	364	113	123
749	375	89	117
759	378	90	108
769	378	84	102
771	384	93	99
771	384	93	99
705	363	156	120
726	362	143	124
723	368	147	117
724	363	140	124
728	363	114	112
678	434	88	99
849	387	56	122
850	389	55	116
850	389	55	116
671	383	104	145
664	359	90	162
662	358	96	168
663	351	96	173
665	351	102	175
695	372	155	116
720	380	129	99
720	380	129	99
715	382	146	99
731	381	133	95
735	378	130	90
733	379	117	85
730	376	124	86
654	337	87	79
657	336	82	79
659	337	86	80
714	384	133	75
715	375	141	88
717	379	142	84
714	381	147	79
717	385	150	78
718	385	138	77
717	383	143	77
717	382	135	89
715	382	135	87
716	384	126	86
730	361	105	103
730	361	105	103
730	361	105	103
730	361	105	103
730	361	105	103
730	361	105	103
730	361	105	103
