678	315	155	90
678	318	168	86
689	314	158	86
692	312	158	83
692	311	156	86
701	308	150	82
705	306	147	87
709	305	149	82
710	303	152	91
715	304	146	85
722	304	143	87
721	303	145	79
724	302	145	94
725	297	174	83
726	297	189	88
720	291	212	85
724	289	187	89
728	287	187	88
743	284	170	86
740	279	183	90
736	281	187	88
752	279	168	88
761	279	160	80
754	279	179	82
756	277	171	83
759	280	163	75
763	277	164	78
768	275	165	74
768	276	162	78
767	272	166	77
776	267	163	77
777	270	164	79
775	267	165	77
786	267	155	73
784	269	160	73
784	269	159	72
785	268	161	69
785	267	159	66
787	269	163	64
783	270	161	66
785	271	159	63
786	271	161	67
784	271	161	63
783	272	161	67
785	271	158	64
786	270	159	73
792	270	152	69
782	272	161	73
795	274	148	71
780	275	167	82
796	272	154	82
787	272	164	72
780	278	168	68
788	279	158	67
796	280	151	78
801	276	153	75
821	271	132	91
829	265	125	89
843	265	113	99
840	266	115	94
846	276	109	88
849	283	106	87
845	290	116	84
847	285	111	101
841	296	124	96
846	286	128	98
842	300	117	97
853	286	114	90
842	304	128	88
848	284	122	108
855	285	118	106
861	280	102	109
861	303	101	88
865	294	112	90
872	308	92	87
873	305	86	84
879	310	99	82
880	319	102	80
884	312	83	84
881	311	96	85
884	317	107	80
890	315	110	85
891	314	109	89
887	320	112	91
886	318	110	86
887	327	108	83
883	320	130	87
896	315	105	106
892	323	114	109
894	319	107	100
886	319	117	90
886	312	104	84
901	316	102	109
893	317	105	99
900	314	107	123
898	305	90	115
903	325	105	109
897	312	99	107
899	319	101	116
901	311	90	135
897	324	101	120
905	327	101	127
921	326	94	104
915	309	100	117
915	315	98	104
918	309	101	105
922	314	105	114
929	316	84	103
930	311	80	96
932	314	81	83
938	318	77	66
937	318	77	99
938	319	79	101
941	320	80	85
945	320	82	114
940	323	86	114
940	318	90	117
946	322	72	96
779	310	114	73
707	359	125	65
707	363	136	68
931	381	84	81
947	326	90	121
1058	357	116	125
937	394	77	76
1066	350	53	99
962	323	82	95
939	393	81	68
944	392	76	68
945	391	89	66
947	395	86	64
814	317	96	64
769	370	132	77
765	477	137	77
773	479	116	82
780	478	119	85
773	481	130	83
757	484	145	110
737	486	156	122
911	560	89	166
912	559	93	171
914	556	95	179
920	557	96	176
921	558	98	164
755	489	151	128
924	558	109	147
927	559	112	139
746	608	92	197
938	549	113	138
935	553	111	123
936	553	121	133
936	553	121	133
940	553	122	126
946	555	124	125
948	555	120	129
948	549	124	135
951	549	122	137
955	551	121	129
959	555	130	140
961	550	126	148
961	551	138	154
965	550	132	154
966	548	133	150
970	550	141	151
974	540	133	155
974	543	138	160
980	542	138	159
979	541	145	170
1037	538	90	177
1065	540	63	180
981	543	152	166
1289	495	144	185
1007	526	136	197
1302	504	141	183
1315	508	137	184
1315	529	143	171
1309	529	154	167
1320	532	148	170
1321	507	152	192
1058	533	111	228
1339	540	146	180
1344	561	149	159
1344	561	149	159
1360	567	145	161
1364	535	151	193
1363	320	118	362
1372	315	112	342
1373	321	101	326
1377	341	89	262
1381	381	72	223
1126	334	151	131
1130	340	160	136
1127	336	161	128
1126	334	162	133
1127	333	164	134
1124	331	169	119
1124	325	172	130
1129	324	170	130
1130	323	176	126
1128	321	178	128
1139	321	172	127
1143	324	165	126
1145	321	171	123
1133	316	110	114
1139	312	114	117
1251	337	82	115
1142	304	115	122
1252	333	86	113
1256	330	105	117
1139	305	119	113
914	327	128	87
808	394	124	88
809	394	125	79
809	394	127	87
812	394	126	79
812	394	130	89
815	394	129	86
816	395	129	86
815	394	119	84
820	396	115	87
820	396	115	87
907	330	121	82
904	331	134	80
908	333	134	81
1150	279	110	130
1145	277	105	131
1272	321	76	131
1151	281	116	139
1150	280	108	146
1156	281	92	145
1153	283	99	141
1156	283	84	134
1156	282	103	148
1159	283	82	147
1282	337	79	119
1161	289	110	146
1161	287	94	144
1285	341	85	119
1288	345	84	119
1290	346	97	127
1162	291	101	164
1300	346	82	133
1299	513	74	117
1300	515	78	121
1303	519	82	117
1307	518	85	116
1308	519	99	118
1312	517	102	121
1318	519	102	120
1322	519	106	123
1324	518	109	124
1328	519	113	124
1333	521	108	121
1336	522	104	121
1340	519	106	125
1343	525	96	121
1345	520	106	124
1351	521	80	126
1351	519	102	127
1504	493	69	165
1359	522	75	118
1361	517	71	133
1367	520	65	122
1213	575	147	73
1216	578	143	78
1220	579	148	77
1224	582	145	77
1228	585	145	76
1231	586	146	77
1237	589	143	75
1239	591	148	74
1246	593	141	71
1249	595	143	75
1397	534	110	105
1260	599	144	69
1401	535	116	96
1404	534	124	105
1404	534	124	105
1276	601	136	71
1418	540	128	95
1421	536	132	99
1424	537	133	100
1428	537	136	98
1431	535	136	98
1436	535	134	100
1437	535	133	101
1438	535	127	104
1442	536	128	102
1454	371	69	140
1459	367	67	135
1460	367	70	130
1462	365	72	127
1468	364	72	126
1467	359	74	128
1471	360	72	127
1469	357	83	127
1471	357	80	130
1473	354	89	135
1333	599	153	88
1325	594	164	87
1337	598	152	88
1326	592	165	91
1336	591	155	94
1345	592	143	89
1345	590	145	95
1252	552	199	111
1300	556	188	126
1313	559	175	124
1149	643	100	225
1149	653	99	209
1324	561	171	122
1155	649	94	216
1161	647	92	215
1104	472	99	156
1104	472	99	156
1099	462	66	138
1116	469	55	134
1114	472	45	128
1117	469	51	126
1119	467	51	125
979	370	108	88
972	366	112	90
969	366	113	89
970	364	114	89
960	363	124	91
1120	460	50	139
1129	465	40	125
1142	465	29	123
1142	463	30	128
1146	465	29	120
1146	463	29	125
1149	463	29	120
1150	461	31	124
1153	461	31	119
1157	461	29	116
1160	459	30	117
1159	458	33	120
1160	458	37	120
1163	458	36	115
1166	457	37	110
1167	454	39	105
1171	459	39	113
1168	453	47	118
1172	455	47	112
1173	454	60	141
1175	456	69	129
1177	457	68	137
1179	457	69	141
1177	457	72	135
1181	456	64	128
1181	452	70	140
1179	454	67	122
1187	451	64	134
1190	451	63	142
1189	451	62	130
1191	451	61	136
1193	449	61	136
1194	450	61	134
1196	450	57	132
1197	451	56	134
1199	449	54	136
1199	449	54	135
1200	451	51	132
1199	450	50	136
1201	451	48	135
1200	452	50	132
1201	451	48	137
1203	457	47	133
1202	453	49	137
1203	456	50	133
1203	455	54	136
1205	459	52	127
1205	459	52	130
1205	460	55	127
1205	461	53	125
1204	461	56	123
1205	461	56	122
1204	461	65	128
1204	459	60	120
1203	460	65	121
1203	461	67	123
1204	459	67	122
1203	460	62	117
1204	461	63	121
1206	460	71	119
1207	457	78	127
1206	459	93	125
1205	459	85	117
1205	458	94	121
1206	461	92	114
1205	459	81	117
1204	458	96	122
1207	459	83	120
1206	459	85	123
1205	457	69	119
1210	461	70	132
1215	460	66	132
1214	462	69	138
1214	464	69	129
1216	463	66	131
1215	464	71	134
1209	463	82	128
1209	460	82	131
1217	461	79	122
1214	461	81	130
1212	459	90	105
1229	464	70	124
1227	464	76	120
1232	465	77	121
1234	465	72	114
1236	466	74	115
1242	469	67	111
1243	468	68	119
1245	471	67	119
1248	472	63	120
1250	477	64	125
1253	479	60	126
1257	482	57	123
1256	483	59	122
1259	486	59	128
1259	490	66	129
1260	492	63	129
1261	494	68	122
1261	497	63	128
1265	500	65	127
1263	503	66	125
1264	506	62	124
1269	510	52	119
1268	512	56	122
1274	515	48	125
1269	519	57	129
1274	521	47	124
1270	523	56	136
1274	527	54	132
1272	529	54	128
1273	532	55	139
1271	532	59	133
1278	540	54	132
1273	544	58	124
1271	544	61	131
1273	549	60	130
1276	552	57	129
1279	555	56	129
1277	558	62	128
1278	558	62	137
1282	561	61	137
1280	562	54	119
1279	564	63	130
1278	567	67	130
1278	568	71	128
1281	571	69	125
1277	569	74	122
1278	576	75	108
1277	575	78	105
1279	579	78	101
1278	579	81	107
1278	581	81	107
1280	581	80	119
1281	584	82	114
1281	584	87	115
1284	588	90	116
1285	587	96	121
1285	590	91	120
1285	592	91	124
1281	590	97	126
1283	599	105	119
1279	599	117	121
1278	604	108	113
1289	602	104	123
1273	601	114	117
1275	606	109	116
1252	602	132	118
1206	600	174	113
1188	596	196	102
1162	597	224	108
1202	595	186	100
1233	601	160	104
1260	605	137	94
1258	608	147	94
1270	608	140	96
1273	606	143	95
1275	607	139	98
1277	605	146	98
1281	603	147	97
1284	604	139	91
1283	604	140	93
1283	601	136	96
1270	600	152	100
1277	600	159	102
1282	601	150	94
1281	596	147	101
1293	601	133	93
1289	601	142	103
1286	597	142	97
1296	601	135	106
1294	597	143	103
1297	602	150	108
1296	594	146	108
1303	602	132	102
1302	605	144	120
1302	604	150	114
1297	600	151	126
1289	606	160	130
1292	607	159	151
1306	617	143	142
1288	607	164	157
1267	600	186	164
1273	606	167	155
1300	632	145	137
1312	637	140	151
1312	640	142	137
1310	645	142	141
1304	651	153	138
1305	658	149	134
1301	658	154	140
1291	657	163	138
1288	671	168	123
1315	672	147	131
1289	683	173	130
1296	683	166	124
1300	684	166	127
1295	689	170	121
1299	690	176	122
1307	694	159	125
1307	697	160	120
1306	697	160	121
1312	701	168	118
1312	702	164	114
1316	705	165	123
1317	707	163	122
1324	711	157	119
1324	705	158	120
1329	710	154	122
1328	712	151	118
1330	713	153	121
1337	716	149	118
1332	713	148	121
1340	713	140	126
1343	717	138	119
1344	722	134	112
1349	724	128	118
1347	723	131	113
1349	725	129	114
1348	720	135	123
1349	723	139	126
1350	722	138	118
1355	728	141	127
1348	721	150	126
1352	723	148	122
1353	723	145	118
1358	729	147	124
1359	727	148	126
1367	725	152	127
1363	722	156	120
1358	724	161	115
1363	727	152	119
1364	726	152	123
1367	729	143	120
1372	735	143	113
1370	738	141	114
1380	740	132	108
1380	739	132	109
1383	740	133	115
1391	742	126	115
1387	736	130	119
1390	742	129	120
1388	743	132	123
1395	740	126	120
1396	743	127	119
1399	746	124	117
1403	740	122	116
1407	742	120	117
1409	743	122	117
1412	742	121	113
1415	745	119	115
1418	746	118	116
1421	746	118	114
1421	745	119	114
1426	752	114	113
1426	749	119	113
1429	748	119	121
1428	739	123	134
1421	746	135	133
1426	754	129	135
1427	756	130	131
1426	751	134	135
1426	755	125	148
1426	747	129	149
1425	754	141	144
1419	757	147	155
1423	749	135	190
1424	753	139	175
1424	759	138	179
1434	762	132	162
1450	765	118	135
1455	770	116	118
1455	763	126	125
1458	769	113	115
1456	769	124	120
1455	775	124	122
1462	776	119	128
1460	782	119	126
1470	786	116	121
1459	787	125	117
1474	790	115	132
1458	785	131	133
1471	795	112	133
1480	795	111	118
1479	795	113	112
1478	792	116	121
1477	795	119	130
1485	802	100	128
1484	801	113	127
1485	801	116	126
1488	806	110	121
1485	806	119	126
1489	812	111	126
1491	813	115	123
1491	814	112	125
1495	817	110	125
1498	822	104	118
1501	825	110	122
1507	830	96	115
1506	825	103	126
1514	832	92	114
1509	828	103	123
1512	834	99	124
1515	839	99	113
1511	837	108	125
1512	835	110	132
1514	832	101	133
1516	841	112	121
1514	842	117	117
1507	837	124	124
1492	831	135	142
1445	826	188	155
1452	829	178	155
1462	831	172	158
1450	835	182	161
1459	837	175	150
1518	861	126	141
1516	861	136	148
1472	853	171	151
1484	859	163	152
1490	865	163	159
1472	866	180	148
1519	877	136	141
1521	884	126	130
1530	889	123	128
1522	892	133	128
1525	890	130	136
1521	896	137	126
1521	898	138	129
1529	904	138	127
1518	900	146	129
1520	901	145	133
1533	910	131	128
1532	914	131	121
1533	916	136	121
1534	915	136	125
1529	914	149	129
1541	920	138	134
1532	917	150	144
1526	916	152	140
1509	914	171	143
1513	909	173	151
1469	908	218	158
1464	898	219	170
1450	908	239	171
1487	909	200	171
1453	906	237	173
1484	907	210	172
1435	912	260	168
1450	905	241	175
1442	904	253	175
1438	917	265	162
1450	910	249	170
1445	908	254	172
1443	925	256	155
1501	909	202	170
1464	911	243	169
1449	914	253	165
1451	915	256	165
1470	903	250	177
1495	903	222	177
1477	890	246	189
1459	895	276	185
1465	923	275	154
1503	883	229	197
1470	884	275	195
1489	859	262	190
1491	887	251	189
1483	918	262	161
1479	877	270	202
1492	851	277	211
1484	914	254	166
1489	892	265	188
1509	908	242	171
1496	906	253	174
1492	846	265	234
1507	929	201	150
1512	877	227	203
1538	900	235	180
1560	913	214	167
1626	939	150	140
1537	908	214	172
1611	911	174	169
1635	917	149	163
1666	951	122	128
1674	951	126	128
1665	947	133	133
1677	951	130	129
1691	782	155	129
1667	946	147	134
1668	944	152	135
1682	945	133	135
1673	928	142	148
1680	940	143	140
1671	921	149	156
1687	924	139	155
1668	912	154	164
1682	929	146	151
1670	910	162	159
1687	926	150	153
1684	929	154	150
1678	907	164	168
1665	910	184	169
1629	874	219	198
1620	874	238	205
1588	892	277	187
1577	899	251	179
1589	844	278	235
1590	931	239	148
1618	882	255	198
1597	894	250	178
1591	901	295	178
1597	892	275	187
1614	897	260	177
1609	912	280	167
1612	896	277	183
1617	916	266	164
1607	907	282	172
1632	897	254	182
1615	881	278	198
1600	924	283	156
1602	909	306	171
1617	919	286	156
1607	912	295	168
1622	916	281	163
1616	911	292	168
1639	920	271	160
1625	915	284	165
1608	905	301	175
1618	925	294	154
1613	905	303	175
1614	924	286	152
1624	907	293	172
1617	915	278	164
1619	910	296	169
1623	897	278	182
1624	916	269	163
1620	920	281	159
1618	926	281	154
1621	925	276	154
1634	922	271	157
1635	923	270	157
1634	926	276	154
1636	927	272	153
1629	935	272	144
1633	915	277	165
1629	928	288	152
1645	920	270	159
1633	926	274	153
1640	923	271	156
1641	932	268	147
1640	926	263	153
1637	927	268	153
1644	929	260	150
1639	940	263	140
1655	928	248	152
1639	922	267	157
1634	938	274	142
1639	944	266	135
1631	935	276	144
1635	924	271	155
1642	937	262	143
1660	933	246	147
1652	940	253	139
1682	949	223	130
1718	940	193	139
1721	938	186	142
1730	936	176	143
1728	939	181	140
1724	938	183	141
1729	938	180	142
1731	943	177	136
1734	940	170	140
1738	938	166	141
1740	942	168	138
1737	943	173	136
1742	943	169	136
1741	943	171	137
1748	951	166	129
1744	948	172	131
1759	953	157	126
1751	953	168	126
1749	947	164	132
1753	949	162	130
1759	951	152	128
1754	953	161	126
1767	954	143	126
1758	955	162	125
1771	955	144	124
1763	957	148	122
1764	957	147	123
1767	957	137	122
1769	957	141	122
1775	958	138	122
1771	956	130	124
1768	955	130	125
1771	953	120	126
1778	957	120	122
1782	955	116	125
1785	958	108	122
1787	958	109	121
1786	956	106	123
1790	958	100	121
1791	959	100	117
1791	959	103	116
1790	961	106	114
1792	962	109	112
1794	963	111	115
1803	971	103	107
1804	973	103	106
1802	974	109	104
1802	977	109	102
1795	975	117	103
1803	981	114	99
1797	982	122	98
1803	983	116	97
1801	984	119	96
1794	983	126	97
1796	980	114	100
1543	781	147	68
1511	634	96	118
1696	755	148	138
1692	741	118	173
1688	738	123	182
1686	737	123	187
1688	739	131	186
1688	739	131	186
1688	746	148	178
1452	629	133	128
1500	629	100	124
1500	630	113	127
1503	629	118	130
1503	629	99	121
1506	629	112	126
1505	628	108	125
1502	627	126	135
1704	743	119	184
1722	750	107	178
1509	629	98	127
1507	629	114	131
1708	743	112	176
1525	903	139	87
1721	755	104	158
1695	747	133	179
1705	748	123	178
1489	623	115	139
1517	910	155	85
1522	909	159	86
1538	915	148	80
1549	918	143	85
1561	919	142	79
1567	923	140	81
1567	924	153	73
1574	925	153	68
1581	929	159	67
1583	929	172	70
1587	931	203	70
1590	929	192	67
1592	932	197	68
1596	933	186	72
1593	932	196	75
1740	765	90	158
1603	926	205	80
1757	774	76	174
1753	774	81	149
1656	935	166	72
1654	938	176	71
1598	924	234	88
1618	924	218	101
1584	917	155	84
1584	917	155	84
1765	756	78	199
1712	949	190	118
1701	943	212	134
1718	953	198	127
1741	956	175	124
1740	962	180	117
1748	958	171	121
1744	964	175	115
1741	970	178	110
1751	963	169	117
1749	952	170	128
1752	960	168	119
1754	968	166	111
1754	968	166	111
1763	941	154	139
1757	977	163	103
1757	977	163	103
1781	903	135	177
1761	927	140	152
1780	911	130	169
1771	917	130	163
1771	917	130	163
1501	618	112	160
1501	618	112	160
1507	621	102	163
1505	622	109	158
1505	622	109	158
1505	622	109	158
1512	619	98	162
1520	619	95	150
1524	618	91	145
1528	619	88	116
1662	827	86	79
1825	777	57	133
1825	776	60	129
1827	776	65	134
1670	826	84	93
1829	779	90	127
1829	779	90	127
1790	915	90	129
1672	824	84	88
1676	825	85	88
1677	825	85	89
1679	828	83	81
1684	829	83	85
1683	831	84	84
1683	831	84	84
1683	831	84	84
1686	827	87	101
1853	790	66	119
1691	830	79	88
1695	834	73	87
1694	834	77	88
1860	795	60	121
1700	836	70	93
1700	837	69	92
1702	838	68	92
1703	838	70	92
1703	838	70	92
1705	841	64	82
1705	841	68	89
1704	842	68	86
1706	842	67	85
1706	842	67	86
1707	843	67	86
1709	844	68	88
1712	844	64	88
1715	844	63	89
1717	845	64	90
1720	843	60	91
1720	847	64	86
1722	847	62	86
1691	979	80	101
1691	980	85	100
1693	980	78	99
1693	978	80	101
1692	982	81	98
1693	981	79	98
1694	980	77	99
1557	655	71	144
1558	651	86	153
1551	653	95	153
1544	673	101	138
1546	665	98	152
1547	681	90	138
1542	685	81	129
1542	696	86	125
1544	699	80	121
1547	703	78	124
1550	706	72	126
1550	710	73	123
1551	713	76	124
1548	717	85	124
1548	719	99	125
1546	718	95	128
1549	723	98	129
1554	725	86	133
1553	735	95	128
1551	738	104	134
1549	745	88	126
1555	752	89	124
1555	755	108	130
1547	763	119	134
1552	768	129	130
1544	774	132	135
1543	775	130	134
1547	784	128	140
1543	794	128	133
1548	799	119	127
1567	801	129	136
1552	812	136	123
1563	814	127	135
1560	824	87	123
1572	831	100	124
1566	839	75	117
1568	845	70	114
1571	853	67	113
1580	860	61	114
1575	864	67	115
1580	872	65	113
1579	877	65	111
1579	884	69	111
1584	890	67	110
1588	896	63	109
1588	900	66	111
1592	906	65	110
1592	913	68	109
1596	916	64	108
1599	924	66	109
1601	931	68	102
1604	932	65	107
1608	938	62	103
1611	945	59	105
1613	951	60	103
1616	957	60	98
1619	963	63	102
1620	964	60	103
1622	968	62	97
1630	976	61	93
1627	978	67	100
1631	981	68	99
1631	986	70	94
1630	987	76	93
1602	995	107	84
1589	993	123	86
1590	1001	128	78
1593	1005	129	75
1596	1009	132	70
1602	1014	130	65
