104	515	254	106
95	516	265	106
98	515	264	105
97	514	267	108
98	515	267	105
99	515	262	107
96	513	264	105
96	513	261	113
97	514	260	104
100	514	259	112
95	514	261	103
101	510	258	111
104	512	257	105
115	514	247	102
129	515	241	100
139	517	238	101
142	516	242	100
149	513	240	102
164	513	230	97
172	513	228	100
175	516	231	94
183	516	234	91
186	515	234	94
198	516	235	92
211	515	230	91
216	514	243	95
219	512	246	94
231	513	242	96
235	512	250	93
245	512	242	93
247	511	244	94
258	508	235	98
258	508	238	96
266	506	232	95
269	503	233	95
270	501	239	98
278	501	233	93
278	499	244	94
288	499	237	94
292	497	241	91
297	495	243	96
308	493	232	98
313	491	232	99
324	489	226	98
332	488	221	96
338	487	217	94
343	482	215	98
341	482	219	99
352	483	207	94
360	482	200	89
378	476	182	101
388	473	173	96
399	470	166	105
410	469	156	100
411	468	159	103
416	465	158	102
424	463	155	104
430	463	152	102
433	460	153	103
436	459	153	103
435	459	156	103
436	459	155	102
442	458	150	102
445	456	147	103
443	456	148	102
445	455	147	103
445	455	146	104
451	454	147	105
466	449	146	111
463	448	161	114
453	446	183	119
442	449	200	121
434	449	217	126
426	452	231	127
426	453	238	127
417	457	252	125
412	456	264	131
412	460	273	130
402	454	284	138
403	459	290	137
405	459	291	141
417	466	278	131
428	465	268	136
441	472	248	128
444	468	242	132
451	475	237	126
465	478	228	129
476	483	222	126
505	491	198	117
520	490	190	126
526	493	190	123
541	498	181	120
552	504	177	120
557	503	177	120
561	508	179	113
569	510	174	112
580	510	163	114
589	511	161	111
607	513	145	108
613	514	145	106
625	517	140	101
635	515	138	101
640	516	144	99
647	515	143	99
641	515	157	98
636	515	172	99
636	515	181	100
638	516	188	99
645	518	192	92
653	518	186	92
666	518	181	91
672	519	181	91
672	520	188	90
682	519	184	91
699	520	170	91
702	518	176	95
706	519	175	92
706	520	182	91
713	517	177	96
722	517	172	93
726	519	172	92
738	521	175	90
744	522	179	91
751	523	184	92
757	527	188	85
752	527	202	87
754	525	203	88
755	524	213	88
757	528	217	85
761	527	221	87
771	529	221	88
769	530	230	91
789	532	219	82
806	535	207	83
804	535	211	84
819	538	209	82
828	540	202	81
845	540	188	82
852	540	190	83
848	540	205	86
868	542	195	83
881	546	181	79
881	548	189	79
885	546	182	81
892	550	184	78
888	550	205	75
