707	302	66	44
709	301	65	45
706	300	68	47
706	299	68	47
707	298	69	46
702	298	73	44
702	298	73	44
703	297	73	44
704	296	74	41
702	296	78	39
702	295	78	40
700	294	78	39
707	294	72	37
710	292	67	36
712	292	68	37
710	292	73	38
707	290	78	39
708	291	81	38
713	290	74	39
710	289	76	39
707	289	80	39
710	288	87	40
709	290	89	40
710	289	87	40
717	289	78	40
711	287	93	42
722	288	81	40
715	286	89	43
719	286	85	42
722	284	83	45
724	283	80	46
724	283	79	46
732	283	75	44
730	280	76	48
732	281	78	44
732	283	80	44
735	280	78	46
734	280	81	49
742	281	75	44
744	281	74	46
744	282	75	45
744	281	77	43
746	282	79	44
744	282	80	46
740	283	88	42
738	281	92	44
748	282	85	45
742	283	91	44
754	284	79	44
751	283	86	45
746	281	93	47
753	283	87	45
750	284	92	44
757	284	87	45
757	286	89	44
761	287	85	44
757	286	92	45
761	288	87	45
763	287	85	47
761	289	88	47
757	289	94	48
765	292	88	46
762	291	93	48
759	294	96	46
757	296	100	46
758	297	101	46
763	298	97	47
760	298	103	49
771	298	94	49
765	299	101	51
753	302	115	47
768	303	98	46
775	304	94	48
771	305	99	48
772	308	100	43
776	308	99	47
773	309	97	41
779	310	96	44
779	309	93	48
772	310	101	47
777	310	97	47
770	310	108	49
773	312	103	49
768	312	110	49
767	313	111	50
768	313	110	49
768	313	113	49
782	314	96	50
776	315	106	49
767	315	115	51
766	315	116	51
761	316	121	51
764	317	118	52
767	319	117	51
773	320	111	50
775	319	108	52
783	320	99	52
774	321	111	54
782	323	102	52
773	324	112	52
780	323	103	53
775	323	110	54
779	320	107	57
771	320	109	57
778	318	104	60
775	319	105	59
782	319	96	59
785	321	93	57
788	320	88	58
789	320	87	57
797	320	78	57
794	319	82	58
805	319	69	57
794	317	79	59
806	316	67	59
797	317	74	61
805	317	66	59
805	316	62	57
808	315	60	58
806	314	61	62
810	311	56	62
808	308	56	65
801	307	62	66
797	310	64	67
810	305	50	65
812	304	46	66
813	305	44	63
806	304	49	66
800	304	53	69
801	300	54	74
805	297	49	76
803	295	47	81
806	293	45	88
807	292	43	84
813	293	34	74
815	291	28	78
817	288	26	79
818	285	25	83
817	283	28	85
816	284	28	72
813	284	30	72
815	284	24	80
812	281	26	72
813	278	24	72
811	278	23	67
810	277	24	65
808	277	25	62
808	274	23	60
808	271	21	67
807	270	21	69
807	268	21	75
804	268	23	77
802	262	23	85
802	257	22	89
800	256	23	74
800	251	24	73
796	242	31	83
796	241	28	78
794	240	30	72
793	241	29	71
792	240	28	63
791	238	28	65
790	235	27	66
788	234	28	70
788	232	28	81
787	229	28	70
785	229	32	64
784	226	32	65
783	225	34	65
782	223	36	65
781	222	37	65
780	220	38	67
779	218	41	69
774	217	46	70
776	215	45	66
773	214	49	62
772	213	50	61
769	211	54	59
769	209	55	59
767	208	58	59
768	207	56	60
766	206	60	60
761	204	65	60
761	202	66	63
765	201	65	62
759	199	72	61
759	196	72	63
760	193	73	65
761	192	75	65
760	191	78	67
761	188	77	68
762	187	80	67
762	184	82	67
762	184	84	67
762	183	87	65
764	182	88	65
765	181	90	64
765	180	92	64
766	178	96	65
766	178	99	64
767	178	101	63
768	177	102	63
768	177	106	64
770	177	110	62
772	177	109	62
773	176	109	62
775	176	109	62
775	176	110	61
775	176	112	61
775	176	114	61
777	176	116	60
779	176	116	60
779	177	119	58
781	176	120	59
783	177	121	59
785	176	122	59
786	176	124	60
787	176	125	58
790	175	125	59
793	174	126	59
794	174	127	59
798	173	127	59
800	174	127	60
803	173	128	61
807	174	128	60
813	177	128	58
817	178	126	57
821	179	127	59
824	180	128	57
829	182	127	59
832	182	128	58
835	184	127	56
840	184	125	58
844	185	126	58
847	187	126	56
851	188	125	57
854	189	126	57
858	191	125	58
863	193	124	57
866	193	125	57
869	194	125	58
872	195	126	58
874	196	124	59
878	196	125	60
881	197	123	59
886	198	122	59
889	199	121	60
892	200	120	60
894	201	121	60
898	201	121	62
898	202	122	63
905	201	118	64
905	202	119	62
908	204	119	61
909	204	119	61
910	205	121	62
910	206	122	62
912	207	121	62
914	208	121	62
916	208	122	63
918	209	121	65
920	209	119	64
922	210	120	63
924	211	118	61
926	211	119	64
928	212	117	62
934	213	114	61
933	209	114	65
936	212	114	65
935	212	115	63
939	212	114	63
943	211	110	65
945	211	111	66
947	211	110	68
948	209	112	68
952	208	109	70
952	209	111	66
952	208	112	67
957	208	110	66
958	207	110	65
961	207	109	65
962	206	109	65
965	206	107	64
970	207	104	65
973	208	103	64
974	208	103	65
976	207	104	64
979	208	104	66
981	207	104	66
983	206	103	66
984	207	104	67
985	206	105	67
990	206	102	67
994	205	101	69
996	204	100	73
998	202	100	73
1001	203	96	73
1002	203	97	72
1003	202	98	74
1003	202	99	72
1004	201	98	73
1007	202	97	71
1007	198	98	74
1007	200	102	72
1009	199	102	71
1008	198	104	72
1011	196	102	74
1011	196	102	74
1013	196	98	72
1014	194	99	74
1016	194	97	73
1018	193	98	73
1018	193	99	74
1018	192	100	74
1019	191	100	74
1021	191	97	74
1022	191	97	73
1024	192	96	72
1026	194	97	70
1027	194	99	69
1028	194	99	68
1030	194	98	68
1033	194	97	68
1035	195	96	69
1037	199	95	64
1037	199	96	66
1042	201	93	65
1043	202	93	65
1047	203	91	65
1048	203	92	65
1051	206	91	63
1052	204	92	65
1054	202	91	69
1054	201	92	71
1055	202	93	73
1051	204	97	71
1051	208	100	67
1057	208	94	69
1060	209	91	68
1067	218	86	60
1068	213	86	68
1071	212	83	69
1074	224	82	59
1076	221	81	61
1076	222	80	61
1077	226	80	60
1079	225	79	60
1080	226	77	60
1078	225	80	62
1080	229	78	60
1080	226	77	63
1082	230	75	59
1080	228	77	62
1078	228	80	63
1082	233	76	59
1084	231	74	61
1082	232	76	59
1081	232	76	61
1081	236	75	57
1081	236	75	57
1081	236	74	58
1081	240	74	51
1078	236	73	59
1079	241	73	55
1077	238	74	58
1075	238	75	59
1078	239	69	57
1080	241	67	55
1078	240	68	57
1076	240	68	58
1075	239	67	58
1075	242	67	58
1074	242	68	58
1072	245	69	54
1074	251	67	51
1076	247	64	55
1080	254	60	48
1074	249	65	56
1076	254	63	53
1077	255	60	53
1077	256	59	53
1074	255	62	56
1070	253	65	60
1068	254	65	61
1067	255	68	62
1068	259	67	60
1067	262	66	61
1068	270	65	53
1070	275	63	53
1074	274	60	55
1076	278	58	53
1078	282	57	51
1078	286	57	51
1077	290	57	48
1078	293	56	47
1080	296	55	47
1084	299	54	45
1085	303	53	44
1085	306	53	45
1088	308	52	44
1089	308	52	44
1089	312	54	41
1094	313	48	42
1094	315	52	42
1096	317	52	42
1100	319	48	41
1097	318	51	43
1099	320	51	43
1100	320	49	40
1099	322	50	42
1101	323	49	41
1101	322	50	44
1103	322	48	40
1103	324	48	42
1104	324	46	40
1104	325	47	40
1107	326	45	40
1109	327	43	40
1108	325	44	43
1108	327	44	41
1111	330	44	38
1110	329	45	41
1111	329	43	42
1113	331	43	40
1113	335	42	38
1115	334	40	40
1115	336	41	39
1116	337	42	39
1118	339	41	38
1118	339	41	39
1120	339	39	40
1120	342	39	39
1122	343	40	38
1124	345	39	39
1123	346	42	38
1124	348	42	38
1125	349	41	37
1126	351	41	37
1125	352	42	37
1126	353	43	36
1126	356	42	35
1128	359	42	34
1126	359	44	35
1128	361	43	36
1130	362	41	34
1130	364	42	36
1129	365	44	36
1129	366	43	37
1131	366	43	38
1131	369	42	37
1132	370	42	36
1131	371	43	37
1132	373	44	35
1131	374	44	36
1129	375	45	36
1128	375	46	35
1130	376	44	36
1130	379	44	34
1130	379	44	34
1127	378	48	35
1128	380	47	34
1133	382	41	33
1132	383	43	33
1129	384	45	32
