340	71	441	562
347	84	431	561
364	90	418	554
355	99	427	544
349	98	430	544
354	94	430	545
352	97	442	550
346	108	441	540
350	106	441	540
353	106	446	542
352	111	449	534
353	120	450	533
349	124	453	523
351	130	454	515
352	134	460	510
350	139	467	511
348	123	468	524
348	126	471	521
347	103	475	540
347	104	479	543
347	107	479	543
351	134	482	516
353	104	485	546
360	113	486	538
358	111	488	541
359	115	490	537
354	97	496	554
356	99	501	552
356	92	503	559
357	80	505	573
362	90	508	563
365	99	505	555
364	120	510	537
364	141	507	507
362	152	488	493
363	147	494	499
375	161	500	492
368	171	479	476
372	176	481	477
376	175	473	478
378	177	495	481
380	99	523	561
382	214	531	455
382	137	535	532
387	213	529	457
388	239	535	432
389	184	535	492
396	246	528	430
395	165	540	521
398	133	541	574
397	119	544	589
395	146	546	578
402	164	543	578
402	155	546	590
394	151	551	598
393	184	551	569
400	182	548	577
403	183	549	573
404	195	544	558
405	197	547	550
404	221	548	523
402	214	556	525
409	228	546	516
407	223	555	516
409	222	552	514
402	231	560	513
399	235	568	509
390	247	577	500
372	254	609	505
362	258	625	511
355	238	633	526
343	255	653	512
330	244	670	533
321	254	689	532
320	246	705	537
311	249	734	534
299	273	771	516
299	281	779	511
285	280	797	512
312	274	784	510
364	313	762	469
406	353	639	436
280	295	837	494
271	288	854	502
373	357	626	385
348	344	670	394
382	357	656	409
369	350	766	422
411	364	709	403
362	349	838	421
407	360	790	419
368	349	820	433
433	366	783	424
424	359	768	431
413	362	786	439
448	357	761	446
449	351	763	479
435	360	775	421
391	343	814	464
443	355	781	476
413	344	800	395
415	343	640	352
388	345	692	321
414	340	626	289
429	330	696	446
423	341	777	523
436	338	750	524
442	345	739	523
385	330	795	536
458	335	682	535
472	329	680	543
446	329	722	545
374	326	795	545
411	329	803	546
420	338	786	538
334	328	848	539
375	337	758	532
345	334	796	545
422	338	666	509
463	338	627	539
405	339	736	535
421	344	740	538
406	346	752	537
394	345	778	528
376	349	794	518
361	343	790	529
382	338	762	532
344	328	804	533
335	335	800	531
282	317	844	542
347	329	769	519
411	321	701	537
398	313	692	535
395	302	693	539
393	301	686	544
290	289	788	544
358	284	709	540
289	272	782	546
352	269	717	545
361	268	703	541
350	267	731	538
405	266	667	535
221	253	853	541
241	262	847	532
266	258	827	525
245	258	854	528
261	254	837	525
279	264	821	507
233	241	867	519
250	237	852	520
238	245	862	514
250	236	854	513
257	225	860	513
249	206	868	513
252	200	866	518
270	200	857	518
294	195	838	511
286	196	840	514
285	187	845	517
284	181	856	516
285	180	857	520
294	178	854	522
300	180	854	524
318	180	838	514
318	166	838	520
312	167	850	515
319	166	839	518
317	162	844	513
351	160	814	519
332	155	844	522
332	157	840	524
332	162	841	518
328	161	854	508
347	159	841	516
364	166	819	511
334	157	847	514
362	160	824	533
332	150	854	538
330	154	846	533
323	143	858	546
328	152	862	541
354	151	838	540
341	152	843	537
359	150	833	545
348	151	844	544
344	146	843	543
343	149	849	545
342	142	849	544
344	147	847	544
332	139	852	553
309	135	865	556
320	128	860	556
322	133	860	548
324	129	862	554
317	128	866	544
324	134	856	532
326	141	858	530
322	144	868	530
317	147	867	535
303	134	880	534
302	139	877	533
315	144	869	520
304	148	879	515
314	147	862	513
305	148	867	501
326	158	848	499
347	160	824	497
379	174	782	487
336	164	826	498
356	170	794	500
391	190	758	483
354	155	799	517
358	157	800	517
367	183	803	492
340	145	833	531
413	302	767	360
406	277	774	396
393	227	787	447
379	213	804	456
371	185	819	486
354	165	850	507
362	164	850	509
353	164	866	503
356	180	863	498
345	207	882	463
335	185	885	488
324	187	908	488
298	253	924	424
316	338	865	321
317	346	800	316
344	339	773	290
340	338	728	282
366	350	696	247
382	349	689	253
374	347	704	270
377	346	785	304
358	351	816	313
303	351	884	274
329	352	864	298
342	354	889	330
350	358	891	329
315	354	910	300
218	365	1041	329
117	357	1145	337
168	361	1110	335
351	368	688	275
104	366	1140	335
353	359	829	338
349	366	718	272
333	370	717	266
327	360	750	276
295	358	886	328
315	362	787	297
82	363	1204	347
137	369	1170	338
58	371	1248	342
65	375	1249	333
70	369	1245	339
63	369	1249	332
66	368	1261	331
63	380	1255	321
45	373	1274	320
38	380	1284	313
30	388	1296	307
35	383	1290	308
125	392	1204	303
29	388	1312	302
20	393	1329	297
15	389	1324	297
16	401	1325	286
8	384	1327	296
110	402	1214	285
0	392	1327	292
163	394	1171	284
242	397	1033	272
115	394	1223	280
53	388	1294	277
233	398	1099	268
198	400	1139	261
166	395	1171	263
148	389	1200	262
227	392	1099	255
221	391	1101	255
237	388	1085	259
226	388	1074	258
235	386	1068	257
238	393	1031	250
238	387	1037	254
244	383	1052	254
249	388	1000	248
242	392	1074	246
242	394	989	243
249	400	979	239
242	392	1002	250
243	386	1080	256
245	385	1071	258
237	390	1010	251
233	384	1019	264
232	399	907	253
234	395	924	255
239	393	896	260
220	387	1026	269
236	395	970	263
226	386	1053	272
235	359	1105	304
163	316	1188	354
249	368	1098	306
124	289	1239	392
55	276	1317	410
185	333	1182	351
203	350	1173	338
255	369	1110	326
112	317	1278	385
48	256	1352	442
30	249	1363	451
76	268	1332	438
62	277	1350	429
105	270	1304	435
109	275	1309	440
116	274	1303	441
129	272	1284	433
161	297	1244	423
159	305	1255	420
166	305	1239	424
181	308	1223	419
196	327	1202	403
200	337	1193	398
211	337	1189	404
198	340	1191	404
177	368	1208	388
167	378	1217	376
158	399	1231	367
146	416	1231	341
130	431	1251	348
128	444	1251	331
95	442	1291	336
96	457	1285	327
67	456	1306	316
74	452	1290	324
120	450	1236	328
116	454	1246	322
59	453	1339	318
49	454	1355	319
21	458	1362	316
35	459	1385	307
21	454	1398	302
0	452	1425	305
23	452	1413	291
20	456	1422	292
14	458	1434	273
0	455	1455	306
192	458	1265	283
24	458	1443	293
33	462	1445	299
39	454	1427	305
47	457	1422	312
38	454	1438	302
46	452	1442	305
43	452	1456	301
39	452	1463	292
37	451	1464	287
27	451	1481	262
19	450	1460	262
10	447	1421	265
12	457	1443	251
1	457	1370	236
17	457	1376	236
7	461	1395	232
6	462	1386	228
17	458	1377	228
14	450	1354	233
0	448	1399	232
0	449	1348	230
65	441	1286	245
0	427	1422	247
0	423	1329	241
8	422	1276	238
0	407	1390	248
0	410	1425	244
0	402	1337	251
0	395	1424	256
0	376	1384	278
0	352	1247	297
0	363	1392	287
0	351	1332	300
0	353	1426	300
0	333	1433	316
0	381	1441	266
127	383	1243	264
286	395	992	249
32	344	1427	303
302	369	1152	274
293	363	1172	280
297	361	1136	279
319	370	1052	270
289	373	929	267
291	366	902	272
301	362	909	285
280	350	981	289
296	355	984	283
66	256	1323	388
59	250	1407	404
182	286	1271	369
76	255	1394	403
216	290	1231	370
22	227	1452	439
27	208	1427	448
40	222	1412	444
63	214	1399	452
71	229	1396	452
85	220	1378	459
89	223	1373	466
90	235	1365	454
119	246	1340	442
127	241	1340	447
142	248	1324	442
141	252	1325	439
163	261	1305	440
174	260	1303	442
178	266	1301	436
183	263	1302	443
209	272	1278	438
220	285	1267	439
224	283	1265	437
239	292	1250	435
262	305	1221	427
275	315	1203	424
284	316	1203	426
301	323	1183	425
314	329	1150	430
322	347	1171	424
329	353	1160	424
326	354	1160	423
326	360	1157	429
312	388	1174	417
291	390	1191	415
299	404	1179	408
284	401	1185	411
260	418	1209	403
260	425	1214	404
232	432	1237	402
226	430	1246	409
216	431	1269	407
218	428	1257	412
200	430	1294	414
189	434	1297	408
175	432	1254	405
177	426	1312	414
162	421	1307	415
163	426	1338	414
273	435	1178	405
230	425	1153	411
177	426	1353	409
178	426	1364	415
214	426	1307	416
202	432	1313	412
183	424	1301	416
189	421	1341	426
203	425	1323	441
191	421	1283	448
205	424	1233	452
210	422	1317	460
201	417	1311	464
212	417	1329	458
208	409	1326	464
198	416	1239	447
204	417	1257	425
180	408	1357	418
187	410	1337	414
179	411	1349	409
162	408	1367	388
150	400	1351	378
142	402	1384	372
146	397	1390	364
140	392	1401	350
139	408	1324	336
135	401	1320	329
135	398	1331	331
117	390	1378	330
120	389	1382	332
124	381	1404	333
127	383	1390	331
148	398	1265	317
127	385	1383	327
155	399	1217	311
131	388	1358	323
144	396	1241	313
132	395	1307	311
133	392	1291	318
141	399	1205	312
153	395	1212	319
154	397	1208	317
163	388	1231	331
162	380	1224	339
175	401	1153	324
171	386	1216	341
180	400	1167	329
167	382	1192	343
175	390	1149	342
172	385	1167	349
182	396	1163	335
189	400	1155	337
191	389	1152	342
193	372	1206	362
205	382	1141	352
211	392	1134	344
208	359	1204	384
212	390	1091	354
208	349	1209	400
208	326	1190	424
220	291	1257	455
243	266	1233	476
232	294	1243	456
248	274	1221	474
259	270	1213	486
259	267	1213	491
276	271	1194	487
283	271	1190	495
303	279	1166	497
307	279	1165	505
330	274	1138	507
328	289	1142	505
350	295	1110	494
359	294	1108	506
365	312	1101	491
364	321	1088	481
381	329	1074	482
377	338	1085	477
373	340	1085	480
386	345	1068	482
395	349	1060	479
392	366	1057	475
389	362	1066	470
370	366	1079	467
347	380	1103	463
330	382	1103	464
323	396	1109	462
312	395	1124	460
300	405	1124	456
288	414	1142	449
279	427	1150	436
271	428	1172	436
253	446	1193	425
253	447	1192	418
249	455	1196	413
246	454	1200	409
250	465	1193	400
240	463	1199	398
236	467	1214	398
215	466	1235	411
231	464	1230	421
241	467	1225	424
251	465	1208	429
252	465	1208	442
254	463	1204	466
267	459	1202	469
262	463	1205	474
279	472	1195	467
294	471	1183	474
525	466	931	407
299	469	1235	456
327	477	1175	440
297	471	1235	462
310	473	1214	460
304	479	1220	449
299	475	1223	444
299	478	1242	421
294	482	1236	415
286	477	1242	408
288	471	1218	417
288	471	1229	396
289	465	1222	397
286	463	1222	394
285	471	1214	383
272	466	1230	355
255	459	1231	354
262	459	1239	346
247	461	1243	325
248	451	1266	298
257	448	1255	282
