1115	52	555	351
1113	28	558	369
1094	27	582	377
1069	20	610	401
1059	10	606	428
1052	7	591	435
1038	7	593	457
1024	10	575	409
1014	10	559	402
1000	10	598	408
985	10	618	407
945	9	651	393
903	5	718	386
939	10	701	396
825	2	812	418
794	0	802	435
781	1	807	432
765	1	781	439
713	0	658	435
725	0	765	446
706	0	506	430
707	3	404	420
685	4	471	441
682	3	533	478
672	7	609	521
623	2	640	539
595	19	694	596
561	36	717	562
534	35	712	574
535	83	670	570
557	86	639	520
496	97	681	559
462	133	669	562
470	148	619	500
440	183	713	542
491	196	627	539
500	223	559	495
502	242	545	413
524	256	582	406
533	269	576	397
523	274	638	435
605	274	529	451
641	268	572	414
649	268	564	351
662	251	541	364
680	244	527	364
691	240	461	380
688	255	530	352
687	258	470	361
672	241	459	382
695	232	425	383
759	232	431	336
759	232	386	333
724	224	457	329
756	213	411	348
756	214	409	376
740	202	460	373
780	199	400	354
794	196	390	355
780	187	412	339
763	195	432	543
766	184	432	529
760	193	445	414
763	194	453	326
758	178	443	343
752	188	449	371
763	174	450	345
754	154	470	361
751	147	476	372
749	148	494	376
755	138	500	392
759	139	482	397
765	133	502	395
773	135	500	397
775	128	512	384
784	120	519	396
790	127	505	375
794	128	487	381
816	118	545	380
815	126	520	365
825	129	482	372
823	138	483	382
830	144	482	346
833	139	473	366
833	149	485	353
836	150	482	348
848	159	540	350
849	154	548	344
874	143	544	367
860	164	558	353
869	132	577	379
868	134	586	370
847	165	562	345
852	153	617	360
854	153	614	361
887	123	600	380
940	152	579	348
956	123	576	349
982	121	590	343
1016	16	557	466
1040	37	545	437
1047	24	660	451
1056	16	672	452
1077	8	663	455
1183	10	577	446
1187	8	639	451
1208	4	639	447
1221	1	651	435
1234	0	666	407
1251	1	397	401
1219	0	570	380
1219	0	552	370
1171	1	524	348
1154	0	537	347
1147	4	608	358
1151	4	538	376
1222	4	475	363
1241	4	403	347
1263	8	352	347
1259	2	446	311
1251	4	351	346
1291	0	373	267
1282	8	625	277
1276	3	513	313
1275	4	534	265
1292	0	399	253
1350	5	418	232
1330	6	416	232
1375	9	394	215
1340	17	344	248
1324	14	510	235
1301	6	540	284
1286	0	596	280
1296	0	607	265
1293	0	612	261
1298	2	590	278
1302	0	579	270
1322	0	554	312
1338	0	548	316
1367	3	527	302
1363	2	525	303
1400	0	490	317
1363	0	538	304
1383	0	505	312
1360	0	535	301
1346	0	526	305
1362	0	529	291
1348	0	546	322
1361	0	551	325
1361	0	559	348
1378	3	532	346
1377	2	524	342
1376	0	523	353
1384	0	523	347
1394	0	525	358
1394	2	513	361
1394	2	481	380
1390	0	487	393
1379	2	509	394
1376	3	522	393
1366	3	519	382
1363	5	510	388
1365	8	505	390
1354	13	548	390
1354	17	564	396
1335	23	553	385
1321	22	510	396
1339	34	490	387
1325	27	489	388
1312	25	518	410
1333	34	507	414
1346	22	518	431
1333	49	499	410
1327	55	494	390
1322	52	499	411
1306	72	549	412
1310	86	537	399
1297	96	547	387
1286	54	569	396
1256	74	616	390
1258	60	604	427
1247	62	604	434
1243	74	590	422
1229	110	578	415
1236	99	545	410
1213	85	539	427
1190	102	537	425
1166	98	568	425
1126	126	611	395
1114	113	639	435
1108	140	657	427
1066	146	726	399
1045	142	724	443
1026	142	724	460
1000	153	724	419
965	164	738	431
931	163	720	425
931	157	724	421
876	164	753	453
876	206	635	407
847	226	641	403
811	259	662	372
780	282	656	368
763	295	615	350
748	295	603	362
713	301	634	423
688	311	567	360
688	304	564	357
690	293	541	395
709	270	545	394
704	234	542	465
654	224	693	468
701	209	431	467
711	181	509	518
702	166	507	505
695	114	540	563
683	103	547	609
686	87	528	639
687	72	508	692
667	50	482	720
671	48	445	727
680	33	395	724
672	38	389	726
692	38	366	719
720	30	360	719
722	26	363	737
735	23	312	696
729	24	311	669
732	27	387	725
706	31	426	727
746	31	354	693
811	23	293	690
802	39	354	711
860	64	308	654
841	56	346	667
889	91	368	677
931	90	330	690
952	62	291	701
977	76	265	703
978	92	233	673
979	92	207	682
980	116	211	671
986	97	205	711
959	129	216	703
920	149	257	685
928	129	252	730
937	129	235	727
945	139	243	737
945	151	227	755
972	200	195	528
951	194	234	737
916	204	262	679
915	256	277	643
914	294	282	606
892	298	303	613
880	309	323	653
869	321	334	588
865	319	335	641
853	324	346	601
838	325	359	739
829	333	372	689
820	330	384	729
813	341	381	671
811	365	379	533
813	362	385	520
785	375	407	600
809	387	373	501
813	371	359	519
811	419	343	457
799	418	352	513
741	419	405	638
699	410	447	669
745	414	393	576
708	421	428	656
778	430	347	545
732	415	409	644
740	393	410	599
776	361	389	636
741	358	453	669
716	349	482	670
716	325	497	657
694	316	518	640
667	316	572	634
644	298	599	631
646	292	616	628
644	284	611	649
655	277	606	645
630	278	624	617
628	280	609	608
631	249	623	574
626	247	640	559
620	235	653	567
619	232	633	550
641	216	623	541
642	212	621	538
641	216	621	517
636	219	600	507
635	222	595	508
615	222	606	504
567	219	639	510
541	221	656	509
539	211	651	516
547	213	637	500
552	211	632	494
549	206	626	489
563	199	607	491
560	197	615	496
542	194	623	515
556	207	604	509
547	209	600	506
557	213	585	491
570	213	574	495
561	214	569	499
550	214	577	487
565	220	561	472
534	219	597	466
508	228	629	460
570	218	570	461
557	223	604	460
590	213	564	479
604	223	551	459
573	224	584	457
621	231	531	448
644	239	520	432
635	234	531	432
625	241	543	426
633	240	540	405
619	241	560	419
541	241	644	427
557	218	644	442
570	221	630	440
533	223	666	436
534	221	661	422
544	193	666	454
548	172	664	478
577	119	640	517
628	117	609	471
676	86	565	456
684	74	558	474
686	63	572	523
662	32	600	477
896	61	364	409
951	58	319	399
971	22	330	418
955	97	350	393
974	117	340	365
970	58	348	428
976	93	355	396
987	106	354	394
990	99	348	403
996	89	346	418
987	57	363	452
981	89	370	426
1000	83	346	424
1006	58	358	450
1020	38	342	469
1021	56	345	464
1036	66	331	437
1062	58	299	425
1088	47	287	402
1015	110	332	378
1083	105	260	365
996	138	341	400
1030	144	324	385
973	154	330	392
1015	137	300	419
999	174	301	396
1034	183	298	378
1024	154	312	403
1005	204	280	371
1009	194	284	370
1005	174	309	400
1021	142	274	434
1037	136	263	420
912	150	376	459
1060	174	228	432
1082	122	224	481
950	136	348	491
941	224	373	416
922	216	380	419
919	218	386	426
915	170	381	501
962	175	346	480
957	184	353	489
994	161	308	551
979	161	334	593
1009	120	307	574
987	146	333	534
1001	144	329	528
979	159	351	495
972	177	385	474
989	180	367	473
992	184	378	488
992	194	372	512
1004	199	372	507
1002	203	372	504
998	200	371	498
996	207	383	532
978	209	406	519
973	211	439	561
973	215	444	568
959	217	455	600
963	216	434	602
950	220	450	609
943	226	450	593
941	229	447	584
938	228	447	574
932	232	454	570
941	235	436	527
919	242	462	521
925	239	462	528
921	234	471	522
922	232	475	526
918	231	472	508
923	232	453	481
934	228	455	473
933	225	444	480
932	224	448	453
933	219	448	473
937	217	435	452
941	210	498	521
960	211	492	504
963	206	464	474
987	203	492	529
990	193	497	525
998	192	491	541
1003	194	498	541
1014	187	500	573
1019	185	502	582
1026	174	491	576
1036	202	524	612
1041	186	526	637
1045	191	521	613
1038	189	518	604
1035	182	521	590
1048	194	454	518
1061	209	419	468
1067	209	395	447
1069	209	380	428
1066	212	396	458
1064	221	384	436
1056	230	405	444
1043	239	429	469
1019	247	491	521
1023	266	421	415
1010	271	430	468
760	358	622	719
765	292	640	717
823	300	580	670
818	317	595	748
806	306	645	738
917	316	516	670
870	336	544	721
878	322	549	752
876	398	552	678
976	343	542	631
1009	325	514	634
999	327	442	531
1003	327	426	492
1002	325	443	608
1008	330	462	670
1036	325	450	624
1027	328	459	568
1030	329	441	566
1052	334	424	569
1054	331	429	561
1040	327	486	595
1038	324	517	603
1052	328	484	607
1017	305	540	598
976	290	566	617
977	276	565	636
956	267	604	598
947	270	619	573
942	264	643	604
872	256	726	608
869	233	721	631
868	213	745	636
855	197	761	456
817	201	821	691
864	180	776	650
852	170	790	661
814	153	848	598
789	152	836	516
766	171	625	500
726	188	641	459
717	189	645	428
715	209	660	402
693	214	707	409
665	212	725	413
660	208	740	432
653	216	778	438
639	264	733	428
620	217	764	487
580	202	736	536
549	224	753	507
567	235	648	450
545	193	762	489
494	226	711	457
476	213	735	484
425	215	755	480
407	199	762	484
400	215	760	469
390	220	800	457
321	233	827	455
311	236	732	463
303	216	723	468
330	211	680	448
241	227	762	417
327	214	628	394
