843	354	22	25
844	354	22	26
844	354	20	25
844	353	21	25
844	353	21	25
844	352	20	25
844	351	19	26
844	351	19	25
844	350	18	25
844	350	18	25
845	350	17	25
845	349	16	26
845	349	16	25
845	349	16	26
845	349	16	24
845	349	14	24
845	348	14	26
845	348	14	25
845	348	14	26
845	348	13	26
845	348	13	26
845	349	12	24
845	351	12	24
844	352	12	23
844	352	11	22
844	351	11	24
844	350	12	24
844	351	11	24
843	349	12	26
843	349	13	26
842	350	12	26
842	351	12	25
842	351	12	25
841	353	11	24
841	353	11	24
841	354	11	23
841	355	11	22
841	354	11	24
840	357	11	21
840	356	11	22
840	355	11	24
840	355	12	25
839	357	12	23
840	358	12	23
839	358	11	24
839	357	12	25
839	358	11	25
839	358	11	26
838	358	12	26
838	360	12	24
837	360	12	25
838	359	12	26
837	359	12	28
836	359	12	28
836	360	12	28
835	363	12	26
835	364	12	26
834	362	14	28
834	365	13	27
833	366	14	26
834	365	13	28
834	366	12	28
833	367	12	28
833	368	12	27
833	368	12	27
832	369	12	27
831	371	11	27
831	371	11	27
831	372	11	26
830	373	10	26
830	373	10	28
829	375	10	26
828	374	10	27
828	373	10	27
827	376	10	25
827	376	10	25
826	377	10	25
826	376	10	26
825	378	11	25
825	378	10	26
824	380	10	25
824	380	11	24
823	380	11	26
822	381	11	25
822	381	11	25
821	382	11	25
821	381	11	26
820	383	11	25
820	381	11	27
820	382	11	27
819	381	12	28
818	381	13	28
818	381	13	29
817	381	16	30
816	382	17	29
816	381	17	31
815	381	18	31
815	382	20	31
815	382	20	31
814	384	20	30
813	384	25	32
812	383	27	31
811	383	26	32
811	384	29	32
810	384	29	33
809	384	30	33
809	384	31	34
809	383	33	35
808	383	33	35
808	384	32	36
808	384	32	35
808	384	31	34
808	385	34	35
808	385	33	35
809	385	34	35
810	385	32	35
810	385	33	35
811	386	30	34
811	385	32	34
812	385	27	29
813	385	29	31
813	385	26	32
815	382	29	35
814	382	28	34
815	384	28	33
816	384	28	31
816	383	29	33
817	383	30	34
818	382	29	36
818	382	28	36
819	383	26	32
819	381	27	37
819	379	27	38
821	380	25	35
819	379	27	36
820	379	27	35
819	377	27	37
822	378	25	36
823	379	23	32
823	377	23	31
823	374	23	35
823	372	23	38
824	370	22	38
823	369	21	36
825	372	21	34
826	372	19	33
827	369	19	33
827	369	18	34
827	369	18	35
828	369	18	33
828	368	17	35
828	369	18	34
829	367	16	35
827	367	18	35
827	368	18	34
824	367	22	36
825	367	21	35
820	366	25	35
820	366	26	36
819	365	25	36
820	366	25	36
821	365	23	37
819	364	26	37
819	365	25	36
820	365	25	37
820	364	25	36
819	364	26	36
819	364	26	35
819	364	26	36
819	364	26	35
818	363	27	35
817	362	27	34
817	362	28	34
816	360	29	36
815	360	30	35
814	359	32	35
814	360	31	35
815	360	31	34
814	359	32	34
813	358	32	34
814	358	32	34
813	356	32	35
813	356	32	35
814	356	32	34
813	357	33	33
813	356	32	33
813	356	33	33
814	355	33	33
814	354	33	33
813	354	34	33
813	352	33	34
813	352	34	35
813	352	33	34
813	352	33	34
813	351	34	34
813	351	33	34
813	351	35	33
813	350	33	34
813	348	33	35
813	347	34	35
813	348	32	35
813	348	32	35
813	347	33	36
814	347	31	37
814	347	31	39
813	345	31	39
814	345	31	39
814	344	31	42
814	344	31	42
814	344	31	41
815	343	30	43
815	343	31	46
815	343	30	38
815	341	30	45
815	342	29	35
815	341	29	37
815	341	28	36
815	340	29	38
815	340	30	37
815	339	29	37
815	339	30	40
815	339	30	40
815	339	29	36
815	337	30	38
815	337	30	41
815	337	31	39
815	337	31	41
815	336	31	40
815	336	31	40
814	335	33	39
815	335	32	38
814	335	32	39
815	335	31	38
814	334	31	37
814	334	29	36
814	334	26	36
815	334	27	36
814	334	27	36
814	335	27	35
814	334	26	35
814	334	25	35
814	335	25	34
813	335	25	34
813	335	26	34
812	335	25	35
812	336	25	34
812	336	25	35
812	337	25	34
811	338	25	35
811	338	26	36
811	338	26	36
811	339	26	37
810	339	27	38
810	338	27	39
810	339	28	40
809	340	27	40
809	341	27	39
809	340	27	41
809	340	27	42
809	342	27	41
809	343	27	41
809	344	27	41
808	343	28	42
809	345	27	42
809	347	27	41
809	347	27	41
809	347	27	42
809	349	27	41
810	349	27	42
810	348	27	44
810	348	27	45
810	352	28	42
811	352	27	42
811	352	28	43
812	354	26	42
812	355	26	41
812	355	27	42
813	356	27	42
813	356	27	43
811	356	28	43
809	357	27	43
807	360	28	40
807	361	31	39
805	363	33	38
803	363	35	38
803	364	37	37
800	365	39	38
799	365	41	39
797	365	44	39
796	366	45	38
795	367	47	38
793	368	50	39
791	368	52	39
791	370	52	39
788	372	54	39
786	373	55	39
785	373	58	39
784	374	59	39
783	374	59	40
781	376	60	40
780	377	59	40
778	378	60	39
776	379	61	39
775	380	60	39
774	381	59	39
772	382	60	39
769	383	62	39
766	385	63	40
765	386	62	39
765	388	61	39
761	389	63	39
759	390	64	39
760	391	62	39
757	391	66	40
756	392	65	41
755	393	66	41
754	393	65	41
754	395	64	40
754	395	61	43
755	397	58	42
755	398	55	43
756	399	53	43
756	400	50	42
754	400	50	45
754	402	49	44
755	404	47	44
754	404	47	45
755	406	45	45
753	407	45	45
753	408	44	48
753	410	43	48
755	411	39	49
756	413	35	51
757	414	33	52
756	416	31	51
756	418	28	52
756	418	26	53
757	418	25	55
756	419	24	56
756	420	25	58
756	423	26	55
755	423	29	57
755	426	30	55
755	428	32	55
755	429	33	55
755	430	34	55
754	434	37	53
754	440	40	50
753	441	43	49
754	444	44	49
753	446	48	50
753	447	50	49
753	452	52	47
753	453	55	48
753	455	57	49
754	459	59	46
754	460	63	48
755	462	63	48
756	467	64	45
758	469	64	47
759	471	64	49
761	473	64	49
763	478	64	44
765	477	62	49
767	478	67	53
771	478	65	54
773	484	66	50
774	484	62	53
777	484	62	55
779	488	63	53
782	494	62	50
783	494	66	49
785	490	67	53
786	492	68	54
789	487	68	60
791	501	69	48
793	504	70	46
796	506	69	45
797	507	69	45
799	508	71	45
801	511	70	45
804	513	69	45
806	512	69	48
808	514	71	46
809	520	71	42
808	520	74	44
806	520	80	45
809	524	78	41
813	523	76	44
814	524	76	45
816	525	75	45
818	526	74	44
821	527	73	45
825	528	70	45
827	527	69	46
829	528	68	47
830	527	68	49
833	532	67	45
835	533	66	45
837	534	65	46
838	536	64	46
839	537	65	46
841	538	64	45
843	540	63	45
845	542	62	45
848	542	61	46
849	544	61	45
850	545	61	46
853	546	59	46
855	546	59	47
856	547	59	47
858	548	58	46
860	550	58	46
861	550	58	47
862	551	58	47
864	552	57	47
865	553	57	47
866	553	56	48
868	556	55	46
869	556	54	47
870	558	54	46
871	559	54	46
872	561	54	46
874	563	53	45
875	564	53	45
876	566	52	44
878	568	51	44
879	570	52	43
880	571	51	43
880	572	50	43
882	575	48	42
882	577	48	42
882	578	48	42
884	580	45	40
887	583	42	39
889	585	40	38
891	587	38	37
894	589	35	36
895	590	34	36
896	591	33	35
897	592	32	36
898	593	31	36
898	594	30	36
900	595	28	36
901	595	26	37
901	596	25	38
901	599	25	37
901	600	24	37
901	600	24	38
902	601	23	37
903	603	21	37
904	603	20	38
904	604	19	39
903	605	19	37
900	605	22	37
897	607	24	36
895	608	25	36
893	607	27	37
891	609	28	36
889	609	29	36
888	609	30	37
886	609	31	38
885	610	32	38
883	610	31	38
881	611	33	38
880	611	34	37
878	611	34	37
876	611	35	38
874	611	36	38
873	611	36	37
872	611	37	38
870	611	36	38
869	611	38	38
868	611	38	38
867	611	38	38
865	610	37	39
864	610	36	39
863	610	36	38
861	609	36	39
860	610	36	39
859	610	36	39
858	609	36	39
856	610	37	39
854	609	39	40
851	610	40	39
848	609	41	40
845	608	43	41
843	608	44	40
840	607	46	40
837	606	49	41
835	605	49	42
831	604	51	42
829	604	52	42
826	604	54	41
823	604	54	41
820	603	55	41
818	602	56	42
816	602	56	42
814	601	56	43
810	602	56	42
809	602	56	41
806	602	56	41
804	602	56	40
801	601	56	41
799	600	55	41
795	600	56	41
793	600	56	41
793	600	55	40
790	600	54	41
788	600	53	41
787	599	52	42
786	599	52	42
785	600	50	41
784	600	47	41
783	600	43	40
782	599	39	41
780	600	38	40
779	599	35	40
778	599	33	40
777	599	33	40
774	600	29	38
774	600	26	36
773	600	26	36
772	600	27	34
770	600	24	34
770	600	21	34
770	600	20	34
769	601	21	34
769	600	19	33
768	600	18	33
768	600	18	33
768	600	18	33
767	600	18	32
767	600	17	31
767	601	18	32
767	601	17	31
767	601	19	31
767	601	17	31
767	601	18	31
767	601	17	31
767	601	16	31
767	602	16	30
767	601	16	31
767	601	15	31
766	601	16	31
766	600	16	31
766	600	17	31
766	600	16	32
765	599	17	32
764	599	17	32
764	599	18	32
764	598	18	32
764	597	18	33
763	596	18	33
763	596	17	33
763	595	17	33
762	594	17	33
761	593	17	35
761	593	18	35
759	592	18	33
759	591	18	34
758	591	18	33
757	591	19	34
756	590	20	35
755	589	20	37
754	587	21	37
753	587	22	39
751	588	24	39
745	583	28	41
744	585	29	37
743	585	30	37
742	585	31	38
741	585	31	38
742	584	30	38
739	584	34	38
738	584	34	38
736	583	36	38
732	582	40	36
733	582	39	35
734	581	39	34
730	580	42	35
730	579	42	35
729	579	43	35
727	579	44	34
727	579	43	34
724	578	45	34
722	577	47	35
721	576	49	36
720	575	48	35
719	574	47	34
718	574	47	35
717	573	48	34
716	573	48	34
715	573	48	34
715	572	47	34
713	571	48	33
711	571	49	32
710	570	49	32
707	570	50	32
706	570	50	34
704	569	53	37
704	568	51	32
701	567	52	35
699	565	52	33
698	564	53	40
701	561	49	33
697	560	52	35
699	559	49	41
700	557	48	36
698	555	48	42
699	554	45	38
700	552	43	38
698	550	41	41
697	549	40	42
696	548	39	46
697	547	36	46
699	545	32	45
695	545	34	44
696	545	33	47
697	546	29	53
698	546	28	43
695	546	30	49
696	546	33	50
701	547	29	45
693	547	41	51
685	545	53	60
687	546	55	70
689	549	51	67
688	550	53	65
686	555	54	59
686	562	57	52
684	558	59	57
687	557	58	59
684	558	56	61
689	550	55	70
689	563	51	57
686	565	59	54
689	567	55	56
688	571	55	51
692	574	52	48
690	571	55	53
701	577	42	44
693	577	51	43
700	577	44	43
696	575	46	47
701	579	42	43
699	580	42	58
705	581	38	45
704	579	36	46
704	583	38	41
703	584	38	37
702	585	39	39
702	588	39	37
702	590	40	39
692	620	21	49
691	625	22	44
691	627	23	43
691	633	24	38
690	628	26	44
690	629	27	43
690	633	27	40
689	634	29	40
689	631	30	43
687	634	32	41
685	630	35	47
686	631	35	45
687	633	35	43
687	631	37	46
687	624	39	52
687	637	39	40
689	636	38	41
690	637	39	40
691	637	40	39
692	636	40	41
694	637	40	39
695	634	41	42
697	636	39	39
697	633	41	42
699	633	41	42
700	633	42	41
701	631	43	43
703	632	42	41
705	631	43	40
708	630	42	39
708	630	42	40
711	629	41	39
713	627	40	40
715	627	39	38
717	626	39	38
718	625	39	39
719	624	40	39
720	621	40	39
722	619	40	40
724	619	39	38
724	617	41	39
726	610	40	45
726	611	42	43
733	618	36	35
731	612	41	41
732	607	42	45
734	608	40	43
736	607	41	43
735	599	43	50
736	601	43	47
741	603	41	44
743	608	40	38
744	607	41	38
746	606	40	39
748	607	41	37
749	606	42	38
750	605	41	38
751	604	43	38
753	604	42	37
753	603	43	38
755	601	43	39
756	600	44	40
755	600	45	40
758	599	43	39
760	599	44	39
761	599	45	39
763	598	44	39
764	597	44	39
764	597	46	39
765	596	46	40
766	596	46	40
767	596	47	40
767	595	47	41
768	595	47	40
769	595	47	40
769	593	47	41
770	594	49	41
772	594	47	41
773	594	48	39
775	594	47	40
774	593	49	40
777	593	47	40
779	593	45	40
779	592	46	40
781	592	45	40
782	592	45	39
783	592	44	39
784	592	45	39
786	592	44	39
788	591	43	39
790	591	42	39
791	591	42	39
793	591	41	39
793	590	42	39
795	589	42	39
796	589	43	40
797	588	42	40
798	588	42	41
799	587	42	41
800	586	43	41
800	585	45	41
801	585	45	41
802	584	44	41
803	583	44	41
803	582	45	41
803	582	46	41
803	581	48	42
803	580	49	42
