1425	0	130	55
1424	2	134	58
1421	7	131	59
1422	13	128	63
1418	20	131	60
1418	21	133	65
1415	29	131	63
1412	34	132	65
1410	41	129	64
1408	44	130	67
1404	49	130	66
1402	54	131	67
1399	61	131	64
1396	67	128	64
1394	72	130	64
1392	76	128	65
1388	84	130	63
1385	88	130	64
1382	94	129	65
1379	97	130	67
1377	104	131	66
1374	109	131	68
1371	116	134	65
1369	120	132	69
1368	127	131	67
1365	127	135	71
1363	133	134	68
1360	133	136	73
1356	137	137	71
1353	140	138	72
1350	145	139	72
1349	151	139	69
1347	152	137	72
1347	160	135	70
1345	165	136	71
1342	170	137	72
1341	179	138	68
1338	185	138	69
1335	188	140	73
1332	196	141	71
1329	206	139	70
1325	216	142	69
1322	223	145	68
1326	232	140	66
1320	235	142	71
1320	245	140	68
1325	255	133	65
1320	261	137	67
1318	271	140	64
1314	277	139	65
1309	284	142	67
1305	292	145	66
1302	300	145	64
1300	307	144	64
1295	313	145	63
1291	320	144	63
1288	325	144	61
1284	331	146	64
1284	341	143	56
1282	344	139	61
1278	350	142	57
1274	352	141	62
1271	362	143	58
1267	367	140	59
1263	375	140	57
1260	378	139	57
1249	381	147	63
1243	386	149	61
1244	393	142	60
1243	397	138	60
1231	398	146	65
1230	403	141	64
1225	409	140	63
1220	413	142	61
1216	418	140	61
1208	417	144	64
1191	419	154	66
1182	422	160	65
1183	425	152	65
1180	428	150	64
1180	431	144	65
1173	431	148	67
1165	435	152	65
1167	439	142	63
1156	439	150	66
1155	445	147	63
1148	443	149	67
1144	447	148	64
1140	448	146	66
1139	444	144	71
1134	447	145	70
1127	449	148	70
1122	449	149	71
1119	451	147	69
1114	451	148	69
1110	449	147	72
1105	453	147	68
1101	450	147	70
1092	449	151	71
1088	453	151	68
1083	454	151	67
1077	447	152	73
1074	449	150	71
1065	454	155	64
1063	455	153	63
1064	453	146	63
1054	450	153	67
1049	450	153	65
1047	451	151	65
1039	447	155	69
1040	448	150	68
1035	448	152	68
1027	446	155	70
1022	445	157	69
1017	443	157	72
1009	441	162	71
1003	439	163	73
998	437	164	75
994	435	165	75
992	433	163	76
987	431	163	76
984	429	162	76
981	427	162	77
977	425	162	78
974	423	162	77
970	422	162	75
967	417	162	80
963	418	163	78
963	416	160	78
960	414	160	80
959	414	158	78
956	411	157	78
953	406	157	82
948	405	160	83
945	404	159	82
943	404	160	81
938	401	162	83
934	399	162	84
934	398	159	85
930	398	161	86
924	397	163	85
922	398	163	83
919	399	162	83
917	397	162	83
916	395	161	83
914	391	160	86
910	393	162	83
906	391	164	84
906	390	161	84
905	389	162	84
903	389	162	86
903	389	161	84
900	389	162	85
897	389	165	86
891	389	168	86
889	388	170	87
881	389	177	89
887	389	168	87
886	389	166	89
884	391	168	89
882	391	167	89
883	391	167	92
882	391	162	89
880	391	166	90
881	390	165	90
878	392	165	91
878	392	164	91
879	392	162	92
878	391	164	93
879	392	162	93
876	392	164	94
876	394	165	93
879	393	162	94
877	393	163	94
877	393	163	95
879	393	162	94
875	394	164	95
881	393	158	96
875	394	163	96
875	391	165	100
872	397	166	96
873	396	165	98
875	396	164	99
874	399	166	97
878	400	161	98
876	401	165	99
876	403	164	98
876	403	163	98
878	406	162	97
877	408	164	95
881	406	162	98
878	408	163	97
883	410	160	96
879	411	165	97
878	410	165	98
879	411	165	100
880	414	164	99
879	412	165	101
878	415	167	101
880	418	168	99
877	418	170	100
877	420	172	101
880	421	170	101
876	421	175	102
879	422	173	102
876	424	176	102
878	426	173	101
876	426	176	102
874	428	179	102
879	430	175	102
877	427	177	105
876	428	177	106
878	427	175	108
878	431	175	107
879	429	174	108
879	430	171	111
879	432	171	109
876	432	173	111
881	435	169	111
879	433	171	112
875	435	173	112
878	436	169	112
874	435	172	114
877	436	168	113
874	437	169	115
873	438	171	115
872	437	171	117
871	439	170	115
872	439	167	115
870	439	169	118
868	440	171	118
866	440	172	118
866	441	172	119
866	443	170	117
865	443	174	116
865	442	174	118
864	442	176	119
863	444	179	116
862	443	182	119
861	442	184	120
828	430	221	134
835	435	216	128
820	428	231	137
811	424	243	140
846	436	209	127
870	447	186	119
837	429	224	137
804	417	258	151
822	428	243	140
800	411	269	158
869	442	200	126
844	429	228	142
869	445	201	126
873	444	199	128
847	432	226	142
875	451	199	124
840	426	235	149
832	421	246	155
842	428	236	151
873	450	203	124
841	416	237	164
857	435	225	150
828	406	256	175
873	458	211	126
860	431	222	151
838	408	252	178
871	443	216	140
863	427	223	155
855	417	234	167
832	395	260	191
856	406	238	172
878	449	213	134
851	395	240	185
862	398	231	185
873	443	220	141
860	392	234	183
869	413	229	165
879	447	216	131
877	437	221	130
874	409	225	160
864	389	239	183
875	417	228	146
880	433	227	132
867	367	241	192
880	431	231	130
871	354	241	200
873	405	240	151
868	350	245	202
876	411	242	141
876	380	239	167
869	352	250	196
872	379	251	168
872	383	251	160
870	345	255	197
869	362	261	184
868	350	263	193
867	380	265	162
865	349	271	188
867	377	269	161
868	386	273	150
871	396	271	139
862	369	280	167
864	383	280	153
857	365	290	168
861	389	285	146
861	388	287	144
852	384	297	146
843	342	306	192
845	379	307	159
852	384	299	151
837	373	312	160
851	379	299	155
839	378	312	157
828	371	326	163
815	356	337	178
808	349	345	185
818	367	334	166
803	363	349	171
794	354	354	177
808	357	342	173
787	363	363	164
776	352	369	171
769	347	375	179
775	359	372	166
760	354	383	166
783	361	364	156
816	366	328	152
843	364	296	148
834	366	306	150
840	366	301	149
833	365	308	149
840	368	302	145
827	366	315	150
833	371	313	146
845	369	294	145
831	373	311	143
831	372	310	141
837	375	306	142
794	372	350	144
831	376	312	141
819	377	320	142
821	379	317	145
816	381	323	143
799	382	346	145
699	382	443	147
665	378	476	158
657	379	483	157
645	375	498	164
648	381	493	160
636	377	500	165
626	375	511	166
642	381	493	163
618	384	520	160
620	383	516	166
623	380	511	169
588	381	548	174
612	382	522	174
613	379	527	177
604	381	530	178
601	377	537	178
597	378	538	176
604	375	531	181
593	377	540	181
584	378	553	185
584	378	551	185
586	376	554	187
578	370	564	192
587	374	555	189
581	372	561	193
574	372	564	194
560	381	578	187
568	377	580	191
562	377	576	187
574	377	572	194
546	379	594	191
553	378	592	197
551	373	587	202
538	376	598	203
540	381	599	199
593	379	546	202
526	384	608	193
510	381	633	200
556	384	578	198
548	386	591	201
536	385	600	192
521	384	621	200
549	384	590	192
515	385	629	194
503	388	639	196
499	388	642	200
504	389	636	195
488	393	655	194
485	394	656	194
479	391	660	196
491	390	650	195
485	391	668	201
492	389	663	198
481	385	675	204
491	384	658	206
488	381	676	212
478	385	699	213
488	381	681	219
472	380	719	224
448	379	731	227
468	376	701	241
458	382	710	239
443	381	731	246
444	377	723	254
470	374	692	251
472	382	704	253
449	378	719	263
431	375	737	255
463	375	731	261
482	377	735	260
468	375	716	265
465	376	776	270
465	371	752	283
476	372	722	288
465	371	793	294
432	369	814	312
439	368	773	313
468	362	757	303
452	368	787	314
434	373	798	316
478	374	760	305
455	363	771	320
423	368	797	330
454	369	796	317
475	371	761	313
438	374	797	342
444	371	792	333
460	374	758	331
492	372	731	335
461	368	749	341
436	370	778	385
451	370	780	383
442	369	772	378
450	363	771	368
404	359	811	413
441	357	773	414
445	359	775	377
440	358	772	310
466	346	746	351
467	344	742	324
477	342	731	316
512	340	703	301
472	335	738	385
471	340	743	329
470	335	746	391
432	333	782	439
478	336	741	405
432	336	792	420
434	333	798	425
438	343	779	405
435	341	783	401
450	345	763	400
418	340	800	408
423	338	791	403
415	345	804	402
427	343	796	404
412	346	807	388
402	354	817	385
412	353	814	393
398	348	822	394
397	352	828	395
388	345	835	387
379	356	847	384
401	354	820	389
356	360	871	389
393	362	829	372
390	366	832	380
373	363	844	359
374	364	839	330
356	366	857	321
371	357	851	315
363	355	868	316
335	350	897	333
318	350	906	335
334	350	873	357
325	351	904	350
345	339	896	340
368	341	874	341
298	341	933	372
282	346	948	362
317	346	913	352
270	346	958	370
267	343	941	374
275	346	937	370
269	347	927	382
269	344	959	367
268	353	938	394
255	351	944	392
277	356	935	379
272	360	925	362
281	363	940	360
275	371	940	349
264	371	951	358
275	381	948	339
257	380	973	341
275	386	955	327
266	386	968	327
245	388	995	325
244	390	981	330
240	385	991	331
243	391	984	329
224	383	999	342
254	379	969	328
236	380	987	338
225	362	996	354
228	365	990	346
216	361	1002	354
206	357	1009	368
212	361	1003	364
212	359	1004	359
201	356	1012	364
187	356	1025	370
214	358	1004	349
195	354	1016	370
196	358	1012	355
163	354	1044	375
201	351	1012	345
178	357	1031	347
161	357	1049	355
154	353	1057	354
161	351	1047	349
150	347	1064	359
131	348	1081	362
127	354	1088	361
146	349	1071	343
140	349	1070	349
133	352	1072	350
125	351	1081	353
74	354	1129	354
134	354	1069	343
70	355	1129	354
111	357	1096	343
137	355	1065	340
55	353	1139	359
110	351	1091	350
82	353	1116	351
52	357	1141	368
31	357	1168	368
31	358	1163	368
35	358	1165	362
29	350	1172	379
37	358	1163	365
28	354	1176	383
33	353	1166	380
35	346	1166	383
27	353	1174	388
33	343	1167	398
10	349	1187	403
2	344	1192	406
14	338	1185	415
19	339	1189	407
7	341	1185	405
0	340	1199	420
0	341	1199	426
9	332	1192	419
20	332	1175	405
5	340	1182	402
10	343	1178	407
30	336	1163	420
19	336	1177	420
17	338	1172	427
7	343	1178	413
21	346	1176	424
17	349	1183	435
11	352	1188	415
0	353	1195	424
0	355	1207	412
4	352	1195	440
4	343	1210	452
3	345	1186	440
2	349	1194	434
0	349	1192	438
1	347	1197	398
0	345	1196	418
0	346	1192	410
0	345	1197	410
0	339	1191	436
0	344	1182	406
0	337	1182	413
0	341	1187	422
0	342	1186	414
0	337	1181	417
0	341	1181	403
0	341	1179	440
0	332	1163	425
0	339	1159	426
0	339	1153	428
0	337	1160	432
0	335	1158	429
0	330	1143	441
0	345	1157	426
0	348	1161	426
0	345	1166	430
0	345	1168	440
0	352	1166	436
0	351	1162	426
0	349	1158	427
0	353	1166	420
0	352	1165	432
0	354	1156	427
0	354	1160	429
0	349	1155	427
0	347	1162	440
0	348	1156	427
0	346	1151	440
0	342	1150	446
0	340	1159	450
0	340	1150	446
0	336	1164	449
0	334	1164	452
0	335	1154	449
0	334	1158	464
0	341	1156	453
0	334	1148	462
0	337	1153	468
0	338	1150	469
0	336	1148	474
0	331	1154	493
0	332	1142	489
0	336	1143	490
0	331	1144	482
0	336	1132	478
0	331	1129	481
0	343	1124	477
0	345	1122	471
0	355	1115	467
0	352	1112	478
0	348	1116	479
0	355	1105	478
0	357	1102	471
0	356	1101	474
0	369	1104	475
0	368	1099	484
0	371	1097	476
0	371	1102	481
0	376	1091	479
0	373	1086	482
0	380	1092	478
0	374	1092	475
0	380	1094	482
0	379	1095	485
0	367	1097	496
0	367	1097	493
0	362	1097	501
0	362	1099	509
0	364	1102	512
0	356	1098	518
0	353	1101	525
0	350	1108	529
0	351	1108	544
0	344	1103	550
0	338	1106	542
0	336	1101	548
0	335	1101	553
0	328	1097	549
0	330	1104	556
0	325	1094	554
0	326	1092	555
0	328	1092	555
0	323	1092	559
0	316	1091	560
0	321	1092	553
0	319	1091	559
0	317	1095	554
0	316	1092	550
0	318	1091	567
0	316	1085	566
0	322	1094	572
0	319	1096	557
0	321	1092	570
0	325	1084	548
0	326	1090	558
0	330	1085	559
0	328	1085	560
0	326	1083	558
0	339	1083	550
0	340	1082	552
0	340	1081	550
0	345	1061	543
0	349	1068	538
0	352	1062	538
0	356	1058	531
0	357	1062	534
0	373	1052	525
0	369	1044	526
0	373	1046	522
0	373	1039	536
0	377	1033	534
0	373	1031	546
0	370	1028	544
0	367	1028	550
0	366	1024	558
0	357	1024	563
0	354	1025	566
0	349	1020	568
0	354	1019	575
0	350	1023	573
0	343	1020	566
0	342	1008	566
0	343	1017	562
0	335	1012	554
0	341	1014	547
0	336	1010	562
0	336	1014	564
0	332	1008	574
0	332	1010	568
0	334	1012	567
0	333	1004	573
0	330	1002	581
0	332	995	581
0	329	1001	586
0	335	991	589
0	328	997	596
0	333	996	595
0	337	995	594
0	336	997	593
0	340	999	596
0	345	998	594
0	343	999	596
0	344	998	599
0	344	999	598
0	348	1001	594
0	359	1011	594
0	361	1006	593
0	356	1009	603
0	364	1011	609
0	368	1010	598
0	367	1011	596
0	367	1014	604
0	379	1017	606
0	378	1024	609
0	379	1031	607
0	382	1028	607
0	384	1032	607
0	380	1037	614
3	377	1030	635
0	377	1048	664
0	380	1049	675
0	373	1052	682
0	372	1050	680
0	372	1048	681
0	373	1051	679
0	370	1047	683
0	369	1055	680
0	355	1054	693
0	362	1052	692
0	353	1055	702
0	353	1051	702
0	354	1060	705
0	346	1065	710
0	351	1072	710
0	343	1066	712
0	356	1081	707
0	357	1088	708
0	350	1082	720
0	360	1091	710
0	333	1085	735
0	348	1103	727
0	351	1102	718
0	359	1097	714
0	343	1108	723
2	342	1100	728
6	367	1106	705
7	370	1114	697
21	361	1084	704
24	353	1075	714
36	368	1074	700
45	360	1063	703
54	351	1053	715
46	361	1057	705
85	344	1025	721
85	349	1019	719
104	343	1006	722
107	352	1003	718
145	361	959	708
145	351	965	718
164	323	936	746
184	334	925	738
171	331	932	740
192	331	914	740
201	339	908	735
195	348	926	721
213	342	896	726
207	351	902	716
243	350	884	700
296	346	822	675
270	354	853	698
383	350	724	653
284	359	828	712
377	359	732	637
294	352	819	714
403	347	711	650
330	358	788	676
443	365	672	604
331	353	782	706
476	353	636	590
408	352	704	654
379	365	733	699
482	360	629	575
436	355	677	643
399	364	711	705
470	364	638	611
408	364	704	714
439	363	675	673
463	370	645	626
440	360	668	682
450	364	661	698
499	373	606	553
504	362	611	584
507	359	603	575
510	364	601	576
510	362	599	603
518	360	593	565
522	360	595	581
525	361	590	581
528	362	588	589
527	355	587	618
529	359	583	613
531	350	584	660
538	347	581	701
539	348	578	711
546	346	573	696
542	345	578	714
549	347	569	733
550	343	567	717
553	346	566	721
560	347	565	723
563	346	562	721
568	343	561	682
567	347	564	694
570	349	559	652
573	355	559	594
570	357	563	568
581	358	555	617
581	354	550	646
587	353	548	607
585	345	546	673
597	352	541	605
591	348	542	683
599	347	538	629
604	343	535	705
602	351	541	607
607	341	535	641
617	338	529	681
611	345	534	659
619	339	545	740
626	332	535	742
627	332	534	744
628	330	538	737
633	331	538	737
640	321	539	752
645	319	532	757
642	325	538	748
649	320	533	757
651	317	536	758
648	326	537	754
657	312	534	767
659	307	533	757
655	290	539	786
661	302	544	722
660	299	540	771
659	299	547	767
668	308	550	671
669	303	540	764
664	301	546	767
669	304	549	709
676	304	538	776
668	308	546	761
676	310	541	769
680	314	539	766
680	314	542	765
673	317	545	763
674	319	543	761
675	314	546	766
680	317	546	759
677	320	550	753
682	319	547	757
685	322	551	747
685	326	546	706
692	319	547	750
691	316	544	763
692	319	548	761
685	313	554	766
693	316	550	764
692	310	559	769
685	314	558	765
686	309	564	770
687	310	563	769
688	311	559	769
685	309	561	770
692	309	555	770
684	312	560	767
678	305	572	774
679	301	567	778
678	307	571	773
679	308	569	771
681	307	574	760
684	309	567	742
680	297	570	735
680	306	572	773
688	304	565	767
675	305	573	764
673	296	577	782
675	296	574	630
682	282	570	698
676	287	577	636
674	276	580	661
696	271	572	804
683	268	571	799
693	254	559	821
693	261	565	816
697	263	566	817
701	256	567	824
706	248	564	831
696	249	578	831
704	242	570	838
709	246	575	834
710	251	576	829
709	242	580	821
713	256	574	824
712	251	581	756
711	245	591	834
713	251	592	673
713	241	588	815
719	232	580	775
720	230	584	850
726	224	567	798
720	228	585	851
710	207	590	870
717	203	591	876
708	194	608	765
709	208	604	701
678	208	639	719
696	210	617	688
708	208	611	795
707	194	615	835
671	194	658	650
707	203	617	645
703	195	624	577
698	194	631	772
633	200	702	566
700	207	637	842
727	193	621	727
729	206	615	874
729	201	619	703
724	213	624	750
718	200	633	843
739	194	617	885
722	190	627	875
732	192	629	887
725	190	631	769
740	195	617	870
736	191	632	878
732	189	627	891
729	187	652	891
736	183	637	896
735	183	633	896
721	183	655	887
733	169	639	854
747	176	623	903
745	175	627	905
736	171	640	816
745	185	628	894
735	181	646	868
740	174	644	832
748	180	635	881
742	178	651	901
747	166	648	803
749	179	644	901
744	162	648	881
733	174	668	666
716	164	663	748
723	176	657	746
708	147	667	898
708	149	678	889
707	137	665	918
715	157	665	911
725	156	640	924
712	140	639	940
735	145	626	935
737	138	633	940
735	133	635	946
741	141	627	939
727	134	646	946
727	93	632	986
722	129	645	761
714	108	645	969
716	139	631	939
709	89	638	989
710	123	636	957
706	108	638	972
696	138	645	937
690	152	646	927
695	153	639	926
683	152	653	925
675	160	654	920
676	156	648	915
673	166	645	902
660	168	654	911
658	160	652	919
657	153	663	927
649	161	663	918
640	164	661	903
632	169	643	775
642	160	658	915
636	173	632	776
638	167	652	907
625	168	647	882
627	171	649	908
621	175	652	882
620	178	650	879
623	181	644	868
619	189	640	680
621	175	641	798
622	206	634	620
608	188	652	778
611	195	650	764
606	198	650	705
596	207	680	873
596	183	691	897
577	180	708	888
587	164	696	850
583	180	669	640
587	184	670	679
560	179	713	771
597	176	658	622
591	164	676	705
605	158	663	720
612	145	665	798
610	160	708	919
600	158	653	732
601	153	638	601
583	155	647	603
579	151	644	595
578	153	646	590
568	152	647	594
569	150	658	648
570	151	664	656
560	148	665	733
558	156	729	882
560	156	748	920
561	155	756	924
562	154	748	926
551	152	738	925
555	163	736	886
552	160	745	899
553	156	739	914
547	153	757	927
542	158	764	922
542	156	759	923
537	153	779	927
541	157	770	922
529	162	788	917
528	167	766	891
533	160	737	807
531	169	761	837
530	168	683	666
530	163	711	688
532	173	678	626
538	173	676	638
538	176	678	631
536	177	671	616
533	180	672	606
529	177	673	609
540	184	665	609
537	182	667	603
534	182	666	601
535	181	667	607
534	181	667	608
538	188	670	620
537	197	671	604
544	187	666	611
533	200	678	603
544	204	673	601
547	201	671	606
542	211	679	601
546	210	680	605
548	205	684	610
546	216	683	600
551	216	685	605
554	218	690	602
559	224	700	618
556	227	689	605
562	227	713	631
565	219	712	648
563	223	737	679
565	220	708	644
567	224	716	631
574	232	711	614
570	228	772	745
579	237	708	627
582	232	706	602
580	241	714	620
591	240	705	607
580	237	726	639
591	244	725	640
588	245	732	652
596	245	715	619
596	239	707	624
596	245	705	617
597	251	708	623
603	247	710	624
603	250	712	637
604	246	710	631
603	242	710	643
604	240	712	642
602	255	716	633
609	259	715	637
606	241	715	649
608	267	739	649
608	266	716	633
608	258	720	637
599	262	740	642
604	265	750	649
605	268	730	639
614	264	724	641
609	264	721	643
613	265	727	650
609	263	732	647
609	262	732	662
612	259	743	670
608	260	740	659
603	261	759	688
601	258	796	726
601	247	831	744
605	244	776	702
604	250	781	714
595	244	819	750
596	247	803	726
593	246	761	691
588	247	743	674
586	245	752	685
578	236	768	697
573	243	759	696
574	248	748	673
567	239	756	700
567	245	750	680
572	241	747	692
560	239	755	680
558	235	755	693
558	242	755	694
557	243	749	694
551	242	750	691
558	247	748	691
557	237	754	696
558	234	756	709
549	239	781	748
557	229	742	707
559	231	753	714
559	227	759	728
558	219	812	791
567	227	796	746
562	224	881	804
563	226	920	823
563	224	974	850
561	221	930	836
567	224	979	853
560	224	936	829
572	224	991	849
566	216	1025	855
569	222	1027	844
577	225	1015	840
573	221	1006	841
576	220	1011	842
588	225	1033	848
583	222	1036	848
595	228	1052	845
599	237	1037	834
596	236	1038	830
590	239	1048	829
600	246	1061	827
600	242	1071	830
607	244	1073	830
608	243	1084	832
607	248	1084	830
614	253	1093	818
617	253	1089	820
612	255	1099	815
614	248	1108	823
621	257	1114	812
620	256	1129	820
617	255	1131	817
620	257	1137	816
634	263	1137	808
622	263	1150	809
634	257	1151	816
632	264	1162	810
633	269	1178	810
636	258	1158	815
640	261	1164	811
640	263	1160	810
641	261	1174	813
631	254	1170	818
641	261	1160	815
639	267	1176	813
635	259	1131	803
644	266	1199	808
638	264	1167	809
642	267	1126	799
640	260	1198	812
650	271	1173	809
636	265	1162	811
644	277	1160	800
638	274	1161	799
635	272	1121	796
637	280	1138	786
643	278	1159	791
653	275	1160	793
659	276	1139	796
665	271	1168	801
660	275	1154	799
660	279	1064	783
667	278	1175	789
667	287	1119	783
673	271	1187	796
665	273	1150	806
667	273	1016	787
666	280	1201	791
679	273	1150	801
685	274	1194	797
670	273	1159	800
693	299	1188	773
699	285	1205	783
681	265	1217	806
698	303	1201	772
708	292	1206	779
704	292	1211	781
703	301	1201	775
709	293	1204	781
711	303	1208	770
709	299	1206	769
712	314	1208	756
709	309	1210	759
707	318	1213	754
702	305	1217	763
706	313	1214	756
702	313	1217	760
709	318	1211	761
702	315	1212	758
704	317	1215	755
701	316	1211	758
705	319	1209	753
708	319	1212	752
700	323	1219	747
704	323	1211	747
708	324	1208	748
703	330	1209	745
699	328	1216	745
700	334	1217	740
709	328	1207	742
707	331	1212	741
708	329	1206	741
707	335	1207	737
712	329	1207	741
709	330	1206	742
717	327	1203	740
713	328	1206	743
707	330	1212	739
709	325	1210	740
708	321	1211	744
699	325	1220	748
704	326	1216	745
711	333	1209	743
706	327	1214	742
707	326	1212	743
706	318	1213	750
697	318	1223	750
702	316	1210	751
705	317	1210	750
703	320	1213	750
703	315	1214	746
713	317	1199	751
710	320	1207	741
703	312	1216	751
706	310	1213	750
704	310	1216	745
710	300	1207	752
702	299	1213	755
708	286	1211	767
699	298	1213	767
697	289	1213	772
697	286	1215	765
695	275	1217	772
695	289	1220	758
698	277	1210	767
697	282	1214	768
703	279	1207	742
699	278	1215	752
699	277	1208	738
703	274	1204	745
702	267	1206	738
707	265	1207	741
713	262	1206	745
698	255	1212	753
700	254	1218	756
704	235	1215	779
707	250	1204	755
715	246	1205	755
700	235	1219	774
698	227	1221	761
707	233	1212	763
703	236	1216	758
703	230	1217	765
698	211	1222	771
701	211	1218	780
715	215	1204	771
710	217	1210	763
706	215	1213	769
693	197	1226	786
685	203	1234	778
681	194	1238	794
625	162	1291	817
690	192	1230	788
639	152	1280	821
722	212	1197	769
679	174	1240	811
707	201	1212	778
717	176	1203	793
703	155	1216	816
684	162	1235	802
721	173	1199	792
727	179	1193	783
739	182	1180	787
749	169	1170	795
747	170	1172	790
744	165	1176	798
744	166	1175	802
763	156	1156	812
750	162	1170	805
765	154	1153	811
741	159	1179	804
761	152	1159	816
760	153	1159	820
754	142	1165	825
759	140	1161	826
758	132	1162	825
763	123	1156	846
735	137	1184	831
771	131	1149	849
763	124	1157	854
771	120	1148	854
764	130	1156	834
788	140	1131	841
776	124	1144	847
771	116	1149	847
764	134	1156	843
745	128	1175	841
764	134	1156	837
718	130	1201	836
717	117	1203	848
723	119	1196	849
705	118	1214	864
722	102	1197	861
681	94	1239	872
692	95	1227	873
686	92	1233	866
678	86	1242	872
664	76	1255	875
675	74	1244	864
686	82	1234	877
657	74	1262	868
659	77	1260	862
645	68	1275	884
647	61	1268	856
637	66	1282	864
614	53	1305	863
604	54	1307	860
608	49	1312	883
596	57	1324	874
592	47	1326	872
584	42	1336	878
566	44	1353	878
562	35	1358	878
561	46	1358	866
550	38	1364	880
546	34	1372	894
542	30	1372	892
534	36	1377	887
533	27	1374	901
524	31	1383	886
519	39	1392	882
502	41	1398	885
500	43	1392	897
499	37	1399	890
485	39	1416	898
478	41	1420	879
473	47	1435	877
477	52	1429	875
476	42	1423	881
457	52	1431	880
462	47	1437	886
476	42	1430	873
454	34	1455	900
493	26	1423	873
466	24	1451	865
475	31	1438	860
468	26	1435	857
468	26	1448	849
478	24	1432	855
467	27	1446	839
478	24	1408	847
483	21	1430	839
479	23	1440	845
478	18	1416	842
484	22	1428	848
478	16	1423	839
474	17	1436	845
485	17	1428	840
477	20	1442	846
476	19	1444	840
484	21	1435	831
485	23	1435	844
484	23	1435	823
489	23	1431	828
482	29	1438	830
481	22	1438	828
493	31	1426	819
510	33	1409	827
491	30	1428	832
505	31	1414	808
496	36	1418	817
483	35	1435	831
490	37	1419	815
483	51	1436	800
493	37	1421	817
485	44	1413	816
486	35	1416	839
500	32	1402	823
496	38	1394	821
496	40	1393	826
494	43	1400	827
499	47	1387	807
498	43	1378	794
513	40	1374	810
505	43	1390	828
510	38	1370	822
495	41	1367	801
506	39	1356	809
495	43	1368	806
504	43	1353	797
507	48	1322	798
518	44	1304	805
516	45	1306	797
519	57	1292	783
523	55	1312	800
527	58	1243	767
520	58	1247	768
526	63	1247	768
521	62	1250	766
531	63	1224	767
539	70	1213	759
540	71	1241	805
535	78	1233	772
532	81	1221	787
539	88	1212	766
538	99	1204	758
537	103	1212	774
538	91	1193	757
539	99	1199	765
538	99	1200	762
523	101	1227	760
494	93	1252	783
530	91	1197	769
528	99	1172	778
518	93	1209	787
538	88	1179	794
523	87	1213	801
515	81	1205	824
529	80	1175	834
513	75	1186	849
512	93	1174	804
532	81	1182	895
519	67	1140	851
517	69	1075	806
540	85	1151	893
510	70	1094	829
508	82	1140	851
505	73	1126	871
508	77	1080	845
525	91	1074	838
518	98	1127	852
504	94	1097	895
510	98	1063	871
514	103	1064	865
518	111	1046	839
517	119	1049	844
526	120	1041	850
522	130	1035	843
512	120	1032	834
516	123	1022	840
511	126	1003	832
519	125	986	813
508	126	971	809
512	141	996	825
502	120	1006	849
516	132	920	798
507	143	956	807
514	139	924	790
519	140	904	793
505	144	920	793
520	149	928	792
511	143	915	792
508	153	920	801
517	146	887	796
506	158	906	800
503	158	920	789
511	160	898	803
508	162	890	793
499	171	899	790
517	170	797	767
507	177	850	769
509	182	742	726
500	188	824	791
497	189	816	775
485	198	796	774
491	201	838	799
481	209	833	824
483	217	835	787
481	234	805	781
480	233	820	792
478	239	777	758
475	251	809	766
477	247	786	790
471	254	796	797
471	259	781	779
477	262	771	773
475	272	772	770
476	276	767	781
468	274	751	780
473	285	740	789
474	292	738	784
471	291	762	789
471	304	754	764
474	305	740	774
456	309	769	766
466	317	704	755
465	325	690	743
461	329	691	742
461	337	664	735
458	342	669	729
460	347	661	723
448	359	654	721
446	366	556	602
451	380	500	441
443	385	488	434
443	401	482	431
437	408	496	459
431	425	503	444
424	434	472	424
420	446	466	426
414	464	496	442
407	474	513	457
398	476	553	543
399	490	582	590
397	504	573	575
394	522	573	555
386	530	559	546
384	541	556	538
386	551	549	528
378	559	546	521
372	568	540	512
372	577	521	502
364	581	520	496
354	597	512	478
351	601	507	467
341	618	517	462
333	624	517	456
323	633	508	447
323	640	501	440
313	649	496	430
313	660	490	419
300	674	491	404
295	677	485	400
284	682	480	397
280	690	477	389
267	708	492	371
256	714	491	366
248	727	496	353
235	739	491	341
216	743	504	337
205	756	505	324
196	771	500	309
194	787	484	293
