1151	0	97	72
1147	0	104	76
1144	0	105	78
1143	0	103	80
1143	0	103	83
1139	0	121	87
1138	0	116	90
1138	0	114	92
1135	0	107	96
1134	0	102	98
1137	0	101	100
1131	0	102	101
1129	0	103	105
1124	0	108	109
1125	0	110	112
1117	2	110	108
1111	1	113	113
1114	5	110	108
1109	11	95	104
1108	7	100	108
1107	11	94	104
1106	15	91	102
1106	14	89	104
1105	16	88	102
1097	18	92	105
1099	21	87	98
1101	17	84	111
1098	19	83	110
1096	21	81	110
1097	21	79	110
1093	22	80	110
1090	21	85	112
1086	27	82	108
1087	27	82	107
1082	29	84	106
1084	33	78	104
1079	32	80	108
1072	39	84	100
1067	45	90	96
1063	46	97	97
1053	45	107	101
1049	42	110	106
1043	47	121	100
1020	47	157	102
996	13	202	121
974	0	219	83
956	2	214	65
964	3	149	52
962	0	160	53
955	0	154	54
951	1	152	57
949	2	148	57
947	2	136	58
947	0	129	61
942	0	128	63
939	0	129	64
937	0	123	67
934	0	117	69
932	0	111	69
929	0	108	72
924	0	103	74
921	0	100	75
919	0	97	77
920	0	92	79
917	0	90	82
915	0	85	83
912	0	80	86
911	0	76	88
908	0	75	90
904	0	72	91
900	0	72	92
901	0	67	95
898	0	64	98
893	0	67	99
895	0	64	100
890	0	64	105
887	0	66	102
885	0	64	105
888	0	59	110
885	0	54	113
884	0	52	113
883	0	48	111
883	0	46	114
880	0	47	115
878	0	48	117
876	0	49	112
875	0	45	114
874	0	49	114
873	0	45	115
869	0	52	116
869	0	57	121
865	0	47	113
865	0	52	117
863	0	41	121
864	20	48	98
861	14	45	106
862	19	42	103
857	21	46	110
857	23	47	109
851	22	52	113
848	12	55	142
841	16	64	132
842	22	62	140
838	34	64	120
835	20	69	135
840	32	64	145
835	34	62	137
837	48	68	126
833	56	68	114
830	53	74	122
830	63	74	121
824	63	88	127
824	67	85	128
818	76	89	115
811	81	96	113
811	87	104	104
817	89	94	106
806	93	110	96
806	91	109	102
806	90	111	107
800	91	115	108
795	89	126	111
792	91	134	110
792	97	122	103
795	79	123	119
788	61	136	143
785	74	142	127
790	69	138	137
795	71	145	138
797	64	149	145
785	67	178	152
780	88	204	154
795	49	173	153
798	95	192	140
1011	293	191	128
812	96	186	127
830	90	191	130
809	56	157	125
821	75	155	130
822	78	185	133
949	100	154	127
1000	297	173	124
998	304	161	127
813	20	148	133
953	96	153	121
953	96	153	121
833	14	116	140
848	0	75	97
849	0	67	110
848	0	71	115
849	0	69	105
846	0	72	107
848	0	70	110
851	0	66	98
848	0	70	101
851	0	66	95
851	0	64	94
853	0	63	74
848	0	71	95
852	0	64	79
847	0	73	85
848	0	72	71
847	0	72	71
848	0	72	59
850	0	70	74
854	0	67	59
850	0	69	62
852	0	64	57
854	0	62	59
854	0	60	49
854	0	58	42
853	0	59	43
850	0	64	40
853	0	61	40
852	0	58	43
851	0	59	37
851	0	53	36
851	0	49	34
852	0	52	34
853	0	57	38
853	0	49	38
852	0	48	30
852	0	52	39
853	0	45	36
851	0	51	36
851	0	51	36
851	0	51	36
851	0	51	36
974	17	20	77
974	49	66	51
1085	0	100	58
1080	1	149	60
1075	3	138	59
1073	4	138	55
1070	6	150	50
1065	5	132	55
1065	5	133	54
1061	7	134	54
1058	7	135	52
1056	8	135	54
1052	6	134	56
1047	7	137	54
1046	8	137	55
1042	7	138	57
1038	6	139	58
1036	4	140	61
1035	5	135	63
1032	4	139	67
1027	3	143	71
1024	2	143	76
1023	2	147	83
1018	0	143	91
1016	0	140	81
1014	2	150	95
1013	1	140	99
1012	2	143	90
1009	4	142	98
1009	0	142	99
1008	0	133	100
1004	7	134	94
1005	9	134	90
1000	10	137	93
998	12	136	90
996	13	136	96
995	14	141	93
991	15	137	97
991	16	132	96
982	18	142	98
984	19	137	99
984	22	137	99
979	24	149	102
977	25	148	102
976	25	141	106
972	24	157	114
965	31	152	110
966	31	149	111
958	32	155	121
963	30	159	122
955	33	148	133
957	34	164	123
951	36	143	133
954	41	145	128
946	51	146	114
944	52	157	113
939	61	146	108
946	63	148	108
941	63	142	116
944	65	136	115
943	50	145	136
941	65	143	123
936	58	145	139
940	64	133	136
939	77	134	139
939	84	130	130
936	80	132	167
936	75	124	174
933	80	119	173
932	82	124	172
930	94	116	167
932	93	109	169
926	97	120	174
921	93	128	165
919	109	119	153
917	106	113	168
908	110	122	167
903	114	128	162
888	127	137	153
883	133	143	145
889	137	130	149
890	141	131	142
889	146	128	137
886	149	129	140
880	153	131	135
870	150	139	143
871	164	133	127
868	173	135	120
866	174	131	126
864	172	132	131
858	177	135	131
853	179	137	134
857	190	126	119
848	196	131	124
849	202	128	128
844	207	130	135
809	217	161	132
826	211	143	150
805	204	160	166
791	224	170	155
784	229	174	152
774	236	182	147
767	236	181	151
756	236	192	157
755	229	191	184
731	235	216	171
743	227	198	179
726	236	218	176
729	239	213	175
720	247	218	165
738	261	198	146
733	272	198	130
734	281	194	134
740	287	180	130
751	285	167	137
742	287	158	137
739	288	177	134
738	294	162	135
730	293	164	147
731	289	157	142
725	284	175	154
715	294	154	138
702	282	190	168
727	296	154	149
724	294	134	154
721	297	135	158
721	299	135	165
719	300	137	161
725	328	125	151
724	337	151	166
717	353	164	159
712	363	176	153
713	363	165	148
691	373	183	156
698	375	182	152
692	375	191	155
681	377	193	161
675	397	198	149
671	393	194	155
670	399	191	152
666	399	193	155
662	397	188	160
663	399	186	167
660	415	183	151
663	433	167	137
653	435	169	139
657	435	167	142
656	441	170	140
653	439	154	147
656	448	147	143
650	454	156	139
644	449	158	150
644	440	148	159
639	448	148	157
632	412	153	197
629	428	155	189
636	464	145	158
627	461	152	167
623	451	148	180
610	433	155	195
619	475	151	154
621	505	152	122
605	486	169	146
602	505	161	128
600	495	162	143
592	494	173	144
596	510	161	126
587	508	169	133
587	509	168	132
584	512	168	138
581	514	166	136
588	518	152	126
568	499	166	157
566	531	171	130
560	530	152	136
556	541	159	128
551	533	162	124
541	537	156	129
536	546	157	123
531	545	164	123
524	551	150	114
518	544	144	122
511	551	158	116
503	548	150	123
504	558	136	115
499	562	107	110
500	569	101	102
495	582	103	92
492	582	97	92
488	577	99	96
484	583	97	91
480	576	97	100
475	562	100	114
473	574	96	99
466	576	99	102
462	567	100	113
457	569	98	109
457	584	90	90
453	573	97	105
448	578	99	100
445	579	88	101
441	565	97	122
440	562	97	123
439	576	85	110
439	570	79	117
433	566	80	121
430	563	87	122
418	564	95	125
415	582	95	100
410	584	97	103
410	588	97	97
412	589	91	99
404	585	100	101
406	582	96	104
404	580	92	107
400	579	97	107
407	590	82	94
405	593	69	91
394	590	88	91
399	585	79	101
397	580	74	104
396	587	78	95
394	590	75	92
390	587	81	96
392	590	78	94
389	585	80	96
388	584	85	98
385	585	81	94
382	592	82	86
380	601	80	78
373	587	92	97
360	582	115	97
359	577	106	102
350	558	123	107
352	527	113	121
355	526	102	71
350	525	94	74
346	528	96	72
344	529	92	74
343	531	86	70
341	534	87	69
339	534	87	67
335	535	88	72
336	537	90	67
331	541	82	66
331	543	80	67
329	545	79	71
326	548	79	71
324	549	73	68
321	551	73	68
321	552	74	66
318	554	75	64
317	555	74	64
315	557	69	63
314	557	76	66
312	558	60	65
311	559	61	66
310	560	65	66
309	558	68	68
306	557	69	70
305	556	65	74
301	553	71	79
298	558	72	77
301	549	66	85
294	562	73	75
298	553	68	86
297	553	67	82
295	556	68	79
295	553	64	84
289	566	67	72
288	563	62	75
286	560	66	78
282	567	67	72
281	570	68	71
279	566	70	75
275	570	73	73
273	565	70	79
269	569	78	75
267	568	79	79
267	566	77	82
272	566	74	79
271	567	70	77
276	573	64	69
271	577	63	67
272	576	65	69
275	577	57	64
278	580	52	60
277	586	49	55
274	589	56	51
277	590	51	47
279	593	49	45
281	593	47	44
281	595	46	43
276	596	50	30
277	591	43	33
276	592	37	31
274	592	46	32
272	594	47	29
270	590	49	34
267	594	50	31
270	594	46	33
272	597	43	31
269	590	46	40
257	599	58	37
243	598	72	56
234	602	95	63
233	609	95	73
230	614	85	74
231	616	68	73
230	615	77	67
228	615	71	73
228	622	63	66
225	628	64	60
225	629	62	64
223	631	70	64
222	633	74	62
221	635	80	66
222	638	65	61
221	638	64	64
222	638	67	65
222	642	62	62
224	647	61	59
224	648	63	58
224	649	72	60
225	652	74	55
226	653	80	57
224	654	75	55
227	657	58	54
225	662	48	53
227	664	43	51
227	664	44	53
228	667	42	51
230	668	44	52
229	670	47	52
230	670	46	54
231	670	44	56
231	674	46	55
233	678	44	52
234	678	42	53
236	679	40	54
237	680	41	55
238	681	37	56
239	682	38	56
237	681	38	58
236	683	36	58
232	683	47	60
232	688	52	55
232	689	47	56
244	692	34	55
249	696	31	53
252	698	30	53
254	703	29	49
254	702	28	50
255	707	25	48
253	709	30	46
250	707	34	51
256	703	26	56
260	702	25	59
262	703	23	62
264	704	23	64
266	707	22	63
268	712	21	64
270	713	20	65
270	715	21	65
272	717	19	68
273	717	20	69
275	720	19	68
277	724	19	70
278	728	17	68
280	734	17	65
280	740	18	59
282	746	18	55
283	749	17	53
282	751	19	58
281	747	20	64
278	751	24	60
277	755	27	57
280	759	24	55
273	759	34	58
279	758	28	60
276	764	30	56
279	762	28	58
275	768	33	54
279	771	29	50
278	773	30	52
278	775	32	51
277	778	34	49
273	780	38	49
274	782	40	50
278	783	33	51
275	785	37	51
277	789	36	47
277	791	35	48
277	794	33	46
276	793	32	49
277	796	30	47
278	799	28	47
277	803	28	45
278	807	25	43
276	811	31	41
275	811	29	44
276	812	25	45
277	816	27	45
275	816	23	45
278	822	19	43
278	825	19	43
278	829	17	42
278	834	16	39
278	839	18	37
277	841	19	39
276	844	22	39
276	845	19	39
275	848	21	40
275	849	21	39
273	853	21	38
270	855	25	38
270	859	28	36
268	863	28	35
268	865	29	36
268	868	28	33
267	870	30	35
266	872	30	35
266	874	29	34
266	875	31	37
265	879	33	37
263	881	34	38
261	883	35	41
261	887	36	39
261	890	38	39
256	893	43	41
257	895	42	43
253	898	45	42
252	900	47	43
248	903	52	43
249	907	54	42
250	905	51	45
247	908	58	45
242	911	63	46
241	914	65	46
239	918	65	44
244	919	60	44
242	920	63	46
237	923	67	46
234	925	70	46
227	927	78	46
223	929	81	49
235	932	68	46
230	933	73	48
230	936	74	47
231	941	73	46
233	944	70	44
231	946	72	46
232	948	72	49
230	950	73	49
229	952	73	49
230	955	73	48
228	957	73	48
226	961	74	48
227	964	73	46
226	966	75	48
220	970	81	45
221	971	80	46
218	973	82	47
220	975	82	50
215	977	85	50
216	981	86	49
213	983	84	49
210	985	89	52
209	988	88	52
207	991	89	54
209	993	88	56
216	996	81	58
214	998	83	57
216	1000	83	59
221	1004	78	61
219	1008	81	57
218	1011	80	56
216	1014	83	52
216	1015	84	53
215	1018	84	52
214	1020	83	53
218	1022	80	53
214	1024	84	52
223	1029	76	50
221	1028	76	51
216	1030	82	50
216	1034	85	45
215	1034	90	45
220	1037	86	42
217	1037	93	43
218	1033	89	46
219	1027	86	52
222	1029	74	50
223	1041	80	39
226	1044	77	36
227	1045	72	34
219	1049	84	31
223	1042	76	38
219	1040	85	39
217	1042	91	37
221	1039	84	40
223	1049	82	30
229	1047	74	32
229	1047	75	33
231	1049	74	30
216	1051	84	28
223	1049	78	30
227	1054	75	26
231	1058	71	21
234	1059	70	20
239	1056	61	23
239	1056	61	23
198	914	73	76
200	913	67	79
197	913	69	77
197	912	70	79
194	914	74	79
193	914	75	74
195	913	75	77
342	905	91	87
410	875	97	82
390	871	117	109
379	859	127	134
379	859	127	134
514	674	125	135
512	678	112	136
507	686	110	127
503	690	113	145
638	896	92	119
491	722	112	126
481	730	129	126
474	733	120	127
463	741	126	130
463	754	115	121
458	767	119	121
452	779	115	114
447	778	122	126
437	789	135	123
665	705	89	194
668	706	81	193
660	715	85	197
664	715	85	213
656	719	88	211
658	727	81	211
651	734	89	205
649	749	85	185
648	748	88	196
646	764	85	196
645	763	89	210
644	762	84	213
639	771	89	218
635	777	89	226
636	819	82	186
631	830	92	180
630	834	88	181
624	837	98	188
624	841	100	194
617	846	98	192
616	856	96	201
607	851	109	216
601	900	101	169
596	883	111	196
594	923	104	156
593	930	91	150
588	947	87	133
588	956	87	123
588	965	86	114
586	973	88	106
586	980	86	100
583	962	81	117
581	1002	77	78
581	1011	76	69
587	1028	67	52
591	1031	60	49
596	1042	50	38
604	1002	34	77
498	1002	36	78
494	993	49	54
455	938	46	39
491	1002	48	46
453	945	43	41
452	947	51	37
486	1010	49	47
449	952	63	39
447	954	48	40
446	957	61	39
446	958	58	41
443	959	66	43
