1652	621	266	179
1643	618	276	182
1629	619	264	185
1616	620	264	185
1601	620	271	182
1585	624	275	180
1574	623	268	180
1555	619	286	188
1539	621	289	187
1520	621	306	192
1499	619	320	194
1492	621	311	195
1480	624	324	196
1476	625	313	197
1468	621	322	200
1459	624	322	194
1448	623	347	203
1445	622	343	205
1442	621	337	204
1439	621	323	202
1431	621	320	211
1416	623	353	202
1408	621	372	206
1406	617	358	207
1399	619	368	200
1403	617	354	206
1402	612	348	211
1403	614	344	209
1399	611	335	209
1404	612	338	199
1414	610	320	197
1415	607	307	209
1414	607	304	204
1419	604	300	211
1418	606	288	208
1420	606	282	208
1415	601	274	205
1415	599	261	205
1419	595	248	201
1414	596	253	201
1412	592	250	202
1415	591	251	209
1413	587	248	208
1406	584	251	206
1403	582	251	216
1388	581	243	214
1369	577	253	204
1352	580	272	209
1330	581	302	211
1317	572	333	220
1306	570	341	224
1295	575	358	217
1282	572	381	221
1286	573	402	215
1281	576	422	223
1284	579	434	232
1263	579	454	229
1259	581	454	229
1256	588	461	219
1251	587	444	224
1231	589	466	228
1209	591	464	229
1201	596	462	219
1193	594	428	220
1204	596	402	214
1189	596	419	209
1186	601	423	208
1173	605	430	208
1160	606	448	207
1151	605	407	216
1145	605	434	216
1140	609	395	227
1130	601	381	230
1124	611	385	219
1117	606	345	209
1102	606	365	238
1089	607	392	238
1091	609	353	220
1078	611	354	209
1064	613	372	234
1059	612	327	204
1048	611	319	197
1043	613	311	189
1033	613	308	196
1020	614	325	198
1016	618	336	191
1002	616	324	197
985	614	360	200
991	613	338	187
973	613	345	206
971	615	337	192
956	613	323	204
946	615	298	209
937	616	291	212
932	615	282	210
904	618	306	214
907	616	299	215
850	613	337	212
858	618	328	201
732	616	466	214
767	622	399	212
749	618	415	210
765	619	381	208
755	624	381	207
737	628	356	200
762	630	334	206
738	626	329	207
699	626	372	215
671	628	399	205
683	629	388	204
656	640	411	195
638	616	427	219
622	588	444	249
709	601	365	239
683	601	380	240
641	608	419	231
620	601	443	234
683	601	385	236
761	629	302	207
724	609	346	229
720	605	346	232
712	609	362	236
719	617	355	218
746	632	320	195
736	625	345	210
759	631	306	196
771	619	306	220
784	636	274	198
800	645	267	188
870	703	194	123
791	643	268	181
811	674	255	159
871	701	191	123
843	700	215	124
846	706	210	118
805	675	252	149
834	701	229	128
849	707	211	121
865	723	195	102
