729.00	418.00	36.00	22.00
727.00	417.00	36.00	22.00
724.00	417.00	36.00	22.00
721.00	418.00	36.00	22.00
717.00	419.00	37.00	22.00
714.00	418.00	37.00	23.00
712.00	418.00	37.00	23.00
710.00	418.00	37.00	23.00
705.00	418.00	38.00	23.00
701.00	419.00	38.00	23.00
699.00	419.00	38.00	23.00
697.00	418.00	38.00	23.00
692.00	419.00	38.00	23.00
690.00	419.00	38.00	23.00
687.00	417.00	39.00	24.00
686.00	417.00	39.00	24.00
682.00	419.00	38.00	23.00
680.00	419.00	38.00	23.00
677.00	418.00	38.00	23.00
674.00	419.00	38.00	23.00
669.00	418.00	37.00	23.00
666.00	418.00	38.00	23.00
665.00	419.00	37.00	23.00
684.00	424.00	38.00	23.00
710.00	430.00	39.00	24.00
709.00	431.00	38.00	23.00
709.00	431.00	38.00	23.00
722.00	435.00	38.00	23.00
753.00	441.00	38.00	23.00
752.00	439.00	39.00	24.00
748.00	439.00	39.00	24.00
749.00	443.00	38.00	23.00
766.00	447.00	38.00	23.00
764.00	447.00	38.00	23.00
762.00	447.00	38.00	23.00
759.00	447.00	38.00	23.00
756.00	447.00	37.00	22.00
755.00	447.00	37.00	22.00
752.00	447.00	37.00	22.00
750.00	446.00	36.00	22.00
761.00	453.00	36.00	22.00
776.00	458.00	35.00	21.00
774.00	458.00	35.00	21.00
772.00	458.00	35.00	21.00
768.00	458.00	34.00	21.00
766.00	457.00	34.00	21.00
764.00	457.00	35.00	21.00
761.00	457.00	35.00	21.00
758.00	456.00	35.00	21.00
755.00	456.00	35.00	21.00
753.00	455.00	35.00	21.00
750.00	454.00	35.00	21.00
744.00	453.00	35.00	21.00
742.00	452.00	35.00	21.00
738.00	452.00	35.00	21.00
736.00	452.00	34.00	21.00
729.00	451.00	34.00	20.00
728.00	452.00	34.00	21.00
726.00	452.00	34.00	21.00
730.00	452.00	35.00	21.00
755.00	460.00	35.00	21.00
762.00	463.00	35.00	21.00
764.00	464.00	35.00	21.00
777.00	466.00	35.00	21.00
816.00	468.00	36.00	22.00
831.00	469.00	37.00	22.00
836.00	469.00	37.00	23.00
853.00	475.00	37.00	23.00
891.00	475.00	37.00	23.00
894.00	475.00	38.00	23.00
893.00	475.00	37.00	23.00
889.00	475.00	38.00	23.00
885.00	474.00	38.00	23.00
885.00	474.00	37.00	22.00
882.00	474.00	37.00	22.00
881.00	474.00	37.00	22.00
876.00	473.00	37.00	22.00
875.00	472.00	37.00	22.00
873.00	472.00	37.00	22.00
872.00	472.00	37.00	22.00
868.00	472.00	37.00	22.00
865.00	472.00	37.00	22.00
865.00	472.00	37.00	22.00
863.00	472.00	37.00	22.00
859.00	472.00	37.00	22.00
856.00	472.00	37.00	22.00
855.00	472.00	37.00	22.00
854.00	472.00	37.00	22.00
850.00	472.00	37.00	23.00
848.00	472.00	37.00	23.00
845.00	473.00	37.00	23.00
844.00	474.00	37.00	22.00
840.00	474.00	36.00	22.00
840.00	474.00	37.00	22.00
837.00	474.00	36.00	22.00
836.00	476.00	35.00	21.00
832.00	476.00	35.00	21.00
831.00	476.00	35.00	21.00
829.00	476.00	34.00	21.00
827.00	476.00	35.00	21.00
823.00	476.00	35.00	21.00
820.00	476.00	35.00	21.00
818.00	476.00	35.00	21.00
815.00	476.00	35.00	21.00
810.00	475.00	36.00	22.00
807.00	476.00	35.00	21.00
804.00	475.00	35.00	21.00
802.00	475.00	35.00	21.00
797.00	474.00	35.00	21.00
795.00	473.00	35.00	21.00
792.00	473.00	35.00	21.00
788.00	471.00	35.00	21.00
783.00	470.00	35.00	21.00
780.00	469.00	35.00	21.00
777.00	469.00	35.00	21.00
774.00	469.00	35.00	21.00
786.00	483.00	36.00	22.00
791.00	487.00	35.00	21.00
787.00	487.00	35.00	21.00
784.00	487.00	35.00	21.00
775.00	487.00	36.00	22.00
772.00	488.00	36.00	22.00
769.00	489.00	36.00	22.00
775.00	493.00	37.00	22.00
777.00	497.00	37.00	22.00
773.00	499.00	37.00	22.00
769.00	499.00	38.00	23.00
765.00	500.00	38.00	23.00
760.00	501.00	38.00	23.00
757.00	501.00	38.00	23.00
754.00	502.00	37.00	22.00
749.00	502.00	38.00	23.00
743.00	503.00	38.00	23.00
741.00	503.00	38.00	23.00
737.00	503.00	38.00	23.00
734.00	503.00	38.00	23.00
730.00	504.00	38.00	23.00
727.00	505.00	38.00	23.00
724.00	505.00	38.00	23.00
720.00	504.00	38.00	23.00
713.00	506.00	37.00	23.00
725.00	509.00	37.00	23.00
751.00	516.00	38.00	23.00
783.00	524.00	38.00	23.00
819.00	524.00	39.00	24.00
830.00	524.00	39.00	24.00
852.00	532.00	40.00	24.00
869.00	536.00	39.00	24.00
871.00	538.00	39.00	24.00
868.00	539.00	39.00	24.00
867.00	541.00	38.00	23.00
863.00	541.00	38.00	23.00
859.00	546.00	38.00	23.00
857.00	547.00	38.00	23.00
854.00	547.00	38.00	23.00
852.00	546.00	39.00	24.00
847.00	549.00	38.00	23.00
843.00	549.00	39.00	24.00
840.00	549.00	39.00	24.00
838.00	550.00	39.00	24.00
832.00	551.00	40.00	24.00
829.00	551.00	39.00	24.00
827.00	552.00	39.00	24.00
824.00	554.00	38.00	23.00
819.00	554.00	38.00	23.00
815.00	555.00	38.00	23.00
812.00	555.00	38.00	23.00
810.00	556.00	38.00	23.00
807.00	557.00	37.00	22.00
803.00	557.00	37.00	23.00
800.00	558.00	37.00	23.00
798.00	558.00	37.00	22.00
793.00	560.00	37.00	22.00
790.00	561.00	37.00	22.00
786.00	562.00	37.00	22.00
784.00	562.00	36.00	22.00
779.00	564.00	37.00	22.00
777.00	565.00	37.00	22.00
772.00	565.00	36.00	22.00
770.00	566.00	36.00	22.00
767.00	568.00	35.00	21.00
764.00	569.00	35.00	21.00
761.00	571.00	35.00	21.00
757.00	570.00	36.00	22.00
754.00	573.00	35.00	21.00
751.00	574.00	35.00	21.00
749.00	574.00	35.00	21.00
744.00	574.00	36.00	22.00
740.00	576.00	37.00	22.00
737.00	576.00	37.00	23.00
735.00	577.00	37.00	23.00
731.00	578.00	37.00	23.00
726.00	579.00	38.00	23.00
725.00	579.00	37.00	23.00
722.00	580.00	37.00	23.00
719.00	581.00	37.00	22.00
714.00	581.00	38.00	23.00
711.00	582.00	38.00	23.00
710.00	582.00	37.00	22.00
707.00	583.00	37.00	22.00
701.00	583.00	37.00	23.00
699.00	584.00	37.00	23.00
696.00	584.00	38.00	23.00
693.00	584.00	38.00	23.00
689.00	585.00	38.00	23.00
686.00	586.00	38.00	23.00
683.00	585.00	39.00	24.00
680.00	586.00	39.00	24.00
676.00	587.00	39.00	24.00
674.00	591.00	38.00	23.00
671.00	592.00	38.00	23.00
671.00	592.00	38.00	23.00
669.00	596.00	37.00	22.00
669.00	598.00	37.00	23.00
665.00	595.00	38.00	23.00
666.00	596.00	38.00	23.00
664.00	600.00	38.00	23.00
662.00	601.00	38.00	23.00
661.00	601.00	39.00	24.00
661.00	603.00	39.00	24.00
660.00	604.00	40.00	24.00
661.00	606.00	40.00	24.00
659.00	609.00	39.00	24.00
660.00	611.00	39.00	24.00
658.00	618.00	38.00	23.00
659.00	619.00	39.00	24.00
661.00	622.00	39.00	24.00
661.00	623.00	38.00	23.00
658.00	625.00	38.00	23.00
658.00	628.00	37.00	23.00
657.00	630.00	38.00	23.00
658.00	631.00	38.00	23.00
656.00	635.00	38.00	23.00
657.00	635.00	39.00	24.00
657.00	638.00	39.00	24.00
658.00	640.00	39.00	24.00
657.00	641.00	40.00	24.00
658.00	642.00	40.00	25.00
657.00	645.00	41.00	25.00
656.00	647.00	42.00	25.00
655.00	650.00	42.00	26.00
656.00	651.00	43.00	26.00
657.00	653.00	43.00	26.00
658.00	656.00	43.00	26.00
660.00	658.00	44.00	27.00
662.00	659.00	44.00	27.00
663.00	661.00	43.00	26.00
664.00	663.00	44.00	27.00
668.00	664.00	43.00	26.00
670.00	668.00	44.00	27.00
672.00	669.00	43.00	26.00
676.00	674.00	44.00	27.00
676.00	676.00	45.00	27.00
675.00	675.00	46.00	28.00
679.00	677.00	47.00	28.00
683.00	680.00	47.00	28.00
683.00	680.00	47.00	29.00
684.00	680.00	48.00	29.00
697.00	683.00	48.00	29.00
701.00	686.00	49.00	29.00
703.00	688.00	48.00	29.00
707.00	690.00	47.00	29.00
710.00	691.00	47.00	28.00
715.00	693.00	47.00	28.00
717.00	694.00	46.00	28.00
719.00	697.00	47.00	28.00
721.00	698.00	47.00	28.00
725.00	700.00	46.00	28.00
728.00	700.00	47.00	28.00
732.00	702.00	46.00	28.00
733.00	703.00	47.00	29.00
736.00	705.00	48.00	29.00
739.00	707.00	49.00	29.00
742.00	707.00	49.00	29.00
744.00	708.00	49.00	29.00
749.00	711.00	49.00	30.00
753.00	713.00	49.00	30.00
754.00	714.00	50.00	31.00
756.00	716.00	52.00	31.00
761.00	716.00	53.00	32.00
764.00	718.00	53.00	32.00
767.00	719.00	53.00	32.00
769.00	720.00	53.00	32.00
775.00	723.00	52.00	31.00
781.00	724.00	51.00	31.00
782.00	724.00	52.00	32.00
784.00	725.00	53.00	32.00
788.00	727.00	54.00	33.00
791.00	728.00	54.00	33.00
796.00	729.00	53.00	32.00
797.00	730.00	54.00	33.00
802.00	731.00	54.00	33.00
806.00	732.00	55.00	33.00
807.00	732.00	56.00	34.00
810.00	733.00	56.00	34.00
815.00	735.00	57.00	35.00
819.00	736.00	57.00	35.00
822.00	737.00	56.00	34.00
826.00	738.00	55.00	34.00
832.00	740.00	55.00	34.00
834.00	741.00	54.00	33.00
839.00	743.00	54.00	33.00
842.00	744.00	54.00	33.00
847.00	746.00	54.00	33.00
850.00	747.00	54.00	33.00
854.00	748.00	54.00	33.00
859.00	750.00	53.00	32.00
865.00	752.00	53.00	32.00
865.00	752.00	54.00	33.00
870.00	752.00	55.00	34.00
873.00	754.00	54.00	33.00
878.00	757.00	55.00	33.00
881.00	758.00	54.00	33.00
887.00	759.00	53.00	32.00
888.00	760.00	54.00	33.00
893.00	761.00	54.00	33.00
899.00	762.00	53.00	32.00
903.00	763.00	53.00	32.00
904.00	764.00	54.00	33.00
910.00	765.00	54.00	33.00
913.00	766.00	55.00	33.00
918.00	766.00	55.00	33.00
921.00	765.00	55.00	34.00
926.00	767.00	54.00	33.00
930.00	768.00	55.00	33.00
933.00	767.00	56.00	34.00
936.00	767.00	57.00	35.00
942.00	769.00	57.00	35.00
945.00	768.00	56.00	34.00
950.00	769.00	56.00	34.00
952.00	770.00	56.00	34.00
958.00	771.00	58.00	35.00
961.00	772.00	58.00	35.00
965.00	772.00	56.00	34.00
971.00	773.00	55.00	34.00
977.00	775.00	55.00	34.00
979.00	776.00	56.00	34.00
983.00	777.00	55.00	34.00
986.00	779.00	54.00	33.00
993.00	781.00	54.00	33.00
997.00	782.00	54.00	33.00
1002.00	784.00	53.00	32.00
1003.00	784.00	54.00	33.00
1011.00	787.00	54.00	33.00
1014.00	788.00	54.00	33.00
1019.00	790.00	53.00	32.00
1022.00	792.00	52.00	31.00
1027.00	793.00	53.00	32.00
1033.00	795.00	53.00	32.00
1034.00	795.00	54.00	33.00
1039.00	797.00	53.00	32.00
1044.00	797.00	54.00	33.00
1047.00	798.00	55.00	33.00
1051.00	799.00	54.00	33.00
1054.00	800.00	54.00	33.00
1060.00	801.00	54.00	33.00
1065.00	802.00	53.00	32.00
1067.00	802.00	54.00	33.00
1071.00	803.00	55.00	33.00
1077.00	803.00	56.00	34.00
1080.00	804.00	56.00	34.00
1083.00	804.00	56.00	34.00
1086.00	805.00	57.00	35.00
1093.00	807.00	58.00	35.00
1096.00	806.00	59.00	36.00
1100.00	808.00	59.00	36.00
1102.00	808.00	60.00	36.00
1108.00	809.00	61.00	37.00
1113.00	811.00	61.00	37.00
1116.00	812.00	61.00	37.00
1118.00	811.00	62.00	38.00
1126.00	814.00	61.00	37.00
1129.00	815.00	60.00	36.00
1134.00	817.00	61.00	37.00
1137.00	817.00	61.00	37.00
1144.00	819.00	61.00	37.00
1149.00	820.00	59.00	36.00
1150.00	821.00	61.00	37.00
1157.00	822.00	59.00	36.00
1164.00	824.00	59.00	36.00
1167.00	825.00	59.00	36.00
1169.00	827.00	60.00	36.00
1174.00	827.00	59.00	36.00
1182.00	829.00	59.00	36.00
1186.00	831.00	58.00	35.00
1190.00	832.00	58.00	35.00
1194.00	833.00	56.00	34.00
1203.00	834.00	55.00	34.00
1206.00	835.00	56.00	34.00
1210.00	836.00	55.00	34.00
1212.00	836.00	56.00	34.00
1222.00	838.00	55.00	34.00
1225.00	840.00	54.00	33.00
1228.00	840.00	55.00	34.00
1232.00	842.00	54.00	33.00
1238.00	842.00	55.00	34.00
1242.00	843.00	56.00	34.00
1245.00	843.00	56.00	34.00
1248.00	843.00	57.00	35.00
1253.00	842.00	56.00	34.00
1255.00	842.00	56.00	34.00
1257.00	842.00	56.00	34.00
1260.00	843.00	55.00	33.00
1266.00	841.00	55.00	34.00
1268.00	842.00	56.00	34.00
1270.00	842.00	56.00	34.00
1274.00	844.00	55.00	33.00
1280.00	845.00	55.00	33.00
1283.00	844.00	55.00	34.00
1284.00	845.00	56.00	34.00
1288.00	846.00	55.00	33.00
1295.00	847.00	55.00	33.00
1297.00	846.00	55.00	34.00
1301.00	846.00	55.00	34.00
1303.00	847.00	55.00	33.00
1311.00	847.00	55.00	33.00
1314.00	847.00	54.00	33.00
1317.00	847.00	55.00	33.00
1320.00	847.00	54.00	33.00
1327.00	847.00	55.00	33.00
1330.00	847.00	54.00	33.00
1333.00	847.00	54.00	33.00
1336.00	848.00	54.00	33.00
1346.00	849.00	53.00	32.00
1347.00	849.00	54.00	33.00
1350.00	849.00	55.00	33.00
1353.00	849.00	55.00	34.00
1361.00	851.00	55.00	34.00
1365.00	852.00	54.00	33.00
1371.00	854.00	53.00	32.00
1374.00	855.00	53.00	32.00
1382.00	858.00	52.00	31.00
1387.00	860.00	50.00	31.00
1390.00	860.00	50.00	31.00
1391.00	861.00	52.00	31.00
1400.00	862.00	52.00	31.00
1403.00	862.00	53.00	32.00
1406.00	862.00	52.00	32.00
1409.00	864.00	53.00	32.00
1415.00	865.00	54.00	33.00
1420.00	866.00	53.00	32.00
1419.00	868.00	52.00	32.00
1410.00	854.00	53.00	32.00
1420.00	834.00	52.00	31.00
1421.00	828.00	50.00	31.00
1445.00	825.00	51.00	31.00
1409.00	824.00	52.00	32.00
1406.00	810.00	53.00	32.00
1412.00	810.00	53.00	32.00
1415.00	810.00	52.00	31.00
1420.00	810.00	53.00	32.00
1433.00	809.00	53.00	32.00
1439.00	805.00	52.00	32.00
1445.00	804.00	51.00	31.00
1449.00	802.00	52.00	32.00
1459.00	802.00	52.00	32.00
1468.00	802.00	51.00	31.00
1475.00	802.00	51.00	31.00
1481.00	802.00	50.00	31.00
1494.00	802.00	49.00	30.00
1501.00	803.00	49.00	29.00
1510.00	804.00	48.00	29.00
1515.00	804.00	48.00	29.00
1526.00	805.00	49.00	29.00
1533.00	805.00	48.00	29.00
1539.00	806.00	48.00	29.00
1545.00	801.00	47.00	28.00
1552.00	793.00	46.00	28.00
1555.00	788.00	46.00	28.00
1561.00	788.00	46.00	28.00
1568.00	789.00	46.00	28.00
1582.00	789.00	47.00	28.00
