737.00	80.00	361.00	172.00
733.00	81.00	364.00	173.00
730.00	84.00	364.00	173.00
728.00	83.00	368.00	175.00
725.00	81.00	375.00	178.00
723.00	83.00	375.00	178.00
724.00	85.00	368.00	175.00
721.00	83.00	375.00	178.00
717.00	83.00	379.00	180.00
715.00	85.00	371.00	177.00
710.00	85.00	375.00	178.00
709.00	88.00	371.00	177.00
709.00	90.00	364.00	173.00
711.00	90.00	361.00	172.00
713.00	91.00	357.00	170.00
710.00	92.00	357.00	170.00
708.00	94.00	361.00	172.00
704.00	94.00	368.00	175.00
702.00	93.00	375.00	178.00
702.00	98.00	368.00	175.00
701.00	102.00	364.00	173.00
697.00	101.00	368.00	175.00
695.00	99.00	375.00	178.00
693.00	99.00	375.00	178.00
694.00	98.00	371.00	177.00
691.00	94.00	379.00	180.00
696.00	94.00	371.00	177.00
693.00	96.00	368.00	175.00
695.00	92.00	375.00	178.00
697.00	93.00	371.00	177.00
693.00	91.00	379.00	180.00
698.00	86.00	371.00	177.00
693.00	79.00	379.00	180.00
691.00	74.00	379.00	180.00
687.00	72.00	387.00	184.00
682.00	64.00	394.00	188.00
682.00	64.00	394.00	188.00
677.00	70.00	390.00	186.00
681.00	72.00	383.00	182.00
675.00	63.00	390.00	186.00
671.00	62.00	398.00	189.00
670.00	54.00	390.00	186.00
670.00	54.00	390.00	186.00
666.00	53.00	398.00	189.00
664.00	52.00	402.00	191.00
660.00	50.00	410.00	195.00
660.00	50.00	410.00	195.00
660.00	50.00	410.00	195.00
656.00	48.00	419.00	199.00
658.00	49.00	414.00	197.00
650.00	54.00	423.00	201.00
654.00	56.00	414.00	197.00
648.00	62.00	410.00	195.00
652.00	64.00	402.00	191.00
643.00	67.00	394.00	188.00
647.00	69.00	387.00	184.00
643.00	70.00	390.00	186.00
640.00	74.00	383.00	182.00
640.00	70.00	390.00	186.00
639.00	70.00	387.00	184.00
640.00	68.00	387.00	184.00
639.00	71.00	379.00	180.00
637.00	70.00	383.00	182.00
637.00	70.00	383.00	182.00
633.00	68.00	390.00	186.00
634.00	64.00	394.00	188.00
630.00	63.00	402.00	191.00
626.00	61.00	410.00	195.00
626.00	61.00	410.00	195.00
627.00	54.00	419.00	199.00
623.00	52.00	427.00	203.00
618.00	50.00	436.00	207.00
625.00	45.00	440.00	209.00
625.00	45.00	440.00	209.00
623.00	44.00	444.00	211.00
625.00	45.00	440.00	209.00
623.00	44.00	444.00	211.00
628.00	40.00	453.00	216.00
632.00	43.00	444.00	211.00
632.00	43.00	444.00	211.00
632.00	43.00	444.00	211.00
634.00	44.00	440.00	209.00
632.00	43.00	444.00	211.00
636.00	45.00	436.00	207.00
634.00	44.00	440.00	209.00
634.00	31.00	449.00	214.00
629.00	29.00	458.00	218.00
627.00	28.00	462.00	220.00
627.00	28.00	462.00	220.00
622.00	26.00	472.00	225.00
622.00	26.00	472.00	225.00
625.00	27.00	467.00	222.00
620.00	25.00	476.00	227.00
620.00	25.00	476.00	227.00
615.00	23.00	486.00	231.00
615.00	23.00	486.00	231.00
620.00	25.00	476.00	227.00
615.00	23.00	486.00	231.00
613.00	21.00	491.00	234.00
610.00	20.00	496.00	236.00
608.00	19.00	501.00	238.00
610.00	20.00	496.00	236.00
605.00	18.00	506.00	241.00
595.00	8.00	506.00	241.00
600.00	10.00	496.00	236.00
595.00	8.00	506.00	241.00
590.00	5.00	516.00	246.00
590.00	5.00	516.00	246.00
585.00	3.00	526.00	251.00
582.00	2.00	532.00	253.00
577.00	-1.00	542.00	258.00
577.00	-1.00	542.00	258.00
582.00	2.00	532.00	253.00
580.00	0.00	537.00	256.00
577.00	-1.00	542.00	258.00
574.00	-2.00	548.00	261.00
574.00	-2.00	548.00	261.00
572.00	-3.00	553.00	263.00
569.00	-5.00	559.00	266.00
569.00	-5.00	559.00	266.00
563.00	-7.00	570.00	271.00
563.00	-7.00	570.00	271.00
566.00	-6.00	564.00	269.00
563.00	-7.00	570.00	271.00
566.00	-6.00	564.00	269.00
572.00	-3.00	553.00	263.00
574.00	-2.00	548.00	261.00
572.00	-3.00	553.00	263.00
572.00	-3.00	553.00	263.00
569.00	-5.00	559.00	266.00
569.00	-5.00	559.00	266.00
566.00	-6.00	564.00	269.00
566.00	-6.00	564.00	269.00
566.00	-6.00	564.00	269.00
560.00	-9.00	576.00	274.00
563.00	-7.00	570.00	271.00
557.00	-10.00	582.00	277.00
557.00	-10.00	582.00	277.00
563.00	-7.00	570.00	271.00
557.00	-10.00	582.00	277.00
555.00	-12.00	587.00	280.00
555.00	-12.00	587.00	280.00
560.00	-17.00	587.00	280.00
560.00	-17.00	587.00	280.00
554.00	-19.00	599.00	285.00
551.00	-21.00	605.00	288.00
557.00	-18.00	593.00	282.00
562.00	-15.00	582.00	277.00
562.00	-18.00	593.00	282.00
565.00	-17.00	587.00	280.00
562.00	-18.00	593.00	282.00
565.00	-17.00	587.00	280.00
568.00	-17.00	599.00	285.00
568.00	-17.00	599.00	285.00
568.00	-17.00	599.00	285.00
566.00	-24.00	611.00	291.00
566.00	-24.00	611.00	291.00
560.00	-27.00	623.00	297.00
566.00	-24.00	611.00	291.00
560.00	-27.00	623.00	297.00
560.00	-27.00	623.00	297.00
563.00	-26.00	617.00	294.00
563.00	-26.00	617.00	294.00
563.00	-24.00	605.00	288.00
557.00	-29.00	611.00	291.00
557.00	-29.00	611.00	291.00
555.00	-30.00	617.00	294.00
550.00	-30.00	623.00	297.00
543.00	-34.00	636.00	303.00
540.00	-32.00	636.00	303.00
542.00	-26.00	623.00	297.00
533.00	-30.00	636.00	303.00
526.00	-33.00	649.00	309.00
529.00	-28.00	636.00	303.00
531.00	-28.00	630.00	300.00
524.00	-30.00	642.00	306.00
522.00	-29.00	649.00	309.00
521.00	-29.00	649.00	309.00
525.00	-27.00	636.00	303.00
525.00	-27.00	636.00	303.00
529.00	-27.00	630.00	300.00
528.00	-28.00	636.00	303.00
530.00	-27.00	630.00	300.00
535.00	-24.00	623.00	297.00
531.00	-26.00	630.00	300.00
532.00	-25.00	630.00	300.00
529.00	-26.00	636.00	303.00
524.00	-27.00	642.00	306.00
522.00	-27.00	649.00	309.00
515.00	-32.00	662.00	315.00
513.00	-34.00	669.00	318.00
520.00	-30.00	655.00	312.00
518.00	-32.00	655.00	312.00
520.00	-33.00	649.00	309.00
519.00	-33.00	649.00	309.00
520.00	-34.00	649.00	309.00
515.00	-36.00	662.00	315.00
509.00	-40.00	675.00	321.00
503.00	-45.00	689.00	328.00
504.00	-47.00	689.00	328.00
501.00	-49.00	696.00	331.00
500.00	-49.00	696.00	331.00
503.00	-48.00	696.00	331.00
500.00	-49.00	703.00	335.00
506.00	-45.00	689.00	328.00
506.00	-45.00	689.00	328.00
513.00	-38.00	675.00	321.00
504.00	-43.00	689.00	328.00
509.00	-38.00	675.00	321.00
511.00	-39.00	669.00	318.00
511.00	-42.00	669.00	318.00
510.00	-42.00	669.00	318.00
510.00	-44.00	675.00	321.00
517.00	-42.00	662.00	315.00
523.00	-38.00	649.00	309.00
523.00	-42.00	655.00	312.00
526.00	-44.00	655.00	312.00
527.00	-46.00	655.00	312.00
532.00	-44.00	642.00	306.00
532.00	-45.00	642.00	306.00
526.00	-50.00	655.00	312.00
526.00	-54.00	655.00	312.00
520.00	-59.00	669.00	318.00
521.00	-58.00	662.00	315.00
515.00	-63.00	669.00	318.00
508.00	-61.00	682.00	325.00
501.00	-64.00	696.00	331.00
493.00	-66.00	710.00	338.00
500.00	-61.00	696.00	331.00
498.00	-60.00	696.00	331.00
494.00	-61.00	703.00	335.00
493.00	-60.00	703.00	335.00
496.00	-58.00	696.00	331.00
492.00	-59.00	703.00	335.00
485.00	-60.00	717.00	341.00
493.00	-59.00	703.00	335.00
490.00	-61.00	710.00	338.00
489.00	-61.00	717.00	341.00
495.00	-59.00	710.00	338.00
496.00	-60.00	717.00	341.00
500.00	-60.00	717.00	341.00
502.00	-60.00	710.00	338.00
505.00	-61.00	710.00	338.00
502.00	-62.00	724.00	345.00
509.00	-58.00	710.00	338.00
514.00	-56.00	703.00	335.00
516.00	-57.00	703.00	335.00
521.00	-58.00	703.00	335.00
515.00	-63.00	717.00	341.00
517.00	-63.00	710.00	338.00
517.00	-66.00	724.00	345.00
521.00	-64.00	717.00	341.00
523.00	-64.00	717.00	341.00
525.00	-64.00	717.00	341.00
523.00	-66.00	717.00	341.00
519.00	-69.00	731.00	348.00
523.00	-66.00	724.00	345.00
525.00	-65.00	710.00	338.00
524.00	-65.00	710.00	338.00
530.00	-64.00	703.00	335.00
522.00	-68.00	717.00	341.00
515.00	-74.00	731.00	348.00
515.00	-73.00	724.00	345.00
514.00	-71.00	724.00	345.00
511.00	-71.00	724.00	345.00
513.00	-70.00	717.00	341.00
507.00	-73.00	731.00	348.00
508.00	-73.00	731.00	348.00
508.00	-76.00	739.00	352.00
518.00	-74.00	724.00	345.00
519.00	-73.00	724.00	345.00
515.00	-79.00	739.00	352.00
522.00	-73.00	724.00	345.00
516.00	-75.00	739.00	352.00
509.00	-74.00	746.00	355.00
504.00	-76.00	753.00	359.00
509.00	-73.00	746.00	355.00
512.00	-70.00	739.00	352.00
517.00	-67.00	731.00	348.00
506.00	-68.00	746.00	355.00
500.00	-70.00	761.00	362.00
506.00	-60.00	746.00	355.00
496.00	-62.00	761.00	362.00
497.00	-58.00	761.00	362.00
498.00	-56.00	761.00	362.00
494.00	-54.00	761.00	362.00
495.00	-53.00	753.00	359.00
489.00	-54.00	769.00	366.00
497.00	-47.00	753.00	359.00
504.00	-43.00	739.00	352.00
506.00	-42.00	739.00	352.00
513.00	-37.00	731.00	348.00
509.00	-41.00	746.00	355.00
516.00	-38.00	739.00	352.00
512.00	-37.00	746.00	355.00
514.00	-35.00	746.00	355.00
513.00	-36.00	753.00	359.00
512.00	-34.00	761.00	362.00
514.00	-35.00	761.00	362.00
513.00	-35.00	761.00	362.00
511.00	-37.00	769.00	366.00
515.00	-35.00	761.00	362.00
515.00	-38.00	761.00	362.00
512.00	-41.00	769.00	366.00
506.00	-46.00	776.00	370.00
502.00	-45.00	776.00	370.00
494.00	-50.00	792.00	377.00
491.00	-54.00	800.00	381.00
486.00	-56.00	808.00	385.00
491.00	-54.00	792.00	377.00
481.00	-57.00	808.00	385.00
475.00	-59.00	816.00	388.00
482.00	-58.00	800.00	381.00
489.00	-56.00	784.00	373.00
485.00	-59.00	792.00	377.00
485.00	-60.00	792.00	377.00
489.00	-61.00	792.00	377.00
488.00	-62.00	800.00	381.00
488.00	-64.00	800.00	381.00
490.00	-65.00	800.00	381.00
489.00	-65.00	800.00	381.00
490.00	-63.00	800.00	381.00
482.00	-69.00	816.00	388.00
485.00	-67.00	808.00	385.00
481.00	-68.00	816.00	388.00
485.00	-62.00	800.00	381.00
475.00	-65.00	816.00	388.00
466.00	-67.00	824.00	392.00
467.00	-64.00	816.00	388.00
462.00	-65.00	824.00	392.00
468.00	-63.00	808.00	385.00
473.00	-63.00	800.00	381.00
482.00	-61.00	784.00	373.00
483.00	-60.00	784.00	373.00
484.00	-62.00	784.00	373.00
484.00	-59.00	784.00	373.00
477.00	-60.00	792.00	377.00
486.00	-58.00	776.00	370.00
494.00	-55.00	761.00	362.00
482.00	-59.00	776.00	370.00
475.00	-63.00	792.00	377.00
474.00	-63.00	792.00	377.00
486.00	-63.00	776.00	370.00
477.00	-69.00	792.00	377.00
486.00	-69.00	776.00	370.00
482.00	-71.00	784.00	373.00
476.00	-73.00	792.00	377.00
475.00	-73.00	792.00	377.00
467.00	-76.00	808.00	385.00
475.00	-72.00	792.00	377.00
469.00	-74.00	800.00	381.00
471.00	-73.00	800.00	381.00
465.00	-75.00	808.00	385.00
460.00	-76.00	816.00	388.00
460.00	-76.00	816.00	388.00
456.00	-77.00	824.00	392.00
463.00	-75.00	808.00	385.00
468.00	-77.00	800.00	381.00
463.00	-80.00	808.00	385.00
461.00	-85.00	808.00	385.00
458.00	-85.00	808.00	385.00
461.00	-86.00	800.00	381.00
464.00	-85.00	792.00	377.00
463.00	-87.00	792.00	377.00
456.00	-89.00	800.00	381.00
450.00	-96.00	816.00	388.00
458.00	-95.00	808.00	385.00
459.00	-97.00	808.00	385.00
466.00	-94.00	800.00	381.00
462.00	-98.00	816.00	388.00
459.00	-103.00	832.00	396.00
458.00	-108.00	841.00	400.00
469.00	-104.00	824.00	392.00
465.00	-106.00	832.00	396.00
466.00	-108.00	832.00	396.00
470.00	-103.00	816.00	388.00
481.00	-101.00	800.00	381.00
488.00	-98.00	784.00	373.00
483.00	-100.00	792.00	377.00
487.00	-96.00	776.00	370.00
481.00	-100.00	792.00	377.00
481.00	-99.00	792.00	377.00
483.00	-97.00	784.00	373.00
480.00	-100.00	800.00	381.00
488.00	-98.00	792.00	377.00
486.00	-100.00	800.00	381.00
493.00	-97.00	784.00	373.00
493.00	-97.00	784.00	373.00
500.00	-96.00	776.00	370.00
504.00	-94.00	769.00	366.00
499.00	-96.00	776.00	370.00
500.00	-98.00	776.00	370.00
501.00	-102.00	776.00	370.00
506.00	-99.00	761.00	362.00
508.00	-99.00	761.00	362.00
515.00	-97.00	753.00	359.00
521.00	-96.00	753.00	359.00
522.00	-97.00	761.00	362.00
520.00	-98.00	769.00	366.00
518.00	-99.00	776.00	370.00
519.00	-102.00	776.00	370.00
531.00	-99.00	761.00	362.00
522.00	-104.00	776.00	370.00
518.00	-106.00	792.00	377.00
515.00	-108.00	792.00	377.00
522.00	-108.00	776.00	370.00
535.00	-107.00	769.00	366.00
539.00	-107.00	761.00	362.00
541.00	-106.00	753.00	359.00
543.00	-104.00	753.00	359.00
549.00	-102.00	739.00	352.00
542.00	-103.00	753.00	359.00
547.00	-99.00	739.00	352.00
548.00	-99.00	739.00	352.00
542.00	-100.00	753.00	359.00
529.00	-100.00	769.00	366.00
522.00	-102.00	776.00	370.00
522.00	-98.00	769.00	366.00
517.00	-99.00	776.00	370.00
520.00	-97.00	769.00	366.00
518.00	-99.00	769.00	366.00
521.00	-98.00	761.00	362.00
517.00	-101.00	769.00	366.00
514.00	-100.00	769.00	366.00
511.00	-101.00	776.00	370.00
507.00	-101.00	784.00	373.00
507.00	-101.00	784.00	373.00
506.00	-101.00	784.00	373.00
517.00	-97.00	769.00	366.00
509.00	-101.00	784.00	373.00
509.00	-103.00	784.00	373.00
508.00	-104.00	792.00	377.00
508.00	-107.00	800.00	381.00
519.00	-104.00	784.00	373.00
522.00	-105.00	776.00	370.00
524.00	-107.00	784.00	373.00
523.00	-107.00	792.00	377.00
520.00	-114.00	808.00	385.00
533.00	-109.00	792.00	377.00
552.00	-106.00	776.00	370.00
555.00	-108.00	784.00	373.00
563.00	-105.00	769.00	366.00
569.00	-107.00	784.00	373.00
573.00	-106.00	776.00	370.00
577.00	-105.00	792.00	377.00
569.00	-109.00	808.00	385.00
582.00	-103.00	808.00	385.00
592.00	-105.00	816.00	388.00
584.00	-109.00	832.00	396.00
589.00	-111.00	849.00	404.00
589.00	-111.00	849.00	404.00
589.00	-111.00	849.00	404.00
601.00	-115.00	866.00	412.00
593.00	-119.00	883.00	421.00
615.00	-117.00	875.00	416.00
606.00	-121.00	892.00	425.00
597.00	-125.00	910.00	433.00
608.00	-134.00	919.00	438.00
603.00	-136.00	929.00	442.00
608.00	-134.00	919.00	438.00
603.00	-136.00	929.00	442.00
603.00	-136.00	929.00	442.00
624.00	-135.00	919.00	438.00
637.00	-129.00	910.00	433.00
633.00	-132.00	919.00	438.00
637.00	-129.00	910.00	433.00
650.00	-120.00	892.00	425.00
641.00	-124.00	910.00	433.00
641.00	-124.00	910.00	433.00
632.00	-129.00	929.00	442.00
627.00	-123.00	929.00	442.00
627.00	-123.00	929.00	442.00
618.00	-127.00	947.00	451.00
608.00	-132.00	966.00	460.00
608.00	-132.00	966.00	460.00
618.00	-127.00	947.00	451.00
618.00	-127.00	947.00	451.00
604.00	-124.00	957.00	456.00
599.00	-126.00	966.00	460.00
589.00	-130.00	986.00	469.00
594.00	-128.00	976.00	465.00
594.00	-128.00	976.00	465.00
594.00	-128.00	976.00	465.00
589.00	-130.00	986.00	469.00
589.00	-130.00	986.00	469.00
594.00	-128.00	976.00	465.00
599.00	-126.00	966.00	460.00
599.00	-126.00	966.00	460.00
612.00	-123.00	966.00	460.00
602.00	-127.00	986.00	469.00
607.00	-125.00	976.00	465.00
597.00	-130.00	996.00	474.00
607.00	-125.00	976.00	465.00
602.00	-127.00	986.00	469.00
606.00	-132.00	1006.00	479.00
606.00	-132.00	1006.00	479.00
616.00	-127.00	986.00	469.00
621.00	-125.00	976.00	465.00
611.00	-130.00	996.00	474.00
601.00	-135.00	1016.00	484.00
601.00	-135.00	1016.00	484.00
591.00	-139.00	1036.00	493.00
596.00	-137.00	1026.00	488.00
586.00	-142.00	1046.00	498.00
591.00	-129.00	1046.00	498.00
596.00	-126.00	1036.00	493.00
601.00	-124.00	1026.00	488.00
601.00	-124.00	1026.00	488.00
611.00	-119.00	1006.00	479.00
601.00	-124.00	1026.00	488.00
596.00	-126.00	1036.00	493.00
617.00	-122.00	1036.00	493.00
612.00	-125.00	1046.00	498.00
607.00	-127.00	1057.00	503.00
612.00	-125.00	1046.00	498.00
607.00	-127.00	1057.00	503.00
607.00	-127.00	1057.00	503.00
607.00	-127.00	1057.00	503.00
607.00	-133.00	1036.00	493.00
617.00	-129.00	1016.00	484.00
607.00	-133.00	1036.00	493.00
607.00	-133.00	1036.00	493.00
602.00	-136.00	1046.00	498.00
612.00	-131.00	1026.00	488.00
622.00	-126.00	1006.00	479.00
637.00	-116.00	996.00	474.00
647.00	-111.00	976.00	465.00
657.00	-107.00	957.00	456.00
667.00	-93.00	938.00	447.00
672.00	-91.00	929.00	442.00
677.00	-89.00	919.00	438.00
681.00	-86.00	910.00	433.00
672.00	-91.00	929.00	442.00
698.00	-89.00	910.00	433.00
689.00	-94.00	929.00	442.00
680.00	-98.00	947.00	451.00
689.00	-94.00	929.00	442.00
694.00	-92.00	919.00	438.00
715.00	-90.00	910.00	433.00
724.00	-86.00	892.00	425.00
729.00	-95.00	910.00	433.00
738.00	-91.00	892.00	425.00
734.00	-93.00	901.00	429.00
738.00	-91.00	892.00	425.00
724.00	-101.00	910.00	433.00
733.00	-97.00	892.00	425.00
724.00	-101.00	910.00	433.00
713.00	-98.00	919.00	438.00
708.00	-100.00	929.00	442.00
699.00	-104.00	947.00	451.00
700.00	-96.00	929.00	442.00
701.00	-90.00	919.00	438.00
701.00	-90.00	919.00	438.00
691.00	-94.00	938.00	447.00
691.00	-94.00	938.00	447.00
696.00	-92.00	929.00	442.00
687.00	-96.00	947.00	451.00
680.00	-99.00	966.00	460.00
690.00	-94.00	947.00	451.00
699.00	-90.00	929.00	442.00
699.00	-90.00	929.00	442.00
697.00	-93.00	947.00	451.00
687.00	-98.00	966.00	460.00
697.00	-93.00	947.00	451.00
701.00	-91.00	938.00	447.00
711.00	-89.00	938.00	447.00
711.00	-95.00	947.00	451.00
705.00	-100.00	966.00	460.00
702.00	-107.00	976.00	465.00
702.00	-107.00	976.00	465.00
701.00	-114.00	996.00	474.00
707.00	-109.00	976.00	465.00
702.00	-111.00	986.00	469.00
712.00	-107.00	966.00	460.00
722.00	-102.00	947.00	451.00
731.00	-98.00	929.00	442.00
733.00	-99.00	947.00	451.00
733.00	-95.00	947.00	451.00
737.00	-93.00	938.00	447.00
733.00	-95.00	947.00	451.00
733.00	-95.00	947.00	451.00
723.00	-100.00	966.00	460.00
728.00	-98.00	957.00	456.00
737.00	-93.00	938.00	447.00
734.00	-94.00	929.00	442.00
735.00	-91.00	910.00	433.00
731.00	-94.00	919.00	438.00
734.00	-92.00	901.00	429.00
738.00	-89.00	883.00	421.00
731.00	-95.00	901.00	429.00
728.00	-101.00	910.00	433.00
719.00	-106.00	929.00	442.00
715.00	-107.00	938.00	447.00
711.00	-108.00	938.00	447.00
715.00	-107.00	929.00	442.00
712.00	-110.00	938.00	447.00
719.00	-110.00	929.00	442.00
721.00	-110.00	919.00	438.00
718.00	-107.00	919.00	438.00
725.00	-101.00	901.00	429.00
725.00	-100.00	901.00	429.00
718.00	-103.00	919.00	438.00
712.00	-107.00	938.00	447.00
711.00	-111.00	947.00	451.00
720.00	-107.00	929.00	442.00
722.00	-106.00	919.00	438.00
724.00	-104.00	910.00	433.00
730.00	-104.00	901.00	429.00
737.00	-103.00	883.00	421.00
730.00	-107.00	901.00	429.00
725.00	-111.00	910.00	433.00
729.00	-110.00	901.00	429.00
723.00	-113.00	910.00	433.00
728.00	-110.00	901.00	429.00
731.00	-110.00	901.00	429.00
728.00	-112.00	910.00	433.00
734.00	-109.00	901.00	429.00
725.00	-113.00	919.00	438.00
736.00	-109.00	901.00	429.00
737.00	-107.00	901.00	429.00
734.00	-113.00	919.00	438.00
737.00	-112.00	910.00	433.00
739.00	-112.00	910.00	433.00
745.00	-110.00	901.00	429.00
745.00	-109.00	901.00	429.00
749.00	-105.00	892.00	425.00
751.00	-104.00	892.00	425.00
748.00	-99.00	901.00	429.00
752.00	-95.00	892.00	425.00
754.00	-92.00	892.00	425.00
757.00	-88.00	892.00	425.00
759.00	-84.00	901.00	429.00
767.00	-81.00	883.00	421.00
760.00	-85.00	901.00	429.00
764.00	-76.00	892.00	425.00
762.00	-80.00	892.00	425.00
769.00	-74.00	883.00	421.00
766.00	-79.00	901.00	429.00
770.00	-74.00	892.00	425.00
779.00	-70.00	875.00	416.00
788.00	-67.00	866.00	412.00
796.00	-56.00	849.00	404.00
803.00	-53.00	841.00	400.00
806.00	-53.00	849.00	404.00
816.00	-54.00	832.00	396.00
818.00	-58.00	824.00	392.00
820.00	-59.00	824.00	392.00
825.00	-58.00	808.00	385.00
821.00	-59.00	824.00	392.00
821.00	-59.00	824.00	392.00
825.00	-57.00	824.00	392.00
818.00	-62.00	841.00	400.00
826.00	-63.00	824.00	392.00
823.00	-54.00	832.00	396.00
825.00	-52.00	832.00	396.00
825.00	-56.00	816.00	388.00
824.00	-51.00	824.00	392.00
819.00	-59.00	832.00	396.00
827.00	-44.00	824.00	392.00
826.00	-54.00	808.00	385.00
828.00	-44.00	792.00	377.00
828.00	-48.00	776.00	370.00
833.00	-47.00	761.00	362.00
829.00	-47.00	761.00	362.00
816.00	-53.00	776.00	370.00
813.00	-52.00	776.00	370.00
812.00	-48.00	784.00	373.00
809.00	-47.00	784.00	373.00
818.00	-47.00	769.00	366.00
821.00	-49.00	753.00	359.00
819.00	-53.00	769.00	366.00
821.00	-49.00	769.00	366.00
814.00	-54.00	784.00	373.00
813.00	-57.00	792.00	377.00
819.00	-54.00	784.00	373.00
820.00	-53.00	784.00	373.00
814.00	-54.00	800.00	381.00
813.00	-59.00	808.00	385.00
814.00	-60.00	824.00	392.00
815.00	-59.00	816.00	388.00
816.00	-62.00	824.00	392.00
811.00	-63.00	841.00	400.00
812.00	-65.00	849.00	404.00
819.00	-61.00	832.00	396.00
821.00	-61.00	824.00	392.00
824.00	-62.00	816.00	388.00
822.00	-64.00	816.00	388.00
821.00	-66.00	816.00	388.00
815.00	-68.00	832.00	396.00
817.00	-63.00	824.00	392.00
823.00	-57.00	808.00	385.00
820.00	-58.00	808.00	385.00
816.00	-57.00	808.00	385.00
816.00	-58.00	808.00	385.00
815.00	-58.00	816.00	388.00
820.00	-54.00	800.00	381.00
813.00	-61.00	816.00	388.00
812.00	-58.00	824.00	392.00
804.00	-60.00	841.00	400.00
