410	262	219	333
406	258	211	340
403	264	214	331
395	256	217	341
403	250	213	348
393	250	224	348
398	257	219	345
392	273	224	329
390	273	226	328
383	270	229	334
383	277	223	338
383	289	219	327
379	269	221	355
363	274	227	356
383	280	220	356
386	283	181	379
394	285	183	380
409	288	218	377
374	292	298	375
428	294	226	376
431	296	213	374
432	297	257	372
425	298	202	372
422	298	212	371
418	296	223	371
421	306	222	362
419	304	227	363
416	310	231	361
417	318	232	354
428	334	225	343
430	337	241	341
432	334	239	346
454	336	202	343
461	335	201	341
461	336	204	339
461	339	207	343
460	341	210	345
458	343	212	343
455	344	216	340
453	344	236	341
450	357	228	330
444	367	234	324
439	389	239	304
435	366	242	327
431	403	248	291
430	398	248	294
430	387	255	297
433	379	257	303
438	373	259	307
445	371	260	310
454	368	261	314
465	366	263	322
475	336	259	357
481	364	264	329
485	359	267	329
491	341	263	333
497	321	262	337
502	303	262	332
502	284	260	331
497	262	260	337
494	249	254	333
490	244	251	333
486	240	244	344
484	235	245	366
480	228	244	380
476	232	245	380
471	231	243	387
467	254	240	366
462	266	239	358
460	261	236	369
457	247	235	386
455	240	232	394
456	239	229	395
458	239	227	395
466	273	219	360
465	332	219	303
467	338	218	293
484	370	201	265
474	355	208	274
469	313	210	312
470	254	205	374
478	228	197	402
477	230	196	402
471	230	204	403
469	232	210	404
470	238	216	401
471	243	217	399
474	244	216	400
472	253	219	393
471	276	219	372
473	257	223	391
471	257	228	390
473	274	230	374
478	279	229	371
482	256	232	399
487	276	233	385
489	223	231	446
492	220	232	454
497	225	232	458
497	228	242	462
501	226	241	465
500	225	258	469
498	227	259	471
496	232	254	473
493	252	258	459
488	245	258	467
483	249	264	464
481	259	265	448
477	247	266	465
478	258	261	459
477	255	264	465
477	272	266	448
475	256	267	464
472	259	268	461
469	328	266	392
466	352	266	368
464	330	275	390
463	330	283	390
463	329	287	391
462	319	288	400
463	319	286	401
464	323	281	395
461	307	277	413
468	310	268	410
489	363	254	356
481	305	264	412
473	456	277	263
474	289	285	427
475	294	296	426
497	291	291	426
479	288	313	432
503	290	304	428
490	283	320	435
487	293	328	423
497	285	322	431
577	287	248	419
580	280	256	355
576	284	261	421
586	300	259	405
585	285	262	423
553	290	294	419
562	299	290	412
577	301	276	409
580	303	277	403
588	296	268	412
594	307	262	402
599	309	250	408
603	315	245	400
606	320	234	397
602	337	235	378
596	318	231	398
588	373	233	341
581	329	236	354
571	320	240	379
560	318	244	331
553	309	247	352
550	303	246	358
552	334	239	332
553	311	239	355
590	298	199	371
557	292	233	374
561	296	230	375
564	298	231	375
570	296	227	381
576	295	226	370
570	301	237	383
566	308	240	380
588	306	226	386
589	289	227	411
590	293	231	413
592	290	230	413
591	303	232	408
565	309	258	409
564	317	262	403
69	22	756	698
534	323	294	397
537	322	285	398
561	323	258	397
578	325	237	395
573	334	242	386
567	334	239	345
566	327	241	367
562	336	251	384
558	319	277	401
554	320	292	392
550	329	303	371
543	339	315	370
534	339	329	355
527	332	345	362
525	347	343	339
522	349	241	325
519	293	244	372
519	276	246	398
523	354	334	326
529	358	322	317
529	353	325	325
544	354	316	329
549	351	315	339
558	347	306	350
565	341	299	359
573	348	195	354
573	347	297	356
573	344	286	356
575	338	237	358
576	341	262	346
575	341	264	343
572	340	273	339
571	339	268	338
575	338	258	335
575	337	273	336
583	336	258	332
577	335	248	338
567	333	251	374
559	332	214	362
553	329	235	371
550	329	244	377
556	326	233	381
562	329	221	377
555	344	212	360
546	340	214	358
535	326	220	386
523	317	232	383
518	318	295	397
511	324	236	378
506	324	265	374
510	329	237	374
515	324	237	367
529	319	242	362
539	321	235	347
543	247	230	408
538	259	234	346
528	246	229	347
513	249	194	331
557	301	170	269
553	311	177	254
542	255	189	311
510	247	219	327
513	287	212	292
512	253	194	337
516	258	192	340
519	268	186	340
502	266	203	343
529	275	178	344
534	285	177	342
535	287	173	345
524	292	177	342
523	361	238	280
519	309	189	334
519	297	216	347
520	283	189	363
521	283	230	367
524	284	193	365
526	289	199	372
524	290	205	379
523	285	192	393
526	283	175	404
528	279	198	408
533	361	213	319
535	366	228	302
532	374	240	299
530	377	243	292
525	374	243	286
514	369	247	283
509	374	252	263
508	349	242	280
476	311	277	338
473	297	274	346
502	382	233	261
472	321	260	312
471	355	256	205
469	349	245	161
475	358	196	124
488	353	153	93
0	0	1	1
0	0	1	1
594	480	70	111
637	362	113	103
0	0	1	1
549	472	128	146
554	479	117	123
555	471	125	137
558	449	148	164
572	354	197	260
562	475	149	149
559	481	152	145
562	481	144	151
560	483	153	150
562	485	166	151
558	491	154	153
556	482	165	143
549	481	176	137
553	476	166	144
554	482	158	138
556	440	180	181
560	439	175	185
553	436	185	186
562	432	180	179
562	440	182	170
566	445	179	171
561	446	183	175
558	451	185	171
565	451	179	168
562	443	183	167
562	441	188	174
563	442	190	168
567	443	188	190
567	445	188	179
568	444	189	184
569	446	195	167
570	449	201	166
574	453	193	160
580	458	190	154
573	463	197	156
567	468	206	157
565	471	208	173
559	474	212	176
555	474	214	162
557	477	208	160
555	474	218	160
562	474	209	155
616	473	156	134
622	470	157	164
628	463	154	138
589	462	202	154
597	461	200	156
605	461	198	153
651	459	160	162
652	458	167	164
653	455	161	159
650	456	165	144
606	454	206	152
602	453	210	158
603	401	210	204
590	395	213	225
581	392	216	232
587	392	201	227
582	389	198	230
566	386	207	236
577	390	192	240
598	446	172	181
602	449	169	171
557	440	217	174
559	439	219	175
561	431	236	181
566	428	234	185
569	420	236	196
573	434	236	189
576	440	236	183
576	445	234	184
574	426	235	206
570	441	230	191
566	431	230	205
561	433	235	205
555	435	237	204
552	427	233	214
548	422	232	217
543	418	232	208
549	419	225	208
553	425	217	200
554	435	185	190
556	437	188	187
559	449	185	174
574	319	192	300
587	309	176	312
617	418	161	225
590	295	183	348
625	404	152	240
620	405	155	239
604	371	175	270
595	364	182	271
619	352	152	277
619	349	155	279
618	343	156	282
602	340	172	283
598	342	168	278
599	335	171	284
606	318	164	299
600	324	171	287
612	281	155	325
611	268	158	332
612	269	160	327
602	305	170	285
604	310	165	266
605	309	169	253
606	309	160	241
606	305	158	247
604	301	158	249
600	253	162	295
597	274	167	275
593	256	167	298
588	222	168	333
586	223	172	333
587	224	165	337
585	223	161	328
585	221	155	301
578	217	154	310
579	213	149	313
567	211	156	308
561	212	155	304
556	213	157	306
550	229	162	285
536	224	175	285
540	222	168	297
539	219	165	299
531	222	170	294
524	222	172	291
363	222	328	299
366	217	321	302
364	259	320	251
383	216	295	286
435	200	239	301
543	206	132	298
526	229	142	274
429	230	241	287
444	247	229	268
537	231	147	285
542	262	137	261
543	272	142	251
545	280	139	246
546	281	141	253
560	281	129	256
562	273	125	264
565	277	118	261
558	271	116	258
553	257	113	257
536	247	120	262
178	241	472	342
527	233	122	258
479	229	165	263
523	229	118	260
504	230	135	264
497	234	143	268
492	237	150	268
494	244	151	265
492	245	153	270
495	237	150	273
479	236	163	277
491	237	152	283
496	231	149	295
497	236	152	290
498	245	153	286
494	271	154	259
465	255	176	289
471	271	160	261
457	264	168	269
446	286	172	249
436	289	174	252
423	263	180	283
414	268	181	279
412	265	176	294
400	237	189	341
434	272	145	314
405	280	177	314
373	286	206	313
377	289	199	306
359	262	209	338
390	321	174	280
335	316	223	291
372	332	184	277
317	309	230	302
311	307	234	307
306	313	241	312
311	322	243	317
314	335	245	313
312	336	253	321
313	327	255	333
323	324	251	334
338	327	247	329
353	322	243	332
353	324	248	330
356	305	246	348
356	289	250	360
354	281	253	361
366	275	239	364
371	268	241	363
376	283	238	344
386	309	219	311
374	289	244	324
379	306	234	299
377	303	243	300
386	301	239	304
382	292	243	307
386	287	239	308
387	288	239	304
396	287	237	304
403	285	236	310
399	291	243	301
399	284	245	301
399	275	242	306
398	274	242	301
398	273	243	288
399	257	242	295
401	248	241	288
413	197	235	335
425	195	228	320
428	224	231	286
431	219	238	285
438	167	233	337
445	182	224	323
444	167	228	335
441	202	230	295
444	163	231	332
447	208	230	291
425	213	251	287
432	219	242	282
428	230	249	275
430	239	247	269
434	242	244	261
434	242	242	264
449	249	227	259
449	239	228	266
452	239	229	265
455	247	231	261
462	250	230	260
464	265	228	249
470	269	227	247
470	270	228	246
475	271	222	242
476	266	225	234
462	256	246	224
461	245	251	218
512	232	205	212
509	216	224	212
488	206	247	210
512	200	182	208
528	201	186	202
525	206	194	196
541	208	178	193
512	204	219	196
524	218	228	178
530	205	211	187
563	199	214	185
558	191	205	182
576	108	248	254
590	175	202	181
584	90	256	263
584	87	284	267
583	93	288	265
583	96	263	265
581	178	206	184
587	180	203	181
593	169	190	193
599	97	274	264
600	99	256	264
604	95	257	271
610	94	280	275
621	91	253	267
624	85	261	268
629	81	241	267
636	87	220	258
643	160	156	185
645	82	231	264
655	85	237	265
659	91	220	262
659	137	167	216
665	90	212	257
664	125	151	215
652	121	149	215
648	109	147	221
643	158	145	173
637	118	150	217
634	117	154	215
633	111	153	211
657	133	122	189
653	132	131	187
650	124	139	196
645	117	124	196
633	71	143	228
607	93	126	207
601	40	149	245
601	77	166	207
604	72	163	209
605	64	176	212
599	57	171	218
601	54	187	224
591	50	194	225
600	49	181	225
597	51	180	220
590	42	177	225
579	39	190	223
574	36	193	225
573	29	172	229
562	22	195	232
559	16	201	232
557	12	205	235
561	11	198	237
558	10	201	239
556	11	202	238
556	9	203	241
557	12	194	240
560	21	177	240
567	31	176	248
572	46	182	246
572	45	177	249
563	38	179	249
555	25	185	253
555	32	180	246
561	32	180	254
570	34	171	260
570	33	174	258
568	21	176	259
567	11	170	264
567	6	178	265
567	5	174	266
562	3	181	269
560	9	183	266
566	11	178	266
562	15	180	267
567	19	176	269
572	23	174	270
569	23	176	269
571	24	177	269
579	28	171	270
587	39	164	269
614	60	149	281
617	91	160	276
604	116	174	277
594	138	186	279
585	155	190	274
581	152	189	276
574	150	190	276
578	158	185	272
577	167	186	265
564	161	195	268
562	145	192	272
588	133	162	273
596	141	157	268
600	147	152	264
598	145	147	265
591	153	146	259
584	154	144	261
580	157	143	262
579	163	142	263
580	170	141	262
578	169	141	262
581	168	138	262
580	168	138	264
584	172	134	264
587	177	132	266
587	183	131	264
593	199	132	251
593	204	134	247
599	199	129	246
590	193	131	242
547	196	175	237
539	194	184	240
542	198	181	237
538	202	185	236
535	201	181	232
530	199	181	229
577	197	131	228
563	194	137	226
548	194	150	225
505	189	190	228
499	188	190	225
496	180	187	226
493	182	193	220
493	182	193	220
495	179	196	223
497	179	197	218
537	172	157	220
540	161	149	220
488	152	199	219
487	146	198	218
490	142	196	215
488	140	199	216
490	143	198	217
491	149	201	214
531	150	161	216
529	151	164	211
500	137	187	215
510	123	166	214
502	115	164	217
500	122	164	217
456	139	210	216
458	152	207	210
454	160	208	211
448	168	212	210
446	176	213	209
447	182	211	210
452	190	209	206
454	194	207	206
459	196	206	204
471	200	205	203
485	205	204	201
488	201	206	202
489	199	202	201
