884	698	103	100
883	694	106	96
882	695	109	96
881	695	112	96
881	695	114	95
881	695	116	95
882	695	117	95
884	695	118	95
885	695	118	94
886	697	119	94
887	696	120	93
889	695	120	92
891	697	120	91
896	697	119	90
900	699	118	90
901	699	118	91
903	700	119	91
904	699	120	90
904	698	122	88
903	699	125	85
904	700	128	84
904	702	129	84
903	702	131	85
904	702	133	86
904	702	135	85
903	702	138	85
904	702	139	84
906	698	142	81
904	699	143	78
906	700	145	77
906	700	145	77
908	700	145	77
909	700	145	78
912	700	146	78
913	700	146	79
917	698	146	80
917	699	147	80
919	699	147	80
922	699	146	80
926	698	146	80
930	698	145	79
931	699	144	80
937	698	142	80
939	697	140	80
941	697	140	80
944	698	139	81
945	697	140	81
946	697	140	81
945	697	142	81
945	697	144	81
944	697	147	82
942	696	150	82
942	697	152	82
943	696	153	82
945	696	154	81
947	696	155	81
950	696	155	81
949	695	156	81
949	695	157	80
947	695	159	80
953	696	159	78
950	697	161	79
950	696	162	79
951	696	164	78
951	696	164	77
953	696	165	78
956	697	164	78
959	697	167	80
959	699	167	82
958	698	169	83
961	697	170	83
963	699	168	84
964	701	166	85
964	701	167	86
964	700	169	87
967	703	167	89
967	704	168	89
968	705	168	89
970	705	168	89
972	707	168	89
975	709	167	89
974	709	165	91
976	711	163	92
978	712	161	94
981	714	159	94
981	713	158	94
983	713	157	91
986	711	156	87
988	712	157	80
990	713	156	75
992	718	154	74
992	716	154	71
992	722	154	70
995	720	154	69
996	724	153	70
1000	723	151	69
1002	726	150	69
1005	725	149	69
1010	726	147	68
1012	729	146	68
1015	728	144	67
1017	732	143	67
1023	734	140	67
1027	734	137	66
1032	736	134	65
1035	737	131	65
1038	741	129	65
1042	742	128	65
1042	745	127	65
1043	747	126	66
1044	747	127	66
1045	749	127	66
1045	754	127	66
1045	757	127	67
1046	758	127	68
1046	763	129	69
1047	764	128	70
1046	765	129	70
1045	769	130	71
1044	770	129	70
1044	773	129	70
1044	774	129	71
1044	776	130	72
1043	778	129	72
1043	779	128	73
1044	781	126	73
1047	784	124	74
1048	785	122	76
1051	787	119	77
1055	787	116	78
1056	788	115	79
1061	792	111	80
1062	793	108	80
1064	796	106	81
1070	797	102	81
1068	800	100	83
1067	803	99	83
1071	803	97	85
1072	806	95	86
1073	808	93	87
1073	810	92	88
1073	813	91	89
1072	815	90	89
1071	818	89	90
1072	819	88	92
1072	819	87	94
1072	820	85	95
1074	820	83	96
1076	819	81	97
1075	817	80	101
1076	818	79	103
1077	817	78	104
1079	845	79	100
1077	847	79	98
1158	791	77	100
1159	794	77	100
1158	800	77	98
1155	806	78	97
1154	811	80	95
1151	813	81	95
1147	823	84	91
1143	824	86	91
1137	828	90	91
1140	828	91	90
1134	830	93	93
1123	829	96	94
1124	828	96	94
1125	828	97	95
1118	828	99	94
1108	827	103	96
1096	826	109	97
1094	825	114	98
1083	828	121	98
1077	827	125	100
1074	823	127	102
1076	822	129	104
1071	822	132	105
1070	821	133	107
1071	824	134	107
1070	821	134	109
1063	818	135	110
1064	815	136	112
1061	814	137	114
1062	814	138	115
1065	815	140	117
1062	814	141	118
1088	867	132	134
1093	866	123	157
1099	856	116	173
1101	849	114	182
1098	847	115	186
1098	841	117	188
1095	838	119	191
1095	840	121	191
1094	839	123	192
1102	838	121	193
1096	839	126	190
1118	842	120	188
1129	842	112	187
1141	840	104	191
1142	839	98	189
1146	840	96	187
1144	838	92	186
1145	837	93	185
1144	835	94	183
1137	834	97	181
1129	830	101	176
1115	831	111	171
1118	833	113	170
1121	832	114	171
1124	831	114	172
1109	831	120	168
1120	828	118	167
1135	827	111	168
1145	829	106	171
1148	821	102	173
1152	816	98	174
1158	813	94	174
1164	812	92	175
1166	809	88	175
1171	809	86	176
1177	808	85	177
1181	806	84	179
1188	794	87	181
1181	806	85	183
1184	801	85	185
1180	804	83	182
1181	800	84	182
1182	804	85	181
1178	805	83	179
1178	806	84	179
1177	804	85	177
1175	803	87	177
1174	804	87	178
1168	803	87	178
1170	805	89	179
1170	805	89	180
1168	805	89	181
1166	805	91	181
1162	808	91	184
1163	804	93	183
1159	805	94	183
1162	807	94	184
1162	802	96	182
1169	804	96	180
1173	805	96	179
1179	811	93	181
1183	812	91	181
1178	813	90	182
1184	812	89	183
1186	813	91	181
1184	814	89	181
1183	815	90	181
1182	817	90	179
1181	818	92	178
1179	817	94	175
1176	817	96	169
1176	818	98	167
1173	822	100	163
1170	825	103	163
1166	822	107	163
1164	822	110	164
1161	825	112	164
1161	825	114	165
1160	823	117	166
1159	827	118	166
1157	829	120	166
1156	828	122	166
1156	829	124	167
1157	830	126	168
1156	831	127	170
1158	832	127	171
1158	828	126	174
1161	829	125	177
1163	823	123	182
1174	827	118	185
1180	826	115	188
1181	824	113	190
1185	824	111	191
1187	825	109	192
1188	826	108	192
1190	828	108	190
1189	830	109	189
1190	831	110	188
1192	833	110	187
1193	834	112	186
1192	836	113	186
1195	839	115	185
1193	837	117	186
1193	838	119	185
1192	839	122	185
1189	840	125	184
1191	843	126	186
1188	843	130	186
1187	842	132	187
1188	838	134	186
1194	844	133	187
1193	843	134	186
1196	846	134	186
1198	847	133	187
1201	847	132	187
1205	856	133	189
1209	852	133	191
1212	850	131	192
1216	851	128	192
1220	853	125	193
1223	854	124	193
1229	859	124	193
1229	859	124	192
1230	863	127	191
1231	864	129	188
1227	859	128	186
1227	860	131	185
1227	862	135	183
1222	861	140	179
1224	862	140	175
1222	863	144	170
1220	860	146	164
1222	860	147	161
1223	860	147	159
1225	861	149	158
1227	861	153	156
1231	861	159	154
1232	859	163	153
1231	859	164	153
1245	861	166	154
1245	860	165	154
1247	859	165	155
1253	859	163	156
1263	859	158	159
1269	858	153	161
1275	858	148	161
1288	860	140	164
1298	858	132	167
1307	856	126	170
1314	854	122	172
1318	854	120	170
1323	852	117	171
1326	848	115	171
1330	848	114	171
1330	843	114	171
1332	843	114	169
1333	840	115	169
1336	839	115	170
1334	838	115	167
1335	838	114	166
1337	836	115	165
1337	834	114	165
1337	831	115	165
1336	833	116	165
1338	833	117	165
1340	831	118	167
1342	831	118	169
1344	830	117	170
1346	829	117	171
1350	828	116	171
1357	829	114	170
1364	827	110	171
1368	829	108	171
1373	825	106	171
1380	828	104	172
1381	828	105	175
1382	828	106	176
1384	826	108	177
1387	826	109	179
1388	827	112	182
1388	827	114	185
1391	828	115	188
1392	827	116	187
1396	823	117	183
1397	823	117	178
1401	823	118	173
1400	820	120	165
1402	822	121	156
1408	828	121	155
1408	826	120	154
1414	828	117	154
1418	830	116	155
1414	827	119	159
1421	825	119	162
1431	829	114	164
1436	827	111	169
1443	827	110	171
1447	828	110	173
1455	827	108	175
1464	830	106	172
1467	832	103	173
1471	833	103	171
1467	834	107	167
1469	837	109	164
1470	838	111	160
1454	832	121	157
1449	835	131	150
1440	832	139	146
1452	837	140	143
1466	843	133	147
1467	835	131	140
1470	837	131	134
1474	840	130	129
1477	843	127	126
1481	847	126	127
1479	850	126	130
1484	851	125	132
1481	850	126	134
1485	849	127	135
1490	850	125	138
1496	849	121	141
1501	848	119	143
1505	849	117	145
1510	848	115	146
1513	847	113	147
1517	848	111	149
1520	847	110	150
1523	846	109	154
1524	844	108	156
1531	838	105	153
1533	840	102	152
1530	837	101	150
1533	834	102	147
1528	827	104	141
1524	828	105	138
1518	831	105	137
1519	831	105	137
1521	830	106	137
1525	833	106	138
1529	830	103	141
1533	828	102	144
1537	830	99	147
1540	830	97	152
1545	830	94	158
1548	829	93	162
1546	827	90	165
1550	828	88	168
1549	826	83	171
1550	827	78	175
1552	828	74	176
1553	829	72	179
1556	828	71	180
1559	824	71	173
1556	827	71	170
1556	829	71	167
1555	831	71	165
1555	831	72	162
1554	833	72	159
1548	831	73	159
1545	832	74	155
1544	830	74	151
1541	832	75	148
1540	833	75	146
1539	834	74	145
1538	835	73	146
1539	833	72	147
1540	833	71	149
1539	833	69	150
1540	834	67	152
1540	833	67	153
1540	832	66	156
1538	832	66	157
1538	832	66	159
1538	832	66	161
1538	831	67	161
1536	830	67	163
1534	828	67	165
1536	827	67	164
1534	829	68	163
1533	827	69	162
1531	825	70	160
1529	824	71	158
1526	823	72	157
1515	819	75	157
1510	813	78	157
1501	809	81	161
1501	810	84	163
1482	803	95	161
1464	801	107	158
1448	802	120	157
1442	800	129	156
1433	799	138	156
1439	801	140	160
1428	798	145	161
1424	795	149	160
1427	795	150	160
1426	793	151	162
1426	791	152	164
1430	789	152	167
1431	788	153	167
1436	786	152	169
1442	783	149	171
1452	783	146	170
1459	783	140	174
1460	779	138	174
1460	779	138	175
1462	776	138	175
1460	775	138	175
1461	773	139	174
1461	771	139	173
1461	770	139	172
1461	768	140	171
1456	766	142	169
1454	765	144	170
1445	763	148	171
1453	761	144	174
1456	757	141	175
1460	756	138	176
1463	757	132	181
1462	752	129	181
1462	748	128	179
1463	746	127	177
1463	747	126	175
1464	745	125	175
1465	743	123	175
1465	741	123	174
1465	740	121	174
1465	739	121	173
1465	739	122	176
1464	740	122	180
1461	737	124	181
1458	739	126	187
1448	737	133	187
1445	737	136	185
1443	738	138	185
1445	736	138	186
1439	738	139	187
1436	730	141	178
1430	732	144	172
1431	733	144	169
1434	734	140	168
1434	737	135	171
1433	728	133	167
1436	729	129	165
1436	733	126	169
1436	733	123	172
1435	732	121	172
1430	725	121	170
1433	722	121	167
1426	715	124	163
1425	716	124	160
1422	716	126	157
1421	721	126	158
1419	722	126	161
1417	727	126	166
1417	730	126	171
1416	730	128	177
1414	728	125	185
1411	723	127	188
1411	721	128	191
1400	708	133	185
1393	708	138	182
1405	720	134	185
1392	707	136	187
1398	713	133	187
1389	701	135	186
1391	711	134	187
1378	695	134	187
1374	677	137	183
1367	673	139	179
1363	675	140	176
1360	672	141	174
1358	663	142	175
1353	664	143	176
1356	662	143	178
1357	665	143	179
1357	661	141	182
1364	662	139	186
1365	688	133	183
1375	687	128	181
1376	685	124	181
1377	690	121	177
1377	694	119	176
1377	694	117	175
1376	694	117	172
1371	694	116	170
1370	696	114	170
1366	691	113	166
1364	692	113	164
1361	691	113	161
1362	691	113	161
1358	689	114	158
1353	686	114	156
1359	689	116	154
1354	690	117	154
1352	689	118	153
1346	683	120	151
1347	691	123	150
1349	694	127	149
1342	695	130	148
1339	695	133	149
1336	696	136	150
1342	698	140	150
1335	695	143	147
1331	696	146	146
1329	696	147	144
1336	699	145	143
1337	698	144	142
1344	702	139	143
1340	703	136	144
1346	707	130	149
1340	700	130	149
1337	701	130	146
1333	698	130	144
1332	697	130	144
1329	700	131	144
1325	695	133	143
1322	696	134	143
1319	692	135	144
1316	689	136	144
1312	689	138	143
1309	689	141	142
1305	691	145	141
1302	693	148	142
1298	694	150	142
1297	690	152	143
1304	689	152	145
1307	689	150	147
1307	684	150	148
1304	682	150	149
1301	684	151	149
1300	682	152	147
1303	681	153	148
1304	681	153	149
1304	681	154	150
1306	679	154	152
1312	677	152	153
1313	676	149	156
1311	676	148	157
1310	679	148	155
1311	679	149	154
1305	680	152	152
1307	680	153	150
1305	678	155	149
1306	674	155	149
1302	672	157	150
1304	669	157	152
1302	666	160	152
1299	663	162	153
1296	663	165	154
1296	660	167	155
1294	658	169	154
1292	658	173	153
1298	659	177	151
1292	653	178	152
1294	654	181	151
1295	651	182	151
1293	652	183	151
1294	647	184	152
1298	648	184	151
1305	641	183	151
1301	643	184	149
1302	640	183	149
1301	641	184	148
1302	642	184	148
1302	673	187	143
1304	687	189	139
1305	680	191	134
1303	693	193	129
1296	685	195	126
1287	639	194	128
1288	635	192	131
1280	633	191	134
1284	645	193	135
1282	637	193	137
1273	636	193	139
1287	641	193	140
1284	643	194	142
1292	662	195	142
1285	647	197	144
1285	637	197	145
1289	645	197	146
1296	650	197	147
1293	646	196	149
1291	640	195	151
1293	637	195	153
1296	648	195	153
1294	659	195	154
1296	673	195	154
1299	684	195	153
1300	674	195	153
1304	690	195	152
1312	702	194	150
1316	709	192	148
1322	717	188	146
1323	710	185	143
1326	721	180	142
1324	707	178	139
1305	697	179	137
1301	689	179	137
1294	681	180	137
1284	660	181	138
1285	665	182	138
1275	640	182	138
1276	637	183	138
1273	636	184	138
1273	630	185	137
1275	647	186	138
1277	649	187	139
1278	653	188	141
1281	654	189	143
1282	654	190	144
1284	654	190	145
1286	638	190	145
1289	646	190	147
1296	651	190	148
1287	628	190	148
1290	637	190	148
1296	652	190	150
1305	662	189	151
1295	647	189	153
1302	656	189	154
1298	650	189	156
1304	649	189	157
1298	641	191	157
1304	641	192	158
1302	634	193	158
1296	635	195	158
1293	627	196	158
1302	633	196	158
1297	625	197	158
1296	622	197	158
1306	627	197	158
1314	629	197	158
1310	625	198	157
1310	621	198	157
1313	620	198	157
1320	619	198	157
1328	625	198	156
1326	625	198	155
1329	627	199	154
1335	628	199	153
1339	631	199	150
1339	630	199	148
1339	628	199	146
1337	627	200	144
1338	625	201	142
1336	623	201	141
1342	619	201	141
1339	619	201	140
1342	619	202	139
1348	615	202	139
1347	615	203	138
1350	615	203	137
1355	617	203	136
1355	617	204	135
1360	616	204	135
1360	612	204	134
1355	607	204	134
1368	608	204	133
1371	607	204	133
1355	603	204	132
1367	604	203	132
1378	606	204	131
1383	608	204	131
1388	609	204	130
1392	610	205	129
1392	603	206	128
1398	607	206	127
1400	606	206	126
1403	607	206	126
1404	605	206	124
1405	602	207	123
1408	604	207	123
1412	606	208	121
1404	599	209	121
1408	604	210	120
1398	597	211	120
1408	595	211	119
1410	595	213	119
1409	595	214	118
1409	595	215	118
1401	585	215	117
1412	591	216	117
1404	580	217	116
1408	575	217	116
1400	578	218	116
1407	570	218	116
1404	572	218	116
1410	567	218	116
1405	568	220	115
1405	566	220	115
1404	562	221	115
1408	561	221	115
1404	555	221	115
1402	556	221	115
1397	556	221	115
1403	555	221	115
1403	554	221	115
1395	549	220	115
1386	540	220	115
1383	537	220	115
1382	536	220	115
1382	534	220	115
1382	531	219	115
1383	529	219	115
1382	527	219	115
1387	522	219	115
1382	520	219	115
1387	522	219	115
1386	508	219	116
1388	496	218	116
1392	509	217	117
1391	499	216	118
1394	509	216	118
1398	496	215	119
1398	509	214	119
1403	496	213	120
1408	507	212	120
1410	494	210	121
1407	479	210	122
1409	489	209	123
1413	498	208	124
1412	490	207	125
1410	476	206	126
1418	485	204	128
1421	499	202	128
1421	489	201	129
1419	477	201	130
1421	486	200	130
1428	497	199	130
1431	482	198	131
1433	491	197	131
1432	477	196	132
1433	475	195	133
1433	470	194	134
1433	463	193	135
1434	456	192	136
1439	464	190	138
1440	456	189	139
1446	454	187	140
1448	454	184	142
1449	456	183	144
1455	455	178	149
1457	453	174	153
1462	452	169	158
1469	452	166	161
1470	454	163	164
1477	453	161	166
1472	451	159	169
1478	449	157	172
1479	447	156	174
1483	447	156	175
1488	447	154	176
1486	449	153	178
1500	452	151	180
1496	451	149	181
1508	446	147	184
1507	447	145	187
1508	445	143	188
1517	441	142	189
1513	440	141	190
1518	439	140	190
1521	439	140	190
1521	445	140	190
1520	441	140	190
1526	448	140	190
1529	453	140	189
1529	463	141	189
1533	461	141	189
1529	463	141	188
1523	468	141	188
1523	464	142	187
1520	470	142	186
1520	464	144	183
1515	464	146	180
1510	474	147	179
1510	472	148	177
1508	479	149	176
1508	472	150	175
1506	476	150	173
1508	473	151	172
1501	471	151	172
1499	475	152	172
1495	478	152	171
1493	481	152	171
1489	484	152	171
1489	482	153	170
1490	479	153	169
1493	480	153	169
1499	487	154	169
1503	493	154	169
1505	496	154	169
1506	501	154	168
1508	502	154	168
1507	504	154	168
1509	505	154	168
1512	506	154	168
1512	507	154	168
1510	510	154	168
1508	512	154	168
1511	516	154	168
1508	518	154	168
1508	521	154	168
1509	522	154	168
1508	525	154	168
1508	527	154	167
1512	531	154	167
1516	530	155	167
1521	534	155	167
1523	540	155	167
1519	544	155	167
1523	547	155	167
1528	552	155	167
1532	555	156	166
1540	558	156	166
1547	561	157	165
1550	565	157	165
1552	572	158	164
1560	578	158	164
1564	589	159	163
1562	587	159	162
1573	597	161	161
1572	605	162	159
1571	599	163	158
1573	608	164	157
1578	602	165	157
1580	612	166	155
1585	609	167	155
1593	619	168	153
1596	628	171	151
1604	625	172	150
1607	632	174	148
1611	632	179	144
1620	642	182	142
1626	640	184	140
1634	643	186	138
1645	647	187	137
1652	663	188	136
1656	661	191	133
1656	657	193	131
1648	648	196	129
1657	657	199	126
1662	669	202	124
1657	664	207	120
1663	674	210	116
1673	677	212	114
1680	690	214	112
1683	697	214	112
1687	691	215	110
1691	697	216	110
1694	694	216	110
1695	702	216	110
1692	699	218	110
1693	708	219	110
1692	705	221	110
1691	706	223	110
1698	707	223	110
1704	708	221	111
1706	710	219	111
1709	712	217	112
1711	714	216	113
1715	715	214	114
1711	717	212	115
1723	711	210	116
1721	711	208	117
1720	716	205	118
1730	717	201	120
