917	373	69	79
918	373	69	80
919	372	69	81
919	371	69	81
919	370	69	81
919	370	68	81
919	368	68	81
919	369	68	81
920	368	67	82
920	367	67	82
921	367	67	83
920	366	67	83
919	366	68	83
919	365	69	83
920	364	69	83
919	364	70	84
920	363	69	84
919	362	70	84
918	362	71	84
917	362	72	85
916	361	72	85
916	359	73	86
915	357	73	88
914	357	73	88
913	358	73	88
913	357	72	88
912	357	73	87
911	357	73	87
911	357	73	87
910	355	74	88
909	354	75	87
908	355	76	87
907	355	76	86
905	355	79	86
904	355	80	86
902	354	82	86
903	355	83	85
899	355	86	85
899	355	88	85
898	354	89	84
898	354	90	84
897	355	91	83
896	354	93	83
896	354	93	83
896	354	95	83
894	354	96	83
895	354	96	83
894	354	96	83
893	354	97	83
894	354	97	83
892	353	97	82
892	354	97	82
892	354	98	82
890	353	98	83
890	353	99	83
889	352	99	83
887	352	100	83
887	352	100	83
885	352	100	83
884	352	101	83
883	353	101	83
881	351	101	83
882	352	99	82
880	351	99	82
880	352	99	82
879	352	98	82
877	351	99	82
877	350	99	83
875	351	98	82
874	350	98	82
873	350	99	82
871	350	100	82
871	350	100	82
869	350	100	82
869	351	100	82
868	350	100	81
866	350	102	81
865	351	102	82
862	351	104	82
861	350	105	82
859	350	105	82
858	350	106	82
857	352	106	82
856	352	108	82
854	352	108	82
853	353	108	82
851	354	109	82
849	353	110	82
848	355	110	82
846	354	111	82
845	355	111	83
843	356	113	83
842	356	113	83
843	356	113	84
841	357	112	84
840	357	112	84
839	358	112	84
837	358	112	85
836	359	112	85
834	359	112	85
833	360	113	84
832	360	112	84
830	361	112	84
828	361	112	84
826	361	112	84
824	362	112	83
824	363	112	83
821	363	112	83
820	364	112	83
819	364	112	83
817	364	113	83
816	365	112	83
816	366	113	83
815	366	114	83
815	366	115	83
813	367	116	82
813	368	116	82
812	369	118	81
811	369	118	82
810	369	119	82
809	370	120	82
807	371	122	82
806	371	122	83
804	371	124	84
804	372	124	84
801	373	126	84
801	372	127	84
801	373	126	84
801	374	126	83
801	374	125	83
800	375	126	83
799	375	126	84
798	376	126	84
798	376	125	83
798	376	125	84
797	376	124	84
797	376	124	84
797	376	123	85
797	377	124	85
797	377	123	84
796	378	123	83
796	379	124	84
795	380	124	83
794	381	126	84
794	382	127	83
792	383	128	84
791	384	129	84
790	386	130	84
789	385	131	83
789	388	132	84
788	386	133	84
787	389	134	84
786	388	134	84
786	390	134	84
786	390	135	84
786	391	134	85
785	390	136	85
785	391	136	86
787	391	137	87
785	391	138	87
783	392	140	87
783	393	140	88
782	392	142	88
782	393	142	88
782	393	142	88
782	393	143	89
780	394	144	88
779	394	145	88
779	394	145	88
779	395	144	88
780	395	143	89
779	396	144	89
779	396	144	89
778	397	143	89
777	399	143	89
776	399	144	91
775	400	144	91
775	399	144	93
773	401	145	93
773	401	144	93
772	400	144	93
772	402	145	93
772	402	145	93
773	403	144	93
773	404	144	94
771	404	144	94
772	404	144	95
771	406	144	95
771	406	144	95
771	406	143	96
772	406	143	97
771	407	143	97
770	409	143	98
770	409	142	98
769	409	143	98
769	409	142	99
770	410	141	101
770	410	140	101
770	412	140	102
770	413	140	102
769	413	140	103
768	414	140	103
766	415	141	104
766	415	141	105
763	416	143	104
762	416	144	104
760	416	145	104
759	417	145	105
757	419	146	106
755	419	148	106
754	420	148	106
753	421	149	105
751	421	151	106
750	422	151	106
749	423	152	105
748	423	152	105
748	425	153	105
748	425	153	105
746	425	154	105
746	426	155	104
745	428	155	104
745	427	156	104
743	429	157	104
743	429	157	104
744	430	158	104
742	432	158	103
742	431	159	103
741	433	160	103
742	432	160	103
741	434	160	104
743	434	160	104
742	435	161	104
744	435	160	104
743	437	160	104
745	436	159	103
746	437	158	103
748	438	157	103
749	438	156	103
748	439	156	103
748	439	156	103
747	439	156	103
747	439	157	103
746	439	158	103
745	439	159	104
745	440	161	104
744	439	162	104
743	440	164	103
743	439	163	103
745	439	164	103
744	439	164	103
745	438	162	104
745	439	162	105
745	439	163	105
745	440	164	105
745	440	164	106
744	440	165	108
744	440	165	108
745	441	165	109
745	442	166	110
743	442	167	111
742	443	167	112
743	444	167	113
743	445	167	114
743	446	168	115
743	446	168	116
742	448	167	117
743	449	167	118
744	451	167	118
744	452	167	119
744	453	168	121
745	454	167	121
745	455	167	122
746	456	167	122
747	458	168	123
747	459	168	124
748	460	168	124
750	462	167	124
751	463	168	125
753	465	167	125
755	465	168	125
756	466	167	126
756	468	168	126
758	468	168	127
759	469	169	128
760	470	169	128
760	471	170	129
761	471	170	128
761	471	171	128
763	473	171	128
764	472	171	129
765	473	171	130
766	473	171	129
767	475	171	129
767	475	171	129
769	474	171	128
771	475	171	128
771	475	171	129
772	475	171	129
774	475	171	131
775	476	171	131
776	475	171	132
777	475	170	133
778	474	170	134
780	475	169	135
782	475	169	135
783	475	169	136
784	476	170	137
786	476	169	138
785	477	171	140
787	475	170	140
788	475	170	141
789	476	170	141
789	474	170	141
789	474	171	142
789	473	173	142
790	473	173	143
793	472	173	143
792	472	172	143
793	471	174	142
793	471	174	143
794	471	175	143
795	470	174	142
794	470	174	142
796	470	174	142
796	470	174	142
795	470	174	142
795	470	175	142
796	470	175	141
796	470	176	140
796	469	176	140
797	469	177	140
795	469	177	140
797	469	177	139
796	470	177	138
797	469	177	137
796	469	177	135
794	470	178	134
793	469	179	134
794	468	180	133
792	467	181	133
791	466	181	132
790	466	182	131
789	466	182	130
788	466	184	128
787	467	186	127
786	468	187	125
786	468	186	123
784	469	187	122
783	470	187	121
782	471	187	119
780	470	187	118
781	469	187	118
780	469	188	117
779	467	187	117
778	466	187	116
778	466	188	116
777	465	187	116
776	465	187	116
776	465	187	115
776	466	187	115
775	467	187	115
775	468	186	115
775	470	184	115
776	472	183	114
775	474	182	113
775	477	182	112
776	479	181	111
776	481	180	111
775	484	179	110
775	486	178	109
775	489	178	108
774	490	177	108
774	493	175	108
773	493	174	109
772	495	174	108
772	496	173	108
772	497	172	109
773	499	170	109
773	499	169	110
773	500	168	110
774	500	166	111
774	500	164	113
776	501	162	113
777	502	160	114
778	502	158	115
779	503	157	116
780	501	155	116
782	502	153	118
782	503	150	119
785	503	147	120
786	503	145	120
787	504	142	121
789	505	140	121
789	506	138	123
790	506	136	124
791	507	134	125
792	507	131	126
793	508	128	127
794	510	126	128
795	510	124	129
796	511	121	130
796	512	118	131
797	513	116	132
798	513	113	133
800	514	111	134
800	515	108	135
802	516	105	137
803	517	103	137
805	518	100	138
806	517	97	140
808	518	95	140
808	518	93	141
809	519	90	141
810	519	88	141
811	521	87	142
812	521	84	142
812	521	83	143
813	521	81	143
813	522	79	143
813	522	77	143
814	522	75	144
813	523	74	144
814	524	72	144
815	525	70	143
815	526	68	143
816	526	66	143
816	528	64	144
817	528	63	144
816	531	61	144
818	532	60	144
819	532	58	144
820	534	57	144
821	533	56	145
822	534	55	146
822	536	54	146
823	537	54	145
824	538	55	144
825	540	55	144
825	541	56	143
824	542	57	143
825	543	57	142
826	545	58	143
826	547	57	143
828	547	56	143
828	547	55	143
828	548	54	144
829	549	53	144
828	551	52	144
828	552	52	144
828	554	51	145
828	554	50	145
830	555	49	145
830	555	47	145
832	556	45	145
832	556	44	145
833	557	43	145
833	557	43	144
834	557	44	143
835	558	44	143
835	558	45	143
836	558	46	144
836	558	47	144
836	559	48	144
837	559	49	144
839	558	50	143
839	559	52	143
839	558	53	143
840	559	56	143
840	560	58	143
840	560	60	144
840	560	62	142
839	560	64	142
839	558	66	142
838	560	69	142
838	560	71	142
838	559	73	143
838	558	75	142
838	557	77	142
839	555	79	142
839	554	81	142
840	551	83	141
841	549	86	140
841	549	88	139
841	547	90	139
842	545	92	138
842	543	95	138
842	541	98	138
842	538	100	137
842	537	103	137
843	536	106	136
844	533	108	136
845	532	112	135
846	530	115	136
846	528	120	136
847	527	123	135
847	526	127	134
846	525	132	133
844	524	136	132
843	523	140	132
843	521	143	133
842	520	147	134
842	518	150	135
841	517	154	136
841	515	158	137
840	513	162	138
839	512	167	139
839	510	172	140
839	508	175	140
839	507	180	141
839	505	182	142
838	504	186	141
840	503	190	141
839	501	194	140
839	501	197	140
839	499	200	140
839	499	202	140
839	497	204	139
839	496	206	139
838	495	208	139
836	495	210	139
835	495	211	139
835	495	213	138
836	494	213	138
836	494	212	138
836	492	211	138
836	492	211	139
838	491	209	140
839	490	207	142
842	488	205	143
842	486	204	143
844	484	202	144
845	483	200	144
847	483	199	146
847	482	197	145
849	480	196	146
850	478	195	147
850	476	194	147
851	473	193	149
851	472	193	150
852	470	191	151
853	468	190	151
854	466	189	152
856	465	188	152
857	465	187	153
859	464	186	153
859	463	185	152
861	462	184	152
862	461	182	153
865	462	181	153
867	459	179	154
868	459	178	154
869	458	178	155
871	457	177	155
875	457	177	155
877	456	176	154
880	456	175	155
882	454	176	154
882	453	177	154
885	452	177	155
886	450	178	155
885	449	179	155
884	448	181	156
885	446	183	156
884	444	185	157
887	444	184	158
887	441	184	157
887	440	185	157
887	439	186	157
886	439	188	158
885	437	189	158
883	436	191	158
883	435	194	158
880	434	197	159
878	433	201	160
878	431	204	159
875	430	207	161
876	429	209	160
876	428	211	160
876	426	214	160
876	426	216	160
877	424	218	160
876	423	220	160
879	422	222	158
877	420	223	159
876	418	226	158
876	416	227	158
876	415	230	158
877	414	233	158
877	412	236	158
877	411	239	158
877	410	241	158
877	408	245	158
877	406	246	158
877	407	248	159
877	405	251	159
876	404	252	159
877	402	254	160
877	402	256	160
879	400	259	161
879	399	259	162
880	398	261	163
881	396	262	163
881	396	263	164
884	395	263	164
886	393	264	164
888	392	262	165
891	391	263	165
892	388	264	165
890	386	266	165
892	386	270	165
891	384	273	165
890	383	278	165
889	381	281	165
889	379	285	165
890	378	289	165
888	376	291	165
889	375	293	165
890	372	295	166
890	370	297	167
890	368	300	167
890	368	303	168
889	366	306	169
891	364	308	170
892	361	312	171
891	360	313	173
891	357	314	173
892	355	314	174
892	352	314	174
891	350	315	174
890	348	314	175
891	345	314	176
891	342	314	176
891	339	314	177
891	335	313	178
890	331	313	178
889	328	313	179
888	327	313	179
890	324	312	178
889	320	311	179
890	316	311	180
891	314	308	179
893	312	306	180
893	309	306	179
893	308	306	179
893	307	307	179
893	304	306	180
896	302	306	182
897	300	308	182
898	300	310	181
898	299	311	182
900	298	311	183
901	297	313	183
900	297	314	184
900	296	314	184
900	294	315	185
900	293	316	185
898	292	317	185
897	290	317	185
898	288	319	185
897	288	321	186
896	287	321	188
897	285	321	188
895	284	320	189
897	281	320	191
897	280	319	191
896	279	317	192
897	278	317	193
896	277	316	194
895	277	316	195
895	276	315	195
895	275	314	196
895	275	313	196
894	274	312	197
894	275	310	197
894	275	310	197
893	275	308	197
893	275	307	198
893	275	307	197
891	277	307	197
891	276	305	198
890	276	304	198
889	276	304	199
889	275	304	199
889	275	303	199
887	275	303	200
887	275	302	200
887	275	301	200
886	275	301	201
885	276	300	202
882	274	300	203
880	274	300	203
878	275	301	204
875	274	302	204
874	275	303	207
876	273	304	208
873	271	303	209
875	272	302	211
875	271	304	211
875	270	303	212
875	269	301	214
875	267	300	214
877	266	297	215
881	265	294	216
882	262	291	216
887	262	289	217
889	260	288	217
891	259	287	217
895	257	285	217
898	256	284	216
902	256	282	216
904	255	283	216
907	255	282	215
908	255	282	215
909	257	282	215
912	257	280	214
915	258	278	213
917	258	275	213
920	260	272	212
922	260	269	212
925	262	266	212
925	262	266	212
926	263	267	211
927	264	267	212
927	265	268	212
926	265	269	212
926	265	271	212
925	265	272	212
926	266	273	213
926	265	273	214
929	263	272	214
929	264	272	214
932	263	270	215
934	262	268	215
937	263	268	215
938	262	268	215
938	262	269	216
942	262	268	216
944	262	269	215
945	262	269	215
947	262	267	216
950	262	265	215
953	260	263	215
956	260	263	214
959	260	262	214
960	260	260	214
963	260	258	215
965	258	256	215
968	258	255	214
971	258	253	213
972	258	252	212
974	258	251	212
975	258	251	211
975	258	251	210
975	258	251	211
974	257	252	210
972	257	254	210
973	257	253	209
973	257	253	209
972	257	254	208
972	257	254	209
971	257	253	208
972	257	253	208
971	256	253	207
971	258	252	207
970	257	251	206
971	257	252	206
972	258	251	206
971	258	249	206
971	258	247	206
972	258	247	205
971	258	246	207
974	258	245	206
973	258	242	206
975	258	240	205
976	258	238	205
978	257	236	206
978	257	234	205
979	257	233	205
982	256	232	204
983	256	231	204
985	255	230	204
988	254	229	202
988	254	228	201
989	255	227	203
991	253	225	202
994	254	224	203
995	254	221	204
997	253	218	204
997	255	217	204
1000	254	216	204
1001	255	215	205
1000	257	215	205
1000	257	216	204
1000	258	214	205
999	259	215	204
999	259	217	205
998	260	218	204
996	260	220	204
995	260	222	205
995	261	223	204
993	262	224	204
991	262	224	204
991	262	225	205
988	262	225	207
990	261	223	206
991	261	222	206
992	261	223	206
990	260	223	207
992	260	222	207
994	258	221	207
995	257	219	207
999	258	219	207
1001	256	220	206
1002	257	219	207
1004	256	219	207
1008	257	218	208
1012	257	217	208
1013	257	216	208
1016	258	217	207
1017	259	216	207
1020	258	214	207
1023	260	213	206
1024	261	210	204
1024	262	212	202
1024	263	213	200
1022	264	215	199
1020	266	218	198
1017	268	220	198
1013	269	222	198
1011	270	224	198
1010	270	226	200
1007	270	228	200
1006	271	229	201
1005	271	230	203
1006	272	229	203
1002	272	228	204
1005	272	227	205
1005	274	226	206
1005	274	226	206
1005	275	226	206
1004	275	226	207
1003	275	226	207
1003	276	225	208
1004	277	224	208
1003	278	222	209
1004	277	219	211
1006	277	217	212
1009	277	215	212
1011	276	213	213
1013	276	210	214
1016	276	208	215
1019	276	205	215
1020	276	203	217
1023	276	201	219
1023	276	199	220
1025	276	197	220
1026	276	196	220
1027	275	195	219
1030	275	193	219
1031	274	192	219
1032	274	193	220
1031	272	192	221
1029	272	194	220
1027	270	195	219
1026	270	197	220
1023	269	199	219
1023	267	200	219
1019	265	202	219
1019	264	203	219
1016	262	204	221
1014	262	205	221
1011	262	203	223
1011	262	203	222
1011	261	202	223
1009	260	200	224
1007	258	199	225
1005	258	196	225
1006	256	195	225
1006	257	192	225
1007	256	190	224
1010	255	187	224
1010	256	186	223
1014	257	183	224
1013	256	179	224
1018	257	176	223
1021	256	172	223
1023	255	169	222
1023	254	167	221
1025	253	165	221
1026	252	163	220
1027	252	163	219
1027	253	163	218
1028	253	163	217
1027	254	164	216
1026	255	164	214
1023	255	165	214
1021	256	166	214
1021	256	167	213
1020	257	167	212
1018	258	168	212
1015	257	170	212
1014	259	172	211
1012	260	174	212
1010	260	176	211
1010	261	176	211
1010	261	175	211
1009	261	175	211
1008	261	175	212
1010	263	174	212
1010	263	172	213
1010	266	171	213
1008	266	170	214
1010	269	168	213
1013	269	166	213
1012	270	164	212
1012	271	163	212
1013	273	161	212
1014	274	160	213
1015	274	158	214
1017	276	156	214
1018	277	154	214
1020	276	150	215
1024	280	147	214
1025	280	144	213
1028	281	142	210
1029	283	139	208
1029	284	138	208
1032	285	136	207
1032	287	135	207
1034	288	134	207
1035	289	134	206
1035	290	134	205
1034	291	135	204
1033	292	136	204
1033	293	138	204
1030	295	140	203
1030	296	141	204
1027	298	144	204
1025	298	147	204
1025	302	148	203
1026	304	148	203
1025	306	148	203
1024	308	148	204
1023	310	149	204
1023	311	149	204
1023	313	148	203
1022	313	148	203
1022	315	149	204
1021	316	149	204
1021	317	149	204
1018	320	150	204
1020	321	149	204
1020	323	149	203
1021	322	148	204
1018	325	148	204
1019	326	147	204
1020	327	147	204
1021	328	145	205
1021	328	145	206
1023	329	143	207
1024	329	142	206
1025	330	141	206
1027	329	139	204
1030	330	137	204
1033	329	135	202
1034	331	134	200
1035	331	133	198
1036	331	132	196
1035	331	131	194
1034	332	132	193
1033	331	132	191
1029	331	134	191
1027	331	136	190
1024	331	138	188
1022	329	139	187
1018	330	140	184
1017	329	140	183
1015	329	142	183
1012	328	143	183
1010	328	144	184
1006	326	146	187
1003	326	148	187
1000	324	149	188
997	323	151	188
996	323	154	188
993	322	155	189
990	321	157	190
988	320	159	190
987	320	161	190
985	319	161	190
985	319	162	189
984	318	163	190
983	317	163	189
983	317	163	188
983	316	161	188
982	315	161	187
982	315	160	186
980	314	159	186
981	314	159	184
981	314	159	182
980	313	159	180
978	314	160	177
973	313	163	175
969	314	168	173
964	314	170	172
963	314	173	170
959	314	176	169
957	314	177	169
955	314	179	168
951	313	181	167
949	314	183	166
946	314	185	165
944	313	186	165
942	314	188	164
940	314	189	164
938	315	191	163
936	315	193	163
933	316	196	162
931	316	198	161
928	317	200	161
927	317	201	161
927	317	201	162
926	317	201	162
924	318	201	161
923	319	201	161
922	319	203	160
921	320	203	160
919	320	204	159
919	320	204	158
917	322	205	158
915	322	205	157
915	322	205	156
916	323	204	155
916	324	205	155
915	324	204	154
914	324	204	154
913	325	203	153
909	325	206	153
905	325	207	153
903	326	209	153
900	326	211	154
897	328	214	153
893	328	216	154
890	330	217	155
888	330	219	155
886	332	221	154
883	333	223	155
881	333	225	156
879	333	228	156
877	335	229	156
875	334	230	157
874	335	230	157
871	335	231	158
870	335	230	158
870	336	230	159
869	335	230	161
869	334	231	162
869	333	230	164
867	331	231	166
867	330	230	167
867	330	230	168
866	328	228	169
865	328	228	170
867	327	226	171
865	326	225	172
866	326	224	173
864	324	223	174
868	323	221	175
866	322	219	176
866	321	218	177
867	319	217	177
868	319	216	178
868	318	214	178
869	316	212	178
870	316	211	178
870	314	211	179
871	312	210	180
871	313	210	179
871	312	210	180
870	310	210	180
870	310	209	180
869	311	209	179
868	309	210	180
868	309	211	180
865	309	212	181
865	308	215	181
863	308	217	182
859	308	217	183
860	307	218	184
858	306	218	186
857	306	220	187
855	304	219	188
856	303	222	189
853	303	224	189
850	302	226	190
847	301	228	191
848	298	228	193
849	297	229	193
848	296	230	193
845	294	229	195
847	292	228	196
849	291	227	197
848	289	226	198
848	287	224	199
850	286	223	200
850	283	220	201
852	281	218	203
851	279	215	204
855	277	213	206
854	275	213	207
856	273	212	207
856	272	211	207
855	270	212	208
853	269	213	207
851	267	214	207
850	264	216	207
848	262	219	207
847	260	222	206
844	258	225	206
843	257	228	205
841	254	230	206
840	255	234	207
839	253	238	207
837	251	240	207
837	252	242	207
836	250	244	208
833	252	246	208
832	249	247	210
830	249	247	212
830	249	245	213
829	249	244	215
827	249	242	216
830	249	244	218
830	249	242	219
832	251	242	219
831	251	241	221
829	252	238	222
833	254	241	222
833	253	244	223
834	254	246	224
833	255	244	226
834	255	238	227
839	256	237	228
840	256	239	229
838	254	238	231
839	254	236	233
840	255	236	233
843	257	242	231
837	256	247	230
837	256	249	232
833	258	253	230
832	258	256	230
827	261	258	231
826	261	259	231
821	263	261	230
820	264	267	230
812	265	270	229
810	267	274	228
807	269	275	229
805	268	277	228
798	270	280	228
796	268	285	229
793	268	285	230
792	265	286	230
790	267	288	231
788	264	289	231
788	264	289	232
787	261	287	234
787	260	288	234
786	259	289	234
787	259	289	234
786	258	288	233
788	257	288	232
787	257	289	232
785	256	292	232
782	256	292	232
788	256	294	232
784	253	293	233
788	253	295	235
785	252	295	236
787	250	296	237
788	248	297	238
789	245	296	239
788	245	295	240
791	244	296	240
790	240	296	241
792	239	296	242
790	235	298	243
789	235	299	244
789	233	300	243
787	231	302	243
790	231	301	242
785	226	301	242
787	227	301	242
784	224	302	242
784	221	303	243
782	220	304	243
780	215	303	244
774	214	303	243
778	214	302	241
776	209	302	242
779	206	299	244
781	203	297	246
785	202	296	246
785	203	296	246
786	201	297	247
783	200	295	247
785	197	292	249
790	195	290	248
791	192	291	248
790	191	291	248
794	188	290	248
793	185	288	248
796	185	287	248
796	182	285	252
799	178	285	251
801	176	282	249
801	174	281	249
803	174	279	250
805	173	282	250
804	172	283	250
804	169	284	248
805	171	283	247
807	170	284	245
804	170	285	244
805	169	287	243
805	168	286	241
804	170	287	240
806	170	288	240
807	170	288	240
808	167	289	239
806	170	291	238
805	170	291	237
804	169	290	238
807	171	293	237
803	173	296	238
801	176	297	238
800	175	298	240
801	175	296	239
803	178	296	238
799	180	296	239
802	180	298	238
799	180	299	237
798	180	302	238
798	179	300	237
797	180	301	236
797	182	304	234
795	184	304	235
795	184	301	234
797	186	300	232
799	188	297	231
802	189	297	231
803	191	298	231
806	194	297	229
803	193	294	228
805	194	287	230
811	196	284	230
811	197	283	230
813	200	280	229
815	199	277	229
818	202	276	228
822	200	277	227
824	200	277	225
828	204	278	223
829	203	280	222
830	204	281	222
832	204	283	222
830	203	282	222
828	205	280	223
827	201	280	225
830	202	276	226
829	204	277	226
831	202	276	227
829	201	277	227
829	201	275	229
829	199	274	232
830	198	272	233
831	197	272	235
834	196	270	237
836	194	267	240
839	194	265	241
842	193	262	240
847	191	259	241
851	192	257	242
855	189	254	243
861	191	254	241
864	190	254	241
866	193	254	239
868	193	252	240
873	192	248	240
878	193	246	238
884	195	245	237
887	194	244	236
890	193	243	236
895	195	241	235
898	198	241	234
901	197	237	234
905	199	237	233
906	199	236	231
909	201	238	229
911	201	240	227
910	203	243	225
909	203	246	224
907	203	249	224
907	203	253	224
910	204	256	223
913	204	258	222
911	204	260	221
910	203	262	221
911	204	264	221
908	202	265	221
908	203	261	222
912	204	258	223
917	203	259	220
920	204	257	220
921	202	253	220
924	202	252	220
927	204	253	220
932	202	251	221
934	201	248	222
938	201	246	222
943	201	242	222
946	201	238	222
948	200	235	221
954	200	234	220
959	200	234	219
962	200	232	219
964	200	230	218
967	200	229	218
966	200	229	217
966	201	231	216
965	201	232	217
964	200	233	217
962	200	235	216
962	201	236	216
961	202	235	215
962	202	236	214
959	203	239	214
956	204	241	215
955	203	245	215
954	204	246	215
956	204	246	215
955	205	248	216
953	203	250	215
951	203	249	214
953	204	248	213
952	203	247	212
954	204	246	211
954	204	245	210
953	204	244	208
954	205	242	207
954	204	239	207
958	204	238	206
959	204	236	205
961	204	234	204
962	204	232	203
961	203	231	203
964	204	227	203
966	202	223	203
969	202	220	203
968	203	218	203
971	202	214	203
972	202	212	202
972	201	211	202
971	200	210	202
970	200	210	201
968	200	210	200
964	200	212	198
963	201	212	198
959	200	214	197
958	201	216	196
954	200	217	196
952	202	217	196
949	201	218	196
948	200	220	196
945	201	220	196
943	200	219	197
941	199	219	197
940	199	219	197
938	198	218	198
938	197	217	198
937	197	216	198
936	196	214	199
936	195	213	199
935	195	211	198
934	195	208	197
934	195	206	197
934	195	204	197
935	194	202	197
934	194	200	197
934	193	198	197
936	193	196	196
935	192	194	196
937	191	192	196
936	190	191	196
938	189	188	196
938	188	186	197
939	186	184	197
939	186	183	196
941	185	181	196
941	183	180	195
941	183	178	195
941	181	177	194
942	181	175	193
941	180	174	193
939	179	173	192
936	178	174	192
935	178	174	191
936	176	174	191
933	176	173	191
932	175	173	191
931	175	173	191
930	174	174	190
929	173	174	191
927	173	173	190
927	171	172	190
926	171	171	190
925	170	170	189
924	170	169	190
924	169	169	189
922	168	168	190
921	167	168	190
920	167	166	190
921	166	166	191
920	165	165	191
921	165	164	192
922	164	162	191
922	162	160	191
924	162	157	191
926	162	155	191
926	161	153	190
928	160	151	189
928	160	150	189
929	159	148	188
930	158	145	188
932	157	142	187
933	157	139	186
934	157	137	185
935	156	134	184
936	154	131	183
936	152	129	184
938	152	127	183
939	151	126	183
940	150	124	182
940	148	122	183
942	148	122	182
942	147	121	182
942	144	121	182
942	145	120	181
942	143	120	181
943	143	120	181
944	142	120	181
943	140	120	181
944	140	120	181
944	139	121	182
944	138	123	182
945	138	124	182
945	138	125	181
943	138	127	181
943	137	128	181
944	136	129	181
944	135	129	182
946	135	129	181
948	134	129	181
949	134	130	181
949	133	130	181
950	132	129	182
951	130	130	182
951	128	130	182
951	128	131	182
950	126	131	182
950	124	133	183
947	122	134	184
945	119	135	184
947	118	135	185
945	115	134	187
943	114	134	187
939	113	138	186
939	112	139	185
938	109	141	186
939	108	143	186
938	105	145	188
938	105	147	188
939	104	149	189
938	102	148	190
941	101	149	190
941	101	148	191
942	99	147	191
942	99	146	192
945	98	144	192
949	99	142	191
952	98	140	192
955	96	137	192
959	95	135	192
961	95	132	192
965	94	129	191
968	95	128	190
970	95	127	190
971	95	126	189
970	96	126	188
972	96	130	187
969	96	132	187
971	96	136	185
968	95	137	185
968	96	140	185
967	96	143	185
966	96	146	185
964	96	146	186
964	95	149	186
963	96	151	188
960	96	153	188
959	95	154	189
958	96	154	191
956	95	155	192
956	95	156	193
955	95	156	195
954	97	156	195
955	98	156	196
957	97	157	196
957	96	158	197
957	96	158	198
956	96	158	199
958	96	157	198
960	96	155	198
961	95	153	198
964	96	152	197
967	97	150	196
969	97	149	195
972	98	148	193
975	99	146	192
976	99	146	192
977	101	145	192
980	100	146	192
980	101	145	191
982	101	146	190
983	100	146	190
983	99	147	189
983	102	148	187
984	102	148	186
982	101	150	186
982	101	149	186
981	102	150	186
979	100	151	186
977	99	152	186
975	98	154	185
974	99	156	185
973	98	157	186
972	100	157	185
971	102	156	186
969	102	156	187
969	104	155	188
969	105	154	188
969	104	154	189
969	104	152	191
968	104	151	191
969	106	150	191
969	106	148	190
967	106	146	191
969	107	145	191
969	108	143	191
969	108	141	191
969	109	139	190
970	110	137	188
971	111	137	188
973	111	135	187
972	111	134	187
972	110	133	187
974	109	131	188
976	108	130	188
976	107	129	188
977	105	129	188
978	104	128	188
979	102	128	188
977	101	127	187
977	101	128	185
976	99	128	185
975	98	130	183
975	98	130	183
973	95	130	183
973	94	130	182
971	94	131	180
969	91	131	180
967	88	132	181
967	87	133	182
965	86	134	182
964	84	135	183
962	82	137	184
960	79	137	186
959	77	138	189
959	74	139	191
958	73	139	192
957	70	139	193
957	68	138	195
957	66	138	194
957	66	137	194
956	64	136	194
957	63	135	194
957	61	134	194
957	60	132	194
957	58	132	193
958	57	131	192
958	56	129	192
959	56	128	191
959	52	128	192
960	52	127	192
960	52	127	191
960	52	127	190
961	52	126	189
962	51	126	188
961	53	127	185
960	51	126	184
960	50	126	183
959	49	125	182
959	49	127	181
958	49	128	181
956	47	130	181
954	46	130	181
952	44	131	181
951	43	132	180
950	42	132	178
949	41	132	179
947	40	132	179
946	39	133	180
943	37	134	182
941	38	136	182
940	38	136	182
939	36	136	183
939	35	135	183
938	33	134	184
938	32	135	184
938	30	135	185
938	30	135	185
937	27	135	185
937	27	133	185
938	25	132	186
939	22	132	186
938	22	132	185
939	23	130	184
940	22	128	182
941	20	127	181
941	18	127	179
942	15	126	179
943	14	125	178
944	14	123	177
944	12	123	176
944	10	123	175
944	9	122	174
943	7	121	173
944	5	121	173
942	5	121	173
942	2	121	173
941	0	122	173
940	0	122	172
938	-1	123	172
937	-1	125	169
935	-2	125	167
933	-2	128	165
930	-2	130	161
930	-2	132	156
930	-3	134	155
927	-1	136	154
926	-1	138	152
924	-1	139	151
922	-1	140	151
920	-1	140	151
921	0	142	149
920	-1	143	148
919	-1	143	147
918	-1	145	145
917	-2	145	144
918	-1	146	142
918	-1	146	141
919	-1	146	140
919	-2	147	138
919	-2	145	136
920	-2	144	136
920	-2	144	135
920	-2	144	134
922	-3	143	133
922	-3	142	132
924	-1	141	131
924	-2	140	129
926	-1	139	128
927	-2	138	128
929	-2	139	127
929	-3	139	126
929	-2	136	125
930	-2	136	124
930	-2	136	123
928	-2	138	121
927	-3	139	121
926	-1	140	120
924	-2	141	120
922	-1	143	118
919	-1	146	117
917	0	147	117
914	0	149	117
909	0	153	117
909	0	154	117
907	0	155	118
906	0	156	118
906	0	156	118
904	0	156	119
903	0	156	120
902	0	157	120
901	0	157	121
900	0	158	121
898	0	158	122
898	-1	157	123
899	0	156	123
898	-1	155	123
898	0	154	123
898	0	153	123
898	0	152	124
898	0	151	124
898	-1	151	126
900	-1	149	126
900	-1	148	127
902	-1	146	127
903	0	145	129
903	-1	144	129
903	0	143	130
904	0	141	129
904	0	141	129
904	0	139	130
906	0	138	131
906	0	137	131
906	0	136	132
906	0	136	133
905	0	135	133
903	0	136	134
902	1	136	135
899	0	137	136
898	1	138	136
895	1	140	137
894	1	141	138
894	3	141	139
892	3	141	140
892	4	141	140
891	4	141	141
890	6	140	142
889	7	140	142
889	9	139	142
889	11	138	143
889	13	138	142
890	14	136	142
890	16	135	141
890	19	135	140
890	20	134	140
891	23	133	139
892	26	132	139
893	29	131	138
893	32	129	138
895	33	128	138
895	36	126	138
896	38	124	137
898	41	122	137
898	43	120	137
899	46	118	137
900	48	117	136
900	50	116	136
902	53	114	135
903	57	113	134
905	59	111	134
906	61	109	134
907	63	108	133
908	67	107	133
908	68	106	133
909	71	106	132
908	73	106	132
908	75	106	131
907	76	107	132
906	77	108	132
905	79	109	132
903	81	110	131
902	81	110	131
901	82	111	131
901	84	112	131
899	85	112	129
899	86	112	129
898	87	111	128
897	89	112	128
896	89	112	128
896	90	111	127
895	91	110	127
896	90	110	127
896	92	109	126
897	93	108	126
898	93	107	125
899	94	106	125
900	94	105	125
901	95	104	125
902	95	103	125
905	95	101	125
907	96	99	125
909	95	98	125
910	94	96	125
912	95	95	125
914	94	93	125
916	94	92	124
918	94	91	124
919	94	90	124
919	93	90	124
921	93	90	123
922	93	89	123
923	93	89	123
923	93	89	123
923	92	89	123
923	93	89	122
923	92	90	122
922	92	91	122
922	93	93	121
921	93	95	121
920	93	97	120
917	92	99	121
917	92	101	121
917	94	102	121
917	93	103	122
918	94	103	121
919	93	103	122
919	93	103	122
920	94	103	122
921	94	103	121
922	95	103	122
923	95	104	122
924	96	104	121
925	97	104	122
926	97	104	122
927	98	104	122
928	98	104	122
930	99	103	122
932	97	103	122
934	98	103	122
937	98	102	122
939	98	102	122
942	97	101	123
946	99	100	122
948	97	100	123
950	99	99	122
953	97	98	123
955	97	97	124
957	97	96	125
960	96	95	125
961	95	95	125
964	95	96	125
963	94	96	126
964	93	95	125
967	93	95	126
968	92	94	126
969	92	95	126
968	91	97	126
968	90	99	126
968	90	100	125
967	89	102	125
967	89	103	124
967	89	103	124
967	89	104	124
968	90	104	124
968	89	104	124
968	89	104	124
968	90	104	124
968	90	105	123
967	91	105	123
967	92	105	123
967	92	105	124
967	94	106	123
966	94	106	123
966	95	106	123
966	96	106	123
967	97	105	123
967	98	105	124
968	99	105	124
968	101	104	123
969	101	103	123
970	103	101	123
971	104	100	124
972	106	98	123
974	106	96	124
976	109	94	123
977	110	93	123
978	112	92	123
979	113	91	123
981	115	90	122
982	116	89	122
982	119	90	121
983	120	89	121
984	121	89	121
984	123	88	121
985	125	88	121
986	127	87	121
986	129	86	120
988	131	87	120
985	133	88	119
985	135	89	120
983	136	90	119
981	139	93	119
981	140	94	119
981	142	94	120
980	144	94	120
980	146	94	120
979	148	95	120
978	149	95	120
977	151	96	120
976	153	96	120
975	155	96	120
974	157	96	120
973	158	96	121
972	159	96	121
971	162	96	122
971	163	96	121
970	165	96	121
970	167	95	121
970	169	95	121
970	169	94	121
972	172	93	121
972	173	91	121
974	175	90	121
974	175	89	121
977	177	88	121
977	179	87	121
977	180	85	121
978	182	85	120
979	183	84	120
980	184	84	120
982	186	84	119
983	188	83	119
985	188	82	120
987	190	82	120
988	190	82	120
990	192	82	119
990	194	83	118
989	196	84	118
990	196	86	118
990	198	87	118
991	199	87	118
992	200	88	118
993	201	88	119
993	202	89	119
994	203	89	119
995	204	89	120
994	205	90	120
995	207	91	119
995	208	91	120
996	209	91	120
997	210	91	120
996	212	91	120
998	212	91	121
998	214	91	122
999	215	91	122
1002	216	91	122
1004	217	89	123
1005	218	88	123
1007	218	87	124
1007	220	85	123
1008	221	84	123
1009	221	84	123
1010	224	83	123
1010	224	82	123
1010	227	82	122
1009	228	81	122
1010	229	80	121
1010	231	79	121
1009	232	79	121
1008	234	79	121
1006	235	79	121
1006	236	77	121
1005	238	76	120
1003	240	77	120
1000	241	77	120
998	244	78	120
993	245	80	120
990	246	81	120
987	247	82	121
985	249	82	121
983	251	83	122
981	252	83	122
979	254	84	123
977	255	84	123
975	257	84	123
974	258	84	124
972	260	84	124
971	261	84	124
970	262	83	124
969	262	83	124
970	265	81	123
970	265	80	123
971	267	79	123
972	269	77	123
972	269	75	124
973	270	74	123
974	271	72	123
974	271	71	123
975	273	70	124
975	272	70	125
978	274	69	125
980	273	68	125
979	275	69	125
979	276	69	125
979	276	69	125
981	276	69	125
981	278	69	125
982	279	70	126
981	277	71	126
982	278	72	126
983	279	73	126
983	280	74	126
983	280	74	127
984	280	73	127
984	281	74	127
985	281	73	127
986	282	72	126
988	283	73	126
990	285	73	125
990	286	74	125
991	287	74	125
991	288	74	125
992	288	75	125
993	290	75	125
992	291	76	124
993	294	77	124
994	295	77	124
994	296	77	125
994	297	77	125
994	300	77	124
995	300	77	125
993	301	78	125
993	302	78	125
994	303	77	126
994	304	77	125
994	306	77	125
995	306	76	126
996	307	75	126
996	307	76	127
996	308	76	127
996	307	76	128
995	308	76	128
994	309	76	129
993	309	77	130
993	309	76	130
993	309	75	130
993	310	75	129
993	310	74	129
993	309	74	129
993	309	73	129
992	309	72	129
991	309	73	129
990	309	72	128
989	310	73	127
987	311	73	127
986	311	73	127
984	312	74	126
985	313	74	126
984	314	74	126
983	314	76	126
982	314	78	127
981	315	78	127
979	317	79	126
979	318	79	126
978	318	79	126
978	319	78	127
977	320	78	128
976	320	78	128
976	322	78	129
976	324	79	128
977	324	79	129
976	325	78	129
975	327	76	129
975	325	75	130
974	328	74	132
972	327	73	132
971	329	73	133
970	328	73	133
967	333	74	133
967	332	75	132
964	333	76	132
963	338	76	132
961	336	77	132
958	338	78	132
956	339	80	133
952	340	80	134
951	341	80	134
949	341	80	134
949	342	80	134
946	343	81	133
944	343	82	133
943	345	83	132
942	345	83	134
940	346	85	134
939	345	83	135
938	346	84	135
936	345	84	136
936	345	84	136
934	345	84	136
932	345	85	136
931	345	87	136
928	346	88	135
926	346	89	135
924	347	91	134
924	345	91	134
923	344	91	134
921	343	91	134
920	341	90	134
921	340	89	133
921	340	89	133
922	338	88	133
923	339	87	133
922	336	87	133
924	334	87	134
924	331	88	134
924	331	89	134
926	329	89	133
928	328	89	133
928	327	89	133
930	325	89	133
931	323	90	134
932	323	91	134
933	322	92	135
931	320	93	135
933	320	93	135
934	319	93	135
933	318	93	135
934	317	94	136
934	316	95	137
933	314	97	138
932	313	98	138
932	313	100	139
932	312	100	139
932	312	102	139
931	313	103	138
931	312	105	139
930	312	107	139
930	311	108	140
930	310	109	140
928	310	111	141
927	310	114	142
927	308	115	143
927	308	116	143
926	306	116	144
924	306	117	145
924	305	118	146
924	305	119	146
924	306	119	147
924	305	120	148
924	305	121	148
923	304	122	148
922	305	123	149
920	306	124	149
921	306	124	149
919	305	126	149
918	306	128	150
918	307	128	150
916	306	130	150
915	307	131	151
914	308	131	150
913	307	132	149
911	308	133	149
909	308	134	149
909	308	134	150
908	309	134	150
909	310	134	150
910	310	133	150
909	310	134	150
909	310	133	150
909	309	134	151
907	309	134	151
907	308	134	151
905	309	134	152
906	308	134	152
906	308	134	151
905	308	133	151
904	306	134	152
904	306	134	152
904	306	133	153
905	304	131	154
905	303	130	153
906	301	128	153
904	301	129	154
903	300	129	154
902	299	128	154
903	297	127	154
903	297	126	155
904	296	125	155
905	296	123	155
902	295	123	157
901	295	123	157
900	296	124	158
898	295	125	158
896	296	126	158
894	296	127	158
892	298	128	159
890	298	128	158
888	299	129	158
887	300	129	159
886	301	130	159
887	302	129	159
887	304	129	159
886	305	128	160
885	306	127	160
886	309	126	159
886	309	125	159
887	311	124	159
886	312	124	159
887	314	124	160
887	315	123	160
889	316	122	160
889	317	122	159
889	318	122	159
890	319	121	159
891	320	120	158
894	321	118	159
894	321	116	159
895	322	115	159
893	321	115	160
893	321	114	161
892	321	115	161
890	321	116	161
889	323	116	162
891	321	116	163
891	322	116	163
892	322	115	164
891	322	115	166
891	321	116	166
890	322	116	166
891	323	118	165
891	323	118	165
893	322	117	164
894	323	116	164
895	321	115	166
896	322	114	165
896	322	115	165
896	321	115	166
895	320	115	167
897	320	115	169
896	319	115	169
897	318	114	170
897	318	113	172
898	316	113	173
895	316	114	173
898	316	111	175
900	316	109	175
904	315	106	176
904	313	105	178
904	313	104	180
905	312	104	180
905	312	103	180
903	312	103	180
903	312	101	179
904	311	102	177
901	310	101	180
900	309	101	179
900	310	103	179
896	312	104	179
895	310	107	178
893	312	107	175
891	311	107	175
889	314	108	175
889	313	108	175
886	313	108	174
888	314	108	173
888	314	108	173
889	315	108	172
895	314	105	174
897	312	102	175
899	314	99	179
904	311	96	178
906	310	94	179
910	310	92	180
913	310	90	181
919	310	88	181
922	309	87	182
924	310	83	184
927	308	82	186
931	305	80	189
936	301	78	190
937	302	75	193
942	300	72	195
945	301	70	195
947	298	68	196
948	299	67	195
949	296	66	195
950	294	65	197
951	293	66	197
951	292	66	196
952	292	68	194
953	293	70	192
951	292	71	194
952	290	71	198
951	284	73	199
952	288	72	206
953	282	72	209
954	280	74	209
954	278	75	212
953	276	78	213
954	275	81	215
951	271	82	213
951	279	83	217
948	272	86	217
950	272	88	217
948	269	89	216
950	267	89	218
947	266	91	218
946	265	94	216
945	266	95	215
943	267	97	214
942	269	99	215
942	265	101	216
940	264	103	217
938	264	105	219
938	264	107	217
937	266	110	219
936	262	112	216
935	261	115	218
936	263	118	221
933	262	123	220
931	260	127	220
931	259	130	220
929	258	133	219
929	258	135	219
927	256	138	219
925	254	142	218
925	252	144	218
927	249	144	218
928	250	146	219
928	248	149	219
929	246	151	221
928	242	154	223
926	241	157	225
925	241	160	226
925	236	162	229
925	238	163	227
926	235	165	229
927	235	167	228
927	229	167	230
926	230	169	229
924	226	171	230
924	228	173	230
923	224	175	231
921	220	180	232
920	220	183	232
920	216	185	233
919	215	187	233
918	211	189	234
918	207	191	235
917	205	195	237
917	203	198	238
914	201	200	239
914	198	202	240
914	196	203	240
914	194	206	240
913	191	208	241
913	188	210	242
911	185	213	242
911	184	215	240
912	183	215	239
910	178	217	238
912	178	218	239
911	173	220	240
912	171	221	240
911	169	221	240
911	167	221	242
911	164	219	241
911	162	221	240
911	162	223	240
911	159	224	239
911	157	226	239
912	155	227	239
913	154	227	239
913	154	228	240
913	153	228	240
914	153	228	239
914	152	229	239
915	151	229	239
916	152	229	240
917	152	229	240
917	153	229	239
919	154	229	239
920	156	229	238
921	157	228	239
920	158	230	238
925	161	227	238
926	162	227	239
926	163	227	237
927	164	228	237
927	164	228	237
928	165	228	237
927	168	229	237
928	169	228	236
928	171	228	236
928	173	227	234
928	174	225	234
930	177	222	233
930	178	220	233
930	179	218	232
927	182	218	231
932	184	215	230
928	186	214	230
934	189	210	229
933	191	207	229
935	195	206	228
934	197	205	226
936	200	203	225
936	203	202	224
936	205	200	224
936	209	198	224
936	212	196	224
935	214	195	224
935	216	193	223
936	219	191	223
935	220	188	222
934	221	185	222
933	223	184	222
931	226	182	221
928	228	180	221
928	229	177	221
927	230	173	221
927	232	170	221
928	234	169	221
930	237	167	220
931	241	166	219
930	241	164	219
933	243	165	219
933	247	166	218
933	250	168	219
934	253	169	219
931	255	170	221
931	256	171	221
932	258	170	222
932	260	167	222
933	262	166	224
932	263	164	223
931	265	163	223
930	267	162	223
930	265	158	224
929	268	157	224
929	269	154	223
930	270	151	223
929	272	148	223
929	269	144	222
928	271	141	222
928	275	137	224
927	275	134	224
927	277	132	224
928	278	129	223
929	278	127	223
933	279	126	222
936	281	124	221
940	282	122	220
943	286	120	220
946	290	119	221
949	291	117	219
952	294	115	219
953	297	114	220
953	298	113	221
954	298	112	221
957	299	109	224
958	300	106	226
959	301	104	228
959	302	100	228
960	303	96	228
962	304	91	228
963	305	87	229
966	307	84	229
968	306	80	231
971	309	79	232
972	309	77	232
975	310	76	233
