845	616	111	154
845	623	111	152
842	622	112	150
840	623	113	150
838	620	113	151
839	619	113	152
838	614	113	153
838	618	113	153
835	615	114	153
835	616	114	153
834	615	115	151
833	616	115	150
833	614	116	149
831	616	117	148
830	609	116	148
830	606	115	150
827	601	114	153
826	604	116	153
822	596	115	157
820	594	116	159
817	591	118	162
816	590	118	164
813	586	118	167
809	585	120	168
807	580	120	170
806	579	121	172
801	574	124	172
803	572	123	174
797	569	126	175
797	565	127	177
796	561	128	178
793	560	129	179
793	553	130	180
790	553	131	181
791	549	131	183
791	548	131	185
790	543	131	187
791	541	130	189
789	539	129	191
789	539	129	191
782	536	133	191
781	536	133	191
779	536	135	190
777	534	136	190
775	535	136	190
775	535	136	192
771	534	138	192
768	535	139	191
764	533	142	191
759	532	145	191
753	533	150	191
748	533	154	191
743	531	157	192
738	530	162	193
729	529	168	195
716	527	178	196
719	525	183	198
715	522	187	200
714	524	189	201
710	522	193	202
705	524	198	201
697	524	203	201
690	526	210	201
669	528	222	201
662	529	230	202
659	529	234	203
655	531	237	204
654	531	240	204
653	532	241	204
651	532	243	205
650	535	244	205
650	535	245	206
647	536	246	207
646	536	247	208
642	540	249	209
640	539	251	211
639	542	251	212
638	543	252	214
637	543	253	215
637	545	254	216
633	547	257	218
632	547	259	219
630	551	261	222
629	551	262	224
627	551	264	226
628	551	266	228
626	553	269	231
625	552	269	233
624	554	271	235
624	555	271	237
622	555	271	241
621	553	273	245
621	552	275	249
620	552	276	252
620	554	277	255
619	553	279	258
619	554	281	260
618	554	283	263
617	555	283	265
617	554	284	265
617	555	285	268
617	555	285	270
616	557	287	272
616	557	286	275
617	555	285	279
621	555	283	282
619	556	283	286
619	555	284	288
620	555	283	289
622	555	282	291
623	555	280	292
623	555	280	294
624	558	278	295
624	557	278	296
623	560	276	298
624	559	275	300
627	560	273	301
629	560	273	304
630	563	271	307
630	563	272	309
629	563	272	311
630	560	272	311
630	560	273	314
629	558	273	315
628	558	273	316
628	556	271	316
630	552	269	321
630	554	267	323
629	550	263	324
633	547	261	327
632	546	259	330
633	543	256	333
632	542	254	334
633	540	253	336
637	537	252	340
635	537	251	340
637	533	247	342
637	532	245	342
639	527	244	346
639	525	244	347
637	523	240	349
637	524	239	348
639	521	239	350
638	520	239	350
638	517	237	352
642	516	236	354
639	513	235	357
642	512	234	359
637	509	230	361
644	510	228	364
640	506	226	367
644	504	225	370
640	504	222	372
642	503	222	373
641	500	223	377
642	498	223	378
638	496	224	381
636	494	226	382
635	493	228	385
634	491	229	388
631	487	229	390
630	487	229	392
630	484	229	397
629	483	229	399
626	484	230	399
626	485	228	401
624	485	227	403
625	485	228	403
622	483	229	403
620	483	230	405
619	482	231	405
615	482	230	407
615	484	231	409
616	485	231	407
615	483	228	410
616	484	229	411
618	482	228	414
615	483	227	413
616	479	227	416
618	480	228	416
612	479	226	416
615	482	226	415
617	482	227	415
614	477	226	418
615	479	225	417
614	478	222	416
616	471	223	420
614	471	222	419
614	472	221	420
615	467	221	422
615	469	222	422
615	468	223	423
615	468	223	423
613	469	221	423
614	468	222	423
617	469	224	424
614	466	223	426
616	465	224	426
615	469	225	427
614	468	226	428
612	467	227	429
611	467	227	428
608	468	227	428
610	467	226	429
609	465	226	431
608	463	227	432
608	464	228	432
608	460	229	434
609	461	230	434
607	459	230	434
608	460	232	434
611	461	231	432
613	462	232	431
612	464	229	431
613	465	228	431
616	463	228	432
615	462	226	433
619	460	228	435
615	456	227	437
620	455	230	437
617	452	229	439
622	454	231	441
616	451	231	441
622	452	232	442
620	450	230	443
624	452	233	443
622	458	235	439
621	467	236	430
622	478	235	420
622	491	237	408
621	510	237	395
625	497	239	394
622	528	239	379
628	529	239	369
625	586	242	332
623	613	241	305
624	621	238	290
627	627	236	279
630	634	234	270
632	636	233	264
634	636	232	261
634	637	234	259
636	637	234	259
639	636	234	260
639	637	235	260
641	637	235	260
643	637	235	259
645	637	235	260
646	638	236	261
648	638	237	260
649	639	237	260
650	639	238	260
652	639	238	260
653	639	239	261
654	639	239	260
655	638	240	261
655	637	240	262
655	636	241	263
655	635	242	262
656	634	243	262
657	633	244	262
657	633	244	263
656	632	245	262
656	632	246	262
657	630	246	262
658	631	246	261
658	628	247	262
659	627	248	263
659	625	248	264
659	623	249	266
660	620	249	267
661	619	250	268
661	618	251	269
660	618	252	269
661	616	253	269
660	615	255	270
658	614	256	271
658	612	257	272
658	612	257	273
658	612	258	273
656	613	261	272
655	612	262	272
655	612	263	273
654	612	264	273
654	611	264	273
654	612	265	274
653	613	267	273
653	614	268	273
652	615	269	273
652	616	270	272
651	617	271	272
649	618	272	272
649	621	274	272
647	622	275	271
646	624	275	269
645	626	276	267
642	628	278	264
641	632	279	262
639	633	282	259
638	632	283	256
636	633	284	256
635	633	285	256
635	633	286	256
633	632	288	255
635	632	288	256
634	632	289	255
635	632	288	255
635	631	288	255
636	629	287	256
636	629	287	257
637	627	287	257
638	626	286	259
638	621	287	259
640	616	285	264
640	614	285	266
640	611	286	267
639	603	286	269
640	598	286	274
640	595	287	276
639	592	289	278
639	588	290	278
639	585	291	280
640	583	291	280
639	581	292	281
638	578	293	279
639	578	293	281
640	568	294	281
643	568	292	283
642	561	294	284
645	557	292	287
645	554	293	288
645	551	293	290
648	548	292	292
647	546	293	293
649	544	292	293
651	545	292	293
649	544	293	294
651	542	293	293
651	540	292	294
653	538	291	296
653	533	291	299
655	535	290	299
655	533	290	300
657	535	289	299
656	536	290	298
654	534	290	299
653	535	291	298
651	537	291	297
648	539	294	295
647	537	296	295
644	539	297	294
643	541	298	292
640	541	301	292
638	540	303	292
636	539	304	293
635	537	306	294
632	538	308	296
632	536	309	298
629	534	309	301
625	524	311	298
624	539	316	297
621	527	316	299
