813	0	262	104
824	3	266	102
828	5	267	100
835	6	271	100
839	7	267	101
851	7	261	103
867	7	256	105
884	7	249	109
897	8	237	112
907	8	229	113
923	2	222	113
933	6	211	114
946	3	202	115
958	4	188	120
972	3	181	122
976	5	177	124
986	4	179	128
987	2	182	133
978	2	184	136
971	2	188	140
969	3	187	140
971	3	188	143
973	4	188	146
969	4	180	153
970	4	174	159
966	7	169	166
962	5	166	173
961	6	162	178
958	15	158	191
961	7	162	195
949	9	157	198
946	6	155	198
936	1	155	195
933	4	157	193
926	14	158	194
919	19	159	197
911	42	162	195
904	61	163	193
897	66	166	195
890	85	168	194
888	92	173	188
887	106	175	184
878	120	172	187
880	140	175	183
887	153	179	176
887	163	182	171
891	173	185	168
888	183	188	164
885	195	189	162
882	211	194	160
876	214	195	156
864	237	187	167
866	237	179	175
862	234	175	177
869	246	171	178
869	244	171	175
870	245	168	173
868	254	162	173
865	258	157	172
867	260	150	172
871	255	143	175
870	254	139	173
874	255	132	173
878	258	126	173
888	252	128	173
891	250	127	170
894	249	124	170
906	246	127	170
907	243	124	168
909	239	125	164
913	236	124	163
913	234	127	162
920	233	129	163
917	230	128	162
921	227	124	163
923	223	123	161
928	220	123	160
931	217	125	159
928	217	122	164
934	211	123	161
931	209	125	159
937	211	127	159
934	210	127	159
935	210	125	161
937	211	122	162
938	207	125	161
938	210	122	161
938	212	124	160
938	211	125	161
940	213	121	164
935	215	119	164
939	215	120	163
937	217	117	165
939	220	115	167
938	223	112	168
939	223	110	170
939	226	106	172
941	225	106	169
942	230	106	169
942	228	106	170
943	235	103	173
942	238	100	177
945	239	96	182
941	239	93	186
944	236	94	182
941	242	92	182
948	244	87	183
955	242	85	181
957	244	84	179
958	243	82	180
961	240	85	175
956	239	83	174
965	239	80	173
961	243	77	174
960	240	76	175
969	241	74	177
967	239	73	178
963	242	74	180
971	233	72	177
978	235	69	176
971	235	66	178
976	228	68	182
971	228	71	180
966	230	73	181
969	232	73	182
962	227	76	182
965	234	75	181
960	235	74	179
958	239	74	179
964	247	74	178
958	256	72	180
959	245	74	180
950	240	72	181
938	228	72	178
940	224	73	180
938	223	75	179
938	221	75	178
939	215	74	182
913	210	85	168
922	206	83	168
914	206	85	164
923	193	83	164
917	180	85	160
915	177	89	156
919	174	89	153
917	156	93	151
925	155	97	146
923	162	95	144
922	144	98	140
928	146	99	139
931	152	100	137
930	160	100	133
935	162	99	131
942	158	102	129
949	163	99	131
952	162	97	134
954	160	96	136
950	162	99	134
955	160	100	136
960	163	103	137
961	160	106	139
961	160	111	143
959	160	115	145
956	159	121	144
952	161	122	147
952	159	123	149
951	158	124	151
954	157	129	152
953	153	132	155
954	152	137	160
950	148	140	161
946	150	143	162
946	144	146	162
945	143	152	162
942	144	153	162
943	149	159	167
943	145	161	168
939	144	168	168
936	145	170	169
935	145	175	172
927	145	178	177
930	143	181	179
937	153	179	183
938	155	179	189
939	158	180	193
934	155	185	191
935	165	186	192
929	175	187	194
939	182	183	201
937	176	186	199
931	176	189	198
929	185	190	199
925	180	192	198
927	184	196	200
920	187	204	200
915	195	212	204
906	192	214	204
911	198	221	207
902	202	224	208
903	207	223	211
904	206	225	211
898	213	226	214
897	212	236	208
892	216	242	212
899	221	244	215
898	225	243	215
899	228	241	219
903	228	244	218
907	229	244	218
905	235	241	218
907	244	241	223
915	249	235	227
915	250	235	225
917	260	234	228
922	260	233	227
928	272	233	230
926	280	230	228
930	287	232	230
935	298	235	232
936	305	235	231
937	317	234	234
944	321	228	233
947	332	225	233
948	340	219	234
952	348	215	235
950	353	212	229
950	362	215	223
946	370	216	221
951	375	215	224
947	379	212	226
948	384	208	232
957	379	201	229
951	386	193	229
947	388	193	229
944	394	194	229
944	401	194	231
946	407	192	233
939	411	190	234
941	416	183	238
937	410	179	234
943	411	179	233
941	413	176	233
945	409	174	230
937	410	172	233
940	403	171	228
943	400	169	229
940	399	168	228
939	395	166	226
936	391	167	225
934	385	168	225
932	380	166	221
923	378	166	219
924	371	162	217
915	364	162	217
908	356	163	217
903	344	164	215
894	338	162	212
886	329	162	209
874	316	161	206
865	308	160	207
857	304	160	210
847	296	159	209
835	288	162	208
828	280	162	205
819	275	162	208
811	267	163	208
803	265	162	210
794	264	166	212
789	262	167	215
780	259	167	215
771	259	170	216
764	259	171	216
756	261	171	218
750	261	175	220
747	263	177	220
737	264	180	217
739	264	181	217
735	267	180	219
730	267	178	220
728	271	180	222
724	272	180	222
718	271	185	217
713	277	188	216
708	277	192	215
704	278	194	215
702	283	196	217
699	281	192	219
697	280	189	216
696	284	188	213
692	286	189	209
688	287	190	208
684	287	187	208
689	287	187	206
687	291	190	206
691	286	191	205
687	287	195	206
683	288	197	209
684	288	195	211
687	285	195	213
688	284	193	213
684	284	194	215
685	286	195	216
688	285	193	220
690	283	195	220
692	286	201	219
693	290	202	216
690	287	205	218
692	289	212	217
703	293	215	221
697	294	211	222
710	294	211	225
711	294	208	230
718	291	210	234
718	292	212	232
719	297	213	229
717	302	215	231
714	303	219	235
710	304	224	237
720	310	230	239
718	312	226	239
722	313	222	237
727	316	225	232
729	323	227	232
733	327	224	235
741	332	220	239
746	332	218	239
749	332	222	237
744	332	224	236
751	330	228	233
750	332	231	233
747	334	231	235
754	334	228	237
756	337	226	239
763	336	228	237
756	337	234	237
763	340	239	233
768	345	242	233
758	345	241	235
760	343	238	240
758	343	243	241
760	343	243	245
766	341	240	242
772	340	238	243
772	339	237	242
769	342	229	240
786	335	234	243
781	331	233	241
785	317	233	236
789	315	236	235
787	313	236	235
793	312	236	241
795	306	237	239
794	301	236	239
796	295	237	238
792	293	237	236
805	293	237	238
804	291	236	239
811	287	234	242
816	285	237	241
817	287	240	241
816	291	239	243
826	296	238	245
832	299	242	249
834	306	247	254
834	306	243	255
836	313	246	255
819	320	237	254
814	325	234	252
816	334	231	252
809	338	228	253
820	335	227	257
815	336	228	258
812	343	226	257
815	339	221	259
817	339	217	261
813	345	212	265
812	345	208	266
817	345	202	264
817	344	202	264
815	350	194	268
820	353	192	264
818	352	186	266
820	359	182	270
821	360	179	269
811	367	180	264
812	369	177	263
815	367	174	265
814	368	169	269
813	366	169	269
810	368	171	268
803	363	175	264
794	364	177	262
793	360	175	260
789	360	172	261
787	359	169	261
778	357	171	260
779	357	171	262
770	355	173	262
768	356	175	264
761	357	175	265
761	356	172	265
759	354	170	262
755	350	171	261
744	352	172	264
743	354	169	264
736	362	171	266
733	367	170	268
730	363	171	269
730	364	174	266
733	363	179	262
727	365	185	264
725	365	188	260
727	374	190	260
725	369	193	257
726	368	197	252
723	363	201	248
725	366	200	246
727	369	202	243
728	361	201	245
727	362	207	243
725	359	213	239
733	360	217	236
734	359	221	235
754	342	235	238
760	330	248	234
747	348	247	238
753	339	245	239
769	336	250	242
770	335	250	245
778	335	249	249
783	330	254	248
792	339	250	252
801	334	245	253
808	333	241	253
826	341	238	262
827	334	236	265
829	333	236	261
834	345	235	261
838	336	231	262
837	349	231	263
838	342	231	263
844	351	227	265
845	343	228	264
844	342	231	255
846	343	236	251
851	345	236	253
854	349	235	255
863	349	238	261
863	342	244	261
861	342	243	261
861	344	239	261
862	347	236	261
866	351	232	262
862	354	230	262
864	359	228	259
875	351	225	265
878	358	223	266
876	355	222	266
872	353	219	264
874	352	216	266
876	354	214	269
883	347	219	268
869	351	216	263
874	345	220	262
864	359	216	265
869	349	215	263
862	359	212	267
858	355	215	263
856	365	216	264
851	354	227	262
836	359	229	258
829	365	231	256
821	377	226	261
817	376	226	257
809	375	231	257
802	382	229	261
801	382	235	257
801	382	238	257
798	377	238	260
799	378	237	262
799	375	237	266
799	365	244	268
796	367	248	266
782	377	240	271
779	365	240	270
779	367	234	272
795	360	233	282
793	359	222	287
802	354	216	287
815	344	219	289
810	352	214	291
819	337	215	290
821	343	212	290
830	339	213	295
833	330	214	301
837	321	217	302
830	318	220	298
834	312	230	296
829	312	235	293
831	309	246	293
823	313	250	291
828	305	258	295
823	298	263	291
818	298	265	287
819	301	265	282
824	296	267	280
821	285	274	276
809	297	265	282
815	281	267	275
817	285	274	276
819	284	282	278
812	283	282	282
806	282	287	284
786	286	285	280
789	283	297	277
784	285	307	276
773	286	317	278
768	288	321	280
771	282	329	280
756	281	339	277
756	286	340	272
755	281	345	274
761	277	356	276
761	276	364	277
774	271	371	277
767	267	373	280
767	262	379	279
753	267	376	277
762	263	386	278
781	259	397	279
761	255	402	278
770	259	403	277
757	260	394	284
780	255	396	287
778	250	393	289
777	244	388	290
770	238	380	288
789	241	381	287
794	239	385	290
792	237	387	288
811	229	396	295
790	215	399	296
798	214	391	304
817	213	397	304
825	209	396	310
833	205	394	314
843	201	395	316
854	191	400	317
857	197	408	314
845	203	412	315
840	201	426	305
841	202	430	303
866	199	432	303
863	206	418	306
877	214	413	311
885	209	411	312
897	201	414	311
902	206	414	307
896	204	414	307
897	213	420	308
904	218	421	315
901	196	427	306
901	224	430	304
899	216	437	300
907	226	448	296
886	224	450	295
899	224	461	293
867	224	458	293
871	228	462	294
857	230	452	299
876	225	461	296
882	232	469	292
860	227	470	292
869	239	475	293
850	239	475	292
848	236	477	288
835	236	462	286
849	234	458	285
856	241	461	286
869	238	466	284
855	251	461	280
858	252	466	276
858	262	473	266
854	268	478	263
831	280	469	271
847	268	482	270
849	262	497	266
862	270	505	266
847	275	514	266
851	285	528	266
826	287	525	265
838	292	531	265
805	289	527	264
815	296	536	264
776	296	520	267
763	287	500	268
771	292	492	266
783	279	500	265
765	291	505	266
759	296	512	267
746	294	517	269
717	300	510	273
720	296	508	270
728	288	520	271
727	296	526	272
723	304	532	272
701	314	520	275
710	315	530	279
698	308	530	275
704	317	543	275
691	316	557	272
671	319	554	262
669	324	563	259
651	328	551	253
658	332	551	259
657	340	553	256
665	340	571	253
659	331	585	254
650	346	597	254
641	341	612	253
660	346	641	251
663	350	661	252
654	358	678	251
659	362	682	252
662	363	697	248
663	365	709	248
662	363	729	245
678	366	759	245
678	371	790	241
681	385	810	236
664	396	824	240
662	383	841	244
655	391	871	242
686	401	910	236
653	401	939	242
637	401	972	248
647	401	1005	255
662	408	1025	257
682	412	1030	271
677	423	1061	271
692	408	1076	279
699	404	1081	282
686	413	1089	283
689	396	1074	298
682	430	1073	309
684	411	1078	316
663	401	1092	317
669	406	1104	314
659	416	1106	306
648	413	1116	305
641	415	1120	311
659	415	1151	312
641	403	1151	317
655	428	1158	308
622	414	1181	314
639	406	1160	324
626	402	1158	334
628	408	1155	338
625	418	1154	340
628	409	1129	353
638	416	1141	352
622	411	1158	347
618	413	1166	343
622	419	1174	341
621	412	1168	353
626	410	1164	363
629	415	1158	367
633	410	1151	368
657	410	1158	363
626	417	1147	353
660	412	1164	350
648	415	1158	353
656	417	1148	357
674	409	1139	362
677	401	1134	366
673	398	1129	370
660	393	1127	368
681	401	1140	363
692	400	1133	361
712	399	1135	362
688	390	1105	362
718	385	1098	359
742	389	1081	353
748	391	1059	349
767	384	1023	347
793	386	1015	343
798	388	1008	347
811	386	1004	350
806	377	999	346
829	391	997	345
827	378	985	348
824	374	971	349
846	371	973	347
840	363	972	350
857	366	970	353
859	368	965	353
867	365	961	349
867	365	952	346
878	367	940	342
892	374	941	346
902	371	935	347
899	363	928	354
897	356	928	358
892	350	915	353
904	353	912	354
905	352	906	356
898	338	901	353
895	341	888	354
909	342	886	349
916	315	863	329
905	339	843	322
921	345	837	321
917	314	815	312
917	334	802	306
923	343	791	308
929	352	789	303
930	354	781	303
924	327	776	293
938	355	771	287
945	355	755	293
928	327	744	293
936	344	727	288
954	351	718	286
951	348	702	291
947	323	688	291
934	328	678	290
948	332	657	289
962	337	649	289
971	352	632	286
950	337	623	289
971	347	611	285
976	341	597	283
989	340	584	287
977	335	578	287
994	346	570	280
979	335	567	282
978	328	561	282
985	323	549	285
981	320	537	286
959	319	519	295
989	320	525	291
975	315	531	292
972	326	530	290
955	311	528	290
948	314	522	293
935	307	519	291
931	313	515	292
903	301	501	299
911	311	500	301
894	302	482	306
888	298	487	306
870	294	490	304
865	298	488	305
848	294	477	309
856	299	475	305
845	297	471	306
844	295	461	312
834	286	455	314
831	294	447	318
812	262	437	319
796	248	429	315
811	266	413	322
798	254	396	318
800	262	379	324
795	251	362	328
794	230	349	329
793	227	334	332
799	203	327	319
816	204	315	318
828	223	299	320
824	211	287	318
831	208	282	309
835	210	273	312
825	213	272	316
841	191	272	308
825	194	286	298
827	197	287	304
821	180	292	301
813	168	304	296
807	183	313	295
825	178	315	301
815	167	328	287
818	167	337	269
816	184	341	264
827	194	339	266
828	198	345	265
823	191	356	266
811	192	365	261
816	193	368	257
817	203	373	254
815	214	382	252
812	212	384	248
820	220	386	241
809	235	390	240
797	244	394	237
803	252	404	228
791	264	413	224
781	270	418	222
760	288	431	223
763	292	436	221
756	297	438	219
768	300	434	215
761	309	435	210
751	324	439	207
769	322	434	205
752	341	437	210
764	325	431	202
772	331	425	200
755	365	428	212
760	360	429	226
