1422	335	212	133
1405	333	206	136
1394	332	207	138
1389	330	204	140
1384	328	200	141
1376	325	199	142
1368	321	198	141
1361	319	197	142
1356	317	195	142
1346	313	195	143
1338	312	194	145
1337	310	188	146
1330	309	188	146
1321	307	187	145
1315	306	186	146
1311	302	183	146
1302	300	183	146
1296	298	182	146
1277	294	186	144
1270	292	187	141
1263	291	188	139
1258	290	186	141
1255	286	183	138
1233	286	188	134
1223	284	191	131
1213	282	193	129
1197	280	197	128
1189	278	197	128
1176	276	199	128
1165	275	199	128
1155	271	199	126
1148	270	198	125
1135	270	198	124
1127	269	195	124
1117	267	193	122
1109	266	191	122
1098	264	192	121
1086	263	194	122
1067	262	200	122
1054	258	200	122
1043	256	199	120
1031	253	200	119
1028	254	198	119
1016	252	196	118
1008	251	194	117
1001	251	190	117
986	250	189	116
969	250	194	115
961	249	193	116
952	246	192	115
940	246	192	116
931	245	189	118
919	244	190	118
908	242	192	119
897	243	195	121
881	241	204	123
867	240	211	124
858	240	210	126
849	238	209	129
843	236	205	130
833	235	201	131
825	235	200	131
815	235	201	132
802	232	203	134
799	233	200	135
788	233	198	139
782	230	197	140
772	229	197	140
767	228	196	140
759	227	195	141
753	225	194	141
745	224	193	143
737	224	190	144
735	223	188	146
726	223	186	149
719	222	186	148
714	223	182	151
715	221	178	152
708	220	176	154
702	220	174	156
695	220	176	156
692	220	174	157
689	219	172	159
690	219	165	161
687	219	162	160
680	218	161	161
677	219	159	162
671	220	160	162
663	219	161	162
660	221	161	161
655	223	160	162
655	224	157	162
652	224	156	162
649	224	153	163
646	226	154	164
641	228	153	165
637	229	153	165
638	230	151	165
636	230	149	165
634	235	144	165
636	239	141	162
636	242	136	161
634	244	132	162
635	246	128	161
634	247	125	160
631	250	122	158
630	251	119	158
630	251	115	159
628	253	111	159
628	252	107	160
627	253	103	161
622	256	102	159
618	256	102	158
615	257	103	156
611	258	103	156
610	261	100	156
607	261	99	155
609	261	98	155
607	262	98	154
606	262	96	154
604	262	95	153
602	261	94	154
599	259	94	154
598	259	90	155
596	258	89	156
594	257	87	155
593	257	86	156
592	256	85	155
590	255	84	155
588	255	82	155
586	253	81	156
587	253	81	157
585	252	80	158
583	251	79	160
583	252	76	161
581	250	75	160
583	250	72	160
582	249	71	161
580	250	69	161
582	250	66	162
580	249	65	163
577	249	63	163
573	247	62	161
576	248	60	160
576	245	57	161
577	244	54	163
570	245	54	164
577	243	53	165
574	244	52	164
572	245	50	163
571	246	48	162
573	246	45	163
572	246	44	164
570	248	44	163
568	247	43	164
560	242	43	163
561	241	41	161
563	243	39	163
562	243	38	164
560	243	38	165
559	242	38	164
557	242	38	164
555	244	39	166
546	244	40	163
549	244	39	160
549	245	39	162
549	244	39	161
545	243	40	161
536	243	40	163
531	238	42	163
529	240	43	161
525	241	43	159
521	239	45	158
516	241	48	155
514	240	54	153
509	238	59	150
506	237	63	150
504	235	68	148
499	235	73	146
498	237	76	144
497	235	78	142
495	236	81	141
494	235	84	139
492	234	87	139
492	235	91	138
489	234	96	137
488	234	100	135
485	229	102	131
486	227	106	131
480	227	111	131
477	227	115	132
479	229	121	130
477	230	126	129
472	229	129	129
472	230	130	128
477	230	132	124
477	232	134	122
476	231	136	121
477	232	138	120
476	232	139	121
479	234	139	121
478	236	139	121
480	236	138	120
484	238	134	120
486	239	133	120
488	239	131	121
492	240	128	124
494	239	126	125
496	239	124	127
498	239	121	129
498	239	116	133
501	240	110	135
504	239	108	136
504	239	106	138
505	238	104	139
505	239	103	140
506	236	99	141
508	237	97	142
509	236	95	142
509	239	89	144
511	236	86	146
513	235	83	148
512	234	81	149
514	236	79	151
516	232	77	152
516	232	75	152
517	234	73	152
520	229	72	154
519	226	73	157
517	225	73	159
517	226	75	159
514	229	75	160
514	226	77	162
513	224	77	164
513	224	77	166
512	223	73	168
512	225	70	167
515	225	67	167
515	227	65	167
518	225	63	169
516	227	65	167
517	226	64	166
514	226	65	167
514	229	65	165
515	226	62	168
517	224	59	171
515	226	60	169
515	223	61	171
516	221	59	173
518	223	58	173
516	211	56	179
515	224	57	174
516	222	56	175
515	221	56	175
516	223	56	172
515	225	56	170
516	221	55	171
514	225	55	169
515	223	54	171
518	226	50	175
511	222	50	174
515	222	47	177
518	225	46	176
511	221	47	175
516	219	47	175
516	220	47	175
517	219	47	176
510	218	46	174
514	222	45	173
507	222	48	172
510	220	46	175
511	214	47	173
507	216	49	170
504	219	50	168
499	226	55	161
494	235	58	154
490	233	61	153
488	236	65	148
486	236	68	147
484	233	70	146
480	229	72	147
481	226	72	150
481	225	70	151
478	221	69	152
475	219	68	153
471	216	70	154
476	222	68	153
471	223	69	151
467	217	70	149
463	218	72	148
458	215	73	149
454	204	72	150
451	206	73	150
456	208	73	150
450	204	72	154
453	204	71	155
444	196	72	157
448	197	70	158
438	193	70	159
432	193	70	158
535	282	81	154
537	297	94	149
536	286	109	152
522	278	122	157
509	279	131	162
497	280	139	167
484	281	147	169
483	283	146	170
474	283	145	169
463	283	143	169
458	284	146	169
446	285	149	168
448	285	145	168
444	286	142	168
440	284	139	168
434	284	137	169
428	284	133	170
425	284	131	172
419	285	129	172
419	281	123	174
417	282	119	174
411	284	117	171
411	285	111	169
408	281	106	170
406	281	100	170
405	283	97	171
401	279	93	173
401	281	93	173
400	277	91	177
399	271	88	182
394	263	85	189
392	265	80	192
392	266	75	193
390	264	72	195
391	258	67	199
387	263	66	196
380	272	66	189
376	269	67	186
377	270	64	185
375	284	64	180
376	275	59	182
378	268	56	184
371	259	55	187
376	265	55	186
378	272	56	184
378	270	57	180
377	269	59	170
369	273	58	166
374	272	59	163
373	270	62	159
369	269	65	159
370	270	68	157
368	270	71	157
367	270	74	156
367	265	79	154
365	263	78	157
364	260	76	157
367	258	78	158
364	259	79	157
367	255	81	159
368	255	83	159
367	254	82	161
368	251	83	162
371	248	83	161
370	246	86	160
368	244	87	158
368	245	87	157
370	245	90	157
375	242	100	153
369	242	102	154
370	238	104	155
369	236	105	156
370	230	102	161
373	229	105	159
369	229	104	158
369	226	106	156
367	226	111	154
365	221	114	155
361	218	115	156
363	216	114	155
362	216	116	155
364	214	116	154
362	211	121	153
359	208	124	151
359	206	129	150
358	205	131	150
358	204	135	148
359	203	133	146
360	203	133	145
365	204	135	144
372	204	132	143
372	205	130	144
375	206	131	144
379	204	130	144
380	206	134	142
385	204	136	141
384	205	138	137
384	208	143	133
383	208	145	132
384	207	150	131
384	211	152	132
380	214	158	131
376	211	161	131
387	211	161	129
389	210	164	127
393	216	164	126
388	216	166	126
389	216	167	126
385	216	166	124
387	219	167	123
392	218	168	124
395	224	168	119
400	224	166	118
396	224	167	116
399	224	167	115
398	220	169	117
396	223	171	116
396	225	173	116
399	223	174	116
403	226	172	116
404	226	170	115
404	228	172	115
403	226	172	115
404	227	174	115
405	227	174	116
404	229	174	118
406	228	176	119
410	230	175	116
412	233	172	117
417	236	168	118
422	233	165	120
425	237	163	123
426	238	161	123
430	241	158	124
429	242	157	124
432	243	155	125
437	245	153	126
441	245	150	128
439	248	150	129
441	246	150	129
445	248	148	131
447	249	146	132
454	249	143	133
453	249	140	134
458	249	139	135
459	250	139	135
459	249	138	136
462	250	136	137
464	250	138	137
467	250	136	138
471	249	132	138
477	251	127	138
481	252	125	138
481	253	125	138
485	254	124	139
485	252	123	138
490	250	119	139
491	250	116	139
491	252	116	139
497	253	115	138
497	253	111	139
500	252	109	139
503	252	109	139
505	251	108	138
507	250	107	138
507	251	103	138
509	248	100	139
512	245	95	140
516	247	95	138
519	245	96	137
518	245	97	136
519	242	98	136
520	242	99	136
518	242	99	136
520	240	98	138
522	240	97	141
522	236	98	143
522	236	98	145
523	232	100	146
517	232	101	147
520	232	102	147
520	226	101	149
521	224	101	150
520	224	98	149
522	224	97	149
522	219	98	150
523	219	97	151
522	217	98	151
521	214	96	152
523	213	99	152
522	213	99	152
524	207	99	153
523	210	99	154
522	208	99	155
523	204	103	154
