1517	755	402	166
1493	756	407	162
1478	751	414	157
1440	749	434	155
1427	743	440	155
1385	742	451	153
1346	736	463	153
1324	734	468	154
1296	731	472	154
1286	728	465	156
1270	724	453	156
1254	722	444	153
1245	714	449	152
1212	715	442	148
1204	713	431	152
1186	708	423	155
1181	706	427	154
1159	704	433	152
1137	705	430	152
1117	703	424	155
1108	701	419	158
1098	699	416	160
1083	695	416	159
1073	696	417	157
1057	696	420	155
1036	697	423	151
1033	697	422	151
1028	700	423	153
1018	699	416	157
1014	698	409	161
1017	697	401	165
1018	695	389	169
1014	694	376	173
1012	690	380	175
1017	690	384	176
1000	688	383	178
982	685	374	178
921	674	367	171
914	679	369	165
896	679	374	159
845	681	378	156
813	666	393	159
757	654	403	167
734	652	408	168
726	647	389	172
727	639	373	179
729	650	365	184
725	647	364	186
709	627	353	193
699	640	350	197
694	638	355	196
666	668	374	187
650	676	390	181
605	682	387	181
548	697	364	175
526	703	346	168
524	709	331	163
491	713	329	156
468	706	323	158
443	706	320	159
405	712	315	160
385	713	305	168
376	725	305	170
355	727	301	170
337	737	300	163
297	736	296	156
275	741	295	150
250	741	278	149
234	745	261	147
216	746	255	145
200	750	254	139
183	751	256	138
168	754	255	137
161	757	267	134
135	762	279	132
101	768	276	129
69	771	270	128
39	775	262	126
27	780	260	122
8	783	255	121
-8	788	243	121
-9	785	230	123
