917	498	188	105
912	501	195	97
915	504	199	94
926	503	198	91
936	504	192	91
941	504	187	90
953	504	178	90
956	504	173	90
965	504	166	91
974	503	161	92
983	501	153	93
984	500	150	93
986	500	152	93
986	501	151	92
985	502	153	91
984	503	156	90
983	502	160	89
976	504	166	87
973	503	169	87
971	503	172	86
967	504	177	86
964	504	181	86
958	503	185	85
959	503	187	86
956	504	190	86
955	504	192	87
951	501	194	89
948	500	197	90
944	499	201	90
941	500	206	90
937	501	210	90
938	500	213	92
936	500	216	91
930	499	222	92
930	498	223	94
931	499	224	95
924	499	228	95
925	499	229	96
924	498	231	97
924	498	234	98
917	497	235	99
913	494	235	101
918	496	236	102
911	493	238	103
916	495	241	102
913	488	240	101
934	496	235	101
906	485	234	98
888	484	224	99
889	482	214	100
892	472	204	103
890	463	194	106
853	457	194	106
874	465	191	110
885	478	190	107
885	473	187	107
890	457	180	108
849	446	200	102
848	448	215	98
861	447	224	98
850	442	241	94
836	441	252	93
835	443	265	91
857	439	271	90
864	439	278	89
861	440	282	88
877	440	283	88
877	441	283	90
873	441	293	91
882	443	298	92
898	446	303	91
916	453	299	94
921	446	296	100
918	448	299	100
921	450	300	101
943	451	297	103
958	448	295	105
969	449	293	106
968	450	293	104
971	449	293	102
978	451	294	103
986	453	293	103
1003	456	291	104
1007	456	289	107
1012	458	295	104
1014	461	296	104
1031	462	296	103
1039	463	294	100
1051	465	289	96
1057	470	288	95
1055	468	288	98
1058	468	289	99
1067	468	287	102
1073	469	286	102
1079	476	285	101
1088	481	284	104
1094	485	282	107
1094	483	279	110
1101	475	279	111
1102	485	283	111
1100	489	282	113
1108	487	284	114
1108	485	290	115
1106	488	291	117
1116	491	294	117
1125	643	317	115
1093	653	345	112
1080	644	371	116
1083	649	381	120
1084	641	395	125
1098	642	399	128
1120	645	401	129
1138	646	399	129
1148	644	398	129
1171	644	395	130
1169	642	391	130
1195	643	394	131
1210	639	391	134
1218	637	379	138
1235	631	363	141
1253	633	350	141
1254	633	346	140
1266	635	342	137
1281	636	333	137
1295	635	329	136
1301	634	326	135
1306	636	327	132
1307	638	329	129
1313	639	331	126
1320	640	331	125
1329	640	331	124
1337	642	333	122
1346	643	336	120
1342	644	338	118
1354	643	338	117
1356	643	333	119
1368	641	327	120
1384	644	322	119
1393	643	318	119
1400	642	314	118
1420	641	307	120
1431	638	298	120
1451	641	292	120
1462	643	287	121
1473	640	285	122
1472	639	282	121
1482	649	280	119
1489	641	280	116
1498	643	276	117
1504	643	274	116
1512	645	271	113
1518	644	268	111
1522	645	267	109
1524	644	269	107
1528	645	271	105
1527	645	275	103
1528	645	279	102
1528	645	281	102
1532	645	281	101
1540	645	279	99
1554	648	278	98
1560	645	280	98
1563	647	281	98
1564	648	281	98
1573	646	278	98
1582	644	277	99
1590	645	276	99
1595	645	276	97
1598	645	278	96
1605	648	275	96
1611	649	274	97
1625	650	268	97
1646	656	254	103
1662	651	240	107
1675	649	231	111
1677	649	225	114
1683	648	223	111
1692	646	219	109
1700	642	219	108
1703	644	218	108
1706	642	217	106
1705	645	217	105
1706	644	215	103
1711	642	214	102
1712	646	211	100
1714	642	209	101
1715	642	205	100
1716	645	204	99
1718	643	202	98
1720	646	201	97
1723	644	199	97
1726	645	196	97
1733	644	194	97
1733	646	190	97
1739	644	185	96
1742	644	181	98
1750	643	174	99
1756	645	170	99
1764	650	164	97
1765	646	160	96
1773	652	153	94
1780	654	146	92
1786	653	141	90
1791	654	134	89
1799	657	128	87
1802	656	123	86
1807	657	118	85
1818	655	109	85
1829	653	99	88
1840	650	87	92
1837	650	84	94
1846	647	76	99
1856	643	69	102
1852	642	67	103
