1720	1519	202	81
1723	1517	202	83
1723	1514	195	87
1721	1509	189	89
1719	1508	180	93
1719	1505	171	93
1716	1503	170	92
1713	1503	167	92
1713	1500	165	92
1701	1498	165	89
1697	1494	169	84
1695	1493	174	79
1684	1491	178	75
1680	1487	180	71
1668	1486	177	68
1663	1485	174	66
1657	1486	174	63
1644	1474	173	63
1651	1478	181	61
1643	1479	184	62
1619	1475	176	62
1624	1472	172	64
1628	1472	174	64
1625	1473	169	67
1619	1474	164	70
1617	1474	165	71
1612	1473	162	75
1607	1472	161	78
1602	1474	158	82
1594	1478	156	86
1589	1480	156	85
1582	1483	154	88
1582	1486	153	92
1579	1486	154	94
1573	1489	152	97
1574	1491	147	99
1574	1492	146	99
1569	1491	143	103
1572	1488	141	108
1571	1483	139	114
1572	1484	140	115
1571	1480	139	117
1572	1483	140	115
1572	1489	141	111
1573	1491	140	108
1573	1492	139	106
1572	1491	136	106
1572	1488	134	108
1573	1485	133	110
1573	1484	132	112
1574	1486	133	113
1575	1487	135	112
1576	1485	134	112
1575	1486	134	112
1576	1486	135	113
1575	1486	134	113
1573	1487	131	113
1574	1486	130	113
1573	1484	127	116
1572	1484	127	116
1565	1475	125	121
1545	1487	128	115
1537	1494	133	106
1529	1497	141	97
1519	1504	148	89
1516	1510	160	82
1503	1515	171	79
1489	1516	174	77
1475	1516	180	76
1449	1519	178	77
1449	1518	177	76
1443	1520	181	76
1434	1521	182	77
1425	1528	188	77
1416	1531	194	78
1409	1529	196	79
1406	1528	198	80
1393	1530	200	83
1376	1535	197	86
1365	1541	191	90
1361	1542	187	89
1358	1543	185	86
1351	1544	183	85
1347	1547	186	84
1338	1550	196	79
1327	1553	203	77
1325	1554	208	76
1320	1559	211	75
1310	1561	212	73
1311	1562	213	70
1307	1562	215	69
1304	1560	212	69
1308	1560	209	69
1305	1558	207	68
1309	1557	207	68
1306	1557	204	68
1312	1558	206	67
1307	1559	206	67
1312	1557	208	65
1309	1558	207	64
1310	1559	208	63
1309	1558	205	63
1312	1558	206	62
1309	1558	206	62
1311	1559	205	61
1310	1559	205	60
1312	1559	206	59
1307	1557	206	59
1310	1557	206	59
1310	1557	207	59
1308	1556	205	60
1313	1557	207	59
1305	1556	205	59
1307	1557	204	59
1310	1558	206	58
1308	1558	202	59
1312	1559	200	59
1311	1557	199	58
1308	1558	197	59
1315	1559	199	58
1310	1560	198	59
1310	1559	198	59
1308	1561	197	60
1308	1560	199	60
1309	1559	198	60
1313	1559	198	60
1309	1560	196	60
1312	1557	198	60
1310	1557	198	60
1314	1558	199	60
1307	1559	198	61
1309	1559	199	61
1315	1558	199	60
1311	1559	197	61
1311	1560	197	61
1312	1560	198	60
1309	1561	196	60
1312	1560	196	61
1310	1560	198	60
1313	1562	200	59
1309	1559	200	60
1311	1559	200	61
1312	1559	201	62
1310	1558	200	63
1315	1559	202	63
1311	1559	202	62
1313	1562	201	63
1305	1562	200	64
1305	1562	198	65
1299	1561	197	66
1292	1559	195	68
1290	1560	198	69
1281	1560	198	70
1270	1560	202	71
1263	1561	200	73
1260	1563	198	74
1258	1563	201	75
1250	1565	206	77
1243	1566	205	79
1235	1571	198	82
1225	1574	189	83
1226	1574	185	82
1226	1574	179	84
1226	1578	176	85
1225	1578	175	84
1222	1580	171	86
1221	1584	168	88
1220	1583	166	90
1216	1583	166	92
1214	1586	162	93
1217	1584	162	95
1213	1587	160	94
1217	1584	160	94
1218	1586	160	95
1215	1584	161	94
1214	1587	160	93
1215	1587	160	94
1218	1586	161	94
1215	1591	158	93
1215	1587	159	93
1214	1588	156	92
1213	1591	157	92
1214	1592	156	91
1217	1592	160	90
1218	1589	163	90
1218	1589	166	90
1214	1590	167	90
1215	1591	168	89
1213	1592	169	89
1217	1589	172	89
1212	1593	169	90
1215	1592	169	89
1213	1594	170	90
1212	1591	169	92
1216	1590	170	91
1213	1589	169	92
1212	1585	169	94
1216	1585	168	95
1218	1583	165	95
1213	1588	163	95
1210	1585	158	97
1216	1582	157	97
1215	1581	154	101
1218	1576	156	104
1216	1577	154	105
1215	1578	154	104
1217	1576	155	105
1218	1575	154	105
1217	1579	151	103
1215	1580	147	102
1215	1580	148	99
1212	1580	147	101
1213	1578	145	101
1210	1577	140	101
1206	1574	138	102
1192	1587	139	96
1185	1592	144	88
1175	1596	151	80
1178	1604	160	71
1166	1608	169	65
1158	1609	183	61
1146	1609	190	60
1131	1608	191	61
1127	1608	199	62
1116	1603	198	65
1103	1602	200	67
1089	1601	203	68
1077	1602	206	67
1071	1604	212	65
1062	1603	216	65
1053	1602	217	65
1044	1600	218	66
1041	1599	217	66
1028	1598	202	69
1018	1601	196	69
1006	1603	190	69
1004	1599	187	70
1002	1599	187	70
997	1596	190	70
987	1593	197	71
986	1589	201	74
980	1585	202	78
978	1581	203	81
972	1577	198	85
970	1574	195	88
961	1569	191	91
957	1562	190	92
956	1567	186	93
956	1565	189	92
954	1565	186	94
955	1565	184	96
953	1563	179	97
954	1563	177	97
953	1561	178	95
954	1560	178	93
952	1562	181	92
955	1561	184	89
953	1560	183	87
952	1564	184	87
949	1562	183	87
953	1564	181	87
951	1563	184	86
948	1561	185	87
951	1563	184	85
950	1560	183	82
951	1562	184	80
951	1562	184	78
951	1564	185	78
951	1565	184	78
952	1566	184	77
952	1565	186	76
952	1564	187	75
951	1563	188	75
950	1563	192	74
950	1565	192	72
951	1566	193	69
950	1564	194	69
948	1565	193	69
949	1566	193	69
948	1566	192	71
952	1564	195	71
948	1564	199	69
938	1565	190	71
942	1565	179	74
935	1563	176	76
932	1556	172	78
926	1555	174	79
918	1555	173	82
908	1556	176	82
897	1562	176	82
890	1564	179	84
881	1565	179	86
873	1570	183	88
868	1566	188	91
867	1568	190	94
845	1579	193	101
833	1581	196	105
826	1584	203	110
815	1595	208	116
809	1596	208	122
809	1602	213	127
796	1598	207	135
803	1601	207	137
791	1603	206	142
784	1602	201	149
790	1604	201	150
784	1608	204	152
754	1604	196	160
750	1608	187	168
746	1609	184	171
751	1611	178	175
753	1612	175	176
752	1612	175	176
753	1611	175	177
744	1614	174	179
747	1610	175	177
741	1610	175	178
751	1616	174	179
749	1616	174	182
745	1610	177	182
753	1620	175	185
750	1623	175	187
743	1627	174	188
740	1612	177	185
748	1618	177	184
754	1615	175	186
750	1615	175	189
743	1611	179	189
749	1615	179	190
747	1623	175	194
745	1615	176	195
741	1607	179	194
752	1608	181	189
747	1610	183	187
746	1614	183	187
735	1603	185	187
732	1613	185	189
752	1614	182	189
749	1619	178	190
755	1624	174	194
748	1612	177	192
754	1625	176	195
744	1609	179	192
754	1615	182	189
758	1616	186	186
749	1622	184	186
752	1626	185	182
752	1624	186	178
749	1616	187	178
748	1618	188	179
754	1620	186	180
746	1625	187	177
754	1624	183	180
749	1623	182	178
753	1625	179	179
752	1627	176	180
746	1618	178	180
754	1616	180	178
746	1624	179	179
751	1625	173	188
745	1610	175	188
740	1609	176	189
744	1615	177	187
735	1605	180	186
744	1614	178	187
749	1610	177	188
738	1600	179	187
730	1606	178	187
744	1609	177	188
746	1611	175	188
743	1616	173	189
748	1607	174	186
753	1625	166	196
750	1623	160	204
762	1649	161	203
757	1653	158	203
745	1642	145	212
749	1637	136	216
749	1633	126	221
752	1634	117	225
755	1630	108	230
754	1629	102	233
755	1639	96	230
759	1638	92	228
756	1641	89	225
755	1642	86	223
759	1643	85	224
762	1640	83	227
763	1640	80	228
764	1642	78	228
761	1639	76	227
759	1642	76	226
760	1642	75	224
761	1638	75	225
760	1644	74	225
761	1643	75	224
762	1641	75	224
760	1645	76	223
762	1645	77	222
763	1645	77	222
762	1643	75	225
762	1642	76	226
762	1643	77	225
760	1644	77	226
761	1643	78	225
759	1643	78	226
760	1640	79	227
760	1643	77	227
761	1641	77	227
759	1642	77	227
763	1641	76	228
765	1643	74	227
766	1647	74	225
765	1650	73	225
766	1656	73	225
763	1665	73	224
758	1669	76	223
760	1670	74	222
758	1672	72	224
757	1675	71	227
750	1677	73	224
751	1677	72	224
751	1678	70	225
751	1678	70	225
751	1682	70	226
751	1677	68	228
750	1677	67	227
748	1680	68	228
746	1678	68	226
745	1675	70	224
746	1677	70	224
746	1681	68	226
744	1676	68	224
746	1680	66	226
745	1677	67	227
745	1679	67	228
744	1680	66	228
744	1681	66	228
756	1686	66	228
752	1687	67	227
750	1686	68	226
751	1691	68	221
751	1685	68	222
751	1687	66	222
750	1689	65	221
749	1690	64	220
749	1691	65	221
749	1688	65	220
759	1686	66	220
755	1688	66	219
753	1688	66	221
753	1686	66	224
753	1687	66	223
756	1680	67	224
755	1681	66	225
756	1683	67	225
757	1684	66	227
759	1679	66	230
759	1675	67	232
758	1676	68	231
757	1672	68	234
756	1676	69	233
755	1677	70	231
755	1674	69	233
755	1676	70	233
755	1676	71	232
757	1684	72	228
761	1688	73	223
763	1696	73	215
766	1695	72	213
765	1710	71	205
763	1701	69	209
762	1707	67	210
762	1722	67	206
761	1735	67	200
763	1738	67	198
764	1739	67	199
767	1737	68	202
768	1738	69	203
769	1735	72	206
772	1735	75	209
770	1748	82	207
770	1747	87	208
768	1756	92	206
769	1785	102	193
766	1789	106	187
