1752	615	143	58
1752	617	139	57
1756	616	140	57
1754	618	150	57
1735	620	131	57
1734	622	133	56
1729	623	130	57
1719	626	134	56
1712	627	136	56
1702	629	142	56
1700	628	137	59
1693	629	143	58
1690	628	145	60
1684	629	134	56
1676	630	139	56
1677	631	144	57
1674	633	141	57
1669	635	150	56
1661	635	156	56
1654	635	147	58
1657	637	126	57
1656	640	133	56
1658	642	127	57
1660	643	125	57
1661	643	131	58
1663	645	128	58
1662	646	137	57
1665	647	137	58
1664	648	138	58
1664	650	116	59
1661	654	115	57
1661	648	140	62
1663	647	134	61
1664	645	115	63
1661	643	125	66
1661	648	142	60
1655	652	144	59
1652	651	129	62
1650	656	100	60
1644	658	95	60
1642	657	86	64
1637	665	89	57
1632	667	87	57
1629	670	84	56
1624	673	83	56
1619	676	82	55
1615	677	82	55
1610	679	91	54
1607	679	91	55
1601	680	90	54
1598	682	77	56
1591	682	78	56
1585	683	86	56
1581	685	82	57
1575	686	84	56
1572	688	88	57
1566	690	93	58
1564	692	95	55
1560	692	96	56
1557	695	95	57
1554	696	98	57
1551	697	87	60
1546	698	80	59
1544	699	88	57
1541	701	85	57
1538	702	88	56
1536	701	94	58
1535	701	73	58
1533	701	75	57
1531	701	75	58
1531	700	78	57
1530	700	79	56
1529	699	76	58
1530	700	71	57
1533	700	66	60
1533	701	64	59
1533	701	61	59
1533	701	59	59
1535	703	60	60
1536	703	57	60
1537	704	62	60
1539	705	63	60
1540	706	67	59
1540	706	67	58
1540	705	61	59
1539	705	62	59
1538	702	61	60
1535	702	65	60
1532	702	67	59
1530	703	70	63
1526	704	75	61
1520	705	88	61
1518	705	91	62
1512	706	99	63
1507	710	103	62
1504	709	104	61
1496	711	110	62
1488	709	113	62
1482	710	113	65
1475	709	120	63
1466	709	125	64
1465	708	123	64
1451	708	130	65
1446	708	124	67
1435	708	127	69
1425	708	129	68
1418	707	132	70
1414	704	140	69
1412	706	134	73
1406	706	138	72
1397	702	113	65
1390	699	115	64
1382	699	115	65
1376	697	119	65
1367	699	131	63
1362	696	145	67
1349	695	145	68
1349	693	147	69
1345	694	151	69
1335	695	136	67
1334	693	119	69
1327	693	123	64
1332	691	117	67
1333	689	109	68
1329	689	113	67
1326	690	115	67
1325	690	138	69
1321	688	119	66
1322	688	118	66
1321	686	126	66
1320	684	111	66
1316	682	154	70
1315	680	150	70
1314	679	151	69
1313	678	152	70
1311	676	155	71
1310	673	158	73
1304	672	141	72
1302	671	169	73
1309	669	161	73
1303	668	143	74
1296	666	145	72
1293	666	155	74
1289	661	133	73
1285	658	114	70
1282	653	92	66
1276	651	86	58
1275	647	76	55
1275	647	76	55
1275	647	76	55
1275	647	76	55
1275	647	76	55
1446	343	107	57
1308	85	134	60
1138	188	178	77
1130	187	187	76
1132	187	182	75
1123	185	140	77
1126	183	133	80
1118	180	165	80
1118	178	175	83
1118	175	160	80
1115	174	169	82
1111	170	170	84
1116	168	157	83
1102	165	159	84
1101	164	153	86
1098	162	156	85
1110	593	158	81
1096	592	164	79
1089	587	162	74
1085	585	152	76
1080	586	160	74
1070	583	153	75
1060	581	159	74
1055	577	149	75
1053	576	149	74
1046	573	136	74
1037	568	132	77
1034	563	123	77
1019	562	140	81
1020	557	151	81
1010	559	148	83
1002	552	160	85
997	554	149	82
994	548	132	83
986	545	132	80
983	543	120	79
970	541	123	77
959	538	118	79
942	534	139	81
937	533	136	84
933	532	127	82
926	531	126	79
922	527	121	79
914	525	131	79
903	524	143	80
893	523	151	80
891	522	158	88
877	514	168	88
869	517	161	82
854	519	124	74
851	515	117	75
842	515	119	74
829	512	120	77
815	511	120	76
804	510	116	76
791	512	118	79
774	509	122	77
766	509	121	77
755	509	122	77
746	505	117	78
730	505	124	77
726	503	114	74
712	502	115	74
703	501	123	79
695	500	118	79
686	501	123	78
675	502	128	75
666	504	131	73
659	503	134	74
654	503	129	74
650	501	131	74
647	502	132	73
644	503	122	74
645	499	150	72
647	501	145	65
655	501	101	65
659	504	98	64
568	402	115	62
574	405	131	62
574	362	125	103
609	128	168	100
963	20	138	129
1142	655	157	115
1143	647	165	120
1143	640	171	125
1135	619	159	138
1130	615	157	132
1140	607	133	129
1142	595	121	132
1148	585	132	145
1147	576	141	154
1148	567	137	160
1152	560	146	166
1154	535	132	171
1160	531	122	148
1161	519	117	158
1129	486	106	158
1130	486	101	151
1141	492	87	147
781	395	142	96
611	361	180	86
599	347	197	99
599	339	196	109
589	333	196	118
590	343	195	103
590	341	195	96
585	345	197	98
580	345	196	91
581	347	195	90
573	342	204	94
566	339	216	96
556	330	225	103
548	319	238	118
548	319	238	118
839	44	267	151
948	86	222	135
960	94	205	127
952	89	213	129
936	87	231	128
927	91	235	123
919	86	245	124
919	80	244	140
926	79	230	143
929	71	218	149
921	64	224	156
926	55	210	169
923	57	189	163
922	72	204	150
904	69	198	150
895	71	206	150
899	70	220	148
896	63	198	151
887	60	217	149
885	60	224	151
887	65	222	146
890	61	221	152
890	63	227	146
887	60	230	150
887	64	278	143
890	59	280	146
890	60	276	144
896	56	274	145
892	57	294	143
897	60	294	135
899	55	293	143
899	60	297	133
904	52	279	146
904	52	279	146
904	52	279	146
904	52	279	146
904	52	279	146
431	698	233	111
431	698	233	111
450	694	211	105
503	686	167	106
503	686	167	106
516	691	180	97
480	685	157	105
512	688	188	100
506	687	197	96
507	683	202	101
508	685	201	96
508	678	205	108
218	373	126	93
224	376	105	78
220	378	103	73
219	379	122	75
224	381	112	74
211	380	114	76
230	381	98	78
228	382	95	78
229	383	101	76
229	383	97	78
218	381	115	80
217	379	123	82
218	380	120	85
215	381	121	84
215	382	121	85
213	382	124	84
214	382	127	86
216	384	129	85
215	388	132	83
217	387	139	79
221	393	144	76
221	380	142	90
225	378	141	91
225	393	135	79
229	387	150	84
230	390	148	85
233	389	147	84
232	410	112	72
240	418	96	57
244	423	88	53
356	309	93	64
359	308	119	71
362	303	94	67
363	301	117	74
362	294	117	71
364	295	119	74
368	290	113	69
367	287	122	70
372	285	117	70
371	284	109	67
375	281	123	69
377	279	119	71
376	278	124	69
378	277	123	71
380	274	115	73
380	273	112	71
382	272	108	74
382	270	109	76
382	265	105	76
378	265	118	82
377	264	117	83
376	260	109	83
374	258	101	78
373	254	94	81
371	248	94	84
377	253	93	79
379	246	93	71
377	252	93	60
376	251	93	63
375	246	93	64
370	242	97	66
365	241	102	64
368	243	97	63
366	241	99	60
367	240	100	61
368	239	93	60
368	239	97	59
367	240	96	60
367	240	96	60
374	239	88	59
368	238	97	59
370	240	99	58
376	240	93	58
375	242	95	56
381	241	95	56
385	242	95	54
388	241	101	53
392	243	94	52
397	241	95	54
405	241	92	51
411	239	89	53
417	239	84	52
425	239	77	52
434	239	73	51
439	239	81	51
440	239	87	50
452	240	75	48
458	238	71	49
467	238	68	49
477	238	63	50
481	237	80	50
475	236	80	47
493	236	69	49
493	234	73	50
506	230	85	52
509	228	80	54
511	225	88	58
431	491	84	76
433	498	79	78
432	501	87	74
429	502	96	75
427	497	91	81
424	499	97	78
604	555	132	95
600	551	136	97
600	547	128	100
597	542	130	101
595	532	130	106
592	522	136	111
592	522	136	111
592	522	136	111
455	271	134	96
739	166	181	79
739	166	175	80
734	165	174	79
727	164	174	78
722	163	174	77
724	163	173	76
720	161	172	78
716	162	175	76
719	162	172	75
717	161	177	76
713	162	181	73
709	161	184	75
715	159	182	77
715	158	185	76
712	159	188	75
716	158	187	75
720	159	183	76
1012	339	150	137
1008	337	163	152
1003	330	174	157
1012	339	167	158
1032	342	158	160
1052	374	147	137
1056	395	153	129
