1119	167	98	60
1119	164	92	62
1123	164	87	62
1134	163	77	60
1136	165	72	60
1143	161	64	61
1150	160	53	62
1141	160	61	62
1131	157	64	62
1136	152	58	63
1133	146	58	70
1127	147	63	67
1129	148	58	68
1141	145	45	73
1127	150	57	70
1143	145	43	82
1143	142	42	85
1139	141	42	85
1139	139	40	84
1138	132	40	90
1136	128	39	88
1133	126	44	93
1133	125	46	94
1133	124	46	95
1133	120	47	99
1134	121	47	99
1133	114	49	102
1128	111	55	104
1121	105	64	109
1130	117	57	98
1129	114	61	99
1118	109	73	104
1105	108	87	101
1106	108	88	105
1112	109	86	105
1135	118	74	102
1139	121	75	96
1131	114	90	103
1135	113	94	105
1137	117	93	101
1136	121	97	94
1135	118	98	97
1133	116	101	96
1131	114	108	101
1127	108	107	103
1131	107	111	110
1135	112	108	106
1135	106	110	111
1143	110	105	108
1165	123	83	96
1138	104	105	108
1141	102	112	114
1138	100	108	115
1123	96	123	117
1127	84	124	136
1118	49	130	172
1129	83	125	143
1133	93	120	131
1136	89	117	134
1135	84	118	140
1137	82	113	140
1143	75	108	148
1147	76	105	147
1151	74	100	148
1153	76	98	143
1155	78	96	141
1161	78	91	141
1167	79	88	140
1165	78	91	140
1169	82	86	134
1168	86	87	127
1170	85	84	125
1176	92	79	123
1175	93	78	122
1178	90	76	121
1180	93	76	122
1183	89	76	120
1181	88	80	119
1185	86	79	119
1182	84	83	117
1186	77	85	118
1186	81	84	117
1185	80	86	119
1181	78	91	122
1183	76	88	124
1185	76	86	125
1184	74	88	126
1187	77	88	119
1188	69	90	126
1187	71	93	124
1186	74	95	125
1190	72	92	126
1188	67	96	129
1187	64	96	132
1190	61	95	129
1192	65	94	128
1195	61	93	132
1195	56	93	132
1196	55	93	136
1201	50	89	137
1200	51	88	138
1207	50	85	137
1205	48	88	138
1208	47	84	140
1211	47	81	138
1210	41	84	143
1211	43	83	139
1209	44	83	141
1212	47	80	143
1213	36	79	145
1219	38	76	145
1221	36	75	147
1225	36	74	145
1222	30	79	146
1223	31	80	147
1224	28	77	148
1222	28	81	150
1222	29	82	149
1224	22	89	153
1218	15	94	154
1221	16	97	155
1217	24	94	156
1213	18	107	155
1209	9	113	165
1204	13	116	166
1210	9	115	167
1204	4	118	171
1210	7	115	177
1224	17	99	175
1211	14	112	184
1219	12	107	182
1228	12	99	182
1222	17	103	181
1227	19	101	178
1232	14	95	184
1235	16	94	183
1238	10	93	181
1239	23	90	176
1238	34	92	169
1240	41	90	167
1243	32	87	170
1243	39	87	175
1244	51	85	169
1245	41	83	167
1243	45	87	169
1243	55	85	166
1242	56	88	166
1243	53	88	167
1239	46	96	170
1242	59	88	169
1241	41	89	168
1242	47	86	166
1237	42	89	168
1231	49	97	164
1228	50	107	143
1228	51	108	133
1232	53	109	123
1237	58	110	110
1247	68	105	100
1248	72	110	94
1213	111	154	81
1210	112	170	85
1213	108	189	64
1165	108	216	86
1168	101	236	93
1164	99	220	88
1176	98	225	95
1177	102	249	89
1183	101	266	90
1183	88	263	108
1184	88	269	104
1195	89	263	103
1204	88	255	106
1212	85	259	110
1202	89	261	101
1227	74	260	116
1217	80	269	124
1225	66	266	134
1229	83	271	117
1237	73	263	118
1309	95	219	107
1296	78	208	108
1329	68	182	116
1369	97	176	115
1377	94	168	126
1350	82	180	103
1352	65	177	120
1362	66	176	115
1306	75	243	118
1276	54	245	136
1361	93	213	91
1375	96	192	84
1384	95	187	85
1379	96	187	81
1383	99	188	75
1369	89	190	81
1362	77	196	89
1313	75	252	130
1313	75	252	130
1317	79	257	129
1323	81	237	126
1328	78	267	130
1329	69	271	138
1352	62	255	119
1333	66	275	139
1333	67	247	131
1336	63	268	131
1332	50	278	148
1333	65	280	128
1327	54	288	141
1334	59	288	133
1332	55	298	140
1331	61	316	133
1332	61	321	133
1312	56	333	136
1316	55	315	126
1320	55	317	97
1320	49	315	95
1312	44	320	105
1303	39	332	102
1303	31	332	101
1292	31	329	102
1292	21	339	112
1275	35	342	134
1264	14	326	149
1259	16	260	148
1261	21	236	147
1260	11	268	171
1254	8	283	171
1257	6	275	174
1253	6	276	178
1251	6	255	189
1245	1	242	195
1236	8	224	194
1233	19	185	199
1235	8	187	212
1233	16	194	218
1226	-2	198	223
1228	7	197	230
1222	0	215	233
1215	4	216	244
1217	-1	221	243
1210	-12	206	242
1201	7	219	236
1193	12	239	229
1203	13	182	228
1197	7	180	223
1199	15	189	223
1202	17	189	224
1129	12	256	228
1089	16	302	233
1108	18	275	227
1112	28	263	218
1118	20	255	225
1189	27	180	206
1189	4	200	221
1189	6	201	225
1203	6	192	221
1199	23	201	208
1186	15	209	211
1179	3	223	222
1184	0	218	228
1184	1	217	224
1182	0	221	222
1191	7	221	216
1188	4	236	222
1183	9	220	214
1192	6	219	217
1196	0	218	223
1193	5	230	219
1187	5	220	215
1192	5	225	211
1193	7	227	212
1196	7	208	210
1184	5	229	209
1195	9	226	205
1202	4	215	210
1193	7	210	202
1192	5	194	199
1195	3	201	204
1195	1	191	205
1192	2	193	201
1189	2	187	203
1183	4	186	198
1184	3	190	195
1187	11	163	191
1191	6	178	194
1174	2	197	199
1176	0	185	203
1179	6	185	190
1175	4	188	190
1185	3	176	192
1187	4	173	190
1192	0	163	197
1187	4	170	190
1186	2	173	191
1183	0	176	196
1177	3	182	198
1183	-3	173	194
1190	0	166	194
1179	0	181	189
1185	5	164	187
1186	1	163	188
1185	1	160	187
1181	4	175	183
1178	2	178	176
1176	1	177	176
1177	0	165	171
1117	-3	225	165
1125	0	196	159
1099	2	219	156
1141	2	177	154
1171	1	137	156
1171	1	137	156
1171	1	137	156
1171	1	137	156
1171	1	137	156
1171	1	137	156
1171	1	137	156
1171	1	137	156
1171	1	137	156
1171	1	137	156
1171	1	137	156
1171	1	137	156
1171	1	137	156
1171	1	137	156
1171	1	137	156
1171	1	137	156
1171	1	137	156
1171	1	137	156
