1664	434	230	575
1687	421	212	562
1697	414	203	587
1685	417	209	556
1691	420	193	561
1685	406	190	583
1669	416	199	590
1657	413	197	579
1662	433	186	541
1652	400	181	600
1637	426	190	641
1623	414	203	607
1607	406	213	595
1607	399	204	503
1596	409	215	490
1580	412	223	504
1561	405	241	567
1555	413	239	661
1525	373	273	676
1534	411	263	627
1508	401	275	644
1495	417	284	616
1493	444	292	594
1480	442	300	600
1478	464	306	600
1474	461	301	582
1468	475	299	568
1462	491	302	541
1447	467	333	536
1411	472	360	414
1400	467	369	452
1372	449	409	389
1362	451	428	381
1364	451	432	375
1336	445	467	372
1315	438	494	359
1311	437	510	362
1297	395	523	369
1285	428	528	330
1276	350	529	390
1267	386	484	364
1240	422	526	301
1234	422	506	306
1216	425	532	303
1204	425	520	288
1201	426	484	242
1189	421	481	267
1186	424	487	274
1179	423	491	277
1173	424	494	280
1157	431	515	278
1122	365	543	325
1134	423	563	316
1115	381	571	352
1124	367	572	343
1101	356	596	324
1104	347	599	339
1101	341	607	347
1102	357	590	321
1120	337	583	336
1127	326	589	393
1147	290	584	561
1145	244	598	630
1158	238	583	613
1176	189	577	662
1191	339	585	674
1191	339	668	703
1190	206	579	685
1206	337	685	715
1193	321	607	705
1201	344	604	664
1221	335	566	701
1211	337	628	714
1212	331	620	721
1227	295	582	683
1220	322	658	743
1235	314	660	743
1233	321	638	727
1240	203	616	837
1256	217	585	817
1253	273	623	783
1268	227	618	823
1283	214	581	810
1264	253	613	797
1302	234	602	828
1290	245	607	780
1287	249	605	796
1295	240	606	762
1295	253	577	783
1288	211	624	834
1273	213	607	774
1290	245	586	795
1268	250	597	732
1263	259	599	769
1270	238	622	811
1259	243	615	764
1266	259	610	777
1251	246	556	747
1277	211	538	787
1257	272	590	712
1272	267	651	770
1242	253	585	730
1268	264	613	757
1247	247	652	763
1267	243	650	756
1245	256	573	719
1248	203	590	747
1221	263	590	743
1243	259	566	739
1257	258	531	713
1251	259	562	736
1258	228	659	811
1314	58	605	906
1158	29	755	963
1321	152	592	872
1248	249	571	743
1252	230	549	756
1284	259	596	753
1241	252	543	790
1306	272	624	779
1261	266	535	783
1261	263	573	790
1271	268	558	792
1274	272	553	783
1278	264	546	774
1293	269	584	791
1287	248	579	789
1320	249	558	797
1300	260	595	796
1300	248	594	794
1335	261	570	792
1339	257	570	795
1348	261	573	773
1365	260	552	799
1350	277	563	771
1370	247	543	803
1356	224	558	812
1372	251	544	771
1373	255	539	798
1373	218	537	801
1390	231	517	795
1387	249	524	747
1389	232	528	828
1387	239	536	800
1392	219	518	821
1390	223	519	818
1379	252	534	819
1383	220	538	809
1399	210	518	827
1394	205	513	853
1402	215	509	832
1389	215	521	858
1421	217	491	815
1398	167	511	871
1404	205	508	824
1402	189	515	890
1412	190	494	853
1409	144	505	890
1403	152	503	896
1399	159	517	884
1402	149	497	854
1426	164	489	889
1405	165	508	892
1412	165	509	871
1428	76	499	866
1433	134	482	839
1431	160	491	897
1428	136	486	835
1432	145	495	916
1408	56	513	938
1409	181	507	866
1406	159	511	862
1404	36	526	934
1411	121	516	831
1390	138	529	827
1389	193	527	834
1393	194	532	850
1401	188	513	846
1368	191	541	847
1378	184	535	862
1408	184	513	864
1352	177	546	897
1320	160	568	901
1340	180	512	827
1296	153	516	840
1285	150	516	878
1281	188	603	850
1265	161	522	885
1258	174	524	880
1240	180	519	848
1233	163	520	875
1192	181	527	839
1189	186	526	846
1189	195	520	846
1186	183	512	816
1186	203	516	859
1180	179	518	818
1170	198	518	883
1153	188	532	830
1139	190	551	847
1149	180	524	818
1128	204	531	816
1128	232	552	811
1116	213	539	769
1125	238	551	754
1113	210	570	755
1106	251	653	693
1103	227	554	782
1077	229	578	786
1100	263	556	719
1102	260	571	694
1102	263	569	707
1077	273	602	689
1064	286	610	694
1058	281	599	712
1362	338	549	688
1432	483	488	563
1429	547	489	520
1431	521	493	510
1421	525	499	501
1421	516	493	517
1401	513	519	549
1412	510	522	563
1376	508	544	556
1279	437	461	563
1339	459	506	559
1300	434	384	511
1318	477	380	482
1316	482	373	475
1316	488	385	453
1313	488	381	446
1304	496	374	435
1292	508	377	420
1285	480	391	448
1281	477	401	491
1265	480	415	509
1258	469	424	511
1255	458	435	517
1251	437	439	537
1245	412	448	472
1258	409	438	501
1263	376	448	592
1264	375	422	608
1280	327	428	650
1273	344	437	663
1274	326	436	683
1271	341	452	667
1271	387	494	634
1264	332	439	706
1214	320	508	703
1291	277	506	746
1307	184	622	841
1299	98	617	914
1316	160	616	878
1298	241	561	793
1289	386	433	664
1300	382	413	619
1290	380	437	589
1302	381	481	603
1326	393	597	669
1323	411	600	647
1335	420	592	641
1323	409	594	651
1327	408	598	645
1330	415	590	659
1341	428	582	649
1351	433	569	637
1351	415	567	648
1346	408	571	668
1372	438	558	638
1361	230	561	804
1360	116	566	920
1348	117	579	938
1191	-4	724	1023
1140	-7	770	1000
1157	-6	767	1033
1160	14	766	1001
1148	24	777	966
1155	10	768	980
1150	1	764	1029
1174	12	749	1018
1154	7	772	994
1265	35	651	998
1145	16	779	988
1166	6	749	1047
1129	0	795	1025
1158	17	766	1021
1130	18	789	1012
1134	21	783	1006
1259	85	653	959
1278	94	646	943
1140	28	771	988
1119	18	799	1020
1106	8	785	1031
1115	23	790	997
1098	39	813	995
1193	55	726	993
1099	50	813	977
1126	25	796	1018
1102	28	808	1003
1113	31	796	1004
1104	48	809	990
1106	46	799	997
1157	59	783	989
1122	50	800	993
1164	57	760	980
1123	53	799	991
1100	64	819	983
1080	55	817	978
1089	50	802	987
1071	49	833	992
960	180	968	885
694	148	1212	900
681	187	1234	868
692	112	1225	941
890	146	1026	906
698	181	1112	893
668	100	1216	973
822	143	1080	905
751	75	1104	976
729	58	1189	965
1143	118	792	925
1130	17	817	1015
1118	102	807	966
969	111	964	947
1004	26	909	1016
1119	31	796	999
1254	48	663	997
1128	29	789	1014
1118	21	801	1012
1161	35	742	998
1098	28	814	991
1211	60	722	996
1105	6	793	1031
1247	65	651	974
1377	159	551	902
1384	149	564	904
1393	143	548	914
1386	141	553	918
1381	137	557	913
1371	132	578	925
1377	129	566	908
1390	154	560	911
1384	153	543	920
1368	126	559	917
1354	137	575	918
1224	54	701	996
1126	17	789	1055
1168	29	753	1018
1153	23	768	1006
1148	39	779	1009
1150	37	776	1007
1148	6	764	1053
1169	20	767	1021
1157	28	758	1024
1127	16	794	1020
1131	26	810	1012
1265	28	640	969
1233	55	690	1009
1169	7	765	1006
1028	83	907	979
859	105	1052	972
826	57	1074	1027
838	52	1079	989
844	49	1076	996
849	64	1053	993
926	58	1023	987
867	37	1027	1006
910	52	1019	1040
925	28	1007	1030
898	12	1022	1030
913	30	1033	1019
944	34	982	1009
917	14	1020	1019
910	33	1015	1008
939	1	978	1020
936	1	987	1045
991	26	936	1012
983	17	941	1000
950	6	968	1011
948	11	971	992
954	2	975	999
980	16	925	1005
963	24	955	984
974	18	947	980
953	12	963	981
987	26	931	999
999	29	919	1010
953	14	978	997
967	16	957	998
1054	9	894	1015
989	39	936	998
1014	23	915	1002
987	29	933	999
972	34	936	952
972	27	941	992
964	44	953	1002
959	14	959	1005
1010	45	917	962
961	37	963	984
970	38	961	970
1084	58	836	987
964	39	947	1009
1023	24	905	1005
1019	49	908	1011
994	40	933	1018
998	52	940	976
986	35	936	932
979	29	943	992
958	9	960	1001
944	7	976	982
959	23	970	977
984	31	951	961
939	19	992	1003
903	16	1017	990
957	21	965	1012
979	21	938	987
957	10	970	997
908	7	1026	1005
963	26	970	1019
956	23	981	1005
942	20	992	1008
973	1	949	967
988	11	944	972
976	14	963	983
911	-1	1024	1011
938	21	991	1016
996	16	929	1040
930	21	1003	1024
870	9	1049	1033
853	10	1069	1028
908	25	1000	1013
850	21	1055	1045
837	36	1083	1005
855	27	1063	1008
1030	58	880	979
842	48	1068	1004
933	65	982	1005
808	49	1080	1000
792	61	1117	975
812	67	1082	977
757	61	1131	975
756	60	1146	987
743	72	1129	976
769	144	1090	910
738	69	1131	971
738	73	1128	954
751	73	1162	958
744	92	1115	954
704	83	1188	965
720	70	1135	977
891	102	999	936
617	108	1233	970
706	96	1162	968
733	78	1150	956
702	81	1145	960
800	103	1077	964
917	88	982	1007
917	94	939	976
733	80	1074	980
704	45	1182	995
630	121	1210	935
917	140	1012	923
899	115	1007	952
724	100	1143	971
910	75	989	981
904	69	997	1013
905	54	1011	1024
908	78	968	1003
625	38	1198	1032
869	62	1031	1009
901	81	1013	991
902	74	1002	1000
840	84	1066	991
565	74	1248	974
780	35	1103	1019
689	142	1216	902
904	46	982	982
881	38	1028	1011
841	60	1034	1007
703	59	1185	1001
709	62	1168	996
719	36	1155	1007
797	54	1093	989
913	41	1014	1004
698	48	1192	1005
896	44	966	1015
