808	104	403	351
819	102	398	366
820	109	404	374
817	101	404	367
822	105	399	385
817	105	404	375
812	98	405	366
823	91	405	368
818	87	393	370
828	82	398	372
820	82	394	371
838	78	386	380
833	76	388	360
823	79	384	324
819	84	397	346
828	79	382	345
820	77	390	327
826	77	385	328
828	81	380	333
827	84	384	308
823	76	382	291
838	82	377	313
829	76	387	305
835	79	381	284
840	74	375	234
850	81	365	197
843	79	370	193
849	78	370	188
853	75	377	174
849	70	376	173
847	67	369	174
855	65	370	169
864	58	369	165
872	55	369	162
879	53	368	160
884	50	360	160
884	48	363	159
887	49	364	156
891	47	359	158
903	45	355	165
897	43	353	164
900	42	354	161
915	41	347	163
912	43	350	162
921	43	340	162
907	43	345	167
916	46	344	160
921	46	334	164
953	45	310	167
941	47	323	185
949	50	316	163
941	51	331	163
949	53	329	167
946	51	329	165
950	54	327	161
953	59	330	199
962	56	323	224
962	57	320	221
973	56	316	220
973	57	313	217
982	54	309	219
989	50	305	223
989	48	303	216
991	47	302	228
992	46	300	241
994	50	301	261
998	49	297	251
1005	55	295	235
1004	55	297	239
1004	61	299	239
1008	60	297	204
1014	67	294	237
1010	67	296	241
1014	71	294	234
1019	73	293	236
1018	73	296	229
1020	75	295	227
1023	76	294	229
1028	78	291	236
1030	82	289	234
1030	86	288	225
1034	89	289	227
1038	94	285	223
1038	97	286	227
1039	101	285	224
1040	104	284	218
1042	105	280	217
1039	106	281	213
1049	102	275	217
1051	107	274	220
1058	108	268	223
1058	108	263	224
1065	112	260	240
1058	119	261	237
1060	121	260	232
1060	110	266	199
1057	115	264	222
1069	115	266	190
1068	111	260	184
1069	108	262	188
1075	110	258	185
1078	110	257	185
1084	110	256	182
1087	109	251	189
1090	111	255	180
1098	112	252	183
1100	114	255	181
1107	124	249	218
1115	129	250	234
1121	138	249	236
1126	142	247	237
1129	143	250	239
1134	146	251	237
1137	151	249	240
1140	156	247	243
1147	161	243	240
1146	163	244	239
1150	170	238	236
1155	171	239	236
1152	169	242	235
1157	174	236	235
1159	177	235	230
1161	181	231	235
1163	184	230	235
1160	187	237	235
1170	188	232	238
1166	191	234	217
1168	197	240	239
1170	196	240	241
1165	193	247	243
1170	197	239	246
1168	199	240	246
1168	201	242	251
1171	204	238	252
1170	214	239	248
1167	216	242	244
1159	215	246	248
1160	216	245	248
1156	217	248	241
1155	217	242	245
1156	216	242	243
1148	217	246	247
1154	217	242	247
1160	215	240	248
1154	217	242	250
1150	218	245	247
1154	214	245	242
1152	215	244	240
1155	218	246	236
1147	219	253	238
1145	218	250	238
1143	215	252	242
1144	211	256	238
1142	213	257	237
1159	206	246	232
1138	206	256	234
1140	204	254	231
1138	207	250	227
1135	237	251	188
1135	231	249	194
1134	219	244	205
1129	199	242	219
1126	196	244	219
1124	198	240	219
1120	193	232	219
1120	193	233	217
1117	189	238	217
1116	187	236	214
1110	192	239	209
1109	189	235	204
1107	189	236	206
1109	192	233	205
1106	190	238	205
1108	188	233	206
1107	193	236	201
1109	194	237	200
1109	202	242	200
1117	201	241	196
1113	205	247	190
1113	205	242	192
1123	206	240	191
1120	199	243	199
1119	202	240	195
1123	202	236	198
1118	204	240	201
1119	207	238	200
1124	204	235	204
1121	204	232	206
1122	208	233	211
1116	206	234	215
1123	210	231	218
1119	222	231	210
1121	242	228	195
1121	214	226	220
1127	247	223	192
1121	243	228	197
1120	247	226	197
1118	255	230	193
1120	258	226	191
1115	262	228	192
1119	266	222	193
1117	271	225	193
1116	271	226	199
1117	271	220	202
1121	276	217	206
1120	279	218	206
1117	282	219	205
1114	287	219	202
1104	291	219	199
1101	290	223	204
1109	287	215	207
1102	293	218	204
1098	293	214	202
1103	296	217	202
1102	294	217	202
1103	297	215	200
1106	299	211	201
1097	304	220	200
1093	301	218	202
1094	305	218	198
1094	308	217	200
1095	311	216	195
1090	311	217	197
1081	313	216	196
1084	315	212	193
1085	320	210	189
1083	319	212	186
1080	323	211	183
