1090	603	147	80
1089	601	142	79
1088	603	146	77
1085	603	146	78
1084	603	151	78
1081	604	153	79
1087	604	153	80
1085	606	157	79
1083	610	157	76
1081	607	157	78
1084	608	158	80
1082	608	164	80
1080	610	166	80
1077	609	171	81
1078	610	170	84
1078	609	174	85
1080	611	174	84
1079	612	166	85
1071	613	144	88
1078	615	144	84
1080	615	140	86
1079	617	143	85
1077	617	144	85
1075	615	142	88
1077	620	144	87
1079	622	142	87
1075	624	144	86
1078	625	142	84
1074	625	143	86
1074	627	143	86
1078	628	139	86
1073	632	144	84
1080	630	142	88
1075	636	142	83
1078	634	140	86
1080	635	133	86
1074	635	137	86
1176	863	104	106
1174	870	78	104
1177	878	60	96
1175	877	68	99
1176	883	69	98
1177	882	69	103
1173	888	64	99
1171	865	72	122
1172	879	62	114
1172	891	57	104
1171	896	53	102
1168	899	51	100
1168	903	46	100
1167	903	44	102
1165	906	42	100
1164	909	39	99
1162	909	39	101
1161	912	39	99
1159	912	39	100
1157	914	40	100
1154	910	42	100
1062	643	87	82
1035	640	135	84
1031	641	132	84
1031	637	139	87
1025	636	140	87
1024	639	139	80
1020	632	144	87
1014	630	151	88
1011	628	151	89
1005	628	164	90
1002	629	131	84
998	628	131	84
998	626	127	83
994	627	127	81
991	622	125	82
987	625	129	78
982	620	133	81
982	621	131	80
976	617	136	82
971	616	137	79
966	613	139	80
962	612	140	79
957	610	141	78
954	609	142	77
948	604	145	79
944	605	151	77
941	604	148	77
940	603	144	75
937	602	141	76
931	600	142	77
924	602	144	76
918	602	143	78
915	603	147	77
912	595	141	78
913	598	139	74
907	593	141	76
904	594	142	76
900	592	140	77
897	594	142	77
893	591	137	78
893	595	140	73
891	598	139	72
888	600	138	70
884	593	138	75
880	598	142	72
880	599	139	72
883	599	136	69
889	601	130	65
878	602	135	71
879	602	134	69
869	603	143	73
860	604	148	74
859	605	150	72
853	603	148	76
855	606	146	75
856	607	140	73
855	609	147	72
854	610	142	72
851	613	148	69
851	614	147	71
848	617	148	69
851	617	151	68
844	618	144	71
846	621	144	73
848	622	144	70
847	622	141	76
843	625	144	71
841	627	144	75
838	628	144	74
836	632	147	71
837	635	147	68
837	639	148	65
836	642	146	66
833	645	147	67
837	650	145	64
837	650	144	65
836	652	144	65
833	654	145	68
834	654	142	70
835	657	142	69
828	659	145	68
827	661	137	67
828	663	146	68
826	664	147	68
820	669	146	66
822	669	144	67
819	670	148	65
821	672	148	64
821	673	147	65
819	673	145	66
819	673	146	67
817	674	146	67
816	675	147	67
812	675	144	67
813	676	142	67
814	674	141	66
810	674	142	67
809	673	139	67
808	672	138	64
804	673	137	67
801	672	138	64
799	672	137	62
797	671	138	63
795	670	140	63
791	669	141	63
789	669	139	61
784	667	143	62
784	667	143	59
779	666	144	58
776	664	142	60
776	662	141	60
771	659	143	62
769	658	142	60
764	657	146	59
760	653	140	63
758	651	141	60
755	647	134	63
753	646	136	64
749	643	130	62
748	641	133	63
744	639	126	61
742	636	129	62
737	634	129	63
736	632	127	64
730	629	112	65
727	627	122	64
722	623	125	66
718	619	122	68
715	617	121	67
710	613	119	65
705	609	118	65
699	606	128	69
693	602	120	69
691	599	129	70
688	595	134	73
684	591	137	74
681	587	140	78
678	585	139	75
673	580	133	77
669	575	116	76
668	572	118	78
663	570	121	82
662	566	116	82
658	564	115	82
658	559	111	77
658	558	115	62
658	555	114	52
667	553	98	50
663	551	101	46
649	550	112	49
644	547	119	52
642	547	115	51
645	544	112	46
662	542	89	44
668	542	82	44
667	541	80	43
664	538	83	46
666	537	78	46
660	535	81	47
656	534	85	46
653	533	86	46
653	532	83	47
650	532	87	50
646	531	94	55
642	532	95	50
639	532	99	48
638	532	101	47
634	533	107	48
635	532	106	51
637	532	102	52
635	533	100	50
633	534	112	62
630	533	128	79
621	675	99	103
624	681	108	107
629	686	107	107
633	688	109	107
634	693	109	107
639	698	113	109
644	704	110	109
649	706	112	112
653	712	112	112
658	716	112	113
660	727	114	115
668	734	112	107
670	736	114	115
673	737	117	111
682	739	115	107
689	747	114	105
695	750	113	107
701	756	114	107
704	762	117	106
