1303	195	352	220
1311	195	355	216
1315	203	350	220
1318	203	347	218
1327	208	346	218
1320	213	351	211
1320	215	358	219
1324	215	350	218
1325	220	349	218
1318	218	356	216
1334	223	349	215
1334	226	350	216
1340	230	347	216
1336	230	349	214
1338	236	348	217
1346	238	342	212
1352	242	341	211
1346	239	342	212
1344	244	350	212
1351	243	343	212
1337	248	350	210
1354	246	344	213
1319	247	373	215
1347	250	348	212
1360	249	342	212
1350	253	343	211
1295	249	392	213
1293	247	400	218
1292	249	395	212
1301	244	393	218
1305	233	388	226
1303	237	392	225
1310	232	394	224
1309	232	390	225
1308	230	393	227
1313	231	394	226
1317	227	383	231
1316	232	386	226
1312	227	395	230
1322	226	388	230
1323	219	385	233
1327	220	382	231
1324	223	385	230
1332	218	380	237
1334	217	376	234
1335	216	377	234
1330	216	387	233
1330	217	385	231
1331	214	389	237
1345	214	374	233
1350	215	375	235
1353	216	373	230
1358	212	369	229
1359	212	367	229
1366	210	362	226
1365	215	364	223
1363	217	360	219
1365	217	358	215
1374	214	352	220
1379	217	349	220
1373	217	354	217
1377	215	350	218
1381	216	355	221
1375	212	357	223
1309	216	428	237
1314	218	427	233
1313	214	422	245
1312	214	423	242
1328	208	417	244
1329	211	409	243
1322	208	411	250
1324	211	406	246
1343	203	402	255
1346	206	401	252
1342	206	404	252
1347	203	398	254
1351	205	399	255
1358	205	393	247
1359	207	393	244
1361	208	390	244
1360	210	389	240
1359	210	395	242
1367	207	390	241
1366	208	394	238
1368	209	389	243
1369	208	395	239
1372	211	395	238
1376	214	397	235
1371	211	404	235
1374	213	400	238
1382	211	393	240
1390	211	382	248
1404	214	377	237
1408	212	364	238
1410	215	377	228
1404	216	374	232
1413	219	376	227
1425	219	367	227
1420	223	376	224
1421	225	380	223
1415	227	390	222
1417	225	382	224
1431	225	365	229
1433	227	362	230
1436	227	363	232
1427	229	374	230
1434	228	363	232
1442	224	359	232
1441	228	352	231
1443	230	348	232
1434	228	354	236
1435	230	355	236
1431	231	361	237
1430	228	360	236
1429	230	359	232
1431	230	359	231
1428	232	357	228
1428	230	361	226
1426	229	362	224
1425	225	362	231
1432	223	362	227
1415	222	372	232
1407	218	383	227
1410	220	378	229
1407	224	378	226
1409	222	378	223
1406	218	381	227
1402	215	386	226
1405	214	383	229
1402	211	382	229
1403	212	385	232
1399	211	378	232
1398	210	378	230
1401	209	378	235
1393	210	381	235
1396	208	380	241
1396	207	375	243
1394	208	375	238
1387	207	382	239
1382	198	373	227
1384	198	372	235
1383	194	374	232
1365	193	391	239
1355	192	398	238
1366	186	386	239
1357	184	393	240
1340	185	404	240
1342	181	407	240
1372	182	378	235
1360	181	388	234
1375	179	374	232
1376	179	370	233
1331	177	407	232
1328	169	408	235
1325	169	410	232
1330	171	409	238
1327	175	410	235
1325	170	408	237
1330	168	405	235
1331	164	406	239
1330	161	395	238
1331	162	395	237
1329	161	388	239
1335	162	385	233
1332	163	383	236
1335	158	376	237
1327	162	377	242
1329	159	374	240
1318	163	377	242
1320	161	376	240
1318	165	368	245
1316	163	366	245
1301	172	381	243
1302	169	383	240
1293	174	385	246
1295	169	383	241
1291	168	374	251
1286	167	378	244
1273	169	388	250
1287	169	374	251
1286	172	368	250
1289	171	364	256
1274	178	375	247
1274	174	374	252
1272	181	373	245
1278	176	363	252
1270	181	367	250
1283	184	364	244
1274	191	359	242
1286	195	357	238
1263	196	361	246
1279	197	346	243
1236	203	376	249
1237	202	375	249
1236	205	378	253
1237	207	378	249
1235	209	377	251
1234	211	376	249
1231	215	379	249
1233	216	372	249
1235	216	364	251
1252	220	347	243
1255	224	345	245
1293	223	310	239
1294	222	300	244
1295	222	300	244
1218	223	359	261
1215	229	359	268
1223	227	350	266
1220	231	350	267
1214	228	353	271
1215	229	345	264
1215	234	336	266
1213	231	336	266
1220	230	329	269
1225	230	321	268
1225	233	313	268
1231	232	304	267
1223	236	308	268
1219	235	309	263
1221	234	305	267
1226	233	299	266
1228	238	293	261
1230	237	287	263
1225	236	284	261
1225	236	287	259
1235	237	273	261
1232	234	278	261
1234	238	267	262
1232	239	263	260
1233	242	266	261
1234	242	261	260
1235	245	256	259
1240	243	249	259
1238	245	253	256
1235	244	255	262
1240	244	243	265
1241	246	241	262
1235	242	238	269
1239	246	236	261
1232	244	235	266
1229	245	234	261
1226	246	234	272
1225	249	236	268
1221	244	238	275
1176	249	273	275
1171	246	285	275
1170	253	281	274
1171	254	281	278
1170	254	286	278
1172	250	269	281
1181	255	259	278
1186	259	248	268
1187	256	246	276
1175	259	257	274
1190	263	242	264
1191	263	243	265
1196	262	232	266
1220	263	203	258
1216	259	209	269
1221	267	200	270
1223	263	198	268
1226	263	191	272
1229	264	189	273
1240	264	177	275
1227	261	189	274
1245	262	167	278
1243	266	166	275
1266	264	145	266
1262	268	154	266
1264	264	145	267
1259	267	151	272
1260	262	141	270
1267	268	139	257
1265	264	138	256
1266	260	133	259
1259	263	140	255
1256	259	139	260
1257	251	140	255
1249	256	144	253
1251	256	142	257
1243	260	150	253
1233	254	160	248
1239	253	146	247
1231	254	154	251
1225	254	163	248
1222	257	157	243
1226	254	161	248
1221	254	161	249
1224	257	153	245
1223	250	148	259
1224	248	148	260
1218	250	144	262
1213	249	149	259
1209	248	153	264
1211	252	148	257
1203	248	158	264
1203	253	161	256
1208	256	162	258
1209	254	155	252
1206	258	158	270
1206	256	155	264
1201	263	158	266
1196	256	160	265
1193	257	162	267
1191	261	158	265
1185	262	166	263
1184	263	165	260
1184	264	170	263
1184	264	165	259
1173	265	171	261
1175	264	167	262
1168	264	172	254
1168	266	174	255
1161	267	171	222
1158	265	170	218
1147	263	177	224
1152	261	171	222
1145	262	176	242
1153	260	168	240
1146	259	172	224
1144	260	176	256
1141	261	173	230
1140	263	177	224
1129	261	185	235
1134	263	179	224
1124	266	195	233
1121	263	195	226
1123	269	193	220
1123	270	199	218
1113	272	204	229
1115	276	203	210
1109	270	202	215
1107	273	203	225
