371	497	434	284
368	498	383	281
382	498	378	282
377	496	381	280
373	496	373	281
374	497	374	281
376	496	372	279
371	490	375	279
368	491	383	277
366	487	386	284
363	491	391	277
368	488	380	281
361	491	390	278
361	488	392	281
357	489	392	280
359	487	392	281
362	486	387	281
361	486	387	283
360	483	389	289
361	481	385	291
361	478	393	294
356	476	398	296
356	468	400	302
365	473	392	300
371	469	388	302
368	473	390	298
373	480	378	289
376	484	376	285
367	486	384	283
369	490	383	280
350	492	406	282
351	493	401	279
354	502	410	272
362	495	410	276
358	507	418	277
368	508	435	275
373	516	384	265
369	519	396	260
363	527	395	258
362	523	396	260
370	532	390	260
365	538	399	252
377	541	383	257
372	543	392	256
368	550	396	247
367	554	389	244
368	561	392	243
359	565	401	246
359	554	400	247
372	558	392	243
352	551	407	258
359	551	398	258
342	555	415	268
341	559	416	268
341	556	416	270
346	555	408	264
340	559	413	260
334	562	420	259
337	560	406	257
336	562	403	256
323	567	413	256
324	563	412	252
318	564	410	244
325	564	407	250
325	565	411	245
324	563	414	234
321	567	419	244
322	565	420	233
320	568	425	218
316	570	424	220
329	582	418	217
321	584	428	207
325	585	421	207
323	582	422	217
324	596	425	202
331	597	420	196
322	596	427	197
325	600	423	192
329	601	425	199
329	600	419	201
335	598	413	206
331	601	415	197
332	596	414	218
333	592	415	213
334	594	419	212
333	588	418	222
335	585	416	228
333	586	419	227
333	586	415	222
341	582	411	228
344	583	409	227
347	584	406	232
339	575	413	240
334	579	415	237
342	579	418	236
344	578	415	237
339	578	418	236
342	574	419	243
354	566	408	248
355	575	403	240
355	563	404	254
354	566	405	255
352	560	399	258
357	557	403	258
357	558	398	258
362	558	397	259
370	555	396	261
364	554	393	262
373	556	397	259
364	556	396	257
371	553	388	259
372	551	389	262
369	550	388	259
372	549	386	261
377	546	386	264
375	547	386	268
374	544	382	262
376	545	383	262
379	544	381	262
375	544	383	260
375	542	383	263
373	543	386	263
384	536	375	269
386	537	374	268
388	535	368	267
386	539	371	266
387	537	372	271
386	535	372	271
391	528	374	269
387	523	371	278
392	521	369	273
395	523	370	270
393	519	373	280
396	518	378	274
386	520	395	268
388	521	399	269
387	516	405	268
392	516	397	270
392	519	401	271
392	518	392	267
394	518	391	264
395	513	390	269
398	516	380	260
401	516	377	261
399	511	375	261
396	507	374	264
401	505	371	275
399	505	372	283
402	500	373	263
402	500	373	264
406	496	369	261
405	495	367	261
411	492	366	251
415	491	365	257
417	490	364	263
412	490	364	275
410	486	365	277
410	487	367	275
409	482	367	288
409	480	365	291
409	474	369	295
409	475	365	293
411	468	365	294
408	473	361	290
410	463	367	300
408	463	367	301
414	457	360	291
413	455	362	298
407	448	365	299
408	449	370	308
402	445	369	318
403	446	364	310
413	440	363	317
420	435	357	337
407	439	362	330
416	437	362	332
401	438	370	337
404	436	372	334
393	434	374	338
391	435	382	354
393	430	381	342
394	436	370	321
393	438	369	316
393	438	369	318
390	446	369	307
391	445	370	307
386	448	368	300
390	445	368	303
387	445	374	299
384	438	361	318
390	430	361	318
426	416	326	321
499	396	251	336
423	400	333	326
418	398	341	328
380	396	385	319
381	396	389	319
364	402	387	319
335	398	431	317
341	401	420	332
319	416	440	316
304	414	449	328
308	422	456	308
318	401	447	328
343	398	424	330
363	393	404	337
380	392	389	349
385	390	379	341
387	374	376	339
306	370	460	354
294	374	464	365
296	367	472	364
296	360	469	379
357	358	416	375
306	355	470	378
301	349	465	378
307	344	465	387
390	339	385	389
389	347	386	396
396	351	378	398
383	357	394	398
385	359	388	405
301	390	465	374
418	391	347	383
437	389	326	366
431	334	333	384
429	332	336	365
427	326	332	370
425	323	332	370
423	314	330	388
428	313	327	385
431	316	326	423
430	303	328	393
441	292	319	403
442	295	318	405
444	292	320	405
444	285	319	409
490	275	272	422
502	263	260	431
501	278	262	430
504	266	259	453
519	263	245	460
521	262	247	465
526	260	237	482
531	264	233	476
536	257	227	494
490	256	272	497
500	256	263	503
506	263	256	498
522	262	241	496
522	271	240	490
530	275	229	477
531	276	225	474
538	280	219	472
541	283	216	465
552	287	205	466
557	280	198	475
561	271	195	480
567	276	190	482
574	267	187	499
575	250	182	494
592	272	183	482
590	275	185	480
592	275	191	479
591	277	193	484
575	263	206	494
583	258	188	493
571	262	193	494
590	264	175	490
605	258	163	486
604	250	162	497
604	244	166	498
605	248	168	491
606	253	178	495
608	259	174	501
610	263	170	496
611	263	164	499
615	263	170	466
613	258	168	456
613	259	170	461
609	272	177	487
610	274	178	484
614	277	170	482
615	265	162	483
609	270	173	481
577	237	218	502
559	191	236	549
600	244	188	500
602	242	191	487
615	237	168	480
613	240	167	497
610	253	180	467
616	242	152	476
576	224	189	488
599	240	243	480
614	251	182	468
622	276	134	435
552	233	220	476
541	218	241	479
540	233	244	466
539	235	244	470
544	231	242	457
533	241	262	458
535	223	260	457
534	236	268	454
558	233	281	454
560	211	355	466
540	210	518	459
536	212	532	457
552	213	514	460
541	209	533	448
562	206	591	439
566	214	503	455
556	205	571	446
568	207	510	451
565	206	511	443
554	199	531	449
571	215	557	449
603	224	599	444
598	221	622	464
605	213	613	465
607	218	617	464
601	225	632	438
558	208	582	444
550	211	698	463
566	199	682	466
550	201	695	472
564	187	681	449
537	186	707	456
522	165	737	459
537	171	692	463
521	164	750	465
523	163	749	466
440	159	664	479
1059	166	555	459
1116	226	529	423
1016	112	600	498
1159	263	493	402
1169	279	483	338
1174	290	477	320
1174	288	474	321
1182	287	466	315
1190	290	447	316
1194	284	451	321
1195	283	441	322
536	181	470	447
529	179	460	449
-4	23	581	381
-8	37	592	364
-6	33	602	365
2	30	590	372
0	26	612	372
-3	26	621	376
-4	26	629	380
-8	32	632	379
30	70	657	362
4	58	627	369
74	66	652	372
91	69	593	354
119	85	604	327
101	56	589	359
140	86	569	332
129	91	621	440
120	71	631	434
118	65	636	458
125	80	654	447
140	85	632	450
146	16	620	507
171	72	600	476
158	22	616	516
169	30	614	522
174	21	603	533
177	20	607	534
183	18	613	545
208	99	579	466
183	95	624	492
171	46	626	521
203	92	606	485
214	108	609	469
212	112	604	455
240	107	576	452
253	109	571	463
237	117	594	443
235	107	607	456
252	129	593	429
232	112	620	444
231	121	621	441
249	121	616	426
232	120	622	427
251	117	615	438
257	122	608	432
261	116	617	443
268	120	641	436
274	116	642	444
282	122	642	452
288	120	649	415
321	114	665	350
311	122	660	326
322	121	645	369
372	134	639	424
347	112	657	352
391	123	628	431
374	137	630	413
382	131	626	419
397	155	621	391
397	159	613	394
406	168	615	382
401	167	614	368
418	176	601	360
410	180	617	331
420	178	596	335
422	186	596	313
424	180	601	312
423	184	614	307
409	182	608	312
406	184	620	311
409	184	624	303
411	184	628	300
405	181	643	310
411	184	648	303
409	173	649	313
413	185	650	308
419	184	657	301
421	187	675	304
409	187	674	303
405	182	690	310
393	191	698	306
390	186	711	310
403	188	705	307
377	182	731	314
383	181	724	313
375	172	736	327
395	184	728	319
407	179	747	330
392	175	747	348
372	181	749	332
369	182	754	325
369	187	751	325
369	179	759	327
386	186	774	330
362	190	779	330
388	177	797	351
355	177	793	338
355	178	796	356
350	178	809	346
349	179	842	347
362	168	826	387
330	165	818	388
408	168	765	438
365	153	800	434
336	153	825	408
436	186	762	431
373	168	811	462
338	152	852	470
669	244	590	407
689	255	604	385
683	265	607	373
690	256	579	398
675	261	611	413
696	262	595	376
701	275	565	309
674	254	608	346
704	271	590	379
704	259	586	389
721	258	580	388
710	232	594	373
723	240	581	376
687	240	616	354
718	263	582	336
729	272	566	326
738	274	571	322
760	280	546	309
716	274	587	306
753	284	558	283
710	281	603	288
746	283	572	281
712	279	605	284
672	272	647	303
692	274	638	299
675	277	652	297
655	280	676	295
815	280	532	299
784	291	548	286
824	250	517	298
828	295	522	280
804	285	549	285
839	273	522	280
865	269	496	281
856	276	511	274
882	267	487	288
891	266	484	282
906	276	486	269
909	278	482	273
914	284	489	264
902	285	500	258
909	287	491	257
898	288	500	255
889	282	520	263
910	285	499	262
913	273	500	283
908	275	505	272
911	273	515	279
925	275	502	296
927	250	498	305
917	244	517	301
939	248	495	281
939	262	499	275
947	275	500	283
931	273	513	260
949	275	528	270
956	275	520	258
981	279	511	251
981	291	589	251
992	290	596	258
1001	290	563	253
991	298	583	247
1013	293	576	255
1014	294	572	254
1014	288	576	267
1029	284	561	277
1027	278	552	278
1024	281	569	294
1028	273	564	292
1046	278	538	283
1044	284	556	266
1045	284	551	277
1059	283	537	271
1069	285	525	271
1080	290	514	266
1062	285	518	263
1085	281	504	270
1097	284	500	263
1096	284	511	264
1101	281	497	270
1086	278	491	271
1100	276	501	271
1093	276	490	275
1099	253	475	292
1129	272	474	277
1100	217	495	325
1085	195	502	354
1070	183	509	373
1073	186	515	369
1063	185	510	367
1067	183	509	376
1053	180	518	380
1058	182	516	378
1059	186	509	375
1059	187	512	369
1046	184	521	369
1046	187	535	365
1032	187	540	364
1032	192	544	358
1032	186	538	357
1028	188	545	366
1023	180	550	360
1009	174	560	373
1017	179	570	363
1015	170	566	362
1006	177	569	365
1007	177	568	355
1008	174	559	366
1010	178	562	356
992	170	583	370
989	174	573	353
980	176	580	353
990	178	586	350
970	175	592	364
986	176	600	357
979	177	602	371
980	180	606	373
974	177	597	385
980	176	586	373
988	171	575	375
994	165	576	379
998	176	577	375
986	165	576	386
992	171	574	389
991	177	579	397
1003	175	550	403
985	167	468	358
983	168	433	360
981	173	433	359
980	174	423	358
978	172	419	357
978	169	408	363
978	169	408	363
978	169	408	363
978	169	408	363
978	169	408	363
978	169	408	363
114	42	291	283
183	54	193	258
181	55	189	254
183	54	186	255
184	57	184	256
180	58	189	253
178	58	192	254
174	57	199	255
168	62	202	247
169	63	203	248
170	62	200	248
170	62	206	244
172	64	194	243
171	61	196	243
168	62	195	242
168	65	197	243
167	64	191	242
168	63	183	238
168	65	194	241
164	69	185	233
164	68	186	245
162	67	179	242
160	66	179	234
158	71	195	246
160	71	190	240
157	70	186	248
155	71	194	246
160	75	187	231
151	74	188	249
157	78	196	236
154	81	203	236
161	81	200	237
155	84	209	233
153	79	216	239
150	80	188	237
146	84	215	239
146	82	198	237
143	83	188	235
139	84	206	238
142	84	175	232
926	719	172	262
939	723	220	257
939	723	220	257
939	723	220	257
939	723	220	257
939	723	220	257
939	723	220	257
939	723	220	257
939	723	220	257
939	723	220	257
939	723	220	257
939	723	220	257
939	723	220	257
939	723	220	257
939	723	220	257
939	723	220	257
939	723	220	257
939	723	220	257
939	723	220	257
939	723	220	257
939	723	220	257
939	723	220	257
939	723	220	257
939	723	220	257
939	723	220	257
939	723	220	257
939	723	220	257
642	743	199	245
657	728	183	271
661	723	172	276
661	718	179	265
657	706	182	291
659	707	181	303
658	689	201	309
661	685	197	309
641	683	206	314
652	684	251	287
647	683	248	256
647	676	239	217
650	677	223	188
650	677	208	189
649	669	205	188
649	668	205	187
660	662	200	192
660	662	239	194
656	651	210	192
657	651	215	188
651	648	189	183
649	644	195	180
649	643	197	181
647	643	196	181
647	633	200	184
654	636	218	178
657	629	189	180
661	626	194	183
656	619	189	182
663	624	190	186
645	616	210	196
657	620	200	191
661	620	200	191
658	619	197	190
669	610	183	173
665	614	176	161
667	613	175	171
663	610	192	189
674	605	174	187
695	603	143	163
693	599	150	158
693	599	149	162
695	595	151	166
696	595	157	167
707	590	148	171
703	588	154	169
698	584	162	180
699	584	166	176
696	578	175	152
691	578	189	178
673	574	214	190
678	570	215	205
672	565	223	204
675	565	220	179
673	557	207	160
677	563	230	197
685	557	213	157
688	563	219	157
689	560	213	153
687	563	227	193
695	559	210	173
703	561	205	155
713	560	196	157
719	559	188	157
725	558	182	155
726	559	188	153
734	560	181	154
740	560	178	151
741	561	172	149
748	565	172	143
757	566	162	142
755	565	160	139
763	566	158	138
765	566	152	137
775	567	140	136
771	568	144	136
783	565	135	137
786	563	135	135
791	564	129	134
791	562	132	135
802	560	119	134
799	565	124	131
810	563	110	131
812	563	109	129
559	870	197	207
101	160	207	283
81	160	225	301
81	152	226	302
81	160	229	301
82	155	228	301
87	156	228	299
90	159	230	302
90	155	232	306
90	158	233	302
92	155	235	306
90	154	238	311
94	157	238	312
93	154	238	306
92	156	244	306
91	159	252	319
93	161	257	319
88	153	255	328
94	153	256	328
99	151	251	332
102	151	248	337
104	152	250	335
107	152	254	337
108	150	251	341
112	154	253	336
116	154	250	338
121	151	251	344
125	148	251	346
125	148	256	343
129	148	251	344
135	148	251	339
135	149	253	339
137	152	261	340
136	154	259	340
144	157	249	346
146	161	247	353
152	161	243	345
149	161	245	347
153	160	244	360
154	163	242	359
158	168	238	356
160	171	238	360
164	170	237	359
165	168	236	359
166	172	239	364
166	173	240	357
174	172	231	355
176	170	229	361
175	170	232	364
178	174	232	363
182	173	233	370
181	173	234	372
188	176	233	371
190	180	232	379
194	180	230	376
196	181	230	374
199	174	227	379
200	177	226	385
202	180	225	381
209	184	219	377
209	192	226	368
209	194	225	368
209	205	235	360
214	202	232	359
212	203	238	359
208	204	240	360
217	207	240	350
220	204	240	406
216	209	247	534
229	214	233	533
232	222	235	525
225	224	243	531
237	219	236	522
234	224	242	524
238	229	250	508
237	228	254	504
237	236	259	500
238	234	261	497
237	237	268	485
223	232	283	482
246	235	268	476
233	238	274	472
244	239	269	465
247	240	267	462
249	241	265	457
254	237	260	458
263	236	253	454
265	230	252	453
272	243	248	428
274	240	246	432
269	242	257	427
268	241	254	435
261	243	262	431
253	239	266	429
249	244	273	424
250	242	274	428
257	244	268	413
256	233	270	422
250	244	279	408
256	250	274	398
277	253	255	392
284	253	250	400
292	261	247	391
292	271	247	384
298	258	237	380
299	272	235	370
306	274	227	372
302	275	219	374
316	269	227	378
309	279	216	356
324	265	222	374
322	273	211	370
324	282	228	369
326	289	226	392
328	284	233	410
335	287	223	390
342	282	227	413
340	293	229	407
346	299	240	417
345	300	243	418
349	303	246	415
346	303	252	419
350	300	265	416
351	298	261	436
352	298	274	436
356	301	272	445
363	297	280	444
359	298	286	451
369	301	285	463
371	306	286	463
384	306	292	471
373	308	299	470
383	295	298	479
390	307	291	481
384	297	303	492
395	322	298	484
394	315	307	512
388	321	309	507
388	307	318	517
394	297	317	519
400	312	315	514
397	306	323	489
403	298	316	505
408	308	314	489
414	308	316	502
402	315	327	486
399	323	335	457
420	367	321	454
434	489	317	392
412	312	332	487
442	444	318	416
484	557	278	329
433	477	334	390
495	525	277	363
457	441	324	432
480	527	293	368
533	582	246	344
532	601	247	307
552	628	237	302
555	645	233	287
567	642	235	298
560	635	239	304
571	630	233	275
581	616	224	276
579	641	231	270
576	659	235	255
597	639	220	283
470	298	349	349
472	297	353	377
476	294	343	330
474	294	343	351
473	296	344	373
475	295	337	378
473	298	348	376
478	286	348	347
478	285	346	348
484	284	341	346
483	316	340	337
486	301	338	333
489	309	338	381
484	304	351	402
477	302	359	398
478	300	350	407
477	317	354	392
477	364	320	361
478	335	238	357
482	363	240	337
482	371	236	324
486	335	360	354
488	357	379	330
491	309	380	348
493	357	384	336
493	345	395	340
488	297	405	364
486	280	487	387
490	257	557	404
484	160	642	497
497	155	663	504
488	192	620	475
495	148	658	475
496	144	655	502
483	147	692	499
487	167	717	486
480	151	712	503
503	161	701	513
507	144	692	489
502	140	666	476
502	140	666	476
502	140	666	476
502	140	666	476
502	140	666	476
516	144	633	493
512	232	490	447
516	247	478	415
504	244	423	420
520	237	455	426
519	248	453	421
513	242	466	426
510	245	470	418
521	249	450	416
517	243	467	421
514	244	462	420
512	249	462	403
522	247	466	411
525	254	468	413
518	253	475	410
516	247	470	387
515	246	473	414
514	249	471	429
520	252	479	419
510	253	492	419
514	236	488	400
509	254	500	422
495	118	561	514
511	250	505	417
508	252	507	407
498	118	556	513
494	124	576	505
498	113	560	500
493	119	560	517
486	112	588	517
511	119	552	539
501	119	566	513
496	122	582	521
503	121	558	559
494	126	564	535
488	118	641	554
498	116	762	563
497	113	763	539
484	124	757	548
467	118	799	540
496	113	767	533
464	126	798	545
478	113	771	537
457	112	776	538
473	121	784	530
473	121	784	530
506	130	769	524
497	130	752	525
491	135	759	526
504	130	751	550
521	122	729	524
494	130	747	537
506	128	749	541
509	128	754	533
496	122	763	534
517	121	752	556
464	127	775	541
479	124	780	563
489	124	803	575
504	118	755	545
495	125	776	565
484	123	799	601
506	127	759	567
489	123	800	588
465	121	746	578
525	121	750	581
510	115	766	590
528	123	738	531
518	122	716	553
542	126	721	545
523	126	758	545
544	111	734	558
529	115	732	572
538	125	736	551
557	119	723	562
546	124	726	557
559	127	712	563
547	135	702	551
546	133	714	542
533	131	729	545
563	127	700	554
529	127	724	548
550	122	705	565
534	120	735	562
542	124	729	569
548	123	744	566
517	122	742	576
549	119	717	565
521	132	719	557
550	123	710	559
512	123	738	571
508	119	769	558
507	120	746	562
585	138	692	546
