768	337	443	486
768	347	461	497
778	350	448	480
780	352	450	481
794	352	437	488
789	348	443	477
783	354	451	479
806	344	435	481
808	340	445	486
811	328	443	486
810	322	442	474
798	313	450	476
798	298	453	482
799	277	452	483
807	268	446	487
791	262	453	494
789	259	446	485
786	253	453	492
783	247	454	492
784	249	452	492
777	248	453	491
780	239	453	499
776	239	454	502
773	246	454	495
775	250	456	495
767	256	460	484
775	253	460	489
776	252	456	489
775	244	459	498
772	234	460	500
772	242	465	499
766	237	475	505
774	245	464	487
765	237	463	495
765	236	465	489
763	256	457	484
767	244	453	477
773	249	449	463
785	248	441	462
789	250	438	459
790	254	428	454
794	258	428	448
789	259	429	452
799	258	419	454
790	261	429	445
795	268	424	445
795	267	426	449
795	274	426	444
794	276	430	449
797	284	427	441
793	287	428	444
796	293	433	447
793	292	433	441
792	309	440	439
790	311	441	449
787	309	442	449
795	315	444	445
800	319	445	444
790	327	449	448
788	322	450	470
800	327	457	483
790	330	465	475
796	344	465	467
794	352	463	474
803	354	462	469
795	363	470	472
801	368	479	469
796	365	483	468
794	357	489	468
800	365	479	470
797	367	481	470
786	363	495	466
791	367	492	469
795	355	489	484
793	365	490	471
805	359	486	483
820	380	471	459
830	375	468	464
829	388	470	457
831	392	472	452
848	394	453	439
845	397	461	439
849	403	462	429
852	408	453	428
859	408	441	426
859	406	439	426
865	405	441	426
864	407	444	421
862	404	438	430
858	402	444	424
852	404	434	425
833	407	438	432
833	390	437	443
829	389	441	427
824	379	442	434
823	372	442	441
818	376	436	437
818	367	438	443
821	363	441	450
811	362	448	456
810	356	453	462
807	355	457	462
803	358	462	459
804	352	465	464
794	352	468	470
787	356	474	464
770	355	493	462
771	345	481	461
759	348	485	472
753	346	501	477
755	341	490	483
741	346	512	469
734	338	520	480
718	326	539	471
688	324	566	492
678	300	514	488
686	282	515	497
701	269	520	501
704	263	523	492
728	257	496	501
735	259	500	496
755	258	487	489
741	263	469	484
744	267	488	482
754	264	460	477
766	269	454	466
763	265	455	466
777	267	451	464
779	264	444	458
780	260	445	453
788	254	442	446
798	251	443	457
793	251	433	452
797	257	442	457
798	247	428	459
794	248	434	464
790	249	440	464
796	252	426	457
792	254	435	463
782	251	436	466
778	253	440	473
775	242	445	476
779	242	441	472
770	247	448	470
772	237	433	482
774	216	441	467
765	226	448	478
751	237	441	477
755	229	449	484
750	240	441	493
740	240	452	492
739	245	449	483
742	221	444	502
729	236	455	492
729	231	462	497
728	233	466	501
730	239	463	503
731	237	462	514
741	228	454	503
741	239	465	486
753	243	460	493
756	265	472	466
765	274	467	456
777	275	451	457
786	288	450	448
791	299	441	436
798	308	440	440
806	318	430	443
812	325	426	430
822	325	420	424
819	326	423	422
818	328	425	421
824	326	421	420
822	324	421	424
830	333	412	420
831	320	412	426
825	322	415	422
824	326	413	421
832	318	413	424
839	318	407	421
830	321	408	423
837	318	409	423
839	323	402	414
829	325	406	413
835	322	406	415
830	329	412	409
817	328	411	413
809	333	418	412
815	336	397	414
810	337	392	403
806	334	387	406
805	327	386	411
807	324	391	415
805	317	388	417
808	319	382	417
802	314	384	418
800	316	380	415
796	308	386	425
784	309	392	420
791	301	384	418
779	312	386	416
776	311	389	421
774	310	397	411
768	308	396	409
765	317	401	406
764	330	393	388
761	331	388	384
744	327	392	384
740	340	382	367
737	333	382	370
735	334	373	370
728	331	369	371
725	335	360	363
725	333	360	361
728	332	349	357
720	323	359	365
724	312	348	365
726	306	342	357
726	302	341	356
707	301	351	357
705	301	349	355
702	298	341	359
700	294	344	360
691	295	350	354
687	281	350	366
685	276	352	364
667	267	352	357
671	263	346	361
664	258	339	360
660	249	332	363
652	238	336	369
652	232	333	366
633	219	345	368
632	215	350	369
631	207	340	375
627	203	345	376
626	192	342	381
627	190	343	383
623	185	356	392
623	191	361	373
635	189	354	381
639	190	357	373
643	190	367	376
642	192	376	372
644	199	366	371
621	204	377	365
629	216	364	357
621	226	362	361
626	227	367	357
642	237	355	367
656	245	358	357
668	247	344	346
667	255	334	347
664	267	326	336
660	264	327	341
662	268	318	335
661	270	323	342
660	269	330	325
660	262	325	331
662	269	325	344
664	269	322	343
653	268	329	344
652	276	323	351
644	289	327	351
645	295	324	337
654	306	321	331
652	310	317	333
650	304	316	336
637	304	326	346
632	304	317	343
630	302	322	337
636	307	320	350
641	306	324	351
652	303	321	347
661	301	321	359
670	310	324	355
667	311	330	356
669	314	335	352
671	310	338	368
670	311	340	368
680	316	341	364
683	304	351	380
692	316	353	378
706	304	356	391
716	311	371	387
733	303	373	401
736	294	375	409
745	299	370	402
748	302	369	402
746	298	382	405
759	295	369	401
758	292	378	402
760	291	374	391
750	297	373	396
748	308	380	381
743	312	375	377
748	320	361	374
754	328	363	370
764	334	352	365
769	339	355	355
781	355	348	361
783	360	349	353
781	361	352	357
780	371	348	367
784	387	355	302
786	392	351	371
792	394	355	367
792	401	372	349
800	403	366	349
799	406	368	362
798	402	370	371
807	402	351	387
805	407	359	390
789	413	372	403
800	417	364	384
796	422	369	392
793	422	378	408
792	421	378	405
791	427	378	411
791	428	386	418
777	426	395	426
779	422	400	421
772	420	400	434
767	414	409	438
765	405	413	441
764	395	402	456
763	392	404	446
759	389	402	450
758	377	401	454
757	372	403	457
759	371	404	455
752	365	401	448
749	363	411	452
746	360	404	445
748	350	402	446
740	348	408	449
740	351	406	440
734	345	408	443
732	346	407	436
723	352	413	432
723	348	408	419
727	342	409	437
734	337	399	401
733	340	400	405
733	324	399	436
729	329	411	431
729	326	408	438
730	320	400	430
724	311	399	446
731	312	390	430
726	305	406	443
725	299	403	452
723	296	405	450
726	298	406	453
722	295	403	455
724	293	400	448
727	284	406	446
726	280	408	449
726	280	409	456
724	278	414	458
742	272	404	452
750	262	399	469
749	267	410	456
752	258	410	461
744	257	417	464
745	226	408	494
744	235	404	474
742	247	404	465
740	253	404	457
735	266	402	451
733	274	401	441
742	271	389	445
753	288	378	426
745	285	379	436
742	303	388	416
744	307	385	416
756	310	376	415
748	313	382	413
743	311	386	404
752	314	382	411
751	315	379	418
757	318	383	409
759	317	379	420
753	314	380	431
749	315	386	429
766	319	374	421
745	316	383	427
746	314	398	423
768	318	379	425
785	315	364	428
760	315	389	425
771	312	380	428
771	314	385	430
769	311	389	438
769	312	386	434
770	314	394	436
763	302	402	449
767	298	402	448
765	308	400	440
757	299	408	453
772	300	399	442
756	285	415	456
783	291	412	446
787	279	423	451
788	270	427	460
783	266	439	458
780	257	434	463
773	262	439	465
781	258	445	462
782	268	434	451
787	280	436	441
792	276	426	452
800	285	424	440
804	291	413	453
799	285	416	446
799	295	417	448
804	301	409	447
819	316	398	437
815	324	396	433
815	326	394	427
815	333	396	429
804	327	403	437
807	328	403	434
844	330	388	424
814	335	406	420
863	335	371	418
823	332	393	446
837	324	396	430
811	332	407	419
820	330	398	415
813	333	396	416
805	333	404	422
808	337	402	424
826	334	387	420
815	329	395	427
806	334	411	431
802	335	410	434
794	337	417	432
801	338	412	425
796	330	415	434
794	322	417	437
789	316	422	450
790	314	425	451
791	317	424	446
791	314	429	449
795	312	425	447
791	307	427	455
796	291	441	472
792	284	455	485
783	293	448	483
788	295	439	485
786	295	440	482
777	318	434	474
775	320	429	472
782	340	419	470
778	344	414	453
777	347	417	454
770	360	415	451
769	369	413	445
768	372	408	445
775	381	410	435
773	378	402	440
768	387	408	441
765	389	406	441
771	389	406	432
775	380	404	438
773	371	416	431
786	358	407	436
788	347	409	440
790	343	410	440
803	335	403	429
797	338	411	420
800	331	409	421
800	328	414	424
804	333	406	424
806	329	409	418
817	326	402	414
802	307	422	432
801	306	432	428
823	302	425	438
820	291	432	446
813	279	444	438
806	287	444	433
804	284	440	431
798	274	448	436
797	274	446	451
794	258	441	468
788	254	458	465
790	249	457	455
781	243	467	459
784	249	469	453
778	259	448	442
777	253	460	464
771	258	449	478
774	260	447	473
780	266	435	460
775	269	439	453
781	272	432	448
787	280	421	443
779	281	414	445
756	285	428	427
765	285	422	434
762	277	428	427
773	271	427	442
784	263	422	428
793	266	412	424
796	268	420	428
805	260	414	431
800	263	409	443
809	268	402	423
783	273	425	440
797	270	419	433
806	271	410	441
794	277	419	424
807	282	407	421
798	277	421	436
797	287	425	434
800	294	423	437
787	302	434	427
778	304	442	419
790	303	436	424
799	310	435	435
793	309	428	429
792	308	433	434
782	324	447	431
785	323	432	434
793	312	421	448
795	305	427	464
792	275	422	487
788	296	431	468
784	300	397	452
783	302	400	452
791	303	453	458
782	311	447	453
782	312	446	454
775	302	446	458
786	306	434	454
782	319	419	461
787	306	424	434
794	302	400	425
800	305	397	420
804	302	391	412
828	308	379	410
830	305	373	415
815	303	380	403
812	305	380	406
808	294	383	417
802	288	386	427
794	280	393	435
809	289	376	426
789	283	390	436
782	296	399	440
800	305	381	430
794	312	384	423
796	306	381	428
794	306	390	443
784	309	397	445
784	314	401	444
782	307	411	436
767	315	414	415
763	315	425	411
760	315	428	432
768	312	425	417
772	310	430	431
778	306	426	431
778	301	425	442
765	299	442	441
771	302	443	439
780	301	439	448
775	297	444	458
779	344	437	422
765	307	451	447
773	292	438	457
773	319	429	421
763	324	423	403
773	284	446	436
759	302	459	417
770	303	439	413
772	301	431	429
798	296	412	405
811	285	398	397
805	285	400	399
799	279	409	395
800	280	402	393
800	277	408	391
799	274	409	391
803	272	405	386
798	282	406	376
803	256	396	398
799	261	415	393
802	259	404	401
805	263	402	400
807	264	399	412
809	271	398	404
810	266	395	416
802	268	410	421
803	272	409	409
823	275	416	414
815	280	418	427
823	285	409	415
811	287	416	413
818	295	407	400
816	293	414	412
813	270	416	415
810	267	424	423
813	267	422	446
820	260	417	466
814	257	431	459
818	265	432	453
809	283	432	441
813	290	387	414
797	279	436	433
796	287	381	408
798	285	429	426
798	294	435	434
811	290	425	423
805	300	419	425
805	301	428	408
799	302	421	405
806	304	417	406
802	300	419	411
805	304	409	409
804	294	404	414
798	294	404	420
801	298	405	416
793	298	415	416
803	303	402	415
800	302	406	415
806	308	408	410
821	306	400	412
822	310	399	409
822	308	406	413
832	307	400	424
823	309	413	433
829	311	411	444
824	307	414	448
826	307	420	462
843	309	404	466
839	310	411	476
845	304	414	484
850	305	406	483
826	308	425	487
852	304	409	409
859	306	404	431
859	305	407	418
846	299	426	434
850	296	443	432
850	279	445	450
848	290	452	440
828	266	449	473
820	272	459	465
856	275	442	474
847	286	441	457
853	288	448	445
859	281	449	451
859	287	440	447
853	280	440	459
842	282	441	458
861	280	429	455
854	281	439	451
874	290	419	451
866	288	423	443
876	286	409	446
875	298	411	456
873	291	411	461
871	285	416	467
863	285	425	480
862	285	415	458
867	284	422	451
869	283	413	432
861	263	420	389
853	255	425	392
844	255	427	402
845	251	408	410
837	243	418	426
819	232	428	427
815	224	430	444
817	231	425	423
803	218	434	442
812	203	430	450
789	192	444	473
793	190	433	479
796	205	441	477
783	205	453	489
783	207	447	475
778	180	458	507
779	193	456	514
779	239	464	476
778	260	453	447
778	221	470	486
764	278	468	422
771	282	465	430
759	269	477	453
763	249	465	482
766	261	470	483
767	257	459	489
768	266	450	495
760	282	440	488
766	280	447	490
757	304	450	501
774	307	434	487
773	309	447	489
782	314	439	467
778	312	449	464
778	313	446	479
779	310	457	497
784	307	444	489
783	316	460	487
784	306	441	475
781	314	448	479
774	309	461	491
768	304	467	513
765	302	471	514
770	311	479	515
761	308	483	505
764	312	481	505
759	314	475	504
758	316	487	513
755	308	481	531
749	308	495	539
747	311	498	525
751	309	495	533
757	315	496	543
753	311	494	548
751	321	505	541
745	321	508	538
744	275	518	580
749	280	515	571
749	278	514	587
742	292	522	566
754	300	513	548
758	293	516	552
758	308	504	516
749	322	519	498
742	307	525	517
763	307	505	500
764	309	488	507
759	306	507	525
769	305	489	504
754	306	510	519
758	309	494	514
762	303	502	519
766	297	492	512
777	292	502	523
781	294	491	514
782	291	498	515
783	285	492	525
784	290	498	529
787	289	495	524
790	290	491	526
792	283	494	531
789	286	489	518
790	286	491	509
799	286	485	521
796	283	496	529
799	285	493	536
796	269	502	551
803	281	498	541
802	274	496	560
797	269	492	567
796	275	488	568
807	269	487	580
804	267	494	590
801	274	501	578
799	269	503	576
803	255	506	590
798	236	517	593
798	237	520	570
789	235	536	581
785	228	545	585
790	224	544	585
791	246	546	566
794	258	541	550
787	241	533	576
797	263	518	561
792	268	515	545
807	284	497	530
809	286	474	520
812	294	478	526
812	299	483	521
818	297	472	514
818	311	474	486
829	305	469	469
830	294	471	485
835	295	465	468
838	282	458	475
835	279	452	463
841	268	452	463
846	258	451	470
868	241	437	482
869	239	442	469
873	232	429	466
869	237	441	462
867	223	434	490
869	224	434	481
872	226	432	456
876	211	430	470
874	212	433	463
868	206	437	477
861	207	426	477
852	204	422	475
846	204	421	481
844	207	422	489
841	205	426	496
835	200	432	515
837	186	428	534
835	191	429	534
833	196	449	553
818	212	456	532
821	227	453	508
814	236	465	528
812	247	452	495
814	264	444	517
806	271	465	513
801	280	441	485
788	278	438	448
783	291	451	438
793	305	437	496
781	317	429	537
799	313	406	539
786	341	411	536
797	308	397	426
804	321	385	419
801	321	388	407
790	317	396	408
796	314	395	410
797	311	386	395
791	316	391	410
795	309	392	421
801	307	374	422
803	313	390	419
811	313	377	421
812	318	390	426
802	327	394	428
818	332	380	428
815	327	391	427
824	334	382	434
824	309	382	388
820	315	388	425
811	313	396	432
823	310	396	440
827	305	390	439
816	296	405	448
825	303	401	447
828	317	408	457
828	338	420	451
823	336	429	448
824	351	435	441
818	351	440	413
821	361	444	425
821	363	438	426
825	367	438	426
832	362	428	427
831	364	431	425
829	368	433	419
834	369	432	415
838	360	427	423
844	356	407	424
840	356	411	416
840	354	401	418
841	350	396	421
845	350	391	431
843	354	400	430
843	345	391	438
847	337	392	442
838	343	397	440
837	352	402	430
847	347	400	445
841	350	411	454
852	359	401	438
864	352	407	451
858	357	407	452
860	362	408	456
865	361	410	461
872	361	405	466
870	364	419	464
875	358	422	474
872	350	427	486
869	362	429	472
873	355	429	485
871	348	440	492
871	340	448	503
867	339	454	504
863	330	457	506
864	320	462	505
860	307	475	488
852	291	473	503
856	292	465	497
852	292	470	507
852	289	479	511
852	255	475	548
845	268	459	532
840	277	465	521
842	270	456	540
840	287	459	511
830	304	459	493
823	308	458	510
825	309	455	491
825	317	455	483
824	311	455	483
838	306	457	494
842	282	453	499
841	275	457	501
844	268	464	518
863	253	458	513
858	246	469	508
857	228	470	518
867	211	471	514
875	199	468	520
877	192	476	526
896	194	465	517
878	179	482	523
864	178	492	526
864	189	495	517
859	189	489	523
864	198	476	541
849	195	486	535
838	204	484	547
827	198	495	558
828	200	503	555
811	191	520	573
817	177	524	596
814	184	537	582
798	192	545	574
808	193	544	544
802	196	556	569
800	216	564	533
807	221	572	516
803	224	573	535
795	227	589	533
797	234	567	526
805	244	538	496
793	253	522	507
776	250	516	504
765	253	507	499
737	258	501	504
712	247	497	512
696	250	491	517
675	248	486	520
660	250	494	520
643	243	493	541
621	230	499	535
614	237	507	531
610	219	498	533
587	216	519	540
589	199	516	562
594	191	513	552
597	172	521	554
594	160	527	563
598	151	534	562
595	141	547	570
585	133	562	571
591	128	560	570
596	128	559	550
608	127	572	579
600	116	575	583
598	121	575	594
597	110	601	604
610	115	598	609
608	103	603	623
614	102	597	631
618	100	601	632
612	97	604	635
611	91	610	656
604	108	611	645
601	97	609	646
587	101	619	643
576	115	617	648
564	130	620	622
565	140	617	622
556	166	618	604
560	178	609	620
554	185	595	623
560	200	587	611
567	222	580	613
562	230	583	609
571	233	569	609
580	236	563	600
590	252	561	588
593	254	577	590
600	257	566	598
639	260	556	594
632	271	561	595
634	274	570	603
642	284	569	609
647	300	570	593
673	314	570	596
678	322	573	614
674	352	581	593
692	358	575	595
695	367	592	621
706	385	593	618
713	386	603	623
717	395	612	621
721	399	616	625
719	408	612	633
721	411	617	625
734	421	612	640
753	413	610	656
750	421	613	649
765	414	607	655
756	410	617	657
757	408	625	656
750	415	646	656
748	410	634	648
755	414	642	642
749	425	643	628
736	435	631	616
730	441	627	612
741	447	635	609
728	458	642	608
733	463	636	599
762	463	613	602
774	462	596	603
759	473	609	597
774	468	586	597
767	468	595	603
779	478	580	602
777	481	588	589
789	473	574	600
779	477	582	595
787	477	581	596
790	478	584	599
786	470	586	603
788	472	591	606
774	479	606	600
779	466	595	605
775	470	600	602
777	465	597	611
764	458	602	606
747	443	604	623
730	447	615	610
733	434	618	622
717	428	613	628
713	416	623	618
702	411	626	612
689	396	624	633
678	377	638	622
677	361	631	619
672	351	639	618
666	354	641	627
666	348	651	626
669	351	655	626
658	358	667	611
655	360	684	612
652	360	708	615
648	350	688	628
633	346	726	605
638	347	699	608
639	358	706	629
627	359	694	587
617	349	687	598
614	352	674	601
620	348	661	602
628	349	652	599
635	341	648	607
636	348	645	590
635	341	638	604
654	340	634	594
644	335	625	580
638	310	633	612
650	299	628	614
660	301	626	590
659	286	631	635
661	282	629	601
667	274	637	600
659	249	633	619
669	247	628	616
670	246	623	616
668	253	631	605
676	242	620	617
670	244	628	611
688	248	635	611
685	256	633	597
682	246	640	613
684	262	631	611
699	254	619	615
742	263	588	616
665	271	654	638
698	275	632	612
707	278	638	618
707	285	657	624
706	280	653	642
684	285	670	626
693	289	683	622
694	291	675	607
699	323	679	592
691	321	664	596
703	330	660	584
703	335	653	574
704	333	630	583
683	350	613	564
674	350	619	562
669	347	594	563
651	350	593	562
641	348	596	560
636	347	586	551
644	341	567	547
628	340	556	563
616	336	567	535
607	331	546	532
612	323	538	544
604	322	540	541
589	316	546	543
600	306	536	552
575	307	553	556
598	310	534	555
575	309	547	552
575	295	540	572
583	297	532	568
550	294	556	576
563	298	549	570
559	290	546	577
561	281	543	570
550	273	554	580
549	252	549	581
561	251	565	593
554	239	583	627
565	240	579	608
563	231	599	598
567	200	609	622
587	185	608	651
592	176	619	660
592	176	639	653
609	156	635	655
610	145	644	677
610	147	636	676
617	151	643	678
630	158	646	676
636	162	645	657
632	163	641	669
641	162	654	668
652	186	644	642
665	203	641	618
694	226	606	603
701	233	599	592
712	251	586	581
708	255	589	576
725	250	576	579
723	265	586	576
