34	383	225	182
69	384	192	179
112	379	148	183
153	373	109	201
173	369	89	208
181	373	85	209
177	361	93	203
178	390	91	177
179	405	87	159
181	410	88	160
180	412	92	162
165	400	106	166
153	380	120	187
135	370	142	201
135	370	142	201
135	370	142	201
120	400	165	150
119	401	159	153
126	415	144	137
537	133	172	127
522	145	187	141
501	175	209	154
103	430	146	170
107	451	124	164
96	432	121	190
105	459	103	174
104	464	93	161
100	421	88	200
104	397	83	221
111	398	82	223
122	391	79	218
125	388	80	215
130	380	77	213
130	381	75	203
129	369	76	196
127	364	79	193
127	350	75	180
125	339	85	176
126	340	101	175
127	328	120	171
127	322	144	177
125	317	163	167
100	327	202	150
163	309	168	147
205	313	147	132
248	316	138	116
290	297	125	128
308	251	130	143
360	261	123	130
384	253	132	137
410	213	134	153
426	201	138	156
415	182	163	153
465	168	136	143
522	151	107	154
524	138	122	151
578	114	81	155
578	114	81	155
578	114	81	155
578	114	81	155
578	114	81	155
578	114	81	155
587	63	134	120
523	58	164	117
510	46	182	124
498	21	178	125
474	17	163	105
475	10	189	111
500	13	182	111
490	17	179	99
450	5	200	110
481	15	172	105
435	-3	180	120
427	-1	153	94
432	0	158	96
427	3	162	90
424	4	166	100
428	3	161	109
422	5	154	115
423	5	156	121
429	0	149	120
438	9	137	116
447	15	138	113
444	18	136	121
453	22	142	111
466	19	134	111
417	20	181	124
414	31	187	132
404	63	197	117
396	54	192	150
399	63	181	159
399	75	191	162
402	115	173	138
405	105	193	165
407	124	210	160
402	136	215	157
402	158	184	150
399	157	190	159
404	160	188	163
409	219	154	124
456	240	106	101
469	259	96	84
468	258	105	88
473	264	79	76
473	264	79	76
473	264	79	76
473	264	79	76
473	264	79	76
473	264	79	76
473	264	79	76
473	264	79	76
473	264	79	76
473	264	79	76
473	264	79	76
473	264	79	76
473	264	79	76
473	264	79	76
473	264	79	76
473	264	79	76
473	264	79	76
473	264	79	76
473	264	79	76
473	264	79	76
473	264	79	76
473	264	79	76
473	264	79	76
473	264	79	76
473	264	79	76
473	264	79	76
473	264	79	76
473	264	79	76
473	264	79	76
473	264	79	76
473	264	79	76
473	264	79	76
771	60	114	108
778	68	107	99
768	74	126	92
759	75	137	93
749	78	133	101
737	86	133	104
734	86	144	107
734	92	155	102
729	99	164	108
713	89	153	113
735	102	120	106
739	105	112	112
741	103	113	112
740	100	88	103
753	97	90	106
752	86	99	121
763	76	76	132
769	69	59	121
779	64	66	133
785	59	80	150
792	54	87	154
797	44	95	163
799	30	107	163
820	15	91	160
842	10	81	157
858	5	79	148
845	4	98	135
839	7	118	113
827	10	137	90
823	10	150	81
818	4	169	87
818	4	175	87
813	6	187	88
806	7	199	92
799	7	197	92
787	5	197	97
773	-2	209	98
764	4	208	84
758	2	205	81
754	9	197	70
751	6	194	70
756	10	165	74
758	4	159	84
765	3	149	89
771	1	144	97
782	0	140	105
811	8	119	98
811	2	110	104
832	-2	82	90
844	-8	66	107
842	-2	69	108
870	0	59	130
885	1	56	114
896	0	49	153
902	-10	52	165
909	-8	51	166
919	-7	49	150
925	3	57	163
933	21	70	188
947	36	74	215
961	61	68	229
975	105	68	238
990	194	67	213
1002	217	72	211
1013	233	73	236
1025	283	74	221
1039	331	73	217
1045	389	81	201
1045	406	96	218
1050	458	106	184
1046	463	118	190
1035	500	148	154
1020	537	167	125
1074	524	127	125
1077	538	106	105
1077	538	106	105
1077	538	106	105
1077	538	106	105
1077	538	106	105
1077	538	106	105
1077	538	106	105
1077	538	106	105
1077	538	106	105
1077	538	106	105
1077	538	106	105
1077	538	106	105
1077	538	106	105
879	433	112	152
876	390	105	168
881	372	93	159
873	332	95	145
874	302	77	114
875	280	72	124
878	256	73	148
881	233	68	151
883	217	68	155
882	195	72	145
883	173	74	133
884	154	80	130
885	130	71	109
880	113	84	112
878	91	92	122
880	69	96	118
875	54	107	118
868	41	119	117
875	26	115	116
874	14	119	116
871	6	121	109
867	5	127	94
895	10	114	82
889	8	134	83
839	3	174	96
830	3	187	117
806	8	205	126
776	25	199	123
782	11	210	146
756	43	177	129
730	79	164	104
717	81	152	106
688	77	164	105
665	76	195	98
683	80	173	91
703	75	144	96
713	71	149	99
713	71	149	99
713	71	149	99
713	71	149	99
713	71	149	99
713	71	149	99
713	71	149	99
