1216	419	285	284
1235	402	279	313
1233	403	280	311
1223	405	291	316
1222	403	296	316
1211	409	296	316
1209	404	300	322
1208	394	302	322
1201	395	311	324
1194	398	314	333
1187	397	323	334
1186	397	322	328
1180	396	327	331
1182	387	324	322
1173	389	336	332
1168	391	337	333
1166	386	343	328
1152	393	348	331
1149	389	363	333
1146	390	360	323
1140	380	362	314
1135	385	372	314
1129	385	374	327
1126	385	371	335
1128	382	379	330
1114	383	382	327
1114	375	388	315
1108	375	392	314
1109	377	385	297
1113	378	378	296
1095	381	398	291
1086	381	405	296
1068	382	417	301
1065	389	391	291
1070	387	330	275
1083	382	388	293
1055	384	341	277
1057	386	339	283
1027	391	368	277
1013	390	459	311
1005	387	464	323
1002	391	469	339
1007	387	417	292
1015	382	448	319
1000	383	456	338
1003	380	442	310
994	381	450	323
995	383	453	309
998	385	446	313
997	390	451	313
916	382	529	341
902	391	536	343
908	384	532	356
994	386	441	328
921	385	483	345
917	392	512	351
924	386	482	352
930	390	491	347
931	392	473	342
937	394	467	335
940	398	460	337
942	394	454	331
945	396	449	331
953	399	439	313
964	391	430	301
953	395	440	305
954	398	434	300
969	395	418	298
953	401	424	304
955	400	418	316
968	400	408	299
957	396	406	302
956	398	403	299
960	399	405	298
958	397	394	301
963	401	390	297
960	403	384	295
961	406	381	289
932	398	405	299
926	396	408	302
913	399	418	303
916	401	414	295
909	404	424	297
900	410	412	291
898	413	409	289
898	410	411	286
895	416	412	299
890	407	416	319
894	405	420	327
899	402	421	327
896	396	427	333
895	398	434	334
889	406	442	349
895	405	460	324
897	408	452	323
884	409	400	311
892	407	386	302
894	415	354	286
905	414	363	287
906	415	338	284
909	409	296	282
909	411	296	288
913	408	286	282
917	406	277	289
913	404	279	292
912	408	283	284
909	407	282	286
909	404	279	287
895	408	283	283
896	413	283	279
888	409	294	289
896	409	314	284
902	403	277	276
896	408	283	277
897	403	284	279
897	405	284	274
900	407	279	267
903	407	279	266
900	410	298	273
897	405	300	280
895	403	298	271
897	407	294	270
894	407	299	264
893	403	297	272
886	404	303	273
888	407	300	272
888	404	290	271
893	398	296	276
894	397	286	281
897	402	280	271
905	404	274	266
906	401	272	270
910	397	266	273
913	398	265	268
914	403	266	260
916	401	268	264
908	400	270	269
909	402	265	261
912	398	260	273
913	398	261	273
912	399	256	268
910	399	261	264
910	396	253	280
909	393	255	287
911	394	250	285
910	392	249	291
912	394	244	284
912	392	241	277
911	390	240	288
903	391	246	290
910	390	238	298
908	391	238	313
913	390	231	310
908	389	238	297
915	391	232	305
916	391	232	294
916	390	228	291
911	388	230	295
904	385	225	300
902	384	223	312
910	379	214	308
914	385	215	283
903	384	220	282
899	385	220	289
912	381	205	279
915	384	199	267
923	381	190	276
921	388	191	259
922	387	184	297
923	388	180	293
918	388	180	276
920	385	177	292
907	384	187	290
911	379	174	251
918	387	169	237
919	383	165	245
916	372	167	245
915	382	166	266
909	373	172	244
917	376	168	243
897	365	187	269
898	376	193	333
898	368	193	330
900	366	194	339
907	361	191	274
920	365	178	256
892	372	208	253
920	364	183	235
895	361	206	254
898	365	213	269
892	358	226	252
890	359	235	255
874	363	259	271
879	361	258	265
885	359	252	259
887	357	256	258
885	358	258	260
900	357	249	256
918	359	243	263
914	359	245	264
919	361	244	259
903	360	268	264
881	361	287	281
888	359	281	270
885	359	288	274
890	357	295	276
887	357	296	275
886	359	303	278
886	355	306	281
887	357	309	279
890	359	308	276
889	357	318	277
890	356	317	278
884	357	328	277
886	357	333	278
884	356	347	278
889	360	344	273
885	354	350	281
888	354	349	282
879	352	363	283
882	351	371	282
882	354	380	282
882	355	384	282
881	354	389	284
883	358	387	277
892	357	382	275
884	357	392	273
896	356	395	273
899	354	390	274
897	348	399	282
902	356	398	276
886	347	411	283
887	355	458	337
887	352	471	339
903	348	432	326
903	352	453	332
900	351	443	334
904	348	461	348
934	348	411	292
942	348	399	284
935	349	401	283
938	347	411	288
945	346	406	284
950	342	416	286
946	346	414	284
944	346	430	288
951	345	416	289
985	348	406	292
976	348	417	297
973	348	422	287
977	347	419	290
978	347	432	314
983	347	423	305
980	344	452	328
981	347	444	322
980	344	445	332
995	345	438	343
990	350	461	344
994	351	457	348
995	353	464	337
991	353	469	366
995	352	472	371
1023	350	444	370
1047	347	438	362
1057	348	417	352
1032	340	456	359
1036	349	443	358
1039	350	451	367
1053	346	441	378
1039	344	454	384
1050	345	448	377
1034	350	472	384
1049	337	451	368
1049	346	465	393
1036	344	474	391
1053	338	468	383
1042	346	473	385
1043	339	496	366
1042	334	493	379
1058	341	484	396
1051	346	490	394
1057	350	498	396
1042	346	500	395
1042	339	525	398
1023	352	527	381
1017	338	543	391
1022	349	533	393
1027	345	535	404
1024	347	536	398
1030	344	528	398
1035	336	576	398
1031	344	531	407
1039	342	528	379
1041	338	534	403
1050	322	528	390
1053	330	526	385
1061	330	521	387
1063	323	527	389
1071	322	538	400
1071	327	563	407
1074	320	528	404
1070	317	568	424
1076	319	558	403
1083	322	566	408
1098	318	538	398
1096	326	546	415
1097	317	550	417
1101	315	556	411
1103	334	553	418
1105	312	552	391
1051	322	594	387
1106	315	551	398
1088	316	558	384
1097	308	564	401
1026	305	626	366
1015	305	633	349
1041	303	597	366
1042	313	630	419
1031	283	640	396
1024	289	609	428
1028	285	608	389
1058	285	603	394
1055	292	596	380
1077	273	585	390
1062	277	583	389
1096	272	561	405
1098	268	558	397
1105	254	541	425
1111	273	552	395
1085	270	537	410
1115	275	537	410
1081	260	518	411
1120	275	524	376
1140	281	516	358
1136	287	499	349
1151	277	499	360
1161	293	495	344
1166	277	486	352
1162	287	489	350
1171	285	485	338
1166	286	488	326
1167	283	483	356
1173	280	479	386
1186	277	460	335
1200	278	461	372
1190	272	460	379
1195	270	457	403
1205	266	422	320
1205	280	409	292
1207	270	441	327
1209	272	418	325
1209	269	422	301
1217	267	430	346
1207	264	435	306
1201	268	421	298
1198	266	429	301
1211	267	428	364
1212	260	424	370
1211	265	419	338
1218	257	410	383
1215	259	409	324
1228	259	400	325
1231	255	402	373
1228	251	408	381
1242	257	393	305
1259	250	375	313
1265	248	370	304
1282	246	357	337
1276	249	360	297
1296	245	341	304
1291	244	349	333
1286	242	352	326
1289	241	347	329
1291	243	345	325
1288	242	353	334
1290	239	349	325
1293	242	344	318
1299	241	338	314
1291	240	345	314
1297	236	339	320
1298	239	337	314
1303	237	330	315
1304	236	330	310
1304	236	325	303
1305	240	324	294
1305	239	319	293
1303	238	321	294
1304	239	312	288
1306	236	309	291
1306	229	307	297
1308	228	270	291
1300	224	303	298
1299	222	307	301
1295	225	314	299
1295	224	308	294
1291	227	270	291
1311	229	293	281
1287	228	317	305
1290	228	315	307
1230	230	358	302
1150	228	425	304
1151	230	414	310
1151	233	452	313
1160	232	441	319
1158	228	449	307
