959	786	106	75
953	789	102	74
946	787	104	74
939	790	104	74
933	789	103	75
928	790	103	73
921	790	103	74
916	792	102	74
910	791	101	76
904	793	103	76
899	794	103	76
895	794	101	78
890	795	100	78
886	796	99	77
882	797	98	78
875	798	99	78
873	797	99	80
870	799	98	79
866	796	99	80
861	799	95	81
857	797	98	78
850	795	104	79
843	795	105	78
839	792	105	80
834	790	103	80
830	790	103	80
826	788	100	80
822	785	97	80
818	781	96	82
815	778	96	81
811	774	95	80
805	774	93	76
801	771	90	79
798	766	89	81
793	766	90	78
790	764	89	77
789	763	88	76
786	760	89	75
784	754	89	81
783	752	87	82
779	754	88	78
777	754	86	77
773	748	84	84
769	753	84	77
767	747	83	84
767	756	83	78
765	754	82	81
761	758	82	79
757	763	77	74
757	766	74	74
754	770	67	73
752	773	65	69
750	775	64	70
747	778	62	69
746	781	59	69
745	783	58	69
742	786	57	70
741	787	55	70
740	787	54	71
737	793	53	69
736	795	53	70
734	798	51	68
734	800	50	69
733	802	50	69
734	808	52	71
735	809	51	74
735	817	48	68
735	817	44	67
736	822	35	66
737	825	34	67
738	826	32	69
741	828	31	68
743	831	31	70
742	832	33	71
743	832	33	71
744	832	34	72
745	833	33	71
745	832	34	72
746	833	34	73
748	833	32	73
749	836	38	69
749	837	42	73
748	839	42	73
745	844	42	71
744	846	41	70
741	847	41	70
740	849	41	70
738	851	43	71
736	853	43	72
732	855	45	75
728	857	48	73
725	857	50	74
722	860	52	74
720	860	55	73
717	864	59	73
713	865	63	74
710	869	67	71
707	871	69	72
702	871	71	72
700	872	72	74
698	873	73	74
694	875	74	74
693	876	72	74
692	877	71	72
688	875	73	75
686	878	72	73
682	880	75	70
681	879	72	72
681	879	70	72
678	880	69	71
676	881	67	68
673	879	69	69
671	880	70	68
668	879	71	70
663	879	78	68
659	879	80	68
655	879	88	66
654	875	88	70
652	875	81	67
650	872	93	71
648	872	85	69
651	873	91	62
653	872	90	63
654	870	87	60
655	869	84	62
655	870	84	61
656	870	83	56
658	870	81	55
659	869	78	55
659	870	71	53
660	868	73	52
661	867	77	52
664	866	76	54
666	864	74	54
666	863	72	55
667	862	71	56
668	860	70	57
667	859	71	57
668	858	71	56
662	858	79	54
659	857	80	48
656	854	86	51
651	850	92	52
647	847	87	54
646	845	61	47
647	842	62	49
647	841	65	49
648	839	66	49
648	838	68	48
650	837	69	48
652	837	71	47
655	836	74	47
657	837	77	49
658	833	83	57
653	828	85	57
652	823	87	58
647	823	83	56
646	822	82	57
639	821	88	63
635	820	89	63
626	820	89	65
623	822	85	67
619	826	84	66
614	820	84	70
612	822	83	72
609	819	80	76
607	819	80	75
604	820	79	77
601	816	81	80
597	815	81	79
595	818	83	75
592	817	83	76
558	814	115	79
547	816	124	77
543	816	126	75
542	817	121	76
549	817	108	76
572	818	90	76
541	813	97	79
538	813	98	79
539	813	96	76
541	812	88	78
540	812	87	77
538	811	88	79
543	809	81	81
554	811	81	79
553	808	80	78
555	804	71	79
558	801	71	80
557	797	65	85
554	795	69	87
555	798	60	85
557	794	48	87
556	791	48	90
551	787	54	93
551	787	54	93
551	787	54	93
551	787	54	93
550	785	58	94
550	783	56	85
555	783	51	70
553	781	52	73
553	777	46	74
554	777	40	72
554	777	40	72
554	777	40	72
554	777	40	72
554	777	40	72
554	777	40	72
554	777	40	72
554	777	40	72
554	777	40	72
554	777	40	72
554	777	40	72
554	777	40	72
554	777	40	72
554	777	40	72
554	777	40	72
554	777	40	72
554	777	40	72
554	777	40	72
554	777	40	72
554	777	40	72
554	777	40	72
554	777	40	72
554	777	40	72
554	777	40	72
823	747	28	56
826	748	21	60
827	754	19	60
827	754	20	60
827	759	20	59
829	767	19	55
830	773	19	55
831	773	19	57
832	774	20	58
833	772	20	63
833	772	21	62
834	772	22	64
834	773	22	63
833	774	25	64
832	774	31	63
831	776	36	63
830	779	40	62
831	780	42	62
831	780	44	64
831	781	47	65
829	780	49	65
827	782	53	64
826	783	55	63
824	784	59	63
823	785	61	63
823	785	62	62
823	786	65	63
823	787	65	62
824	787	65	64
824	787	67	63
824	788	69	63
824	787	70	63
826	788	69	63
826	788	71	63
826	790	72	61
828	790	73	61
830	790	73	62
833	789	72	62
838	789	71	61
842	789	70	61
844	788	71	61
846	787	73	63
848	788	74	61
851	787	74	61
854	787	73	61
857	787	74	61
858	787	74	60
860	787	75	60
862	787	75	60
865	788	74	59
867	787	74	61
869	788	74	59
871	787	75	60
874	787	72	60
875	787	74	59
877	788	74	60
879	788	73	60
880	788	73	60
881	788	74	59
883	788	73	58
884	787	73	59
885	786	73	59
887	786	72	58
889	785	71	59
891	785	71	58
893	786	69	58
897	787	67	57
903	787	60	54
905	786	60	53
904	785	61	53
903	785	63	52
903	783	64	52
903	783	65	52
904	782	66	53
904	781	66	53
905	780	66	52
908	781	63	52
909	781	62	51
914	780	58	52
917	779	54	54
921	777	52	55
924	776	49	56
927	775	45	57
931	775	42	58
931	774	41	58
934	774	39	59
936	772	37	60
938	771	34	60
940	770	31	61
