1141	207	61	101
1137	209	60	103
1132	202	63	105
1131	206	61	102
1128	205	62	103
1124	204	64	104
1123	207	62	102
1121	202	61	103
1118	202	63	102
1114	202	64	103
1113	203	63	101
1111	202	66	103
1108	198	65	104
1105	196	67	106
1103	193	69	106
1101	197	64	105
1100	197	67	105
1097	193	65	106
1095	192	63	108
1093	197	64	104
1090	194	66	105
1087	190	64	106
1085	189	64	108
1082	189	65	109
1080	189	66	107
1079	186	63	109
1077	185	62	108
1075	184	62	110
1072	184	63	110
1072	188	62	106
1070	184	62	110
1065	181	66	113
1065	184	64	109
1064	183	62	111
1062	183	62	111
1059	182	64	110
1057	179	64	115
1056	181	64	112
1055	180	64	111
1054	177	63	116
1052	181	63	111
1052	177	62	114
1050	178	65	111
1050	183	63	107
1050	177	61	112
1051	177	59	111
1050	176	61	117
1051	181	58	108
1050	178	59	107
1049	176	62	113
1051	182	58	105
1051	178	58	101
1050	176	60	109
1051	176	65	111
1050	176	59	114
1047	178	65	109
1050	180	60	106
1048	164	66	124
1048	172	63	120
1046	174	64	110
1048	174	59	107
1048	170	59	120
1049	172	55	113
1049	171	46	117
1050	167	50	110
1050	167	44	101
1052	167	49	104
1048	165	48	104
1049	165	45	102
1049	163	44	104
1049	161	44	105
1050	161	45	105
1049	161	43	105
1049	162	45	104
1049	164	45	105
1049	162	43	102
1049	158	44	106
1052	157	41	102
1053	159	41	99
1053	158	41	98
1053	161	42	94
1054	159	40	95
1054	157	41	96
1055	161	38	92
1054	159	39	92
1054	155	40	97
1051	146	49	108
1054	128	59	130
1051	128	64	139
1054	125	62	141
1054	126	58	140
1055	128	57	135
1053	127	58	131
1051	128	62	127
1055	130	59	125
1056	126	56	133
1057	124	55	133
1057	126	56	134
1057	125	55	126
1059	130	52	123
1059	126	52	127
1059	127	53	127
1059	129	51	124
1060	128	51	123
1064	126	43	123
1060	127	53	122
1064	129	47	123
1064	126	48	124
1064	123	51	127
1066	125	47	126
1066	123	48	127
1069	122	49	126
1073	123	39	125
1073	128	44	120
1075	125	45	122
1075	129	43	120
1078	124	38	124
1077	128	44	119
1078	131	43	119
1083	126	34	126
1082	133	40	118
1082	126	38	126
1086	126	32	126
1086	136	32	115
1085	139	34	111
1083	136	43	112
1084	131	41	120
1087	132	34	118
1090	127	31	124
1088	132	38	114
1086	139	47	108
1089	134	43	114
1089	135	53	113
1088	134	61	115
1088	156	68	93
1090	143	64	107
1093	158	66	91
1095	137	55	115
1094	156	62	97
1096	158	62	92
1099	159	60	92
1097	158	59	92
1100	159	60	91
1101	156	55	95
1104	157	58	91
1106	155	53	96
1107	159	57	92
1108	157	51	93
1110	160	56	89
1113	158	52	92
1114	159	53	88
1116	161	55	88
1117	161	54	86
1120	162	54	88
1122	162	53	86
1124	163	47	86
1128	162	50	84
1129	162	51	85
1132	163	52	83
1134	161	51	84
1137	155	48	88
1139	153	47	91
1141	161	47	86
1144	163	46	84
1148	167	46	80
1149	167	48	80
1152	163	42	84
1154	162	45	82
1157	170	48	75
1161	169	45	78
1162	162	41	83
1164	168	45	78
1166	167	44	78
1169	174	46	75
1170	158	39	85
1170	165	37	79
1173	162	40	81
1175	155	40	85
1175	168	42	79
1177	162	38	81
1179	168	38	78
1179	167	38	78
1181	168	37	76
1183	163	36	79
1183	169	38	75
1186	177	39	65
1186	177	42	63
1183	166	39	76
1185	167	37	77
1187	175	41	67
1185	172	43	66
1189	173	40	67
1186	169	40	68
1189	176	39	64
1185	169	39	68
1186	170	36	68
1189	172	36	65
1185	172	36	63
1185	173	36	63
1183	172	36	63
1181	171	36	63
1179	171	37	63
1180	172	34	64
1177	172	37	62
1176	172	36	62
1175	171	36	64
1173	173	36	62
1171	173	36	62
1167	170	37	65
1166	173	36	62
1164	173	36	62
1162	174	36	62
1160	174	36	61
1157	174	37	63
1154	174	37	64
1155	177	36	63
1152	176	37	62
1148	174	39	64
1146	177	37	61
1147	179	37	60
1140	177	38	60
1139	174	38	65
1140	179	35	61
1136	178	38	60
1133	175	39	63
1133	176	38	63
1130	174	39	64
1130	175	38	62
1127	174	38	63
1124	172	37	66
1122	173	37	62
1121	173	37	63
1119	172	38	63
1117	171	37	64
1117	172	39	64
1116	172	38	62
1114	172	37	61
1111	171	39	62
1108	167	39	66
1105	163	37	68
1108	170	36	62
1104	172	37	58
1104	171	36	59
1101	170	36	60
1103	169	35	60
1099	170	36	56
1098	167	36	59
1099	166	34	60
1096	167	36	59
1095	166	36	58
1097	165	33	61
1096	164	35	60
1096	164	34	60
1096	162	33	61
1096	163	33	59
1097	161	32	60
1096	161	32	59
1096	162	33	57
1096	161	34	57
1096	161	34	57
1097	162	33	57
1098	161	33	57
1096	163	36	53
1093	162	41	54
1099	164	36	50
1098	163	38	51
1096	162	40	52
1103	161	34	53
1104	163	34	51
1107	160	34	54
1107	162	34	51
1106	161	34	52
1107	172	34	40
1109	174	33	36
1110	176	34	36
1110	179	34	32
1113	176	32	34
1114	175	34	35
1116	167	33	41
1118	156	36	54
1119	148	39	60
1119	140	42	65
1120	139	42	66
1121	137	50	69
1126	137	57	71
1128	132	58	73
1128	131	58	76
1129	128	60	83
1132	121	60	90
1132	115	64	88
1138	116	58	85
1135	124	55	82
1140	124	53	72
1138	126	54	74
1138	128	54	72
1140	126	53	73
1147	116	50	78
1137	119	42	75
1138	124	43	67
1140	123	40	69
1139	116	44	68
1158	122	32	58
1147	125	38	62
1149	122	38	60
1147	115	42	64
1145	111	45	69
1141	123	49	59
1162	114	39	63
1154	106	41	72
1148	119	48	60
1158	104	40	69
1163	98	35	75
1161	100	40	70
1161	102	42	66
1163	105	45	67
1166	94	41	72
1168	91	41	67
1177	102	47	63
1170	102	44	62
1171	88	44	68
1169	89	48	70
1179	79	49	76
1180	79	50	77
1187	67	48	90
1185	66	58	99
1191	43	56	111
1190	70	71	137
1194	83	84	132
1192	35	93	171
1192	14	91	192
1177	6	110	215
1162	8	129	211
1160	19	126	203
1160	19	126	203
1160	19	126	203
1160	19	126	203
1160	19	126	203
1160	19	126	203
1160	19	126	203
1160	19	126	203
1160	19	126	203
1160	19	126	203
1160	19	126	203
1160	19	126	203
1160	19	126	203
1160	19	126	203
1160	19	126	203
1160	19	126	203
1160	19	126	203
1160	19	126	203
1160	19	126	203
1160	19	126	203
1160	19	126	203
1160	19	126	203
1160	19	126	203
1160	19	126	203
1160	19	126	203
1160	19	126	203
1160	19	126	203
1160	19	126	203
1160	19	126	203
1160	19	126	203
1160	19	126	203
1160	19	126	203
1160	19	126	203
1160	19	126	203
1160	19	126	203
1160	19	126	203
1160	19	126	203
1160	19	126	203
1160	19	126	203
1160	19	126	203
1160	19	126	203
1160	19	126	203
1160	19	126	203
1160	19	126	203
1160	19	126	203
1160	19	126	203
1160	19	126	203
1160	19	126	203
1160	19	126	203
1160	19	126	203
1160	19	126	203
1160	19	126	203
1160	19	126	203
892	130	202	232
843	158	337	197
816	194	415	161
810	197	405	163
800	192	406	165
783	189	406	167
788	187	398	164
781	186	398	166
771	192	398	157
758	161	408	190
758	161	408	190
758	161	408	190
758	161	408	190
758	161	408	190
758	161	408	190
758	161	408	190
758	161	408	190
758	161	408	190
758	161	408	190
758	161	408	190
758	161	408	190
758	161	408	190
758	161	408	190
758	161	408	190
758	161	408	190
758	161	408	190
758	161	408	190
758	161	408	190
758	161	408	190
758	161	408	190
758	161	408	190
758	161	408	190
758	161	408	190
758	161	408	190
758	161	408	190
758	161	408	190
758	161	408	190
758	161	408	190
758	161	408	190
758	161	408	190
758	161	408	190
758	161	408	190
758	161	408	190
758	161	408	190
758	161	408	190
758	161	408	190
758	161	408	190
758	161	408	190
758	161	408	190
758	161	408	190
758	161	408	190
758	161	408	190
758	161	408	190
758	161	408	190
758	161	408	190
758	161	408	190
758	161	408	190
758	161	408	190
758	161	408	190
758	161	408	190
758	161	408	190
758	161	408	190
758	161	408	190
758	161	408	190
758	161	408	190
758	161	408	190
758	161	408	190
758	161	408	190
758	161	408	190
758	161	408	190
758	161	408	190
758	161	408	190
758	161	408	190
758	161	408	190
758	161	408	190
758	161	408	190
758	161	408	190
758	161	408	190
758	161	408	190
758	161	408	190
758	161	408	190
758	161	408	190
758	161	408	190
758	161	408	190
758	161	408	190
758	161	408	190
758	161	408	190
758	161	408	190
758	161	408	190
758	161	408	190
758	161	408	190
758	161	408	190
758	161	408	190
758	161	408	190
758	161	408	190
758	161	408	190
758	161	408	190
758	161	408	190
758	161	408	190
758	161	408	190
758	161	408	190
758	161	408	190
758	161	408	190
758	161	408	190
758	161	408	190
758	161	408	190
758	161	408	190
758	161	408	190
758	161	408	190
758	161	408	190
758	161	408	190
758	161	408	190
758	161	408	190
758	161	408	190
758	161	408	190
758	161	408	190
758	161	408	190
758	161	408	190
758	161	408	190
758	161	408	190
758	161	408	190
758	161	408	190
758	161	408	190
758	161	408	190
758	161	408	190
758	161	408	190
758	161	408	190
758	161	408	190
758	161	408	190
758	161	408	190
758	161	408	190
758	161	408	190
758	161	408	190
758	161	408	190
758	161	408	190
758	161	408	190
758	161	408	190
758	161	408	190
758	161	408	190
758	161	408	190
758	161	408	190
758	161	408	190
758	161	408	190
758	161	408	190
758	161	408	190
758	161	408	190
758	161	408	190
758	161	408	190
758	161	408	190
758	161	408	190
758	161	408	190
758	161	408	190
758	161	408	190
758	161	408	190
758	161	408	190
758	161	408	190
758	161	408	190
758	161	408	190
758	161	408	190
758	161	408	190
758	161	408	190
758	161	408	190
758	161	408	190
758	161	408	190
758	161	408	190
758	161	408	190
758	161	408	190
758	161	408	190
758	161	408	190
758	161	408	190
758	161	408	190
758	161	408	190
758	161	408	190
758	161	408	190
758	161	408	190
758	161	408	190
758	161	408	190
758	161	408	190
758	161	408	190
758	161	408	190
758	161	408	190
758	161	408	190
758	161	408	190
758	161	408	190
758	161	408	190
758	161	408	190
758	161	408	190
758	161	408	190
758	161	408	190
758	161	408	190
758	161	408	190
758	161	408	190
758	161	408	190
758	161	408	190
758	161	408	190
758	161	408	190
758	161	408	190
758	161	408	190
758	161	408	190
758	161	408	190
758	161	408	190
758	161	408	190
758	161	408	190
758	161	408	190
758	161	408	190
758	161	408	190
758	161	408	190
758	161	408	190
758	161	408	190
758	161	408	190
758	161	408	190
758	161	408	190
758	161	408	190
758	161	408	190
758	161	408	190
758	161	408	190
758	161	408	190
758	161	408	190
758	161	408	190
758	161	408	190
758	161	408	190
758	161	408	190
758	161	408	190
758	161	408	190
758	161	408	190
758	161	408	190
758	161	408	190
758	161	408	190
758	161	408	190
758	161	408	190
758	161	408	190
758	161	408	190
758	161	408	190
758	161	408	190
758	161	408	190
758	161	408	190
758	161	408	190
758	161	408	190
758	161	408	190
758	161	408	190
758	161	408	190
758	161	408	190
758	161	408	190
758	161	408	190
758	161	408	190
758	161	408	190
758	161	408	190
758	161	408	190
758	161	408	190
758	161	408	190
758	161	408	190
758	161	408	190
758	161	408	190
758	161	408	190
758	161	408	190
758	161	408	190
758	161	408	190
758	161	408	190
758	161	408	190
758	161	408	190
758	161	408	190
758	161	408	190
758	161	408	190
758	161	408	190
758	161	408	190
758	161	408	190
758	161	408	190
758	161	408	190
758	161	408	190
758	161	408	190
758	161	408	190
758	161	408	190
758	161	408	190
758	161	408	190
758	161	408	190
758	161	408	190
758	161	408	190
758	161	408	190
758	161	408	190
758	161	408	190
758	161	408	190
758	161	408	190
758	161	408	190
758	161	408	190
758	161	408	190
758	161	408	190
758	161	408	190
758	161	408	190
758	161	408	190
758	161	408	190
758	161	408	190
758	161	408	190
758	161	408	190
758	161	408	190
758	161	408	190
758	161	408	190
758	161	408	190
758	161	408	190
758	161	408	190
758	161	408	190
758	161	408	190
758	161	408	190
758	161	408	190
758	161	408	190
758	161	408	190
758	161	408	190
758	161	408	190
758	161	408	190
758	161	408	190
758	161	408	190
758	161	408	190
758	161	408	190
758	161	408	190
758	161	408	190
758	161	408	190
758	161	408	190
758	161	408	190
758	161	408	190
758	161	408	190
758	161	408	190
758	161	408	190
758	161	408	190
758	161	408	190
758	161	408	190
758	161	408	190
758	161	408	190
758	161	408	190
758	161	408	190
758	161	408	190
758	161	408	190
758	161	408	190
758	161	408	190
758	161	408	190
758	161	408	190
