1006	293	103	69
1029	289	93	67
1054	287	91	65
1074	275	87	67
1100	270	83	68
1112	263	85	68
1126	255	84	69
1138	248	84	70
1155	243	85	69
1172	235	84	69
1190	230	82	68
1203	222	82	72
1214	215	79	72
1227	207	81	75
1235	203	82	75
1405	254	130	87
1350	253	132	88
1235	211	164	103
1188	217	136	87
1120	225	120	69
1056	213	120	79
1225	234	90	68
1225	240	76	68
1237	246	54	74
1248	251	41	69
1331	247	52	61
1180	223	90	73
1047	195	142	77
952	169	156	96
801	148	141	75
671	131	128	71
560	111	123	73
467	101	127	72
383	84	134	101
326	100	122	105
291	116	104	102
261	125	94	107
236	142	92	104
215	157	90	107
209	177	82	105
207	190	50	108
206	225	40	86
202	232	51	97
197	248	61	97
196	259	67	99
198	271	73	101
203	278	77	101
207	282	84	101
208	289	92	104
210	290	92	108
222	289	111	114
225	290	143	100
229	289	158	92
244	289	169	91
268	287	166	88
301	291	168	91
336	296	167	91
372	298	159	91
415	304	144	95
452	315	149	94
484	322	148	95
515	329	147	97
541	340	147	100
572	347	145	99
611	357	135	101
638	368	145	105
660	376	151	109
690	386	158	107
723	392	151	105
768	405	136	104
806	410	133	107
831	415	142	111
861	423	145	117
882	430	150	118
915	442	146	120
946	452	141	119
975	462	139	119
998	473	143	125
1011	481	155	126
1038	492	154	121
1060	497	159	122
1089	503	154	128
1117	516	144	133
1166	530	119	137
1197	541	102	138
1217	551	95	145
1238	560	87	154
1261	575	71	149
1269	580	69	150
1280	593	73	156
1283	601	74	174
1294	603	87	181
1295	618	88	184
