1534	405	138	107
1540	404	135	105
1538	402	135	102
1539	404	137	102
1544	401	129	103
1541	403	132	101
1541	398	133	103
1540	397	134	105
1543	396	129	107
1539	395	131	109
1542	394	130	108
1544	394	126	108
1546	395	126	106
1541	393	129	109
1544	391	125	110
1545	391	124	111
1542	392	122	112
1541	389	122	114
1544	392	117	108
1546	397	118	107
1544	394	120	103
1542	396	119	99
1541	394	122	100
1541	395	123	101
1542	394	121	99
1534	389	115	105
1538	393	113	102
1537	389	110	103
1541	392	111	102
1535	389	113	103
1539	389	110	98
1542	391	108	96
1536	387	112	100
1531	385	113	103
1535	383	109	99
1533	382	112	106
1534	381	110	101
1530	380	113	105
1539	381	109	104
1533	375	112	103
1527	373	116	115
1529	371	117	111
1533	370	116	114
1533	365	117	114
1528	365	118	115
1534	366	116	113
1531	364	120	114
1535	363	121	104
1533	361	123	98
1535	363	121	101
1531	358	125	100
1528	357	130	100
1526	353	133	105
1528	355	134	101
1523	354	138	102
1523	353	136	103
1519	351	140	104
1516	352	143	113
1512	350	149	108
1499	348	154	128
1502	348	155	115
1491	346	161	121
1491	345	161	128
1488	345	160	129
1485	344	165	130
1477	344	166	134
1477	346	163	133
1472	344	168	137
1469	342	170	137
1460	345	178	139
1464	343	186	140
1459	343	194	142
1454	337	199	144
1445	337	204	145
1439	339	207	148
1433	340	213	150
1430	345	222	151
1430	343	222	151
1428	344	226	154
1423	343	220	154
1425	345	218	153
1427	342	223	155
1426	344	215	156
1424	343	218	158
1427	341	219	159
1420	337	214	161
1422	338	215	162
1419	339	215	162
1422	338	222	163
1424	342	223	161
1421	338	223	163
1422	338	221	164
1417	337	231	165
1418	337	233	165
1417	333	230	163
1415	335	234	165
1411	335	239	163
1414	331	238	166
1407	331	239	168
1404	327	238	171
1403	324	243	172
1399	320	245	173
1397	318	241	178
1394	315	249	178
1395	309	248	180
1393	315	247	181
1392	313	247	179
1385	309	248	183
1382	308	247	185
1381	306	248	185
1377	307	251	187
1363	301	258	187
1373	306	256	186
1364	305	264	184
1359	300	267	186
1358	302	262	188
1352	302	258	187
1354	300	250	191
1350	296	251	193
1351	298	252	194
1346	298	254	190
1341	299	251	192
1332	297	255	192
1332	294	259	192
1332	295	264	193
1332	296	261	189
1320	296	268	193
1320	293	269	191
1324	292	270	191
1323	290	267	194
1324	291	267	192
1316	286	260	198
1323	288	257	197
1313	286	257	197
1316	287	258	197
1317	287	261	198
1320	286	258	199
1324	285	257	196
1323	284	256	191
1321	280	256	196
1326	282	259	191
1320	279	261	196
1330	280	259	199
1327	278	257	201
1327	278	257	197
1313	267	266	205
1308	266	272	210
1322	269	265	204
1310	259	269	211
1306	260	280	209
1321	265	262	204
1318	262	257	205
1320	264	258	202
1316	261	266	204
1309	260	269	202
1311	259	274	201
1309	257	272	200
1308	257	270	204
1310	255	276	205
1304	254	282	207
1301	251	278	204
1306	251	276	202
1305	248	276	198
1313	247	279	200
1308	248	286	203
1317	250	284	209
1320	252	290	209
1326	248	294	213
1332	244	291	212
1331	250	297	207
1338	252	295	205
1342	246	298	209
1344	242	306	205
1343	241	307	203
1343	236	306	207
1343	228	304	209
1347	225	306	207
1345	223	307	203
1345	219	308	204
1344	211	313	204
1347	211	312	205
1341	215	312	201
1338	212	321	200
1333	202	319	200
1327	195	314	205
1326	188	320	206
1323	188	328	203
1313	182	338	200
1311	174	339	205
1299	169	339	207
1297	165	339	203
1290	159	343	209
1287	150	362	212
1278	149	362	206
1270	150	363	201
1265	144	355	203
1257	135	347	203
1252	126	350	199
1248	130	363	197
1246	122	366	197
1238	115	371	198
1232	108	377	198
1233	103	363	195
1230	99	367	196
1226	87	383	204
1222	87	385	202
1214	77	378	199
1211	68	393	200
1207	70	394	191
1208	66	385	190
1210	59	396	194
1198	53	405	195
1188	47	404	193
1184	41	408	192
1178	37	403	192
1183	36	404	189
1163	32	407	189
1163	33	411	181
1182	32	411	175
1178	27	400	179
1170	26	403	177
1167	25	407	180
1161	22	411	179
1166	22	425	167
1153	23	436	151
1154	20	431	153
1146	27	461	133
1140	22	460	147
1143	23	464	134
1143	21	475	126
1141	19	477	135
1134	18	522	150
1142	17	600	188
1130	19	641	189
1125	17	646	189
1114	16	653	193
1130	10	663	194
1121	11	680	192
1106	11	705	188
1092	11	714	189
1109	11	709	183
1089	8	719	181
1089	8	719	181
1089	8	719	181
1089	8	719	181
1089	8	719	181
1089	8	719	181
1089	8	719	181
1089	8	719	181
1089	8	719	181
1089	8	719	181
1089	8	719	181
1089	8	719	181
1089	8	719	181
1089	8	719	181
1089	8	719	181
1089	8	719	181
1089	8	719	181
1089	8	719	181
1089	8	719	181
1089	8	719	181
1089	8	719	181
1089	8	719	181
1089	8	719	181
1089	8	719	181
1089	8	719	181
1089	8	719	181
1089	8	719	181
1089	8	719	181
1089	8	719	181
1089	8	719	181
1089	8	719	181
1089	8	719	181
1089	8	719	181
1089	8	719	181
1089	8	719	181
1089	8	719	181
1089	8	719	181
1089	8	719	181
1089	8	719	181
1089	8	719	181
1089	8	719	181
1089	8	719	181
1089	8	719	181
1089	8	719	181
1089	8	719	181
1089	8	719	181
1089	8	719	181
1089	8	719	181
1089	8	719	181
1089	8	719	181
1089	8	719	181
1089	8	719	181
1089	8	719	181
1089	8	719	181
1089	8	719	181
1089	8	719	181
1089	8	719	181
1089	8	719	181
1089	8	719	181
1089	8	719	181
1089	8	719	181
1089	8	719	181
1089	8	719	181
1089	8	719	181
1089	8	719	181
1089	8	719	181
1089	8	719	181
1089	8	719	181
1089	8	719	181
1089	8	719	181
1278	139	626	144
1293	141	468	145
1405	146	318	139
1449	135	249	148
1444	134	247	147
1433	137	256	148
507	-6	195	117
516	-4	191	94
513	-4	172	78
505	-1	172	75
499	1	178	80
494	2	175	89
487	4	169	87
484	6	163	85
474	6	165	84
468	6	158	87
466	7	156	84
462	8	152	78
453	15	150	75
439	15	137	75
434	17	116	74
432	17	124	74
425	19	129	70
418	18	125	71
411	19	132	72
404	21	129	70
390	28	113	75
388	29	106	68
386	28	98	64
378	32	84	59
372	32	75	60
356	35	77	64
356	35	77	64
356	35	77	64
356	35	77	64
356	35	77	64
356	35	77	64
356	35	77	64
356	35	77	64
356	35	77	64
356	35	77	64
413	44	107	49
413	44	107	49
413	44	107	49
413	44	107	49
413	44	107	49
413	44	107	49
413	44	107	49
413	44	107	49
413	44	107	49
413	44	107	49
413	44	107	49
413	44	107	49
413	44	107	49
413	44	107	49
413	44	107	49
413	44	107	49
413	44	107	49
413	44	107	49
413	44	107	49
413	44	107	49
413	44	107	49
413	44	107	49
413	44	107	49
413	44	107	49
413	44	107	49
413	44	107	49
413	44	107	49
413	44	107	49
413	44	107	49
413	44	107	49
413	44	107	49
413	44	107	49
413	44	107	49
413	44	107	49
413	44	107	49
413	44	107	49
413	44	107	49
413	44	107	49
413	44	107	49
413	44	107	49
413	44	107	49
413	44	107	49
413	44	107	49
413	44	107	49
413	44	107	49
413	44	107	49
413	44	107	49
413	44	107	49
413	44	107	49
413	44	107	49
413	44	107	49
413	44	107	49
413	44	107	49
413	44	107	49
413	44	107	49
307	60	162	75
427	103	129	109
427	108	118	105
416	99	120	114
418	101	109	115
421	96	99	119
406	110	110	107
406	105	104	114
405	115	99	104
405	120	90	97
390	124	101	94
385	71	157	133
379	98	116	135
383	106	96	125
369	120	101	110
382	114	82	116
375	114	83	121
372	114	83	119
360	128	90	114
349	128	102	109
341	144	104	94
339	155	105	81
332	157	106	64
328	163	105	65
333	166	95	67
332	170	91	62
331	169	85	67
327	173	84	64
327	168	75	70
327	168	75	70
327	168	75	70
327	168	75	70
327	168	75	70
327	168	75	70
327	168	75	70
327	168	75	70
327	168	75	70
327	168	75	70
327	168	75	70
327	168	75	70
327	168	75	70
327	168	75	70
327	168	75	70
327	168	75	70
327	168	75	70
327	168	75	70
115	208	92	61
115	208	92	61
115	208	92	61
115	208	92	61
115	208	92	61
115	208	92	61
610	82	138	92
581	63	162	140
581	63	162	140
581	63	162	140
581	63	162	140
581	63	162	140
581	63	162	140
581	63	162	140
581	63	162	140
581	63	162	140
581	63	162	140
581	63	162	140
581	63	162	140
581	63	162	140
581	63	162	140
581	63	162	140
581	63	162	140
581	63	162	140
581	63	162	140
581	63	162	140
581	63	162	140
581	63	162	140
581	63	162	140
581	63	162	140
581	63	162	140
