315	48	353	152
319	43	351	152
326	54	351	153
331	54	349	154
337	53	346	154
348	69	348	153
357	81	345	154
369	92	344	154
381	88	342	154
381	93	343	153
385	89	342	153
381	89	342	152
381	93	342	152
373	104	343	153
380	105	345	151
379	109	347	150
378	114	349	149
384	118	351	148
383	123	355	147
395	133	353	149
399	137	354	148
399	141	353	149
406	145	354	150
409	145	356	149
409	145	357	149
416	148	358	150
428	148	358	150
431	152	359	150
432	155	357	152
436	150	357	153
445	150	356	155
449	149	355	156
457	145	355	157
461	145	355	157
469	141	354	157
478	141	353	157
486	141	352	157
494	141	351	157
503	145	350	156
515	142	348	155
523	141	348	156
531	145	348	157
539	148	348	157
543	156	348	158
547	153	348	157
555	153	347	157
559	156	347	157
563	153	346	156
563	152	346	157
563	156	346	157
563	157	347	156
570	161	349	155
569	157	351	155
571	158	353	155
575	158	355	154
574	155	357	153
573	159	359	152
579	160	361	151
578	164	365	150
581	164	367	149
600	161	369	148
603	161	370	147
619	166	370	146
623	165	370	147
632	165	367	148
641	169	366	147
653	174	364	146
662	173	363	147
666	177	363	147
678	177	363	147
683	185	368	147
694	186	378	145
701	183	388	143
573	214	383	147
496	216	374	150
516	219	367	153
512	218	358	154
520	222	350	154
520	223	344	153
521	221	341	149
521	215	340	145
537	213	338	142
544	226	339	138
536	216	334	136
540	218	333	133
552	215	330	131
562	216	333	128
578	214	328	126
550	223	328	122
592	228	328	118
655	229	332	116
620	237	333	114
667	234	334	113
650	235	333	112
627	235	333	112
641	238	325	112
647	238	313	114
630	233	302	117
665	235	295	119
643	237	288	120
600	240	280	121
575	224	274	121
555	227	270	122
567	233	265	122
547	231	264	120
532	235	258	119
533	235	255	119
511	235	252	119
494	235	247	119
476	232	242	119
464	232	238	118
450	235	233	118
435	236	231	117
423	236	227	116
411	234	225	115
398	237	224	114
377	237	223	114
362	237	222	114
347	238	222	113
331	238	222	112
317	239	219	111
306	244	216	110
293	244	215	110
278	244	214	110
261	247	213	110
248	249	210	110
231	247	209	110
219	247	207	110
206	249	204	111
193	249	200	111
180	249	197	111
165	246	193	111
150	244	191	110
137	244	189	110
125	244	185	110
108	244	181	110
92	244	180	110
79	245	179	109
64	245	177	109
51	247	176	109
34	247	174	110
21	247	173	110
14	249	171	110
-5	246	167	111
-13	247	161	114
-10	247	154	118
-17	248	146	124
-23	251	137	132
-31	245	128	139
-29	236	120	145
-29	237	112	151
-28	216	105	155
9	235	106	154
122	319	114	147
117	325	121	142
95	330	127	137
78	332	132	133
61	331	137	131
43	332	142	128
27	333	145	128
16	333	146	127
1	334	144	129
-8	335	140	132
-17	334	135	137
-20	332	129	141
-25	331	122	147
-29	330	114	153
-32	332	107	158
12	436	113	151
-3	444	119	147
-4	458	120	145
-1	449	124	142
0	448	127	138
14	524	129	138
2	529	128	140
3	516	125	145
-7	518	122	150
-7	507	117	155
-17	492	112	163
-11	480	105	170
13	440	103	173
-15	411	100	173
4	428	99	170
5	420	100	166
7	427	101	159
13	409	105	154
17	409	110	149
8	408	116	144
38	375	124	136
30	368	132	126
13	372	138	117
-1	377	139	112
-7	380	136	110
-14	368	130	110
-27	371	123	113
-31	364	116	117
