1687	550	232	121
1680	540	233	117
1677	541	233	114
1671	540	234	110
1667	539	238	108
1666	537	239	105
1667	535	238	104
1665	536	236	104
1669	536	234	103
1667	536	231	103
1663	536	229	103
1661	534	229	102
1663	537	230	102
1658	537	229	101
1657	540	231	101
1652	542	231	101
1649	542	232	102
1643	544	232	102
1642	544	230	103
1643	544	229	102
1642	547	230	102
1640	547	228	102
1640	550	229	101
1638	552	228	101
1634	553	231	99
1635	554	234	99
1629	554	235	98
1632	557	235	98
1626	559	235	99
1626	559	237	99
1621	561	236	100
1624	563	234	100
1624	566	235	100
1632	567	231	102
1614	567	229	103
1627	565	228	102
1609	562	225	102
1614	559	219	104
1614	559	214	105
1607	556	214	104
1602	555	214	102
1594	556	214	99
1590	557	213	98
1593	554	212	98
1587	554	209	98
1590	552	208	97
1589	553	205	97
1585	552	200	98
1583	550	198	98
1581	547	197	98
1568	545	197	99
1570	542	197	99
1565	538	198	98
1573	536	196	97
1560	532	198	96
1564	530	196	97
1544	436	194	97
1550	433	191	98
1543	433	188	99
1537	431	186	98
1536	428	184	99
1532	426	182	100
1531	423	181	101
1532	420	183	103
1529	420	183	103
1532	418	183	102
1527	416	184	102
1528	416	182	101
1526	414	181	100
1524	412	181	100
1522	413	181	99
1522	411	181	98
1522	412	181	96
1520	410	181	96
1521	411	179	95
1517	411	178	95
1513	408	178	95
1513	406	177	96
1518	406	176	96
1519	405	179	94
1520	405	181	92
1522	403	181	92
1516	402	180	95
1514	408	180	95
1515	406	178	95
1516	404	176	95
1516	402	176	95
1514	402	175	96
1518	400	175	96
1505	397	172	97
1505	397	172	98
1505	396	171	98
1507	394	172	99
1507	394	172	99
1507	392	172	99
1509	389	173	100
1507	388	172	102
1511	388	173	102
1509	386	172	102
1511	383	173	103
1511	380	172	105
1512	380	171	105
1507	378	171	105
1508	378	171	104
1509	376	172	104
1510	378	171	105
1507	378	171	105
1505	380	172	105
1502	378	174	104
1501	376	175	104
1500	379	177	103
1499	377	179	103
1498	381	177	104
1496	381	177	103
1493	381	177	103
1496	383	178	104
1490	382	176	105
1488	384	176	105
1486	382	175	105
1484	385	174	105
1481	383	175	104
1482	383	174	104
1478	381	172	103
1477	381	171	103
1473	381	170	103
1469	381	169	103
1468	382	168	102
1470	382	168	102
1461	380	169	101
1461	380	168	100
1457	378	169	101
1453	375	169	102
1450	375	169	102
1447	374	170	101
1446	373	168	102
1445	370	168	103
1440	368	168	103
1435	366	169	103
1434	366	168	103
1432	366	167	103
1430	366	167	103
1425	367	168	102
1423	367	168	101
1418	366	169	103
1416	364	169	103
1412	364	169	103
1411	367	167	102
1407	364	167	102
1405	369	165	103
1406	368	164	103
1396	367	166	102
1394	365	168	101
1392	365	167	101
1390	366	167	99
1386	366	166	99
1387	364	165	98
1384	364	165	98
1381	362	165	99
1379	360	164	99
1377	359	164	100
1379	357	164	101
1375	356	163	103
1372	354	162	103
1370	353	160	104
1368	353	160	104
1364	351	160	104
1363	356	162	103
1359	354	163	104
1356	353	163	104
1356	353	164	104
1348	353	164	105
1343	351	164	105
1339	349	164	105
1340	346	163	105
1337	346	159	105
1334	345	158	105
1333	342	155	105
1330	340	153	106
1334	339	150	107
1330	339	149	107
1326	337	149	108
1328	337	148	108
1327	336	148	109
1321	334	147	109
1320	334	144	110
1320	333	142	111
1313	333	142	111
1314	332	142	110
1312	330	141	109
1310	333	141	107
1309	333	140	107
1309	333	138	107
1308	335	137	107
1304	336	138	105
1300	336	138	106
1295	335	137	107
1292	336	135	109
1288	334	134	109
1291	332	134	109
1291	330	133	110
1288	330	132	110
1284	328	132	110
1280	328	132	110
1277	326	131	111
1275	325	130	111
1274	323	128	112
1278	321	128	112
1275	325	127	113
1182	446	136	109
1166	457	143	105
1161	454	149	103
1157	455	153	102
1153	456	158	100
1149	454	161	99
1143	453	165	98
1140	449	167	97
1133	447	169	97
1129	447	172	97
1129	445	173	97
1123	444	171	98
1128	441	174	96
1124	440	174	95
1113	436	171	97
1124	439	169	97
1125	436	169	98
1121	433	167	99
1109	433	166	100
1122	435	166	100
1125	431	164	101
1121	430	164	101
1119	430	163	101
1122	432	162	101
1119	432	160	103
1121	429	159	103
1124	427	158	104
1120	428	157	105
1122	427	157	104
1128	425	154	107
1122	427	153	109
1125	422	151	109
1132	421	151	107
1131	422	148	110
1129	419	147	112
1127	417	148	112
1129	413	148	111
1129	408	148	112
1129	408	148	113
1131	407	147	112
1129	407	147	112
1132	404	146	112
1128	402	145	112
1133	404	144	112
1127	404	143	113
1130	405	141	115
1130	407	140	115
1130	409	141	116
1127	410	140	117
1126	411	138	119
1121	412	138	121
1119	407	138	123
1115	408	138	124
1116	405	137	127
1114	404	137	128
1113	402	138	129
1115	400	138	129
1112	396	140	128
1117	398	139	127
1115	399	139	127
1114	399	140	127
1113	394	144	127
1115	392	142	128
1111	392	143	128
1113	392	143	128
1095	389	144	129
1113	388	142	128
1101	389	145	126
1093	390	145	126
1090	392	146	127
1092	381	147	124
1092	381	147	124
1181	258	152	121
1180	255	154	119
1175	254	156	117
1172	255	158	115
1169	253	159	113
1166	252	162	112
1163	250	163	111
1160	249	165	110
1155	247	166	109
1153	243	166	109
1146	239	167	108
1143	237	169	108
1143	234	169	109
1137	231	168	111
1132	230	169	113
1130	227	169	114
1135	225	168	114
1128	223	168	114
1124	220	167	115
1119	220	167	116
1117	217	167	116
1116	217	166	117
1111	214	165	118
1109	212	165	118
1109	210	165	117
1105	208	164	117
1105	205	164	118
1105	203	165	118
1102	201	167	118
1099	198	167	118
1099	196	167	118
1104	193	166	119
1100	193	166	120
1100	190	167	120
1099	188	167	121
1102	185	167	122
1100	185	166	123
1100	182	166	123
1100	182	166	124
1100	180	165	124
1103	180	164	124
1104	180	162	124
1104	178	162	123
1105	178	160	122
1106	176	159	121
1104	177	158	120
1104	176	159	118
1104	177	158	116
1102	175	158	115
1102	174	158	113
1100	172	157	112
1101	172	155	112
1106	171	153	111
1104	171	153	110
1104	170	154	109
1099	170	156	109
1098	168	157	109
1095	165	159	109
