378	520	175	80
372	518	176	78
374	518	177	78
370	520	180	77
367	520	183	77
360	526	185	77
356	524	188	77
340	532	192	78
344	530	196	78
341	533	198	79
334	534	200	79
337	537	202	80
337	534	203	82
327	538	204	82
334	535	203	84
325	540	204	84
329	537	205	85
331	540	205	84
331	541	205	85
333	543	205	86
326	541	206	86
330	543	206	87
332	543	207	87
343	545	204	88
344	543	201	88
353	540	198	88
355	544	198	88
359	540	195	88
358	540	192	87
358	539	191	86
354	541	191	85
354	538	191	84
359	540	190	83
357	538	190	83
354	541	190	82
356	535	191	81
352	537	191	81
355	535	189	81
353	533	189	81
352	533	190	81
355	531	189	81
364	529	184	81
362	529	183	81
362	525	181	81
366	523	179	81
372	520	179	82
369	522	182	82
367	518	182	82
373	516	182	83
383	513	183	84
373	512	186	83
379	507	187	83
368	507	188	84
368	505	191	83
365	508	194	82
372	501	196	82
371	504	199	81
375	500	203	80
372	502	205	80
371	494	208	80
374	498	209	79
369	495	211	81
369	498	211	81
383	492	211	82
383	497	211	82
380	492	211	83
389	490	211	82
385	493	216	82
383	490	216	82
396	493	216	81
393	496	218	80
402	495	214	81
402	493	214	81
392	493	215	81
395	490	215	82
400	488	217	82
390	490	219	83
400	484	218	85
413	480	219	85
415	479	221	85
414	479	222	86
414	481	222	86
413	482	224	85
419	481	226	86
417	479	226	87
433	478	228	87
428	475	228	89
427	475	229	89
431	478	232	89
436	477	232	89
444	479	231	90
451	471	232	91
454	476	234	91
449	474	234	92
446	476	236	91
451	469	236	91
456	468	236	92
464	465	236	93
462	465	235	93
469	462	235	94
475	462	234	95
475	466	234	97
477	466	235	97
480	464	239	96
482	466	240	97
484	461	241	97
489	463	243	98
482	463	246	98
483	458	249	97
488	463	250	97
486	463	253	99
488	459	255	100
486	461	259	101
487	464	263	102
480	460	265	103
485	463	267	104
480	460	270	105
483	462	270	105
488	459	272	105
495	459	275	106
485	459	278	106
490	460	281	105
494	460	284	104
488	463	285	103
489	463	287	103
481	463	285	104
485	462	284	105
482	465	283	107
483	467	282	107
479	467	283	108
479	470	284	108
464	467	284	107
473	470	284	107
468	471	287	107
468	474	288	106
464	477	290	106
470	480	295	106
441	476	298	107
439	483	303	106
440	479	307	107
433	483	313	106
408	483	320	107
416	482	323	107
416	479	329	108
423	482	336	108
420	482	341	108
422	475	345	109
441	477	348	111
387	484	351	112
388	473	355	112
458	479	359	114
579	353	362	114
680	197	363	115
678	192	366	119
682	190	366	123
679	188	364	126
672	187	363	128
668	185	363	131
668	183	364	135
677	182	362	138
684	188	362	140
592	191	368	143
641	170	373	145
607	178	376	146
663	181	377	148
649	180	382	149
601	176	388	149
603	176	391	150
576	180	395	150
620	159	401	150
589	167	403	151
631	170	404	153
652	149	405	153
595	161	407	153
608	164	408	156
659	164	410	156
584	168	411	158
516	172	417	159
582	175	416	160
578	170	417	162
595	170	418	163
582	147	416	163
586	152	419	161
598	157	421	162
553	156	421	163
571	160	422	164
552	155	422	165
583	155	425	165
632	128	426	166
599	133	428	165
544	137	430	165
565	146	432	164
613	141	428	166
525	145	430	166
553	149	430	169
589	121	431	170
552	129	431	172
547	137	432	173
543	114	431	174
553	123	430	174
556	132	434	174
551	103	433	177
567	116	429	178
549	120	429	181
574	91	425	182
579	124	425	182
589	118	423	183
591	95	420	183
588	100	416	182
594	105	413	181
605	83	410	180
588	96	407	180
589	100	406	182
594	99	404	183
596	95	401	184
592	94	398	184
598	89	395	186
594	98	394	187
587	96	391	190
583	73	390	190
586	82	392	191
585	91	396	190
598	64	396	190
603	73	396	190
597	91	398	191
599	99	395	194
609	77	393	192
604	47	393	188
605	48	392	186
610	53	391	185
617	66	386	186
612	45	387	184
623	45	382	183
624	50	379	181
630	51	376	181
632	51	373	180
638	48	370	178
643	45	369	175
652	46	368	173
661	47	366	171
645	43	364	170
650	44	362	168
655	45	360	166
656	49	359	166
660	49	359	166
668	53	360	166
675	30	362	164
674	39	364	163
681	40	365	161
681	40	367	161
686	41	365	158
682	41	364	158
687	37	362	158
688	36	360	160
690	35	356	161
691	36	353	161
696	32	352	161
700	28	351	160
709	29	349	158
718	30	348	155
722	35	348	154
721	37	349	150
727	35	353	147
722	39	354	145
735	45	360	142
725	42	365	141
708	42	367	140
723	45	369	141
718	41	370	142
721	41	372	142
729	50	372	140
701	51	373	139
724	47	374	137
735	48	376	136
743	49	376	135
750	53	378	134
719	57	376	134
715	61	377	134
756	61	381	134
723	65	383	134
766	65	385	134
743	64	383	136
764	71	381	137
782	68	385	136
833	68	386	135
846	69	392	133
827	78	398	132
788	74	404	131
838	79	410	130
848	80	415	128
828	80	421	127
803	81	430	126
813	81	435	125
810	82	441	124
783	86	443	124
821	87	444	123
801	92	442	121
817	92	444	120
783	93	444	119
834	89	443	119
803	90	447	117
809	91	451	115
830	94	451	116
816	91	453	114
821	91	453	114
801	91	450	115
805	91	451	113
804	92	453	113
847	91	452	114
813	94	451	116
788	93	450	118
784	92	449	121
797	95	449	123
782	96	453	122
787	95	452	124
787	98	453	127
781	98	456	127
848	70	462	128
852	74	464	130
858	69	460	131
829	82	465	132
854	68	460	133
817	108	461	134
869	66	457	136
840	116	453	136
869	74	448	139
842	69	448	140
841	124	451	137
875	46	445	141
871	41	436	142
874	36	429	144
876	35	426	145
868	35	423	146
865	38	421	149
869	33	421	150
874	32	421	152
853	124	428	152
886	29	424	156
894	29	425	156
891	29	423	157
918	28	421	157
868	135	423	156
908	41	416	158
921	37	406	157
935	37	397	157
943	38	388	156
951	39	382	153
952	45	379	150
962	46	375	148
963	51	374	146
972	51	371	145
977	51	368	145
978	55	367	145
980	55	364	145
983	56	364	144
983	56	365	144
987	59	365	144
987	60	365	144
999	64	365	144
1000	68	362	144
1012	68	362	144
1020	71	361	144
1034	70	358	147
1048	68	353	151
963	225	352	148
967	234	350	146
979	239	349	143
984	240	348	142
993	236	345	141
993	244	344	140
993	246	345	137
1003	247	346	134
1025	251	347	134
1015	248	344	133
1024	247	341	134
1007	241	339	132
1047	228	339	130
1055	231	338	130
1063	220	336	130
1049	224	334	130
1064	206	341	130
1036	214	345	130
1064	199	349	129
1043	205	353	132
1075	201	356	133
1067	190	358	132
1062	190	359	132
1066	186	360	132
1061	182	362	133
1066	181	360	134
1073	174	360	134
