1556	468	132	96
1561	463	131	96
1566	461	128	97
1575	462	124	97
1582	464	119	98
1588	463	114	99
1598	464	109	100
1602	464	103	102
1610	465	98	103
1616	465	93	105
1619	465	89	105
1618	466	87	104
1619	467	86	104
1621	467	84	104
1622	467	83	104
1620	467	83	104
1622	470	83	104
1619	466	83	106
1622	469	83	107
1623	469	82	109
1622	469	82	109
1624	476	82	108
1631	481	80	107
1628	480	81	105
1626	482	81	104
1626	486	82	102
1624	485	83	101
1622	490	84	101
1618	491	85	99
1616	498	86	96
1613	499	87	94
1611	501	89	93
1610	503	91	92
1607	505	93	91
1606	506	96	91
1601	508	99	90
1598	512	102	89
1596	515	106	90
1591	515	109	89
1591	517	114	90
1584	517	117	90
1583	517	122	91
1581	518	124	92
1576	522	127	94
1570	522	129	95
1565	522	130	94
1570	522	132	95
1565	523	135	95
1569	524	137	95
1565	524	142	93
1561	529	145	92
1557	534	150	90
1563	534	153	88
1561	535	158	86
1559	538	162	86
1555	538	165	85
1546	541	168	86
1547	544	169	88
1540	548	171	89
1500	559	175	91
1492	562	178	94
1508	553	179	98
1475	560	181	101
1467	562	180	106
1476	560	180	111
1477	560	181	115
1476	561	184	118
1474	563	187	119
1474	558	193	118
1472	559	197	117
1472	564	202	116
1472	565	206	120
1455	556	210	117
1457	559	217	115
1524	594	212	120
1541	600	210	124
1545	600	207	127
1429	560	207	125
1414	561	207	122
1414	564	205	120
1409	565	205	119
1411	569	207	117
1405	569	209	115
1402	570	209	114
1397	574	209	112
1393	574	208	112
1393	577	209	111
1383	580	208	110
1379	580	206	108
1373	581	204	107
1370	584	200	106
1368	584	198	105
1367	587	196	104
1361	590	195	104
1357	590	193	103
1353	593	191	103
1349	596	190	102
1347	598	190	101
1341	598	188	102
1338	602	186	102
1332	602	183	103
1329	604	180	103
1324	604	177	104
1319	606	174	104
1316	610	172	104
1312	607	170	105
1309	609	168	106
1305	609	167	107
1302	611	166	107
1296	615	163	108
1291	614	162	109
1285	616	160	109
1282	618	158	109
1277	620	156	110
1273	620	154	110
1270	626	152	110
1265	628	150	110
1262	630	148	110
1259	633	146	109
1256	635	145	109
1252	633	144	109
1249	637	143	109
1245	639	142	109
1242	641	140	108
1239	645	139	107
1234	648	136	106
1232	653	133	104
1228	656	129	102
1225	658	125	100
1224	659	120	99
1221	660	116	98
1219	660	113	97
1219	660	110	96
1219	662	107	95
1217	661	104	95
1217	662	101	94
1216	663	99	92
1214	667	96	90
1211	668	94	88
1211	669	91	86
1208	671	88	84
1209	672	86	82
1209	672	84	81
1212	671	82	80
1214	672	80	80
1217	672	79	80
1215	670	78	80
1218	670	77	80
1223	669	77	80
1222	670	77	81
1224	667	75	81
1226	667	70	82
1230	667	65	82
1236	668	60	82
1240	668	57	81
1242	668	56	80
1243	668	57	80
1245	668	60	79
1244	667	62	79
1248	666	66	79
1251	665	68	78
1251	665	71	78
1255	664	72	77
1259	663	73	76
1265	661	73	75
1270	659	72	75
1275	658	71	74
1276	656	72	73
1276	655	74	73
1275	653	78	72
1277	651	80	72
1274	650	84	72
1275	648	86	72
1281	647	87	73
1287	646	87	73
1294	644	85	74
1304	642	83	74
1313	641	80	75
1320	639	81	75
1326	637	82	74
1326	635	84	74
1326	633	83	73
1329	631	83	73
1330	628	79	73
1333	625	77	74
1335	624	75	74
1338	621	72	75
1337	619	74	75
1337	617	76	74
1339	615	77	74
1340	612	80	74
1340	610	81	74
1340	609	83	73
1338	608	83	73
1338	605	86	73
1349	604	87	73
1340	602	87	73
1339	599	88	72
1344	597	89	73
1344	594	90	73
1348	590	90	73
1349	588	90	73
1347	583	88	74
1348	581	87	74
1347	578	86	74
1345	575	87	74
1345	571	87	75
1344	569	87	75
1342	566	88	75
1340	562	90	75
1337	559	92	75
1335	557	96	75
1332	554	101	75
1328	552	105	75
1324	549	110	75
1322	546	115	74
1320	543	121	74
1317	539	128	73
1313	536	135	73
1308	533	142	73
1304	528	148	73
1296	526	154	73
1290	522	157	73
1285	518	160	74
1282	515	163	74
1278	511	166	75
1274	507	171	76
1273	505	178	75
1269	503	185	75
1264	499	191	74
1259	495	198	74
1256	491	204	74
1256	489	211	75
1251	484	217	75
1245	481	220	76
1240	474	221	77
1235	474	222	78
1231	466	222	79
1226	466	222	79
1223	461	222	79
1223	459	223	79
1220	455	225	79
1220	452	229	80
1212	447	232	80
1208	445	235	79
1207	441	240	79
1204	435	242	79
1193	430	244	80
1190	427	245	81
1185	422	245	81
1183	420	245	81
1181	418	243	80
1174	413	242	79
1173	411	240	79
1171	403	239	79
1171	401	238	79
1171	395	240	81
1164	390	237	82
1167	385	237	82
1163	382	240	84
1161	376	240	84
1161	374	240	85
1158	369	239	85
1154	366	238	85
1152	363	238	85
1150	360	237	87
1148	357	235	88
1142	354	232	89
1139	349	228	89
1142	347	227	89
1140	342	226	89
1139	337	224	89
1137	335	223	88
1135	333	222	87
1134	331	220	87
1135	326	217	86
1134	324	214	86
1134	320	211	86
1133	317	207	86
1133	315	203	85
1141	311	195	85
1148	308	186	86
1144	304	181	87
1145	299	175	91
1184	251	168	97
1245	241	166	99
1306	227	165	100
1315	228	163	102
1299	234	158	107
1331	218	156	109
1362	220	152	112
1413	228	151	114
1414	197	148	117
1450	201	143	121
1470	200	141	123
1493	205	138	126
1519	196	135	128
1540	191	134	129
1564	196	132	131
1590	187	130	132
1611	173	130	132
1582	202	130	133
1657	164	129	133
1618	207	130	133
1648	182	130	133
1676	184	130	134
1703	178	130	134
1669	171	130	135
1617	167	131	135
1572	228	136	131
1592	225	138	128
1514	142	135	129
1536	139	128	132
1559	132	122	134
1593	128	116	137
1617	119	111	139
1647	116	107	141
1669	95	105	141
1693	100	104	141
1711	105	104	140
1734	106	104	139
1749	105	104	137
1776	95	104	137
1805	97	103	136
1828	98	99	138
1844	95	92	141
1840	90	89	140
1827	70	93	133
1843	77	94	126
1838	72	94	122
1842	75	95	117
1799	77	100	112
1833	79	101	109
1810	78	103	104
1807	80	105	101
1804	76	108	98
1834	79	107	95
1810	80	108	94
1818	78	107	94
1803	83	109	91
1831	80	105	90
1806	85	106	90
1797	87	107	89
1823	83	106	88
1841	78	105	87
1824	85	105	85
1811	88	105	85
1817	81	105	86
1803	96	104	85
1827	82	102	86
1824	88	103	84
1840	84	99	85
1822	87	100	83
1818	85	100	83
1821	89	100	81
1830	85	98	83
1823	86	98	81
1822	88	98	80
1817	89	99	77
1822	87	100	77
1823	89	99	75
1815	85	98	76
1828	87	97	77
1822	91	98	75
1822	87	98	73
1827	87	98	73
1829	87	97	74
1822	91	97	75
1824	90	97	74
1820	92	98	73
1822	92	99	72
1830	87	98	73
1825	86	98	73
1828	85	97	76
1832	82	96	78
1828	88	97	78
1822	85	96	78
1826	88	98	77
1818	91	97	78
1828	85	96	78
1828	86	96	78
1824	88	96	77
1823	88	98	76
1829	88	96	77
1822	88	98	77
1826	89	98	76
1821	92	97	75
1826	91	98	74
1829	88	97	74
1825	91	97	74
1821	90	96	73
1825	91	97	72
1823	91	96	72
1825	91	96	71
1827	91	95	71
1831	89	93	72
1831	88	92	73
1836	83	91	74
1826	95	91	74
1830	90	91	74
1825	89	91	73
1831	91	91	72
1831	90	89	73
1833	90	89	73
1829	92	89	72
1833	92	90	72
1829	95	90	71
1834	94	90	71
1835	89	89	72
1829	91	90	72
1830	93	90	71
1831	92	90	72
1836	91	88	72
1830	94	89	72
1831	94	90	71
1834	94	89	71
1838	90	88	72
1835	91	88	71
1835	93	88	70
1839	87	86	72
1833	91	87	72
1831	93	88	71
1835	93	89	71
1829	93	90	70
1830	92	90	69
1833	91	90	69
1835	89	89	70
1829	90	89	70
1833	91	89	69
1837	87	89	69
1830	90	89	69
1834	89	88	69
1837	90	86	69
1831	92	88	69
1838	88	86	70
1830	89	87	69
1834	85	89	68
1838	86	88	69
1833	87	88	69
1833	88	88	68
1835	88	88	67
1836	84	88	67
1826	89	87	69
1847	83	85	71
1834	88	85	70
1837	86	85	71
1837	86	85	72
1830	86	85	73
1836	84	85	73
1828	81	86	72
1837	83	86	73
1829	84	87	72
1830	80	88	71
1835	84	88	69
1839	78	86	70
1833	87	86	70
1835	86	86	69
1841	79	85	70
1836	85	85	68
1836	83	85	67
1832	87	86	66
1835	86	87	65
1835	84	86	65
1837	87	86	65
1834	86	86	65
1838	83	86	65
1829	87	86	66
1838	86	86	67
1837	86	86	67
1834	86	85	67
1837	87	86	66
1839	81	86	67
1836	86	86	67
1833	85	86	66
1835	87	86	67
1840	80	85	69
1841	83	85	68
1835	84	85	68
1837	85	85	68
1839	84	85	68
1842	89	84	68
1843	86	83	69
1834	89	84	68
1835	89	84	68
1829	90	85	67
1841	89	85	68
1834	89	85	68
1842	85	85	68
1838	85	84	68
1841	88	83	68
1834	88	84	67
1834	88	85	68
1832	87	85	68
1834	88	85	67
1831	88	86	67
1833	88	86	68
1836	85	86	68
1838	88	86	68
1834	89	87	68
1828	91	88	67
1832	89	89	67
1832	86	88	68
1835	87	87	70
1829	92	87	70
1833	91	87	69
1829	92	87	70
1830	92	87	69
1830	90	88	68
1833	91	87	68
1833	89	86	70
1836	89	86	70
1829	88	87	70
1833	90	87	69
1831	90	88	69
1831	91	88	69
1831	93	89	68
1830	89	90	66
1831	90	90	66
1829	91	90	66
1830	92	91	65
1832	89	90	66
1831	90	90	65
1836	88	90	66
1838	92	88	66
1832	91	88	66
1834	91	88	66
1833	90	88	66
1834	88	88	66
1838	92	87	67
1834	91	87	66
1833	90	86	67
1831	90	87	66
1832	89	87	66
1830	87	87	67
1839	83	86	67
1834	87	85	67
1835	88	85	67
1836	87	85	67
1828	85	87	67
1839	84	85	68
1843	84	83	69
1839	83	83	69
1838	84	83	68
1840	83	83	68
1841	83	83	68
1841	82	83	68
1850	78	81	69
1836	83	80	68
1838	87	81	68
1838	84	82	67
1839	84	82	67
1832	85	82	68
1839	84	82	68
1846	77	81	69
1837	84	82	68
1830	82	83	68
1854	72	81	68
1835	82	82	69
1835	77	83	68
1836	85	83	68
1840	79	83	68
1830	82	83	68
1839	81	83	69
1844	82	82	70
1838	81	83	69
1840	82	82	70
1843	82	82	70
1844	81	82	70
1841	82	82	70
1841	84	82	69
1836	83	84	68
1839	85	83	68
1828	86	86	68
1839	85	86	69
1829	96	88	68
1831	86	89	69
1836	84	89	69
1840	84	89	70
1835	84	89	71
1844	80	87	72
1838	82	85	74
1840	82	85	74
1833	81	86	74
1836	84	86	74
1823	95	88	74
1837	83	89	74
1827	83	89	74
1828	85	90	74
