866	695	102	67
862	700	99	67
860	705	98	67
854	708	97	68
856	706	96	68
854	710	96	69
857	708	93	69
859	708	91	70
851	713	90	71
857	711	87	71
855	711	86	71
861	713	84	71
859	713	82	71
866	711	81	71
865	711	80	71
862	710	81	73
871	708	80	75
883	701	78	75
882	702	78	75
884	701	79	74
886	697	77	74
886	698	77	73
881	694	78	72
884	695	77	71
881	688	75	71
881	687	73	72
878	683	72	73
877	679	72	73
878	678	71	74
873	672	71	74
870	672	71	74
867	668	71	74
865	664	72	73
865	663	72	72
864	659	72	70
861	656	71	69
858	650	70	68
859	652	69	68
858	650	70	68
853	648	69	68
855	648	70	68
860	645	70	67
860	644	69	67
866	642	70	67
856	644	70	66
856	644	72	65
860	640	74	64
857	642	74	63
860	640	74	63
862	639	73	64
844	625	77	61
854	624	78	62
852	623	79	62
857	619	80	63
858	618	79	63
866	614	80	63
865	615	80	62
876	617	80	63
877	616	79	65
890	616	80	65
895	612	79	65
889	611	79	65
900	605	77	65
901	604	78	65
906	605	79	65
905	607	81	62
906	606	82	61
911	609	84	62
915	612	86	61
922	618	87	64
933	611	88	65
1010	521	90	69
1023	517	90	70
1029	515	91	71
1041	514	90	72
1045	514	88	74
1046	512	87	74
1049	514	86	76
1048	512	85	77
1059	510	82	79
1059	508	79	82
1065	507	78	82
1069	505	77	82
1069	502	77	82
1077	494	75	82
1080	493	73	83
1084	490	72	84
1087	486	71	85
1093	483	70	87
1098	481	68	88
1101	479	65	90
1104	478	64	90
1110	477	61	91
1109	475	61	91
1109	475	61	92
1115	471	61	91
1110	470	62	89
1112	470	63	87
1112	467	63	86
1116	466	62	85
1116	463	61	86
1117	461	60	84
1121	456	59	85
1125	454	57	84
1124	453	56	83
1127	450	54	83
1127	448	53	84
1131	443	50	84
1134	436	46	85
1136	434	43	86
1139	433	40	86
1138	426	38	87
1137	423	37	86
1133	417	38	84
1135	418	37	83
1137	414	38	82
1134	407	39	80
1129	406	41	78
1129	407	43	76
1129	404	42	76
1129	403	40	79
1117	403	44	76
1112	401	46	76
1113	395	48	78
1092	379	53	74
1093	382	54	74
1089	380	56	72
1094	380	57	73
1096	379	56	75
1083	376	59	73
1081	370	60	70
1078	365	62	68
1073	358	63	69
1066	360	64	69
1068	368	65	70
1060	351	66	71
1045	349	69	72
1047	360	71	74
1036	341	72	75
1034	341	74	75
1027	346	75	75
956	409	78	77
949	411	78	78
942	410	78	80
938	408	78	82
933	407	78	83
922	407	78	84
922	409	78	85
933	398	78	85
915	409	78	86
907	407	78	88
910	412	81	86
936	404	82	86
908	407	84	86
941	409	88	84
941	408	91	83
930	412	94	82
947	409	97	80
930	409	96	81
914	409	92	84
918	409	92	86
923	408	90	87
913	410	88	88
918	345	88	88
925	340	87	89
925	339	86	90
925	339	86	91
927	335	85	93
928	334	86	93
931	360	87	97
947	359	89	98
949	353	89	100
975	356	89	101
947	362	90	102
951	354	92	102
950	359	92	102
949	366	94	101
944	371	94	99
948	368	94	99
948	362	95	102
917	331	96	104
952	360	95	104
957	366	94	104
956	359	95	103
964	352	95	105
963	353	95	105
971	354	95	107
970	347	96	108
973	339	97	110
980	334	96	111
981	342	96	112
987	287	98	112
987	319	98	116
998	352	100	114
991	346	100	115
1002	350	102	113
1003	352	104	110
1052	365	108	107
1052	367	111	107
1046	370	116	106
1054	368	118	106
1047	372	121	105
1046	378	123	107
1049	382	124	107
1039	373	125	106
1016	298	120	113
1022	299	116	117
1033	286	112	122
1040	297	108	126
1034	301	106	129
1023	302	105	134
1027	298	106	136
1029	303	105	140
1019	305	105	144
1027	300	105	145
1019	310	105	147
1021	310	106	149
1023	308	107	149
1016	307	108	151
1020	312	107	151
1023	311	107	152
1014	330	107	155
1021	319	106	155
1016	320	108	154
1017	323	110	153
1012	330	112	151
1013	327	114	153
1007	331	117	153
1004	337	119	154
998	339	118	155
1000	342	119	156
962	337	121	157
948	397	118	166
947	392	120	166
965	352	120	170
952	335	119	172
954	344	119	173
954	343	120	174
946	370	122	175
947	339	123	172
946	343	127	170
950	340	128	170
944	380	126	174
944	392	127	175
946	393	125	177
948	388	127	178
944	394	125	179
950	388	122	182
942	350	124	183
954	391	126	181
952	385	124	184
955	387	123	184
952	386	123	187
952	381	123	188
953	379	126	186
954	365	130	185
952	356	133	184
954	381	135	183
952	383	139	184
946	388	141	184
952	372	144	185
956	360	146	188
949	339	144	194
957	352	145	195
957	358	145	198
960	365	145	201
958	353	147	203
966	360	148	204
965	367	150	207
