703	0	144	65
700	0	144	63
699	-1	143	62
703	3	142	62
701	2	142	62
706	3	141	62
706	5	141	62
711	8	142	61
711	9	142	61
712	10	142	61
716	12	141	60
715	15	140	61
715	13	140	61
716	16	140	61
718	18	139	61
720	19	139	62
720	21	139	62
721	22	138	62
721	26	137	62
722	26	137	61
723	27	136	61
723	29	136	61
726	30	137	61
724	33	136	61
724	32	136	61
724	32	137	61
726	33	136	61
728	38	136	62
727	37	136	60
729	39	136	60
728	39	136	60
732	40	135	60
733	43	135	60
731	43	136	58
734	43	136	57
733	43	135	58
733	44	134	58
733	46	133	57
732	45	134	56
734	45	132	57
733	46	132	56
731	49	132	57
731	49	132	56
732	50	131	56
732	51	131	55
732	53	130	56
731	54	130	55
730	56	129	56
728	55	129	56
729	57	128	56
729	60	128	56
728	60	128	56
729	61	127	56
728	61	128	55
728	63	128	55
727	64	128	55
729	65	127	55
726	69	127	55
723	68	128	54
728	69	128	54
724	69	127	55
724	69	129	54
718	68	128	54
720	69	125	55
720	68	124	54
722	68	125	53
724	69	125	53
723	70	128	52
720	70	129	52
719	71	129	52
718	70	129	52
715	70	129	52
717	70	130	52
717	70	130	51
714	72	129	51
717	70	128	52
714	72	129	51
716	72	128	52
715	72	128	51
714	72	128	50
713	73	129	49
710	73	130	49
713	74	129	50
711	74	130	49
710	74	129	50
710	74	129	49
709	74	128	50
711	74	126	50
712	75	126	51
712	75	125	51
712	75	125	51
709	76	125	51
711	76	125	51
709	76	125	51
708	77	126	51
708	78	126	51
707	78	127	51
706	78	127	51
707	77	127	51
705	77	128	51
704	76	128	51
705	76	128	51
705	76	127	51
707	76	128	51
704	76	127	52
704	76	127	52
701	73	128	51
702	72	128	51
703	73	128	52
700	71	128	52
701	71	128	52
698	71	127	52
700	71	127	52
697	70	127	52
698	70	126	52
698	70	126	52
698	70	126	51
695	70	125	51
695	69	124	51
695	70	123	52
695	71	123	52
692	70	123	51
694	72	123	51
693	71	122	51
693	70	121	51
693	70	122	51
694	72	122	51
691	71	122	51
691	72	123	50
689	73	124	49
689	75	124	49
686	75	124	50
687	75	125	50
686	76	125	50
684	74	126	50
684	76	127	50
682	75	127	50
681	76	128	50
679	75	128	49
678	78	128	50
681	79	127	51
680	76	127	50
678	76	127	50
678	78	127	50
678	78	127	50
677	78	127	50
677	79	127	50
677	79	127	50
677	79	127	49
675	81	127	49
678	82	125	50
678	81	125	49
678	83	125	50
678	83	124	49
678	85	125	49
676	84	125	49
676	86	125	49
677	86	127	47
677	90	127	47
673	89	127	47
672	89	128	46
672	89	128	47
673	89	129	47
673	89	128	46
673	90	128	46
672	91	128	46
672	91	128	45
671	94	127	45
671	92	128	45
671	95	128	46
673	95	127	46
673	95	127	46
673	97	126	46
675	97	125	46
675	97	125	46
674	97	125	46
672	100	126	46
674	100	125	46
673	100	124	46
673	102	124	46
674	101	124	46
674	102	124	46
674	102	125	46
676	104	124	46
676	104	124	46
676	105	123	46
675	104	124	46
675	104	123	46
676	105	123	46
676	106	122	47
676	106	124	46
676	106	125	46
676	106	125	47
676	105	126	47
675	107	128	47
676	106	128	46
677	108	128	46
680	108	130	46
679	107	131	45
677	107	132	45
677	107	132	45
678	107	132	45
676	107	132	44
678	107	130	44
678	109	130	44
678	110	129	45
679	110	130	44
681	110	130	44
679	110	131	44
682	108	130	44
681	110	130	45
681	110	129	45
682	109	128	46
682	108	128	46
685	108	126	46
685	107	126	47
684	107	126	47
685	106	126	47
687	107	126	47
686	107	126	48
687	107	128	47
687	107	128	47
688	107	128	47
689	109	129	47
688	106	130	46
689	106	130	46
690	106	130	46
689	106	130	46
688	105	130	46
689	105	130	45
689	105	129	45
691	106	128	45
691	107	128	45
691	104	128	44
691	106	127	45
696	106	126	45
693	106	126	44
695	106	127	44
693	106	129	43
696	106	128	44
695	106	128	44
695	106	129	43
695	108	128	43
696	107	128	43
697	106	127	43
697	108	126	43
697	106	127	43
698	109	127	44
699	109	128	44
699	107	128	44
699	109	128	44
699	107	128	44
700	106	128	44
701	107	127	44
702	107	127	45
703	107	127	44
704	108	128	44
704	111	128	45
706	111	128	45
705	109	129	45
705	111	129	45
704	111	130	45
704	112	130	46
708	112	130	46
707	110	130	46
708	110	129	46
710	110	130	46
708	110	129	46
708	109	129	46
709	109	129	45
711	110	128	46
712	111	128	46
712	111	129	46
711	113	129	47
714	111	128	47
711	111	128	46
713	113	127	46
714	113	126	45
715	115	126	45
716	115	126	44
716	115	126	44
715	118	124	44
719	117	123	44
718	119	122	44
720	119	122	44
721	118	121	44
719	118	121	43
722	121	121	44
723	121	121	44
724	122	121	44
725	123	121	44
725	123	121	44
725	124	121	44
726	125	121	45
728	126	122	45
730	127	121	45
728	129	121	45
728	130	121	45
728	131	122	45
728	131	123	46
729	132	123	46
730	135	121	46
730	136	121	46
730	136	121	46
731	139	121	46
730	138	121	46
731	138	120	46
732	139	120	45
732	140	119	45
733	143	119	45
733	144	119	46
733	144	118	46
737	145	118	47
735	145	118	47
734	146	118	47
734	148	118	47
735	148	119	46
733	149	119	45
735	150	120	44
738	153	121	45
736	151	121	44
736	153	122	44
736	155	122	43
737	154	122	44
737	157	122	44
736	156	122	44
737	158	122	43
737	159	123	43
738	162	123	42
734	162	123	42
736	165	124	42
733	166	123	43
736	166	124	42
736	170	124	42
734	169	123	43
734	169	124	43
736	173	124	43
734	174	125	43
733	176	123	43
732	178	123	43
734	179	124	43
732	182	123	44
732	182	123	43
732	184	122	43
734	186	122	43
733	187	122	43
733	188	122	43
732	191	122	44
733	192	122	44
733	193	122	44
733	196	122	44
735	195	121	44
732	196	121	44
733	198	121	44
734	198	120	44
731	198	120	44
732	199	122	43
732	203	122	43
733	202	122	43
731	202	122	43
732	205	122	43
731	205	122	42
734	206	120	43
733	207	120	43
732	207	120	42
733	207	120	42
738	211	120	41
734	211	120	41
734	212	121	41
738	213	121	42
736	213	120	42
737	214	119	42
735	216	120	42
734	218	120	42
734	217	119	42
734	217	120	42
737	217	121	42
736	218	122	41
734	221	123	41
734	223	123	42
735	222	124	42
735	225	125	41
736	225	125	41
735	224	125	41
734	225	125	40
734	227	126	40
735	228	126	40
737	228	127	40
740	229	127	41
735	230	128	40
735	231	127	41
736	233	127	41
738	233	127	41
736	235	127	41
735	237	127	41
734	236	128	41
734	236	128	42
736	237	129	41
735	240	129	41
738	238	127	42
736	240	127	41
739	242	127	41
739	243	128	40
740	244	129	40
739	247	128	41
741	247	127	41
738	248	128	41
742	249	127	41
742	250	127	42
743	251	128	42
743	251	128	42
744	253	128	41
747	254	128	42
746	256	128	41
751	257	128	42
752	259	129	41
750	263	130	41
753	261	130	42
753	264	131	41
754	265	132	40
757	269	132	40
755	269	132	40
757	270	131	40
760	273	131	41
761	274	130	42
764	276	130	41
764	278	129	41
764	279	129	41
770	279	129	41
769	281	130	40
770	284	131	40
771	284	132	40
777	285	131	40
778	288	132	40
779	291	132	39
780	289	132	39
784	292	132	39
781	295	132	38
784	296	132	38
784	299	132	38
789	299	130	38
788	302	130	38
789	304	129	38
793	303	129	39
792	305	129	38
794	305	128	38
793	309	129	39
795	309	128	39
794	312	129	38
795	313	129	38
796	316	129	38
797	317	128	38
796	319	127	39
797	318	126	39
797	321	127	39
798	321	127	39
796	324	128	39
800	326	128	39
798	329	127	39
800	328	127	39
798	330	127	39
799	330	127	39
797	333	127	39
797	336	127	39
801	335	126	40
800	338	126	39
798	340	125	39
802	339	125	39
797	342	124	39
799	343	124	39
798	342	124	39
801	346	123	38
799	347	123	38
797	347	123	38
797	350	123	37
797	350	124	37
798	354	123	37
797	355	122	37
799	355	122	37
796	357	123	36
796	359	122	37
798	361	121	37
796	362	121	38
798	364	120	38
797	365	121	37
796	366	121	37
796	368	121	37
794	370	122	37
797	371	122	37
792	372	122	37
797	374	123	37
794	376	123	37
793	378	123	36
795	381	123	36
794	382	123	36
794	382	122	37
795	383	123	37
794	386	123	36
794	387	122	36
795	389	122	36
793	392	122	37
796	394	122	37
794	396	122	37
795	397	121	37
795	400	122	37
794	400	122	37
794	402	122	37
796	404	122	37
794	406	121	37
797	408	122	37
796	411	121	37
797	412	121	37
799	416	121	37
797	418	121	37
800	419	121	37
799	423	121	36
800	426	121	36
801	428	121	36
800	432	119	36
803	431	119	37
804	437	119	36
802	440	119	36
802	443	119	36
802	446	119	36
803	450	119	36
806	451	118	36
806	454	118	36
806	456	118	36
806	459	118	36
806	461	118	36
806	464	118	36
808	466	118	36
809	468	117	37
808	471	118	37
809	472	118	38
810	477	117	38
813	479	119	39
813	481	119	39
813	483	119	40
814	485	118	41
814	489	118	41
816	487	118	42
816	492	117	42
816	494	117	42
817	495	117	43
817	500	116	44
817	500	117	43
821	504	117	43
821	507	117	43
821	507	119	43
821	511	118	43
821	513	119	42
824	515	118	43
824	516	118	43
824	519	118	42
827	519	118	43
828	521	118	43
828	522	118	43
830	525	118	43
830	527	118	43
830	528	119	42
831	530	120	42
834	532	120	42
835	533	120	42
836	534	121	42
836	536	121	42
838	537	121	42
840	540	120	42
840	539	121	41
843	541	120	41
844	542	121	41
847	543	120	42
846	543	122	41
847	546	122	41
849	546	122	40
849	547	123	40
848	549	125	40
851	551	124	41
853	550	123	40
855	554	124	41
855	553	125	39
856	554	124	39
857	555	124	39
860	560	123	40
863	558	124	40
862	560	124	39
863	561	123	39
863	562	123	38
865	561	122	38
868	565	122	38
869	566	122	38
870	565	124	37
872	569	124	36
874	570	125	35
874	571	125	35
876	572	123	35
880	576	122	36
880	578	122	37
883	577	122	37
883	579	122	37
884	580	123	37
887	581	123	37
888	582	124	37
888	584	126	36
888	585	127	36
889	587	129	35
892	589	129	35
893	592	129	35
894	592	129	35
894	594	128	35
899	597	129	36
900	597	130	35
900	598	130	35
902	600	130	36
902	601	130	35
902	602	131	35
903	603	131	35
908	608	131	36
907	608	132	36
909	609	132	37
909	611	133	37
910	611	132	37
910	614	133	37
909	615	133	37
915	619	133	36
914	619	132	37
913	621	132	37
915	622	133	37
914	624	132	37
916	628	133	37
917	629	134	37
915	632	133	37
917	633	135	37
919	636	136	37
918	637	136	36
919	638	136	37
921	644	135	37
920	643	133	37
920	645	133	37
920	647	133	37
923	650	132	38
927	652	133	38
926	654	134	38
929	656	134	39
930	657	135	38
931	659	135	39
932	663	136	39
930	664	136	39
933	666	136	39
932	667	136	40
935	668	135	40
938	674	134	40
938	675	133	40
940	677	133	40
941	681	133	41
943	682	132	41
944	686	133	41
944	686	132	41
947	689	131	41
951	692	131	41
952	694	131	41
953	697	130	41
947	699	130	41
952	702	130	41
953	706	130	40
954	708	131	40
955	711	131	39
958	715	130	38
959	716	129	38
961	722	129	38
960	721	129	38
960	725	129	38
962	728	129	38
965	733	129	38
967	734	129	38
968	737	129	39
971	740	128	40
971	740	128	40
976	746	126	40
976	748	126	41
981	747	126	40
979	750	127	40
979	751	128	40
979	753	129	40
981	752	128	41
983	756	127	41
989	757	128	42
987	758	129	42
986	759	129	42
989	761	130	42
988	762	130	42
990	764	131	42
991	765	132	42
994	766	132	43
995	767	131	44
997	771	130	44
1001	772	131	44
1003	773	131	45
1002	775	132	45
1005	777	131	45
1009	778	130	45
1008	779	131	45
1010	782	130	45
1010	782	130	46
1018	785	131	45
1019	787	132	45
1019	788	132	45
1022	793	132	45
1022	790	133	44
1028	796	134	44
1030	796	134	44
1037	797	134	44
1040	800	133	45
1034	801	134	44
1042	803	135	44
1043	807	136	44
1048	810	136	44
1053	812	136	44
1056	814	135	44
1054	817	136	44
1058	822	135	44
1064	825	136	45
1062	826	135	45
1067	828	135	45
1067	832	135	45
1067	834	135	45
1069	837	136	44
1071	840	135	44
1072	844	135	44
1078	846	135	44
1080	851	134	44
1083	853	135	43
1087	857	135	44
1087	858	135	44
1089	863	134	44
1090	865	136	44
1093	870	135	44
1093	870	135	44
1098	874	136	44
1099	877	136	44
1102	881	137	45
1103	885	137	45
1104	888	137	45
1108	891	136	46
1108	893	136	47
1107	897	137	47
1113	898	137	47
1111	901	137	47
1114	902	138	47
1116	908	138	47
1118	908	139	46
1118	910	138	46
1119	914	138	47
1118	914	138	47
1118	918	139	46
1118	918	138	46
1120	920	139	46
1120	921	139	46
1120	924	139	46
1121	926	138	47
1122	928	138	46
1122	928	138	46
1125	930	138	46
1120	931	139	46
1123	934	139	46
1123	934	138	46
1125	934	138	46
1125	936	139	47
1121	936	140	47
1122	939	140	46
1121	941	139	46
1122	942	139	47
1122	943	139	47
1122	946	139	47
1122	948	139	46
1122	949	139	47
1121	950	138	47
1121	952	137	47
1121	953	137	47
1120	955	137	47
1119	957	138	46
1121	959	138	47
1122	961	138	46
1122	961	138	46
1118	961	137	46
1118	964	138	46
1119	966	138	46
1118	967	138	46
1119	969	138	46
1118	972	138	47
1116	972	138	47
1118	976	138	48
1118	977	138	48
1118	981	138	49
1118	982	138	49
1113	983	139	49
1119	990	139	50
1115	989	140	49
1116	994	141	48
1116	995	142	48
1116	1001	142	48
1116	1004	141	48
1118	1008	141	49
1116	1010	141	49
1117	1014	143	49
1117	1017	143	51
1114	1019	145	51
1111	1026	146	51
1111	1030	148	50
1108	1034	152	48
1103	1036	156	46
1096	1039	161	43
1088	1044	166	40
1080	1041	168	40
1075	1043	170	39
1076	1041	171	39
