399	0	277	366
381	1	280	362
369	8	284	359
362	14	289	356
364	15	293	353
353	17	295	350
352	18	298	348
351	28	300	347
350	40	301	345
340	40	301	344
346	46	300	342
347	41	298	343
342	41	298	343
342	46	298	343
350	41	301	342
339	56	302	344
343	51	305	342
338	56	305	344
332	55	307	345
332	63	306	349
342	63	307	350
338	72	306	352
338	65	304	355
350	58	302	360
345	73	302	361
361	72	302	362
355	67	302	362
355	77	303	362
365	94	304	361
365	94	304	361
359	88	305	362
379	126	307	360
373	133	309	356
361	140	311	354
360	146	313	352
355	140	313	353
371	145	313	353
344	156	315	353
363	152	318	350
361	147	322	349
365	153	325	348
373	149	330	345
377	150	333	343
364	140	337	342
342	145	339	342
351	157	341	340
349	152	345	339
317	134	345	342
305	120	347	338
242	192	344	345
297	126	343	347
329	147	345	349
296	112	344	352
231	264	342	345
226	245	342	339
243	272	340	339
253	280	342	334
273	292	344	332
334	160	339	339
346	153	337	344
332	150	332	348
184	111	328	352
191	104	324	354
177	104	321	356
194	109	318	357
200	92	317	358
186	96	314	360
156	79	310	363
157	74	307	362
138	59	304	361
140	59	298	361
127	55	295	359
134	62	290	355
121	53	286	352
118	65	283	347
103	58	282	343
98	60	281	339
94	57	281	335
98	54	282	332
92	51	284	328
87	52	286	324
90	49	288	321
93	51	292	318
78	44	294	313
66	46	297	309
74	43	301	305
63	45	305	301
51	42	310	297
64	39	311	294
88	40	312	291
82	42	314	288
66	39	317	284
105	39	314	283
112	40	311	282
90	45	308	281
146	39	298	284
129	49	295	282
132	35	290	283
125	49	285	283
153	30	275	285
133	44	269	283
137	31	262	283
150	40	252	283
151	39	243	284
155	39	235	284
168	39	226	283
172	35	218	284
175	36	210	282
175	37	204	281
180	42	201	278
178	48	198	274
179	46	196	270
180	47	194	268
180	45	193	265
181	49	191	263
182	47	189	261
187	48	186	259
188	48	184	258
189	49	183	257
189	50	182	255
193	50	182	254
189	51	182	253
186	51	182	253
182	55	182	251
182	53	183	249
182	54	183	247
182	58	183	245
182	59	183	244
182	60	183	242
182	60	183	241
178	61	183	239
179	65	183	239
179	65	183	237
175	65	183	237
173	65	181	238
173	66	181	237
170	66	180	236
171	67	179	235
168	67	178	234
168	71	177	233
169	68	177	232
169	74	175	232
164	71	173	232
165	74	171	233
163	74	169	233
160	74	169	234
160	74	168	234
160	74	169	233
160	77	169	234
165	77	170	233
159	77	171	233
162	81	171	232
159	78	171	231
164	78	173	230
160	82	175	231
159	79	177	229
152	79	177	229
152	83	177	228
149	83	177	228
150	82	176	229
150	85	175	229
147	89	174	229
144	89	174	229
144	87	174	227
141	87	174	227
142	90	172	226
140	93	169	226
138	94	169	225
143	96	165	226
142	96	161	227
144	96	157	227
143	96	152	227
148	96	148	226
146	99	145	227
148	102	143	228
148	99	142	227
149	100	141	226
146	100	140	225
149	95	139	223
144	98	138	222
142	99	138	221
141	102	138	220
138	100	139	219
132	103	139	219
130	100	139	219
127	103	138	219
128	103	137	219
126	107	135	222
130	109	133	224
131	108	131	226
132	109	129	229
129	106	128	229
127	106	127	229
131	106	126	229
129	108	124	230
129	108	124	230
127	113	123	232
127	113	122	233
128	117	121	234
128	119	120	236
126	116	119	236
123	118	118	238
124	119	117	241
125	121	116	244
120	123	115	246
121	127	113	248
118	127	112	249
119	129	110	250
117	129	109	251
117	134	108	252
118	134	107	251
118	137	107	252
115	139	107	252
116	142	106	253
116	144	106	253
113	147	106	252
115	150	106	252
115	153	106	252
115	156	106	251
113	157	106	250
112	157	107	249
112	158	108	248
111	161	110	247
111	164	110	246
111	167	109	245
112	170	108	245
115	170	108	245
118	168	107	245
118	168	107	244
118	169	107	243
115	171	106	243
118	169	107	243
115	169	108	242
114	169	108	242
119	167	110	241
117	168	113	239
120	168	114	239
117	167	113	240
113	168	117	239
111	171	120	237
115	176	119	239
117	173	119	240
122	172	116	241
126	172	113	242
129	174	112	244
127	176	110	245
125	180	110	247
124	179	111	249
124	181	112	252
123	177	113	255
122	179	115	256
122	179	116	257
124	178	117	258
127	180	117	260
129	173	118	262
129	172	118	264
126	177	119	265
125	174	121	266
124	174	123	267
123	173	125	268
125	169	128	269
120	169	131	269
125	169	134	269
119	166	138	269
117	164	142	267
112	163	146	263
114	167	149	261
117	171	150	259
119	168	152	258
126	168	151	260
132	160	151	261
136	163	151	263
142	165	151	265
142	166	150	269
145	155	151	271
142	154	152	274
137	156	153	276
137	152	155	277
136	171	157	280
134	170	160	282
140	169	162	284
139	165	164	285
142	165	164	285
142	171	165	287
141	167	166	289
145	165	166	292
149	160	165	295
149	159	165	297
149	155	165	298
157	168	165	301
156	160	165	303
161	155	164	305
165	155	163	306
165	158	163	307
168	157	163	309
168	160	164	310
172	159	163	311
172	163	164	311
178	162	165	312
174	165	167	314
184	165	168	315
180	164	170	317
191	168	170	316
186	167	172	318
190	166	171	320
194	170	173	320
201	170	173	320
197	169	174	321
205	173	173	322
201	168	173	323
206	176	172	324
202	175	171	325
211	182	169	327
215	181	168	329
216	176	167	330
220	180	165	331
221	179	165	332
221	179	164	333
229	186	163	334
229	186	163	334
229	186	164	334
229	186	164	335
229	186	163	335
230	189	163	336
233	194	164	334
228	198	166	333
235	198	167	333
230	198	169	333
242	202	168	333
237	199	171	332
250	198	169	333
250	199	168	332
254	194	167	333
259	198	167	333
263	202	167	334
266	201	167	335
270	204	168	337
273	203	169	340
277	211	170	338
268	210	172	340
271	210	173	341
275	197	173	342
283	201	173	344
283	200	173	344
292	196	173	345
295	194	173	349
304	201	173	351
307	200	174	352
306	209	176	352
309	200	177	353
312	204	180	353
310	200	184	354
309	208	186	354
309	200	187	353
308	208	189	354
312	195	190	354
302	199	193	354
300	208	196	355
245	318	202	349
247	396	207	340
245	364	211	334
239	377	214	326
252	351	214	328
246	367	217	321
245	356	219	318
244	367	222	312
246	351	227	311
244	356	230	308
250	351	227	311
247	347	224	311
252	342	222	312
258	338	220	312
263	332	217	315
260	331	215	316
287	318	219	318
284	317	217	320
308	310	219	325
311	303	222	330
315	305	223	335
310	303	223	340
323	296	223	344
325	302	221	350
330	300	220	355
335	297	218	361
340	299	218	367
345	295	216	373
341	289	215	376
342	293	214	377
347	296	214	381
347	305	213	382
356	308	214	385
360	308	214	385
364	308	216	385
363	317	217	386
366	317	221	386
370	312	223	385
383	317	225	386
392	340	227	388
406	353	227	390
375	402	231	390
407	299	235	391
406	329	237	391
413	406	242	383
416	388	246	381
419	410	250	376
399	394	252	378
403	315	253	378
402	394	256	378
405	315	258	378
410	320	259	378
414	319	260	379
404	322	261	383
408	317	263	384
407	319	266	380
416	304	268	379
415	308	269	380
430	334	271	380
420	307	269	382
420	306	269	385
430	305	270	387
434	321	272	386
429	305	272	387
439	299	274	389
434	303	272	390
450	297	272	393
439	301	273	394
459	307	274	394
444	310	272	397
445	304	271	399
451	298	270	401
452	302	268	403
453	301	265	406
449	295	263	407
471	294	262	408
461	292	260	412
461	297	260	413
481	292	263	412
475	297	264	414
474	295	266	417
473	294	268	418
463	293	266	420
