1797	183	206	125
1796	184	206	124
1795	185	207	123
1794	188	206	123
1794	191	207	123
1792	193	209	122
1792	196	211	121
1791	198	211	121
1792	200	210	120
1793	203	209	119
1793	204	208	119
1793	206	207	118
1792	209	206	117
1786	211	205	118
1786	215	201	120
1787	218	197	122
1789	222	195	121
1792	226	193	119
1793	231	191	117
1794	235	189	115
1795	236	189	114
1794	239	188	114
1795	239	184	114
1795	239	180	115
1794	240	174	118
1800	240	170	119
1806	243	163	121
1808	245	157	123
1813	246	150	125
1818	245	142	132
1816	249	137	135
1777	278	139	134
1777	279	142	131
1785	275	137	133
1791	275	137	135
1792	277	137	135
1812	278	137	131
1817	277	135	129
1837	274	129	131
1865	248	119	135
1874	248	116	136
1886	208	109	141
1899	190	102	143
1913	188	97	143
1922	182	95	142
1931	179	93	145
1935	166	97	144
1941	162	102	144
1945	161	107	146
1951	162	112	152
1952	192	120	149
1953	187	126	152
1953	151	135	149
1957	140	142	147
1962	137	149	142
1966	139	153	143
1974	132	156	144
1987	127	160	144
2000	120	159	143
2010	116	158	143
2016	109	163	141
2023	105	168	138
2025	101	173	138
2027	97	179	137
2036	98	183	139
2036	93	190	139
2036	86	198	140
2039	81	203	138
2044	77	209	136
2052	76	211	135
2057	69	216	134
2065	65	219	134
2070	64	220	134
2081	56	222	135
2089	53	221	136
2095	50	219	136
2108	43	219	135
2115	39	217	135
2120	33	219	135
2125	30	223	135
2132	25	225	135
2139	21	225	136
2148	16	225	137
2153	14	223	137
2159	9	222	137
2165	8	223	135
2172	4	223	134
2177	2	223	132
2184	1	223	129
2191	1	223	126
2199	0	222	123
2206	0	221	119
2216	0	218	117
2224	0	216	114
2234	0	213	111
2244	1	209	109
2252	0	206	107
2259	0	204	106
2263	0	203	105
2267	0	199	104
2276	0	195	103
2286	0	192	102
2332	3	200	102
2351	9	208	107
2365	8	200	114
2369	6	197	119
2368	3	195	119
2365	3	196	119
2362	2	198	119
2355	2	199	119
2349	5	202	118
2344	5	204	118
2338	5	208	117
2332	4	209	119
2325	5	211	119
2318	5	210	121
2312	3	206	123
2309	4	203	126
2307	5	203	128
2304	5	205	129
2296	6	206	129
2294	6	206	130
2292	7	210	130
2288	8	219	127
2289	9	229	126
2282	10	236	128
2278	10	239	131
2276	9	240	133
2265	14	242	133
2261	16	241	135
2255	16	238	137
2253	15	233	139
2256	17	230	141
2256	19	225	142
2255	27	221	140
2254	36	223	135
2255	32	221	133
2250	43	221	128
2249	46	222	125
2244	47	222	122
2238	52	221	121
2233	55	220	120
2228	58	220	118
2223	63	220	116
2217	67	220	115
2211	71	221	115
2205	76	219	114
2199	80	219	113
2193	83	218	111
2183	87	217	112
2179	85	216	113
2174	84	216	111
2169	88	217	110
2161	89	221	108
2155	92	224	106
2148	93	227	106
2142	95	225	106
2141	95	226	105
2139	93	225	106
2137	93	224	109
2132	95	229	111
2123	92	229	114
2119	86	228	119
2116	96	225	119
2110	80	225	127
2100	57	225	136
2089	22	225	129
2077	19	222	127
2069	26	215	126
2063	30	210	122
2058	33	201	120
2054	38	194	118
2044	41	186	120
2035	44	182	121
2028	44	178	122
2017	49	175	122
2011	53	174	121
2004	56	174	122
1996	59	175	121
1988	68	176	123
1983	70	177	125
1978	73	173	126
1980	81	169	125
1984	104	166	125
1956	93	168	122
1950	104	165	119
1950	103	165	118
1947	102	165	117
1965	137	169	118
1998	149	173	120
2002	157	176	120
1998	158	185	121
1990	164	195	123
1984	165	203	125
1984	170	205	128
1976	173	210	129
1976	184	217	128
1975	188	218	129
1965	191	221	131
1962	191	221	136
1953	184	219	140
1938	184	224	142
1937	191	227	143
1931	195	226	144
1924	194	229	148
1919	198	226	149
1914	189	225	154
1908	190	225	153
1899	200	225	155
1892	199	224	158
1882	193	227	153
1877	199	228	150
1880	203	224	147
1877	208	221	145
1866	214	224	141
1867	221	223	150
1869	211	226	142
1855	224	227	140
1846	223	229	136
1827	227	233	135
1799	226	237	133
1793	222	235	129
1798	228	231	128
1793	234	237	130
1782	226	238	127
1792	229	230	126
1790	235	234	126
1800	237	231	123
1806	242	226	120
1795	236	223	119
1797	241	220	116
1786	240	215	114
1790	241	216	111
1784	239	216	109
1780	240	222	107
1779	238	225	109
1775	236	228	110
1769	234	224	111
1764	227	220	113
1735	222	222	116
1728	216	222	115
1725	220	223	115
1714	217	223	116
1722	214	223	119
1601	165	217	118
1596	164	209	115
1595	163	202	112
1592	163	198	110
1593	162	196	109
1589	163	193	106
1589	164	194	105
1584	163	196	104
1582	162	196	103
1578	153	196	105
1577	151	196	106
1670	5	202	110
1660	7	204	112
1653	9	209	113
1645	14	213	113
1637	19	221	114
1625	19	222	115
1617	23	224	114
1609	28	223	112
1603	32	221	110
1597	38	221	107
1591	42	220	106
1580	43	215	107
1574	48	214	106
1565	54	212	108
1553	61	213	109
1545	65	213	107
1537	66	215	106
1528	71	218	106
1520	80	221	111
1513	78	224	111
1503	80	226	111
1494	85	225	116
1483	88	225	119
1476	89	224	120
1467	91	225	121
1460	97	230	121
1452	102	231	121
1443	107	229	121
1430	110	227	122
1418	112	226	122
1421	116	232	121
1428	121	229	118
1398	124	228	117
1389	125	225	117
1381	129	223	116
1372	133	218	115
1365	138	214	115
1358	143	211	115
1353	146	211	114
1347	151	212	113
1339	158	213	112
1332	162	215	110
1326	167	217	109
1320	172	218	110
1308	178	215	110
1300	182	215	109
1293	185	214	110
1286	187	214	111
1275	193	212	113
1269	199	210	114
1263	204	212	115
1256	208	214	117
1256	205	213	120
1240	215	213	119
1235	217	211	118
1228	224	209	117
1222	227	210	116
1214	232	210	115
1210	232	207	116
1202	238	205	115
1195	242	204	114
1187	245	204	113
1182	250	203	113
1173	253	204	114
1169	257	202	113
1163	259	200	112
1157	263	200	112
1146	268	203	111
1139	273	204	111
1132	276	206	110
1126	280	207	111
1125	283	207	110
1117	287	208	109
1110	290	207	109
1106	294	207	108
1097	295	207	110
1097	294	207	113
1087	303	206	115
1082	303	204	115
1078	307	202	115
1074	308	202	116
1071	310	200	115
1064	315	200	115
1059	316	198	115
1054	319	197	115
1047	323	197	116
1034	319	200	118
1037	329	200	117
1030	331	202	117
1011	331	211	117
1000	332	217	117
1008	333	216	117
993	334	220	117
984	335	225	116
985	337	223	117
980	338	222	116
971	342	220	116
962	342	218	117
960	343	213	117
952	345	209	118
947	345	205	119
950	345	203	120
945	349	205	119
931	352	205	121
930	349	207	121
921	351	209	122
917	357	208	122
909	361	207	122
905	363	205	122
905	367	204	120
886	373	205	122
839	388	215	122
779	389	222	121
743	390	215	122
748	392	210	120
743	392	209	120
738	392	207	119
735	392	205	118
741	390	212	117
733	395	214	117
733	394	215	116
739	393	220	119
736	393	221	121
708	391	222	122
725	394	222	124
720	397	223	124
728	395	219	123
698	393	219	122
706	396	218	123
701	394	214	122
691	392	211	122
693	390	209	121
686	391	210	121
685	391	209	123
684	388	208	125
681	388	204	125
682	390	206	125
678	388	204	124
676	389	204	123
674	386	203	123
670	386	201	125
668	385	199	124
666	386	197	125
665	384	196	125
661	382	195	125
658	383	195	125
656	382	194	124
652	380	195	125
651	381	196	124
649	379	199	124
645	379	201	123
642	379	203	123
637	377	204	124
633	376	205	124
627	375	205	124
624	376	205	125
621	372	204	125
616	370	203	126
615	370	201	128
611	368	200	129
608	366	200	129
605	367	199	129
599	366	200	128
596	365	201	128
592	365	200	128
590	364	198	127
587	359	196	127
585	359	194	128
582	358	193	127
581	355	191	126
579	357	190	125
576	356	189	125
574	357	190	125
570	357	190	125
567	358	189	126
564	360	189	126
562	361	188	125
559	362	187	124
555	362	187	125
553	363	187	125
552	364	186	124
551	366	185	123
548	367	184	122
546	370	181	120
544	371	179	120
544	373	178	119
543	376	175	119
541	377	174	118
539	378	172	118
539	381	170	116
539	382	168	117
538	384	167	117
536	384	166	117
537	387	164	116
533	391	163	119
535	391	161	120
534	395	160	128
536	400	158	137
537	390	159	138
534	390	161	135
532	396	161	137
530	395	162	137
527	398	160	139
524	400	156	140
525	398	158	137
523	397	158	131
520	397	157	128
521	395	160	125
520	395	163	125
518	397	165	124
517	403	170	121
516	407	174	118
516	408	177	117
516	409	181	116
515	413	187	113
514	415	190	111
512	416	191	111
512	417	191	110
513	419	192	110
512	421	193	109
511	423	194	108
511	424	194	108
512	426	196	109
511	426	196	110
513	427	195	110
513	429	194	110
515	430	196	110
515	432	198	110
517	432	198	111
516	432	196	113
518	433	197	114
520	432	199	113
520	434	200	111
522	436	201	110
521	437	203	110
522	439	202	109
521	443	200	109
522	443	199	110
521	443	198	109
520	444	197	109
522	443	198	107
522	442	198	105
522	440	199	103
528	438	199	103
523	437	201	101
528	438	201	101
526	438	204	100
526	436	205	100
526	436	207	100
527	436	206	99
527	432	204	100
526	432	203	101
527	431	202	101
528	428	201	101
532	430	202	102
530	430	199	102
532	429	201	103
531	431	200	102
533	431	199	102
533	433	199	101
538	435	200	100
545	435	199	101
544	438	195	102
547	436	193	101
549	437	188	101
555	438	182	102
560	437	175	103
565	437	167	105
569	437	159	105
572	439	152	106
576	440	148	106
577	442	145	106
579	443	141	106
580	444	135	108
585	444	132	109
582	446	131	110
587	445	130	109
575	447	135	111
561	448	139	113
553	449	143	115
559	452	146	113
569	452	146	112
575	457	141	110
593	457	138	112
595	459	136	111
718	445	152	107
713	446	163	104
708	446	172	103
704	448	176	105
703	450	179	106
701	450	181	108
700	450	182	109
695	450	187	110
691	448	192	111
686	448	197	111
688	447	200	111
691	448	198	109
690	446	195	110
689	445	194	110
687	445	192	109
686	445	189	109
682	447	190	109
680	445	193	110
675	444	194	111
673	445	198	110
668	444	201	108
666	443	204	109
662	444	208	110
661	444	210	110
653	442	215	110
647	439	219	110
647	437	215	111
643	436	213	113
641	435	207	115
640	432	204	115
639	432	202	117
637	429	200	117
634	427	200	115
630	425	200	115
627	424	201	115
622	421	203	115
617	419	202	113
616	417	202	112
612	416	204	111
609	413	205	111
605	412	206	112
600	408	206	111
597	407	206	110
595	403	206	110
591	402	206	110
589	399	204	111
587	395	202	114
585	393	199	117
588	391	193	120
588	385	186	122
588	381	180	124
587	378	176	123
586	375	171	124
586	373	168	125
584	370	163	127
583	369	158	128
581	368	154	129
577	366	152	130
576	367	146	130
576	366	143	129
580	363	141	130
588	360	134	131
584	360	131	132
586	358	125	133
581	361	121	132
589	354	111	136
585	352	102	139
583	351	93	142
591	350	83	144
590	352	75	144
592	352	68	145
597	353	62	144
602	353	56	143
603	355	54	142
603	355	52	140
609	359	48	141
607	366	48	138
611	369	49	137
612	366	50	136
615	363	52	134
616	365	53	134
616	366	57	133
617	369	60	132
617	369	63	132
618	370	67	132
615	375	71	129
614	375	75	128
612	374	80	126
611	376	85	124
610	376	89	121
611	377	95	119
610	380	98	119
610	380	103	118
611	382	106	118
611	382	110	118
612	380	112	118
618	385	112	117
624	386	112	117
625	388	113	115
629	387	116	116
630	389	118	114
634	391	120	113
637	396	122	109
640	396	124	109
642	400	125	108
647	399	125	107
650	401	125	107
653	404	124	105
657	405	125	104
662	406	126	102
659	436	133	105
647	468	144	105
632	472	152	103
631	468	158	103
631	466	160	103
635	459	163	105
635	459	164	106
638	454	166	108
636	449	166	111
635	448	163	113
637	446	161	114
638	443	162	113
639	442	163	114
640	437	164	113
640	436	162	114
644	435	165	113
644	436	166	112
649	436	168	110
647	435	168	109
654	435	170	108
652	432	169	110
659	431	172	111
656	433	170	109
660	435	164	109
664	435	157	109
668	434	149	110
672	434	144	109
675	433	141	108
674	432	140	107
675	431	135	108
678	431	131	109
679	429	129	110
681	429	125	111
683	429	124	110
685	428	123	109
688	428	125	107
690	428	127	106
692	430	128	105
692	429	127	105
694	430	126	105
696	430	125	105
698	431	124	105
700	432	122	105
702	430	121	107
704	432	120	108
705	429	119	110
705	431	118	110
707	431	117	111
709	431	116	111
710	430	115	112
711	429	115	113
711	432	116	112
712	431	117	111
712	434	118	110
711	432	120	110
708	432	121	111
705	432	123	113
704	430	126	112
704	431	129	111
703	435	133	111
702	440	139	109
702	441	145	107
701	445	150	106
699	445	155	105
695	445	161	105
694	443	167	105
692	441	171	104
689	443	174	104
688	442	177	104
687	439	179	104
683	440	178	104
682	436	177	106
683	433	176	108
682	431	174	110
677	426	171	113
678	426	170	114
679	426	169	115
681	421	165	117
680	423	162	116
681	418	159	119
677	415	156	120
672	413	154	122
671	403	152	125
669	403	149	128
668	397	147	131
665	396	147	134
666	397	147	137
663	397	147	139
662	393	149	139
661	393	151	140
663	397	153	141
658	389	154	143
655	389	156	143
652	393	156	142
653	388	156	143
649	398	155	144
645	398	155	145
643	393	154	147
642	379	153	146
638	379	153	144
638	385	156	138
635	386	160	130
630	385	164	124
627	385	168	117
624	386	172	112
620	386	175	108
614	385	175	106
611	382	174	103
609	380	173	101
606	378	173	99
599	376	175	98
598	375	177	96
592	373	177	97
588	365	173	100
585	363	171	102
585	360	170	102
581	357	172	102
580	353	176	101
