1021	1006	114	73
1011	1003	120	73
1009	1003	122	74
1004	1000	125	76
999	998	127	78
992	997	130	79
987	996	133	81
980	995	138	82
976	994	141	84
970	991	144	85
966	991	146	86
961	988	149	88
957	986	151	90
952	984	151	92
949	982	152	93
941	978	152	96
935	976	150	99
932	975	149	101
928	973	149	103
924	973	148	105
920	971	148	107
918	969	147	108
917	968	148	110
915	967	149	111
912	966	151	111
909	964	154	113
907	964	157	114
904	964	160	114
904	963	162	114
901	962	165	115
900	958	167	117
898	955	168	121
895	952	167	122
897	952	166	124
892	950	162	125
885	948	156	127
882	945	150	129
877	942	148	132
875	941	146	134
874	939	146	137
872	938	149	139
870	934	150	141
868	932	152	143
870	931	157	144
867	928	158	147
866	928	160	148
862	921	159	149
857	921	155	152
856	918	154	153
851	916	149	155
850	916	145	156
849	913	143	159
850	913	143	161
847	911	143	162
846	911	143	165
845	909	141	166
845	909	142	167
844	907	142	168
842	908	145	169
843	906	146	170
840	905	150	170
839	903	152	169
837	902	155	171
836	902	156	171
834	900	154	172
833	900	153	172
833	901	154	171
832	902	155	171
831	901	155	171
830	901	155	171
828	902	153	171
827	903	153	171
823	903	152	170
824	903	150	170
823	907	150	171
821	906	148	170
819	908	149	169
816	908	149	169
817	909	149	167
816	912	149	165
814	913	150	163
815	916	152	162
816	917	153	161
814	918	155	161
814	917	158	161
814	918	160	160
815	919	163	160
813	919	165	159
814	918	164	160
811	918	163	160
809	917	160	160
808	917	157	160
809	918	155	159
811	919	152	160
809	917	151	160
806	917	149	161
804	917	148	161
802	916	146	162
801	917	143	162
801	917	142	162
801	918	141	162
801	918	139	161
801	918	139	161
800	918	140	161
799	920	142	159
798	919	145	159
797	919	147	159
794	916	146	161
791	912	142	162
792	907	141	162
792	907	137	163
790	903	132	163
790	907	128	162
788	906	122	162
787	902	116	165
787	905	111	167
787	905	106	168
786	903	102	172
784	904	98	172
784	903	97	173
783	903	96	174
781	904	96	174
780	903	95	174
778	903	96	175
779	902	98	177
777	900	101	177
773	897	100	176
770	890	95	179
769	890	92	177
767	889	87	179
760	882	82	182
760	888	77	182
756	887	72	182
757	886	68	182
756	888	67	178
754	890	68	174
752	894	69	172
750	894	70	171
748	895	73	171
746	891	77	168
743	890	79	169
741	888	81	170
737	885	83	169
731	879	82	166
730	882	82	168
724	879	79	170
719	879	76	169
718	878	70	169
715	875	65	170
713	874	64	167
711	874	63	164
709	873	65	164
707	877	66	165
703	873	68	163
701	868	70	161
697	873	72	159
695	876	76	157
691	877	80	156
687	876	83	158
679	874	83	162
677	869	81	168
672	868	78	171
668	867	74	173
662	865	71	173
661	866	66	176
656	866	64	175
654	865	62	174
652	866	61	174
649	869	63	171
644	869	65	168
641	869	65	168
636	868	66	168
632	868	67	169
629	868	69	171
624	864	73	174
618	865	74	177
612	863	74	180
602	858	72	178
597	858	71	175
595	856	69	174
591	854	69	173
585	849	69	168
580	850	70	166
571	844	74	160
565	845	77	154
560	845	78	150
556	845	79	149
550	838	79	150
545	837	82	153
539	834	84	156
524	826	79	159
520	825	74	163
516	823	71	166
508	821	68	167
504	821	66	170
498	818	66	171
494	815	66	173
487	813	67	174
481	813	70	176
475	812	73	178
471	810	77	180
464	806	79	183
455	802	82	186
449	799	83	186
443	798	85	190
437	800	85	193
429	797	81	194
424	795	80	195
415	793	79	195
410	792	77	196
405	793	74	197
398	793	73	196
394	793	71	194
388	795	70	194
382	795	69	192
376	790	73	181
371	790	75	173
370	793	79	165
364	795	84	160
359	799	86	158
354	799	86	159
350	798	84	162
342	790	77	165
337	791	71	166
332	790	65	165
328	785	62	162
325	783	60	158
321	780	60	152
312	782	61	146
308	780	61	142
303	781	62	139
299	776	63	136
296	778	65	134
292	776	67	131
288	778	69	131
283	775	68	134
279	775	66	138
277	773	67	142
270	771	63	146
264	769	59	146
260	767	55	146
257	767	53	144
252	759	54	140
246	754	58	132
241	756	62	125
239	758	63	120
237	762	63	117
236	762	63	115
235	761	64	113
233	762	64	111
228	760	65	110
226	761	63	113
224	759	63	113
222	759	63	115
220	760	62	118
217	758	58	120
214	756	57	121
213	756	55	124
212	756	54	127
208	751	55	125
204	752	56	124
204	751	58	122
202	753	59	121
201	752	59	121
198	752	60	118
196	750	61	116
194	751	61	115
193	751	61	116
194	751	61	118
193	750	60	119
189	749	59	121
184	748	58	123
181	747	57	124
180	746	57	125
178	747	58	126
177	743	59	125
174	741	62	123
172	740	64	120
170	740	65	118
166	738	67	116
163	739	68	116
162	738	68	115
160	739	69	114
155	738	71	112
156	739	72	112
152	738	72	113
153	738	72	115
150	737	73	118
149	734	72	121
148	736	72	124
146	734	70	126
143	732	67	128
141	733	64	130
140	734	62	132
137	733	61	132
133	729	64	129
129	730	66	125
126	731	68	122
124	732	70	120
119	732	73	117
115	734	75	117
115	737	76	117
111	734	77	116
109	736	78	114
106	737	80	113
105	739	81	111
106	741	81	113
102	741	81	114
102	744	81	117
101	745	80	120
99	747	78	124
97	746	75	127
92	746	75	127
89	747	75	125
86	748	78	121
81	745	82	115
77	746	86	108
77	748	88	104
77	747	88	102
75	749	87	100
75	750	86	99
76	753	85	101
75	752	85	102
73	754	84	103
76	757	85	106
72	756	84	111
74	755	82	117
67	751	77	122
68	748	72	127
67	750	68	129
66	745	64	132
68	750	61	132
68	750	61	131
65	750	62	128
64	748	64	121
63	749	66	114
62	751	67	109
63	753	66	106
64	754	66	104
63	754	64	104
64	755	63	104
65	757	61	104
65	757	58	105
65	756	55	107
62	753	52	106
64	756	49	107
64	753	48	104
65	754	47	103
65	755	48	101
63	754	50	98
63	755	52	97
62	756	52	96
62	756	53	97
62	755	54	97
61	756	55	97
61	755	55	97
64	752	55	98
67	751	54	99
67	749	54	101
68	748	52	104
70	746	48	107
70	745	45	109
71	744	42	111
72	742	41	112
73	736	41	111
74	733	43	107
74	730	46	102
73	729	48	98
74	727	50	94
76	727	50	93
77	728	49	95
78	722	50	93
79	722	50	94
80	723	49	96
79	721	48	96
78	720	47	97
81	717	47	97
81	716	46	97
83	715	47	96
84	715	46	97
86	713	45	98
87	711	45	97
88	712	45	96
89	710	44	96
92	708	45	94
94	708	45	95
97	707	44	97
99	705	44	97
102	708	44	99
104	703	47	97
104	703	48	94
107	704	48	93
108	704	48	93
110	700	49	91
110	704	50	92
110	703	50	90
113	701	51	88
112	700	53	86
114	700	55	84
115	701	57	81
117	705	57	78
121	704	58	78
125	692	59	79
128	684	60	80
131	687	60	82
130	689	61	82
131	677	62	83
131	670	62	86
133	672	61	84
136	674	58	86
138	675	57	87
139	673	58	86
141	674	58	86
140	672	59	86
139	671	59	85
140	673	59	85
143	669	59	86
144	669	59	88
146	670	59	86
149	669	59	87
152	667	58	89
155	664	56	92
158	665	55	95
161	667	54	95
168	664	51	98
171	660	52	96
173	663	51	96
175	660	50	96
177	658	51	93
179	661	51	91
182	662	50	89
184	661	49	89
186	662	50	85
187	659	51	84
189	659	50	85
193	656	50	84
195	654	49	84
199	655	48	83
201	656	47	83
203	657	46	83
208	656	44	83
213	655	42	84
215	657	41	85
221	655	39	85
223	656	38	86
229	656	36	86
232	656	35	86
236	656	35	85
240	656	33	85
243	655	34	84
246	654	33	83
251	652	33	82
252	651	37	79
251	651	40	77
250	653	45	74
251	654	50	71
253	655	55	67
252	657	60	65
254	659	63	62
254	662	66	62
257	661	71	60
258	662	75	59
259	663	78	58
263	664	80	57
264	663	82	56
267	663	85	56
270	665	87	55
273	665	89	55
276	666	92	54
277	666	95	54
280	668	98	54
282	668	101	53
283	670	102	53
285	671	103	52
287	670	104	52
289	670	103	53
293	671	102	53
296	670	102	55
299	670	104	54
299	671	102	55
303	669	101	55
305	668	100	57
306	669	99	58
310	667	98	58
313	666	97	58
314	667	97	58
316	667	97	57
318	667	98	56
320	667	98	56
322	666	99	56
324	667	100	56
325	667	100	55
327	667	101	55
331	666	101	56
332	667	102	56
335	664	102	57
334	665	102	57
337	667	105	57
336	667	107	56
335	664	107	55
335	663	107	54
337	662	106	54
339	661	105	54
342	661	106	53
345	660	107	52
349	659	109	51
352	659	111	51
354	659	112	50
356	659	116	50
359	657	120	49
361	656	123	49
362	656	126	49
366	655	128	49
368	655	129	47
371	655	132	47
374	654	135	47
376	653	137	47
381	651	135	48
385	652	134	47
388	652	133	46
390	651	135	45
393	652	138	43
397	651	139	43
398	653	137	43
400	652	139	43
402	652	140	43
404	652	138	44
407	651	139	44
409	650	139	44
412	651	136	45
415	649	133	46
417	650	135	45
421	649	132	46
424	649	132	45
425	648	133	45
429	648	133	45
433	646	132	45
434	645	133	45
437	645	134	45
442	645	134	44
446	642	134	43
449	641	135	43
450	639	133	43
449	637	128	44
455	635	125	45
460	634	123	46
464	630	119	47
467	628	115	50
472	624	112	51
475	621	108	53
479	619	107	54
483	617	105	55
487	615	104	56
490	613	103	56
493	608	102	57
497	604	102	58
501	603	102	59
506	601	103	59
510	596	104	60
512	591	103	61
516	585	101	63
521	582	98	63
524	574	93	66
530	571	90	68
534	567	85	71
539	565	83	73
544	561	81	74
548	557	80	76
550	555	79	77
552	551	78	78
557	547	77	81
561	546	77	84
564	542	76	85
568	539	77	86
573	536	77	88
577	531	76	91
581	526	76	93
584	525	78	93
588	519	77	96
592	512	77	99
595	515	78	100
598	505	77	102
585	490	79	100
567	482	85	97
555	479	93	90
526	548	92	87
529	546	91	83
536	547	90	78
539	548	89	73
545	548	87	69
548	548	85	65
555	548	83	63
562	547	82	61
567	547	82	59
573	545	82	58
577	545	82	57
583	544	82	56
588	543	82	56
595	542	81	55
599	538	80	55
606	539	81	54
610	536	79	54
615	534	78	53
623	533	78	51
629	531	78	51
634	530	77	50
636	526	77	50
643	529	77	50
643	526	77	51
647	526	77	51
589	504	80	50
594	503	80	50
600	502	79	51
607	503	78	50
613	503	78	50
619	504	78	51
624	505	77	53
629	503	76	52
636	505	76	52
643	507	77	52
647	508	78	50
655	510	80	49
663	511	81	48
669	511	82	48
673	512	82	48
679	511	82	49
684	512	81	49
691	511	80	50
696	508	78	51
703	508	77	52
708	508	78	52
715	505	78	54
718	503	79	56
723	501	81	57
728	499	83	60
730	498	84	62
737	495	84	66
740	493	83	70
744	490	85	74
751	488	83	78
756	487	84	80
760	482	84	82
767	481	83	86
780	477	79	89
784	476	79	92
792	473	77	95
798	469	76	98
807	468	73	103
808	467	74	103
819	466	73	104
827	464	71	105
838	461	68	107
847	458	65	109
855	455	63	113
860	453	63	115
867	453	62	118
872	455	62	119
877	453	61	119
880	451	62	119
885	453	63	120
888	452	62	121
896	451	63	123
900	450	62	129
904	446	62	132
905	452	63	129
911	455	65	128
911	456	68	126
915	451	68	127
916	445	69	130
917	452	72	131
921	448	73	132
928	462	77	127
922	482	84	115
935	478	84	113
937	494	84	111
943	499	85	108
947	505	87	104
956	500	88	98
959	507	88	90
967	514	89	84
970	517	88	79
977	525	88	75
980	530	88	69
984	538	88	64
987	540	89	61
991	545	91	58
993	549	94	55
995	554	98	52
997	556	100	51
998	558	103	49
999	561	106	49
1000	561	109	49
1002	561	112	49
1005	564	113	50
1006	565	116	49
1009	567	119	48
1009	569	121	48
1011	572	123	47
1013	574	126	46
1014	573	127	46
1021	576	126	46
1022	578	125	45
1030	579	122	48
1036	581	120	49
1040	582	120	50
1045	583	119	51
1050	584	118	52
1051	584	118	52
1055	586	119	53
1060	585	119	55
1064	588	118	56
1066	588	117	58
1072	589	116	60
1075	591	116	62
1075	592	116	63
1084	593	116	65
1093	594	115	67
1094	596	114	70
1101	597	113	74
1108	598	112	75
1109	600	112	77
1112	602	112	79
1111	606	114	81
1120	605	114	82
1142	604	115	82
1141	604	112	84
1159	606	110	86
1158	602	107	86
1167	605	105	86
1180	607	104	88
1179	608	101	88
1179	610	97	88
1185	612	95	87
1192	612	93	87
1195	614	91	86
1207	613	92	84
1204	615	92	85
1226	617	97	82
1227	619	100	81
1227	621	104	80
1228	622	105	80
1231	622	107	79
1233	622	109	80
1234	620	112	79
1239	620	114	78
1242	620	115	78
1246	622	115	77
1250	622	116	76
1257	621	115	74
1260	621	113	74
1265	622	112	74
1267	623	111	75
1273	623	110	75
1282	624	106	76
1288	623	103	77
1292	624	100	78
1295	624	99	79
1300	627	97	80
1303	625	97	80
1306	627	96	81
1310	629	96	80
1312	632	96	80
1314	635	96	80
1316	636	96	80
1320	639	96	79
1320	641	97	78
1325	642	98	77
1325	644	99	77
1329	648	100	77
1336	650	99	80
1342	651	97	83
1346	652	95	85
1352	655	93	87
1357	659	91	89
1360	661	89	92
1362	663	88	97
1367	664	87	98
1369	666	89	98
1373	669	89	98
1374	673	90	98
1376	675	91	99
1377	679	91	100
1380	681	92	101
1380	683	93	103
1383	684	93	105
1383	685	93	107
1384	683	94	107
1384	683	97	106
1386	681	97	108
1387	681	99	108
1389	679	100	110
1388	679	100	111
1389	679	103	110
1390	678	104	112
1391	676	104	113
1392	679	104	113
1395	675	107	108
1397	680	109	106
1399	682	110	104
1401	683	110	103
1401	681	111	103
1404	681	111	102
1401	681	111	101
1406	680	111	101
1407	680	112	98
1407	675	113	97
1411	672	112	95
1412	666	112	94
1416	666	111	94
1411	663	113	95
1410	659	110	98
1416	655	109	99
1415	653	107	103
1413	646	103	107
1396	637	96	110
1402	637	89	111
1405	630	81	114
1411	631	74	117
1413	626	68	119
1417	623	64	120
1417	621	62	121
1418	618	61	120
1417	613	60	119
1420	611	59	116
1417	605	60	114
1419	604	59	112
1420	602	60	110
1419	598	61	107
1422	600	61	107
1419	591	64	103
1417	590	65	100
1419	590	65	99
1420	586	67	99
1419	584	67	99
1417	579	67	100
1418	575	67	100
1418	571	68	99
1420	569	68	101
1419	566	68	103
1417	561	67	105
1417	557	65	107
1417	553	63	110
1418	549	61	110
1420	544	59	111
1420	541	58	110
1422	536	58	106
1422	533	58	102
1425	532	59	99
1422	526	61	95
1423	524	63	92
1423	523	64	92
1423	520	64	91
1423	518	65	90
1423	514	65	90
1423	513	65	90
1426	510	66	92
1425	505	64	96
1426	502	63	99
1427	500	64	104
1427	499	67	108
1431	499	70	109
1431	494	74	112
1430	490	75	116
1429	489	74	119
1427	483	74	120
1424	480	71	122
1423	478	67	123
1422	474	63	122
1420	469	63	116
1420	467	64	108
1419	467	65	102
1420	467	65	97
1421	467	64	94
1422	467	63	93
1424	467	63	93
1424	466	64	94
1425	465	66	96
1424	463	68	99
1424	461	70	102
1425	460	71	105
1423	458	70	108
1423	455	68	110
1421	451	64	110
1422	448	63	109
1423	445	64	105
1424	448	64	104
1427	445	65	101
1425	441	66	99
1427	443	66	99
1424	440	66	96
1426	440	66	96
1424	437	66	94
1425	435	66	93
1427	434	67	93
1427	432	68	95
1429	432	70	96
1430	430	72	99
1432	429	74	102
1432	427	75	104
1433	426	76	105
1432	424	77	106
1432	422	77	106
1431	420	76	107
1432	418	76	107
1432	417	74	107
1433	417	72	107
1433	416	71	105
1432	415	68	104
1431	415	65	104
1431	412	63	101
1434	412	62	99
1437	413	62	98
1438	414	63	98
1438	415	64	98
1440	416	66	99
1442	417	67	100
1442	417	67	101
1443	416	67	103
1443	416	67	104
1443	415	67	105
1443	415	65	105
1442	415	62	107
1444	413	61	105
1445	414	60	104
1445	414	59	102
1444	414	56	101
1443	414	54	98
1446	415	53	97
1446	412	52	93
1449	414	51	91
1450	415	50	90
1451	416	50	91
1453	418	51	92
1454	419	53	94
1456	419	55	96
1456	417	57	97
1458	416	59	98
1458	411	61	100
1463	406	62	101
1458	405	64	103
1457	401	64	105
1463	393	69	107
1464	391	75	106
1467	393	82	105
1463	397	84	106
1463	397	86	107
1463	398	88	109
1463	399	89	110
1464	401	89	113
1464	402	88	116
1465	401	91	116
1469	400	93	117
1469	402	94	117
1468	402	94	118
1470	403	94	119
1469	405	95	119
1470	406	97	118
1469	406	97	119
1468	405	97	119
1466	406	96	120
1470	407	95	120
1465	408	96	119
1464	408	96	117
1460	411	99	115
1471	410	97	114
1470	412	97	113
1476	413	95	112
1478	413	94	112
1473	415	96	110
1479	417	94	109
1477	416	92	109
1479	418	92	108
1476	418	93	108
1483	422	92	109
1478	420	89	108
1482	424	88	107
1483	423	85	108
1485	424	82	109
1487	425	80	109
1490	424	80	108
1486	425	82	105
1481	425	82	101
1480	426	80	97
1478	426	79	93
1485	427	78	89
1491	431	76	86
1493	433	74	85
1494	433	72	85
1498	436	71	85
1499	437	70	86
1501	439	70	88
1503	440	72	90
1503	440	73	92
1504	442	74	96
1505	440	74	98
1506	441	75	100
1506	441	75	102
1507	442	77	104
1511	442	80	105
1509	442	82	104
1507	442	83	105
1510	444	84	106
1509	444	85	107
1513	446	86	108
1510	446	84	109
1514	447	84	109
1514	448	85	109
1516	450	86	108
1515	452	87	108
1516	453	87	108
1515	454	88	108
1516	454	88	108
1517	456	89	107
1516	457	89	107
1518	458	89	107
1519	459	91	107
1520	463	91	107
1519	464	92	106
1519	466	91	106
1518	466	89	108
1518	467	87	108
1519	468	85	108
1520	470	86	105
1520	470	86	104
1522	472	86	104
1523	475	85	104
1522	475	85	106
1523	476	85	106
1522	476	86	106
1524	478	89	105
1520	479	92	105
1517	480	94	105
1518	481	96	104
1517	484	97	104
1517	483	97	104
1514	483	99	105
1514	484	101	105
1510	479	102	108
1502	474	102	113
1501	472	101	114
1502	470	102	116
1499	463	102	119
1489	460	101	123
1487	460	98	125
1489	460	98	125
1484	460	98	125
1484	463	99	124
1478	466	102	122
1480	467	106	119
1481	474	110	116
1475	473	111	114
1475	479	115	112
1469	476	115	113
1472	482	117	111
1474	485	117	108
1475	488	115	108
1474	490	114	106
1467	490	115	105
1460	493	113	103
1465	493	111	102
1463	494	107	101
1459	495	107	99
1456	495	106	96
1457	497	104	96
1456	498	101	95
1459	499	97	95
1454	498	96	93
1450	498	95	91
1450	499	95	89
1444	497	96	86
1443	497	95	85
1441	498	93	84
1437	497	91	83
1434	497	90	81
1429	498	85	81
1428	495	80	82
1426	496	76	82
1424	493	72	82
1420	491	66	83
1420	488	64	81
1420	486	62	80
1421	487	62	77
1420	487	63	75
1420	486	64	73
1420	486	64	73
1420	487	65	72
1415	485	64	71
1415	484	63	71
1414	481	61	70
1412	479	59	69
1410	478	56	71
1410	476	53	71
1407	473	51	72
1406	471	50	71
1402	469	48	71
1400	466	46	69
1397	466	43	70
1396	460	43	67
1394	459	43	64
1393	458	42	60
1392	457	42	58
1390	458	41	56
1392	458	40	56
1389	457	40	54
1388	456	40	54
1388	456	41	54
1387	456	42	55
1386	456	43	56
1383	453	43	56
1381	453	43	58
1378	454	41	60
1375	452	38	62
1373	449	35	62
1373	447	35	60
1371	447	35	58
1369	444	35	55
1369	443	36	53
1366	446	36	50
1364	445	36	49
1365	445	35	48
1363	446	34	47
1363	447	34	46
1364	447	33	45
1362	447	32	45
1361	448	31	45
1360	449	31	45
1359	448	30	44
1359	449	30	44
1357	450	29	45
1357	449	28	44
1356	448	29	43
1355	448	29	41
1353	448	29	40
1351	448	30	39
1350	448	29	39
1349	448	29	38
1348	447	28	37
1347	447	28	37
1347	446	27	37
1346	446	27	37
1344	446	26	38
1343	446	25	39
1342	445	24	40
1341	443	23	41
1339	442	23	40
1338	441	24	40
1336	440	24	39
1334	439	23	39
1333	438	24	38
1332	438	23	39
1331	436	23	39
1328	435	23	38
1328	434	23	38
1326	434	23	39
1324	433	22	39
1323	432	22	40
1320	431	21	40
1318	430	21	40
1316	429	21	40
1313	429	21	40
1310	429	21	40
1309	427	21	41
1305	427	21	40
1302	425	22	39
1299	424	23	38
1296	423	23	37
1293	423	23	37
1290	422	23	37
1288	421	23	37
1285	421	23	37
1281	419	23	37
1278	419	23	37
1274	418	22	38
1270	418	22	38
1266	416	23	39
1262	417	22	40
1258	417	22	40
1254	417	21	41
1250	418	21	41
1246	417	21	41
1241	418	21	41
1237	418	21	40
1233	419	21	40
1229	419	21	39
1225	420	21	39
1222	421	21	39
1218	421	21	39
1214	423	22	38
1210	421	22	37
1207	423	22	36
1204	424	23	35
1200	424	23	36
1196	425	23	35
1194	424	23	35
1192	424	24	34
1188	424	24	34
1186	423	24	33
1182	424	24	32
1179	424	25	32
1177	424	25	32
1175	425	25	32
1172	424	26	33
1169	424	26	32
1167	425	26	32
1163	426	27	32
1161	427	27	31
1158	427	27	31
1156	427	27	31
1154	429	27	31
1153	430	26	31
1151	430	26	31
1150	429	25	32
1148	430	24	33
1146	431	23	35
1144	431	23	36
1143	430	22	37
1142	430	22	38
1139	432	22	40
1137	433	23	41
1134	433	24	42
1132	432	24	43
1130	433	24	44
1128	434	24	45
1126	433	25	45
1125	433	25	46
1123	434	26	46
1121	434	26	45
1120	434	25	46
1119	433	25	46
1120	431	23	48
1120	431	21	48
1120	432	20	49
1119	432	19	50
1119	432	18	50
1119	431	17	51
1119	432	17	52
1119	432	16	51
1117	432	17	50
1117	433	16	50
1117	433	17	49
1117	434	16	50
1116	434	16	51
1116	433	16	51
1116	434	16	51
1116	434	16	52
1115	434	16	52
1116	434	16	52
1115	433	16	53
1115	432	16	54
1115	432	16	54
1115	431	16	53
1115	431	16	53
1115	432	16	53
1115	431	16	53
1115	431	16	54
1115	431	16	54
1115	430	16	55
1114	430	16	55
1115	431	16	54
1114	430	17	53
1114	429	17	53
1114	429	17	52
1115	431	17	53
1115	432	17	53
1114	430	17	53
1114	430	17	52
1115	430	17	52
1115	429	17	52
1115	429	17	52
1115	430	17	52
1115	429	17	51
1116	428	17	50
1117	429	17	50
1117	430	17	50
1117	429	17	50
1117	430	17	50
1116	427	17	50
1117	427	18	49
1116	426	19	48
1115	426	19	47
1116	426	20	46
1116	426	20	46
1116	425	20	45
1118	423	20	44
1118	423	19	44
1119	424	19	44
1120	422	19	43
1120	422	19	43
1122	422	19	43
1122	420	19	43
1123	420	19	42
1122	418	19	43
1123	416	20	41
1122	413	21	39
1123	413	21	37
1125	413	21	36
1126	413	20	37
1125	412	20	36
1126	413	20	35
1126	412	19	35
1127	412	19	35
1127	410	19	35
1128	410	18	35
1129	408	18	35
1128	409	18	36
1129	408	18	36
1129	407	18	37
1129	404	19	35
1130	403	20	34
