959	786	106	75
953	785	106	74
947	785	105	74
941	786	105	74
935	786	105	74
929	787	105	74
922	788	106	74
915	790	105	74
910	790	105	74
904	791	105	74
899	793	105	74
894	793	105	74
889	795	105	74
885	796	105	74
881	797	105	75
877	798	104	75
873	798	104	75
869	798	104	75
864	798	104	75
860	797	103	76
856	796	103	76
851	795	103	76
846	793	104	76
840	792	104	76
835	791	105	76
830	789	105	76
824	787	105	77
819	784	104	77
816	781	103	78
812	777	102	78
808	775	101	78
802	771	100	78
798	769	99	78
796	766	98	78
793	764	97	78
790	763	96	77
788	761	95	77
786	760	94	77
784	757	94	77
782	755	93	77
779	754	92	77
776	750	91	78
772	751	90	78
769	751	89	78
767	752	89	78
766	752	88	78
763	755	87	77
760	757	87	77
756	760	85	77
751	763	84	77
748	765	82	76
745	768	81	76
743	770	79	76
741	773	78	75
739	775	76	75
737	778	74	75
736	782	73	75
735	784	71	75
733	786	70	75
731	790	69	74
731	792	67	74
729	796	66	74
729	800	65	74
728	802	63	73
730	807	62	73
730	809	61	73
731	813	60	73
728	816	59	73
726	818	57	73
726	822	55	74
729	824	53	74
731	826	52	74
733	829	50	75
735	830	49	75
737	831	47	75
739	831	46	75
740	832	45	75
741	833	44	75
742	833	43	75
744	834	42	75
749	835	42	74
750	837	42	74
750	840	43	74
746	842	43	73
744	844	43	73
741	847	42	72
740	848	43	72
738	850	43	72
736	852	43	71
733	855	43	71
731	857	44	71
728	857	45	71
726	859	46	71
725	859	47	71
723	862	48	71
721	864	49	71
718	867	51	70
715	869	53	70
711	870	54	70
709	872	56	69
706	874	58	69
703	875	59	69
699	876	61	69
697	876	62	69
694	877	63	69
691	878	64	69
689	879	65	68
685	878	65	68
682	879	66	68
679	879	66	68
676	878	66	68
674	879	66	68
671	877	66	68
669	879	66	67
662	880	66	67
659	879	66	66
655	878	65	66
655	879	65	65
653	877	65	65
652	875	65	65
652	875	65	64
654	872	65	64
655	871	65	63
656	870	66	62
658	869	66	61
659	869	67	60
660	868	67	60
662	867	68	58
664	868	68	57
663	867	69	57
663	866	69	56
664	864	70	55
666	864	70	54
668	864	70	54
668	864	70	54
669	862	70	53
669	862	70	53
669	861	70	53
669	859	71	53
663	856	71	53
662	853	72	52
656	851	73	52
650	849	72	51
643	846	72	51
643	844	71	51
645	843	71	50
646	841	70	50
647	840	70	49
647	838	70	49
651	837	70	48
654	837	70	48
657	837	71	47
661	837	72	47
662	836	73	47
660	832	74	47
656	828	74	48
652	827	75	48
649	827	75	49
647	828	76	50
642	828	77	50
635	829	78	51
629	831	78	51
625	832	79	52
621	830	79	53
617	831	78	54
611	829	78	56
609	830	77	57
606	830	77	58
605	828	77	59
605	825	77	60
603	823	77	61
602	822	77	61
598	823	77	62
593	824	77	62
588	824	77	63
588	823	77	63
579	822	76	64
573	821	75	65
571	820	73	67
569	819	72	68
565	816	71	68
561	815	71	69
561	815	70	70
558	813	70	70
556	811	69	71
556	810	68	71
555	806	67	72
556	805	66	72
558	803	65	73
555	802	63	74
552	801	62	76
553	801	61	77
548	800	59	78
548	797	57	79
547	793	56	80
545	791	55	80
545	785	54	80
552	785	54	79
551	787	54	79
551	782	55	78
551	783	55	77
549	783	54	77
547	781	54	77
545	783	52	78
548	782	51	79
549	781	50	79
549	778	51	78
549	773	51	78
548	768	51	77
547	765	51	77
547	764	52	76
546	758	53	75
539	751	53	75
539	745	54	75
539	742	54	75
537	739	54	74
535	734	55	74
537	730	55	74
533	724	56	73
534	718	56	73
531	713	57	73
527	713	57	72
523	714	58	72
518	709	58	72
515	704	58	71
513	703	58	71
510	706	58	71
507	705	58	71
505	703	59	71
504	703	59	71
502	702	59	71
503	703	59	71
505	701	59	71
506	702	59	71
506	700	59	71
507	699	59	71
510	693	59	70
509	691	58	70
509	690	58	70
506	681	57	71
510	684	56	71
511	679	56	71
513	678	55	72
514	673	55	72
513	671	55	72
515	669	55	72
514	668	55	72
515	668	55	72
520	658	55	72
523	650	55	72
523	643	55	72
533	636	55	72
540	629	56	72
536	629	56	72
539	625	56	71
538	620	56	71
545	614	57	71
543	611	58	71
546	613	59	71
548	608	59	71
547	596	60	70
545	579	61	70
550	576	61	70
554	561	61	70
550	555	61	70
557	558	61	70
560	563	61	71
564	559	62	71
564	555	62	71
565	545	62	71
547	523	62	71
548	518	62	71
544	526	62	71
561	532	62	71
564	527	62	71
577	540	62	71
581	545	62	71
581	549	63	71
580	563	63	71
580	569	63	71
581	567	63	71
582	562	64	71
585	558	64	71
583	563	64	70
587	561	64	71
585	564	64	70
587	562	65	70
589	560	65	70
587	563	65	70
589	558	65	70
589	560	65	70
591	565	66	70
591	560	66	70
593	564	66	70
591	561	66	70
593	569	66	70
596	565	67	70
592	560	67	70
595	567	67	70
596	561	67	70
598	568	67	70
598	566	68	70
600	561	68	70
597	567	68	70
600	563	68	70
601	557	68	70
600	561	68	70
602	567	69	70
601	562	69	70
603	557	69	70
602	560	70	70
599	566	70	69
602	560	70	70
603	564	70	69
603	556	70	70
605	553	70	70
