557	0	135	158
557	2	136	159
556	2	138	161
556	3	140	162
556	2	140	163
554	4	142	165
552	4	143	167
551	4	144	168
549	4	146	170
549	6	145	172
547	5	146	175
546	6	146	179
544	5	147	182
544	4	149	186
543	4	150	189
540	6	150	191
540	5	150	193
539	5	151	195
539	5	152	197
538	5	151	200
537	6	151	204
536	4	151	208
536	4	151	213
536	2	152	213
536	3	153	216
535	1	154	218
535	0	156	216
535	0	158	216
534	3	160	218
532	3	162	220
531	4	163	223
531	3	164	227
531	3	164	230
529	3	165	232
527	2	165	234
529	3	168	236
528	3	169	240
527	3	170	243
524	4	169	246
524	7	171	251
521	7	171	256
520	7	172	261
518	5	173	264
518	4	174	267
516	5	175	270
515	3	175	270
515	4	176	269
513	5	175	269
510	4	176	268
512	6	178	268
511	8	183	271
511	7	188	275
509	8	191	280
508	7	196	284
505	9	199	288
502	8	202	292
500	8	206	294
497	7	208	297
495	6	209	299
495	8	210	302
495	7	211	301
496	9	211	300
495	9	213	299
494	11	214	299
492	10	214	300
491	13	212	301
488	15	212	302
490	19	213	300
488	19	215	301
486	21	216	301
486	23	217	302
484	22	218	305
482	24	221	309
482	22	223	311
482	20	226	312
478	23	228	313
476	23	229	316
474	27	229	318
473	27	228	325
475	28	229	328
473	31	232	327
472	32	233	327
470	31	235	330
469	35	236	331
467	36	239	332
469	33	239	335
468	30	242	337
465	31	241	338
466	33	243	336
464	33	244	338
463	29	246	336
462	31	247	334
462	30	248	337
460	35	249	339
460	30	249	343
458	43	248	347
455	45	251	351
451	50	256	350
450	42	257	355
450	49	258	356
447	44	260	362
446	40	262	372
445	43	262	374
443	45	264	376
443	48	264	378
443	46	265	380
442	44	266	381
443	49	266	380
441	53	268	382
440	48	269	387
439	57	271	385
438	56	271	384
436	59	273	383
433	73	274	376
432	75	277	371
432	82	278	367
430	81	279	366
429	79	279	368
428	77	280	371
428	76	281	376
428	72	282	377
428	75	284	376
426	76	283	375
427	66	284	377
426	57	283	379
427	72	284	378
424	47	285	380
426	58	285	382
424	73	284	385
427	31	285	387
424	40	283	390
426	32	285	386
419	33	287	386
422	19	286	374
422	38	286	378
420	44	287	377
418	37	288	371
419	34	289	372
419	54	289	375
419	52	288	382
419	52	288	384
420	53	288	385
420	63	289	386
416	64	295	384
412	59	298	383
411	41	300	372
409	47	300	378
409	51	302	378
408	59	303	379
409	59	301	383
410	75	300	387
407	81	302	389
404	85	303	389
407	65	304	390
407	75	303	394
403	82	305	395
400	54	305	397
402	62	304	403
402	56	304	410
400	77	304	413
395	66	305	410
396	54	304	400
396	61	308	399
391	75	310	405
390	69	313	404
386	98	313	411
392	90	314	413
390	83	315	416
387	100	315	419
389	75	314	421
383	81	316	422
382	63	317	421
380	59	318	432
384	78	317	429
384	80	320	424
379	79	325	418
374	84	326	419
376	64	329	403
371	72	330	403
370	58	332	395
371	76	335	382
371	83	334	380
371	91	335	378
370	59	341	368
367	67	344	365
362	70	345	362
362	76	347	358
361	74	346	348
363	82	346	343
361	84	347	339
358	87	347	328
358	103	344	323
354	138	343	301
353	157	338	311
351	123	332	313
358	142	328	320
354	145	329	299
350	128	326	297
347	182	316	285
352	162	310	271
357	177	307	259
348	212	296	249
349	246	285	246
355	307	262	247
353	294	241	249
358	305	227	245
361	314	214	236
363	318	202	231
367	324	194	226
369	323	187	224
372	324	183	224
373	324	179	224
372	324	178	223
373	324	177	223
373	325	176	224
373	325	174	224
371	323	174	226
369	324	172	227
370	325	172	227
370	325	171	229
369	325	171	230
368	328	170	229
366	328	169	229
365	330	169	228
365	331	169	227
365	330	169	228
368	332	170	227
367	335	171	226
366	335	171	227
366	336	171	227
364	339	172	227
363	340	173	226
362	341	174	225
360	344	173	226
360	344	174	226
359	344	174	226
359	344	174	226
359	344	174	226
358	346	172	226
357	345	172	227
357	346	172	227
357	348	172	228
356	346	173	228
356	345	173	229
354	348	172	229
355	341	171	233
355	346	171	232
355	350	172	231
353	349	172	231
352	356	172	229
352	355	172	228
351	356	171	229
353	358	170	229
350	359	172	229
350	358	171	230
349	359	171	230
347	349	172	236
347	350	173	240
346	348	173	242
344	356	174	239
343	352	174	240
343	358	174	239
343	356	174	240
341	355	174	241
340	363	174	239
340	363	174	239
339	369	174	236
338	372	173	233
337	375	173	230
338	375	174	229
336	375	174	229
336	374	174	230
336	373	174	231
335	371	175	234
335	369	174	236
334	369	174	238
333	371	174	238
332	372	174	237
330	375	175	235
330	372	175	236
329	376	176	235
330	374	177	237
329	380	177	234
328	374	178	235
327	383	178	232
326	383	178	231
327	385	178	230
325	386	178	229
326	389	176	228
327	392	176	227
327	392	176	226
327	391	176	227
327	394	176	226
328	393	176	227
328	392	175	228
326	397	174	226
326	399	174	224
328	398	173	225
327	403	173	224
326	402	172	224
324	403	172	223
325	404	171	224
324	404	172	223
323	407	171	223
323	408	170	222
323	407	170	222
322	407	170	223
321	409	170	224
321	409	170	223
321	411	170	223
321	411	170	223
319	411	169	223
318	414	169	223
317	415	169	223
316	417	169	222
316	417	169	224
315	414	169	225
313	416	169	225
314	415	169	226
312	417	168	228
314	415	168	228
314	415	168	230
313	416	168	229
311	416	169	230
311	416	169	231
310	416	169	232
309	416	168	234
310	416	167	234
309	419	166	235
309	417	165	236
308	417	164	238
308	419	164	239
308	416	163	240
307	419	162	241
306	421	162	241
305	421	162	241
303	423	162	241
304	422	161	242
306	425	160	243
306	424	161	244
306	424	160	246
305	423	161	245
305	426	160	245
305	426	161	246
304	427	161	246
304	432	161	245
301	432	163	244
299	435	164	243
299	436	164	243
296	437	166	242
294	440	167	241
294	440	167	241
293	440	167	241
288	443	167	241
289	446	166	240
290	448	163	241
288	449	163	240
283	453	164	237
280	455	165	236
279	458	166	235
269	463	167	233
277	465	164	234
276	463	163	233
278	464	160	232
276	466	159	231
276	467	157	231
271	468	158	230
271	466	159	231
270	468	159	231
268	469	158	230
266	469	159	230
267	470	160	231
270	466	159	234
267	464	158	237
265	465	160	237
269	460	158	241
269	462	156	242
266	461	157	243
262	462	160	243
262	463	160	242
261	464	161	243
259	467	161	243
258	465	163	242
255	471	165	241
256	467	165	242
255	470	165	242
256	469	165	243
255	468	165	245
253	465	165	246
255	466	164	246
253	464	165	247
255	466	165	248
256	464	165	248
257	467	164	249
253	467	166	247
256	472	166	247
251	468	168	246
254	475	167	249
248	471	169	247
247	470	171	243
247	474	172	243
251	478	171	244
248	478	170	245
244	465	170	243
246	482	169	242
244	474	172	241
247	482	171	242
245	479	172	242
247	487	173	243
241	470	172	241
253	494	171	244
241	469	170	238
241	475	171	239
244	481	169	241
244	468	166	239
245	470	167	235
250	478	166	234
235	463	165	231
234	468	161	229
245	476	161	228
253	490	160	229
117	410	162	228
115	410	160	225
109	409	155	222
110	399	154	220
137	412	156	220
104	402	155	214
95	398	151	210
103	385	146	205
101	388	141	201
116	397	134	199
100	380	136	201
115	390	130	202
109	377	129	202
103	387	131	196
125	391	125	195
131	393	118	201
135	397	113	208
142	403	106	216
140	405	108	217
144	393	105	217
141	395	106	217
152	402	106	217
138	395	105	220
135	386	108	216
152	386	98	216
144	382	98	210
143	379	99	203
166	402	91	209
169	414	86	209
168	409	77	211
172	408	69	213
176	411	65	213
178	409	62	213
178	405	60	214
178	402	58	217
179	401	57	217
181	400	56	217
182	400	54	216
183	396	53	218
182	394	52	219
182	393	52	219
183	394	52	220
184	392	52	220
181	389	52	221
183	386	52	222
182	384	52	223
183	387	51	223
183	384	51	223
183	385	51	225
182	381	51	225
183	381	51	225
183	381	51	225
182	380	50	226
182	380	50	227
183	381	50	227
183	378	49	228
184	380	48	228
183	376	48	229
183	380	48	227
183	378	48	226
186	389	48	219
184	380	48	218
186	377	47	220
186	374	46	222
186	372	47	223
187	372	48	222
186	372	48	222
186	372	48	223
185	371	48	223
186	369	48	224
186	371	49	223
185	368	49	222
185	369	50	221
186	368	50	220
186	370	50	218
185	369	50	216
186	369	50	214
186	369	51	213
186	369	51	213
186	369	51	212
187	369	50	211
187	367	51	210
190	369	50	210
188	366	50	209
188	368	51	208
189	368	51	207
189	369	51	206
189	369	51	204
191	372	50	202
192	371	49	201
194	372	48	200
194	371	48	200
195	375	48	199
195	376	48	197
195	376	48	196
195	374	47	196
196	371	47	197
197	373	47	199
196	369	46	199
198	371	46	200
197	369	46	201
199	371	45	201
199	370	45	199
199	368	45	200
199	369	45	201
200	369	46	201
200	369	46	200
200	367	46	200
200	368	45	201
201	367	45	201
201	366	45	201
201	364	45	201
203	364	44	202
204	365	44	202
203	362	44	203
205	365	43	202
204	362	43	204
205	360	42	205
206	362	43	205
206	361	43	205
206	360	43	205
204	361	43	204
207	363	43	205
205	357	43	205
206	360	43	204
206	357	43	204
206	356	42	204
207	357	42	204
207	354	41	204
208	357	41	204
208	355	42	205
208	353	42	205
209	355	42	205
210	352	41	206
210	351	41	207
210	352	41	208
209	347	41	209
209	349	42	209
209	346	42	211
209	346	42	212
208	341	43	213
207	341	44	214
206	337	45	215
208	336	46	217
207	335	47	218
207	334	47	219
206	332	48	220
206	333	49	220
206	331	50	220
205	332	50	219
205	331	50	219
205	330	50	220
206	331	51	220
205	330	52	220
206	330	52	220
206	328	51	221
207	329	51	221
207	329	52	221
207	330	52	221
207	327	52	221
207	327	53	221
207	327	54	221
208	327	54	221
207	326	54	220
207	327	55	220
207	325	55	220
208	324	55	220
207	324	55	220
207	321	56	221
207	321	56	221
205	319	57	221
205	318	58	221
205	318	57	221
204	318	58	221
204	317	59	221
203	316	59	222
203	316	60	222
203	316	61	221
204	317	61	221
204	315	61	221
203	315	61	222
205	314	60	222
205	314	60	222
205	315	61	222
206	317	60	220
206	321	60	216
207	323	59	214
207	321	59	212
208	322	58	211
209	330	59	205
208	336	59	200
208	338	59	195
209	342	59	191
210	345	59	187
211	346	59	183
210	345	60	182
209	347	61	180
209	347	61	179
209	348	62	177
208	347	63	177
207	346	63	177
206	344	64	178
205	341	65	180
205	338	66	182
203	337	67	184
202	328	69	190
202	326	70	194
200	321	71	198
198	315	74	203
199	312	75	206
198	309	76	209
199	310	77	210
197	308	79	210
196	309	80	210
196	308	81	209
196	310	82	208
193	313	83	206
195	310	83	205
192	315	84	203
191	313	86	203
190	316	87	201
189	317	87	199
186	327	89	193
187	334	90	187
188	333	90	183
186	334	92	182
187	329	92	183
186	329	93	183
187	326	93	184
188	325	93	185
188	321	93	187
188	319	94	189
187	315	94	191
188	312	94	194
186	309	95	196
188	307	94	198
187	306	94	200
188	306	94	200
187	302	95	202
190	302	93	203
190	303	93	203
187	304	95	202
189	301	95	203
189	303	94	203
190	303	94	203
194	303	92	204
195	302	91	203
197	300	89	205
195	303	89	205
197	303	89	206
199	299	87	207
199	297	87	208
199	295	86	210
200	294	86	211
201	293	86	212
201	292	85	214
202	292	85	214
202	290	85	214
202	292	86	214
202	292	86	214
205	291	85	213
205	292	85	213
207	291	85	213
207	291	85	213
208	292	85	212
207	292	86	211
207	292	86	210
207	293	86	209
208	293	86	209
208	294	86	208
208	299	86	204
210	301	86	200
212	303	86	197
211	305	87	194
212	306	86	192
213	305	86	192
213	305	86	191
215	305	85	191
215	305	85	190
215	304	85	190
215	302	85	191
218	301	84	192
215	301	85	193
218	297	84	194
216	297	85	196
219	296	85	196
219	296	84	197
219	294	84	199
221	293	84	200
220	291	83	201
220	292	83	202
221	292	83	202
221	291	83	202
221	290	83	203
222	289	83	205
221	285	83	206
220	289	84	204
220	288	85	203
220	289	85	203
220	288	86	203
221	290	86	202
220	290	86	201
220	289	86	200
219	288	87	201
221	287	87	202
221	287	86	203
220	285	87	204
221	284	86	204
221	283	86	205
222	282	86	205
222	282	86	205
222	283	86	204
223	283	86	203
223	284	86	201
223	284	87	199
223	284	87	198
222	284	87	197
222	283	88	197
222	283	89	196
220	283	90	196
220	282	89	196
220	282	90	195
220	281	90	195
219	281	91	195
218	281	92	194
219	281	93	194
219	280	93	194
220	280	94	193
219	279	93	193
218	278	93	193
218	277	92	193
218	276	91	193
219	276	91	192
219	276	91	192
219	274	89	193
219	275	89	192
219	275	89	191
219	275	89	191
219	275	89	191
219	275	89	190
219	275	88	190
220	274	88	190
221	275	87	190
221	274	86	190
221	274	86	190
220	275	86	190
221	275	86	190
220	276	86	189
220	276	86	188
221	276	86	187
219	278	87	185
220	277	87	185
220	271	86	188
220	274	84	189
217	275	86	188
216	276	87	187
215	277	87	185
216	278	86	185
216	279	85	185
215	278	85	184
216	278	84	184
215	279	85	183
214	279	84	183
213	278	83	183
214	276	83	184
212	275	82	184
212	272	82	185
215	273	80	184
213	277	81	181
212	278	81	179
212	280	82	176
212	279	83	175
212	280	83	174
213	281	84	173
212	281	85	173
213	280	85	172
211	280	86	172
212	278	87	173
212	276	88	174
211	275	89	175
213	273	89	177
211	272	89	177
212	271	89	178
211	268	89	180
213	268	89	181
212	267	90	181
213	266	90	182
214	262	90	185
216	260	90	187
215	260	91	188
212	261	94	186
210	260	95	185
214	258	95	184
213	259	94	184
212	257	94	184
214	252	94	186
213	253	94	186
214	249	93	187
215	250	94	188
217	250	93	187
217	250	93	187
217	249	93	188
220	245	92	189
220	247	94	188
222	245	92	189
222	246	93	189
224	245	93	191
224	244	93	192
227	242	93	191
228	242	93	189
229	241	93	189
231	241	93	189
225	241	96	186
230	237	95	185
226	241	96	184
231	243	96	181
229	247	98	179
230	247	100	178
230	243	103	173
226	248	104	172
230	239	104	172
231	243	102	172
231	241	102	169
232	233	103	168
235	241	102	167
238	246	104	164
237	251	107	159
236	255	109	157
235	260	111	153
232	253	111	153
236	252	111	151
233	254	111	149
234	258	112	150
232	257	112	149
232	253	111	152
233	251	111	152
234	251	112	152
233	244	112	153
229	240	110	156
229	245	107	157
230	243	107	156
228	240	106	155
233	239	105	154
230	229	104	154
232	229	103	153
234	231	102	151
231	238	103	150
229	243	102	151
231	235	102	153
238	225	106	151
233	240	109	149
235	242	112	150
231	240	114	148
230	241	116	150
231	248	116	149
228	249	121	148
229	250	122	148
233	239	125	150
237	245	127	148
235	246	130	145
233	247	133	144
236	244	132	144
238	215	136	148
237	224	141	151
236	230	147	152
234	243	152	152
235	223	157	157
233	213	164	160
230	207	170	162
226	225	174	162
221	227	176	163
218	230	176	166
219	227	176	167
219	226	177	169
219	227	177	169
214	232	176	166
217	219	175	172
218	222	177	172
218	218	177	175
218	219	177	176
216	224	178	173
214	225	179	170
215	226	179	168
215	220	179	169
220	223	178	168
222	218	179	169
219	218	180	170
220	219	180	171
221	223	182	167
221	215	182	171
222	219	182	170
224	224	183	166
224	226	184	163
225	231	183	161
227	229	182	161
228	228	180	161
233	220	179	164
231	227	180	163
231	224	178	162
233	223	178	161
233	223	177	161
233	225	177	160
235	223	177	160
237	222	176	161
238	221	177	160
239	215	178	163
240	212	180	166
237	215	182	165
238	217	180	163
241	215	178	163
243	208	179	164
243	217	179	162
242	214	178	162
243	207	179	164
246	214	179	161
249	207	178	161
251	208	176	161
255	204	174	162
253	207	174	160
256	205	173	159
256	207	171	157
259	205	170	157
260	204	168	155
259	205	163	154
258	202	160	154
259	193	158	160
260	192	157	163
261	183	154	167
264	178	154	172
267	175	155	176
267	172	156	178
264	168	160	178
271	169	162	177
271	168	160	177
268	172	162	176
268	168	163	174
268	168	164	172
273	171	165	171
282	166	166	170
276	167	168	167
282	170	169	165
281	172	171	163
279	170	172	164
284	175	175	162
281	178	179	159
283	174	182	158
282	175	185	156
286	170	189	158
284	174	191	156
282	174	193	154
288	176	193	153
286	176	195	152
286	169	195	155
284	164	193	159
289	165	194	162
288	158	195	165
289	161	197	165
289	156	198	167
291	153	198	171
291	152	200	172
291	151	202	172
292	151	205	172
290	144	207	174
291	138	208	178
292	141	212	178
294	141	215	178
296	138	216	179
297	139	217	179
299	137	219	180
303	145	222	177
301	144	228	173
302	145	233	171
298	146	239	169
299	143	243	168
294	144	248	168
296	146	251	166
293	150	256	163
293	150	259	162
293	149	261	162
296	149	264	162
294	149	266	161
296	145	269	163
295	144	271	165
298	141	271	166
297	138	273	168
299	137	274	170
301	133	275	172
302	128	274	175
304	127	275	176
304	124	275	178
303	123	276	179
305	123	281	179
304	121	283	181
304	122	286	179
306	118	287	181
305	117	287	183
309	115	288	184
308	114	290	185
315	108	288	189
315	101	286	194
314	100	286	196
317	98	288	198
312	95	290	201
313	96	295	200
314	94	297	200
313	95	298	200
317	93	299	200
315	96	300	198
315	99	302	195
317	101	304	192
320	98	302	193
321	96	304	193
319	94	307	194
319	95	311	193
320	96	314	193
316	90	316	195
315	90	320	196
319	88	322	197
313	84	325	199
312	82	324	200
316	79	321	204
314	71	319	208
319	75	325	208
312	73	328	208
312	74	332	208
311	68	332	212
312	67	335	213
315	67	337	212
312	74	336	207
318	74	337	206
317	75	337	203
322	74	339	202
322	78	339	199
334	80	341	197
337	82	338	195
341	83	336	193
341	80	335	192
343	83	334	192
343	82	334	191
342	81	336	191
342	70	335	198
343	66	337	203
345	64	340	207
338	59	342	213
339	55	344	216
338	51	344	219
340	51	342	220
341	49	341	221
338	48	338	221
343	47	334	223
345	43	332	224
346	42	330	225
349	44	329	224
352	41	336	225
350	44	334	224
353	44	336	224
353	43	336	223
353	44	340	223
355	42	340	222
355	42	338	222
355	42	343	221
356	38	345	221
360	42	345	219
358	39	346	218
357	41	345	217
359	38	346	217
359	42	346	215
363	41	346	212
366	46	346	210
368	43	345	210
368	42	342	208
366	41	336	207
371	43	331	206
372	45	329	205
376	46	330	203
374	47	331	202
378	45	334	202
375	45	333	204
376	43	333	204
376	42	333	205
377	42	333	204
378	42	332	205
379	43	332	204
380	44	331	205
381	43	331	206
382	42	331	207
384	43	331	206
385	42	330	206
387	45	330	205
387	44	330	204
389	45	330	204
388	44	329	202
390	50	331	199
389	50	331	198
390	55	331	195
389	58	329	191
391	62	328	189
392	64	326	186
396	67	325	181
397	71	322	176
399	75	321	172
401	80	321	169
403	83	319	166
404	83	316	165
406	82	314	164
411	82	311	164
413	80	308	163
414	72	307	167
419	78	302	167
423	68	300	171
427	71	297	173
430	69	295	176
431	64	292	181
435	66	289	184
440	58	286	190
441	61	282	193
446	55	277	197
451	56	274	201
454	55	270	202
456	52	267	206
459	50	262	208
463	53	260	208
464	61	258	205
465	64	256	201
467	63	256	202
469	66	253	201
473	68	250	202
473	65	248	205
475	61	246	208
477	63	243	209
479	62	242	209
480	65	241	209
481	64	240	210
481	66	239	210
482	67	239	209
483	67	238	208
484	65	237	207
484	67	236	207
483	71	236	204
485	73	236	201
483	75	236	200
484	75	234	200
482	77	235	198
483	80	237	198
483	79	236	197
482	83	236	195
482	86	239	193
481	89	239	189
482	91	240	189
480	91	240	187
483	90	239	188
482	91	238	188
485	90	236	190
484	89	235	191
487	91	234	191
486	90	234	191
486	91	233	192
487	92	233	192
489	91	233	194
489	91	234	195
488	93	234	196
487	93	235	196
487	93	236	195
485	94	237	194
488	95	235	193
486	96	235	191
490	98	233	191
491	98	231	191
497	100	226	190
499	101	224	189
500	103	223	187
500	105	223	185
500	104	222	184
499	105	222	185
499	105	222	183
495	106	224	182
493	107	227	181
491	107	230	181
490	107	232	179
489	107	233	178
491	110	231	177
493	108	230	178
492	110	228	177
495	109	227	177
496	109	226	178
496	110	225	178
496	111	226	179
496	112	226	179
499	114	224	179
500	115	223	181
503	114	221	182
511	116	214	183
513	117	211	183
501	116	217	183
499	113	220	181
498	115	222	181
499	114	222	179
500	115	221	179
502	117	218	178
503	116	217	178
504	116	216	179
505	116	215	179
506	117	214	180
507	117	214	181
507	116	212	182
510	116	210	184
510	116	208	184
514	116	205	186
516	116	204	186
519	116	202	186
527	118	195	185
522	116	196	184
522	115	198	184
521	114	198	184
522	113	198	184
523	113	197	184
526	113	195	182
525	113	194	183
530	110	190	183
531	111	187	182
531	111	185	180
537	112	182	179
533	111	183	179
534	112	183	178
536	113	182	177
539	114	178	177
543	114	174	178
544	113	171	176
546	115	169	174
546	117	167	169
553	120	164	167
552	120	163	164
554	120	162	162
553	119	162	159
553	120	162	155
557	120	160	154
566	122	155	154
568	120	151	153
568	121	150	153
572	121	147	153
571	119	146	150
572	118	145	150
573	117	143	149
576	114	141	149
577	115	140	148
579	114	138	148
580	116	136	148
582	115	135	147
584	117	133	145
586	118	132	143
590	119	129	141
593	122	125	138
596	122	123	135
599	123	119	132
603	126	115	129
606	127	111	126
610	129	108	122
613	131	105	119
617	132	102	116
620	135	98	112
624	136	95	110
627	139	91	108
632	140	88	105
635	144	84	102
638	146	81	99
642	146	77	97
647	147	74	94
650	147	71	91
650	149	70	88
652	151	68	85
653	154	66	82
656	157	63	80
658	156	60	77
659	160	59	74
663	163	57	70
665	166	54	67
668	167	52	64
670	169	50	61
670	173	49	57
673	174	48	55
676	177	45	53
676	178	44	51
678	179	43	49
682	180	40	49
680	181	40	49
683	178	38	49
686	184	36	52
687	178	34	57
692	183	31	59
694	180	28	62
694	185	26	61
692	181	26	63
691	171	27	61
696	160	25	63
698	176	24	63
693	182	24	63
694	182	24	63
692	175	25	63
690	164	26	64
688	151	27	65
689	145	28	67
687	140	29	70
684	137	31	72
686	130	32	73
682	114	34	73
680	102	35	74
675	82	35	76
677	63	36	79
678	48	38	83
675	31	40	81
668	2	45	82
662	0	51	77
663	0	54	72
662	0	56	68
660	0	58	63
658	0	60	60
655	0	62	58
655	0	63	53
654	0	64	48
650	0	67	43
651	0	68	39
650	0	69	35
650	0	69	32
651	0	69	31
648	0	70	29
649	0	70	29
647	1	72	28
646	0	72	28
644	1	74	28
644	1	74	29
644	1	75	29
643	1	75	30
642	0	75	31
641	0	75	30
639	1	76	31
637	1	76	31
634	1	77	31
635	0	77	32
631	0	77	32
630	0	78	32
628	0	79	33
625	1	79	33
625	1	79	33
622	0	79	34
623	0	79	34
622	0	78	34
622	0	78	34
618	0	79	34
618	0	79	34
616	0	79	35
615	0	80	35
612	0	80	35
611	0	81	35
608	0	81	35
607	0	82	36
606	0	82	36
605	0	81	36
602	0	81	36
602	0	80	36
599	0	81	36
597	0	82	36
595	0	82	36
594	0	83	36
591	0	83	36
591	0	83	36
589	0	84	36
589	0	84	36
588	0	84	35
584	0	85	35
585	1	84	35
584	0	83	35
582	0	83	36
581	1	83	36
579	0	83	37
578	0	83	37
577	0	83	37
575	0	83	37
574	0	82	37
573	0	81	37
573	0	81	37
571	0	81	37
569	0	81	37
565	0	83	37
564	0	84	36
563	0	83	36
562	0	83	36
563	0	82	36
562	0	80	36
562	0	79	35
562	0	79	35
561	0	78	34
560	0	78	34
559	0	78	33
556	0	79	33
557	0	78	33
556	0	78	33
555	0	78	33
554	0	78	33
553	0	77	32
552	0	77	32
552	0	76	32
549	0	77	31
547	0	78	32
544	0	79	32
542	0	81	31
541	0	81	31
539	0	82	31
538	0	82	31
537	0	82	31
534	1	83	31
532	0	83	32
531	0	84	32
529	0	85	32
527	0	86	32
527	1	86	32
525	1	86	32
524	0	86	32
524	0	86	32
524	1	85	32
524	0	85	33
521	0	85	34
521	0	85	34
520	0	86	35
518	0	86	35
516	0	86	36
517	1	86	37
519	0	84	38
518	1	82	39
516	1	82	40
519	1	80	41
519	1	79	41
520	1	77	42
518	1	76	43
520	1	73	44
518	1	73	44
520	1	71	44
518	2	71	45
517	2	71	45
516	2	70	46
516	1	70	46
514	1	70	46
515	1	69	47
513	1	69	47
507	1	72	48
509	1	71	48
508	1	71	49
509	1	69	49
507	1	68	49
508	0	68	50
507	1	67	50
507	2	66	50
502	1	68	50
504	1	67	50
502	1	67	51
501	2	66	51
499	1	66	52
498	1	66	52
497	1	67	53
496	3	66	53
495	2	66	53
494	2	65	53
493	3	65	54
493	2	65	54
491	3	65	54
490	2	64	54
488	3	64	54
488	3	64	54
485	3	64	54
485	3	63	54
482	3	64	54
483	4	63	55
480	5	63	56
479	4	63	56
478	6	63	56
476	5	63	57
476	5	63	58
475	5	64	59
472	5	65	59
472	3	65	60
470	2	67	62
470	0	68	63
468	0	70	64
466	1	71	65
464	0	72	66
462	0	74	66
460	0	76	67
453	0	80	68
452	0	82	69
447	0	84	69
443	0	87	70
442	0	89	69
442	0	89	69
438	0	91	68
436	0	94	67
435	0	94	66
433	0	95	66
430	0	97	65
428	0	99	64
428	0	99	63
423	0	101	63
423	0	102	62
419	0	104	62
419	0	105	61
411	0	108	61
408	0	110	60
408	0	111	59
408	2	110	60
407	1	111	60
403	1	111	60
395	1	113	60
400	4	112	61
400	2	111	63
399	2	110	64
402	3	108	66
403	3	106	67
398	3	106	67
397	3	106	67
398	2	107	66
392	2	107	66
393	2	107	66
392	3	107	66
391	2	106	66
391	2	106	65
391	3	105	65
391	2	104	65
387	2	104	65
387	2	103	66
386	2	102	66
387	2	101	66
385	2	100	67
383	2	100	67
383	3	99	68
378	3	98	69
373	2	98	70
372	2	97	70
373	3	94	71
368	2	92	72
367	2	89	72
363	2	88	71
361	2	86	71
360	2	84	72
357	2	82	72
356	2	81	73
354	2	80	73
351	3	81	74
350	3	81	75
346	1	83	74
343	1	85	74
341	1	86	74
339	0	89	72
336	0	92	70
334	0	95	69
330	0	97	67
328	0	98	66
326	0	100	64
325	0	101	63
322	0	103	62
319	0	106	60
316	0	108	59
314	0	110	58
312	0	112	57
309	0	114	55
304	0	115	52
304	0	114	50
298	0	114	49
295	0	115	47
292	0	116	46
287	0	118	44
289	0	118	44
287	1	118	43
285	1	117	44
282	1	118	44
283	0	118	45
277	0	119	45
277	1	119	45
272	1	119	46
258	2	126	46
242	1	137	46
222	2	151	47
206	3	165	47
189	2	181	49
189	3	189	50
171	2	203	51
160	2	218	51
144	1	231	52
134	1	244	53
125	2	251	54
116	0	256	55
113	0	261	57
114	2	259	60
113	0	261	60
113	1	257	62
111	0	258	62
113	1	255	62
110	0	254	62
116	1	252	63
117	0	249	63
119	0	242	65
120	0	239	66
115	1	237	67
117	0	233	67
123	0	229	68
120	0	229	68
121	0	228	68
121	0	231	66
121	0	234	66
120	0	239	64
112	0	250	62
105	0	258	61
103	0	266	61
103	1	275	61
90	2	278	61
93	1	283	60
94	1	291	61
93	1	298	62
87	1	302	63
79	0	305	63
