580	264	245	127
588	267	248	125
594	270	254	125
593	269	256	125
600	273	261	125
608	277	263	126
619	279	264	125
630	283	265	126
642	286	263	125
645	290	259	123
661	293	254	122
675	298	249	120
688	307	244	117
697	311	243	113
706	316	242	110
700	318	243	106
720	328	240	102
731	331	233	98
742	335	227	94
755	339	222	88
761	343	223	83
766	344	217	81
768	347	213	78
770	347	219	72
774	353	216	68
791	355	205	69
792	361	193	69
807	361	188	67
809	367	181	66
802	372	174	66
826	381	166	68
831	386	159	70
917	455	154	73
928	453	146	76
927	455	140	79
944	449	130	81
937	446	127	80
934	449	124	80
953	444	117	79
960	445	112	80
960	446	109	80
958	449	109	80
953	446	107	79
963	449	105	78
953	449	104	79
955	448	102	81
954	444	102	81
957	452	101	79
950	457	103	75
951	459	102	73
948	457	103	71
948	459	102	70
954	460	101	69
954	455	99	70
951	458	99	69
957	455	98	72
954	455	98	71
955	455	97	70
952	452	97	73
941	453	98	73
947	453	99	72
950	456	97	72
955	455	97	70
958	455	96	70
958	454	96	71
950	457	98	69
961	453	97	71
955	459	98	70
958	452	99	73
942	448	101	76
947	448	101	78
950	453	101	80
950	454	104	78
948	457	103	76
953	454	101	76
952	454	102	75
960	452	99	75
949	459	101	73
955	456	101	71
946	459	100	71
955	462	99	69
953	464	99	67
956	465	98	66
954	461	98	67
965	458	95	70
959	457	95	70
956	460	97	69
963	455	96	72
961	454	97	73
960	454	98	73
959	450	97	74
957	447	97	75
953	452	97	73
951	457	98	71
963	452	96	74
963	446	96	77
963	450	96	77
967	439	93	78
951	458	98	71
954	459	99	69
951	461	101	66
949	460	103	65
952	460	101	66
945	459	103	67
948	457	100	68
958	451	96	69
954	464	98	66
955	462	98	66
957	458	97	68
951	459	97	67
950	457	98	68
954	456	96	70
959	453	95	70
958	452	96	71
954	454	98	70
963	449	98	72
955	452	99	70
954	456	100	67
960	453	99	68
955	451	98	68
955	449	98	70
958	443	96	73
954	455	96	70
953	456	96	68
955	455	97	67
949	457	99	64
949	459	99	63
951	455	99	65
949	454	98	66
945	455	98	66
953	457	97	66
952	458	96	67
954	458	95	68
956	458	96	67
953	456	98	67
957	452	96	68
956	454	99	68
957	448	98	71
961	451	98	73
957	449	98	72
967	444	96	75
968	445	94	75
952	450	98	75
956	452	99	73
960	455	100	72
967	444	98	76
955	451	99	75
960	450	98	74
965	446	96	77
955	452	100	76
957	444	100	78
976	444	94	79
973	442	92	81
976	443	90	82
972	445	93	83
967	444	95	85
956	446	99	82
971	441	96	84
970	442	96	83
963	442	96	83
959	445	100	83
960	445	100	83
961	443	100	81
962	437	99	82
953	443	100	84
949	441	102	82
967	437	101	84
963	442	103	80
958	450	105	78
962	447	103	78
950	448	105	77
951	451	106	76
957	449	106	75
954	455	108	71
954	453	108	70
955	457	105	70
967	451	100	72
965	445	99	76
962	446	99	79
955	445	101	81
952	443	102	83
959	441	102	82
975	437	97	83
975	440	94	83
978	437	93	86
968	452	95	82
968	446	94	82
956	452	98	79
950	444	100	80
953	446	103	80
938	444	103	80
948	444	106	83
959	449	106	82
956	453	108	80
957	447	104	84
953	449	104	84
957	442	103	85
952	437	105	84
957	447	105	82
958	444	105	79
963	449	103	77
963	452	101	75
966	452	99	74
967	451	97	76
966	452	96	78
969	455	96	77
970	446	95	80
964	452	96	79
975	444	93	83
972	444	92	85
960	453	98	79
964	452	98	79
962	453	102	79
965	449	102	80
959	449	103	79
958	457	103	77
965	448	101	79
953	454	102	77
954	457	102	76
958	448	101	78
954	445	103	80
943	444	108	80
924	442	111	82
928	441	110	86
958	448	108	86
952	456	112	82
959	442	109	86
962	440	109	86
960	441	108	87
960	439	108	90
959	433	107	89
962	434	105	90
961	435	105	88
960	444	105	88
953	442	107	88
948	444	111	86
952	438	110	89
957	448	108	87
951	447	109	88
944	441	111	89
950	445	111	89
951	444	111	88
956	444	111	85
955	438	111	85
950	446	113	84
953	444	113	84
956	442	113	85
957	448	112	81
965	437	108	83
954	443	112	81
963	450	107	81
962	455	106	80
960	458	104	79
962	446	104	82
963	450	102	82
961	458	104	79
968	454	102	77
963	459	102	78
968	455	100	78
965	457	101	75
963	458	100	75
972	449	98	79
968	446	100	80
966	444	100	80
965	450	100	79
962	457	101	77
963	460	102	73
960	462	103	72
963	464	102	71
966	463	101	72
965	457	101	74
968	459	98	73
971	459	97	73
967	463	98	71
962	460	99	72
967	451	98	75
965	451	98	78
968	457	98	77
967	458	98	77
968	454	98	79
964	461	99	78
965	460	100	76
963	461	101	76
963	463	101	75
972	460	98	75
965	465	98	75
962	463	99	76
964	462	99	76
965	464	99	75
968	460	99	76
968	462	98	76
975	458	96	78
966	463	97	76
966	467	98	75
969	465	98	73
968	466	98	73
972	460	97	75
973	457	97	78
964	462	97	78
966	468	99	74
975	463	95	72
978	465	95	72
966	472	97	68
970	470	98	67
964	473	100	66
967	472	100	64
965	475	101	64
964	469	100	65
969	469	99	66
972	467	97	68
969	471	96	69
969	469	97	71
969	469	97	71
965	468	99	71
965	469	100	71
965	470	101	70
963	469	101	72
963	469	101	72
962	468	101	72
964	468	101	72
961	470	101	71
960	472	103	68
960	467	101	70
958	470	102	70
966	467	100	71
972	458	97	75
970	457	97	76
965	459	99	79
961	459	101	80
970	461	99	77
966	466	98	74
962	462	99	74
970	460	98	76
969	459	95	75
967	463	95	77
963	467	96	77
966	465	97	78
958	464	100	76
957	464	99	77
959	466	100	77
961	463	100	78
961	463	100	79
964	454	100	83
944	456	104	82
948	457	105	84
951	452	106	86
946	454	107	86
951	447	107	87
948	457	108	85
949	463	109	83
946	459	110	81
948	461	109	81
946	464	111	79
947	462	109	79
946	464	110	79
949	461	108	79
943	458	110	81
938	453	112	83
940	452	114	84
960	457	110	86
941	455	111	87
946	462	111	85
945	458	112	84
939	459	113	84
942	457	113	84
926	452	119	84
947	452	115	86
943	453	114	87
922	446	119	87
944	449	116	87
942	453	116	90
937	449	117	89
940	450	118	91
939	451	116	93
945	449	118	95
938	453	118	94
941	445	120	94
947	441	119	96
938	446	122	92
914	447	126	92
912	446	131	90
894	441	138	89
906	450	142	87
903	449	149	87
891	447	156	87
843	438	149	90
879	449	153	89
884	449	157	89
869	449	166	90
868	448	176	91
874	440	176	92
886	441	177	95
886	434	173	98
882	417	169	105
881	427	172	108
884	427	173	109
882	429	172	109
901	424	171	111
904	410	168	114
902	414	166	115
934	403	160	118
927	409	155	121
929	415	151	122
936	417	148	121
931	429	145	117
920	422	142	117
918	428	141	115
917	437	141	111
935	431	139	111
925	437	138	109
935	436	137	108
932	441	136	107
930	442	135	105
918	442	136	101
918	438	133	101
821	348	141	95
806	342	152	85
802	346	159	79
804	348	157	75
810	347	150	72
813	354	146	72
838	371	143	71
856	382	142	72
897	452	144	75
928	458	138	77
932	449	133	82
935	452	130	84
938	441	126	87
932	447	128	87
946	447	122	87
952	442	117	89
949	452	117	86
949	450	116	87
949	450	115	87
946	456	115	86
944	452	113	86
934	452	116	87
943	446	115	89
944	437	115	94
948	438	113	95
934	443	118	94
951	438	115	94
937	448	118	88
944	446	115	89
947	446	113	91
940	443	115	91
938	446	117	89
944	445	114	89
944	439	112	90
946	438	110	89
944	445	112	87
942	454	111	84
943	462	112	79
947	462	110	77
948	461	108	77
945	455	108	77
946	446	106	80
948	452	106	79
949	452	106	77
939	455	106	76
942	451	106	77
943	448	105	78
945	453	105	78
939	457	104	80
940	451	102	82
