1042	1057	300	349
1042	1061	301	345
1039	1061	303	345
1034	1060	307	345
1032	1060	310	345
1029	1061	314	345
1024	1061	318	345
1022	1060	320	345
1018	1060	324	346
1015	1061	329	345
1010	1062	335	344
1006	1061	340	345
1001	1060	344	346
999	1061	346	346
994	1061	350	347
994	1060	350	349
990	1060	353	352
985	1059	359	352
984	1059	361	352
980	1058	366	353
979	1060	368	353
977	1059	369	356
975	1059	371	356
972	1057	375	357
969	1059	377	357
968	1057	379	360
961	1059	381	362
962	1059	381	365
962	1057	383	367
961	1056	383	367
958	1057	383	367
956	1056	387	367
953	1057	388	370
955	1056	390	370
948	1056	390	373
948	1056	389	376
949	1056	389	377
942	1056	392	379
941	1056	394	379
938	1055	399	379
933	1056	401	381
932	1056	404	381
930	1057	405	381
926	1057	405	381
925	1055	407	379
924	1057	407	380
919	1057	409	379
917	1059	410	379
915	1059	411	377
912	1060	413	376
909	1062	414	374
907	1061	417	374
905	1061	421	373
901	1064	422	374
900	1063	425	371
896	1063	428	370
892	1064	430	373
893	1065	432	373
891	1067	434	373
889	1067	435	373
886	1067	436	372
884	1066	436	373
886	1066	436	371
886	1067	436	369
885	1069	434	369
886	1070	433	368
883	1072	432	370
882	1072	432	370
879	1073	433	371
875	1073	430	373
875	1073	429	374
872	1072	426	375
871	1076	426	379
868	1072	429	382
866	1072	430	384
861	1072	431	386
859	1071	436	385
856	1070	437	385
851	1071	438	388
847	1071	440	389
842	1072	440	394
838	1073	438	399
836	1074	440	398
835	1075	441	399
834	1076	442	397
835	1073	446	392
837	1073	450	387
832	1071	451	384
831	1073	447	383
831	1075	446	380
827	1077	442	378
825	1077	439	377
825	1076	434	379
822	1075	428	381
819	1075	422	381
818	1075	418	379
813	1078	409	379
814	1076	407	376
811	1075	401	374
812	1076	397	371
813	1073	397	371
812	1075	399	368
814	1072	404	366
810	1071	403	366
809	1066	404	365
804	1066	398	367
809	1064	399	366
807	1063	396	367
807	1060	394	369
803	1055	390	372
808	1052	389	376
805	1052	389	378
802	1047	383	382
804	1043	381	387
805	1043	382	387
801	1042	380	385
802	1043	381	384
798	1040	381	379
797	1039	379	376
795	1040	379	371
793	1044	381	367
791	1043	377	366
792	1041	377	366
789	1041	375	363
788	1042	372	362
786	1042	368	362
786	1041	366	362
783	1039	362	364
785	1038	362	362
783	1039	361	360
781	1039	358	359
778	1040	353	357
776	1040	348	355
776	1039	345	354
777	1040	343	354
774	1037	340	354
774	1033	341	353
774	1035	342	352
771	1034	341	351
771	1032	342	353
771	1032	342	354
771	1031	343	355
770	1032	344	356
770	1028	345	357
771	1025	348	360
771	1022	354	360
770	1020	359	361
769	1018	362	362
765	1018	361	362
767	1018	362	363
767	1015	367	364
763	1015	368	364
763	1014	368	364
762	1016	369	364
764	1013	373	363
759	1011	373	363
761	1010	377	363
759	1011	378	362
757	1011	377	360
756	1011	377	359
759	1012	380	359
756	1011	383	359
758	1009	391	358
752	1013	391	357
753	1012	393	357
752	1013	397	357
749	1014	396	356
752	1013	400	356
751	1012	404	355
748	1013	405	356
746	1012	405	358
744	1012	405	359
744	1012	406	359
742	1012	407	359
739	1011	406	357
735	1011	404	358
734	1010	403	360
736	1009	407	361
735	1010	412	361
732	1009	414	363
729	1006	416	361
726	1007	417	358
727	1008	418	357
723	1008	416	358
724	1006	417	358
724	1006	419	357
721	1006	420	356
719	1007	419	354
721	1005	421	354
719	1003	423	353
720	1005	428	352
719	1005	430	352
717	1005	432	353
715	1006	432	354
712	1003	433	354
713	1002	435	352
712	1004	435	353
709	1006	432	355
709	1001	433	355
710	1003	436	356
709	1002	437	357
710	1001	442	358
710	1000	444	358
709	1002	447	358
708	999	449	356
709	1001	453	355
709	999	457	355
710	999	463	354
707	1000	466	354
706	999	470	355
706	998	473	357
705	999	475	358
705	998	477	359
703	998	478	358
704	998	480	358
699	995	479	359
702	998	483	360
698	993	483	358
700	997	487	358
696	994	485	359
697	995	487	358
694	991	489	356
695	995	494	355
693	991	494	355
694	994	494	356
694	989	495	359
690	990	495	361
693	987	495	362
695	987	498	361
694	984	498	363
699	986	500	366
696	980	499	366
700	983	498	369
699	978	496	368
696	980	488	371
699	977	483	370
705	974	480	370
706	973	479	370
706	971	476	370
707	967	473	368
710	966	472	364
706	964	468	363
710	961	464	362
709	958	458	362
714	957	460	360
711	955	459	359
713	954	460	357
711	951	460	356
710	949	461	355
710	948	462	355
708	946	459	354
712	943	462	354
712	943	462	355
711	940	462	356
712	938	464	355
708	936	462	356
710	934	463	358
709	930	463	357
712	929	465	357
709	928	465	357
710	927	465	356
714	926	471	354
711	924	475	355
711	925	476	354
711	922	477	355
711	921	479	355
708	921	481	354
707	920	482	355
703	914	477	357
705	908	473	360
702	907	461	368
704	905	449	372
704	900	438	373
711	901	432	369
717	903	429	366
720	906	430	365
717	910	427	368
717	908	424	367
718	910	418	369
719	910	403	371
722	903	392	370
727	901	383	370
722	898	370	371
716	895	358	372
710	894	349	373
702	893	344	370
684	888	347	366
694	883	341	363
699	877	332	359
696	870	323	354
696	867	318	346
690	865	313	342
681	864	295	347
681	855	277	352
682	852	264	351
687	845	258	351
687	840	256	349
685	836	255	348
683	833	257	347
679	829	257	348
675	824	257	351
671	819	254	354
655	814	244	356
651	808	236	357
648	802	233	356
643	797	231	355
638	793	230	352
634	791	230	352
631	787	229	352
633	785	234	354
632	781	245	354
629	774	253	356
625	769	260	356
620	764	265	356
616	761	267	357
613	756	270	356
604	752	272	355
596	746	269	354
583	741	259	357
579	738	249	361
577	734	244	362
576	729	241	362
572	725	238	362
569	721	239	362
567	716	247	362
570	713	254	360
574	709	256	360
576	704	258	358
571	701	261	357
557	698	261	354
539	695	267	352
544	693	247	362
540	688	231	368
531	684	224	367
533	683	222	367
535	681	222	370
529	680	221	373
529	677	219	374
523	675	218	373
525	673	219	372
520	670	222	369
519	668	225	367
517	667	229	364
514	666	230	363
509	665	230	361
503	661	230	362
501	660	232	362
497	658	233	362
493	657	235	362
487	655	236	363
486	654	239	362
484	652	245	360
482	651	251	361
476	649	259	362
471	650	265	364
468	649	270	366
463	650	272	371
460	649	274	375
455	645	274	381
450	643	270	386
445	641	264	388
441	641	259	390
439	639	256	393
435	639	255	394
433	639	257	395
431	641	263	393
427	640	277	385
432	643	283	387
433	645	286	392
435	647	290	397
437	652	299	402
437	668	303	407
444	667	316	412
434	662	323	415
436	657	324	417
430	666	319	422
427	683	319	418
430	706	312	410
415	681	305	403
419	687	297	400
414	692	287	397
435	703	279	400
432	695	273	395
441	699	268	394
439	694	271	383
440	689	271	373
443	689	271	367
442	687	271	358
449	687	276	348
452	687	278	341
459	688	284	334
468	690	285	330
473	691	289	325
475	689	295	318
474	689	305	313
472	688	315	314
471	687	327	313
471	681	341	310
475	681	355	310
478	678	368	311
484	675	381	311
490	673	394	311
500	675	404	317
504	672	416	324
512	670	428	332
513	664	443	332
524	662	448	336
524	660	456	340
524	660	461	343
512	657	471	343
522	654	478	343
520	652	489	345
530	650	495	345
532	655	505	351
534	648	502	352
575	641	505	353
584	641	509	356
583	638	520	358
582	635	531	363
574	631	550	366
568	628	569	370
574	624	582	373
566	618	601	372
569	617	615	376
573	611	631	380
570	607	649	385
551	606	671	391
553	599	690	397
536	598	709	407
547	588	716	417
549	579	726	419
543	578	736	422
559	563	747	420
564	564	758	420
568	557	771	426
567	553	779	433
580	535	795	432
576	536	804	432
581	526	813	435
581	519	825	437
584	511	832	439
611	508	828	443
645	501	820	440
648	495	813	439
637	490	828	437
632	486	839	439
613	481	855	440
662	485	847	441
665	479	851	446
686	463	866	453
682	455	871	460
680	445	877	468
695	446	881	474
691	443	886	479
691	436	900	486
664	430	914	496
687	428	930	505
660	421	935	513
690	419	917	508
636	399	918	511
660	403	924	519
649	400	921	510
649	385	917	517
656	387	914	529
647	383	897	540
664	356	898	554
692	366	895	560
702	363	899	553
700	343	912	549
740	355	909	542
750	354	932	535
762	347	944	549
767	333	957	567
744	322	982	568
773	304	982	580
761	289	1002	589
729	272	986	613
723	255	982	626
702	248	969	626
769	248	992	626
694	252	970	642
758	243	981	660
804	218	995	650
711	221	966	665
711	241	940	651
738	257	922	640
775	248	904	621
737	149	862	602
700	174	827	589
749	137	793	568
748	159	741	560
771	116	691	544
795	103	651	528
806	103	601	514
830	93	558	499
843	86	523	484
868	81	496	472
880	73	476	458
893	72	461	446
906	70	448	440
913	65	437	437
924	58	425	433
932	56	416	433
941	50	408	430
950	43	400	426
960	38	392	422
968	34	386	419
972	30	380	418
977	25	375	414
980	24	371	410
989	19	362	404
995	16	356	399
998	15	350	394
1013	7	341	389
1019	5	334	387
1023	5	328	385
1038	0	316	382
1052	0	303	379
1057	0	294	378
1081	0	283	376
1080	0	273	375
1088	8	266	370
1118	36	252	365
1121	14	237	370
1126	37	232	355
1139	53	217	354
1145	53	213	342
1157	55	200	344
1171	45	187	350
1181	42	173	360
1189	21	163	373
1193	39	157	398
1189	37	153	386
1178	44	158	372
1127	236	175	350
1118	268	185	352
1106	256	198	338
1102	260	204	327
1116	267	201	330
1120	263	198	327
1124	249	197	334
1125	244	200	336
1126	232	195	340
1123	229	197	341
1128	221	196	347
1131	221	195	359
1133	208	197	355
1138	199	198	349
1144	217	201	341
1150	208	196	352
1162	205	186	358
1159	161	178	362
1191	149	170	361
1197	137	160	359
1202	127	155	351
1206	127	153	345
1208	139	149	353
1199	134	148	360
1204	148	146	348
1182	233	150	341
1121	397	167	320
1105	399	188	291
1106	400	198	271
1092	395	211	253
1077	390	223	240
1035	380	246	228
1024	377	261	223
1026	371	268	224
1042	367	267	230
1048	356	263	236
1071	357	249	252
1076	360	238	270
1090	354	226	290
1098	334	221	302
1111	318	221	312
1121	307	218	322
1127	295	217	326
1144	287	209	333
1150	268	204	329
1153	248	200	322
1163	221	193	314
1175	175	194	302
1194	196	195	306
1201	179	192	308
1210	169	191	317
1244	194	188	325
1253	200	179	337
1252	196	172	349
1254	205	171	356
1247	210	173	356
1247	239	175	350
1251	252	176	353
1248	264	175	361
1252	234	174	364
1248	272	170	389
1245	264	174	383
1251	278	177	390
1246	327	176	409
1236	450	173	421
1241	473	169	432
1194	575	174	427
1205	657	172	423
1203	728	173	437
1205	746	171	444
1221	805	167	451
1181	990	171	429
1194	989	174	406
1209	978	177	392
1200	987	177	375
1196	975	178	372
1202	960	176	371
1189	980	178	368
1196	960	176	371
1202	881	175	390
1191	913	166	391
1199	888	166	404
1197	920	163	401
1199	938	166	394
1200	949	170	394
1195	950	174	389
1191	939	177	389
1194	953	178	391
1188	942	179	391
1178	925	178	388
1180	922	177	393
1167	923	178	390
1162	935	183	381
1156	943	188	371
1153	937	192	362
1151	940	194	349
1144	951	199	336
1140	957	202	327
1135	958	203	324
1131	957	204	316
1133	962	206	310
1133	963	205	308
1133	962	206	304
1136	964	208	297
1136	967	207	295
1136	971	206	292
1133	972	204	291
1132	971	203	290
1133	976	203	287
1131	977	202	284
1131	978	201	281
1131	979	201	276
1128	980	199	272
1130	977	201	262
1124	984	199	258
1129	986	195	256
1124	987	194	252
1125	985	193	249
1128	992	191	244
1127	992	189	241
1127	989	187	238
1124	991	188	235
1125	993	188	233
1124	993	187	232
1118	995	185	231
1120	999	183	228
1125	999	183	226
1130	999	181	224
1169	993	189	229
1171	982	193	239
1158	996	194	243
1209	1053	179	248
1211	1044	169	254
1203	1047	165	260
1223	1052	159	265
1223	1052	154	276
1216	1082	159	279
1218	1066	154	291
1222	1076	151	296
1227	1058	151	306
1239	1059	149	312
1246	1048	149	318
1247	1038	147	324
1247	1029	145	332
1250	1042	148	327
1249	1042	149	327
1250	1039	147	331
1247	1030	148	335
1247	1038	150	335
1249	1028	152	339
1247	1026	151	340
1249	1037	150	339
1242	1021	152	334
1239	1028	150	332
1243	1037	148	329
1247	1034	148	328
1249	1008	148	347
1243	1001	154	341
1235	1026	158	334
1230	1031	160	325
1233	1027	160	327
1227	1032	162	324
1230	1026	160	328
1230	1047	159	328
1227	1049	160	330
1227	1038	163	329
1198	1036	173	328
1203	1049	176	322
1207	1055	178	321
1205	1065	179	317
1212	1087	177	314
1219	1091	175	301
1224	1097	174	294
1228	1100	171	293
1220	1099	170	290
1206	1092	173	283
1230	1111	168	275
1233	1107	161	275
1196	1108	167	269
1205	1121	169	264
1224	1127	163	265
1234	1133	162	267
1231	1221	169	261
1250	1254	181	259
1289	1256	191	255
1319	1251	200	254
1361	1234	209	250
1367	1202	223	249
1431	1214	227	247
1452	1205	229	251
1477	1185	236	252
1497	1163	240	255
1507	1180	250	247
1532	1157	259	259
1546	1171	266	257
1527	1103	272	255
1595	1140	273	253
1632	1122	275	254
1662	1111	276	255
1695	1121	276	256
1731	1115	276	258
1746	1108	276	259
1779	1094	276	259
1805	1076	273	260
1829	1073	271	262
1860	1065	269	263
1855	1028	270	265
1907	1021	270	262
1944	1029	269	262
1968	1037	268	261
2001	1020	267	261
2034	1014	265	260
2064	1002	264	259
2082	998	264	258
2099	986	264	258
2128	1003	263	257
2145	1018	264	255
2158	1038	264	256
2183	1059	266	255
2208	1061	267	256
2230	1050	269	256
2239	1029	273	256
2257	1031	274	255
2309	1048	276	254
2330	1059	278	255
2346	1051	280	257
2372	1042	280	258
2395	1055	279	260
2412	1056	280	264
2462	1042	281	263
2493	1022	278	265
2515	1016	274	265
2536	1012	269	266
2553	1014	263	266
2565	1018	256	265
2598	1024	252	273
2614	1048	252	279
2620	1033	259	291
2636	1040	261	292
2644	1021	270	296
2655	1019	279	297
2661	1031	291	294
2698	1074	294	290
2720	1128	297	288
2743	1145	294	312
2729	1167	304	322
2722	1214	318	324
2716	1219	327	317
2703	1227	337	314
2689	1219	341	308
2706	1219	347	308
2703	1189	354	308
2696	1229	355	310
2713	1217	355	307
2701	1245	356	304
2679	1299	364	290
2687	1282	362	284
2698	1274	362	285
2705	1250	365	295
2721	1243	367	303
2707	1263	378	295
2707	1255	381	298
2710	1250	379	298
2710	1240	375	302
2705	1220	370	309
2694	1234	351	319
2694	1243	344	318
2730	1216	329	325
2705	1249	333	320
2711	1227	331	323
2747	1192	316	332
2720	1216	317	333
2709	1221	316	331
2722	1216	311	331
2665	1257	307	318
2670	1263	298	305
2671	1267	288	295
2673	1256	280	296
2679	1262	277	293
2681	1266	272	289
2682	1265	262	286
2687	1269	254	283
2690	1271	250	279
2694	1273	247	277
2692	1274	245	274
2694	1275	242	272
2694	1274	240	271
2694	1275	237	270
2695	1274	235	269
2692	1275	234	269
2694	1273	232	268
2693	1275	231	266
2694	1274	232	266
2692	1276	230	267
2694	1276	231	266
2690	1279	231	265
2694	1279	232	264
2692	1282	232	263
2691	1279	231	262
2691	1278	230	263
2692	1277	228	265
2695	1278	229	263
2692	1279	229	263
2694	1279	227	263
2694	1281	227	262
2694	1282	225	262
2694	1282	225	261
2695	1281	226	259
2696	1281	227	260
2694	1280	227	260
2692	1281	227	260
2692	1280	228	259
2690	1283	228	259
2695	1284	232	258
2692	1283	233	257
2693	1282	233	256
2692	1282	233	256
2691	1282	233	256
2689	1282	233	256
2693	1282	232	256
2692	1283	234	254
2690	1283	233	254
2690	1284	233	253
2691	1284	232	253
2691	1283	232	253
2689	1284	232	253
2689	1284	234	253
2687	1284	234	253
2683	1285	235	254
2688	1288	236	254
2687	1286	236	253
2686	1287	236	253
2687	1284	237	252
2688	1281	236	252
2688	1284	237	252
2687	1282	236	252
2691	1285	239	251
2688	1280	240	251
2682	1282	239	251
2685	1283	239	250
2682	1285	238	248
2684	1287	241	247
2681	1287	241	246
2683	1288	242	247
2680	1288	241	246
2683	1286	243	245
2682	1288	243	246
2681	1288	243	248
2679	1287	243	250
2679	1287	245	250
2679	1288	247	250
2677	1287	247	249
2675	1287	248	249
2673	1287	249	251
2672	1289	248	251
2674	1288	247	251
2678	1288	247	250
2674	1287	248	250
2675	1288	248	250
2673	1292	249	249
2672	1290	249	250
2671	1289	249	250
2669	1288	249	251
2670	1287	249	252
2667	1285	249	253
2666	1283	249	254
2665	1284	249	253
2662	1286	248	254
2666	1284	247	253
2660	1288	246	255
2663	1287	250	254
2660	1286	251	254
2660	1285	252	255
2660	1287	253	253
2662	1286	253	253
2664	1285	254	252
2659	1285	253	253
2655	1285	251	254
2658	1287	253	251
2657	1287	252	250
2656	1290	251	251
2656	1289	253	249
2654	1288	252	249
2657	1288	252	248
2657	1286	253	250
2654	1291	251	250
2655	1291	253	249
2653	1290	252	249
2656	1288	252	251
2653	1287	249	251
2657	1286	251	251
2652	1289	250	250
2654	1286	251	248
2653	1286	250	249
2658	1284	251	249
2659	1282	252	249
2653	1287	254	250
2656	1282	256	249
2654	1280	255	252
2654	1282	256	252
2651	1282	257	252
2654	1283	260	252
2653	1284	261	252
2654	1282	263	250
2655	1282	266	249
2652	1285	268	249
2652	1283	269	248
2650	1284	269	248
2648	1283	269	249
2650	1284	269	250
2650	1282	270	250
2650	1283	271	251
2648	1284	271	251
2645	1283	273	250
2644	1285	273	250
2644	1284	275	250
2642	1284	276	250
2644	1284	277	251
2644	1285	280	250
2643	1284	279	250
2640	1287	281	248
2637	1286	282	247
2641	1286	281	247
2638	1286	281	246
2635	1288	282	245
2632	1287	283	245
2632	1289	285	246
2633	1291	285	247
2633	1292	286	247
2632	1291	287	247
2632	1292	287	246
2630	1290	285	244
2631	1287	285	244
2634	1286	289	243
2633	1285	288	243
2633	1286	288	243
2634	1286	289	242
2633	1290	286	240
2633	1293	289	239
2631	1291	288	241
2632	1290	294	242
2628	1285	296	248
2632	1289	293	249
2635	1279	297	255
2629	1278	297	256
2634	1282	297	259
2634	1276	298	259
2626	1283	297	260
2629	1286	298	260
2626	1280	296	260
2627	1283	296	259
2626	1282	298	258
2632	1276	297	258
2633	1280	297	257
2633	1289	295	252
2635	1286	294	249
2635	1282	294	247
2629	1290	293	241
2626	1295	290	239
2625	1293	282	239
2626	1298	277	237
2623	1304	278	234
2621	1305	273	233
2619	1302	274	234
2629	1305	274	231
2625	1308	271	229
2616	1313	269	229
2609	1311	266	231
2616	1313	264	230
2606	1315	261	229
2613	1316	257	228
2609	1318	255	227
2616	1320	251	225
2608	1323	251	222
2611	1317	251	223
2607	1320	248	224
2612	1324	247	222
2615	1325	245	219
2614	1325	241	217
2610	1322	239	218
2608	1323	238	218
2606	1323	239	216
2611	1328	237	214
2614	1326	237	213
2614	1328	234	212
2615	1324	232	209
2618	1326	232	206
2614	1329	230	204
2620	1324	230	203
2606	1325	230	205
2620	1298	225	211
2620	1316	225	210
2596	1286	223	207
2616	1280	221	208
2603	1128	223	202
2636	1087	225	207
2650	1079	227	219
2665	1074	225	222
2673	1053	223	221
2673	1073	222	221
2682	1095	221	221
2664	1072	219	222
2695	1113	218	219
2687	1124	217	212
2706	1136	220	210
2712	1035	216	214
2686	1013	218	217
2665	1048	217	232
2655	1053	222	250
2661	1077	227	255
2660	1074	231	262
2649	1073	233	264
2633	1069	239	250
2620	1073	242	241
2618	1069	240	245
2616	1071	238	247
2605	1060	241	245
2595	1050	248	235
2582	1057	248	234
2571	1057	252	230
2566	1079	254	231
2560	1070	262	230
2558	1063	263	231
2552	1063	268	229
2548	1049	271	230
2543	1058	276	233
2542	1056	282	233
2544	1040	283	235
2516	1048	287	236
2524	1037	296	235
2505	1044	299	234
2516	1044	309	234
2487	1037	310	235
2501	1063	318	233
2453	1042	319	235
2440	1044	322	238
2428	1032	324	236
2420	1041	328	237
2426	1038	336	237
2418	1033	338	237
2424	1018	341	236
2390	1028	344	235
2365	1046	346	236
2362	1041	353	238
2347	1053	357	240
2351	1051	362	242
2330	1051	362	245
2320	1057	366	247
2303	1065	369	251
2303	1069	372	255
2295	1063	375	255
2283	1069	376	257
2249	1097	374	261
2218	1111	370	266
2205	1121	361	269
2197	1111	361	271
2174	1127	356	275
2169	1134	356	279
2178	1128	355	279
2146	1131	348	282
2134	1134	343	286
2128	1142	342	292
2104	1145	341	298
2093	1132	339	303
2077	1135	337	308
2072	1136	338	313
2061	1141	341	316
2045	1140	337	323
2036	1144	335	331
2027	1147	332	337
2019	1159	332	339
2008	1159	333	343
2002	1162	337	347
1992	1164	340	352
1983	1172	344	355
1971	1179	344	358
1960	1185	344	361
1953	1186	347	364
1942	1189	349	367
1935	1192	356	367
1922	1200	357	366
1912	1205	360	365
1904	1208	361	365
1898	1217	363	366
1891	1219	366	367
1884	1225	369	369
1877	1229	373	371
1867	1234	374	375
1861	1237	375	378
1854	1243	375	380
1844	1250	373	385
1837	1254	375	390
1823	1259	378	396
1812	1261	386	401
1793	1268	391	399
1780	1278	396	402
1763	1288	395	404
1745	1298	388	407
1737	1302	390	409
1726	1307	394	411
1713	1315	396	412
1706	1321	405	415
1685	1330	404	415
1670	1336	401	417
1660	1346	402	416
1648	1349	405	414
1639	1355	418	412
1621	1371	426	409
1598	1368	427	412
1614	1362	432	415
1600	1359	438	420
1572	1369	439	426
1547	1379	446	428
1531	1377	447	431
1509	1386	443	431
1488	1398	435	430
1474	1399	430	432
1457	1407	427	432
1443	1408	428	437
1431	1411	433	439
1418	1408	446	444
1393	1412	456	445
1372	1419	455	450
1354	1428	456	454
1325	1437	459	453
1301	1441	461	453
1280	1445	460	457
1260	1444	458	459
1237	1453	449	461
1252	1444	434	465
1225	1464	435	457
1203	1459	432	457
1188	1479	432	452
1173	1484	430	452
1161	1498	431	448
1141	1507	430	448
1130	1513	439	450
1119	1531	448	444
1106	1544	454	438
1094	1547	458	435
1072	1568	460	426
1055	1570	462	422
1046	1574	467	417
1040	1577	471	414
1027	1582	476	410
1017	1586	483	406
999	1579	483	404
995	1568	487	403
961	1580	492	403
943	1603	497	396
918	1599	497	400
909	1594	497	402
896	1598	504	402
888	1608	508	399
865	1607	505	402
864	1604	499	404
859	1606	492	407
854	1602	485	408
843	1604	475	419
848	1599	472	421
849	1598	467	423
866	1600	464	422
875	1604	464	420
884	1612	469	413
887	1602	475	409
919	1603	482	405
914	1609	489	404
920	1596	488	403
928	1610	470	405
919	1618	465	405
913	1622	454	415
946	1636	441	415
940	1637	440	414
942	1635	435	423
955	1650	435	422
979	1627	435	426
986	1622	437	429
998	1616	440	430
1004	1617	446	431
1007	1617	453	430
1011	1611	459	431
1016	1603	463	436
1025	1590	461	443
1033	1582	460	447
1033	1583	461	450
1031	1593	460	454
1040	1601	458	460
1043	1600	459	467
1047	1599	462	471
1055	1597	461	477
1061	1591	462	480
1063	1594	462	483
1070	1591	464	485
1071	1594	465	489
1073	1590	462	494
1080	1592	458	500
1085	1591	454	500
1092	1585	449	502
1097	1586	443	507
1100	1574	437	519
1106	1578	430	520
1112	1579	423	525
1120	1586	420	523
1124	1610	421	510
1130	1610	420	503
1128	1620	422	498
1129	1629	422	489
1126	1631	420	481
1124	1629	416	477
1121	1621	415	480
1119	1643	419	475
1125	1639	421	474
1126	1639	426	472
1127	1645	431	469
1125	1653	436	466
1122	1651	445	462
1117	1653	454	460
1126	1642	460	458
1127	1636	468	455
1135	1631	477	445
1145	1639	483	440
1134	1658	492	431
1147	1676	496	427
1147	1681	501	423
1146	1683	508	418
1165	1678	511	413
1129	1711	523	404
1128	1688	537	394
1130	1697	542	392
1100	1709	545	389
1102	1711	546	387
1084	1718	547	385
1075	1724	547	385
1079	1729	545	381
1083	1709	546	373
1070	1708	546	369
1057	1707	551	368
1065	1705	559	366
1059	1705	568	360
1062	1692	564	356
1060	1698	563	352
1046	1713	556	349
1019	1727	555	349
968	1760	539	356
993	1730	534	362
969	1745	531	362
960	1751	526	362
989	1733	539	359
943	1748	529	363
951	1745	531	365
941	1748	523	369
949	1739	531	371
929	1745	526	371
927	1747	522	373
930	1741	517	375
902	1749	526	374
898	1743	530	377
891	1749	535	379
886	1749	538	382
883	1745	544	384
876	1746	548	387
872	1749	555	388
870	1751	563	388
865	1756	571	386
866	1751	574	385
862	1753	588	384
865	1750	592	385
864	1752	592	387
852	1751	601	391
845	1750	605	392
838	1746	600	396
844	1742	600	399
847	1735	604	401
850	1729	613	403
848	1732	620	403
825	1728	617	407
827	1727	617	411
818	1723	612	414
816	1720	609	418
811	1718	604	420
812	1713	602	422
806	1712	598	424
797	1710	591	427
796	1712	589	427
794	1712	587	425
789	1715	583	425
786	1713	580	425
777	1713	576	425
768	1718	570	424
774	1718	575	421
767	1715	577	419
763	1713	574	422
756	1715	572	423
756	1712	575	424
748	1711	573	426
742	1710	571	427
735	1714	570	426
731	1716	570	425
739	1717	569	423
743	1710	576	420
751	1712	584	418
764	1713	597	416
751	1703	616	411
729	1733	626	409
736	1725	640	406
715	1720	649	407
716	1717	655	407
696	1744	660	406
693	1725	664	407
687	1744	666	407
672	1751	665	408
657	1733	665	408
666	1742	664	408
639	1748	660	408
650	1724	662	409
895	1070	611	447
899	1007	577	490
918	978	548	529
921	967	530	554
926	940	516	577
948	963	503	595
958	950	491	612
965	937	482	633
979	964	471	642
978	947	466	652
990	977	457	659
998	981	449	665
1005	979	443	671
1019	988	432	679
1031	984	419	689
1003	959	401	704
1039	1005	402	698
1061	1010	397	698
1067	1025	391	696
1073	1043	387	693
1078	1053	384	690
1084	1048	379	688
1090	1058	374	690
1101	1048	369	690
1106	1063	365	691
1122	1050	360	692
1132	1065	355	697
1136	1066	353	698
1155	1071	350	699
1164	1081	352	699
1172	1080	350	702
1178	1080	346	704
1174	1073	344	711
1187	1089	341	716
1193	1075	336	726
1202	1077	333	727
1212	1077	328	731
1222	1071	326	736
1232	1061	324	745
1244	1067	325	744
1243	1054	327	748
1250	1065	329	739
1266	1070	337	732
1268	1086	338	722
1266	1094	346	713
1269	1081	342	707
1249	1075	340	702
1263	1096	336	693
1270	1090	326	685
1276	1084	319	681
1276	1078	319	678
1290	1068	317	676
1300	1061	317	674
1308	1067	320	667
1311	1066	327	661
1304	1069	334	653
1297	1076	341	637
1297	1075	348	623
1287	1068	355	609
1289	1076	360	592
1288	1065	360	577
1277	1078	369	556
1267	1076	378	541
1257	1067	392	530
1228	1063	403	522
1199	1049	412	513
1170	1028	415	511
1158	1027	421	507
1137	1005	419	499
1128	1007	435	488
1062	942	430	482
810	904	450	468
720	905	458	457
716	910	460	451
746	918	470	449
681	909	467	445
312	935	460	433
298	933	436	418
299	948	421	398
297	955	407	387
297	954	395	382
294	955	384	382
290	958	373	385
289	960	368	386
288	963	364	391
289	966	366	389
285	968	368	389
280	970	370	388
277	974	373	388
274	982	381	388
266	991	385	386
269	993	394	380
261	997	398	373
250	996	398	373
253	997	400	374
251	1002	406	371
247	996	399	372
241	1011	399	371
233	1004	395	373
237	1003	392	379
232	1008	391	382
231	1010	374	383
249	1001	366	385
247	1004	360	382
234	1011	355	381
268	994	362	374
253	991	363	370
253	1002	361	362
235	1011	353	362
235	1007	343	363
231	1030	340	355
225	1024	334	356
213	1023	330	357
208	1031	325	363
224	1027	323	356
212	1013	324	344
214	1034	315	341
227	1030	317	336
216	1051	314	332
211	1052	311	334
216	1054	309	331
223	1051	303	332
225	1031	304	322
226	1037	305	310
218	1051	305	301
225	1056	302	295
242	1047	304	291
236	1026	307	280
260	1005	310	268
343	1013	343	258
345	1005	371	251
447	1012	360	255
448	1019	355	256
447	1012	352	257
442	1014	352	255
459	1002	352	256
429	1005	344	257
419	1001	343	257
410	995	339	259
382	996	344	260
362	996	350	262
364	989	356	263
356	986	360	265
382	979	360	267
374	978	358	270
379	982	356	269
368	973	356	271
395	971	354	271
394	970	353	271
370	969	352	273
362	969	350	274
355	966	351	274
363	958	351	274
373	946	354	272
357	941	357	271
340	943	359	269
342	946	360	268
334	943	358	268
337	934	363	268
342	934	358	270
312	946	358	269
305	941	364	269
298	949	366	269
286	942	372	270
266	929	370	275
268	920	369	278
255	928	369	282
239	928	364	286
245	913	361	287
220	923	357	294
221	921	355	298
219	912	349	305
210	905	347	309
211	919	343	312
210	906	342	314
199	902	340	318
219	902	336	321
213	886	341	319
211	873	345	311
202	884	342	307
206	865	344	308
198	888	342	309
192	877	342	303
189	866	342	296
189	877	340	287
189	877	337	287
181	864	334	286
188	844	331	282
165	849	330	285
208	844	345	284
