776	331	135	99
778	329	133	97
770	339	132	97
764	349	131	99
755	360	127	102
756	360	126	102
740	373	124	101
716	384	124	100
697	392	124	99
699	394	122	99
685	393	117	101
668	390	112	100
660	387	107	102
664	389	103	103
643	385	99	102
610	385	99	102
606	383	97	101
609	385	97	100
596	386	99	94
569	386	99	91
563	387	94	92
564	386	92	92
541	383	88	92
517	384	87	92
495	388	91	92
493	387	94	92
459	387	96	93
455	382	102	86
430	383	107	81
430	385	109	78
409	381	111	74
389	377	111	72
380	372	111	71
380	371	110	69
371	367	110	69
387	364	110	69
388	354	113	70
389	355	114	70
392	351	116	71
389	350	119	72
391	347	123	73
387	347	125	74
400	346	126	74
419	345	126	73
437	343	125	73
438	343	123	73
459	338	123	73
482	335	124	72
503	334	124	72
504	334	125	71
518	332	126	72
530	330	129	72
549	328	130	71
555	327	131	71
570	329	129	71
593	334	129	71
620	341	129	72
624	339	129	72
656	347	126	73
744	275	119	78
778	276	117	82
787	277	111	86
802	275	110	86
817	273	110	87
840	274	112	87
842	274	112	88
870	276	114	89
888	278	115	89
914	281	113	89
916	281	110	89
932	285	110	88
947	295	109	88
966	296	107	90
969	296	104	91
957	297	111	91
937	293	116	93
903	300	112	94
905	301	107	95
904	303	105	96
910	307	104	97
915	306	102	96
916	305	101	96
916	304	100	96
921	298	100	96
932	289	100	96
937	287	100	95
941	281	101	94
934	289	103	93
944	282	103	92
946	282	102	91
948	274	100	91
943	264	97	89
943	259	96	87
944	259	94	85
944	256	96	83
944	253	96	83
940	251	94	83
938	253	93	83
937	255	94	83
932	248	95	83
850	276	91	83
851	276	86	83
850	279	82	82
848	286	79	79
846	292	77	76
846	293	75	73
845	302	74	70
845	305	72	67
845	305	70	66
846	305	69	65
847	308	68	64
848	312	68	63
852	315	68	63
852	315	68	62
854	320	67	61
857	327	66	60
865	329	66	59
866	328	65	58
875	328	64	59
884	327	63	60
946	278	65	64
948	268	71	62
953	276	68	69
961	270	66	73
969	268	69	75
967	267	71	76
956	284	72	80
954	294	73	78
948	298	73	76
949	299	73	75
