2251	1414	429	153
2231	1412	446	147
2226	1411	457	145
2214	1407	468	142
2210	1409	474	143
2212	1409	476	144
2200	1406	482	143
2181	1403	493	142
2180	1402	498	139
2178	1405	500	138
2177	1404	500	138
2169	1398	499	138
2179	1402	497	137
2175	1401	496	136
2179	1400	493	136
2169	1402	498	133
2163	1400	506	132
2164	1400	501	132
2161	1395	500	134
2162	1400	506	132
2152	1397	508	133
2145	1393	507	134
2154	1398	507	133
2135	1391	505	135
2135	1392	503	134
2146	1395	501	134
2141	1393	501	132
2136	1392	505	134
2130	1387	503	139
2146	1394	499	137
2141	1389	498	136
2145	1394	501	134
2145	1395	498	132
2138	1391	497	131
2147	1396	495	131
2152	1396	493	130
2142	1394	494	129
2136	1393	496	128
2140	1396	495	126
2135	1396	493	127
2142	1399	492	127
2132	1391	493	130
2139	1397	494	129
2145	1398	487	128
2140	1392	487	131
2147	1397	488	131
2145	1393	484	134
2147	1397	484	129
2145	1398	486	131
2148	1395	487	133
2161	1396	474	135
2153	1394	470	134
2147	1397	474	134
2158	1397	466	133
2163	1402	461	133
2179	1400	453	135
2169	1395	456	136
2170	1402	463	135
2168	1398	468	133
2170	1403	468	132
2169	1402	474	131
2154	1401	487	133
2162	1405	495	132
2156	1399	501	137
2144	1395	511	137
2148	1402	518	135
2139	1395	514	137
2149	1403	514	136
2154	1401	513	137
2158	1405	513	136
2137	1400	520	144
2148	1402	523	142
2145	1403	525	141
2152	1405	520	141
2147	1400	518	143
2159	1407	514	144
2163	1408	506	147
2164	1405	501	152
2167	1413	500	149
2166	1409	498	153
2161	1411	503	153
2176	1416	497	152
2177	1413	497	152
2175	1413	495	150
2175	1414	497	150
2173	1416	499	149
2181	1415	494	150
2184	1419	493	149
2172	1416	499	148
2182	1416	492	150
2186	1418	486	149
2179	1415	486	148
2195	1419	480	152
2195	1419	480	153
2195	1417	480	154
2184	1413	481	153
2186	1417	476	153
2196	1418	470	152
2194	1415	466	152
2183	1415	473	152
2186	1415	476	154
2188	1416	473	157
2180	1414	480	157
2177	1415	488	159
2192	1418	485	157
2185	1414	484	158
2206	1416	479	158
2194	1419	484	157
2183	1421	488	153
2186	1421	492	153
2169	1413	498	155
2190	1419	493	159
2168	1413	494	157
2183	1420	489	156
2180	1422	489	156
2187	1419	485	157
2188	1422	488	155
2190	1416	487	157
2164	1417	488	158
2193	1424	481	156
2212	1424	476	157
2198	1423	477	156
2208	1425	471	157
2215	1418	461	159
2206	1417	460	161
2215	1426	458	161
2215	1422	460	161
2215	1421	457	158
2187	1415	472	154
2195	1421	471	157
2210	1419	468	156
2212	1420	467	156
2219	1420	462	155
2224	1427	458	156
2223	1421	457	157
2224	1424	458	155
2200	1423	468	152
2216	1429	467	151
2215	1425	467	152
2212	1421	464	154
2212	1424	465	152
2214	1424	467	150
2226	1425	459	149
2222	1428	460	149
2211	1417	469	153
2206	1425	472	150
2216	1423	466	150
2215	1420	466	150
2213	1420	464	150
2207	1419	466	152
2209	1421	466	151
2222	1424	461	152
2221	1423	464	153
2225	1426	463	153
2223	1423	467	154
2224	1419	464	154
2208	1413	469	154
2214	1414	464	153
2212	1414	464	154
2205	1415	470	150
2201	1415	472	150
2207	1416	469	150
2198	1412	473	150
2190	1409	478	148
2178	1411	484	146
2177	1412	488	145
2183	1409	495	146
2197	1411	491	149
2191	1411	494	149
2179	1403	501	151
2181	1404	501	147
2174	1404	507	146
2175	1403	509	145
2165	1406	510	142
2165	1402	511	143
2161	1407	519	140
2159	1406	521	143
2165	1403	518	147
2159	1404	516	148
2172	1404	509	150
2172	1404	510	150
2168	1403	513	151
2167	1405	515	148
2181	1409	506	146
2168	1406	507	145
2166	1404	507	144
2161	1399	500	144
2161	1402	489	144
2150	1400	478	142
2150	1399	469	139
2169	1398	448	138
2155	1398	443	135
2164	1397	433	133
2169	1401	423	132
2145	1399	423	129
2130	1395	424	124
2121	1399	428	119
2126	1400	419	117
2131	1402	413	112
2123	1401	407	110
2135	1401	395	109
2119	1397	392	106
2120	1400	382	109
2122	1397	373	107
2115	1399	372	109
2119	1393	366	109
2117	1397	359	109
2116	1397	350	112
2117	1398	346	110
2116	1397	339	111
2114	1397	335	111
2112	1396	332	112
2108	1397	334	109
2104	1400	331	108
2108	1400	327	108
2109	1400	325	106
2110	1402	322	105
2110	1395	325	107
2104	1401	321	108
2113	1402	323	107
2101	1404	314	106
2106	1399	313	110
2099	1402	310	110
2098	1400	306	111
2097	1390	301	113
2096	1397	298	117
2092	1391	299	118
2099	1402	303	117
2095	1405	306	114
2097	1408	305	113
2097	1411	303	113
2096	1411	300	113
2096	1407	298	116
2096	1409	294	117
2098	1406	289	119
2094	1415	290	116
2095	1412	289	116
2092	1414	287	119
2092	1420	286	119
2086	1426	287	119
2088	1424	286	122
2084	1436	285	120
2084	1433	283	120
2084	1435	283	118
2081	1439	281	120
2075	1441	279	123
2054	1418	262	137
2084	1437	263	134
2075	1442	266	133
2078	1445	271	132
2072	1449	276	131
2080	1450	279	128
2080	1450	279	126
2082	1453	280	123
2081	1455	276	122
2082	1456	276	119
2083	1460	273	118
2083	1462	274	118
2085	1463	273	120
2088	1465	273	119
2085	1466	275	118
2094	1467	273	120
2090	1468	270	123
2088	1472	271	123
2093	1475	268	125
2095	1470	271	119
2093	1474	271	117
2091	1474	274	118
2084	1480	279	117
2080	1484	280	118
2081	1486	281	117
2083	1487	278	122
2085	1489	273	129
2081	1491	271	133
2080	1490	265	142
2078	1489	257	149
2071	1486	253	155
2061	1479	246	161
2056	1482	239	165
2046	1478	237	168
2030	1492	237	167
2028	1492	237	168
2039	1496	238	170
2035	1504	244	166
2040	1511	248	159
2036	1517	250	156
2038	1520	250	151
2032	1522	249	151
2024	1519	247	153
2013	1514	240	158
2004	1509	230	165
1993	1500	218	175
1985	1501	209	182
1983	1495	203	190
1975	1498	204	196
1969	1500	207	198
1962	1508	212	198
1953	1518	218	193
1938	1539	220	183
1937	1543	223	180
1932	1541	228	180
1926	1548	232	179
1919	1553	237	179
1910	1553	238	182
1902	1552	235	185
1897	1561	233	182
1891	1567	229	183
1883	1578	218	193
1882	1571	214	197
1880	1572	206	204
1880	1571	200	211
1876	1575	195	219
1872	1573	189	225
1865	1577	180	233
1863	1576	169	246
1862	1575	162	250
1861	1574	156	255
1857	1574	150	255
1854	1573	145	258
1849	1571	137	265
1842	1572	127	272
1841	1576	119	278
1839	1574	113	282
1837	1572	107	288
1834	1565	104	294
1831	1574	103	298
1828	1577	103	296
1825	1571	101	298
1823	1573	99	300
1822	1561	96	309
1820	1557	92	317
1814	1551	89	321
1810	1528	93	315
1805	1538	92	320
1804	1540	92	325
1802	1548	89	335
1795	1552	90	339
1798	1553	92	335
1791	1569	97	320
1790	1582	100	306
1773	1601	111	296
1764	1625	120	284
1763	1630	123	276
1763	1632	129	265
1756	1643	137	256
1759	1659	141	251
1756	1665	147	243
1744	1671	155	234
1738	1684	156	237
1735	1683	154	239
1734	1686	153	242
1728	1684	150	247
1722	1669	156	241
1712	1670	150	240
1707	1681	144	255
1710	1686	136	266
1703	1699	134	271
1711	1698	129	276
1698	1707	138	267
1688	1729	142	254
1680	1744	152	237
1705	1758	170	219
1649	1782	177	208
1652	1785	178	202
1645	1807	179	191
1631	1808	187	180
1639	1815	184	177
1628	1823	191	172
1611	1827	204	167
1598	1837	214	157
1591	1847	219	151
1587	1850	221	147
1584	1856	222	146
1581	1870	233	133
1573	1872	240	129
1568	1877	243	128
1557	1884	252	122
1551	1891	255	125
1556	1886	256	124
