891	779	136	183
891	780	135	182
891	779	135	182
900	793	135	183
906	803	135	183
917	814	134	184
924	828	134	186
931	835	134	187
945	845	133	189
954	859	132	190
962	876	131	191
961	888	131	191
971	905	131	190
974	918	129	189
980	933	127	188
990	955	125	187
996	968	122	187
1000	973	120	188
1002	976	117	187
1000	983	114	186
1005	989	113	185
1006	995	112	183
1006	1000	111	180
1006	1006	111	179
1003	1015	112	176
998	1022	112	174
997	1031	114	171
992	1037	116	168
988	1039	119	167
992	1044	121	166
992	1053	122	165
993	1059	122	165
993	1069	123	166
1000	1076	123	167
1003	1085	123	169
999	1098	123	169
1005	1103	122	170
1002	1112	122	171
1009	1118	122	172
1013	1124	123	174
1020	1137	123	175
1017	1146	126	176
1018	1159	129	176
1020	1167	133	176
1021	1181	138	174
1024	1190	143	172
1020	1201	147	171
1010	1213	150	170
1008	1229	153	170
1003	1240	156	169
1001	1254	158	167
1007	1267	160	166
1006	1277	160	166
1014	1291	160	167
1013	1305	160	167
1019	1315	158	168
1025	1325	157	169
1032	1343	156	170
1035	1356	155	170
1038	1373	154	171
1043	1389	152	171
1043	1405	150	172
1053	1422	148	172
1052	1439	147	172
1047	1452	147	172
1054	1462	149	172
1069	1471	150	172
1074	1481	151	173
1078	1494	152	174
1091	1509	151	175
1104	1529	151	175
1108	1541	151	173
1122	1557	150	172
1124	1575	149	170
1131	1584	148	168
1134	1601	146	169
1139	1608	143	169
1133	1616	141	170
1142	1621	138	172
1146	1624	134	174
1143	1638	130	175
1153	1646	127	175
1162	1646	123	176
1167	1663	119	175
1176	1665	114	175
1182	1673	111	174
1185	1680	107	174
1185	1688	104	172
1197	1690	101	171
1205	1697	98	170
1211	1703	97	167
1219	1707	94	166
1224	1704	90	167
1227	1698	87	168
1233	1702	84	166
1238	1703	82	164
1242	1710	80	163
1250	1713	78	162
1257	1708	76	161
1257	1704	75	158
1259	1704	75	155
1265	1704	74	153
1269	1701	73	151
1270	1702	74	149
1270	1702	72	148
1278	1696	72	146
1279	1698	72	145
1283	1691	72	144
1287	1679	71	145
1288	1679	71	145
1293	1674	72	144
1295	1672	73	142
1297	1670	73	140
1299	1666	74	139
1300	1663	76	137
1301	1662	78	136
1299	1660	79	136
1298	1659	81	136
1297	1659	82	137
1295	1657	83	137
1293	1655	84	138
1292	1657	86	140
1289	1662	86	142
1285	1662	87	145
1283	1661	87	146
1280	1662	87	148
1277	1656	87	150
1266	1652	89	147
1269	1649	88	148
1268	1650	88	149
1267	1648	87	150
1264	1644	86	150
1264	1643	85	153
1264	1635	84	154
1264	1633	83	155
1260	1630	83	154
1264	1627	83	155
1262	1624	82	155
1260	1628	82	155
1262	1627	82	154
1260	1623	82	154
1259	1626	82	153
1254	1624	83	153
1254	1622	83	152
1253	1624	82	151
1257	1624	81	151
1253	1624	81	152
1252	1624	82	151
1249	1625	82	151
1247	1625	82	151
1245	1625	82	150
1243	1627	82	151
1239	1629	82	151
1236	1629	83	150
1234	1633	84	150
1231	1635	85	151
1226	1636	86	151
1224	1639	87	152
1220	1642	88	153
1217	1643	89	154
1215	1645	91	155
1212	1648	93	156
1209	1653	94	156
1206	1656	96	157
1205	1663	98	157
1202	1665	99	157
1199	1671	101	157
1198	1673	103	156
1198	1680	105	156
1196	1686	106	155
1197	1690	109	154
1194	1698	110	155
1193	1701	111	155
1193	1705	111	156
1192	1707	112	157
1192	1711	112	158
1193	1713	113	159
1193	1710	114	160
1194	1711	116	161
1193	1713	117	162
1192	1719	119	163
1191	1723	120	164
1189	1726	121	165
1184	1728	122	167
1184	1727	123	168
1188	1724	125	168
1188	1726	127	169
1182	1723	128	170
1181	1722	128	171
1180	1726	127	173
1179	1725	125	175
1178	1727	123	177
1177	1724	122	179
1180	1721	120	181
1180	1719	119	183
1181	1718	118	185
1179	1717	117	187
1179	1715	116	189
1179	1712	115	190
1181	1711	114	192
1180	1715	112	194
1179	1713	111	195
1186	1707	109	195
1188	1691	110	192
1193	1688	109	192
1197	1685	109	193
1209	1663	112	193
1217	1654	116	191
1233	1636	120	188
1242	1630	124	185
1265	1619	127	183
1279	1608	130	182
1295	1599	133	180
1305	1587	136	178
1330	1578	139	177
1343	1565	142	176
1363	1557	145	176
1378	1550	147	177
1394	1538	150	177
1411	1534	152	178
1421	1525	155	180
1435	1516	158	181
1453	1506	162	183
1463	1497	165	184
1480	1491	169	185
1497	1484	172	187
1517	1471	175	188
1532	1464	178	189
1539	1463	181	189
1548	1461	183	191
1560	1463	183	194
1570	1459	182	197
1582	1453	179	200
1596	1447	175	202
1599	1445	172	204
1599	1441	171	205
1596	1438	172	205
1605	1434	172	206
1622	1435	170	207
1638	1433	166	209
1651	1426	163	210
1667	1427	160	211
1674	1424	160	213
1674	1409	161	212
1665	1405	162	212
1681	1403	161	212
1687	1407	160	213
1695	1408	157	215
1712	1400	153	216
1721	1398	149	217
1729	1394	146	218
1736	1389	143	219
1745	1385	140	220
1754	1384	138	221
1762	1382	135	222
1769	1380	133	224
1774	1378	131	224
1779	1377	129	225
1788	1379	127	226
1797	1377	126	227
1805	1374	124	229
1814	1374	124	231
1828	1371	127	231
1822	1368	126	230
1837	1361	125	229
1851	1359	124	228
1857	1354	123	228
1858	1353	125	229
1865	1349	125	231
1869	1344	125	232
1876	1343	125	233
1882	1345	126	235
1888	1345	127	236
1894	1343	130	238
1900	1344	131	240
1908	1341	132	241
1909	1341	133	242
1916	1339	134	243
1918	1339	135	244
1923	1339	135	244
1928	1336	137	244
1935	1336	138	243
1941	1334	140	243
1943	1335	142	243
1943	1338	143	243
1947	1338	144	243
1955	1339	146	244
1956	1344	148	244
1958	1343	150	245
1961	1345	153	246
1959	1344	154	247
1956	1345	155	248
1956	1343	155	249
1957	1345	156	251
1957	1346	156	252
1959	1346	156	253
1964	1347	157	253
1963	1348	158	255
1964	1350	159	256
1964	1353	159	258
1963	1361	160	259
1963	1364	161	260
1963	1371	161	262
1961	1371	161	264
1962	1374	161	267
1966	1378	161	269
1964	1385	161	272
1966	1391	160	275
1966	1394	160	277
1970	1395	160	281
1969	1395	159	284
1968	1399	159	289
1968	1403	159	293
1967	1408	159	297
1964	1416	159	299
1964	1420	159	302
1962	1428	160	305
1962	1428	160	308
1962	1433	160	310
1961	1442	162	312
1960	1452	163	313
1957	1464	164	313
1960	1468	165	312
1957	1477	167	312
1953	1485	167	312
1950	1490	167	312
1949	1497	167	314
1941	1499	167	317
1940	1513	171	317
1933	1525	177	315
1921	1536	185	311
1912	1538	193	308
1902	1540	200	306
1889	1547	207	302
1885	1551	216	298
1870	1560	224	294
1853	1572	232	290
1834	1580	238	286
1828	1584	246	284
1814	1588	253	282
1788	1599	257	282
1783	1606	260	282
1768	1616	267	281
1734	1623	268	281
1734	1625	269	280
1704	1636	269	281
1703	1643	269	280
1695	1647	268	281
1690	1654	266	283
1686	1653	265	284
1688	1659	264	285
1685	1662	264	286
1680	1667	264	288
1683	1670	266	288
1681	1679	268	288
1676	1678	269	287
1675	1678	271	287
1677	1679	274	285
1703	1686	273	283
1689	1689	274	282
1690	1693	272	280
1696	1692	271	278
1700	1695	271	277
1696	1696	273	275
1713	1694	275	274
1708	1699	281	272
1707	1700	287	270
1700	1700	290	269
1697	1697	293	269
1698	1697	296	269
1695	1696	298	268
1696	1696	301	267
1686	1695	304	266
1691	1697	306	265
1682	1696	309	264
1683	1694	311	264
1688	1691	315	263
1673	1690	318	263
1654	1685	319	264
1649	1679	321	264
1642	1674	324	264
1635	1666	328	264
1623	1658	333	263
1609	1653	337	262
1605	1646	343	261
1600	1639	349	260
1581	1644	354	260
1563	1642	357	259
1557	1638	361	257
1552	1637	367	255
1531	1637	371	254
1526	1639	374	253
1519	1637	377	252
1507	1642	379	251
1542	1628	385	250
1501	1634	385	250
1533	1629	389	250
1501	1637	389	250
1469	1638	387	251
1472	1623	387	253
1475	1632	387	254
1463	1636	386	254
1463	1627	386	256
1450	1616	386	257
1449	1634	386	259
1434	1611	386	260
1445	1594	386	261
1415	1617	386	261
1370	1632	385	261
1347	1631	385	261
1349	1642	384	262
1324	1660	379	263
1335	1679	373	265
1320	1686	367	266
1310	1697	362	266
1309	1705	357	267
1296	1721	351	271
1287	1732	344	276
1287	1726	339	277
1269	1731	334	279
1267	1739	329	281
1262	1738	325	283
1252	1745	323	284
1246	1750	318	285
1231	1750	316	286
1235	1740	313	286
1224	1734	312	285
1203	1740	309	283
1200	1742	308	282
1192	1739	307	280
1180	1737	305	278
1166	1734	302	275
1159	1731	299	273
1153	1725	296	271
1141	1721	292	269
1141	1714	290	267
1127	1708	287	266
1120	1706	284	265
1117	1700	281	264
1108	1695	278	263
1101	1687	275	262
1095	1678	272	259
1091	1674	269	258
1085	1660	265	257
1085	1652	263	256
1083	1645	261	255
1084	1636	260	253
1080	1627	260	253
1075	1615	260	253
1066	1613	261	252
1054	1599	261	252
1053	1587	261	253
1046	1575	261	254
1042	1565	260	256
1045	1555	260	257
1037	1543	260	259
1040	1532	259	260
1031	1522	259	261
1036	1512	258	262
1036	1500	257	262
1036	1495	257	262
1038	1484	257	262
1033	1476	257	261
1034	1465	259	260
1035	1456	260	259
1031	1441	259	258
1025	1427	260	259
1032	1414	260	259
1043	1400	258	260
1036	1395	256	262
1053	1381	251	264
1061	1368	247	266
1064	1350	241	268
1080	1342	237	269
1091	1327	232	271
1098	1309	228	273
1105	1298	222	274
1110	1276	216	275
1117	1264	210	275
1134	1248	205	276
1142	1231	200	277
1155	1215	196	277
1170	1199	192	278
1184	1182	187	279
1193	1155	184	279
1206	1137	180	279
1220	1126	178	279
1237	1114	176	278
1247	1106	174	278
1249	1097	172	278
1257	1082	170	279
1266	1068	167	280
1278	1058	164	281
1292	1046	161	281
1304	1032	160	281
1314	1027	158	282
1327	1017	156	281
1339	1009	155	281
1351	1005	154	280
1363	1000	153	280
1371	988	153	280
1380	976	153	278
1386	973	153	278
1394	967	154	276
1402	963	155	275
1415	956	155	275
1430	956	155	276
1441	957	155	277
1456	948	156	277
1456	942	154	280
1466	928	153	280
1483	918	151	280
1495	899	150	280
1504	888	149	278
1523	876	147	276
1533	865	147	273
1554	841	145	273
1555	839	145	273
1579	834	145	274
1596	826	144	277
1615	821	144	278
1628	820	146	279
1637	808	144	280
1651	796	144	281
1663	773	143	280
1670	760	143	277
1688	766	141	279
1695	750	140	280
1709	722	142	280
1715	700	145	276
1723	688	149	271
1725	676	154	266
1735	672	159	262
1742	651	162	258
1750	632	167	253
1764	614	170	250
1774	599	175	246
1792	578	178	243
1806	552	180	241
1812	551	182	241
1855	602	183	240
1893	619	184	240
1917	569	185	242
1958	567	185	242
2003	567	184	241
2006	551	186	239
1984	485	186	239
2043	546	186	238
2136	533	183	239
2171	510	179	240
2178	480	174	243
2189	455	170	242
2202	435	165	243
2228	408	162	243
2252	379	160	244
2272	354	158	244
2284	334	159	241
2283	287	157	239
2278	281	157	238
2324	263	160	236
2361	241	162	233
2366	217	167	234
2401	235	176	226
2400	128	181	223
2396	76	188	218
2352	0	192	213
2356	0	198	207
2366	8	198	206
