1099	378	85	71
1097	377	84	70
1094	376	84	70
1091	376	83	70
1089	374	83	70
1086	373	82	70
1083	372	81	70
1082	372	80	69
1078	371	80	69
1074	370	79	68
1069	370	79	68
1065	370	78	67
1061	370	78	66
1057	370	77	65
1054	370	77	65
1051	370	77	64
1049	370	76	64
1044	371	76	64
1041	371	75	64
1038	372	75	64
1036	370	74	64
1033	370	73	65
1031	371	73	65
1028	370	72	65
1026	369	72	66
1023	369	71	66
1021	368	71	67
1017	368	71	67
1013	366	70	68
1011	366	70	68
1008	364	70	68
1005	364	71	68
1003	363	71	68
1000	362	72	69
998	361	73	69
994	361	74	69
991	360	74	70
988	359	75	70
986	358	75	71
984	357	75	71
981	355	76	71
977	355	76	72
975	353	76	72
973	353	76	72
971	351	76	72
969	351	76	72
967	351	76	72
965	350	76	72
962	350	77	73
960	349	77	73
959	349	77	73
956	347	77	73
953	347	78	74
951	344	78	74
949	341	78	75
947	339	79	75
946	337	79	76
945	335	79	76
944	332	80	77
943	329	81	78
941	327	82	78
941	324	83	79
939	322	84	79
937	320	85	80
935	317	86	80
935	316	86	81
932	314	87	81
930	311	88	82
928	309	88	82
927	308	88	83
925	305	88	83
924	303	87	84
923	301	87	84
921	300	86	85
921	298	86	85
920	296	86	86
920	294	86	86
920	292	86	87
919	291	86	87
918	289	87	87
918	286	87	88
917	285	87	88
915	283	88	88
915	283	88	88
914	281	88	88
912	280	88	89
911	279	88	89
911	278	87	89
910	277	87	89
910	277	86	90
910	277	86	90
910	277	86	90
909	276	86	90
910	276	86	90
909	276	87	90
909	276	88	90
907	277	89	90
904	277	90	90
905	278	91	90
902	279	92	90
902	280	93	90
900	280	93	90
899	282	94	90
897	282	94	91
897	282	94	91
896	283	94	91
896	284	94	91
895	285	94	91
894	286	94	91
892	287	93	92
892	287	93	92
891	288	92	91
890	288	91	91
889	289	90	91
888	291	89	92
888	291	89	92
887	292	88	92
886	292	87	92
884	294	86	93
883	294	85	93
882	295	84	93
882	294	83	93
881	295	83	93
881	294	82	93
880	296	82	92
880	296	82	92
879	296	81	92
878	297	81	92
877	297	81	92
877	298	81	92
877	299	81	92
876	299	81	92
874	300	82	91
873	300	82	91
872	300	82	91
871	301	82	91
870	301	82	91
870	300	82	91
870	301	82	90
869	301	82	90
869	301	81	90
869	301	81	90
868	301	80	90
868	301	80	89
869	301	79	89
868	300	78	89
870	301	77	89
871	301	76	88
871	302	76	88
870	301	75	87
869	302	74	87
868	302	72	87
867	303	71	87
866	303	69	88
865	305	68	88
865	308	66	89
863	309	65	91
863	309	63	92
863	310	61	93
864	308	60	94
864	307	58	96
864	306	57	96
865	307	56	97
864	303	55	98
864	299	54	98
865	299	54	99
865	298	53	99
867	295	52	100
867	292	51	100
868	294	51	101
868	290	50	102
869	289	49	102
870	288	48	102
871	286	47	103
870	284	47	103
870	282	46	104
872	280	45	103
872	277	45	103
873	276	45	103
874	273	45	103
876	272	45	102
877	271	45	102
876	268	45	101
877	266	46	100
877	264	46	99
878	262	47	98
877	261	48	98
878	259	48	97
877	257	49	97
878	255	50	96
878	254	51	96
878	254	52	95
879	253	53	95
879	252	54	95
881	250	55	95
884	247	57	94
887	244	58	94
889	241	59	93
888	241	61	92
889	239	63	91
888	239	66	90
889	239	68	89
889	239	71	88
889	240	74	88
890	240	77	87
892	238	80	86
895	239	82	85
896	238	85	85
900	236	87	85
901	237	90	84
905	235	92	84
907	234	94	85
909	234	95	85
914	232	97	85
915	232	98	86
918	230	99	87
920	228	100	87
921	227	101	88
924	226	102	88
925	224	104	88
927	223	105	89
928	221	106	89
930	221	107	90
931	220	109	90
933	219	110	91
934	217	111	91
935	217	112	91
937	217	113	92
938	215	114	92
940	215	115	93
941	215	116	93
943	215	116	93
946	215	117	93
947	215	117	94
950	214	117	94
951	213	118	94
953	213	118	94
956	212	118	94
958	212	118	94
960	211	118	95
963	212	118	95
965	211	118	95
967	211	117	95
968	211	117	95
971	210	117	95
974	211	116	95
974	209	116	95
977	210	116	94
980	210	116	94
980	210	115	94
984	210	115	94
986	209	115	94
988	209	114	94
990	210	114	94
993	211	113	94
994	210	113	94
997	210	112	94
999	210	112	94
1001	210	111	94
1003	210	111	93
1004	210	110	93
1008	210	110	93
1010	211	110	93
1011	211	109	93
1014	212	108	93
1016	212	108	93
1017	212	108	93
1020	211	107	93
1024	212	107	93
1029	213	106	93
1030	213	106	93
1031	214	105	92
1032	213	105	92
1033	214	105	91
1035	215	106	90
1035	217	107	90
1038	217	108	89
1040	220	108	88
1041	222	109	87
1042	222	110	87
1044	224	110	86
1046	225	111	86
1048	227	111	86
1051	227	112	85
1053	227	112	85
1054	228	112	85
1057	229	112	85
1060	229	112	84
1064	231	112	84
1068	231	111	84
1073	231	111	84
1078	233	110	85
1080	233	109	85
1086	235	108	85
1089	235	107	86
1093	236	106	86
1096	237	105	87
1098	237	104	87
1103	237	104	87
1108	237	103	88
1111	237	102	88
1116	237	102	88
1118	238	102	88
1121	238	102	88
1124	239	102	88
1127	239	103	88
1130	240	103	87
1133	240	104	87
1136	242	104	87
1138	243	104	87
1145	244	104	87
1145	245	104	87
1148	246	104	87
1151	248	104	87
1158	249	103	87
1160	249	102	87
1161	250	101	87
1164	251	100	87
1164	252	100	87
1164	254	99	86
1167	254	98	86
1169	255	97	86
1172	257	96	87
1175	256	95	87
1177	259	94	87
1181	258	92	87
1185	259	91	87
1189	260	89	88
1191	260	87	88
1193	261	86	88
1194	261	85	88
1195	261	84	88
1198	261	83	88
1200	262	82	88
1201	262	81	88
1204	262	80	88
1206	262	79	88
1207	262	78	88
1208	263	77	89
1209	264	77	89
1211	265	76	89
1213	265	76	89
1214	266	75	90
1215	266	74	90
1216	267	74	90
1218	267	73	90
1219	268	72	91
1220	269	72	91
1219	269	71	91
1220	270	71	92
1221	271	71	92
1220	272	70	92
1221	273	70	92
1221	275	70	92
1221	276	70	91
1222	278	69	91
1224	279	69	91
1227	282	68	91
1228	281	67	91
1230	283	66	91
1231	283	65	92
1231	286	65	91
1231	288	64	91
1231	288	64	92
1231	289	63	92
1231	288	62	93
1231	289	62	93
1232	288	61	93
1232	288	61	94
1233	288	60	94
1234	289	59	95
1236	288	59	96
1237	288	58	96
1239	288	57	97
1242	289	57	97
1242	289	56	98
1242	287	56	98
1244	288	56	98
1244	287	56	98
1245	285	56	99
1247	282	57	98
1258	276	59	96
1255	280	61	95
1256	281	63	93
1254	285	64	93
1252	287	65	92
1253	291	66	92
1250	292	67	93
1251	292	67	93
1250	292	69	93
1250	292	70	94
1249	291	71	95
1248	292	72	95
1244	291	73	96
1242	291	74	96
1241	292	75	97
1240	289	76	97
1237	290	78	97
1235	290	79	98
1233	290	80	98
1231	288	81	98
1231	290	82	99
1229	289	83	99
1227	288	85	100
1226	287	86	100
1224	287	88	100
1221	286	89	100
1219	285	91	100
1218	284	93	100
1216	283	94	101
1215	282	96	101
1213	282	97	101
1213	280	99	102
1210	280	101	102
1207	278	103	102
1206	276	105	102
1204	274	107	103
1200	273	109	103
1198	270	111	103
1195	270	113	104
1194	268	115	104
1191	267	117	104
1190	265	119	105
1183	264	121	105
1180	262	122	105
1177	261	124	105
1175	259	125	105
1173	259	126	106
1170	257	127	105
1168	257	128	106
1162	257	129	106
1159	256	131	106
1154	254	132	107
1145	254	132	107
1145	252	132	107
1139	250	132	107
1135	249	132	107
1131	249	131	107
1129	248	131	108
1123	247	131	108
1119	246	132	107
1116	246	132	107
1114	245	132	107
1115	245	133	107
1108	244	133	107
1105	244	133	106
1104	242	133	106
1100	243	132	106
1096	243	132	106
1090	242	132	105
1087	241	133	105
