310	45	82	65
311	44	80	63
313	46	78	64
314	47	75	64
316	49	72	64
318	49	70	65
317	49	65	67
317	49	62	68
317	49	60	69
316	47	60	70
313	44	62	68
309	43	66	65
306	45	70	63
304	46	73	62
304	48	75	62
306	46	76	63
311	45	78	64
313	45	82	66
318	46	85	68
321	48	86	71
321	47	86	72
320	48	85	73
318	47	84	73
315	45	82	73
310	46	78	73
307	47	74	72
306	51	71	70
309	55	71	70
311	57	74	71
315	59	78	72
318	63	83	73
323	69	87	74
325	75	90	76
324	78	92	77
325	74	92	77
324	73	91	78
323	72	89	79
318	72	86	80
316	72	81	83
312	77	76	91
310	74	72	91
308	78	68	96
306	83	65	103
307	82	65	110
310	80	67	113
311	75	70	108
310	73	76	98
311	76	82	89
311	78	87	84
313	80	92	82
309	82	93	81
308	85	91	82
308	90	90	84
308	90	89	86
306	89	85	91
301	85	78	97
305	76	77	100
302	74	79	96
297	78	77	99
291	81	75	103
289	79	74	106
288	79	74	111
289	76	75	114
289	72	78	113
292	74	83	111
294	76	89	109
294	75	95	104
297	75	101	98
296	75	107	93
296	77	112	90
292	78	117	86
288	79	123	86
284	78	127	83
279	81	130	82
274	82	131	82
272	81	131	82
271	85	130	81
271	84	129	81
275	85	127	81
279	85	126	81
284	86	125	78
285	87	126	75
287	85	127	72
287	87	128	70
289	87	130	69
289	86	134	69
288	89	139	69
284	89	145	69
280	89	150	68
276	90	155	68
272	91	160	69
272	92	163	71
269	95	165	72
271	98	166	74
275	102	166	79
278	108	165	83
285	110	164	85
288	111	164	86
292	113	164	87
294	115	166	87
289	120	169	87
291	121	169	86
288	118	169	86
290	114	170	84
294	112	168	85
297	107	169	84
302	106	173	82
305	108	180	78
308	108	186	78
312	106	192	78
316	105	197	77
319	103	204	76
324	99	209	79
333	93	214	80
331	92	219	83
332	91	223	84
334	91	221	84
336	88	222	84
339	88	220	85
344	86	219	86
344	88	221	87
354	88	220	87
355	90	219	87
355	88	218	87
354	87	215	87
358	85	212	86
359	87	213	82
359	92	217	77
356	99	219	72
350	102	222	70
348	106	223	67
348	109	223	66
348	114	221	66
349	114	220	66
351	112	218	67
353	110	218	69
357	110	217	70
357	116	217	71
363	119	215	74
368	118	213	77
373	112	209	80
372	101	210	81
369	95	208	83
365	92	205	85
367	91	206	85
364	93	212	85
357	94	217	84
359	92	220	83
357	88	224	81
357	84	227	78
360	82	232	76
355	86	234	74
360	86	231	75
363	84	228	77
366	85	225	78
365	86	222	81
366	86	218	82
365	82	215	83
362	81	212	84
360	79	207	85
356	79	204	87
353	80	199	89
348	82	195	90
347	83	188	90
346	83	188	89
344	81	192	88
344	77	199	85
343	75	207	81
341	75	214	77
346	77	220	74
350	86	225	73
355	95	229	73
359	101	234	73
362	105	236	74
362	109	236	75
363	109	236	78
363	109	234	79
360	105	232	81
357	97	230	83
352	96	227	84
352	94	223	86
353	92	220	89
354	93	215	92
355	94	211	95
363	95	214	95
367	97	223	93
371	100	235	93
374	101	246	93
373	103	256	93
372	101	262	93
366	100	266	94
369	98	265	95
366	98	266	97
358	99	266	97
355	96	266	96
353	97	262	96
350	96	258	96
349	94	252	96
349	96	247	97
349	100	243	99
348	102	239	100
349	106	234	100
355	109	238	98
355	112	248	95
352	111	257	94
352	112	266	93
348	110	272	93
344	105	276	92
339	103	277	94
335	95	274	100
333	90	267	106
330	87	263	111
327	85	256	116
327	83	249	117
327	85	243	118
327	86	238	122
326	87	234	124
330	83	230	122
340	77	239	119
350	68	252	114
351	63	268	111
350	59	272	109
348	58	274	110
348	59	272	111
353	59	271	112
350	59	269	113
352	61	269	115
353	56	272	116
351	50	277	117
349	44	276	119
348	41	280	119
347	40	281	120
344	41	281	118
341	49	278	117
339	58	273	117
340	62	270	118
346	66	269	116
349	65	278	113
347	66	287	111
349	68	289	107
353	65	286	106
355	64	281	105
360	64	276	104
361	64	274	103
363	65	271	104
357	65	265	107
362	61	261	108
366	56	264	109
364	46	269	107
357	38	269	109
350	36	261	109
346	38	250	110
341	41	238	110
339	44	226	108
349	43	220	106
355	45	225	104
355	45	231	103
357	48	239	101
363	48	247	99
360	50	253	98
358	53	254	96
357	53	253	96
354	58	246	98
353	59	237	99
352	59	227	99
348	63	218	98
345	68	209	97
344	74	199	97
345	74	191	96
346	75	185	94
349	75	180	93
352	77	180	91
358	81	186	90
358	81	194	88
358	78	201	86
357	76	209	84
355	75	214	84
351	72	216	83
347	73	218	82
344	73	218	83
344	71	216	85
341	71	213	85
339	71	210	84
339	72	208	83
340	71	205	82
341	73	202	81
345	70	200	80
350	67	195	81
349	66	190	81
351	64	189	81
358	63	193	79
359	65	201	76
362	69	209	77
362	76	215	77
365	79	222	78
372	78	225	80
373	79	226	80
373	79	229	82
372	81	227	83
374	82	224	84
372	83	218	83
370	84	212	82
371	84	206	81
371	81	201	81
374	76	194	79
372	76	189	78
375	76	183	79
375	80	177	80
379	83	174	81
385	84	179	81
385	85	185	80
387	85	193	79
384	84	200	78
387	82	205	77
383	81	207	75
381	81	206	74
379	82	203	75
376	85	197	76
378	87	190	77
377	88	180	77
379	89	170	77
378	90	161	77
377	87	153	76
373	85	149	75
372	78	148	75
370	74	150	76
371	68	155	74
369	68	162	73
367	69	170	72
364	71	178	71
362	73	185	69
363	75	190	70
360	77	193	72
355	77	195	73
355	77	193	73
354	74	191	75
352	70	186	78
350	64	181	78
348	62	174	80
345	56	167	79
343	57	162	78
342	59	156	74
343	63	151	72
343	65	146	69
346	65	141	68
344	63	142	66
344	64	145	64
349	60	153	63
351	61	163	63
354	63	170	63
354	64	179	63
356	63	185	63
358	62	188	63
358	61	191	63
360	60	190	64
359	60	187	67
359	59	182	70
359	59	175	72
357	60	168	73
360	62	159	73
359	61	154	72
360	62	148	70
359	64	143	67
361	66	141	66
362	63	143	65
361	58	151	64
362	53	158	65
356	56	164	65
357	57	169	66
360	60	172	65
363	63	176	65
366	66	180	64
368	67	183	64
366	67	183	65
365	67	179	65
363	68	174	65
357	65	171	66
357	63	163	66
351	62	163	65
350	66	155	65
350	70	147	63
352	76	145	60
355	81	149	59
359	85	153	58
358	86	157	58
360	83	162	58
358	83	167	57
353	87	172	55
351	87	175	55
350	84	174	57
353	84	168	60
354	83	162	61
352	83	157	62
349	82	150	63
350	77	144	65
349	76	137	64
352	77	132	63
352	76	131	62
354	74	127	63
353	69	126	63
355	67	126	63
352	68	130	61
350	68	134	61
344	69	139	59
342	71	142	58
337	73	146	57
336	73	148	58
335	77	148	59
337	81	147	60
336	83	147	59
335	86	144	59
334	87	140	61
334	86	136	61
333	82	131	62
336	76	125	64
334	73	120	65
338	73	115	65
340	71	111	65
342	73	109	65
342	72	111	64
347	73	114	62
344	71	120	61
346	68	124	61
346	68	130	62
348	65	134	63
350	65	138	63
349	65	139	64
341	65	141	62
340	65	140	62
337	65	138	62
332	68	133	63
329	70	128	64
329	72	123	66
328	79	118	67
327	85	115	67
327	89	111	67
327	91	106	66
328	93	104	64
332	98	103	63
333	101	106	63
337	104	112	65
337	106	117	65
331	105	123	66
330	106	128	67
328	106	132	68
325	108	134	68
327	109	133	69
327	110	130	70
328	110	127	72
327	111	123	73
327	113	122	73
324	115	120	73
322	118	117	72
323	115	116	71
320	114	117	69
323	113	114	67
323	113	113	65
320	115	115	62
322	119	119	61
323	123	124	61
323	124	130	61
325	123	133	59
326	124	136	57
331	125	138	59
333	128	137	60
336	132	133	63
339	134	128	66
340	133	124	67
342	131	120	67
342	127	116	68
341	126	112	67
340	125	109	66
339	126	106	64
337	124	103	63
337	123	104	62
336	125	108	62
336	126	114	62
336	128	118	61
337	132	120	63
339	135	122	65
339	137	122	65
340	138	120	65
341	138	117	66
342	139	113	67
344	135	108	67
344	137	104	67
345	137	101	67
345	137	98	66
347	136	95	66
347	136	93	64
350	137	90	63
354	138	92	62
357	142	96	62
356	142	102	62
360	144	107	62
361	146	112	62
359	148	116	61
358	145	116	61
357	145	118	61
357	142	115	63
357	142	113	64
357	138	109	66
355	137	106	66
352	140	101	66
350	141	97	66
350	141	94	66
349	139	91	65
348	139	88	65
346	137	87	64
347	138	86	62
347	136	85	60
348	138	86	59
346	141	87	58
344	143	89	57
344	145	94	57
341	147	98	58
340	147	103	59
338	148	107	59
336	149	111	61
334	150	113	63
333	150	115	63
332	150	116	63
329	152	115	64
327	153	116	64
326	154	117	63
325	156	118	63
327	155	118	63
326	149	117	64
330	144	116	64
327	142	116	63
328	141	115	61
330	140	117	60
331	138	122	58
333	139	127	57
332	138	132	56
331	137	137	55
331	136	141	54
333	136	143	53
329	136	148	53
330	139	151	52
331	137	154	53
328	136	156	55
327	135	157	57
324	135	156	59
322	138	155	61
319	140	153	63
319	140	151	64
322	142	149	64
321	142	147	66
319	143	148	65
317	145	150	64
314	148	151	63
311	151	153	62
311	153	154	62
313	154	156	61
313	154	159	59
313	157	165	56
305	160	173	51
306	160	178	50
305	163	181	49
312	165	182	49
313	167	183	50
309	168	186	50
314	168	185	53
313	164	183	54
312	164	184	55
313	160	186	58
313	161	188	60
319	162	192	60
320	159	190	62
322	157	186	62
325	154	183	64
330	154	179	64
333	156	176	63
333	156	171	65
339	157	165	69
339	159	161	72
341	159	155	76
344	163	150	82
344	167	147	84
345	169	143	87
343	167	140	86
345	164	133	87
351	158	127	86
349	153	122	84
346	149	117	84
348	147	113	83
354	140	113	80
356	134	113	80
356	133	114	83
357	134	114	83
359	133	113	83
363	133	110	81
360	131	106	81
360	127	99	85
360	125	92	85
359	120	84	87
357	117	77	89
366	118	70	96
371	118	66	100
371	121	68	101
372	119	66	103
367	116	71	103
362	115	76	102
360	117	73	106
359	112	75	106
351	111	76	105
355	110	74	107
361	105	69	111
361	101	66	113
356	98	68	109
352	96	73	103
351	95	77	97
346	89	82	88
344	89	84	80
345	88	85	75
341	87	86	71
342	89	85	68
342	93	89	65
337	96	92	64
339	91	91	65
343	89	89	67
337	89	89	68
348	90	82	73
356	97	74	82
355	92	70	82
352	96	68	80
359	88	73	78
347	90	73	79
355	88	82	72
349	94	88	67
347	97	94	63
345	103	98	61
346	108	96	62
344	111	95	63
350	115	92	63
351	118	87	66
354	122	80	70
355	119	75	72
355	117	72	72
351	114	69	75
351	114	66	78
346	114	64	80
345	117	62	81
350	117	58	84
349	108	58	84
350	102	61	80
343	105	64	74
349	107	65	70
346	107	69	64
342	109	72	61
342	108	74	56
339	107	74	54
336	113	73	54
336	118	75	52
334	127	76	50
335	125	77	50
338	125	74	51
342	125	71	52
351	126	68	52
354	125	64	52
353	122	60	54
353	119	58	54
351	116	60	51
354	117	58	54
350	116	59	53
348	114	59	52
341	113	61	49
337	113	61	48
333	114	62	48
333	114	61	48
324	116	63	47
321	118	62	47
320	120	60	48
325	122	53	52
333	121	47	57
333	115	44	59
327	112	43	55
326	115	39	55
330	117	36	56
330	115	34	56
330	113	33	56
330	112	34	54
325	114	35	51
321	110	33	52
317	109	33	53
313	108	32	53
313	108	31	55
316	101	31	54
312	100	30	57
311	97	32	56
309	97	32	57
309	98	32	57
