33	19	63	14
39	18	62	14
40	16	62	14
41	16	62	13
39	13	63	14
38	11	64	13
39	11	66	13
38	8	68	13
38	7	70	13
37	6	72	13
39	5	74	13
39	4	76	13
42	3	77	13
42	2	78	14
44	1	80	13
44	1	81	13
51	0	82	13
51	0	83	13
57	0	83	13
63	0	83	13
66	0	83	13
66	0	83	13
73	0	83	13
79	0	83	13
85	0	83	13
94	0	83	13
100	0	82	13
101	0	82	13
109	0	81	13
114	0	81	13
118	0	80	13
129	0	80	13
135	0	79	13
135	0	79	13
142	0	79	13
145	0	78	13
151	1	78	13
156	0	78	13
161	1	77	13
161	1	77	14
166	1	77	14
168	2	77	14
171	2	76	14
177	3	75	15
182	4	75	15
181	4	74	16
186	4	74	17
189	4	73	17
192	6	73	18
200	7	72	19
203	8	71	20
203	7	70	21
207	9	69	22
211	10	69	23
214	11	68	24
218	12	67	25
222	14	66	26
222	13	65	27
225	15	65	28
229	17	64	29
232	19	63	29
237	21	62	30
241	23	61	31
241	24	61	31
245	26	60	32
251	28	59	32
250	31	57	33
255	35	55	33
259	36	54	34
260	36	52	34
260	40	51	35
258	43	49	36
258	44	48	36
260	48	47	37
262	48	45	38
263	47	43	38
265	48	42	39
257	54	41	39
260	54	40	39
258	61	39	40
260	61	37	40
261	62	36	40
258	62	35	40
255	64	35	40
258	66	34	40
256	68	34	39
257	69	34	39
257	69	33	39
259	72	32	38
260	75	32	38
260	76	31	38
264	80	31	37
267	82	30	37
268	82	30	37
268	84	29	37
270	87	28	36
272	91	28	36
277	95	28	35
278	98	28	34
279	98	28	33
280	100	29	33
282	103	30	32
284	105	31	32
287	108	32	31
293	110	33	31
292	110	34	31
295	113	35	30
301	117	36	30
306	118	36	30
312	122	36	29
317	124	37	29
316	125	37	29
321	127	37	29
327	130	37	29
331	132	37	29
338	135	37	29
341	137	37	28
341	138	37	28
345	140	37	28
351	142	36	28
355	144	37	28
362	149	36	28
366	150	36	28
366	150	36	28
370	153	36	28
376	156	35	28
376	157	35	28
364	172	35	28
365	176	35	28
357	177	36	28
352	174	38	29
360	204	39	28
378	214	40	28
381	216	42	29
385	215	43	29
386	214	44	30
390	217	45	31
401	198	48	29
394	188	53	29
361	182	54	29
322	185	55	28
306	192	60	27
270	197	63	26
280	221	63	25
250	221	70	26
216	211	73	28
180	235	73	30
153	235	76	28
134	226	79	28
91	182	82	28
29	182	83	29
38	178	83	29
51	188	82	30
58	197	82	31
59	198	82	32
51	193	82	33
60	186	82	34
104	156	81	35
116	155	78	35
116	156	75	36
116	158	73	37
118	161	72	37
117	163	71	37
115	166	70	36
116	170	69	36
118	169	68	36
117	172	67	36
113	176	67	35
124	177	65	35
122	182	64	35
123	184	63	35
122	185	63	34
122	187	62	34
127	188	61	34
129	190	59	34
129	192	59	34
129	194	58	34
128	194	57	33
132	200	56	32
132	201	56	32
135	200	55	33
133	202	54	32
137	204	53	33
140	204	52	33
139	211	51	33
142	211	50	33
143	211	49	33
146	212	48	33
149	222	47	31
147	228	45	31
150	227	45	31
147	225	44	30
142	224	45	28
143	228	46	26
140	226	46	25
137	229	45	26
135	227	44	24
133	231	44	23
132	235	43	25
133	228	43	24
129	229	41	24
130	228	41	23
127	228	39	23
129	227	39	24
128	230	37	24
125	228	36	24
125	229	35	24
127	229	34	24
129	232	34	24
130	233	33	24
132	234	33	23
134	236	33	23
137	238	32	23
138	238	32	22
139	240	31	22
143	241	31	22
144	243	30	22
144	244	30	22
147	247	29	22
151	247	29	22
152	246	28	22
155	250	27	21
155	251	27	21
157	251	26	21
156	253	26	21
157	253	26	21
163	254	26	20
162	254	25	20
163	256	25	20
165	259	25	20
164	258	24	19
165	258	24	19
169	259	24	19
169	260	23	20
169	261	22	20
170	263	21	20
171	264	21	20
171	264	20	21
170	263	20	21
164	263	21	20
169	265	22	19
167	266	22	18
165	267	22	18
164	267	23	17
162	267	23	16
160	268	23	16
156	269	24	15
153	269	24	15
150	269	24	14
149	269	24	14
149	271	23	15
146	270	23	15
144	270	22	15
145	271	21	15
148	272	21	15
148	272	21	15
147	272	21	15
148	274	21	15
149	275	20	16
152	277	20	16
154	276	20	16
155	276	20	16
158	279	19	16
159	280	19	16
163	283	19	16
164	284	19	16
167	287	19	16
166	287	19	16
168	288	20	16
172	290	20	15
173	292	20	15
176	295	21	15
181	297	21	15
181	297	21	15
183	298	21	15
183	301	22	15
189	304	22	15
192	305	22	15
195	308	22	15
195	308	22	15
198	310	22	15
201	313	22	15
206	316	22	15
208	318	22	15
212	321	22	15
211	321	22	15
215	324	22	15
217	325	22	15
223	328	22	15
224	329	21	15
227	334	21	15
228	333	21	15
231	335	21	14
234	336	21	14
237	341	21	15
241	343	21	14
244	345	20	15
245	345	20	15
247	347	20	15
249	348	20	14
253	351	20	14
254	354	19	14
256	357	19	14
256	357	19	15
259	359	18	15
262	360	18	15
266	366	18	15
267	367	17	15
271	369	17	15
272	368	16	15
273	372	16	16
274	374	16	16
275	377	15	16
275	376	15	16
278	382	14	16
278	381	14	16
280	382	14	16
281	383	13	16
285	389	13	16
285	389	13	16
286	391	12	16
285	391	12	16
288	393	12	16
289	393	12	16
290	396	12	15
292	397	12	15
294	400	12	15
295	400	12	15
297	401	12	15
298	401	12	15
299	401	12	14
301	404	12	14
306	406	12	14
306	406	13	14
306	406	13	13
307	406	13	13
312	409	13	13
313	409	13	13
315	411	14	13
316	411	14	12
317	411	14	12
320	412	14	12
322	414	14	12
325	416	14	12
329	417	15	12
328	417	15	12
330	418	15	12
335	419	14	12
335	419	14	12
337	421	14	12
341	422	15	11
341	422	15	11
342	422	15	11
342	422	15	10
347	424	16	10
347	427	16	10
347	427	16	11
348	430	16	12
347	433	17	13
345	430	19	13
342	431	21	14
341	432	23	15
339	432	25	15
338	436	26	16
340	435	28	16
337	429	30	17
338	431	31	17
336	431	31	17
336	431	32	18
337	432	33	18
337	433	35	19
335	434	36	19
335	434	37	20
333	435	38	21
332	432	40	21
331	433	42	21
329	431	46	23
331	435	48	23
334	434	50	25
330	436	51	26
333	435	53	28
332	435	56	29
333	438	57	30
325	437	60	32
317	434	63	32
315	430	64	31
317	430	65	31
313	431	67	31
315	432	70	30
316	431	70	30
315	429	70	28
314	430	71	29
311	430	71	28
315	430	72	27
313	431	73	27
308	431	74	28
308	432	75	29
304	431	76	30
301	430	77	30
300	429	78	29
300	433	79	29
302	436	80	32
300	433	81	33
301	436	81	35
300	433	81	37
303	438	80	40
312	436	82	43
315	436	85	45
320	435	89	46
332	432	91	48
359	435	94	47
349	428	98	48
347	432	102	48
347	431	104	48
352	434	106	48
349	436	108	48
358	438	110	48
351	433	112	48
358	436	115	48
349	432	118	47
346	435	120	47
345	435	121	47
342	438	122	47
334	433	123	48
344	432	126	48
357	436	129	48
356	438	131	48
363	451	133	52
359	443	135	53
355	446	139	55
343	439	141	56
310	442	144	58
269	432	152	59
229	434	158	61
181	437	157	66
135	419	164	69
52	404	180	69
34	413	192	74
38	403	209	77
34	397	217	79
34	405	220	84
26	409	229	89
28	401	235	92
28	397	240	95
22	388	250	97
10	382	254	99
21	398	263	103
0	371	267	103
0	352	267	103
0	341	266	104
0	335	266	106
0	345	264	106
11	350	267	106
0	346	267	107
0	341	267	108
0	335	269	109
12	336	271	110
0	329	267	110
14	346	267	109
10	341	269	110
14	336	271	110
3	343	274	109
0	323	268	106
0	341	268	107
13	354	273	105
12	350	278	105
0	344	279	105
0	374	279	105
0	364	283	104
17	369	287	102
13	373	290	101
14	367	292	100
6	372	295	99
0	366	294	100
0	370	294	100
0	335	287	101
0	349	285	103
0	354	282	103
0	358	281	103
0	364	279	104
4	372	280	104
0	373	283	104
0	373	282	104
0	372	283	103
3	374	283	102
5	375	285	101
15	373	289	99
2	374	291	97
10	378	293	96
3	381	295	96
15	382	297	95
19	383	299	94
1	383	301	93
1	383	302	93
0	380	302	92
5	380	305	91
0	377	308	91
5	377	309	90
0	393	311	94
4	370	313	95
0	367	313	94
0	364	311	94
0	368	312	94
0	364	316	94
0	365	315	94
0	373	313	94
30	417	312	102
47	410	312	108
0	375	313	107
3	376	315	104
0	376	317	102
1	380	319	101
46	423	315	108
7	384	316	106
10	375	319	105
0	351	317	104
0	359	318	103
10	376	321	101
2	411	322	101
14	420	322	101
19	404	323	102
36	409	323	102
76	419	324	103
102	396	324	103
173	404	324	103
260	400	324	103
438	323	321	106
430	315	318	110
422	309	315	113
410	296	314	117
394	288	312	120
404	291	311	122
384	277	310	125
372	270	309	127
372	263	310	130
353	252	310	133
344	247	310	136
348	244	310	138
333	233	310	141
326	225	311	143
314	217	312	145
305	208	314	147
301	200	317	148
299	199	319	150
277	190	322	152
270	181	324	154
261	179	327	155
230	162	329	157
221	155	331	159
226	153	333	161
199	143	336	163
202	140	342	164
182	132	347	166
164	119	351	168
162	115	356	169
158	116	361	171
131	103	365	172
119	95	371	174
115	88	377	176
98	80	383	179
89	74	388	181
83	76	394	182
62	63	400	184
57	55	406	186
38	45	411	188
36	42	414	190
37	41	420	191
42	40	425	192
26	35	431	194
22	31	433	196
21	30	435	197
14	29	436	198
3	24	434	200
7	23	433	201
0	20	431	203
0	18	428	204
0	14	424	204
0	17	418	205
0	17	412	207
0	16	406	208
0	12	400	209
0	12	392	210
0	12	384	210
0	7	375	211
0	10	368	211
0	7	361	211
0	4	354	210
0	6	347	210
0	2	340	210
0	8	332	210
0	5	325	210
0	3	319	210
0	8	311	210
0	14	303	211
0	14	296	211
0	16	287	211
0	16	279	213
0	17	271	213
0	6	264	214
0	28	256	214
0	41	249	209
0	72	242	203
0	84	235	210
0	104	235	215
0	95	224	220
0	107	225	218
0	118	225	216
5	125	230	214
52	124	235	211
100	123	240	208
126	111	244	207
152	102	251	204
