151	13	262	267
138	5	261	274
134	3	261	281
131	1	261	287
130	2	264	294
127	2	262	297
121	2	263	300
118	0	264	302
122	0	264	305
117	0	264	309
119	-2	265	312
119	0	266	313
123	-2	265	314
124	0	265	315
128	-1	264	316
127	0	264	317
125	3	263	318
125	3	260	321
128	2	259	321
127	1	258	324
127	4	256	326
123	0	254	330
119	2	255	333
116	0	258	333
114	3	258	331
113	0	259	334
110	3	260	335
106	0	263	337
99	4	265	339
104	5	261	339
109	3	257	341
107	5	255	344
109	3	252	343
110	5	249	344
110	6	248	345
112	5	246	345
113	12	245	343
117	9	244	343
120	8	241	344
120	8	241	345
118	9	239	346
118	11	238	346
123	9	237	347
121	13	236	346
123	15	236	343
125	15	236	342
126	16	236	343
132	13	235	342
130	13	234	341
131	12	233	340
131	10	232	341
133	8	231	342
128	12	231	343
121	9	232	343
116	11	233	341
124	8	233	339
123	12	233	338
121	12	232	337
123	12	233	337
124	9	233	336
120	10	234	338
113	14	236	342
114	8	237	340
114	10	237	342
111	12	237	342
115	9	236	340
110	8	237	341
109	9	237	341
107	8	236	340
110	8	235	341
109	6	235	341
109	3	234	341
109	2	235	340
107	3	236	337
104	6	237	336
106	3	239	338
105	2	240	337
104	1	240	336
104	0	241	337
101	0	241	337
98	0	243	334
99	1	245	333
97	1	247	332
100	2	247	332
100	3	246	331
104	1	245	330
104	7	244	331
104	3	245	330
105	4	245	330
106	3	246	329
113	-1	246	331
112	-1	247	331
113	-4	248	331
116	-2	249	329
116	-2	250	328
120	-4	252	327
120	-1	250	326
121	0	250	325
121	2	250	324
124	3	250	323
127	6	251	322
124	6	252	321
130	9	252	318
129	6	253	319
129	8	252	319
128	10	253	320
125	13	253	320
128	11	253	323
128	12	252	324
127	19	249	323
135	18	245	321
139	15	245	321
133	15	242	320
138	15	238	320
138	14	237	318
139	12	234	316
144	11	232	314
144	12	230	312
143	11	227	309
141	12	225	306
140	13	224	303
138	10	222	301
139	10	220	299
138	10	215	298
139	14	213	298
136	15	210	298
134	12	208	298
136	15	207	297
137	10	206	298
135	11	204	298
135	13	204	296
134	12	204	296
134	12	202	294
134	12	199	294
133	13	198	294
134	16	196	293
132	15	193	293
131	17	189	293
132	15	187	295
131	14	186	296
129	15	184	298
128	18	182	298
128	20	182	297
127	17	179	299
127	16	178	300
128	19	179	299
129	17	179	299
128	14	179	300
127	12	180	301
129	10	180	304
128	9	180	304
128	13	181	303
128	11	182	303
128	11	182	302
129	9	182	304
129	10	182	306
129	9	180	309
128	11	178	311
128	11	179	311
128	13	178	311
129	16	178	311
131	16	176	312
131	17	175	313
133	19	175	314
133	20	174	314
136	22	173	315
138	23	172	314
138	23	173	313
140	20	173	312
141	21	171	311
143	16	169	312
148	17	170	313
148	20	171	314
148	20	172	314
148	19	171	315
147	19	173	315
146	19	174	315
144	20	174	315
146	26	175	313
145	26	175	312
147	28	176	311
148	28	176	313
147	27	176	313
146	26	177	315
146	29	177	314
144	27	176	313
143	30	178	312
142	29	177	312
143	28	176	312
145	26	176	312
148	26	176	312
150	24	175	314
152	22	174	315
153	19	173	314
176	15	174	313
170	14	175	312
166	12	175	311
166	13	176	312
166	12	175	312
167	9	174	312
168	8	173	311
170	7	172	311
171	8	169	311
171	9	168	310
171	7	167	309
173	10	167	306
174	12	166	305
173	13	165	302
173	14	165	301
173	12	165	300
174	13	164	299
174	16	163	299
174	16	163	298
174	16	162	299
175	16	163	299
180	14	164	296
183	16	164	296
186	15	162	296
187	18	160	295
190	16	159	294
212	12	161	294
211	11	162	294
211	9	163	293
213	11	163	292
213	13	165	291
210	14	168	289
208	15	171	288
206	18	172	285
202	19	173	281
201	20	173	277
201	25	171	272
201	26	170	269
201	27	170	266
199	28	169	262
197	29	168	259
196	30	166	256
195	35	165	253
193	34	164	251
192	35	163	248
192	38	161	246
191	37	160	244
193	39	160	243
195	38	159	243
198	33	158	245
200	30	158	245
200	24	158	247
202	19	159	248
204	18	160	249
205	21	161	249
204	25	161	248
204	30	162	245
201	35	162	243
199	41	162	240
198	44	162	239
199	48	161	237
195	61	161	234
196	64	161	233
194	68	160	232
192	75	160	230
190	81	159	229
184	94	158	224
181	99	158	222
181	104	157	218
179	109	157	215
177	113	156	212
175	116	155	210
172	120	155	208
171	127	155	207
167	135	156	206
165	139	156	204
170	150	156	201
170	154	155	200
174	157	154	197
175	161	154	196
177	164	154	194
180	169	152	191
182	170	151	190
183	171	150	188
188	174	150	187
192	175	148	186
199	181	147	184
205	184	147	182
208	186	146	179
211	184	147	177
212	186	148	176
213	187	148	175
216	190	148	173
219	191	146	171
218	191	145	170
216	190	144	170
213	191	144	170
199	189	145	168
203	190	147	166
204	192	149	165
202	191	152	165
200	186	152	167
199	185	153	167
199	183	153	167
196	178	152	168
191	178	151	168
184	175	149	169
178	172	147	170
169	167	144	171
161	165	141	172
154	163	136	172
167	164	132	171
179	166	130	170
169	163	129	168
175	165	129	167
165	165	129	166
168	162	130	164
174	159	131	162
187	171	129	163
179	165	130	163
191	167	129	163
186	165	128	164
205	178	125	165
216	178	125	166
215	178	123	167
215	180	122	168
213	177	121	169
209	173	121	171
207	170	122	172
204	170	124	173
214	178	125	174
206	173	125	175
198	170	126	176
189	167	129	174
201	175	129	176
192	169	131	177
201	175	133	178
189	168	136	177
174	163	140	176
183	169	142	177
169	161	146	177
155	158	149	176
144	155	151	177
149	157	154	176
135	155	156	177
127	151	155	176
119	153	155	176
130	158	157	175
123	159	157	175
116	157	156	175
128	163	159	173
121	160	159	172
116	158	157	172
127	161	157	169
119	160	158	167
111	159	155	165
123	161	155	162
118	163	154	159
115	159	150	157
111	155	148	154
123	163	148	154
115	159	150	150
110	161	151	146
103	172	152	145
101	170	151	142
100	170	150	139
99	171	147	137
113	170	148	134
110	169	146	132
117	174	147	132
114	173	146	129
122	178	147	128
131	183	149	127
124	180	154	119
134	188	155	120
126	184	160	115
136	189	159	116
129	186	164	111
139	187	171	107
134	189	172	104
137	191	173	102
139	192	173	99
148	193	177	98
139	203	181	97
138	200	180	97
148	201	183	96
143	211	183	96
143	211	183	96
156	211	186	96
153	219	189	96
155	216	189	96
176	220	194	96
182	223	200	96
190	226	206	98
202	230	211	99
217	231	217	101
227	236	223	102
224	239	230	102
225	243	236	102
223	244	240	104
223	244	244	105
224	244	246	106
224	244	249	107
226	242	250	107
222	242	252	109
220	240	254	110
212	237	258	111
207	233	261	112
203	230	262	114
200	228	264	115
193	229	267	115
187	226	267	116
181	224	268	118
179	225	270	118
172	223	272	118
169	222	274	118
163	221	275	118
160	220	275	118
161	217	275	118
158	215	275	118
153	212	274	118
150	210	275	117
146	207	276	117
144	202	274	120
144	199	273	121
144	196	273	122
142	196	270	122
142	196	269	123
141	194	267	123
145	195	266	123
145	195	264	123
146	195	263	124
148	196	264	124
152	197	266	125
153	199	265	125
153	202	265	127
155	203	263	128
157	202	262	129
155	202	260	132
156	202	259	133
159	199	258	134
164	197	257	136
164	198	257	136
166	197	256	137
170	196	255	138
170	196	255	139
170	195	254	140
175	193	255	142
177	192	254	144
178	191	252	146
178	190	250	147
175	187	247	150
171	183	244	152
170	181	243	153
170	181	243	153
168	175	240	154
166	168	238	153
167	165	236	154
167	162	234	154
165	158	232	155
164	154	230	156
164	149	227	158
166	145	227	158
167	145	227	157
167	144	227	156
168	144	227	155
167	143	225	153
165	144	225	152
165	142	225	150
166	141	224	149
167	140	222	148
166	138	220	148
166	133	220	148
166	129	219	149
166	126	218	148
165	125	216	147
165	120	214	147
165	116	213	146
165	111	212	145
167	107	211	142
165	105	206	143
166	102	202	143
164	101	198	141
164	99	195	140
165	97	193	138
165	98	191	136
167	96	189	136
167	98	186	135
168	98	184	134
168	98	182	133
166	97	179	132
167	97	177	133
167	97	175	133
165	97	171	134
167	97	170	134
164	97	168	134
164	97	168	133
165	97	168	133
166	97	168	133
168	96	169	134
168	98	167	134
168	96	167	136
169	98	167	137
169	97	167	138
170	95	169	139
170	97	169	139
170	98	170	140
170	97	172	141
171	94	175	142
171	93	179	143
168	94	179	145
171	92	183	146
173	91	187	147
170	91	189	148
170	93	190	149
169	92	192	151
167	89	195	151
168	88	198	151
166	88	200	151
166	89	202	152
165	87	205	154
163	86	206	155
161	86	207	156
161	83	210	158
160	83	212	159
158	82	213	161
155	83	215	162
155	81	217	164
153	82	218	166
153	84	219	167
151	83	220	169
149	85	220	169
149	86	221	170
150	87	222	171
149	85	222	172
149	87	222	172
148	88	223	173
147	92	223	172
147	93	224	172
147	93	224	173
146	97	223	172
145	107	222	168
146	114	220	164
147	115	219	161
146	114	218	158
145	116	216	156
148	116	215	154
150	118	213	151
152	118	212	149
151	117	210	149
154	117	208	148
156	120	207	145
156	122	205	143
156	123	203	142
160	123	202	140
160	124	201	139
161	121	200	139
162	123	199	139
164	121	200	139
164	122	198	139
165	121	197	139
168	119	197	139
171	117	197	139
173	116	197	139
174	116	198	139
172	115	196	140
173	115	196	140
176	115	198	140
179	114	200	141
182	113	203	142
182	112	203	143
180	110	203	143
177	106	202	145
175	104	203	146
175	103	204	147
175	102	205	148
174	100	205	150
173	99	205	150
174	97	204	151
174	97	204	152
175	94	205	153
173	94	206	154
172	93	206	154
172	95	206	155
172	93	206	155
172	91	206	156
175	93	209	156
175	88	211	158
173	86	212	160
171	83	213	162
167	82	213	163
166	81	214	164
163	80	214	165
164	81	215	165
161	80	215	166
160	80	215	166
159	78	216	166
155	76	216	166
152	76	216	165
152	75	217	165
151	75	217	164
151	75	216	163
150	75	216	163
151	78	216	162
153	75	217	162
155	74	218	163
157	78	219	164
157	77	220	166
157	76	221	167
160	75	223	168
160	75	224	168
157	80	224	166
156	84	225	165
156	88	224	164
154	89	224	163
153	90	223	163
154	90	223	162
155	91	223	161
157	87	223	161
157	89	224	160
158	89	224	159
154	90	223	158
152	89	222	159
151	91	221	158
151	87	221	159
149	88	221	159
148	89	222	158
147	87	223	158
146	86	223	159
144	88	223	158
144	86	224	158
146	82	226	158
145	85	227	157
142	83	226	158
143	82	228	157
146	81	231	157
147	81	233	157
146	79	234	157
143	79	235	157
141	78	237	156
138	78	237	156
139	80	240	156
134	80	240	157
133	79	241	158
131	78	241	160
129	79	239	161
128	83	238	161
126	84	238	161
132	82	241	162
133	82	242	163
133	80	242	165
132	78	241	166
133	76	241	167
134	75	240	167
132	75	240	167
131	75	241	168
133	73	242	170
138	71	244	172
137	65	244	173
135	65	244	174
134	66	246	174
134	64	249	176
132	61	251	178
130	59	253	179
131	56	255	181
130	56	257	182
131	55	261	183
129	52	264	186
128	51	266	188
129	47	269	190
125	44	271	192
129	39	272	194
122	36	275	196
125	36	277	197
126	34	280	199
131	32	282	202
129	32	283	203
126	31	285	204
129	31	287	205
126	29	288	206
124	30	289	207
124	34	290	207
120	37	292	208
115	37	293	209
109	37	295	209
109	40	298	211
110	40	299	212
108	40	302	214
100	38	305	214
97	38	309	215
95	40	310	216
81	42	313	214
77	42	316	214
80	42	316	213
82	42	315	213
85	41	316	213
77	41	316	213
76	44	315	214
78	47	316	214
71	48	314	214
70	44	312	216
62	46	312	216
63	46	310	216
63	47	309	214
60	52	307	211
56	51	304	209
52	50	300	209
49	49	297	210
47	51	295	210
52	51	292	210
49	47	289	210
43	47	288	212
46	46	286	213
43	44	286	216
50	46	285	215
39	46	286	216
43	47	285	215
37	48	286	215
38	48	286	214
33	49	287	213
34	47	286	211
32	43	286	211
29	43	287	213
27	44	287	212
30	46	286	210
27	45	285	207
24	45	284	205
23	44	283	203
18	43	282	203
15	43	280	203
13	44	278	203
10	45	277	203
9	44	275	202
1	43	272	202
13	43	275	202
3	44	274	201
-1	44	271	201
8	41	273	201
0	40	271	200
-2	41	269	201
7	40	271	201
-3	39	269	201
-8	37	265	201
3	35	267	200
8	28	253	217
15	19	243	227
14	18	239	235
16	12	235	241
17	9	234	245
16	8	234	246
16	7	235	247
19	5	234	248
2	7	227	254
10	3	225	255
14	6	225	256
21	7	222	257
6	10	218	260
14	8	217	261
2	9	211	262
-6	8	206	266
-5	3	198	268
-5	7	195	268
-3	9	191	268
-2	9	189	268
0	7	187	268
1	7	186	268
4	10	185	267
6	8	184	266
7	10	184	266
11	10	182	266
14	9	183	265
15	8	182	265
16	9	182	263
16	8	181	262
16	7	180	261
15	5	179	260
14	4	178	259
11	2	177	258
12	3	175	258
11	2	173	257
10	2	172	257
8	0	171	255
9	0	170	253
10	-1	169	250
8	-1	169	247
10	0	168	244
12	1	166	242
10	0	166	239
9	0	166	237
12	0	165	235
12	0	164	234
13	0	163	233
13	1	162	232
14	1	161	232
15	1	160	231
15	2	160	229
15	5	160	227
17	4	160	228
15	6	161	228
17	7	161	229
16	5	161	230
17	10	162	230
16	12	163	231
19	12	163	234
20	14	165	236
19	14	165	239
21	12	166	241
21	12	167	243
23	14	169	247
20	18	173	251
21	17	176	255
21	17	179	262
21	20	182	268
21	21	185	273
17	20	189	277
17	17	193	278
17	18	198	280
15	17	202	282
15	20	206	282
17	22	209	285
16	25	213	287
14	23	218	286
9	24	222	286
5	26	225	284
8	23	230	282
4	24	233	280
5	24	237	277
4	25	240	276
4	26	242	275
5	27	244	273
3	33	247	272
6	35	250	271
4	33	253	271
5	33	256	271
6	32	261	270
4	30	263	269
5	27	269	268
5	26	275	265
2	26	280	263
0	24	283	262
0	23	288	261
-1	21	290	261
0	19	290	262
-4	18	290	262
-2	20	290	263
0	15	291	264
-2	16	290	265
0	12	293	266
-2	16	293	266
0	15	292	266
0	14	293	265
-2	14	292	263
0	10	291	265
-3	11	290	264
0	13	290	263
1	11	292	262
1	12	291	261
0	11	291	260
2	12	291	259
0	12	291	258
0	13	290	258
1	13	289	258
1	14	289	257
2	12	289	256
0	12	290	256
1	12	292	255
0	13	291	257
1	11	293	256
0	11	293	256
0	9	294	255
0	12	295	255
1	9	296	254
2	10	298	253
0	12	298	252
0	12	299	252
0	12	298	253
1	11	299	251
5	13	302	250
3	17	303	251
3	18	305	251
3	17	306	252
3	18	306	253
4	18	305	255
5	18	306	256
5	16	305	258
3	18	304	259
1	20	302	260
3	19	301	260
1	19	297	260
5	21	297	260
5	21	297	261
3	27	295	262
7	26	296	262
9	29	295	262
7	33	292	261
6	34	291	259
6	34	289	258
6	35	289	257
8	33	289	256
12	33	288	254
12	35	286	252
14	33	285	252
14	32	284	251
16	32	283	251
18	33	284	249
22	32	283	247
20	37	284	244
27	32	283	245
28	36	284	243
27	34	282	243
29	31	282	243
31	31	281	242
29	31	282	238
28	30	283	236
28	28	284	233
31	26	283	232
