316	33	228	233
326	43	226	231
325	44	226	232
327	48	224	230
326	50	221	229
329	52	217	228
333	55	215	228
335	57	212	227
332	59	210	227
333	57	207	227
334	54	205	227
335	52	202	228
334	48	199	227
331	44	195	227
329	40	192	225
325	34	189	224
322	31	187	223
321	27	185	222
317	24	182	223
316	24	180	221
310	26	180	219
307	27	178	219
302	29	178	220
298	34	179	220
293	37	180	221
288	41	180	222
284	43	181	222
282	43	181	222
279	46	181	223
277	47	181	222
276	48	179	222
275	50	178	221
273	49	177	220
271	51	176	219
269	51	175	218
265	55	174	218
265	54	174	217
259	55	173	216
255	59	173	215
252	63	172	215
249	67	170	214
249	68	169	214
248	71	169	213
250	75	169	214
252	73	168	214
250	72	168	212
252	77	168	213
255	76	169	212
251	76	169	211
253	77	169	210
256	76	168	210
255	73	167	210
256	71	167	210
261	69	168	211
265	67	168	211
270	65	169	212
276	63	169	213
280	62	170	211
286	65	170	210
291	66	170	208
295	70	170	207
301	72	168	205
306	76	167	202
312	81	165	199
317	81	164	197
322	85	163	195
328	85	162	192
334	86	161	191
340	86	160	189
345	86	158	186
348	85	157	184
354	84	156	181
358	81	155	179
359	78	154	178
360	76	153	178
364	74	153	176
364	71	153	177
363	68	152	177
363	64	151	178
364	61	150	179
362	57	150	181
360	54	150	183
359	51	150	183
358	49	150	185
358	51	149	186
357	52	150	188
360	55	150	189
360	58	151	190
362	60	150	192
365	60	150	193
367	64	149	193
370	66	149	193
371	69	149	193
372	69	150	195
374	70	152	197
373	73	153	200
373	70	154	201
373	69	154	201
368	69	154	203
366	70	156	203
363	68	157	205
360	69	159	205
358	72	159	207
357	74	159	206
360	77	159	206
359	77	159	205
361	83	159	204
365	88	159	201
368	91	159	201
368	96	160	200
365	105	169	192
360	110	177	187
362	112	185	183
364	113	190	178
369	113	191	175
378	113	189	173
381	113	187	173
383	112	186	173
387	110	185	175
390	107	185	178
392	105	186	179
393	102	187	179
395	97	190	177
397	97	190	176
398	98	190	173
397	98	193	171
397	99	194	171
396	102	197	171
395	104	199	171
395	105	200	171
396	109	201	171
394	112	202	172
392	114	203	172
390	115	205	172
389	117	206	173
386	118	207	173
386	121	209	174
385	123	210	176
383	121	212	176
380	122	215	176
377	122	218	176
377	124	219	177
378	124	218	179
380	125	218	181
380	126	218	184
384	124	220	186
389	124	222	190
395	124	224	193
401	126	226	197
402	125	227	199
407	126	228	203
412	129	228	207
415	129	228	208
417	131	229	210
420	132	226	211
423	130	221	214
422	130	217	215
416	130	215	217
411	126	213	218
408	124	211	218
403	124	208	219
399	124	207	221
392	123	206	221
384	123	208	221
380	124	207	222
372	127	208	223
364	127	210	226
359	128	211	229
352	127	211	230
346	128	212	232
340	131	212	232
338	135	211	233
336	139	210	234
336	143	212	236
336	146	212	237
337	148	212	240
336	153	213	242
336	155	213	244
332	156	213	246
333	153	213	248
330	150	212	251
326	150	213	252
329	147	211	256
329	146	209	259
332	142	205	262
331	137	203	263
325	133	207	264
320	128	212	267
322	126	215	270
322	121	218	272
327	116	217	273
325	115	219	274
329	111	220	276
332	109	220	276
331	109	221	274
334	108	221	272
340	108	218	270
344	106	215	267
341	109	215	264
346	109	215	262
347	112	213	262
348	111	211	261
342	112	211	261
342	115	210	264
334	112	212	265
337	112	210	267
340	110	208	269
336	107	209	272
335	108	209	273
335	106	209	277
334	108	209	281
333	105	210	282
327	108	208	285
326	103	210	285
322	103	212	284
320	103	210	286
321	98	209	289
323	95	211	290
318	93	215	293
321	91	216	295
316	90	215	295
315	88	215	296
311	85	218	298
307	84	220	298
306	82	223	298
301	82	222	298
302	86	222	296
301	87	222	294
303	90	220	290
306	93	218	289
306	98	217	287
307	101	215	286
308	101	214	285
315	103	213	284
308	107	215	283
306	109	215	282
303	110	218	282
302	110	220	281
300	112	220	281
301	111	220	279
299	111	220	278
298	111	219	277
299	111	218	275
297	109	216	273
298	110	216	271
301	109	214	269
302	109	212	268
305	105	215	265
303	105	213	266
298	105	214	268
298	107	215	267
301	105	216	270
302	107	216	271
309	106	218	271
313	107	220	270
317	108	217	271
325	110	219	269
331	116	221	269
330	121	222	270
333	122	222	275
331	128	226	280
332	125	230	283
328	130	233	285
327	132	235	288
330	132	238	291
333	134	241	294
327	136	245	296
324	139	246	296
324	142	246	296
319	145	246	295
319	150	245	293
319	153	243	291
318	150	241	289
318	146	240	286
319	143	238	283
320	138	233	281
320	135	230	278
321	133	226	274
323	131	222	272
319	131	220	271
316	133	219	269
317	132	216	268
318	133	214	266
317	134	213	264
314	135	213	262
314	137	212	262
316	138	211	262
314	140	212	262
314	142	213	262
310	146	215	262
311	148	215	263
311	150	215	265
309	152	215	265
313	154	212	265
310	156	211	267
309	157	210	267
311	159	209	267
312	158	207	265
311	156	207	263
312	147	205	261
305	146	205	260
302	141	205	260
301	139	204	259
299	135	202	260
300	134	201	260
299	133	200	259
296	135	200	259
300	139	198	262
302	141	197	266
304	141	196	270
308	143	195	272
309	144	194	274
312	147	194	276
314	148	194	273
316	153	194	270
321	157	193	267
319	161	191	265
319	163	190	261
318	170	188	260
314	170	186	259
317	172	184	257
313	170	184	257
311	173	183	254
313	173	181	253
308	176	181	250
310	177	179	249
305	178	179	246
307	178	178	245
301	180	178	244
303	180	177	244
302	180	177	244
302	178	176	245
299	175	175	246
297	175	174	244
298	175	175	242
294	176	174	243
286	174	173	243
278	173	173	243
274	174	173	243
272	175	172	244
274	175	171	244
274	174	170	245
278	175	170	247
281	173	170	248
278	171	172	248
277	173	173	250
272	170	175	252
270	171	177	254
270	170	179	254
268	169	179	255
269	170	179	256
272	169	180	257
275	166	181	259
277	165	184	259
281	164	186	257
284	163	188	256
285	165	189	256
289	165	191	256
295	166	192	256
299	166	193	256
303	164	192	256
307	162	191	255
310	159	191	255
312	155	190	256
319	150	189	255
326	147	188	254
334	142	186	253
340	136	187	252
343	133	186	252
348	130	186	253
352	123	187	253
356	117	187	251
361	115	187	249
366	115	188	247
370	113	190	249
376	112	193	248
379	113	196	250
382	114	200	251
387	116	204	251
391	121	208	253
396	123	212	253
400	125	216	253
400	129	220	254
402	130	223	255
402	129	226	255
401	128	228	255
398	126	231	255
397	132	233	256
395	133	235	256
392	131	236	257
389	130	237	259
382	129	239	263
373	126	241	265
367	121	244	269
362	117	246	272
359	114	248	275
353	117	251	279
349	117	253	282
343	116	255	286
336	121	258	291
335	125	261	294
329	130	264	296
330	133	266	296
331	139	265	295
335	146	265	295
339	145	263	295
336	147	260	294
335	149	257	294
333	150	256	295
332	148	256	296
333	149	255	297
333	147	254	296
334	148	255	296
334	143	257	295
332	144	257	296
335	141	257	296
333	140	257	295
331	139	256	295
331	138	256	295
329	135	256	295
331	135	255	295
329	133	256	295
327	135	257	294
328	135	258	293
327	137	257	293
330	136	257	291
329	134	257	291
327	133	256	289
325	132	255	289
324	133	254	287
322	130	252	288
319	128	251	288
317	125	250	288
314	121	250	288
309	118	249	288
305	114	249	286
299	111	249	285
295	108	249	284
292	106	249	285
285	104	250	286
281	100	251	289
281	99	251	290
279	101	251	290
282	102	250	289
285	104	250	289
284	107	250	289
287	108	249	288
286	110	248	288
287	113	247	287
290	115	246	287
289	114	246	286
291	115	246	286
289	116	246	286
290	118	245	285
286	116	245	284
285	116	244	282
283	118	244	281
279	118	244	282
276	119	243	280
271	117	243	281
266	117	243	283
262	116	242	282
259	115	242	282
258	115	242	282
254	115	242	281
250	115	242	281
250	117	241	280
247	120	240	278
245	119	239	277
245	120	239	275
238	122	239	276
239	121	237	277
238	119	236	279
238	118	235	278
236	118	234	277
235	115	235	278
233	114	236	279
231	113	238	280
231	108	239	281
235	108	239	282
233	104	239	282
232	101	240	281
228	101	241	281
224	102	244	281
222	100	246	280
229	103	246	280
224	105	257	274
207	104	269	267
197	110	282	262
189	111	294	260
192	114	302	257
190	117	310	255
191	124	315	254
188	126	323	254
185	130	331	254
186	130	337	253
188	129	340	252
193	134	339	253
196	130	337	252
198	133	336	251
200	126	335	253
199	129	335	252
201	131	335	254
201	124	335	253
204	129	335	253
208	127	333	253
213	123	330	251
221	123	326	249
227	118	322	247
234	120	319	247
239	114	314	247
252	112	309	246
249	112	304	246
259	113	300	247
254	112	302	251
261	110	302	252
258	108	304	253
259	109	307	254
260	107	311	256
254	106	315	257
255	105	318	258
262	105	319	259
265	104	315	260
274	102	311	262
282	102	305	263
291	100	298	263
300	101	291	262
310	101	286	262
316	102	282	261
323	105	279	263
330	106	277	264
334	106	276	265
341	107	274	268
345	106	275	269
351	105	275	271
355	107	275	272
359	107	277	271
358	112	278	271
362	113	280	270
368	117	279	269
371	119	282	267
373	123	286	266
379	127	289	264
381	132	292	264
386	134	293	267
393	139	292	271
395	136	294	275
392	137	296	279
395	140	294	285
399	142	293	289
397	145	291	291
395	148	289	295
397	151	286	297
399	153	282	300
395	156	280	300
392	158	278	302
390	158	275	302
390	159	271	303
390	157	267	303
390	155	264	303
387	154	261	303
385	152	259	301
379	151	260	300
380	150	259	299
378	149	260	299
377	149	262	299
377	150	263	299
376	151	263	298
376	151	264	297
381	152	265	297
377	151	266	297
377	149	265	296
375	150	265	296
375	148	265	296
371	146	265	296
364	144	265	297
364	140	262	298
361	137	259	299
359	136	257	300
352	135	255	301
347	136	253	302
338	132	253	303
331	128	252	306
