372	168	585	545
392	181	588	539
393	190	588	533
395	194	592	526
408	200	588	520
408	206	587	515
405	206	588	514
415	204	579	513
413	202	575	514
429	207	571	512
434	197	563	515
430	189	554	520
447	197	548	517
453	197	544	515
457	199	541	513
467	194	538	513
476	195	536	512
483	199	539	510
500	212	536	504
503	217	531	501
513	217	526	498
511	212	531	500
499	186	526	504
470	155	522	493
454	176	510	506
431	115	507	493
420	122	489	487
426	95	476	473
424	96	465	459
432	106	459	447
430	105	456	439
431	109	451	433
422	111	442	431
418	103	440	433
403	105	441	434
393	107	443	434
392	109	444	435
400	113	443	433
407	125	441	436
414	124	439	437
419	129	436	437
411	131	440	439
415	133	440	441
409	140	441	443
407	142	442	444
410	144	443	449
413	152	441	453
415	155	442	458
418	162	441	461
422	172	439	466
421	174	435	472
425	182	435	476
422	186	432	477
428	188	429	482
431	191	423	484
439	193	419	488
437	196	414	492
442	199	410	493
438	214	408	487
445	221	406	483
446	234	402	475
444	237	400	470
447	254	400	464
455	260	396	455
447	263	394	452
447	268	390	449
446	260	388	444
443	287	384	435
441	273	381	434
440	286	377	430
443	267	372	431
441	295	368	427
447	306	363	419
450	318	359	412
441	294	356	410
442	311	350	409
438	296	347	407
439	323	343	402
436	297	339	405
434	304	336	404
429	313	336	397
425	313	334	394
418	307	334	395
411	295	332	398
404	293	329	401
398	283	327	402
401	275	325	401
395	265	322	400
399	258	317	400
397	262	313	397
398	260	309	395
396	260	303	392
403	268	297	389
409	266	293	386
408	263	288	386
412	260	280	388
411	263	274	390
408	260	268	391
404	260	263	390
403	257	258	391
400	237	244	404
403	240	233	411
405	236	223	419
407	238	218	423
406	238	217	425
403	243	217	427
402	243	217	431
399	249	218	436
393	244	220	442
388	239	223	447
385	233	227	450
382	232	233	449
382	224	236	450
382	218	238	451
386	213	241	453
385	219	245	452
387	186	247	453
389	189	247	451
391	151	248	449
388	157	247	447
388	123	250	438
391	135	252	432
384	140	256	425
377	139	256	422
379	135	254	422
378	131	250	425
377	133	245	428
374	134	240	433
372	145	234	445
392	160	233	454
379	180	229	469
366	196	226	482
368	203	223	490
373	210	224	489
377	211	224	488
383	219	225	486
390	221	227	482
393	218	228	484
394	224	231	482
396	227	233	481
403	230	232	487
407	234	231	486
409	239	231	482
412	241	232	482
417	236	232	480
418	230	231	484
421	232	230	485
422	236	231	486
427	242	231	482
434	244	230	478
438	244	229	476
439	244	228	476
441	240	227	476
443	237	227	478
444	233	226	479
446	238	226	480
445	238	227	478
441	232	229	480
439	238	230	482
439	232	231	483
433	232	235	483
430	239	237	481
426	238	238	484
421	228	240	487
420	224	241	490
420	226	242	489
420	228	244	488
419	230	245	485
415	226	245	483
409	224	245	478
408	232	244	476
412	233	243	480
413	229	247	478
407	227	255	478
404	235	262	474
398	240	267	473
394	230	272	474
392	238	275	474
387	240	279	474
384	238	281	477
377	235	283	478
378	241	284	476
378	227	283	478
378	234	285	477
376	239	286	475
381	237	287	474
381	245	285	472
382	240	285	472
381	236	284	473
377	241	284	470
378	247	284	468
375	252	284	465
376	252	283	465
374	253	283	464
372	253	284	463
375	252	283	463
380	255	281	462
379	252	283	463
379	250	282	463
380	245	282	465
378	248	281	467
375	244	281	469
374	251	282	469
374	252	282	468
414	241	273	473
410	240	268	477
404	246	265	475
399	240	263	479
396	235	265	480
442	217	254	492
441	227	248	492
438	224	244	490
434	220	242	490
431	229	242	487
427	227	240	487
427	232	240	485
429	234	239	482
430	239	237	479
465	234	235	477
470	232	235	478
378	271	245	466
376	270	253	461
376	272	259	455
374	272	265	453
376	274	269	452
379	272	275	449
352	277	273	448
359	277	271	447
366	274	271	449
371	276	273	448
375	268	275	450
382	266	279	453
431	258	278	460
356	266	276	461
376	265	277	462
388	266	278	461
358	270	278	458
370	267	277	457
422	247	274	466
424	235	273	475
421	236	279	480
413	233	286	484
402	235	296	482
394	241	304	478
363	252	309	470
331	267	308	462
343	244	309	468
314	259	309	461
324	240	311	463
332	258	317	457
301	272	316	449
319	258	336	435
317	290	356	422
307	276	373	421
299	301	382	416
285	277	388	418
275	299	390	413
270	308	398	407
265	310	402	403
266	318	402	397
265	318	402	396
260	322	402	394
264	328	398	389
262	334	393	383
261	334	390	380
260	345	385	374
259	335	378	370
270	341	373	366
273	350	369	361
273	340	364	361
276	350	359	359
272	343	352	357
314	346	347	358
310	356	347	354
306	364	343	348
372	336	334	358
395	335	328	365
411	338	326	369
387	343	323	366
403	346	325	365
416	340	324	367
431	336	330	369
445	331	336	374
442	320	341	382
450	316	338	386
452	316	335	389
465	313	331	392
464	319	330	392
471	321	329	393
463	315	332	396
464	313	333	396
460	313	336	396
453	315	338	394
449	314	338	394
445	316	339	391
436	317	343	391
431	313	348	389
433	311	351	390
434	311	354	391
430	304	357	395
431	305	360	396
428	307	365	398
425	313	370	397
387	299	371	397
399	311	375	396
351	292	368	400
344	318	368	394
346	301	364	395
277	343	361	381
250	373	359	360
240	391	356	343
235	401	356	328
239	408	353	316
246	419	349	306
246	425	345	297
263	427	338	290
229	446	334	280
228	447	328	274
228	453	321	268
227	470	314	259
228	470	308	254
229	471	301	249
230	475	296	244
231	479	291	240
231	480	283	237
237	481	275	235
243	483	268	233
244	478	260	233
250	475	253	234
258	467	246	235
261	472	240	236
282	464	236	240
282	449	233	242
298	452	231	244
315	449	229	247
307	448	229	251
332	401	215	269
325	392	206	285
326	390	199	295
325	382	195	303
344	371	193	309
338	385	196	314
338	373	196	321
359	365	197	326
355	358	197	330
359	378	198	331
365	371	197	332
387	370	201	333
382	362	201	336
404	367	205	336
399	365	203	338
424	380	218	327
443	396	231	316
442	401	242	311
468	412	248	304
463	417	255	300
496	406	254	299
495	415	257	298
498	422	261	295
497	430	263	292
489	417	266	294
494	422	269	296
500	422	273	295
503	427	275	294
510	431	278	293
514	432	279	291
522	432	280	288
529	434	282	285
535	436	284	282
543	439	285	279
548	442	287	276
553	447	287	273
555	449	289	270
560	454	290	266
565	455	290	265
567	463	293	260
565	468	295	256
573	476	298	251
568	480	301	245
589	492	299	239
581	502	301	228
575	508	305	219
570	516	308	212
564	523	310	205
563	530	309	200
560	537	308	193
548	542	304	186
555	549	304	181
555	558	306	174
539	560	303	169
541	563	300	165
527	565	294	161
520	566	288	158
513	565	280	157
493	566	276	156
437	564	274	156
660	455	276	152
748	505	262	166
765	528	256	174
759	526	251	179
737	496	246	184
725	489	239	189
732	484	235	189
718	481	228	189
708	477	221	188
712	494	219	191
698	484	215	190
676	489	213	193
680	477	207	193
698	474	203	195
697	471	198	197
696	469	194	199
704	462	181	210
709	456	169	218
716	453	160	226
622	466	169	218
633	467	179	213
620	475	184	210
612	482	188	209
627	462	193	207
649	463	199	208
645	464	203	209
704	467	186	226
708	470	175	236
685	463	168	245
713	464	161	252
688	457	158	256
713	462	153	259
712	462	150	261
685	456	151	262
683	461	151	261
681	462	152	260
678	462	153	259
677	464	154	258
675	459	154	260
672	455	154	263
670	452	154	265
667	449	155	268
663	445	156	271
686	443	154	274
680	440	154	278
677	442	153	280
672	444	155	279
667	440	155	280
661	437	156	283
683	437	155	284
679	432	154	286
675	428	153	288
671	424	153	290
668	423	152	291
663	421	152	291
661	419	150	293
657	415	150	295
652	412	149	297
648	409	149	299
646	407	148	301
641	405	148	302
640	395	147	303
636	399	146	306
632	399	145	308
629	399	145	309
628	390	140	318
625	383	138	326
602	379	135	334
603	374	133	342
605	371	134	348
605	364	134	352
607	362	135	355
606	363	138	357
580	362	138	362
585	366	140	363
585	374	150	355
586	381	157	350
580	392	165	341
575	399	171	335
550	399	173	330
561	403	174	326
568	419	178	319
541	423	181	314
545	431	183	308
545	456	196	290
512	468	208	274
506	482	219	257
495	487	225	245
488	498	231	232
478	503	234	222
476	517	237	214
474	514	233	209
502	526	236	203
500	523	231	199
501	516	223	199
532	531	222	195
544	530	216	192
532	502	200	201
546	482	185	214
556	487	172	221
589	490	163	226
638	473	159	233
659	426	169	223
659	426	176	215
665	426	179	211
674	464	181	211
678	479	181	213
676	482	174	223
683	465	163	235
689	463	157	242
694	459	149	249
700	434	141	259
708	428	132	269
728	451	131	266
727	446	129	265
747	471	132	259
745	469	132	256
793	475	135	251
819	492	149	238
819	480	158	232
874	493	166	224
871	485	171	220
871	497	176	214
871	489	178	212
875	502	180	208
878	510	182	203
879	500	183	203
881	509	181	201
888	517	181	198
887	522	179	193
868	508	177	196
820	515	181	195
823	522	186	194
825	501	185	200
844	503	186	203
841	503	186	206
857	504	189	207
852	505	188	209
841	501	185	211
834	495	185	213
826	490	187	215
823	486	189	218
821	486	192	218
823	485	194	221
822	485	196	223
823	483	198	225
822	480	199	228
820	481	201	230
817	480	204	231
815	481	208	232
811	480	212	232
805	482	215	232
800	481	219	233
795	478	221	233
789	475	224	233
783	477	228	233
798	472	227	234
786	469	230	236
804	471	228	236
794	469	230	236
785	467	232	237
804	467	231	237
797	469	231	235
815	466	227	237
811	468	225	237
807	473	224	234
811	457	224	235
813	463	222	237
819	453	221	236
823	464	219	237
822	472	217	235
829	458	217	234
832	468	216	235
832	476	216	232
838	462	216	232
843	470	214	233
846	475	213	231
851	464	213	230
852	470	212	231
852	471	213	231
862	453	211	231
866	459	210	232
871	447	209	231
874	455	208	231
895	463	205	233
890	446	204	233
887	457	204	232
892	467	203	231
891	452	203	230
895	439	202	228
897	446	200	224
903	433	198	222
903	441	197	220
906	427	195	216
910	435	193	215
911	419	191	211
916	426	189	207
918	432	186	205
920	416	184	200
923	423	181	196
924	408	179	192
925	414	176	189
926	403	174	185
928	407	170	183
929	392	169	179
932	393	165	176
931	379	164	172
930	381	161	170
930	383	159	167
1017	484	160	165
1018	506	163	163
1014	505	167	161
1012	505	168	165
1005	504	169	166
1002	496	171	169
999	489	171	170
991	485	170	172
986	478	169	175
984	473	166	176
979	470	163	176
978	468	162	175
975	467	162	174
976	463	160	172
975	463	157	173
977	461	155	172
972	460	154	171
970	463	154	171
967	465	154	169
965	466	154	167
962	468	152	169
959	474	151	168
956	477	151	168
951	493	152	166
949	494	152	165
950	496	151	164
949	499	152	162
948	502	151	161
944	504	152	160
942	507	152	160
935	511	154	158
932	516	155	156
924	516	158	156
922	517	157	156
917	518	157	156
914	519	157	156
912	518	157	156
909	516	157	157
907	523	159	154
883	536	158	155
884	534	160	153
885	526	158	154
881	520	159	154
874	536	160	154
867	533	162	154
862	533	161	155
856	525	160	156
848	519	159	157
862	495	160	154
861	493	161	152
857	491	161	150
854	487	161	149
829	502	161	147
848	480	161	145
849	466	161	145
822	497	162	143
814	554	157	151
805	556	157	154
819	556	155	157
809	540	155	162
820	541	153	166
811	520	153	173
806	522	155	178
803	520	156	181
817	520	157	184
809	520	158	186
799	499	158	190
791	499	160	194
803	475	160	199
795	474	161	203
796	466	153	214
817	455	148	223
795	449	145	229
814	446	145	232
809	438	144	235
830	438	144	235
806	437	142	239
803	433	141	241
800	427	140	243
797	421	139	244
817	422	140	244
815	421	139	242
790	435	138	244
810	425	136	245
833	417	136	243
805	415	136	245
801	412	136	247
818	405	138	246
817	398	138	245
812	412	137	245
811	406	137	246
807	403	136	245
804	397	134	245
801	391	133	246
771	433	134	250
791	427	128	257
786	417	124	263
782	409	122	268
779	399	122	270
776	418	121	274
774	413	120	279
773	404	120	282
790	396	120	285
758	414	125	281
779	404	125	282
796	397	125	284
790	409	124	286
786	403	125	285
783	417	126	285
779	408	126	285
798	398	128	282
789	414	132	277
780	403	137	273
772	415	140	272
765	424	143	270
815	378	143	272
813	386	144	273
806	424	149	272
798	433	153	271
792	424	154	273
808	437	157	271
800	429	159	275
824	403	157	282
823	407	156	287
816	307	158	282
810	293	161	273
807	293	166	264
810	310	167	259
814	322	169	253
819	324	172	247
823	344	173	243
830	359	173	241
836	376	171	240
842	378	173	237
840	383	176	233
844	394	176	231
846	404	178	228
847	429	179	228
846	435	180	226
846	446	181	227
844	457	182	229
843	468	184	229
842	475	185	230
841	482	187	229
840	488	189	228
840	492	190	227
841	495	190	225
839	500	191	223
838	504	191	221
837	513	198	213
838	517	203	207
842	522	203	202
841	526	205	198
839	527	206	195
837	529	208	192
834	530	207	191
827	530	207	192
828	530	207	191
827	529	206	191
824	529	206	192
825	530	205	192
826	530	204	192
823	529	204	192
823	527	205	192
826	526	204	193
827	524	203	195
825	522	204	196
824	519	205	199
824	516	205	201
825	515	205	203
824	512	205	205
823	507	206	208
825	505	207	210
825	499	207	212
827	496	207	213
828	492	205	215
832	487	205	218
833	481	205	220
835	474	210	223
835	470	215	224
831	465	218	227
827	459	219	231
827	451	220	234
830	445	222	236
834	435	225	239
836	428	227	241
838	420	230	243
837	407	231	245
838	401	231	245
834	381	229	243
837	379	227	242
840	370	224	241
838	361	223	239
842	356	221	237
840	347	219	234
842	341	219	233
844	336	219	230
848	335	218	229
849	327	216	227
853	325	216	225
854	317	215	224
858	316	214	222
858	308	212	220
860	304	211	218
860	297	210	216
861	289	209	213
862	283	208	211
864	276	207	209
864	270	206	207
867	265	205	204
869	259	203	203
872	254	202	203
875	249	200	202
879	243	199	204
883	226	199	202
886	222	199	202
884	215	198	203
886	197	198	200
887	196	198	201
889	194	198	200
888	189	198	200
889	185	197	199
887	181	198	199
902	164	198	197
902	169	198	194
902	167	200	192
906	168	200	189
911	166	199	187
916	163	198	186
919	157	198	187
921	154	198	186
925	151	198	186
929	146	198	186
930	145	199	186
930	144	198	188
931	143	199	189
930	143	199	190
929	140	200	190
928	135	202	190
927	132	204	190
929	133	204	190
928	129	206	189
932	131	205	189
932	130	206	189
935	128	206	189
938	128	206	189
942	127	206	188
946	125	206	188
948	119	207	188
949	115	208	189
950	110	209	188
954	107	208	188
954	103	209	188
956	103	209	189
956	101	208	190
958	99	208	190
963	97	206	189
968	96	205	189
971	93	204	190
976	91	204	189
980	88	203	190
983	82	202	191
989	79	200	193
992	74	199	193
994	68	200	193
999	66	198	192
999	61	200	191
999	61	200	189
1000	60	199	187
1004	61	199	186
1006	60	199	184
1012	58	199	183
1015	55	199	183
1022	53	199	183
1026	49	200	183
1032	46	200	183
1035	44	201	184
1039	41	202	186
1041	39	202	187
1047	37	201	188
1051	36	198	190
1058	36	196	189
1060	32	197	188
1059	24	197	187
1060	24	197	186
1062	19	197	184
1065	19	195	183
1070	20	193	180
1071	19	191	178
1075	19	189	175
1078	16	186	172
1076	13	184	170
1073	11	183	169
1070	9	180	170
1072	8	178	171
1068	3	177	170
1068	1	175	170
1067	1	175	168
1046	6	177	167
1049	7	177	166
1049	-5	180	162
1049	27	181	158
1048	33	182	152
1047	37	183	147
1046	22	182	144
1046	22	181	140
1043	5	181	137
1045	5	179	135
1045	2	177	133
1043	-1	175	131
1044	-4	175	129
1046	-10	175	127
1025	-11	186	117
1019	-11	196	110
1013	-12	205	104
1004	-10	216	96
989	-6	227	89
980	-5	232	85
975	-3	236	83
980	-2	237	82
972	0	237	82
923	102	220	100
934	123	206	115
945	105	191	133
939	84	175	152
951	87	161	168
960	68	148	184
966	53	139	194
970	60	134	202
960	45	128	208
1026	29	122	217
1046	26	116	225
1044	10	110	231
1044	15	105	237
1044	7	102	240
1044	2	100	242
1045	9	98	246
1083	160	102	236
1062	188	106	228
1079	223	108	221
1076	215	109	216
1075	225	110	212
1099	262	110	209
1078	235	110	206
1077	225	109	204
1076	238	108	201
1077	251	107	197
1074	242	107	193
1090	258	107	192
1069	248	109	186
1089	260	110	182
1071	232	108	180
1087	243	107	179
1090	253	105	177
1092	247	103	176
1098	258	100	176
1097	256	100	175
1096	254	99	174
1097	252	98	174
1097	249	98	175
1081	242	97	173
1080	235	96	172
1081	229	96	169
1083	224	95	167
1084	236	95	164
1086	230	95	161
1087	224	94	157
1088	233	93	155
1085	225	101	142
1079	229	106	131
1076	234	108	123
1069	239	111	117
1072	245	112	111
1064	249	112	108
1060	254	112	105
1050	243	110	103
1040	246	107	102
1054	249	105	101
1046	251	103	100
1050	253	101	101
1040	240	98	101
1043	243	96	101
1032	243	96	100
1050	245	94	101
1051	248	94	101
1043	249	93	99
1044	249	92	98
1045	249	92	96
1045	249	91	95
1045	252	90	94
1036	241	89	93
1037	239	87	92
1039	235	86	92
1040	232	83	93
1040	231	82	93
1040	230	81	92
1039	230	80	91
1038	230	79	91
1039	232	78	91
1038	236	79	88
1033	237	78	86
1030	238	78	84
1026	240	77	83
1021	239	76	82
1018	240	76	81
1018	242	77	80
1006	242	77	80
1005	237	76	81
1004	239	77	79
1002	238	78	79
1000	237	78	77
993	234	78	77
992	235	78	76
988	235	78	75
982	236	77	75
969	232	77	74
968	229	76	73
963	227	76	72
958	226	75	72
954	224	74	72
948	222	73	71
947	222	73	71
946	222	73	70
942	223	74	69
937	224	73	69
932	225	72	69
932	228	70	70
929	229	70	70
926	232	70	71
923	234	70	72
919	237	70	72
917	240	69	73
914	243	68	73
911	247	69	74
911	250	69	74
904	254	69	75
902	257	69	76
897	258	71	76
896	261	71	76
891	261	72	76
891	263	73	76
891	264	73	76
892	266	74	76
892	267	75	75
890	269	76	76
890	269	76	75
891	268	76	75
891	270	76	76
893	273	75	76
893	274	75	78
896	268	76	79
897	271	75	80
899	273	75	80
900	276	75	79
902	269	75	79
903	270	76	78
913	272	76	78
914	274	76	77
