799	589	56	68
798	587	54	66
800	585	52	65
800	586	51	65
800	583	50	64
800	583	49	63
802	581	49	63
802	580	48	63
802	578	48	64
802	577	49	65
802	576	49	67
802	576	50	68
801	576	51	69
801	574	51	70
800	574	52	71
799	574	53	71
800	574	54	72
800	573	55	72
799	572	56	72
799	573	58	72
798	573	59	72
798	572	60	72
797	573	61	72
794	573	61	73
796	572	62	72
794	572	62	73
796	572	62	73
793	572	63	72
792	570	63	72
791	569	64	72
799	569	69	68
797	569	73	65
796	570	76	63
796	569	78	62
800	571	81	60
803	570	82	59
817	569	82	59
832	565	81	60
837	565	82	59
848	566	83	58
866	565	84	59
898	560	83	65
909	553	84	69
916	549	85	72
912	548	86	74
914	549	86	77
912	547	86	80
912	546	86	82
911	546	87	83
912	546	87	85
912	545	88	85
914	544	89	85
914	544	89	85
916	543	89	85
918	542	89	84
921	541	88	84
924	538	86	83
928	536	84	82
931	534	82	80
933	534	80	77
936	533	78	75
938	533	77	72
938	534	76	70
940	534	75	68
941	535	75	66
941	535	75	65
942	533	75	64
945	532	75	63
953	524	75	63
955	519	76	62
954	520	77	62
954	520	77	61
957	516	77	61
955	516	78	61
970	504	79	61
974	503	79	61
973	503	80	61
975	501	80	61
976	501	81	61
977	501	82	61
977	501	83	61
978	500	85	62
978	500	87	62
979	501	90	62
979	500	92	62
980	499	95	63
980	499	97	63
979	498	100	63
981	498	102	63
981	497	103	64
982	497	104	64
981	496	106	65
984	496	106	65
983	496	106	66
985	496	106	67
985	496	105	67
986	496	106	66
986	497	107	65
986	497	105	65
988	497	104	65
989	496	103	66
991	496	102	66
993	496	102	67
993	496	102	68
997	496	102	69
998	495	103	69
999	495	104	70
1000	494	105	70
1002	493	106	70
1002	494	107	70
1005	493	108	70
1005	493	107	70
1010	492	106	70
1009	490	107	70
1010	491	108	69
1012	491	108	69
1014	490	109	68
1014	491	110	68
1017	490	111	67
1015	490	113	67
1018	490	114	67
1018	490	115	67
1018	490	115	67
1019	491	115	67
1022	491	115	67
1022	491	116	68
1023	492	116	68
1024	493	116	68
1027	493	115	68
1027	493	114	69
1029	494	113	69
1030	493	112	70
1030	494	112	68
1030	495	112	67
1031	495	110	67
1031	496	109	67
1035	495	106	67
1038	496	104	67
1040	495	102	68
1041	496	101	68
1046	497	99	69
1049	497	98	69
1048	497	97	70
1052	497	96	69
1056	499	95	69
1056	500	94	69
1057	500	93	69
1059	501	93	69
1059	502	94	69
1058	502	94	70
1058	503	94	71
1057	502	95	72
1055	502	96	72
1053	501	97	74
1053	500	98	75
1052	501	98	76
1051	501	99	77
1052	499	100	78
1053	498	101	78
1055	499	101	80
1055	500	102	80
1056	501	102	82
1058	500	103	84
1060	499	102	85
1063	497	101	87
1064	498	101	87
1064	497	101	87
1063	496	101	87
1062	498	102	86
1061	497	103	85
1058	497	103	84
1055	499	104	84
1055	499	105	84
1054	499	106	83
1051	499	107	83
1048	499	108	83
1047	499	108	83
1046	500	108	82
1045	500	108	82
1041	500	109	81
1039	500	109	80
1038	501	110	80
1037	502	111	79
1032	503	113	78
1031	504	115	77
1031	504	117	76
1029	505	118	75
1026	507	120	75
1026	508	122	75
1025	509	124	76
1020	509	126	76
1018	511	128	77
1015	511	130	78
1013	511	131	79
1010	512	132	79
1008	513	133	79
1005	514	134	80
1005	514	135	80
1003	514	135	80
1002	514	136	81
1002	514	135	81
999	514	136	82
1000	515	136	82
997	516	136	83
995	517	136	83
995	517	137	83
994	516	137	84
991	516	138	84
990	516	138	84
989	517	138	85
987	518	139	85
986	518	140	85
985	520	141	86
982	520	141	86
982	519	142	87
978	522	142	87
977	523	143	87
975	523	143	87
975	524	143	88
973	523	142	88
973	524	142	88
970	525	141	88
970	526	141	89
965	528	141	90
965	528	142	90
963	529	143	90
960	529	143	91
957	530	142	92
956	530	142	93
955	530	142	93
952	530	142	93
950	530	141	93
950	531	141	94
948	532	142	93
946	531	141	94
944	531	141	94
944	531	141	93
943	532	141	93
940	533	140	91
937	531	138	91
939	533	135	91
937	531	134	89
937	531	132	88
935	530	132	86
934	531	132	85
933	532	132	84
933	532	132	82
930	533	131	82
927	534	131	81
929	534	131	81
926	536	130	81
925	536	131	81
922	536	131	81
922	537	131	81
920	538	131	82
917	537	132	82
916	537	132	83
914	538	132	84
913	538	133	85
910	539	133	87
908	541	136	87
906	541	139	87
904	540	141	87
901	541	142	88
899	542	143	89
895	544	145	90
891	545	147	92
889	544	148	93
887	544	149	94
886	543	150	95
884	544	151	96
881	544	152	97
879	544	153	97
877	545	153	98
873	543	155	98
870	546	155	98
869	546	155	97
868	547	154	97
869	547	152	96
871	549	149	96
871	549	147	96
872	550	145	95
873	550	143	95
870	549	140	96
874	550	134	99
876	549	129	101
877	550	125	103
876	549	122	104
879	549	118	105
879	548	116	105
879	549	114	105
879	549	111	105
878	550	110	104
878	549	108	104
878	550	106	103
873	551	105	102
873	551	104	101
873	552	102	100
870	551	101	98
867	552	100	97
867	553	99	96
866	554	96	95
865	553	95	95
862	554	94	95
863	553	94	95
862	553	94	94
860	552	94	95
860	553	96	95
855	554	96	95
856	553	97	94
855	553	98	93
852	553	100	92
849	552	101	92
848	552	103	92
845	552	105	92
843	551	106	91
842	550	108	91
841	549	109	91
837	550	111	91
834	551	113	92
831	551	116	92
829	551	118	92
825	553	121	93
820	552	125	93
817	553	128	93
812	553	132	93
808	553	135	93
803	554	139	93
798	555	142	93
793	555	145	93
789	555	148	94
783	555	153	93
780	557	158	93
776	559	162	93
774	558	166	93
770	560	169	94
768	561	171	94
765	561	173	94
763	560	173	94
762	561	171	94
763	559	170	95
763	561	169	95
762	561	167	95
759	563	165	96
758	561	164	96
757	563	162	96
755	563	160	97
755	564	158	97
758	564	155	97
757	563	152	97
754	564	150	97
753	563	148	97
751	565	147	97
750	564	146	97
748	565	146	97
746	567	145	98
744	567	145	98
742	567	144	98
741	568	143	98
737	567	142	96
738	568	142	95
739	566	141	93
737	568	140	90
735	568	140	86
735	569	139	84
730	568	139	81
730	572	139	79
726	572	139	78
724	572	139	77
724	573	140	76
722	572	140	76
718	573	141	77
715	573	142	78
714	572	144	78
710	573	145	79
707	573	147	81
705	572	148	82
703	571	149	83
702	570	150	85
697	570	151	86
696	568	152	88
694	567	153	90
693	567	154	91
689	565	155	91
686	567	157	92
683	564	159	93
679	564	161	94
674	563	164	94
673	564	167	94
668	565	169	95
667	564	171	96
662	562	173	98
660	563	176	100
655	564	178	103
654	563	180	105
651	565	181	108
647	566	182	109
646	564	182	110
645	564	183	111
646	568	182	111
642	569	182	112
642	570	181	112
642	572	180	113
638	575	179	113
637	574	173	116
638	574	168	118
635	575	165	120
634	574	162	120
631	573	159	120
629	573	156	120
627	573	156	120
623	573	156	119
621	572	155	118
621	573	154	117
620	575	154	115
616	575	155	115
616	576	155	114
611	574	156	113
611	575	156	112
607	574	157	111
606	574	157	110
606	574	158	108
604	575	158	106
604	576	159	104
601	579	162	99
596	582	165	96
596	584	167	93
594	585	169	92
592	586	169	90
586	587	172	89
585	588	172	88
583	588	173	88
582	589	173	87
572	589	176	87
573	589	178	88
569	589	180	89
567	588	182	90
565	588	182	91
564	587	182	92
561	586	182	93
559	586	182	94
556	586	182	94
554	586	182	94
552	586	183	94
548	585	183	95
545	585	183	95
542	586	183	95
542	586	184	96
540	586	185	96
535	585	186	96
533	586	186	96
529	584	185	97
529	586	187	97
525	588	187	97
521	589	187	97
518	590	188	98
518	589	189	98
513	591	188	99
514	593	188	100
510	590	189	100
509	593	189	101
505	595	189	101
503	596	189	102
501	595	188	103
498	596	188	104
494	598	187	105
492	596	186	108
489	599	186	109
482	598	186	110
484	599	187	112
480	599	187	112
477	599	188	112
471	600	187	112
468	599	187	112
463	600	188	111
459	599	188	110
455	599	188	109
452	600	187	107
451	598	186	105
446	596	188	103
436	598	192	99
433	599	195	95
426	600	198	92
419	602	202	90
406	602	206	87
403	602	208	84
393	605	214	83
384	607	217	83
381	607	220	84
375	608	222	87
375	608	223	89
373	607	223	93
373	607	224	97
372	604	224	101
372	602	223	104
372	601	223	106
371	597	222	108
372	596	221	109
372	594	220	109
373	594	219	108
371	595	216	109
370	596	215	110
369	596	213	112
370	596	212	112
366	595	211	113
364	597	211	113
358	595	212	113
355	595	213	113
348	596	213	113
341	595	213	113
342	596	215	112
339	594	216	112
338	595	218	111
335	597	219	109
335	597	220	108
334	598	221	106
331	599	222	105
329	599	222	105
326	600	223	105
326	598	223	105
312	599	221	105
312	602	220	105
310	604	218	106
309	602	216	107
304	604	213	108
307	606	211	108
305	608	210	109
306	607	210	109
302	607	208	109
301	606	206	109
302	606	204	109
301	606	202	109
303	605	198	110
304	604	195	110
306	604	193	109
308	604	190	109
311	603	186	108
313	604	182	106
315	603	178	104
317	604	175	102
320	601	171	100
323	601	167	98
325	603	163	95
324	600	159	93
326	598	154	91
329	598	150	89
331	598	145	88
332	599	141	87
334	597	136	87
336	598	133	87
338	597	129	87
344	596	125	87
347	594	115	90
355	593	109	93
359	591	104	96
365	590	101	98
368	588	102	99
368	588	104	99
367	586	108	100
368	586	112	101
367	585	118	101
366	584	123	101
367	584	130	101
364	583	135	101
368	582	141	101
366	581	145	102
367	580	152	99
367	582	160	97
367	581	168	95
368	582	175	94
367	583	181	93
367	582	186	93
365	581	191	93
365	580	195	92
367	580	198	92
368	580	200	91
370	580	201	90
371	580	202	89
373	580	201	88
375	580	200	88
379	580	199	88
382	580	198	87
384	580	199	86
386	579	199	86
393	582	199	86
397	585	200	88
400	583	201	88
400	584	202	89
406	584	203	89
411	584	203	91
413	587	204	92
413	586	201	96
422	586	199	99
424	586	197	100
425	585	196	101
429	584	196	101
433	583	195	102
435	582	195	102
436	582	195	102
440	581	194	101
444	575	196	98
445	578	197	95
446	578	197	92
448	578	197	90
451	578	197	87
453	578	198	84
456	577	197	82
459	578	195	81
462	578	194	80
469	577	191	81
470	577	188	81
473	576	186	82
481	576	183	83
482	575	180	84
487	574	177	85
491	573	175	86
497	573	172	87
502	573	169	88
505	572	167	89
508	572	164	89
515	571	162	90
516	571	160	90
522	570	159	90
524	570	158	90
530	569	157	90
535	569	157	89
537	569	158	88
541	569	159	88
546	569	161	87
546	569	162	86
548	569	163	85
545	569	163	85
551	569	164	84
551	568	164	83
555	568	164	83
555	569	164	83
559	567	165	82
564	568	166	81
564	569	166	82
565	569	166	82
569	571	167	82
570	569	167	84
572	570	169	84
574	571	169	85
578	573	171	86
578	571	172	87
583	575	174	87
581	574	175	88
585	576	177	90
590	576	180	91
590	576	183	92
589	575	185	94
591	577	186	96
591	575	187	98
593	575	188	99
595	574	189	100
599	574	192	101
600	574	193	102
603	572	196	101
605	574	200	100
608	571	204	99
608	569	206	99
609	569	207	97
612	568	206	96
609	568	206	94
609	568	204	93
611	567	203	92
612	568	202	91
615	568	199	91
617	568	197	91
626	568	193	90
629	567	191	89
632	567	189	91
635	566	188	93
639	565	187	94
640	565	186	95
645	563	185	97
651	565	186	98
651	562	187	98
650	563	187	99
657	563	188	99
659	563	190	100
662	563	191	101
665	563	193	102
666	562	193	102
667	562	193	102
665	563	193	103
667	562	193	103
673	561	193	103
673	561	193	102
674	562	192	103
679	560	191	103
681	560	190	103
683	559	190	103
684	559	189	103
685	557	189	103
689	559	189	103
694	559	188	102
694	558	188	102
697	557	188	101
700	556	188	100
701	558	189	99
702	557	189	98
703	559	189	97
711	561	189	97
708	559	188	97
715	563	189	97
716	564	188	98
721	566	190	98
721	567	190	99
723	566	190	100
724	566	190	101
727	565	189	103
728	566	188	103
731	565	187	104
729	566	183	104
738	567	181	104
739	566	179	103
740	567	175	103
741	565	173	102
745	565	171	100
748	565	169	98
749	565	167	96
751	565	166	95
755	563	164	94
758	564	162	93
761	563	161	92
765	562	159	92
769	561	158	91
772	562	157	89
771	562	156	88
775	563	155	88
776	560	155	88
780	561	154	89
779	559	153	89
781	560	152	89
785	559	151	89
786	560	152	89
786	558	152	90
786	559	152	90
787	559	152	91
789	558	152	91
790	559	152	92
791	558	152	92
794	559	152	92
794	560	152	92
796	558	152	93
800	559	152	92
804	558	152	92
805	558	152	92
807	560	152	92
809	557	153	92
812	557	154	92
815	555	157	92
817	554	160	92
817	555	163	92
821	554	165	93
821	553	168	93
823	552	169	93
823	550	170	94
825	552	170	95
825	552	168	96
827	552	168	97
827	552	166	98
832	553	165	99
835	551	161	100
838	552	159	100
841	553	156	100
847	553	153	99
850	553	150	99
855	554	147	99
858	554	144	98
863	555	141	98
867	557	138	97
871	558	137	97
873	557	135	96
877	559	134	95
879	559	132	94
879	559	131	94
881	559	130	93
883	559	129	91
884	560	129	89
885	560	128	87
888	560	128	85
889	561	127	84
888	561	127	84
891	560	127	84
891	559	126	84
892	559	126	85
894	557	127	85
893	558	127	86
895	556	128	87
896	555	128	88
896	553	129	88
897	552	130	89
898	549	131	90
900	548	132	91
900	548	133	91
900	548	134	91
902	548	136	92
902	546	138	93
903	545	140	95
902	544	142	96
906	542	143	99
907	540	145	101
908	538	146	103
909	537	149	104
913	536	153	105
916	536	155	106
919	535	158	106
920	534	161	106
923	533	164	106
924	532	167	107
925	531	169	108
926	530	170	109
926	530	176	106
924	531	180	104
923	530	184	103
919	531	187	103
916	531	191	103
914	531	194	103
912	529	196	102
911	528	198	104
909	528	201	105
908	528	205	107
906	528	210	108
904	528	212	109
905	528	214	111
911	529	215	112
923	529	212	111
916	530	212	113
911	530	212	113
924	532	209	112
922	533	208	112
917	534	207	112
964	524	183	123
972	529	168	126
979	530	155	126
987	529	144	125
994	530	135	123
1001	529	127	120
1004	530	122	115
1008	532	117	111
1013	531	113	105
1016	531	111	100
1019	533	108	96
1021	533	106	92
1023	535	104	88
1025	536	103	86
1028	535	102	85
1028	535	101	84
1032	534	101	85
1032	534	101	85
1034	532	102	87
1035	531	102	88
1037	530	103	89
1039	529	104	90
1039	527	105	92
1041	526	106	93
1042	526	108	95
1043	525	110	96
1044	524	111	97
1046	523	113	99
1048	524	116	99
1048	524	119	99
1051	523	122	100
1050	524	125	100
1054	524	128	100
1055	525	132	99
1056	523	136	100
1056	524	139	99
1059	521	143	99
1062	520	147	99
1063	522	151	99
1063	519	153	99
1066	517	155	99
1070	517	157	99
1068	516	157	99
1073	516	158	98
1077	515	159	99
1078	515	159	98
1079	515	160	99
1082	516	159	100
1088	517	158	101
1090	516	161	101
1091	518	163	101
1093	518	165	101
1095	519	164	102
1096	518	163	105
1096	519	163	107
1099	519	161	108
1101	519	158	108
1102	519	155	109
1103	519	152	109
1106	521	149	108
1108	522	146	107
1111	523	143	106
1118	524	141	105
1122	526	139	104
1122	525	136	101
1125	525	133	98
1127	525	130	95
1128	526	127	92
1131	525	126	89
1134	525	124	87
1135	525	122	85
1138	525	121	83
1141	525	120	81
1141	526	118	81
1143	526	118	81
1144	526	117	80
1147	525	117	81
1147	525	117	82
1150	524	118	83
1150	525	119	83
1152	523	119	84
1152	524	120	85
1152	523	121	86
1153	524	122	87
1155	523	124	88
1155	522	126	89
1155	522	128	90
1156	521	130	91
1158	521	132	92
1157	520	134	92
1158	521	136	92
1161	519	136	93
1164	519	138	94
1163	519	141	94
1166	519	145	94
1167	518	149	95
1168	518	152	95
1167	517	154	96
1169	516	155	97
1171	517	158	97
1173	517	160	99
1174	517	162	100
1175	518	164	102
1175	520	166	104
1181	522	168	105
1183	524	169	106
1185	527	169	108
1187	527	169	110
1193	529	171	109
1198	532	172	110
1198	532	173	109
1206	534	173	109
1220	536	175	109
1224	536	177	110
1232	539	179	111
1235	538	181	112
1249	543	183	112
1250	542	185	113
1263	545	188	113
1264	546	190	113
1284	547	193	112
1284	549	195	112
1290	550	197	112
1300	554	199	111
1310	557	202	110
