428	412	304	160
413	410	295	158
410	409	285	157
408	407	275	155
402	401	266	155
397	400	256	153
391	397	244	152
386	398	234	150
356	413	230	149
336	414	228	150
312	430	231	150
289	430	232	151
287	428	233	154
283	430	235	156
284	432	238	157
305	415	230	165
316	406	223	172
330	397	213	176
332	406	206	179
341	395	200	182
347	386	194	185
351	381	189	187
355	376	186	192
338	400	192	189
339	398	196	189
341	396	198	189
317	448	218	174
309	453	230	163
307	454	237	156
302	471	242	150
322	467	241	146
305	483	240	142
326	462	239	140
307	478	240	137
330	473	238	135
313	474	238	134
341	471	237	133
326	471	237	133
391	445	243	130
387	441	248	130
398	431	252	130
392	425	255	133
392	419	257	137
393	411	257	142
399	403	260	147
409	390	263	154
415	378	265	161
418	371	260	171
417	373	255	179
413	378	252	183
411	381	250	186
410	384	248	187
408	384	246	190
404	388	244	192
403	392	243	193
396	392	242	196
391	392	240	201
383	394	237	203
372	401	238	205
368	404	233	208
372	411	230	210
374	417	226	211
375	417	223	213
369	420	221	214
367	425	219	214
358	447	213	214
351	453	208	212
341	464	203	210
333	476	199	207
323	486	195	205
316	500	193	206
306	503	191	205
285	511	191	202
280	520	192	197
269	528	193	191
264	537	191	185
261	547	190	178
257	552	188	174
234	554	189	171
170	579	203	158
185	580	207	150
175	583	211	143
159	588	219	138
139	593	228	132
119	574	242	129
129	549	256	131
126	544	270	138
144	537	287	143
147	538	307	148
142	537	324	153
137	538	345	158
130	539	366	162
121	539	391	165
109	540	408	169
98	540	426	173
88	539	443	177
77	538	456	180
65	537	467	182
64	534	474	185
58	533	479	188
50	533	484	190
53	534	485	191
47	540	490	190
45	544	494	188
46	545	496	186
47	546	498	185
52	546	501	185
56	547	501	185
67	546	499	185
74	546	498	185
82	544	496	186
80	544	495	184
85	548	492	183
93	546	489	182
97	543	487	183
101	543	484	183
101	544	483	183
102	549	483	180
105	552	484	176
104	555	486	173
112	559	484	170
119	564	484	166
125	569	480	162
124	570	481	158
77	574	489	153
125	575	487	151
134	576	482	149
79	578	481	146
117	582	476	146
288	588	468	145
277	592	462	143
291	596	456	141
272	599	447	138
257	602	439	137
251	603	430	135
237	603	422	134
118	604	419	134
145	606	412	133
234	607	404	131
214	608	394	129
229	610	389	125
202	612	377	124
169	613	368	123
125	616	367	121
140	620	366	119
159	623	364	117
191	627	367	114
235	631	368	113
287	607	367	114
277	612	366	114
272	614	366	114
267	617	365	113
282	617	365	113
252	621	363	113
268	623	362	112
259	624	362	112
250	625	362	112
238	625	362	112
257	627	362	112
245	629	362	112
239	631	362	112
237	632	362	112
224	631	362	112
242	634	362	112
232	635	362	112
223	635	362	111
216	635	362	111
233	637	361	110
272	405	345	115
265	381	331	113
232	382	319	111
257	384	306	108
254	385	295	104
253	386	285	100
272	387	273	96
280	389	261	92
285	390	250	88
287	390	241	84
286	390	233	82
280	390	229	79
285	390	227	77
287	389	224	76
290	388	221	74
294	385	218	73
295	385	214	71
299	385	211	69
301	384	207	67
303	383	203	65
307	383	198	64
310	381	194	63
312	379	191	62
316	376	188	64
321	374	183	66
324	372	179	68
330	369	174	69
336	366	169	70
343	364	165	72
350	362	160	72
357	360	155	73
362	358	150	74
366	356	147	74
371	356	143	74
373	358	139	72
376	361	136	70
379	362	133	68
385	363	130	66
389	364	127	65
396	364	123	64
403	363	121	63
410	356	118	62
419	356	111	65
428	356	105	67
428	356	101	67
434	356	97	67
437	356	95	66
438	357	94	65
444	355	93	64
449	353	91	63
455	351	89	62
463	348	83	64
470	345	79	64
475	343	75	63
487	338	71	63
492	334	68	64
503	329	65	64
514	321	62	64
523	319	60	63
524	319	58	61
532	317	57	59
540	316	56	57
545	311	55	56
557	309	53	55
563	307	51	54
572	307	51	53
579	304	50	52
587	301	51	50
592	298	52	48
599	295	54	47
606	293	56	45
620	293	56	42
628	290	56	42
639	278	57	41
654	268	57	41
669	262	56	42
685	254	56	41
703	249	55	40
719	242	56	38
728	238	58	34
743	238	60	31
752	229	61	32
762	228	66	30
773	222	70	29
791	210	72	29
802	209	75	28
815	202	76	28
833	195	79	29
851	187	81	29
870	177	84	30
891	168	86	31
913	160	86	31
931	152	86	32
950	144	85	32
971	136	85	33
988	129	85	33
1006	120	85	33
1019	116	85	34
1031	106	86	35
1044	98	90	35
1053	96	94	36
1069	92	98	37
1083	90	100	37
1099	90	101	36
1119	82	102	37
1139	82	103	36
1159	82	104	36
1175	74	102	37
1190	72	99	38
1199	63	93	40
1197	152	91	40
1199	152	89	39
1204	150	86	39
1206	147	83	40
1212	154	80	40
1222	178	74	45
1227	181	73	45
1228	178	73	45
1229	176	73	45
1229	174	73	45
1227	172	73	45
1226	170	73	45
1227	167	73	45
1230	166	73	45
1231	164	73	45
1235	162	73	45
1237	159	73	45
1238	156	73	45
1238	154	73	45
1240	152	73	45
1243	150	73	45
1148	105	77	42
1147	103	84	40
1150	105	91	38
1155	106	97	37
1160	107	101	37
1168	107	105	37
1175	108	106	37
1181	108	104	38
1187	109	101	37
1187	103	98	37
1198	102	92	39
1201	101	89	39
1194	92	88	40
1192	90	88	40
1192	89	88	40
1189	89	88	40
1187	90	88	40
1202	91	88	40
1193	91	88	40
1189	91	88	40
1199	92	88	40
1192	93	88	40
1203	95	88	40
1203	95	88	40
1202	96	88	40
1201	95	88	40
1199	95	88	40
1199	96	88	40
1197	95	88	40
1194	97	88	40
1203	97	88	40
1207	97	88	40
1202	97	88	40
1198	96	88	40
1198	96	88	40
1200	96	88	40
1199	95	88	40
1198	96	88	40
1198	95	88	40
1209	95	88	40
1206	97	88	40
1203	97	88	40
1201	98	88	40
1199	97	88	40
1198	96	88	40
1200	95	88	40
1199	95	88	40
1200	96	88	40
1200	95	88	40
1202	95	88	40
1201	95	88	40
1202	95	88	40
1203	96	88	40
1205	96	88	40
1206	96	88	40
1204	96	88	40
1202	95	88	40
1207	94	88	40
1204	95	88	40
1203	96	88	40
1202	95	88	40
1204	94	88	40
1201	95	88	40
1200	95	88	40
1207	95	88	40
1205	95	88	40
1202	95	88	40
1208	95	88	40
1204	95	88	40
1202	96	88	40
1201	96	88	40
1205	97	88	40
1203	96	88	40
1200	96	88	40
1205	96	88	40
1202	97	88	40
1205	97	88	40
1202	98	88	40
1200	98	88	40
1205	98	88	40
1203	98	88	40
1202	98	88	40
1204	98	88	40
1206	98	88	40
1204	97	88	40
1208	92	88	40
1213	98	88	40
1216	100	88	40
1217	103	88	40
1213	102	88	40
1213	98	88	40
1211	92	88	40
1208	86	88	40
1204	81	88	40
1193	79	88	40
1187	79	88	40
1185	78	88	40
1183	77	88	40
1179	77	88	40
1176	76	88	40
1171	76	88	40
1165	75	88	40
1159	75	88	40
1155	76	88	40
1154	77	88	40
1154	79	88	40
1153	81	88	40
1161	82	88	40
1163	83	88	40
1174	85	88	40
1174	86	88	40
1173	86	88	40
1107	165	87	41
1118	173	86	42
1139	173	86	44
1162	174	88	44
1183	181	88	45
1190	181	87	46
1191	181	88	45
1181	191	91	45
1181	193	90	46
1184	194	91	46
1197	114	89	47
1183	113	89	47
1195	109	89	47
1200	118	89	47
1201	113	85	52
1209	80	79	56
1217	58	78	57
1211	58	78	57
1208	51	78	57
1159	27	83	54
1161	29	87	53
1156	31	91	51
1150	32	94	49
1154	34	99	47
1147	35	103	46
1149	36	107	45
1143	37	111	44
1136	35	116	43
1140	34	120	44
1133	31	123	45
1133	29	127	47
1129	26	131	50
1132	23	134	53
1128	21	138	55
1128	19	141	58
1126	17	144	62
1124	16	147	65
1124	13	150	67
1121	13	152	70
1121	11	154	72
1121	9	155	73
1120	8	155	76
1121	9	157	77
1120	8	155	79
1121	7	155	81
1122	6	154	82
1121	6	154	83
1122	5	153	83
1122	5	153	84
1122	5	153	84
1121	5	153	84
1122	5	153	84
1121	5	153	84
1121	4	153	85
1121	5	153	85
1121	4	153	85
1120	4	154	85
1121	3	154	85
1121	3	154	85
1121	3	154	85
1121	4	155	85
1120	4	155	85
1120	3	155	85
1119	3	156	86
1118	2	156	86
1118	1	157	86
1118	2	157	86
1117	1	157	86
1120	3	157	86
1120	4	156	86
1120	4	156	85
1121	3	156	85
1121	3	155	85
1122	3	155	85
1122	3	154	84
1122	3	154	84
1123	3	154	84
1123	3	154	84
1123	3	153	84
1123	3	153	85
1122	3	154	85
1122	4	153	85
1124	3	153	85
1123	3	153	85
1123	4	154	85
1123	3	154	85
1122	3	154	85
1122	4	154	85
1122	3	155	85
1121	3	155	85
1122	2	155	85
1120	3	155	85
1122	3	155	85
1122	3	155	85
1123	3	155	85
1122	2	155	85
1122	3	155	85
1121	2	155	85
1122	2	155	85
1121	3	154	85
1123	3	154	86
1121	3	155	86
1121	3	155	86
1119	3	156	86
1123	4	155	85
1120	5	156	85
1121	6	155	85
1122	5	155	85
1120	4	155	86
1121	4	155	86
1120	4	155	86
1122	4	154	86
1120	4	155	86
1122	3	154	86
1122	3	154	87
1122	2	155	87
1120	2	156	88
1120	1	156	88
1120	2	156	88
1120	2	157	89
1122	1	156	89
1122	2	157	88
1121	1	157	88
1120	2	157	87
1119	3	157	87
1120	3	156	87
1121	3	155	87
1121	2	154	87
1120	3	154	86
1123	3	153	86
1120	4	153	86
1122	4	153	86
1122	4	152	85
1121	4	152	85
1121	4	152	85
1121	4	152	85
1123	4	152	85
1121	4	152	85
1122	4	152	85
1120	4	153	85
1122	5	153	85
1121	4	153	85
1122	4	153	85
1120	4	153	85
1123	4	153	85
1121	4	153	85
1121	4	153	85
1121	4	153	85
1122	4	153	85
1120	4	153	85
1121	4	153	85
1120	4	153	85
1122	3	152	85
1121	4	152	85
1122	3	152	85
1122	3	152	85
1122	3	152	86
1122	3	152	86
1123	3	152	86
1122	3	152	86
1122	3	151	86
1122	4	151	86
1122	3	151	86
1122	3	151	86
1122	3	152	86
1122	3	152	86
1121	3	152	86
1121	3	152	86
1121	3	153	86
1121	3	153	87
1120	3	153	87
1122	2	153	87
1121	3	153	87
1122	3	153	87
1121	3	153	87
1121	3	152	86
1122	3	152	86
1121	3	153	86
1122	3	153	86
1122	3	152	86
1121	3	153	86
1121	3	153	86
1122	3	152	86
1121	3	153	86
1122	4	152	86
1121	4	152	86
1122	3	152	86
1123	3	152	86
1121	3	152	86
1121	4	152	86
1122	4	152	85
1122	4	152	85
1121	4	152	86
1122	4	152	85
1122	4	152	85
1122	4	152	85
1121	4	152	85
1122	4	152	85
1122	4	152	85
1121	5	152	85
1122	4	152	85
1121	4	152	85
1123	4	152	85
1121	4	153	85
1121	4	153	85
1120	5	153	85
1121	4	153	85
1122	4	153	85
1121	4	153	85
1120	5	153	84
1121	4	153	84
1121	4	153	84
1120	4	153	84
1121	4	154	84
1120	4	154	84
1116	4	156	84
1118	3	158	84
1118	3	157	85
1119	3	157	85
1118	3	157	85
1119	3	156	85
1119	4	155	85
1119	4	155	85
1119	4	155	85
1119	3	155	85
1120	4	155	85
1120	4	155	85
1121	4	155	85
1121	4	154	85
1121	4	153	85
1121	4	153	85
1122	4	153	85
1121	5	153	85
1122	4	153	85
1120	4	153	85
1121	4	153	85
1121	5	153	85
1122	4	153	85
1122	5	153	85
1121	4	153	85
1122	4	153	84
1120	4	153	84
1122	4	153	84
1120	4	153	85
1123	3	153	85
1121	4	153	84
1121	4	153	85
1122	4	153	85
1121	5	153	84
1120	4	153	85
1122	3	153	85
1121	4	153	85
1122	4	153	85
1122	4	153	85
1121	4	152	85
1122	4	153	85
1122	4	153	85
1121	4	153	85
1120	4	153	85
1121	4	153	85
1121	4	153	85
1122	4	154	85
1120	4	153	85
1121	4	154	84
1120	4	153	84
1121	4	153	84
1120	4	154	84
1121	4	154	84
1119	4	154	84
1121	3	154	84
1119	4	153	84
1122	4	154	84
1120	4	154	84
1120	4	154	84
1120	4	154	84
1123	4	154	84
1120	4	154	84
1121	4	154	84
1120	4	154	84
1121	4	154	84
1119	5	154	84
1122	4	154	84
1120	4	154	84
1121	3	154	84
1121	4	154	84
1122	4	154	84
1121	4	154	84
1121	4	154	84
1122	4	154	84
1121	4	154	84
1120	4	154	85
1122	3	154	85
1120	4	154	85
1122	4	154	85
1121	4	154	85
1120	4	154	85
1121	4	154	84
1121	4	154	84
1121	4	153	85
1122	4	154	84
1119	4	154	84
1122	3	154	85
1121	4	154	85
1121	3	154	85
1120	4	154	85
1122	3	153	85
1121	4	153	84
1121	4	153	84
1121	4	154	84
1122	5	154	84
1121	5	154	84
1121	4	154	84
1121	4	154	84
1122	4	154	84
1120	4	154	84
1122	4	154	84
1120	4	154	85
1123	3	154	85
1120	4	154	85
1123	4	154	84
1120	5	155	84
1121	4	154	84
1121	4	154	84
1121	4	154	84
1121	4	154	84
1121	4	154	84
1121	5	154	84
1121	5	154	84
1122	4	154	84
1121	5	154	84
1121	5	154	84
1121	4	154	84
1121	4	153	84
1121	4	154	84
1121	4	154	84
1121	4	154	84
1121	4	154	84
1121	4	153	84
1121	4	154	84
1122	4	154	84
1121	4	154	84
1121	4	154	84
1122	4	154	84
1120	4	154	84
1123	3	153	84
1120	4	154	84
1122	3	154	84
1121	4	154	84
1121	4	154	84
1122	4	153	84
1121	4	153	84
1121	4	153	85
1122	4	153	85
1122	4	153	85
1122	4	153	85
1121	4	152	85
1121	4	153	85
1121	3	153	85
1123	4	153	85
1121	4	153	85
1122	4	154	85
1121	4	153	85
1121	4	154	85
1121	4	153	85
1123	4	153	85
1120	4	154	85
1123	4	153	85
1121	4	154	85
1121	4	153	85
1122	5	153	85
1122	4	153	85
1121	4	152	85
1122	4	152	85
1123	4	152	85
1122	4	152	85
1122	4	152	85
1122	4	152	85
1122	4	152	85
1122	4	152	85
1122	4	152	85
1122	4	152	85
1122	4	152	85
1123	4	152	85
1122	3	152	85
1122	4	152	85
1123	4	153	85
1121	4	153	84
1122	4	153	85
1121	4	153	84
1121	4	153	84
1122	4	153	84
1121	4	153	84
1122	4	153	84
1121	4	153	84
1121	4	154	84
1121	4	154	84
1121	4	154	84
1121	4	153	84
1121	4	153	85
1121	5	153	85
1122	4	152	85
1121	5	153	85
1121	4	153	85
1123	3	152	85
1121	4	153	85
1121	4	153	85
1122	4	153	85
1122	4	153	84
