0.04673
0.01606
0.0143
0.01384
0.01368
0.01405
0.01381
0.01336
0.01289
0.01277
0.01278
0.01292
0.01295
0.01304
0.01291
0.01282
0.01295
0.01287
0.01285
0.01288
0.01289
0.01284
0.01285
0.01281
0.01364
0.01305
0.01291
0.01284
0.01294
0.01284
0.01288
0.01293
0.01289
0.01293
0.01314
0.01286
0.01286
0.01284
0.01279
0.01291
0.01305
0.01285
0.01285
0.01302
0.01349
0.01291
0.0129
0.01286
0.01283
0.0128
0.01282
0.01278
0.01283
0.01289
0.01293
0.01287
0.0129
0.01285
0.01283
0.01288
0.01285
0.01295
0.01284
0.01342
0.0131
0.01281
0.01282
0.01286
0.01279
0.01277
0.01284
0.01282
0.01297
0.01308
0.01295
0.01318
0.01304
0.01297
0.01297
0.01289
0.0129
0.01288
0.01361
0.0132
0.01299
0.0129
0.0131
0.01293
0.01294
0.01294
0.01307
0.01307
0.01294
0.01291
0.01289
0.01285
0.01291
0.0131
0.01299
0.01285
0.01286
0.01602
0.01408
0.01327
0.01374
0.01364
0.01368
0.01284
0.01301
0.01286
0.0129
0.01291
0.01292
0.01307
0.01287
0.0129
0.01288
0.01319
0.01301
0.01302
0.01339
0.01289
0.01288
0.01324
0.01289
0.01287
0.01286
0.01288
0.01294
0.01285
0.01288
0.01298
0.0129
0.01284
0.01291
0.01291
0.01289
0.01353
0.01395
0.01366
0.01295
0.01291
0.01309
0.01291
0.0129
0.01285
0.01296
0.01287
0.01345
0.0133
0.01302
0.01297
0.01289
0.01297
0.0131
0.01286
0.01288
0.01308
0.01346
0.01292
0.01292
0.0129
0.01289
0.01287
0.01277
0.01287
0.01291
0.01285
0.01279
0.01288
0.01288
0.01285
0.01288
0.01286
0.01294
0.01286
0.01305
0.01338
0.01299
0.01295
0.01296
0.01293
0.01295
0.01286
0.01291
0.01285
0.0129
0.01309
0.01292
0.01294
0.01292
0.01292
0.01295
0.01285
0.01288
0.01299
0.0134
0.01299
0.01291
0.01294
0.01298
0.01539
0.01407
0.01363
0.01356
0.01288
0.01296
0.01287
0.0129
0.01286
0.01295
0.01287
0.01288
0.01287
0.01345
0.013
0.01294
0.01292
0.01293
0.0129
0.01299
0.01297
0.013
0.01288
0.01291
0.01294
0.01294
0.01288
0.0129
0.01296
0.01291
0.01287
0.01291
0.01342
0.01322
0.0129
0.01296
0.01289
0.01291
0.01291
0.01297
0.01297
0.01291
0.0129
0.01305
0.01291
0.01294
0.01291
0.01299
0.01296
0.01298
0.01291
0.01356
0.01307
0.01298
0.01298
0.01294
0.01294
0.01295
0.01301
0.01295
0.01291
0.01294
0.01291
0.01302
0.01291
0.01293
0.01316
0.01295
0.01291
0.01294
0.01357
0.01315
0.01293
0.01296
0.01291
0.01293
0.0129
0.01302
0.01304
0.01291
0.01289
0.01299
0.0129
0.0129
0.01291
0.01299
0.0129
0.01292
0.01291
0.01351
0.01306
0.01298
0.01297
0.01298
0.01298
0.01292
0.01293
0.01297
0.01291
0.01294
0.01578
0.0135
0.01317
0.01378
0.0137
0.01368
0.01293
0.0136
0.01316
0.01303
0.01291
0.01312
0.01292
0.01305
0.01292
0.01298
0.013
0.01294
0.01302
0.01298
0.01291
0.01292
0.0129
0.01291
0.01291
0.01295
0.01435
0.01321
0.01296
0.01296
0.01301
0.01301
0.01297
0.01292
0.01301
0.01302
0.01373
0.01326
0.01301
0.01297
0.0129
0.01293
0.01296
0.01294
0.01294
0.01461
0.01325
0.01299
0.01292
0.01304
0.01291
0.01298
0.01291
0.01366
0.01377
0.01374
0.01379
0.01387
0.01386
0.01388
0.01406
0.01403
0.01399
0.01404
0.01466
0.01433
0.01428
0.01431
0.01441
0.01439
0.01437
0.01446
0.01451
0.01455
0.01491
0.01474
0.01471
0.01477
0.01524
0.01493
0.01496
0.01499
0.01555
0.01529
0.01526
0.01532
0.0153
0.01539
0.01537
0.01544
0.01555
0.01556
0.01569
0.01563
0.01569
0.01568
0.0157
0.01571
0.01569
0.01899
0.01964
0.01725
0.01708
0.01694
0.01573
0.01566
0.01558
0.01555
0.01566
0.01554
0.01554
0.01558
0.01569
0.01552
0.01554
0.0159
0.01586
0.0156
0.01558
0.01582
0.0156
0.01564
0.0157
0.0157
0.0159
0.01591
0.01599
0.01594
0.01646
0.0165
0.01648
0.01644
0.01642
0.01698
0.01673
0.01656
0.01645
0.0165
0.01628
0.0162
0.01624
0.01603
0.01609
0.01616
0.01603
0.01588
0.01591
0.0159
0.01579
0.01574
0.01637
0.016
0.01577
0.01564
0.01577
0.0158
0.0159
0.01593
0.01605
0.01596
0.01607
0.01594
0.01595
0.01592
0.01588
0.01592
0.01586
0.01663
0.016
0.01597
0.01583
0.01593
0.01586
0.01593
0.01586
0.01588
0.01582
0.01584
0.01583
0.01582
0.01574
0.01598
0.01573
0.01563
0.01735
0.01595
0.01587
0.01564
0.01566
0.01569
0.01575
0.01586
0.01596
0.01601
0.01584
0.01602
0.01592
0.01594
0.01589
0.01588
0.0195
0.01763
0.01721
0.01688
0.01673
0.01677
0.01665
0.01578
0.01581
0.01608
0.01637
0.01679
0.0161
0.01688
0.01686
0.01687
0.01649
0.01645
0.01635
0.01602
0.01594
0.01611
0.01607
0.01601
0.01614
0.01619
0.01605
0.01598
0.01603
0.01599
0.01598
0.01613
0.01604
0.01597
0.0161
0.01631
0.01612
0.01605
0.01601
0.01594
0.016
0.01604
0.01616
0.01604
0.01642
0.01611
0.01611
0.01612
0.01616
0.0161
0.01599
0.01606
0.0168
0.01615
0.01607
0.01606
0.01606
0.01602
0.01611
0.01607
0.01614
0.01607
0.01619
0.01632
0.01608
0.01612
0.01621
0.0162
0.01629
0.01689
0.01659
0.01647
0.01659
0.01672
0.01677
0.01675
0.0168
0.01668
0.01682
0.01668
0.01663
0.01665
0.01664
0.01698
0.01678
0.01656
0.01753
0.01707
0.01683
0.01682
0.01684
0.0168
0.0168
0.01681
0.01689
0.01676
0.01679
0.01673
0.01663
0.0166
0.02093
0.01723
0.01802
0.01805
0.01758
0.01649
0.01654
0.01649
0.01628
0.01627
0.01629
0.01618
0.01625
0.01627
0.01622
0.01643
0.01646
0.0164
0.01634
0.01754
0.01659
0.0164
0.0163
0.01635
0.01626
0.0162
0.01639
0.01634
0.01642
0.01639
0.01642
0.01635
0.01638
0.01641
0.01649
0.01642
0.01737
0.01669
0.01655
0.01653
0.01654
0.01654
0.0165
0.01663
0.01638
0.01637
0.01637
0.01651
0.01649
0.01644
0.01651
0.01647
0.01646
0.01716
0.01695
0.01682
0.01665
0.01668
0.01673
0.01675
0.01688
0.01692
0.01687
0.01711
0.01683
0.01678
0.01678
0.01672
0.01668
0.0166
0.01706
0.0166
0.0164
0.01642
0.01641
0.01632
0.01624
0.01626
0.01639
0.01658
0.01621
0.01609
0.016
0.01616
0.01613
0.0159
0.01604
0.01637
0.01605
0.01584
0.01578
0.01575
0.01571
0.01567
0.01563
0.01568
0.01563
0.01559
0.01555
0.01549
0.01896
0.01608
0.01577
0.01664
0.01687
0.01649
0.0155
0.0155
0.01562
0.0156
0.01556
0.01573
0.0157
0.01601
0.01586
0.0159
0.01579
0.01592
0.01582
0.01573
0.01584
0.01619
0.01584
0.01573
0.01592
0.0163
0.01588
0.01573
0.01588
0.01591
0.01583
0.01584
0.0158
0.01578
0.01593
0.01586
0.01578
0.01594
0.01609
0.01573
0.01556
0.0155
0.01562
0.01522
0.01506
0.01517
0.01516
0.01509
0.01516
0.01523
0.01523
0.01517
0.0153
0.01528
0.01536
0.01606
0.01564
0.01544
0.01551
0.01553
0.01554
0.01548
0.01543
0.01542
0.01547
0.01544
0.0155
0.01554
0.01552
0.01558
0.01555
0.01558
0.0158
0.01585
0.01567
0.01582
0.01563
0.0158
0.01614
0.01621
0.01659
0.01653
0.01667
0.01676
0.01695
0.01695
0.0172
0.01716
0.01726
0.01818
0.01783
0.01769
0.01769
0.01776
0.01778
0.01791
0.01787
0.01808
0.01798
0.01801
0.02258
0.01957
0.01931
0.01945
0.01813
0.01845
0.01803
0.01801
0.01795
0.01812
0.018
0.01795
0.01789
0.01789
0.01788
0.01798
0.01799
0.01796
0.01802
0.01791
0.01797
0.01809
0.01797
0.01775
0.01812
0.01789
0.0179
0.01792
0.01805
0.01831
0.01837
0.01848
0.01821
0.01826
0.01829
0.0183
0.01833
0.01826
0.01808
