0.04972
0.01757
0.01608
0.01588
0.016
0.01549
0.0155
0.01559
0.01407
0.01396
0.01412
0.01396
0.01446
0.0143
0.01443
0.01438
0.01307
0.01288
0.01292
0.01372
0.01441
0.01475
0.01521
0.01519
0.01496
0.01497
0.01521
0.0145
0.01452
0.01477
0.01479
0.01554
0.01567
0.01576
0.01562
0.01515
0.01535
0.01505
0.01546
0.01546
0.0155
0.01738
0.01624
0.01622
0.01605
0.01516
0.0151
0.01511
0.01497
0.01507
0.01526
0.01504
0.01495
0.01496
0.01492
0.01482
0.01505
0.0146
0.01469
0.01608
0.01573
0.01618
0.01572
0.01581
0.01495
0.01559
0.01528
0.01554
0.01525
0.01539
0.01559
0.01545
0.01542
0.01575
0.0157
0.01529
0.01548
0.01574
0.01583
0.01645
0.01666
0.0167
0.01586
0.0156
0.01535
0.01566
0.01545
0.01601
0.01574
0.01599
0.01588
0.01543
0.01553
0.01642
0.01507
0.01502
0.01592
0.01534
0.01831
0.01825
0.01837
0.02324
0.01734
0.01688
0.01807
0.01803
0.01793
0.01775
0.01765
0.01737
0.01705
0.01541
0.01511
0.01562
0.01594
0.01575
0.01539
0.01577
0.01528
0.01466
0.01446
0.01445
0.01518
0.01555
0.01607
0.01664
0.01598
0.01546
0.01579
0.01555
0.0165
0.01649
0.01612
0.01771
0.01593
0.01563
0.01559
0.01523
0.01455
0.01427
0.01419
0.01435
0.01455
0.01464
0.01468
0.01444
0.01382
0.01284
0.01283
0.01279
0.01282
0.01274
0.01284
0.01493
0.0147
0.01485
0.01471
0.0147
0.01395
0.0137
0.01376
0.01272
0.013
0.01273
0.01294
0.01281
0.01281
0.01301
0.01358
0.01381
0.01375
0.01472
0.01474
0.01501
0.01609
0.0152
0.01525
0.0154
0.01521
0.01466
0.01461
0.01466
0.01514
0.01475
0.01482
0.01486
0.01472
0.01497
0.01493
0.01515
0.01647
0.01525
0.01546
0.01608
0.01558
0.01635
0.01634
0.01644
0.01581
