0.05013
0.04382
0.04
0.04022
0.04074
0.03682
0.03695
0.03713
0.03741
0.03806
0.03855
0.03799
0.03802
0.03841
0.03795
0.03855
0.03791
0.03836
0.03855
0.03851
0.03853
0.03868
0.03854
0.03903
0.03892
0.03928
0.03869
0.03839
0.03852
0.03824
0.0396
0.03808
0.04319
0.04251
0.03883
0.04129
0.04124
0.04093
0.04108
0.04125
0.0412
0.04116
0.04116
0.04202
0.04179
0.04082
0.04146
0.04103
0.04061
0.04132
0.04104
0.04075
0.04179
0.0413
0.04124
0.04091
0.04092
0.04088
0.04015
0.04015
0.03985
0.04032
0.04044
0.04011
0.04054
0.0406
0.0402
0.04006
0.04011
0.04003
0.03964
0.04121
0.03993
0.04008
0.03997
0.04016
0.03978
0.03967
0.03966
0.0397
0.04122
0.03988
0.03991
0.03993
0.04017
0.04013
0.04027
0.03984
0.04028
0.04001
0.04011
0.04
0.03956
0.03994
0.04041
0.0399
0.04003
0.03994
0.03932
0.04066
0.03951
0.04512
0.04482
0.04472
0.04008
0.03984
0.04011
0.03955
0.04033
0.03983
0.03999
0.03991
0.03999
0.03969
0.03963
0.03991
0.03976
0.03993
0.03901
0.03899
0.03904
0.03929
0.04046
0.03917
0.04325
0.0439
0.0397
0.0393
0.03923
0.03903
0.03869
0.03886
0.03924
0.03887
0.03908
0.03919
0.04025
0.03924
0.03888
0.03853
0.03842
0.03915
0.03921
0.03933
0.03876
0.03938
0.0387
0.03902
0.03846
0.03832
0.03831
0.03896
0.03842
0.03859
0.03824
0.03909
0.03803
0.03777
0.03736
0.03742
0.0374
0.0374
0.0374
0.03802
0.03744
0.03775
0.03719
0.03726
0.03728
0.03721
0.037
0.03729
0.03721
0.03679
0.03695
0.03765
0.03682
0.03739
0.03798
0.03746
0.03692
0.03719
0.03669
0.03674
0.03749
0.03719
0.03676
0.03626
0.03633
0.03634
0.03593
0.03557
0.03597
0.03595
0.03638
0.03557
0.03555
0.03564
0.03543
0.03525
0.0356
0.04152
0.04043
0.03877
0.03685
0.03578
0.03579
0.03579
0.03598
0.03545
0.03561
0.036
0.03616
0.03609
0.03694
0.03599
0.03656
0.03647
0.03696
0.03656
0.0369
0.03695
0.03681
0.03671
0.03793
0.0371
0.0377
0.0375
0.03769
0.03771
0.03749
0.0372
0.03724
0.03761
0.03878
0.03779
0.0379
0.03775
0.0381
0.03792
0.03772
0.03768
0.03754
0.03783
0.03762
0.03732
0.03738
0.03713
0.03708
0.03744
0.03711
0.03754
0.03743
0.03852
0.03751
0.03734
0.03715
0.03756
0.03761
0.03779
0.03743
0.03766
0.03727
0.03762
0.03721
0.03692
0.03703
0.03692
0.0367
0.03689
0.03657
0.03652
0.03607
0.0371
0.03628
0.03639
0.03667
0.03686
0.0368
0.03644
0.03643
0.03652
0.03618
0.03725
0.0362
0.03667
0.03672
0.03757
0.03616
0.03654
0.03653
0.03693
0.03695
0.03726
0.03703
0.03671
0.03724
0.03799
0.03707
0.03732
0.03692
0.04498
0.04263
0.04192
0.03771
0.03738
0.03774
0.03755
0.03788
0.03793
0.03813
0.03837
0.0394
0.03878
0.0391
0.0392
0.03908
0.03865
0.03864
0.03886
0.03927
0.04307
0.04272
0.03917
0.03955
0.03956
0.03936
0.03908
0.03959
0.03986
0.03998
0.04018
0.04019
0.04078
0.04077
0.0412
0.04175
0.04185
0.04252
0.04182
0.0428
0.04138
0.04156
0.04118
0.04157
0.0418
0.04196
0.04244
0.04203
0.04302
0.04261
0.04204
0.04201
0.04228
0.04192
0.04174
0.04251
0.04171
0.04288
0.04218
0.04253
0.04264
0.04206
0.04247
0.04229
0.0423
0.04209
0.04311
0.04298
0.04219
0.04214
0.04179
0.04169
0.04158
0.04209
0.04137
0.04232
0.04164
0.04168
0.04161
0.0413
0.04116
0.0412
0.04105
0.04099
0.04228
0.04115
0.04115
0.04078
0.04031
0.04044
0.04046
0.04066
0.04057
0.04123
0.04068
0.04112
0.04101
0.0412
0.04109
0.04132
0.04868
0.04169
0.04728
0.04457
0.04241
0.04294
0.04301
0.04245
0.04259
0.04304
0.04273
0.04387
0.04297
0.04293
0.04237
0.04255
0.04272
0.04403
0.04305
0.04254
0.04361
0.04236
0.04212
0.04211
0.04203
0.04173
0.04114
0.04116
0.04077
0.04201
0.04076
0.04046
0.04025
0.04014
0.04003
0.04009
0.04094
0.04049
0.04125
0.04062
0.04054
0.04048
0.04026
0.0404
0.04016
0.04011
0.04035
0.04041
0.04121
0.04085
0.04135
0.04101
0.04123
0.04122
0.04131
0.04127
0.04137
0.04211
0.04113
0.04124
0.04127
0.04102
0.0412
0.04116
0.04129
0.04141
0.04258
0.04137
0.04128
0.04095
0.04084
0.04074
0.04086
0.04103
0.04148
0.04197
0.04125
0.04114
0.04154
0.04126
0.04091
0.04131
0.04129
0.04146
0.04161
0.04162
0.04165
0.04183
0.04209
0.04243
0.04284
0.04292
0.04297
0.04308
0.04339
0.04305
0.04328
0.04304
0.04296
0.0426
0.04848
0.0425
0.04863
0.04525
0.04319
0.04255
0.04248
0.04285
0.0431
0.04294
0.0429
0.044
0.04295
0.04318
0.04314
0.04298
0.04339
0.04548
0.044
0.04379
0.0449
0.04435
0.04389
0.04401
0.04393
0.04402
0.04402
0.04397
0.0442
0.04443
0.04379
0.04466
0.0445
0.04397
0.04453
0.04507
0.04517
0.04499
0.04424
0.04457
0.04395
0.04405
0.04417
0.04413
0.0441
0.04426
0.0452
0.04423
0.04433
0.04498
0.04531
0.0452
0.04578
0.04621
0.04608
0.047
0.04615
0.04668
0.04657
0.04684
0.04645
0.04628
0.0465
0.04753
0.04681
0.04716
0.04653
0.04599
0.04605
0.04638
0.04678
0.04656
0.04669
0.04638
0.04814
0.04715
0.04607
0.04612
0.04555
0.04542
0.04626
0.04505
0.04469
0.04424
0.04436
0.04385
0.04413
0.04475
0.04428
0.04459
0.0442
0.04419
0.04393
0.04368
0.04367
0.04344
0.04343
0.04327
0.04374
0.04316
0.05262
0.04912
0.04281
0.04286
0.04306
0.04291
0.04354
0.04371
0.04386
0.04452
0.04533
0.04499
0.04474
0.0446
0.04468
0.04588
0.04415
0.04608
0.04465
0.04405
0.04376
0.04323
0.04316
0.04295
0.04336
0.0429
0.04332
0.04278
0.04295
0.04284
0.04309
0.04311
0.04282
0.04302
0.0426
0.04341
0.0436
0.04325
0.04266
0.04285
0.04344
0.0429
0.04298
0.04288
0.04319
0.04301
0.04312
0.04282
0.04307
0.04282
0.04392
0.0436
0.04866
0.0463
0.04332
0.04279
0.04268
0.04288
0.04325
0.04366
0.04359
0.04367
0.04348
0.04318
0.04349
0.0436
0.04309
0.04333
0.04394
0.04318
0.04282
0.04304
0.04282
0.04209
0.04202
0.04218
0.0424
0.04319
0.04244
0.04212
0.04212
0.04165
0.04169
0.04259
0.04279
0.04276
0.04285
0.04255
0.04086
0.04059
0.04004
0.04074
0.03947
0.03937
0.03989
0.03796
0.03779
0.03596
0.03508
0.03494
0.0417
0.03538
0.03535
0.03318
0.03009
0.02901
0.02887
0.02932
0.02769
0.02768
0.02723
0.02767
0.02783
0.0284
0.02742
0.02728
0.02807
0.02829
0.02778
0.02805
0.02807
0.02791
0.02722
0.02758
0.02748
0.02706
0.02854
0.02881
0.02659
0.02634
0.02591
0.02659
0.02595
0.02584
0.02488
0.0242
0.02396
0.02391
0.02372
0.02343
0.02312
0.02304
0.02282
0.02273
0.0232
0.02342
0.023
0.02276
0.02273
0.02293
0.02285
0.02303
0.02307
0.0231
0.02329
0.02244
0.02217
0.0225
0.02254
0.02335
0.02321
0.02305
0.02315
0.02324
0.02318
0.02318
0.0233
0.02328
0.02333
0.02339
0.02336
0.02343
0.02336
0.0244
0.02345
0.02338
0.02339
0.02367
0.02353
0.02342
0.02359
0.02339
0.02353
0.02353
0.0236
0.02365
0.02357
0.02423
0.02453
0.02436
0.02419
0.02397
0.02394
0.02438
0.02452
0.02462
0.02439
0.02482
0.02414
0.0242
0.02955
0.02476
0.02632
0.02628
0.02393
0.02399
0.02394
0.02386
0.02372
0.02358
0.02357
0.02354
0.02367
0.02425
0.02385
0.02377
0.02373
0.02387
0.02394
0.02368
0.02369
0.02344
0.02337
0.02303
0.02299
0.02339
0.02347
0.02369
0.02367
0.02384
0.02402
0.02383
0.02374
0.0237
0.0236
0.02356
0.02364
0.02346
0.02348
0.02336
0.02402
0.02353
0.02335
0.02326
0.02337
0.0232
0.02318
0.02334
0.02317
0.02315
0.0232
0.0234
0.02315
0.02348
0.02311
0.02304
0.02311
0.02317
0.0232
0.02328
0.02335
0.02458
0.02455
0.02252
0.02243
0.02247
0.02245
0.02267
0.02245
0.02221
0.02216
0.02257
0.0221
0.02204
0.02196
0.02195
0.022
0.02197
0.02207
0.02224
0.02235
0.02245
0.02219
0.02227
0.02227
0.02248
0.0228
0.0227
0.02245
0.02222
0.02247
0.02233
0.02249
0.02273
0.0238
0.0238
0.02374
0.02374
0.02393
0.0242
0.03246
0.02659
0.02733
0.02733
0.0247
0.02486
0.02518
0.0263
0.02588
0.02581
0.02588
0.02646
0.02682
0.02784
0.02691
0.02682
0.02699
0.02695
0.02698
0.02697
0.02713
0.02689
0.02691
0.02681
0.02669
0.02688
0.0267
0.02659
0.02648
0.02651
0.0265
0.02634
0.02698
0.02632
0.02613
0.02613
0.02516
0.02436
0.02421
0.02451
0.02454
0.02414
0.02404
0.02387
0.0241
0.02467
0.02449
0.02461
0.02427
0.02429
0.02427
0.02436
0.02428
0.02413
0.0242
0.02424
0.02446
0.02446
0.02485
0.02495
0.02482
0.02496
0.02504
0.0252
0.02513
0.02527
0.02541
0.02544
0.02555
0.02562
0.0255
0.02576
0.02602
0.02595
0.02586
0.02583
0.02591
0.02607
0.02616
0.02616
0.02624
0.0263
0.02638
0.02636
0.02691
0.02657
0.02654
0.02645
0.02667
0.02807
0.02653
0.0289
0.02865
0.02669
0.02593
0.02584
0.02558
0.02571
0.02529
0.02523
0.03143
0.02789
0.02795
0.02547
0.02542
0.02551
0.02575
0.0256
0.02606
0.02612
0.02593
0.02588
0.02598
0.02622
0.0266
0.02639
0.02637
0.02627
0.02649
0.02646
0.02643
0.02676
0.02686
0.02677
0.02627
0.02615
0.02593
0.0256
0.02569
0.02574
0.02573
0.02596
0.02574
0.02595
0.02665
0.02589
0.02594
0.0259
0.02591
0.02598
0.02607
0.02628
0.02617
0.02619
0.02625
0.02621
0.02627
0.02662
0.02624
0.02623
0.02631
0.02626
0.0265
0.02654
0.02652
0.02652
0.02648
0.02656
0.02662
0.02747
0.0263
0.0262
0.02624
0.0263
0.02645
0.02644
0.02658
0.02662
0.0266
0.02657
0.02661
0.02681
0.02711
0.02683
0.02695
0.02698
0.0271
0.0274
0.02726
0.02717
0.02722
0.02723
0.02717
0.02734
0.02783
0.02709
0.02722
0.02731
0.02743
0.02716
0.0271
0.02714
0.02711
0.0274
0.02711
0.02715
0.02779
0.02732
0.02724
0.02708
0.03639
0.02733
0.02777
0.0297
0.02957
0.02717
0.02719
0.02743
0.02794
0.02709
0.02725
0.02717
0.02733
0.02733
0.02769
0.02945
0.02936
0.02679
0.02672
0.02675
0.02756
0.02646
0.02637
0.02629
0.02647
0.02624
0.02608
0.02571
0.0256
0.02555
0.02552
0.02532
0.02513
0.02491
0.02446
0.02424
0.02412
0.02408
0.02415
0.02366
0.02351
0.02323
0.02325
0.02336
0.02369
0.02344
0.02422
0.02369
0.02334
0.02335
0.02352
0.0234
0.02391
0.02378
0.02378
0.02372
0.024
0.02415
0.02414
0.02436
0.02433
0.02425
0.02434
0.02443
0.02449
0.02451
0.02455
0.02456
0.02477
0.02492
0.02488
0.02486
0.02524
0.02542
0.02515
0.02501
0.02546
0.02548
0.02523
0.0253
0.02544
0.02595
0.02574
0.02564
0.02564
0.0272
0.02579
0.02609
0.02595
0.02599
0.02601
0.02603
0.0272
0.027
0.02687
0.02669
0.02688
0.02707
0.02732
0.02689
0.0324
0.02723
0.02992
0.03009
0.02719
0.02716
0.02722
0.02717
0.02711
0.02706
0.0253
0.02456
0.0247
0.02449
0.02436
0.02397
0.02387
0.0239
0.02382
0.02383
0.0238
0.02384
0.02452
0.02434
0.02434
0.02458
0.02476
0.02513
0.02541
0.02559
0.02576
0.02493
0.02394
0.0241
0.02416
0.02392
0.02427
0.02411
0.02455
0.02449
0.02444
0.02465
0.02295
0.02416
0.02392
0.02308
0.02255
0.02268
0.02269
0.02346
0.02298
0.02291
0.02288
0.02297
0.02373
0.02355
0.02361
0.02315
0.023
0.02354
0.0238
0.02337
0.02431
0.02455
0.02412
0.02461
0.02448
0.02475
0.02523
0.02534
0.02542
0.02526
0.02582
0.02535
0.0257
0.02586
0.02597
0.02575
0.02602
0.02581
0.02604
0.02581
0.026
0.02609
0.02599
0.02625
0.02603
0.02602
0.02672
0.02628
0.02639
0.02596
0.02641
0.02559
0.0254
0.02516
0.02524
0.02541
0.0258
0.02504
0.03172
0.02625
0.02628
0.02655
0.02582
0.0241
0.02388
0.02375
0.02388
0.02386
0.02461
0.02466
0.02448
0.02542
0.02504
0.02469
0.02511
0.02552
0.02591
0.02595
0.02554
0.02492
0.02448
0.02449
0.02441
0.02425
0.0245
0.02484
0.02453
0.02455
0.02447
0.02479
0.02466
0.02469
0.0251
0.02536
0.02517
0.02515
0.02499
0.02501
0.02529
0.02492
0.02505
0.02484
0.02483
0.02538
0.02541
0.02507
0.02534
0.02546
0.02519
0.0256
0.02588
0.0256
0.02559
0.02565
0.02576
0.02642
0.02672
0.02678
0.02654
0.02649
0.02678
0.0265
0.02657
0.02768
0.02675
0.02725
0.02661
0.02686
0.02706
0.02704
0.02927
0.02902
0.02687
0.02676
0.02674
0.02724
0.0266
0.02671
0.02666
0.0267
0.02656
0.02629
0.02649
0.02618
0.02602
0.02621
0.02548
0.02588
0.02559
0.02519
0.02521
0.02506
0.02512
0.02525
0.0252
0.02504
0.02513
0.02514
0.03127
0.02611
0.02761
0.0272
0.0249
0.0248
0.025
0.02499
0.02487
0.02485
0.02476
0.02469
0.02475
0.02463
0.02484
0.0255
0.0248
0.02496
0.02493
0.02487
0.02497
0.02467
0.02502
0.02481
0.02505
0.02493
0.02506
0.02505
0.02567
0.02509
0.02492
0.02501
0.02514
0.02521
0.02499
0.02499
0.02482
0.02495
0.02526
0.02491
0.02491
0.02531
0.02437
0.02468
0.02415
0.02445
0.02487
0.0245
0.02474
0.02469
0.02475
0.02533
0.02441
0.02415
0.02468
0.02378
0.02332
0.02306
0.02307
0.0234
0.02282
0.02271
0.02278
0.02264
0.02272
0.02284
0.02245
0.02231
0.02249
0.02202
0.02245
0.02194
0.02195
0.02224
0.02192
0.02134
0.02146
0.02125
0.02143
0.02156
0.0215
0.02086
0.02105
0.02124
0.02111
0.02118
0.02132
0.0217
0.02127
0.02117
0.02154
0.02098
0.02131
0.02181
0.02116
0.02125
0.02242
0.02158
0.02152
0.02177
0.02601
0.02355
0.02333
0.02319
0.02303
0.02283
0.02126
0.0218
0.02126
0.02187
0.02152
0.02172
0.02175
0.02166
0.02165
0.02189
0.02166
0.02213
0.02185
0.02189
0.02202
0.02249
0.02169
0.02175
0.02165
0.02134
0.02149
0.02135
0.02171
0.02166
0.02159
0.02126
0.02128
0.0211
0.02108
0.02124
0.02115
0.02106
0.02179
0.02154
0.02097
0.02098
0.02106
0.02098
0.02092
0.02094
0.02111
0.02102
0.02136
0.02073
0.02088
0.02073
0.02094
0.02097
0.0207
0.02093
0.02071
0.02065
0.02086
0.02069
0.02067
0.02077
0.02058
0.02054
0.02077
0.02049
0.0202
0.02042
0.02025
0.01989
0.02
0.01992
0.01995
0.01995
0.01965
0.01972
0.01963
0.0196
0.01942
0.01946
0.01925
0.01902
0.01905
0.01906
0.01873
0.0184
0.01848
0.01846
0.01834
0.01829
0.01828
0.01799
0.01814
0.01801
0.01806
0.01817
0.01807
0.01796
0.01817
0.01814
0.02279
0.01946
0.01922
0.01804
0.01797
0.01799
0.01782
0.01794
0.01772
0.01757
0.01767
0.01777
0.01763
0.01761
0.01829
0.01778
0.0176
0.01774
0.01764
0.01761
0.01777
0.0176
0.01752
0.01733
0.0175
0.01742
0.01736
0.01753
0.01737
0.0173
0.01802
0.01762
0.01739
0.01738
0.01712
0.01708
0.01705
0.0171
0.01691
0.01695
0.01708
0.01687
0.01701
0.01722
0.01702
0.01684
0.01696
0.01744
0.01719
0.01696
0.01699
0.01697
0.01701
0.01855
0.01715
0.01689
0.01757
0.01731
0.01706
0.01612
0.01604
0.01615
0.01593
0.01646
0.01617
0.01564
0.01572
0.01543
0.01547
0.01539
0.01549
0.01518
0.01524
0.0153
0.01539
0.01519
0.01522
0.01533
0.01531
0.01508
0.01509
0.01565
0.01512
0.01486
0.01516
0.01499
0.01497
0.01454
0.01463
0.01458
0.0144
0.01432
0.01413
0.01416
0.01416
0.01404
0.01383
0.0138
0.01382
0.01359
0.01683
0.01501
0.01388
0.01375
0.01369
0.01288
0.01303
0.01287
0.01286
0.01294
0.01289
0.01288
0.01292
0.01289
0.01293
0.01287
0.01289
0.013
0.0134
0.01295
0.01287
0.01286
0.01287
0.01288
0.01287
0.01295
0.01285
0.01287
0.01294
0.01294
0.01287
0.01281
0.01283
0.01294
0.01283
0.0128
0.01278
0.01347
0.01321
