0.04636
0.01593
0.01407
0.01381
0.01351
0.01342
0.01285
0.01331
0.01294
0.01277
0.01279
0.01283
0.0128
0.01275
0.01282
0.01274
0.01274
0.01279
0.01274
0.01284
0.01275
0.01276
0.01272
0.01281
0.01275
0.01273
0.01283
0.01328
0.01309
0.01278
0.01276
0.01276
0.01279
0.01381
0.01302
0.0129
0.01276
0.01274
0.01276
0.01274
0.01275
0.01274
0.01277
0.01279
0.0128
0.01273
0.01286
0.01339
0.01293
0.01278
0.01276
0.01291
0.01281
0.01273
0.01276
0.01278
0.01281
0.01273
0.01274
0.01283
0.0128
0.01273
0.01274
0.01275
0.01274
0.01278
0.01286
0.01335
0.01283
0.01282
0.01274
0.01278
0.01278
0.01303
0.01294
0.01291
0.0128
0.01276
0.01274
0.01277
0.01276
0.01274
0.01286
0.01281
0.01276
0.01274
0.01288
0.01307
0.0128
0.01277
0.01274
0.01278
0.01276
0.01275
0.01275
0.01286
0.0128
0.01275
0.01291
0.01293
0.01276
0.01559
0.01348
0.01325
0.01299
0.01351
0.01396
0.01357
0.01278
0.01274
0.01277
0.01281
0.01275
0.01285
0.01284
0.01278
0.01273
0.01274
0.01282
0.01274
0.01274
0.01293
0.01281
0.01279
0.01276
0.01344
0.01303
0.01284
0.01277
0.01285
0.01282
0.01278
0.01275
0.01275
0.01275
0.01275
0.01274
0.01279
0.01282
0.01279
0.01274
0.01275
0.01275
0.01275
0.01275
0.01355
0.01296
0.01281
0.01275
0.01277
0.01285
0.01277
0.01277
0.01282
0.01286
0.01282
0.01279
0.01275
0.0128
0.01274
0.01281
0.01282
0.01277
0.01275
0.01286
0.01316
0.01284
0.01278
0.01277
0.01287
0.01283
0.01275
0.01277
0.01274
0.0128
0.01274
0.01273
0.01283
0.01279
0.01276
0.01278
0.01292
0.013
0.01282
0.01297
0.01328
0.01288
0.01276
0.01273
0.01277
0.01281
0.0128
0.01297
0.01288
0.01274
0.01275
0.01278
0.01277
0.01273
0.01274
0.01275
0.01556
0.01354
0.01381
0.01396
0.01355
0.01283
0.01279
0.01281
0.01288
0.01273
0.01273
0.01274
0.01275
0.01278
0.01293
0.01286
0.01279
0.01274
0.0128
0.01276
0.0128
0.01275
0.01339
0.01306
0.01283
0.0128
0.01278
0.01277
0.01345
0.01315
0.01282
0.01287
0.01276
0.01274
0.01281
0.01275
0.01274
0.01274
0.01296
0.01278
0.01277
0.01274
0.01343
0.01294
0.01279
0.01275
0.01282
0.01287
0.01276
0.01276
0.0128
0.01275
0.01276
0.01292
0.01281
0.01284
0.01277
0.01296
0.01282
0.01282
0.01275
0.01319
0.01324
0.01286
0.01277
0.01277
0.01278
0.01276
0.01289
0.01286
0.01288
0.01281
0.01274
0.01278
0.0128
0.01278
0.01275
0.01283
0.01285
0.01283
0.01277
0.01291
0.01323
0.01287
0.0128
0.0129
0.01285
0.01275
0.01281
0.01274
0.01274
0.01275
0.01276
0.01274
0.01277
0.01277
0.01274
0.01275
0.01277
0.01272
0.01597
0.01355
0.01342
0.01355
0.01347
0.01347
0.01345
0.01276
0.01292
0.0128
0.01278
0.01278
0.01278
0.01275
0.01277
0.01274
0.01283
0.01277
0.01279
0.01274
0.01333
0.01306
0.0128
0.01274
0.01278
0.01276
0.01278
0.01275
0.01277
0.01283
0.01274
0.01277
0.01299
0.01278
0.01276
0.01277
0.01275
0.01278
0.01277
0.0129
0.01324
0.01287
0.01278
0.01277
0.01277
0.01278
0.01277
0.01274
0.01283
0.0131
0.01275
0.01277
0.01276
0.01276
0.01275
0.01282
0.01289
0.01277
0.01275
0.01299
0.01324
0.01282
0.01278
0.01276
0.01279
0.0128
0.01274
0.01272
0.01275
0.01274
0.01274
0.01274
0.01283
0.01275
0.01275
0.01277
0.01276
0.01275
0.01274
0.01346
0.01297
0.01286
0.01278
0.01279
0.01277
0.01283
0.01276
0.01274
0.01278
0.01275
0.01274
0.01273
0.01284
0.01274
0.01276
0.01276
0.01276
0.01275
0.01279
0.01323
0.01358
0.01429
0.01374
0.0134
0.01336
0.01331
0.01329
0.01331
0.01273
0.01273
0.01281
0.01282
0.01273
0.01285
0.01286
0.01275
0.01273
0.01291
0.01316
0.01288
0.01279
0.01275
0.01285
0.01321
0.01325
0.01292
0.01289
0.0128
0.01276
0.01275
0.01274
0.01278
0.01275
0.0128
0.01289
0.01284
0.01274
0.01345
0.01292
0.01277
0.01276
0.01274
0.01276
0.01279
0.01276
0.01274
0.01275
0.01275
0.01275
0.01289
0.01279
0.01272
0.01275
0.01272
0.0128
0.01286
0.01294
0.0132
0.01305
0.01274
0.01276
0.01291
0.01288
0.01307
0.01284
0.01284
0.01276
0.01281
0.01276
0.01273
0.0128
0.01274
0.01293
0.01282
0.01276
0.01273
0.01341
0.01304
0.01283
0.01277
0.01274
0.01275
0.01283
0.01275
0.01276
0.01274
0.01274
0.01276
0.01276
0.01279
0.01273
0.01272
0.01273
0.01278
0.01274
0.01281
0.01321
0.01286
0.01284
0.01286
0.01568
0.01337
0.0136
0.01346
0.01346
0.01277
0.01275
0.01276
0.01275
0.01275
0.01278
0.01289
0.01278
0.01272
0.01334
0.01318
0.01285
0.01276
0.01289
0.01276
0.01286
0.01276
0.01274
0.01275
0.01274
0.01272
0.01273
0.01278
0.01279
0.01275
0.01276
0.01275
0.01272
0.01276
0.01339
0.01288
0.01277
0.01274
0.01279
0.01275
0.01286
0.01275
0.01284
0.01275
0.01276
0.01273
0.01272
0.01276
0.01273
0.01274
0.01275
0.01275
0.01276
0.01301
0.0131
0.01279
0.01274
0.01274
0.01281
0.0128
0.01279
0.01274
0.01276
0.01273
0.01274
0.01283
0.01286
0.01276
0.01275
0.01279
0.01275
0.01275
0.01274
0.01362
0.01294
0.01284
0.01275
0.01277
0.01276
0.01287
0.01281
0.01276
0.01276
0.01275
0.01276
0.01277
0.01274
0.01274
0.0128
0.01287
0.01278
0.01275
0.0129
0.01311
0.01285
0.01297
0.01275
0.0128
0.01281
0.01274
0.01597
0.01332
0.01361
0.01347
0.01347
0.01335
0.01282
0.01272
0.01275
0.01275
0.01274
0.01333
0.01301
0.01292
0.01277
0.01276
0.01278
0.01339
0.01299
0.01276
0.01278
0.01276
0.01274
0.01274
0.01276
0.01275
0.01278
0.01279
0.01278
0.01274
0.01345
0.01309
0.01284
0.01276
0.01285
0.01294
0.01285
0.01273
0.01274
0.01275
0.01278
0.01274
0.01274
0.01278
0.01276
0.01277
0.01277
0.01275
0.01285
0.0129
0.01325
0.01286
0.01278
0.01277
0.01285
0.0128
0.0131
0.01301
0.01291
0.01282
0.01277
0.0128
0.01278
0.01275
0.01277
0.01281
0.01279
0.01275
0.01276
0.01331
0.01297
0.01284
0.01276
0.01275
0.01279
0.01281
0.01275
0.01274
0.01275
0.01274
0.01273
0.0129
0.01279
0.0128
0.0128
0.01277
0.01275
0.01274
0.01287
0.01315
0.01288
0.01278
0.01275
0.01276
0.01275
0.01283
0.01277
0.01288
0.01282
0.01275
0.01559
0.01379
0.01313
0.01349
0.01357
0.01348
0.01277
0.01335
0.01318
0.01284
0.01277
0.01273
0.01282
0.0128
0.0128
0.01275
0.01274
0.01282
0.01275
0.01275
0.01279
0.01275
0.013
0.01277
0.01277
0.01277
0.01276
0.01352
0.01294
0.01283
0.01277
0.01285
0.01277
0.01277
0.01288
0.01302
0.01278
0.01283
0.0128
0.01276
0.01275
0.01284
0.0128
0.01287
0.01289
0.01279
0.01352
0.01317
0.01283
0.0128
0.01292
0.0129
0.01285
0.0128
0.01277
0.01278
0.0128
0.01277
0.01284
0.01283
0.01277
0.01276
0.01278
0.01274
0.01283
0.0129
0.01316
0.0129
0.01284
0.01275
0.01279
0.01282
0.01283
0.01293
0.01287
0.01287
0.01279
0.01279
0.01284
0.01278
0.01283
0.01282
0.01279
0.01278
0.01276
0.01333
0.01294
0.01286
0.01282
0.01278
0.01278
0.01283
0.01281
0.01282
0.01283
0.01285
0.01279
0.01283
0.01279
0.01275
0.01562
0.01357
0.01322
0.01356
0.01391
0.01365
0.01289
0.0128
0.01281
0.01336
0.0133
0.0129
0.01294
0.01283
0.01281
0.01275
0.01292
0.01282
0.01278
0.01292
0.0128
0.01277
0.01289
0.01342
0.01284
0.01279
0.01277
0.01276
0.0128
0.01277
0.01278
0.01279
0.01282
0.01289
0.01277
0.01284
0.01279
0.01281
0.01284
0.01277
0.01277
0.01284
0.01375
0.01312
0.01284
0.01277
0.01279
0.01277
0.01286
0.01301
0.0128
0.01284
0.01281
0.01281
0.0128
0.0128
0.01281
0.01278
0.0128
0.01283
0.01279
0.01291
0.01341
0.01289
0.0128
0.01276
0.01284
0.01283
0.01281
0.01274
0.01276
0.01276
0.0128
0.01273
0.0128
0.01283
0.01274
0.01276
0.01274
0.01277
0.01281
0.01344
0.01304
0.01284
0.01277
0.01278
0.01275
0.01282
0.01276
0.01286
0.01284
0.01276
0.01276
0.01274
0.01274
0.01274
0.01276
0.01279
0.0128
0.01277
0.01564
0.01353
0.01331
0.01357
0.01345
0.01346
0.01284
0.01275
0.01274
0.01276
0.01276
0.0129
0.01288
0.01279
0.01283
0.01277
0.01276
0.01276
0.01276
0.01368
0.01306
0.01278
0.01276
0.01276
0.01276
0.01278
0.01276
0.01279
0.01291
0.01281
0.01277
0.01279
0.01282
0.01279
0.01288
0.01299
0.01279
0.01277
0.01287
0.01313
0.01282
0.01281
0.01277
0.01276
0.01279
0.0128
0.01281
0.01277
0.01286
0.0128
0.0128
0.01283
0.01275
0.01278
0.01279
0.01274
0.01275
0.01275
0.01334
0.01296
0.01285
0.01275
0.0128
0.01276
0.01284
0.01275
0.0128
0.01278
0.01283
0.01278
0.01275
0.01282
0.01275
0.01275
0.01276
0.01275
0.01276
0.01335
0.01308
0.01277
0.01282
0.01285
0.01288
0.01279
0.01277
0.01274
0.01274
0.01277
0.01279
0.0128
0.01287
0.01279
0.01276
0.01275
0.01277
0.01275
0.0129
0.01316
0.01289
0.01283
0.01571
0.01336
0.01398
0.01385
0.0136
0.01351
0.01281
0.01277
0.01276
0.01276
0.0128
0.01276
0.01275
0.01278
0.01277
0.01349
0.01309
0.0128
0.01278
0.01279
0.01286
0.01288
0.01283
0.01291
0.01278
0.01281
0.01276
0.01288
0.0128
0.01275
0.01282
0.01278
0.01278
0.01275
0.01291
0.01325
0.01288
0.01279
0.01286
0.0128
0.01281
0.01316
0.01284
0.01323
0.01333
0.01284
0.01279
0.01279
0.01282
0.01276
0.01296
0.01279
0.01279
0.01284
0.0136
0.013
0.01282
0.01276
0.01277
0.01279
0.01284
0.01276
0.01276
0.01277
0.01276
0.01276
0.01277
0.01279
0.01278
0.01275
0.0128
0.01279
0.01278
0.01369
0.01311
0.0129
0.01284
0.01277
0.01276
0.01319
0.01295
0.01276
0.01282
0.01297
0.01278
0.01274
0.01281
0.01275
0.01284
0.0128
0.01279
0.01286
0.01287
0.01321
0.01284
0.01283
0.01295
0.01282
0.01282
0.01278
0.01559
0.01336
0.01351
0.01337
0.01336
0.01336
0.01278
0.01276
0.01277
0.01275
0.01277
0.01351
0.01303
0.01282
0.01295
0.01279
0.01278
0.01304
0.01281
0.01285
0.01285
0.01277
0.01277
0.01276
0.01284
0.01275
0.01276
0.01276
0.01285
0.01277
0.01294
0.01336
0.01287
0.01281
0.01279
0.01277
0.01281
0.01277
0.01276
0.01275
0.01276
0.01276
0.01288
0.01279
0.01277
0.01279
0.01277
0.01274
0.01277
0.01276
0.01345
0.013
0.0128
0.01274
0.01277
0.0128
0.01283
0.01281
0.01284
0.01285
0.01276
0.01275
0.01275
0.01281
0.01278
0.01303
0.01293
0.01282
0.01282
0.01338
0.01309
0.01281
0.0129
0.01274
0.01278
0.01276
0.01293
0.01276
0.01274
0.0128
0.01287
0.01276
0.01276
0.01276
0.0128
0.01275
0.01276
0.01277
0.01289
0.01322
0.01299
0.01278
0.0128
0.0128
0.01296
0.01327
0.01306
0.01282
0.01287
0.01329
0.0154
0.01383
0.01363
0.01349
0.01345
0.01303
0.01298
0.01323
0.01286
0.01279
0.01281
0.01284
0.01294
0.01282
0.01278
0.01275
0.01278
0.01282
0.01276
0.01279
0.0128
0.01278
0.01277
0.01277
0.01277
0.01275
0.01344
0.01302
0.01303
0.01281
0.01278
0.01277
0.01284
0.01313
0.01301
0.01284
0.01279
0.01276
0.01282
0.01284
0.01276
0.01306
0.01285
0.01282
0.01278
0.0133
0.01302
0.01286
0.01279
0.0128
0.01278
0.01279
0.01278
0.01275
0.01289
0.01277
0.0128
0.01282
0.01293
0.01279
0.01276
0.01273
0.01277
0.01275
0.01356
0.01328
0.01287
0.01289
0.01277
0.01277
0.01282
0.01299
0.01276
0.01274
0.01278
0.0128
0.01275
0.01274
0.01277
0.0128
0.01289
0.0128
0.01278
0.01301
0.01309
0.01286
0.01282
0.01275
0.01275
0.01279
0.01277
0.01275
0.01276
0.01276
0.01275
0.01275
0.0128
0.01278
0.0128
0.01274
0.01528
0.01398
0.01388
0.01386
0.01356
0.01331
0.0133
0.01342
0.01299
0.01284
0.01278
0.0128
0.01279
0.01276
0.01277
0.01276
0.01277
0.01306
0.01276
0.01284
0.01304
0.01339
0.01298
0.01282
0.01288
0.013
0.01286
0.01282
0.01281
0.01281
0.01307
0.01283
0.01281
0.01275
0.01282
0.01275
0.01277
0.0128
0.0132
0.01283
0.01353
0.01298
0.01283
0.01277
0.01278
0.01277
0.01287
0.01283
0.01299
0.01277
0.01282
0.01281
0.01283
0.01298
0.01278
0.01284
0.01276
0.01281
0.01283
0.01295
0.01308
0.01283
0.01287
0.01322
0.013
0.01286
0.01277
0.01276
0.0128
0.01275
0.01312
0.01287
0.0128
0.0128
0.01288
0.01281
0.01283
0.01276
0.01318
0.01318
0.01313
0.01278
0.01277
0.01291
0.01309
0.01327
0.01305
0.01293
0.01285
0.01285
0.01277
0.01275
0.01275
0.01282
0.01311
0.01294
0.01278
0.01294
0.01324
0.0129
0.01547
0.01355
0.01303
0.01294
0.01348
0.01343
0.01343
0.01274
0.0128
0.01282
0.01292
0.01275
0.01299
0.01273
0.01281
0.01273
0.01356
0.01326
0.01287
0.01277
0.01285
0.01282
0.01301
0.01302
0.0129
0.01286
0.01299
0.01277
0.01286
0.01272
0.01278
0.01277
0.01276
0.01286
0.01278
0.01303
0.0131
0.01282
0.01277
0.01294
0.01288
0.0129
0.01281
0.01305
0.01277
0.01278
0.01275
0.01278
0.01297
0.01283
0.01294
0.01278
0.01275
0.01276
0.01285
0.01348
0.0129
0.01297
0.01277
0.01281
0.01277
0.01285
0.01285
0.01291
0.01283
0.01283
0.01279
0.01276
0.01276
0.01276
0.01285
0.01276
0.01285
0.01276
0.01369
0.01315
0.01282
0.01277
0.01278
0.01277
0.01325
0.01282
0.01275
0.0128
0.01276
0.01282
0.01301
0.01285
0.01283
0.01276
0.01282
0.01275
0.01278
0.01296
0.01325
0.01284
0.01283
0.01285
0.01279
0.01287
0.01554
0.01338
0.013
0.01345
0.01348
0.01346
0.01345
0.01279
0.0129
0.01276
0.01288
0.01278
0.01331
0.013
0.01281
0.01278
0.01278
0.0128
0.01279
0.01278
0.01276
0.0128
0.01275
0.01276
0.01278
0.01296
0.01281
0.01281
0.01276
0.01281
0.01276
0.01351
0.01313
0.01284
0.01279
0.01278
0.01282
0.01279
0.0128
0.01277
0.01276
0.01277
0.01285
0.01276
0.01278
0.01276
0.01278
0.01288
0.01282
0.01277
0.01293
0.01343
0.01283
0.01278
0.01281
0.01286
0.01278
0.01278
0.01278
0.01308
0.01281
0.01274
0.01295
0.01276
0.01281
0.01286
0.01285
0.0128
0.01276
0.01274
0.01329
0.01302
0.01284
0.01279
0.01279
0.01277
0.01387
0.01309
0.01309
0.01282
0.01287
0.01279
0.01277
0.01275
0.01281
0.0128
0.01277
0.01281
0.01283
0.0131
0.01306
0.01283
0.01278
0.01285
0.01278
0.01278
0.01279
0.01279
0.01278
0.01279
0.01509
0.01355
0.01301
0.01354
0.01349
0.01344
0.01345
0.01283
0.01334
0.01297
0.01289
0.01276
0.01279
0.01276
0.01282
0.01299
0.01278
0.01277
0.01288
0.01278
0.01277
0.01276
0.01283
0.01286
0.01286
0.01276
0.01281
0.01312
0.01307
0.01281
0.01278
0.01278
0.01276
0.01277
0.01277
0.01277
0.01278
0.01275
0.01275
0.0128
0.01274
0.01281
0.01276
0.01281
0.01275
0.01275
0.01286
0.01322
0.01287
0.01281
0.01277
0.01278
0.01279
0.01282
0.01279
0.01277
0.01279
0.01275
0.01282
0.01274
0.01282
0.01274
0.01286
0.01279
0.01277
0.01275
0.01337
0.013
0.01278
0.01281
0.01284
0.01297
0.01293
0.01276
0.01281
0.01275
0.01279
0.01279
0.01276
0.01275
0.01279
0.01279
0.01275
0.01289
0.01277
0.01363
0.013
0.01281
0.01278
0.01276
0.01277
0.01428
0.01361
0.01295
0.01287
0.01279
0.0128
0.01275
0.01276
0.01274
0.01572
0.01339
0.01304
0.0135
0.01395
0.01353
0.01279
0.01275
0.01278
0.0128
0.01283
0.01276
0.01276
0.01283
0.01275
0.01292
0.01278
0.01283
0.01279
0.01281
0.01277
0.01275
0.01275
0.01341
0.01303
0.0128
0.01277
0.01279
0.01276
0.01279
0.01283
0.01277
0.01284
0.01286
0.01278
0.01283
0.01281
0.01277
0.01286
0.0128
0.01276
0.01277
0.01343
0.01305
0.01292
0.01286
0.01287
0.0128
0.01288
0.01283
0.01279
0.01278
0.01283
0.01276
0.01282
0.01282
0.01284
0.01279
0.01282
0.01282
0.01277
0.01287
0.0132
0.01293
0.01288
0.01278
0.01279
0.01296
0.01327
0.01284
0.01284
0.01287
0.01283
0.01283
0.01277
0.01277
0.01275
0.01282
0.01276
0.01276
0.01278
0.01336
0.01289
0.01292
0.01291
0.01292
0.01283
0.01286
0.01285
0.0128
0.01282
0.01279
0.01279
0.01275
0.0128
0.01286
0.01283
0.01281
0.01277
0.01279
0.01558
0.01341
0.01365
0.01356
0.01351
0.01348
0.01305
0.01292
0.01283
0.01287
0.0128
0.01281
0.01274
0.01276
0.01276
0.01282
0.01276
0.01276
0.01278
0.01338
0.0129
0.01279
0.01276
0.01283
0.01278
0.01279
0.01278
0.01281
0.01276
0.01275
0.01279
0.01294
0.01278
0.01283
0.01281
0.01275
0.01276
0.01276
0.01346
0.01307
0.01291
0.0128
0.01281
0.01278
0.01286
0.01277
0.01281
0.01278
0.01277
0.01278
0.01278
0.01277
0.01295
0.01291
0.01288
0.01283
0.0128
0.0129
0.01318
0.01286
0.0128
0.01278
0.01279
0.01281
0.0128
0.01277
0.01282
0.01277
0.01283
0.01278
0.01279
0.01281
0.01283
0.01278
0.01279
0.01282
0.01279
0.01391
0.01304
0.01284
0.01282
0.01279
0.01281
0.01283
0.01277
0.01285
0.01278
0.01279
0.01269
0.01281
0.01281
0.01278
0.01284
0.01278
0.01278
0.01279
0.01292
0.01333
0.01286
0.0128
0.01546
0.01341
0.01296
0.0134
0.01349
