0.04753
0.01601
0.0139
0.01399
0.01376
0.01389
0.0133
0.01333
0.01291
0.01273
0.01289
0.01274
0.01271
0.01271
0.01271
0.01285
0.01317
0.01277
0.01274
0.01271
0.01273
0.01341
0.01284
0.01276
0.01271
0.01272
0.01277
0.01281
0.01274
0.01276
0.01268
0.01273
0.01307
0.01272
0.01271
0.01274
0.01279
0.01276
0.0127
0.01366
0.0131
0.01285
0.01294
0.01279
0.01283
0.01278
0.01273
0.01296
0.0128
0.01274
0.0127
0.01273
0.0127
0.0127
0.01294
0.01277
0.01278
0.01285
0.01314
0.01296
0.0129
0.01271
0.01271
0.01273
0.01274
0.0127
0.0127
0.0128
0.01271
0.01272
0.0127
0.01278
0.01273
0.01272
0.0127
0.01272
0.01368
0.01294
0.01279
0.01281
0.01272
0.01279
0.01279
0.01274
0.01273
0.01272
0.01276
0.01272
0.01272
0.01272
0.01271
0.01274
0.0127
0.01274
0.0129
0.01315
0.01287
0.01277
0.01286
0.01276
0.01281
0.01485
0.01346
0.01357
0.01345
0.01347
0.01286
0.01274
0.01276
0.01281
0.01275
0.01279
0.01353
0.0129
0.01281
0.01281
0.01276
0.01281
0.01281
0.01294
0.0128
0.01273
0.01277
0.01277
0.01279
0.01274
0.0128
0.01277
0.01276
0.01275
0.01288
0.01304
0.0128
0.01284
0.01274
0.01276
0.01281
0.01282
0.01277
0.01275
0.01274
0.01276
0.01279
0.01275
0.01279
0.01283
0.01274
0.01275
0.01274
0.01387
0.01289
0.01281
0.01283
0.01277
0.01279
0.01275
0.01275
0.01312
0.01276
0.01278
0.01273
0.01279
0.01273
0.01276
0.01293
0.01276
0.01274
0.01294
0.01309
0.01281
0.01283
0.01277
0.01274
0.01277
0.01279
0.01301
0.01276
0.01278
0.01273
0.01278
0.01274
0.01308
0.01278
0.01275
0.01273
0.01276
0.01367
0.01309
0.01336
0.01307
0.01278
0.01282
0.01309
0.01276
0.01379
0.01307
0.0128
0.01277
0.01282
0.01276
0.01309
0.01535
0.01397
0.01376
0.01388
0.0128
0.01287
0.01295
0.01301
0.01278
0.0128
0.01281
0.01276
0.01275
0.01275
0.01277
0.01274
0.01283
0.01279
0.01296
0.01274
0.01288
0.01328
0.01286
0.01333
0.0129
0.01284
0.01292
0.01288
0.01307
0.01277
0.01288
0.01296
0.01284
0.01275
0.0128
0.01279
0.01281
0.01278
0.01294
0.01336
0.01289
0.01278
0.0128
0.01279
0.01283
0.01279
0.01277
0.01275
0.01276
0.01279
0.01288
0.01278
0.01287
0.01283
0.01277
0.01276
0.01289
0.01341
0.01286
0.01284
0.0128
0.01279
0.01282
0.01279
0.01278
0.01282
0.01278
0.01283
0.01278
0.0128
0.01274
0.01295
0.01287
0.01277
0.01302
0.01346
0.01293
0.01277
0.01279
0.01281
0.01278
0.01275
0.01277
0.01277
0.01275
0.01282
0.01275
0.01273
0.01281
0.01307
0.0128
0.01273
0.01278
0.01328
0.01301
0.01278
0.01293
0.01275
0.01277
0.01281
0.01521
0.01344
0.01361
0.0135
0.0135
0.01275
0.01275
0.01279
0.01281
0.01277
0.01284
0.01316
0.01285
0.01276
0.01286
0.01286
0.01279
0.01279
0.01352
0.01353
0.01367
0.01358
0.0136
0.01357
0.0137
0.01367
0.01367
0.01367
0.01396
0.01415
0.01388
0.01392
0.01386
0.0139
0.01434
0.01429
0.01423
0.01411
0.01434
0.01418
0.01435
0.01439
0.01451
0.01445
0.01449
0.01465
0.01509
0.01472
0.01499
0.01496
0.01504
0.01491
0.01494
0.01485
0.015
0.01505
0.01508
0.01501
0.01494
0.01488
0.01489
0.01493
0.01512
0.01538
0.01606
0.01519
0.01498
0.01483
0.01493
0.01474
0.01489
0.01472
0.01479
0.01473
0.01474
0.01491
0.01507
0.01499
0.01495
0.01503
0.01517
0.01499
0.01528
0.01503
0.01515
0.01504
0.01496
0.01499
0.01498
0.0149
0.01492
0.01493
0.01503
0.01493
0.01497
0.01501
0.01544
0.01525
0.01512
0.01511
0.01842
0.01605
0.01585
0.01567
0.01503
0.01503
0.01486
0.01478
0.01509
0.01453
0.01448
0.01451
0.0146
0.01483
0.01456
0.01448
0.01464
0.01454
0.01461
0.01457
0.01457
0.01459
0.01473
0.01462
0.01471
0.01471
0.0147
0.0147
0.01467
0.01488
0.01527
0.01485
0.01478
0.01475
0.01483
0.01481
0.01494
0.01488
0.01488
0.01484
0.01485
0.01483
0.01487
0.01512
0.01506
0.01512
0.01516
0.01553
0.01516
0.01529
0.0153
0.01528
0.01538
0.01526
0.01525
0.01533
0.01548
0.01551
0.01533
0.01526
0.01531
0.01517
0.01518
0.01527
0.0154
0.01518
0.01545
0.01509
0.01513
0.01518
0.01518
0.01509
0.01508
0.0151
0.01503
0.015
0.01501
0.01524
0.0151
0.015
0.01576
0.01522
0.01507
0.01524
0.01496
0.01493
0.01504
0.01492
0.01492
0.01482
0.01485
0.01484
0.01481
0.01491
0.01486
0.01481
0.01479
0.0154
0.01493
0.01473
0.01765
0.015
0.01544
0.01531
0.01525
0.0145
0.01474
0.01445
0.01442
0.01436
0.01436
0.01431
0.01432
0.01464
0.01491
0.01434
0.01432
0.0145
0.01428
0.01428
0.01435
0.01418
0.01415
0.01417
0.01415
0.01415
0.01418
0.01422
0.01418
0.01422
0.01419
0.01474
0.01444
0.01463
0.01435
0.01427
0.01488
0.01505
0.0152
0.01453
0.01452
0.01449
0.01448
0.01443
0.01453
0.01444
0.0145
0.01451
0.0151
0.01469
0.01457
0.01455
0.01469
0.01469
0.01491
0.01456
0.01469
0.01461
0.01479
0.01452
0.01462
0.01465
0.01464
0.01461
0.01477
0.01502
0.01483
0.01506
0.01488
0.01482
0.0149
0.01464
0.01476
0.01455
0.01481
0.01476
0.01482
0.01475
0.015
0.01473
0.01498
0.01486
0.01556
0.01503
0.01501
0.01493
0.01529
0.01522
0.01535
0.0152
0.0153
0.01525
0.01537
0.01528
0.01543
0.0155
0.01555
0.0155
0.01564
0.01623
0.01898
0.0168
0.01666
0.01668
0.01688
0.01697
0.01628
0.01611
0.01621
0.01609
0.01623
0.01645
0.01642
0.01629
0.01704
0.0164
0.01631
0.0165
0.01642
0.01621
0.0162
0.01601
0.01605
0.01596
0.01604
0.01587
0.01598
0.01596
0.01602
0.01589
0.01618
0.01611
0.01591
0.01576
0.01584
0.01577
0.01585
0.01586
0.01576
0.01561
0.01575
0.01547
0.01559
0.01546
0.01559
0.01548
0.01546
0.01595
0.01555
0.01539
0.01561
0.0153
0.01547
0.01533
0.01547
0.01529
0.01532
0.01537
0.01531
0.01526
0.01532
0.01527
0.01528
0.01517
0.0157
0.01519
0.01512
0.01509
0.01513
0.01499
0.01506
0.01497
0.01514
0.01507
0.01514
0.01501
0.01525
0.01513
0.01518
0.01506
0.01511
0.01558
0.01512
0.01494
0.01531
0.01501
0.0152
0.01512
0.01519
0.01519
0.01516
0.01506
0.01515
0.01504
0.01523
0.01526
0.01518
0.01502
0.01577
0.0154
0.01848
0.01567
0.01531
0.0159
0.01598
0.01611
0.01529
0.01526
0.01532
0.0152
0.01517
0.01506
0.01522
0.01505
0.01557
0.01517
0.01511
0.01517
0.01525
0.01499
0.01502
0.01495
0.01512
0.01492
0.01492
0.01481
0.0149
0.01477
0.01491
0.01471
0.01486
0.01537
0.01501
0.015
0.01503
0.01492
0.015
0.01491
0.01502
0.01481
0.01494
0.01486
0.0149
0.01471
0.01485
0.0147
0.01477
0.01465
0.01512
0.01481
0.01478
0.0147
0.0146
0.01452
0.01453
0.01451
0.01455
0.01455
0.01458
0.01449
0.01457
0.01447
0.01467
0.01449
0.0146
0.01472
0.01475
0.01458
0.0147
0.01459
0.0147
0.01464
0.01473
0.01468
0.01478
0.0147
0.01479
0.0147
0.01479
0.01481
0.01475
0.01465
0.01491
0.01491
0.01487
0.0147
0.01482
0.01464
0.01479
0.01476
0.01465
0.0146
0.01469
0.01452
0.0146
0.01446
0.01468
0.01446
0.01455
0.01438
0.01726
0.01579
0.0155
0.01541
0.0154
0.01516
0.01527
0.0148
0.01453
0.0145
0.01453
0.01451
0.01453
0.01444
0.01457
0.01453
0.0152
0.01466
0.0145
0.01437
0.01447
0.01449
0.01446
0.01442
0.01447
0.01438
0.01457
0.01432
0.01449
0.0144
0.01449
0.01433
0.0145
0.0147
0.0147
0.01443
0.01446
0.01442
0.01445
0.01437
0.01463
0.01444
0.01451
0.01439
0.01453
0.01439
0.01443
0.0143
0.01438
0.01428
0.01439
0.01484
0.01438
0.01427
0.01437
0.01424
0.01443
0.01427
0.01434
0.01425
0.01437
0.01435
0.01437
0.01429
0.01434
0.01426
0.01434
0.01422
0.01467
0.01441
0.01466
0.01444
0.01435
0.01435
0.01447
0.01432
0.01439
0.01427
0.01449
0.01431
0.01444
0.01432
0.01459
0.01426
0.01441
0.01455
0.01459
0.01434
0.01453
0.01436
0.01441
0.01437
0.01451
0.01443
0.0145
0.01439
0.01464
0.01447
0.01457
0.01448
0.01677
0.01553
0.01583
0.01539
0.01578
0.01517
0.01516
0.01459
0.01451
0.0147
0.01457
0.01446
0.01454
0.01451
0.01467
0.01447
0.01461
0.01452
0.01471
0.01505
0.01472
0.01461
0.0147
0.01443
0.0145
0.01459
0.01464
0.01442
0.01451
0.0145
0.01448
0.01441
0.01453
0.01442
0.01445
0.01434
0.01516
0.01465
0.01451
0.0143
0.01447
0.0135
0.01345
0.0137
0.01368
0.01342
0.01346
0.01344
0.01342
0.01344
0.01339
0.0134
0.01341
0.01328
0.01395
0.01352
0.0133
0.01318
0.0132
0.01321
0.01331
0.01278
0.01282
0.01274
0.01275
0.01282
0.01273
0.0127
0.01272
0.01341
0.01348
0.01339
0.01395
0.01364
0.01355
0.01341
0.01355
0.01344
0.01354
0.01346
0.01361
0.01347
0.01357
0.01351
0.01357
0.01355
0.01367
0.01367
0.01364
0.01357
0.01429
0.01379
0.01377
0.01368
0.0137
0.01362
0.0137
0.01369
0.01366
0.01358
0.01634
0.01387
0.01458
0.0144
0.01449
0.01405
0.0137
0.01385
0.01384
0.01361
0.01365
0.01359
0.01369
0.0136
0.01369
0.01354
0.01368
0.01351
0.01365
0.01355
0.01373
0.01352
0.01374
0.01352
0.01368
0.01436
0.01379
0.01356
0.01365
0.01365
0.01364
0.01363
0.01384
0.01365
0.01375
0.01363
0.01372
0.01361
0.01373
0.01372
0.01389
0.01376
0.01387
0.01423
0.01394
0.01426
0.0138
0.01372
0.01378
0.01369
0.01396
0.01365
0.01374
0.01364
0.01376
0.01368
0.01398
0.01391
0.01369
0.01361
0.01371
0.01406
0.01381
0.01369
0.01369
0.01365
0.01375
0.01364
0.01372
0.01359
0.01373
0.01369
0.01377
0.01358
0.01372
0.01373
0.01369
0.01358
0.01371
0.01398
0.0138
0.01384
0.01378
0.01366
0.01378
0.01357
0.01368
0.01373
0.01374
0.01359
0.01373
0.01355
0.01372
0.01369
0.01372
0.01358
0.0137
0.01398
0.0137
0.01361
0.01604
0.01392
0.01456
0.01438
0.01445
0.01356
0.01366
0.01366
0.01367
0.01365
0.01375
0.01368
0.01375
0.01359
0.01428
0.01404
0.01435
0.01453
0.01451
0.0139
0.014
0.01382
0.01386
0.01375
0.01402
0.01392
0.01398
0.01388
0.01398
0.01392
0.01401
0.01462
0.01402
0.01386
0.01408
0.01395
0.01395
0.01391
0.01393
0.01374
0.01386
0.01374
0.01376
0.01369
0.01381
0.01376
0.01369
0.01366
0.01368
0.01395
0.01369
0.01356
0.0137
0.01361
0.0137
0.01352
0.01375
0.01568
0.0137
0.0136
0.01366
0.01352
0.01366
0.01361
0.01366
0.01355
0.01441
0.01374
0.01365
0.01357
0.01358
0.01346
0.01364
0.01352
0.01364
0.01347
0.01362
0.01359
0.01356
0.01343
0.01354
0.01356
0.01359
0.01344
0.01412
0.01369
0.01368
0.01348
0.01359
0.01347
0.01363
0.01348
0.0136
0.01345
0.01357
0.01358
0.01362
0.01345
0.01358
0.01352
0.01605
0.01394
0.01389
0.0137
0.01425
0.0141
0.01417
0.01357
0.0136
0.01346
0.01355
0.01349
0.01356
0.01346
0.01354
0.01345
0.01368
0.01353
0.01358
0.01475
0.01383
0.01382
0.0138
0.01365
0.01363
0.01359
0.01361
0.01347
0.01355
0.0135
0.01363
0.01384
0.01394
0.01381
0.01397
0.01374
0.01385
0.01386
0.01414
0.01379
0.01394
0.01408
0.01389
0.01374
0.01392
0.0138
0.01371
0.01366
0.01374
0.01354
0.01366
0.01359
0.01368
0.01358
0.01362
0.01368
0.01379
0.01358
0.0138
0.01368
0.01372
0.01362
0.01374
0.01365
0.01365
0.01358
0.01375
0.01361
0.01365
0.01354
0.01363
0.01351
0.01372
0.01412
0.01383
0.01356
0.0137
0.01354
0.01363
0.0135
0.01362
0.01352
0.01357
0.01349
0.01365
0.01349
0.01358
0.01353
0.01367
0.01349
0.01362
0.01414
0.01368
0.01356
0.01376
0.01354
0.01365
0.01361
0.01365
0.01354
0.01628
0.0139
0.01376
0.01438
0.01442
0.01442
0.01374
0.01355
0.01423
0.01386
0.01394
0.01385
0.01393
0.01383
0.01392
0.01386
0.01395
0.0138
0.01392
0.01375
0.01385
0.01371
0.01385
0.01378
0.01388
0.01372
0.01402
0.01381
0.0138
0.01366
0.01385
0.01377
0.01316
0.01297
0.01303
0.01294
0.01295
0.01303
0.01295
0.01294
0.01308
0.01294
0.01293
0.01302
0.01348
0.01308
0.01295
0.01312
0.013
0.01293
0.01294
0.01293
0.01299
0.01272
0.01277
0.01271
0.01269
0.01267
0.01273
0.01273
0.01274
0.01272
0.01354
0.01283
0.01272
0.01269
0.01269
0.01269
0.01269
0.01281
0.01272
0.01267
0.01274
0.01274
0.01274
0.01268
0.01272
0.01268
0.01269
0.01268
0.01333
0.01301
0.01274
0.01269
0.01274
0.01268
0.01272
0.01266
0.01267
0.01267
0.01268
