0.05061
0.0199
0.01682
0.01611
0.01611
0.01602
0.01575
0.01588
0.01538
0.0155
0.01461
0.01508
0.01536
0.01516
0.01506
0.01467
0.01406
0.01416
0.01387
0.01461
0.01492
0.01569
0.01578
0.01597
0.01607
0.0162
0.01678
0.01628
0.01641
0.01641
0.01643
0.01673
0.01677
0.01709
0.01704
0.01744
0.01743
0.01633
0.01649
0.01634
0.01751
0.01756
0.01972
0.01989
0.01798
0.01838
0.01778
0.01933
0.01931
0.01963
0.01919
0.01839
0.01834
0.01872
0.01916
0.01877
0.01879
0.01868
0.01771
0.01752
0.02111
0.01869
0.01888
0.01891
0.01903
0.01929
0.01962
0.01948
0.01967
0.01966
0.01736
0.01691
0.01747
0.01784
0.0178
0.01792
0.01888
0.01683
0.01709
0.01686
0.01801
0.01789
0.01778
0.01646
0.01623
0.01635
0.0163
0.01586
0.01613
0.0157
0.01623
0.01648
0.01633
0.01644
0.01716
0.01606
0.01611
0.01593
0.01601
0.01587
0.01584
0.01925
0.01712
0.01596
0.01611
0.01606
0.01605
0.016
0.01606
0.01604
0.01616
0.0194
0.0169
0.01719
0.01836
0.01785
0.01806
0.01813
0.01794
0.01747
0.01735
0.01713
0.01723
0.01705
0.01747
0.01715
0.0168
0.01818
0.01691
0.0169
0.01685
0.01682
0.01682
0.01683
0.0172
0.01689
0.01706
0.01674
0.01612
0.01617
0.01619
0.01719
0.01773
0.01769
0.01916
0.01641
0.01655
0.01624
0.01726
0.01735
0.0174
0.01711
0.0171
0.01721
0.01719
0.0187
0.01891
0.01894
0.01915
0.01935
0.01942
0.02244
0.01974
0.01983
0.02009
0.02031
0.02034
0.01986
0.02009
0.02036
0.01946
0.01944
0.0196
0.01968
0.02042
0.02015
0.02042
0.02091
0.021
0.02071
0.0223
0.02242
0.02236
0.02166
0.02144
0.02124
0.02108
0.02142
0.02139
0.02331
0.02316
0.02329
0.02302
0.02312
0.0231
0.02337
0.02357
0.0239
0.02411
0.02424
0.02231
0.0317
0.02724
0.02787
0.02772
0.02475
0.02225
0.02204
0.02269
0.02212
0.02203
0.02056
0.0208
0.02098
0.02253
0.02249
0.02306
0.02189
0.02253
0.02445
0.02328
0.02413
0.02599
0.02724
0.02731
0.02596
0.02508
0.02565
0.02604
0.0264
0.02868
0.02941
0.03013
0.02805
0.02804
0.03025
0.02984
0.02916
0.02672
0.0269
0.02727
0.0269
0.02717
0.029
0.0295
0.03131
0.02754
0.02762
0.03015
0.03017
0.02845
0.02747
0.02737
0.02648
0.02642
0.02867
0.02821
0.02843
0.02612
0.02929
0.03164
0.03045
0.02904
0.02616
0.02622
0.02582
