0.04863
0.01615
0.01519
0.01383
0.01374
0.01359
0.01362
0.01366
0.01307
0.01283
0.01316
0.0146
0.01362
0.01365
0.01364
0.01287
0.01286
0.01295
0.01303
0.01352
0.01357
0.01383
0.01286
0.01288
0.01294
0.01285
0.01304
0.01279
0.01291
0.01419
0.01346
0.0135
0.01358
0.01287
0.01288
0.01293
0.01292
0.01367
0.01369
0.0136
0.0132
0.01291
0.01298
0.01367
0.01393
0.01379
0.01358
0.01402
0.01365
0.01364
0.01363
0.01289
0.01287
0.01295
0.01287
0.01299
0.01311
0.0129
0.01284
0.01294
0.01281
0.01294
0.01304
0.01282
0.01294
0.01397
0.01378
0.01366
0.01341
0.01336
0.01295
0.01294
0.01288
0.01367
0.01344
0.01346
0.01355
0.01282
0.01298
0.01293
0.01294
0.01328
0.01314
0.01306
0.01374
0.01377
0.01363
0.01376
0.0131
0.01285
0.01289
0.01284
0.01289
0.01309
0.01299
0.01286
0.01317
0.01287
0.01291
0.01418
0.01284
0.01603
0.01454
0.01399
0.01357
0.01354
0.01287
0.0128
0.01283
0.01297
0.01287
0.01284
0.0133
0.01284
0.0129
0.01299
0.01289
0.01301
0.01317
0.01288
0.01324
0.01335
0.01351
0.01353
0.01352
0.01282
0.01293
0.0137
0.0137
0.01374
0.01447
0.01386
0.01405
0.01409
0.01396
0.01415
0.01442
0.01424
0.01441
0.01628
0.01536
0.01541
0.01578
0.01471
0.01472
0.01482
0.01477
0.01472
0.01491
0.01473
0.01473
0.01492
0.01504
0.01511
0.01613
0.01612
0.01727
0.01633
0.01626
0.01614
0.01574
0.01539
0.01563
0.01553
0.01572
0.01622
0.01568
0.01592
0.01596
0.01631
0.01619
0.01618
0.01671
0.0171
0.0173
0.01722
0.01719
0.01624
0.01608
0.01608
0.01672
0.01721
0.01716
0.01719
0.01643
0.01597
0.01619
0.01718
0.01709
0.01716
0.01739
0.0173
0.01726
0.01737
0.01741
0.01745
0.0178
0.01653
0.01666
0.01679
0.01692
0.02191
0.018
0.01795
0.01787
0.01851
0.01828
0.01731
0.01719
0.01622
0.01606
0.01704
0.01721
0.01677
0.01721
0.01663
0.01722
0.01738
0.01731
0.01653
0.01753
0.01716
0.01704
0.017
0.01703
0.01658
0.01602
0.0159
0.01591
0.01656
0.01635
0.01648
0.01551
0.01554
0.01555
0.01603
0.01591
0.0159
0.01601
0.01571
0.01545
0.0153
0.01477
0.01475
0.01472
0.0146
0.01446
0.0138
0.01363
0.01416
0.01419
0.01429
0.0138
0.0146
0.01376
0.01469
0.01382
0.01384
0.01387
0.01314
0.01318
0.01309
0.01337
0.01373
0.01365
0.01371
0.01293
0.01294
0.01297
0.01312
0.01367
0.01355
0.0137
0.01392
0.01378
0.01348
0.01361
0.01354
0.01355
0.01356
0.01402
0.01293
0.01289
0.01299
0.01307
0.01299
0.01314
0.01296
0.01355
0.01361
0.01382
0.01394
0.01364
0.0136
0.01361
0.01289
0.01292
0.01297
0.01379
0.01286
0.01296
0.01551
0.01497
0.01366
0.01362
0.01331
0.01292
0.01297
0.01358
