0.04953
0.01998
0.01727
0.01705
0.01692
0.01621
0.01574
0.01571
0.0156
0.01555
0.01615
0.01578
0.01556
0.01559
0.01551
0.0154
0.01584
0.01539
0.01536
0.01529
0.01533
0.01527
0.01525
0.01513
0.01509
0.01502
0.01496
0.01501
0.01543
0.01501
0.01499
0.01503
0.01493
0.01482
0.01494
0.01464
0.01451
0.01448
0.01452
0.01441
0.0143
0.01426
0.01431
0.0142
0.0141
0.01418
0.01458
0.01425
0.01409
0.01404
0.0138
0.01376
0.01369
0.01401
0.01367
0.01355
0.01288
0.01281
0.01277
0.0128
0.01278
0.01285
0.01278
0.01279
0.01297
0.01322
0.01289
0.01285
0.01279
0.0128
0.0128
0.01284
0.01333
0.01299
0.01292
0.01349
0.01361
0.01348
0.01279
0.01289
0.01283
0.01283
0.01278
0.0134
0.01309
0.0129
0.0128
0.01284
0.01278
0.01293
0.0128
0.0129
0.01278
0.01293
0.01279
0.01285
0.01279
0.01285
0.01283
0.01299
0.01281
0.01576
0.01363
0.01342
0.01349
0.01365
0.01359
0.01366
0.01279
0.0129
0.01291
0.0129
0.01287
0.01288
0.01279
0.0128
0.01284
0.01291
0.01278
0.01281
0.01296
0.01331
0.01287
0.01289
0.01282
0.01289
0.01287
0.01287
0.0128
0.01281
0.01277
0.01281
0.01288
0.0128
0.01278
0.01279
0.01287
0.01282
0.01278
0.01278
0.01343
0.01301
0.01283
0.01283
0.01292
0.01285
0.01283
0.01284
0.01282
0.01284
0.01278
0.01284
0.01278
0.0128
0.01277
0.01283
0.01279
0.0128
0.01278
0.01335
0.01296
0.01291
0.0128
0.01295
0.01277
0.01285
0.0128
0.0131
0.01278
0.0128
0.01278
0.01284
0.01276
0.0128
0.01279
0.01285
0.01277
0.01279
0.01353
0.01313
0.01284
0.01283
0.01279
0.01282
0.01282
0.01282
0.01279
0.01281
0.01278
0.01288
0.01288
0.01282
0.01278
0.01289
0.01279
0.01283
0.01278
0.01355
0.01302
0.01287
0.01279
0.01626
0.01342
0.01381
0.01362
0.01369
0.01299
0.0128
0.0128
0.01281
0.01278
0.01282
0.01295
0.01283
0.01278
0.01327
0.01313
0.01287
0.01278
0.01281
0.01278
0.01284
0.01288
0.01283
0.01279
0.0128
0.01278
0.01286
0.01277
0.0128
0.0128
0.01294
0.01315
0.01282
0.0129
0.01324
0.01296
0.01289
0.01287
0.01286
0.0128
0.01282
0.01279
0.01275
0.01272
0.01278
0.01284
0.0128
0.01277
0.01284
0.01283
0.01278
0.01279
0.01291
0.01318
0.0129
0.01278
0.01345
0.01281
0.01281
0.01287
0.01328
0.01294
0.01357
0.0134
0.01348
0.01339
0.0128
0.01285
0.01289
0.01277
0.01279
0.01337
0.01301
0.01279
0.01282
0.01279
0.01281
0.01282
0.01282
0.01286
0.0128
0.01278
0.01284
0.01281
0.01279
0.01278
0.013
0.01283
0.01283
0.01277
0.01368
0.01298
0.01284
0.01278
0.01282
0.01287
0.01286
0.01278
0.01318
0.01358
0.01644
0.01424
0.01396
0.0146
0.01464
0.0147
0.01458
0.01377
0.0143
0.01397
0.01386
0.0138
0.01389
0.01392
0.01392
0.01391
0.014
0.01395
0.01413
0.01404
0.01413
0.01409
0.01423
0.01433
0.01447
0.01422
0.01502
0.01454
0.01446
0.01437
0.01458
0.01452
0.01458
0.01464
0.01477
0.01479
0.01479
0.01472
0.01474
0.01488
0.01504
0.015
0.01501
0.01501
0.01558
0.0153
0.01518
0.01516
0.01522
0.0152
0.01528
0.01527
0.0153
0.01531
0.01538
0.01535
0.01538
0.01545
0.01549
0.01547
0.01555
0.0165
0.01572
0.01583
0.01589
0.01597
0.01583
0.01575
0.01572
0.01564
0.01581
0.01579
0.01586
0.01568
0.0157
0.01568
0.01572
0.01578
0.01654
0.01599
0.01573
0.01566
0.01562
0.0156
0.01587
0.01587
0.01573
0.01553
0.01551
0.01556
0.0155
0.01547
0.01548
0.01552
0.01551
0.01559
0.01564
0.01523
0.01519
0.01527
0.01875
0.0164
0.01623
0.0161
0.0155
0.01565
0.01551
0.01536
0.01536
0.01544
0.01538
0.01556
0.01618
0.01581
0.01556
0.01548
0.01552
0.01557
0.01565
0.01552
0.01573
0.01578
0.01583
0.01575
0.01576
0.01577
0.01585
0.0159
0.01575
0.01647
0.01593
0.01579
0.01577
0.01579
0.01586
0.01643
0.01613
0.01587
0.0168
0.01668
0.01668
0.01585
0.01592
0.01583
0.01586
0.01616
0.01647
0.01603
0.01584
0.01585
0.01589
0.01589
0.01578
0.01595
0.01584
0.01586
0.01585
0.01584
0.01584
0.01586
0.01582
0.01578
0.01607
0.01611
0.01589
0.01598
0.01611
0.01601
0.01585
0.0161
0.01599
0.0159
0.01561
0.01515
0.01519
0.01517
0.01521
0.01509
0.01507
0.01523
0.0157
0.01517
0.01506
0.01504
0.01513
0.01504
0.01502
0.01509
0.01498
0.01497
0.015
0.01504
0.01498
0.01509
0.01499
0.01499
0.01494
0.01559
0.01519
0.01505
0.01836
0.01556
0.01603
0.01591
0.01586
0.01508
0.01499
0.01506
0.01493
0.01493
0.015
0.01489
0.0149
0.01494
0.01534
0.01485
0.01472
0.01474
0.01464
0.01462
0.01457
0.01449
0.01448
0.01442
0.01454
0.01443
0.0143
0.01457
0.01439
0.01424
0.01423
0.01471
0.01446
0.01341
0.01339
0.01348
0.0134
0.01339
0.01343
0.01341
0.01338
0.01334
0.01294
0.01282
0.01279
0.01303
0.0129
0.01286
0.01283
0.01282
0.01369
0.01295
0.01285
0.0128
0.01285
0.01278
0.01286
0.01279
0.01281
0.01279
0.01282
0.01277
0.01282
0.01278
0.01341
0.01394
0.01298
0.01279
0.01283
0.01331
0.01299
0.01278
0.01283
0.01285
0.01292
0.01285
0.01282
0.01279
0.01323
0.01282
0.01291
0.01282
0.01281
0.01275
0.01288
0.01278
0.01279
0.01292
0.01318
0.01291
0.01284
0.01279
0.01285
0.0128
0.01288
0.01284
0.01282
0.01281
0.01281
0.01287
0.0158
0.01409
0.01376
0.01357
0.01299
0.01278
0.01348
0.01296
0.01283
0.01275
0.01348
0.01352
0.01362
0.01397
0.01366
0.01435
0.01432
0.01443
0.01434
0.01368
0.0139
0.0137
0.01378
0.01393
0.01409
0.01401
0.01405
0.01398
0.01409
0.01409
0.01426
0.01423
0.01435
0.01425
0.01435
0.01432
0.01435
0.01433
0.01462
0.01438
0.01437
0.01455
