0.05146
0.02592
0.02216
0.02213
0.02183
0.0219
0.02099
0.02032
0.02039
0.02224
0.02143
0.02085
0.0208
0.02101
0.02122
0.02015
0.02057
0.02028
0.02161
0.0216
0.02163
0.02045
0.0202
0.02034
0.02148
0.02148
0.02153
0.02007
0.02028
0.02016
0.02049
0.01998
0.01988
0.01955
0.01904
0.01903
0.01827
0.01808
0.01823
0.01948
0.01873
0.01844
0.01845
0.01725
0.01628
0.01624
0.01594
0.01591
0.01615
0.01581
0.01583
0.01596
0.01639
0.01656
0.01687
0.01694
0.01737
0.01901
0.01928
0.01935
0.01868
0.01851
0.01859
0.01824
0.0181
0.01803
0.01833
0.01911
0.01938
0.0196
0.01935
0.01942
0.02036
0.02372
0.02491
0.02557
0.02374
0.02393
0.02477
0.02411
0.02458
0.02696
0.02841
0.0289
0.02961
0.03079
0.03155
0.03232
0.02986
0.02968
0.03024
0.03006
0.03037
0.03361
0.03297
0.03073
0.02829
0.03026
0.02963
0.02993
0.02753
0.0375
0.03325
0.03398
0.03096
0.03215
0.03232
0.03139
0.03148
0.03332
0.03325
0.02998
0.02973
0.03018
0.02901
0.02865
0.02836
0.02755
0.02656
0.02564
0.02506
0.02626
0.02565
0.02526
0.02349
0.02348
0.02336
0.02333
0.02361
0.02297
0.02258
0.02157
0.02081
0.02036
0.01992
0.02184
0.02052
0.02059
0.02041
0.01972
0.01911
0.01902
0.01903
0.01948
0.019
0.02006
0.02007
0.01994
0.02002
0.01883
0.01799
0.01912
0.01868
0.01836
0.01803
0.01717
0.01689
0.01695
0.01711
0.01679
0.01685
0.01666
0.01704
0.01595
0.01548
0.01482
0.01454
0.01467
0.016
0.01446
0.01443
0.01378
0.01407
0.01309
0.013
0.01309
