0.04869
0.01681
0.01516
0.01514
0.01511
0.01487
0.01466
0.01459
0.01457
0.01378
0.01378
0.0139
0.01376
0.01382
0.01391
0.01375
0.01364
0.01369
0.0136
0.01365
0.01284
0.01348
0.01325
0.01291
0.01286
0.01286
0.0129
0.01292
0.01294
0.01292
0.01292
0.01286
0.01316
0.01295
0.01294
0.01283
0.01322
0.01291
0.0129
0.01284
0.01347
0.01318
0.01295
0.01285
0.01291
0.01297
0.01291
0.0129
0.01285
0.01288
0.01286
0.01283
0.01284
0.01284
0.01284
0.01285
0.01284
0.0129
0.01282
0.0135
0.01316
0.01291
0.01286
0.01285
0.01302
0.01286
0.01284
0.01296
0.01296
0.01285
0.01284
0.01285
0.01288
0.01284
0.0129
0.01287
0.0129
0.01283
0.0135
0.01313
0.01297
0.01291
0.01298
0.01305
0.01286
0.0129
0.01286
0.01296
0.01285
0.01289
0.01289
0.01285
0.01284
0.01301
0.01287
0.01293
0.01285
0.01356
0.01311
0.01291
0.01286
0.01546
0.01343
0.01385
0.01381
0.01366
0.01339
0.01289
0.01288
0.01306
0.01285
0.01294
0.01292
0.01285
0.01285
0.01317
0.01324
0.01299
0.0129
0.01289
0.01289
0.01291
0.01287
0.01286
0.01287
0.01287
0.01285
0.01296
0.01288
0.01287
0.01288
0.01289
0.01294
0.01288
0.01297
0.01321
0.01295
0.01288
0.01288
0.01293
0.01295
0.01288
0.01289
0.01288
0.01286
0.01287
0.01288
0.01305
0.01289
0.01296
0.01306
0.01293
0.01287
0.01307
0.01324
0.01297
0.01288
0.01287
0.01287
0.01288
0.01287
0.01292
0.01287
0.01294
0.01288
0.01286
0.01292
0.013
0.01299
0.01293
0.01294
0.01288
0.01293
0.01391
0.013
0.0129
0.01287
0.01301
0.01296
0.01293
0.01294
0.01288
0.01303
0.01343
0.01304
0.01295
0.013
0.01352
0.01351
0.01347
0.01291
0.0131
0.01322
0.01292
0.01289
0.01306
0.0129
0.01289
0.01286
0.01286
0.01287
0.01599
0.01352
0.01314
0.0129
0.01346
0.01354
0.01345
0.01337
0.01292
0.01353
0.01305
0.01289
0.01288
0.01287
0.01298
0.01291
0.01293
0.01297
0.01288
0.01288
0.01304
0.01295
0.01297
0.01288
0.01294
0.01286
0.01287
0.01285
0.01357
0.01379
0.0137
0.01367
0.01372
0.01376
0.01387
0.01385
0.01383
0.01395
0.01393
0.01411
0.01402
0.01408
0.01421
0.01416
0.01422
0.01424
0.01455
0.01462
0.01437
0.0143
0.0143
0.01434
0.01434
0.0144
0.0144
0.0143
0.01424
0.01412
0.01411
0.01414
0.01403
0.01422
0.01398
0.01394
0.01409
0.01435
0.01404
0.01389
0.01386
0.01383
0.01383
0.01391
0.01382
0.01376
0.01385
0.01372
0.01368
0.01366
0.01367
0.01368
0.01364
0.01369
0.01372
0.01396
0.01325
0.01294
0.01291
0.01287
0.01288
0.01319
0.01307
0.0129
0.01293
0.01294
0.01288
0.01293
0.01289
0.01293
0.01297
0.01297
0.01641
0.0148
0.01599
0.01397
0.01363
0.01349
0.0136
0.01348
0.01288
0.01299
0.0129
0.01293
0.0129
0.01293
0.01291
0.0129
0.01282
0.01289
0.01293
0.01289
0.01316
0.0133
0.01298
0.01299
0.0129
0.01293
0.01296
0.0129
0.0131
0.01293
0.01296
0.01294
0.01294
0.0129
0.01298
0.01287
0.01291
0.01288
0.01288
0.01287
0.01343
0.01307
0.01294
0.01292
0.01291
0.0129
0.01289
0.01295
0.01308
0.01295
0.0129
0.0129
0.01304
0.01294
0.01292
0.0129
0.01288
0.01293
0.01288
0.01468
0.01321
0.013
0.0129
0.013
0.01289
0.01296
0.01288
0.01297
0.01306
0.01351
0.01329
0.01299
0.01296
0.01354
0.01369
0.01356
0.0134
0.01287
0.01342
0.0131
0.01292
0.01288
0.01289
0.01288
0.01288
0.01292
0.01291
0.0129
0.01293
0.01286
0.01292
0.0129
0.01291
0.0129
0.01286
0.013
0.01292
0.0141
0.01307
0.01298
0.01632
0.01353
0.01307
0.01371
0.01362
0.01365
0.01337
0.01318
0.01294
0.01296
0.01293
0.01288
0.01287
0.01288
0.0129
0.01295
0.01341
0.01296
0.01291
0.01301
0.01305
0.0129
0.01287
0.01287
0.01287
0.01297
0.01287
0.01288
0.01287
0.01289
0.01286
0.01301
0.01284
0.01294
0.01288
0.01375
0.01306
0.01294
0.01293
0.01292
0.01292
0.01294
0.01286
0.013
0.01292
0.01288
0.01286
0.01292
0.01288
0.01294
0.01291
0.01294
0.01288
0.01285
0.01361
0.01312
0.01301
0.01289
0.01293
0.01289
0.01293
0.01287
0.013
0.01289
0.01296
0.01292
0.01299
0.0129
0.01288
0.01295
0.01291
0.01288
0.01287
0.01352
0.01322
0.01297
0.01289
0.01288
0.01289
0.01298
0.01294
0.01293
0.01288
0.01278
0.01289
0.01295
0.01289
0.01296
0.01291
0.01305
0.01292
0.01297
0.01303
0.01325
0.01304
0.01291
0.01293
0.0129
0.01291
0.01289
0.01565
0.0136
0.01382
0.01368
0.01366
0.0135
0.01288
0.01289
0.01287
0.01295
0.01302
0.01337
0.01301
0.01293
0.0129
0.01291
0.01294
0.01299
0.0129
0.0129
0.01289
0.01293
0.01288
0.01288
0.01294
0.01288
0.01296
0.01288
0.01295
0.01296
0.01346
0.0131
0.01298
0.0129
0.01297
0.01291
0.01293
0.01288
0.01289
0.0129
0.01293
0.0129
0.01292
0.01293
0.0129
0.01293
0.0129
0.01299
0.01288
0.01362
0.01313
0.01296
0.0129
0.0129
0.0129
0.01296
0.01291
0.01299
0.01291
0.01384
0.01317
0.01299
0.013
0.01352
0.01353
0.01353
0.01294
0.013
0.01325
0.01297
0.013
0.0129
0.01296
0.01293
0.01294
0.01294
0.01293
0.01292
0.0129
0.01315
0.01292
0.01292
0.01289
0.01291
0.01288
0.01296
0.01299
0.01332
0.01305
0.01297
0.01291
0.01291
0.01295
0.01294
0.0129
0.01303
0.01292
0.01327
0.01294
0.01297
0.01528
0.01353
0.01318
0.01296
0.01353
0.01418
0.01374
0.01306
0.01295
0.01297
0.01292
0.01302
0.01298
0.01296
0.0129
0.01292
0.01289
0.0129
0.01289
0.01289
0.01292
0.0129
0.01296
0.01289
0.0138
0.0131
0.01301
0.01291
0.01294
0.01296
0.013
0.0129
0.0129
0.01294
0.01289
0.01288
0.01297
0.01291
0.01292
0.01287
0.0129
0.01289
0.01289
0.01342
0.01316
0.01305
0.01297
0.01303
0.01293
0.01296
0.01293
0.01298
0.0129
0.01297
0.01289
0.01293
0.01289
0.01288
0.01288
0.01289
0.01289
0.01288
0.01339
0.01313
0.01295
0.01291
0.01295
0.01289
0.01298
0.01288
0.01299
0.01296
0.01289
0.01287
0.01288
0.01289
0.01294
0.0129
0.0129
0.01288
0.01289
0.01372
0.01309
0.01298
0.0129
0.01299
0.0129
0.01293
0.01287
0.01295
0.01288
0.01293
0.01299
0.01296
0.01289
0.01287
0.01289
0.0129
0.01295
0.01306
0.01568
0.01377
0.01389
0.01376
0.01371
0.01305
0.01296
0.01292
0.01294
0.01288
0.01289
0.01296
0.01288
0.01296
0.01305
0.01293
0.01288
0.0129
0.01353
0.01301
0.01304
0.01288
0.0129
0.01295
0.01286
0.01287
0.01294
0.01294
0.01295
0.01289
0.01294
0.01297
0.01296
0.01295
0.01287
0.01302
0.01297
0.01359
0.01303
0.01296
0.0129
0.01293
0.01312
0.01311
0.01296
0.01293
0.01307
0.01343
0.01301
0.01291
0.01307
0.01295
0.01299
0.01291
0.01291
0.01315
0.01319
0.01297
0.0129
0.01301
0.01299
0.01299
0.01289
0.01288
0.01364
0.01375
0.01377
0.01382
0.01388
0.01393
0.01405
0.01414
0.01413
0.01423
0.01492
0.0146
0.01448
0.01442
0.01448
0.01457
0.01466
0.01467
0.01466
0.01454
0.01487
0.0147
0.01459
0.01467
0.0146
0.01465
0.01458
0.01479
0.01531
0.01461
0.01462
0.0145
0.01451
0.01447
0.01451
0.01448
0.01782
0.01574
0.01562
0.01555
0.01447
0.01442
0.01439
0.0138
0.01385
0.01434
0.01395
0.0139
0.01379
0.01388
0.01386
0.01391
0.01385
0.01391
0.01389
0.01391
0.01392
0.01397
0.01405
0.01418
0.01411
0.0141
0.01415
0.01463
0.01437
0.01445
0.01427
0.01427
0.01438
0.01439
0.01438
0.01442
0.01445
0.01449
0.01446
0.01444
0.01444
0.01449
0.01454
0.0144
0.01453
0.01506
0.01445
