0.05219
0.01679
0.01464
0.01372
0.01376
0.01379
0.01363
0.01353
0.01304
0.01322
0.01296
0.01453
0.01363
0.01358
0.01373
0.01349
0.01361
0.01347
0.01333
0.01286
0.01287
0.01301
0.01361
0.0136
0.01359
0.01291
0.013
0.01313
0.01312
0.01395
0.01348
0.01355
0.01359
0.01354
0.01359
0.01356
0.01319
0.01292
0.01304
0.01319
0.01356
0.01351
0.01352
0.01321
0.01299
0.01321
0.013
0.01396
0.01344
0.0135
0.01355
0.01377
0.01355
0.01349
0.01322
0.01285
0.01294
0.01316
0.0129
0.01297
0.01322
0.0129
0.01308
0.01286
0.01291
0.01511
0.0136
0.01357
0.01361
0.01348
0.01364
0.01359
0.01315
0.01296
0.01309
0.01293
0.01347
0.01353
0.0136
0.01315
0.01311
0.01284
0.01296
0.01534
0.01357
0.01355
0.01383
0.01367
0.01351
0.01354
0.01286
0.01295
0.0131
0.01292
0.01294
0.01318
0.01285
0.01298
0.01374
0.01288
0.01299
0.01556
0.01454
0.0139
0.01346
0.0137
0.01373
0.01365
0.01318
0.01305
0.01319
0.01289
0.01313
0.01306
0.01287
0.01306
0.01309
0.01291
0.01305
0.01404
0.01311
0.01301
0.01287
0.01297
0.01298
0.01369
0.01373
0.01376
0.01466
0.01405
0.0139
0.01407
0.01421
0.01404
0.0141
0.0144
0.01422
0.01435
0.01717
0.01462
0.01458
0.01482
0.01558
0.01566
0.01564
0.01553
0.01485
0.01489
0.01543
0.01489
0.01497
0.01603
0.0166
0.01617
0.01613
0.01839
0.01641
0.01627
0.01624
0.01647
0.01623
0.01625
0.01564
0.01553
0.01577
0.01578
0.01616
0.01587
0.01606
0.01633
0.0163
0.01642
0.01749
0.01752
0.01721
0.01721
0.01741
0.01734
0.0173
0.01628
0.01634
0.01656
0.01624
0.01624
0.01625
0.0175
0.01621
0.01615
0.02002
0.01716
0.01722
0.01733
0.0175
0.01753
0.01681
0.01651
0.01692
0.01766
0.01766
0.01767
0.01768
0.02215
0.01926
0.01797
0.01884
0.01858
0.01843
0.01811
0.01804
0.01826
0.01737
0.0171
0.01696
0.01771
0.01772
0.01792
0.01729
0.01675
0.0166
0.0198
0.01732
0.01721
0.01735
0.01735
0.01701
0.01675
0.01618
0.01584
0.01584
0.01659
0.0165
0.01659
0.01569
0.01564
0.01574
0.01628
0.01581
0.01579
0.01539
0.01539
0.01548
0.0153
0.01539
0.01455
0.01366
0.01368
0.01419
0.01422
0.01436
0.01422
0.01415
0.01414
0.01597
0.01424
0.01412
0.01394
0.01397
0.01409
0.01413
0.01357
0.01361
0.01361
0.01342
0.01402
0.01404
0.01399
0.01377
0.01363
0.01338
0.01348
0.01497
0.01384
0.01383
0.01382
0.01395
0.01372
0.01379
0.01421
0.01316
0.01323
0.01332
0.01318
0.01324
0.0131
0.01295
0.01308
0.01292
0.01297
0.01606
0.01301
0.01305
0.0129
0.01362
0.01368
0.01384
0.01309
0.01309
0.01301
0.01294
0.01295
0.01304
0.01573
0.01408
0.01376
0.01376
0.0138
0.01352
0.0133
0.01285
0.01294
0.01295
0.01294
0.01368
0.01339
0.01295
0.01307
0.01285
0.01298
0.01305
0.01287
0.0138
0.01392
0.01397
0.01352
0.01437
0.01368
0.01356
0.01341
0.01349
0.01365
0.01365
0.01341
0.01299
0.01286
0.01291
0.01363
0.01364
0.01347
0.01345
0.01317
0.01283
0.01295
0.015
0.01311
0.01315
0.01289
0.01352
0.01353
0.01353
0.01352
0.01305
0.01303
0.01295
0.01351
0.01353
0.01348
0.01369
0.0144
0.01297
0.01308
0.01386
0.01372
0.01364
0.01351
0.01349
0.01356
0.01368
0.01338
0.01303
0.01284
0.01289
0.01354
0.01371
0.01346
0.01348
0.01328
0.01283
0.01292
0.01426
0.01382
0.01368
0.01364
0.01351
0.01376
0.01394
0.01315
0.01301
0.01287
0.0129
0.01301
0.01284
0.0129
0.01301
0.01293
0.01298
0.01303
0.01307
0.01387
0.01353
0.0135
0.0137
0.01549
0.01396
0.0137
0.01366
0.01362
0.01366
0.01316
0.01305
0.01299
0.01383
0.01348
0.01352
0.01361
0.01487
0.01308
0.01297
0.01282
0.01354
0.01359
0.01344
0.01373
0.01311
0.01295
0.01295
0.01338
0.01356
0.01347
0.01351
0.01345
0.01298
0.01317
0.01311
0.01391
0.01364
0.01347
0.01361
0.01376
0.01347
0.01432
0.0139
0.01381
0.01382
0.01402
0.0139
0.01389
0.01388
0.01383
0.01407
0.01406
0.01416
0.01458
0.0142
0.01409
0.0144
0.01493
0.01494
0.01516
0.01479
0.01467
0.0146
0.01467
0.01454
0.01465
0.01482
0.0153
0.0147
0.01469
0.01583
0.01479
0.01427
0.01386
0.01465
0.01484
0.0148
0.01436
0.01411
0.01441
0.01442
0.01462
0.01473
0.01467
0.01465
0.01479
0.01477
0.01473
0.01608
0.01615
0.01561
0.01548
0.01574
0.01566
0.01551
0.01502
0.01492
0.01494
0.01492
0.01513
0.01528
0.01534
0.0159
0.01875
0.0168
