0.05221
0.01901
0.01606
0.01576
0.01564
0.01541
0.01535
0.01526
0.01529
0.01478
0.01459
0.01454
0.01449
0.01445
0.01455
0.01448
0.01443
0.01443
0.01446
0.01447
0.01442
0.01441
0.01448
0.01453
0.01459
0.01447
0.01451
0.01454
0.01501
0.01477
0.01457
0.01452
0.0145
0.0145
0.0146
0.01467
0.01449
0.01457
0.01457
0.01457
0.01445
0.01445
0.0146
0.0146
0.01462
0.01503
0.01482
0.01474
0.01545
0.01506
0.01485
0.01479
0.01489
0.01486
0.01489
0.01483
0.0148
0.01485
0.01487
0.01486
0.01483
0.01486
0.01487
0.01488
0.01495
0.0151
0.01494
0.015
0.0161
0.01521
0.01517
0.01515
0.01518
0.01515
0.01528
0.0153
0.01533
0.0152
0.01517
0.01519
0.01528
0.01531
0.01528
0.01527
0.01527
0.01529
0.01529
0.01565
0.01536
0.01522
0.01513
0.015
0.01501
0.01494
0.01488
0.01482
0.01473
0.01479
0.0148
0.0148
0.01466
0.01918
0.01568
0.01578
0.01551
0.01559
0.01531
0.01457
0.01448
0.01432
0.01434
0.01431
0.01436
0.01438
0.01428
0.01469
0.01429
0.01423
0.01425
0.01424
0.01423
0.01422
0.01439
0.01421
0.01416
0.01429
0.01467
0.01442
0.01425
0.01431
0.01453
0.01432
0.0143
0.01423
0.01428
0.01431
0.01436
0.01426
0.01429
0.01431
0.01433
0.01431
0.01437
0.01427
0.01431
0.01433
0.01442
0.01478
0.01451
0.01439
0.01435
0.01442
0.01445
0.01445
0.01445
0.01448
0.01445
0.01444
0.01446
0.01443
0.01447
0.0145
0.0145
0.01454
0.01456
0.01454
0.01475
0.01501
0.01468
0.01462
0.0147
0.01466
0.01463
0.01456
0.01462
0.01459
0.01456
0.01457
0.01459
0.01454
0.01459
0.01455
0.01466
0.01454
0.01458
0.01455
0.01468
0.01497
0.01477
0.01469
0.01464
0.01467
0.0148
0.01468
0.01479
0.01575
0.01492
0.01486
0.01559
0.01566
0.01578
0.01947
0.01622
0.01604
0.01598
0.01559
0.01501
0.01486
0.01482
0.01475
0.0148
0.01475
0.01474
0.01468
0.0154
0.01474
0.01461
0.01462
0.01451
0.0145
0.01451
0.01443
0.01444
0.01445
0.01444
0.01497
0.01455
0.0144
0.01433
0.01426
0.01436
0.01435
0.01433
0.01419
0.01457
0.01425
0.01423
0.01417
0.0142
0.01412
0.01417
0.01429
0.01411
0.01405
0.01418
0.01474
0.01426
0.01421
0.01414
0.01401
0.01405
0.01406
0.01406
0.01394
0.01395
0.01399
0.01393
0.01393
0.01391
0.01398
0.01391
0.01407
0.0139
0.01396
0.01398
0.01401
0.0143
0.01403
0.01403
0.01399
0.01396
0.01408
0.01403
0.01407
0.014
0.01409
0.01398
0.01396
0.01397
0.01406
0.01406
0.01412
0.01409
0.01403
0.01396
0.01404
0.01483
0.01413
0.01406
0.01402
0.01411
0.01399
0.01398
0.01399
0.01392
0.01396
0.01392
0.01395
0.01391
0.01394
0.01394
0.01729
0.01537
0.0148
0.01468
0.01481
0.01432
0.01409
0.01392
0.01386
0.01384
0.01383
0.014
0.01401
0.01406
0.01394
0.01386
0.01388
0.01384
0.01389
0.01393
0.01394
0.014
0.01394
0.01396
0.01389
0.01424
0.01441
0.01401
0.01399
0.01397
0.01392
0.01406
0.01395
0.01402
0.01399
0.01396
0.01399
0.01397
0.01404
0.01394
0.01396
0.01405
0.01397
0.01404
0.01402
0.01407
0.01451
0.01429
0.0141
0.01411
0.01414
0.01414
0.01422
0.01411
0.01417
0.0141
0.01418
0.01413
0.0142
0.01421
0.01425
0.01427
0.01452
0.01444
0.0144
0.01437
0.01515
0.01465
0.01449
0.01445
0.01448
0.01464
0.01451
0.01455
0.01451
0.01466
0.01464
0.01464
0.01463
0.01478
0.01475
0.01473
0.01483
0.01487
0.01489
0.0149
0.01583
0.01504
0.01493
0.01483
0.0148
0.01482
0.01494
0.01486
0.01564
0.01524
0.01524
0.01512
0.01595
0.01601
0.01921
0.01685
0.01649
0.0164
0.01636
0.01559
0.0153
0.0152
0.01526
0.0153
0.01521
0.01518
0.01519
0.0152
0.01513
0.01514
0.01503
0.015
0.01499
0.01485
0.01493
0.01483
0.01475
0.01473
0.01539
0.01487
0.01465
0.01455
0.01443
0.01446
0.01484
0.01471
0.0145
0.01463
0.01438
0.01431
0.01421
0.01422
0.01429
0.01411
0.01419
0.0141
0.01405
0.01402
0.01468
0.01444
0.01394
0.01416
0.01383
0.01376
0.01371
0.013
0.01292
0.01294
0.0129
0.01297
0.01297
0.01306
0.01291
0.01295
0.0129
0.01301
0.01294
0.013
0.01292
0.01365
0.01339
0.01301
0.01295
0.01302
0.01297
0.01294
0.01305
0.01294
0.01293
0.01293
0.01292
0.01295
0.01291
0.01293
0.01293
0.01299
0.01324
0.01299
0.01297
0.01294
0.01307
0.01324
0.01374
0.01374
0.01374
0.01369
0.01376
0.01371
0.01368
0.01369
0.01373
0.0137
0.01374
0.01371
0.01686
0.01499
0.01423
0.01475
0.01466
0.01471
0.01463
0.01422
0.0139
0.01384
0.01388
0.01384
0.01399
0.01403
0.01391
0.01386
0.01394
0.01391
0.01391
0.01393
0.01389
0.014
0.01395
0.01401
0.01397
0.01398
0.01402
0.01461
0.01425
0.01421
0.01407
0.01425
0.01417
0.0142
0.0142
0.01423
0.01427
0.01427
0.01422
0.01439
0.0143
0.01435
0.01435
0.01448
0.01445
0.0147
0.01449
0.01517
0.01483
0.01461
0.01458
0.0146
0.01456
0.01464
0.01465
0.01492
0.01478
0.01473
0.01474
0.01465
0.01467
0.01466
0.01468
0.01479
0.01474
0.01478
0.01485
0.01569
0.01519
0.01493
0.01495
0.01496
0.01497
0.01502
0.01495
0.01501
0.01502
0.01502
0.01511
0.0152
0.01518
0.0151
0.01514
0.01519
0.0152
0.01515
0.01519
0.01586
0.01539
0.01534
0.01532
0.01528
0.01531
0.01533
0.01529
0.01671
0.01556
0.0153
0.01556
0.01615
0.01918
0.01739
0.01662
0.01648
0.0164
0.01755
0.01543
0.01523
0.0152
0.01521
0.01517
0.01526
0.01509
0.01505
0.01507
0.01498
0.01488
0.01482
0.0148
0.01471
0.01465
0.01458
0.01449
0.01448
0.01449
0.01502
0.01435
0.01421
0.01405
0.01409
0.01405
0.0141
0.01394
0.0138
0.014
0.01375
0.01299
0.01293
0.01291
0.01292
0.01294
0.0132
0.01312
0.0131
0.01301
0.0131
0.01325
0.01306
0.01299
0.01305
0.01313
0.01303
0.01295
0.01298
0.01293
0.01299
0.01302
0.01302
0.01296
0.01297
0.013
0.01303
0.01292
0.01296
0.01297
0.01294
0.01292
0.01349
0.01316
0.01298
0.01296
0.01295
0.01289
0.01309
0.01307
0.01306
0.01308
0.01301
0.01293
0.01298
0.01295
0.01301
0.01297
0.01315
0.01301
0.01297
0.01295
0.01298
0.0135
0.0133
0.01306
0.01303
0.01299
0.01296
0.01295
0.01301
0.01293
0.01294
0.01295
0.01295
0.01589
0.01352
0.01327
0.01304
0.01296
0.013
0.01291
0.01297
0.01296
0.01311
0.01406
0.01385
0.01404
0.01384
0.0139
0.01392
0.01403
0.01395
0.01396
0.014
0.01403
0.01408
0.01413
0.01414
0.01412
0.01412
0.0143
0.01429
0.01416
0.01422
0.0149
0.01459
0.01425
0.01433
0.01427
0.01433
0.01437
0.01439
0.01436
0.01444
0.01446
0.0145
0.01452
0.01454
0.01453
0.01459
0.01468
0.01459
0.01466
0.01472
0.01565
0.01516
0.01479
0.01471
0.01467
0.01473
0.01483
0.01473
0.01476
0.01468
0.0147
0.0147
0.01468
0.01465
0.01459
0.01456
0.01454
0.01444
0.01444
0.01436
0.01505
0.01455
0.01434
0.01435
0.01439
0.01425
0.0142
0.01415
0.01408
0.0141
0.01403
0.01393
0.01387
0.01383
0.01379
0.01379
0.01377
0.01377
0.01374
0.01403
0.01405
0.01408
0.0139
0.01379
0.01376
0.01379
0.01383
0.01392
0.01397
0.01467
0.01731
0.01441
0.01503
0.01499
0.01499
0.01503
0.01418
0.01419
0.01416
0.01427
0.01481
0.01448
0.01432
0.01436
0.01441
0.01443
0.01442
0.01448
0.01449
0.01454
0.01451
0.01467
0.01476
0.01467
0.01464
0.01472
0.01471
0.01473
0.01486
0.01494
0.01518
0.01502
0.01504
0.01509
0.01504
0.01509
0.01515
0.01513
0.01549
0.01536
0.01527
0.01531
0.01536
0.01539
0.0154
0.01557
0.01548
0.01552
0.01564
0.01581
0.01564
0.01563
0.01561
0.01566
0.01576
0.01608
0.01573
0.01576
0.01578
0.01582
0.01585
0.01589
0.01589
0.01597
0.01597
0.01595
0.01602
0.0165
0.01623
0.01622
0.01612
0.01617
0.01622
0.01635
0.01629
0.01633
0.01631
0.01639
0.01639
0.01653
0.01665
0.0166
0.01652
0.01654
0.01662
0.01711
0.01675
0.01676
0.01685
0.01676
0.01682
0.01675
0.01675
0.01704
0.01696
0.01695
0.01701
0.01696
0.01701
0.0171
0.0225
0.01762
0.01912
0.01887
0.01871
0.0172
0.01731
0.0172
0.01724
0.01733
0.01728
0.01721
0.01722
0.01719
0.01715
0.01716
0.01713
0.01715
0.01713
0.01761
0.01736
0.01706
0.01699
0.01698
0.01708
0.01695
0.01698
0.01698
0.01688
0.01724
0.01685
0.01731
0.01738
0.01739
0.01745
0.01747
0.01794
0.0176
0.01759
0.01756
0.01755
0.0177
0.0175
0.0175
0.01751
0.01741
0.01737
0.01741
0.01728
0.01743
0.01736
0.01729
0.01716
0.01765
0.01737
0.01717
0.01702
0.01702
0.01703
0.01696
0.01693
0.01714
0.01679
0.0168
0.01681
0.0167
0.01661
0.01659
0.01659
0.01655
0.01779
0.01672
0.01666
0.01655
0.0165
0.01648
0.01638
0.01716
0.01671
0.01643
0.017
0.01746
0.01735
0.01731
0.01639
0.01635
0.01628
0.01675
0.01641
0.01624
0.01626
0.01635
0.01615
0.01612
0.01603
0.01609
0.01612
0.01575
0.01578
0.01568
0.01999
0.0169
0.01664
0.01646
0.01614
0.01569
0.01559
0.0155
0.01551
0.01558
0.01554
0.01583
0.01578
0.01556
0.01552
0.01551
0.01552
0.01554
0.01554
0.0154
0.01539
0.01538
0.0159
0.01547
0.01533
0.01527
0.01522
0.01525
0.01512
0.01461
0.01461
0.01457
0.01453
0.01467
0.01457
0.01453
0.01447
0.01453
0.01452
0.01447
0.01487
0.0148
0.01455
0.01444
0.01436
0.01433
0.0143
0.0145
0.01438
0.01438
0.01434
0.01435
0.01436
0.0144
0.01439
0.01469
0.01442
0.01449
0.01438
0.01497
0.01456
0.01448
0.01437
0.01445
0.01441
0.01438
0.01433
0.01438
0.0143
0.01432
0.01442
0.01434
0.01435
0.01433
0.01432
0.01427
0.01427
0.01438
0.01458
0.01436
0.01415
0.01407
0.01398
0.01409
0.01406
0.01406
0.01402
0.01408
0.01398
0.01426
0.01393
0.014
0.01399
0.0139
0.01395
0.01391
0.01401
0.01426
0.01403
0.01399
0.01711
0.01513
0.01491
0.01456
0.01393
0.01388
0.0139
0.01388
0.01392
0.0139
0.01386
0.01385
0.01383
0.0138
0.01379
0.01427
0.01395
0.01388
0.01374
0.01372
0.01372
0.01387
0.01379
0.01379
0.0138
0.01374
0.01374
0.01373
0.01373
0.01367
0.01296
0.01323
0.01366
0.01369
0.01441
0.01396
0.01391
0.0138
0.01371
0.013
0.01299
0.01293
0.0129
0.01295
0.01295
0.01298
0.01303
0.01299
0.01363
0.01295
0.01292
0.01302
0.01291
0.01297
0.01368
0.01306
0.01301
0.01295
0.0129
0.013
0.01291
0.01302
0.01357
0.01325
0.01294
0.01306
0.01352
0.01357
0.01354
0.01328
0.01297
0.01297
0.0129
0.01356
0.01316
0.01308
0.01293
0.01295
0.01291
0.01302
0.0129
0.01292
0.01291
0.013
0.01291
0.01297
0.01295
0.01298
0.01293
0.01292
0.01295
0.01298
0.01296
0.01358
0.01315
0.01299
0.01292
0.01294
0.0129
0.01347
0.01601
0.01426
0.01396
0.01375
0.01354
0.01358
0.01353
0.01352
0.01302
0.01333
0.01291
0.01308
0.0134
0.01302
0.01293
0.01297
0.013
0.01294
0.01301
0.01292
0.01297
0.01297
0.01291
0.01292
0.01295
0.013
0.01292
0.01293
0.01321
0.01293
0.01291
0.0131
0.01333
0.01379
0.01297
0.0137
0.0129
0.01292
0.01296
0.01295
0.01298
0.01301
0.01291
0.01293
0.0129
0.01297
0.01289
0.01295
0.0129
0.01294
0.01292
0.01309
0.01329
0.01304
0.01296
0.01296
0.01293
0.01299
0.01299
0.01293
0.01296
0.01294
0.0129
0.01372
0.01379
0.01374
0.01291
0.01292
0.01291
0.01292
0.01297
0.01316
0.01334
0.01324
0.01293
0.01293
0.0129
0.01297
0.01292
0.01302
0.01293
0.01294
0.01302
0.01292
0.0129
0.01294
0.01294
0.01303
0.013
0.01293
0.01309
0.01295
0.01344
0.0137
0.0138
0.01376
0.01372
0.01392
0.01396
0.01388
0.01722
0.01454
0.0144
0.015
0.01495
0.01513
0.0149
0.01419
0.01464
0.0142
0.01441
0.01457
0.01431
0.01417
0.01412
0.01424
0.01416
0.01418
0.0142
0.01421
0.01418
0.01418
0.01413
0.01418
0.01427
0.01421
0.01428
0.01431
0.01443
0.01436
0.01502
0.01448
0.01446
0.01456
0.01451
0.01453
0.01454
0.01451
0.01447
0.01452
0.01449
0.01464
0.01446
0.0146
0.01454
0.01456
0.01456
0.01453
0.01455
0.01511
0.01468
0.01475
0.01463
0.01467
0.01467
0.01479
0.0147
0.0159
0.01534
0.0149
0.01499
0.01574
0.01577
0.0159
0.01506
0.01507
0.01511
0.01513
0.01679
0.01607
0.01578
0.01564
0.01538
0.01527
0.01509
0.01495
0.01485
0.01494
0.01483
0.01478
0.01465
0.01458
0.01444
0.01436
0.01436
0.01431
0.01426
0.01484
0.0144
0.01436
0.01425
0.01425
0.01419
0.01434
0.01421
0.01425
0.01439
0.01415
0.0141
0.01402
0.01757
0.01458
0.01455
0.01495
0.01479
0.01479
0.01444
0.01406
0.01381
0.01377
0.01383
0.01379
0.01383
0.01381
0.01364
0.01362
0.01288
0.01288
0.01288
0.01291
0.01287
0.01286
0.01286
0.01286
0.01283
0.01285
0.01298
0.01374
0.01299
0.01289
0.01284
0.01285
0.01284
0.01291
0.01282
0.01306
0.01289
0.01288
0.01282
0.01286
0.01284
0.01285
0.01281
0.01284
0.01291
0.01286
0.01286
0.01285
0.0133
0.01309
0.01288
0.01285
0.01296
0.01287
0.0129
0.01288
0.01282
0.01285
0.01282
0.01289
0.01285
0.01285
0.01281
0.01283
0.01282
0.01288
0.01286
0.01284
0.01279
0.01308
0.01318
0.01291
0.01285
0.01284
0.01284
0.01286
0.01284
0.01285
0.01296
0.01295
0.01284
0.01285
0.01281
0.01283
0.01283
0.01285
0.0128
0.01285
0.01281
0.01286
0.01284
0.01339
0.01292
0.01287
0.01283
0.01295
0.01281
0.01287
0.01281
0.0129
0.01578
0.01352
0.01308
0.01373
0.01359
0.01361
0.01356
0.0129
0.01282
0.01284
0.01281
0.01324
0.0132
0.01289
0.01284
0.01284
0.01283
0.01285
0.01284
0.01289
0.01285
0.0129
0.01285
0.01284
0.0128
0.01283
0.01282
0.01284
0.01291
0.01291
0.01281
0.01283
0.01303
0.01345
0.01291
0.01286
0.01283
0.01286
0.0128
0.01286
0.01282
0.01284
0.01283
0.01286
0.01286
0.01284
0.01282
0.01283
0.01281
0.01283
0.0128
0.01283
0.0128
0.01281
0.01339
0.01304
0.01286
0.01283
0.01282
0.01284
0.01283
0.0129
0.01283
0.01397
0.01306
0.01298
0.01282
0.01283
0.0128
0.01284
0.01284
0.01291
0.01281
0.01288
0.01282
0.01347
0.01307
0.01294
0.01282
0.01309
0.01286
0.01284
0.01282
0.01284
0.01285
0.01285
0.01286
0.01292
0.01281
0.01282
0.01282
0.01283
0.01281
0.01282
0.0128
0.01284
0.01318
0.01316
0.01289
0.0129
0.01559
0.01356
0.01306
0.01296
0.01301
0.01362
0.01362
0.01359
0.01293
0.01283
0.01282
0.01283
0.01282
0.01288
0.01283
0.01285
0.01276
0.01341
0.01283
0.01279
0.01276
0.0128
0.01273
0.01288
0.01275
0.01281
0.01278
0.01281
0.01281
0.01278
0.01283
0.01281
0.01282
0.01282
0.01278
0.01279
0.01276
0.01272
0.01344
0.01293
0.01277
0.01277
0.0128
0.01282
0.01282
0.01281
0.01278
0.01282
0.01279
0.0128
0.01273
0.01276
0.01272
0.01284
0.01272
0.01292
0.01275
0.0129
0.01286
0.01355
0.01302
0.0129
0.01287
0.01283
0.0128
0.01294
0.01287
0.01282
0.01284
0.01283
0.01291
0.01304
0.01285
0.01283
0.01281
0.01282
0.0128
0.01287
0.01279
0.01283
0.01328
0.01317
0.01283
0.01281
0.01277
0.01284
0.01281
0.0128
0.01278
0.0128
0.01275
0.01281
0.01275
0.01278
0.01275
0.01277
0.01273
0.01282
0.01278
0.01278
0.01677
0.01493
0.01487
0.01458
0.01445
0.01383
0.01387
0.01385
0.01382
0.01388
0.01385
0.01392
0.01384
0.01393
0.01392
0.01396
0.01385
0.0139
0.01387
0.01409
0.01404
0.01433
0.01406
0.01412
0.01404
0.01407
0.01415
0.01425
0.0142
0.01425
0.01413
0.01429
0.0142
0.0142
0.01427
0.01436
0.01433
0.0145
0.01445
0.01463
0.01467
0.01488
0.01471
0.01475
0.01471
0.01491
0.01496
0.01499
0.0149
0.01503
0.01509
0.0151
0.01527
0.01516
0.01523
0.01525
0.01524
0.01526
0.01522
0.01531
0.01576
0.01543
0.01524
0.01522
0.01514
0.01518
0.01529
0.01509
0.01572
0.01518
0.01508
0.0159
0.01587
0.01588
0.01579
0.015
0.01494
0.01502
0.01505
0.01547
0.01497
0.01498
0.01491
0.01502
0.01509
0.01506
0.01503
0.01507
0.01516
0.01512
0.01517
0.01515
0.0151
0.01516
0.01515
0.0152
0.01514
0.01529
0.01554
0.01528
0.01987
0.01658
0.01643
0.01638
0.01578
0.01541
0.01564
0.01525
0.01517
0.01517
0.01518
0.01518
0.01521
0.01519
0.01538
0.01526
0.01553
0.01524
0.01543
0.01533
0.01533
0.01522
0.01529
0.01649
0.01623
0.01621
0.0161
0.01523
0.01522
0.01523
0.01517
0.01521
0.01517
0.01526
0.01538
0.0156
0.01535
0.01523
0.01519
0.01517
0.01528
0.01519
0.01553
0.01537
0.01527
0.01518
0.01514
0.01579
0.01529
0.01524
0.01529
0.01526
0.01522
0.01539
0.01548
0.01527
0.01516
0.01516
0.01525
0.01539
0.01522
0.01518
0.01512
0.01531
0.01514
0.01534
0.01513
0.01524
0.01513
0.01519
0.0151
0.01515
0.01516
0.01542
0.0152
0.01517
0.01509
0.01513
0.01518
0.01518
0.01515
0.01516
0.01514
0.01508
0.01512
0.01501
0.01504
0.01501
0.01516
0.01503
0.01501
0.01504
0.01545
0.01509
0.01507
0.01507
0.01505
0.01503
0.01498
0.015
0.01971
0.01563
0.01525
0.01625
0.01612
0.01619
0.01583
0.01501
0.01505
0.01505
0.01546
0.01531
0.015
0.01503
0.01506
0.0151
0.01519
0.01514
0.01502
0.01514
0.01505
0.01507
0.01507
0.01509
0.01512
0.01507
0.01512
0.01508
0.01514
0.01525
0.01549
0.01517
0.01509
0.01516
0.01514
0.01514
0.01516
0.01513
0.01504
0.0151
0.01511
0.01505
0.01512
0.01505
0.01504
0.01505
0.0151
0.01516
0.01503
0.01565
0.01529
0.01511
0.01506
0.01509
0.01503
0.0152
0.015
0.01581
0.01533
0.01513
0.01507
0.01592
0.01593
0.01592
0.01509
0.01509
0.01506
0.01501
0.01563
0.01512
0.01503
0.01503
0.01501
0.01504
0.01513
0.01501
0.01495
0.01506
0.01506
0.01506
0.01509
0.01506
0.01508
0.01509
0.01501
0.01506
0.01505
