2303	1629	303	81
2305	1633	293	81
2290	1638	292	79
2280	1640	291	78
2282	1642	292	78
2283	1639	295	81
2287	1641	299	83
2284	1640	299	85
2286	1642	301	85
2282	1642	303	86
2282	1642	301	86
2289	1643	299	85
2282	1644	297	86
2288	1645	298	86
2284	1646	299	86
2284	1648	298	85
2282	1648	300	86
2283	1649	299	86
2282	1648	301	87
2283	1648	302	87
2286	1648	300	87
2284	1648	300	88
2285	1648	300	88
2285	1648	304	88
2288	1648	310	89
2286	1648	311	90
2290	1648	314	91
2285	1646	316	92
2285	1644	319	92
2280	1647	320	90
2255	1649	315	90
2249	1654	310	89
2246	1658	309	87
2239	1661	308	86
2228	1664	310	85
2222	1662	311	86
2214	1666	314	87
2213	1668	316	86
2211	1667	317	85
2207	1668	317	86
2201	1668	314	87
2192	1670	310	88
2184	1671	303	90
2182	1671	302	90
2181	1674	301	90
2178	1676	303	90
2167	1676	296	92
2158	1675	279	95
2160	1671	261	96
2162	1679	245	94
2173	1684	237	91
2178	1688	243	88
2165	1688	249	92
2160	1684	251	96
2151	1681	253	100
2148	1676	251	105
2144	1674	248	108
2143	1670	244	112
2138	1668	242	114
2133	1665	238	114
2127	1660	235	115
2125	1658	232	112
2122	1654	228	111
2121	1653	226	110
2111	1651	226	108
2104	1646	228	107
2102	1645	229	106
2100	1644	229	106
2096	1644	231	106
2096	1643	231	106
2093	1641	231	106
2097	1643	230	105
2096	1642	228	105
2095	1642	227	105
2096	1640	226	104
2096	1641	228	105
2096	1640	230	106
2095	1640	230	106
2093	1641	232	106
2095	1642	235	106
2094	1642	235	107
2096	1644	234	107
2095	1641	236	107
2093	1642	234	108
2095	1642	233	107
2096	1643	232	108
2097	1644	232	107
2095	1644	232	107
2092	1640	231	108
2096	1642	231	108
2098	1643	231	108
2102	1641	231	108
2096	1635	232	108
2089	1633	233	108
2083	1632	234	109
2076	1628	232	110
2074	1625	231	110
2072	1623	227	111
2067	1623	224	110
2068	1622	216	110
2057	1614	211	113
2060	1613	207	112
2057	1613	205	111
2059	1612	203	110
2041	1607	200	111
2039	1606	197	112
2039	1606	194	112
2036	1603	191	112
2032	1599	188	112
2025	1593	186	112
2017	1592	182	110
2018	1587	176	112
2013	1587	176	109
2015	1586	174	108
2022	1584	168	110
2024	1582	164	111
2024	1581	161	111
2024	1583	160	111
2023	1581	159	110
2033	1598	162	105
2026	1593	164	104
2015	1587	163	103
2010	1579	163	101
2009	1579	167	100
2005	1573	169	100
1999	1569	171	100
1996	1563	169	102
1973	1558	170	101
1960	1557	170	101
1949	1550	173	100
1945	1544	173	100
1938	1537	172	101
1931	1531	174	104
1920	1530	177	100
1911	1526	183	98
1907	1525	184	97
1907	1527	183	95
1905	1525	181	95
1903	1525	180	94
1902	1524	179	93
1900	1524	178	92
1902	1524	177	92
1900	1524	177	93
1899	1523	177	93
1898	1523	177	93
1898	1522	174	93
1898	1522	173	94
1900	1521	174	94
1901	1523	173	95
1901	1523	173	96
1902	1522	174	95
1907	1524	172	94
1914	1525	173	93
1914	1528	168	93
1912	1527	164	94
1906	1525	160	97
1905	1515	147	108
1904	1508	138	118
1904	1501	134	124
1899	1499	131	128
1900	1495	128	131
1901	1496	126	135
1899	1492	126	132
1898	1492	126	130
1900	1494	125	129
1900	1493	124	130
1899	1491	124	127
1900	1490	125	123
1901	1493	123	121
1901	1494	121	122
1902	1495	121	121
1902	1494	121	121
1901	1495	121	120
1900	1493	121	121
1902	1495	120	121
1897	1492	120	121
1900	1494	119	121
1902	1494	119	122
1899	1492	119	120
1900	1494	118	119
1900	1492	117	119
1900	1495	117	118
1901	1494	117	116
1901	1494	115	116
1902	1493	113	117
1903	1492	111	117
1902	1491	111	114
1898	1490	109	114
1897	1486	106	116
1897	1486	103	117
1896	1484	101	117
1896	1486	98	118
1895	1480	95	119
1895	1482	92	120
1897	1479	90	122
1898	1478	89	120
1898	1480	88	120
1897	1478	87	120
1896	1480	85	119
1896	1480	83	119
1896	1478	82	120
1898	1479	81	120
1897	1478	80	120
1897	1476	80	120
1897	1477	80	117
1894	1477	80	116
1889	1479	81	114
1884	1482	81	113
1880	1481	81	113
1879	1480	82	112
1879	1480	82	110
1881	1477	82	109
1882	1476	82	107
1880	1475	80	106
1880	1469	78	106
1876	1466	78	105
1875	1463	76	105
1873	1455	74	105
1872	1454	72	106
1868	1458	75	107
1865	1459	78	108
1873	1456	79	111
1870	1442	81	113
1873	1438	75	122
1884	1438	73	124
1882	1433	72	124
1873	1411	81	115
1862	1414	93	106
1851	1414	102	97
1838	1413	111	88
1832	1413	119	83
1824	1409	124	81
1816	1403	130	80
1808	1397	135	80
1800	1391	140	82
1788	1384	145	85
1780	1378	148	86
1774	1375	152	87
1768	1371	154	88
1759	1374	169	78
1750	1374	184	73
1739	1376	197	69
1721	1376	206	67
1708	1375	217	65
1694	1373	223	65
1687	1372	221	64
1674	1370	216	65
1668	1369	212	64
1666	1367	210	64
1657	1366	210	65
1650	1366	207	65
1647	1365	203	66
1650	1365	200	68
1650	1364	199	68
1648	1364	198	69
1649	1364	196	69
1650	1364	194	69
1651	1363	193	70
1653	1364	193	70
1651	1363	193	71
1652	1362	192	72
1652	1362	194	72
1651	1362	196	73
1650	1363	196	73
1647	1361	196	75
1646	1361	196	75
1643	1361	194	76
1634	1359	192	76
1630	1357	196	75
1621	1356	201	75
1616	1355	202	76
1614	1356	204	76
1607	1356	204	77
1603	1356	203	79
1599	1355	203	82
1597	1356	203	84
1598	1355	203	86
1592	1355	202	87
1591	1355	201	88
1591	1354	202	89
1592	1354	203	89
1592	1353	203	89
1589	1353	205	90
1589	1355	205	92
1588	1354	203	92
1587	1355	201	93
1588	1355	198	94
1587	1353	196	95
1589	1355	195	95
1593	1355	193	96
1592	1355	193	96
1594	1355	191	96
1592	1355	191	96
1594	1355	190	95
1592	1356	190	95
1594	1355	188	95
