965	539	42	76
965	540	41	74
966	541	40	73
966	543	40	72
964	543	40	71
962	544	40	71
960	545	40	71
960	544	40	72
959	545	41	73
957	544	41	74
956	544	42	75
956	544	44	77
953	547	49	76
950	548	54	75
948	550	57	76
946	551	60	77
944	552	61	77
942	555	72	75
937	558	82	74
935	559	93	73
937	559	101	73
936	560	108	73
936	560	113	74
936	561	119	75
933	561	126	76
930	560	132	77
931	561	136	78
936	559	138	79
938	559	139	79
942	560	138	78
950	559	136	78
952	562	137	76
957	564	136	74
963	567	133	72
975	567	125	75
978	567	119	76
981	568	114	76
992	569	108	76
995	571	104	76
1004	574	100	75
1007	574	92	77
1014	572	85	79
1015	573	82	78
1052	553	79	85
1054	529	72	96
1060	521	73	99
1059	519	74	101
1058	518	74	103
1051	516	78	101
1058	520	77	103
1058	519	75	110
1058	516	76	111
1058	515	77	112
1059	514	77	114
1059	516	75	119
1059	516	73	121
1059	515	73	122
1060	516	73	125
1060	514	73	127
1057	515	74	129
1057	517	74	130
1057	517	74	132
1056	516	74	135
1057	518	75	137
1058	520	75	141
1059	516	74	146
1059	515	74	150
1060	516	76	152
1061	511	76	155
1059	517	77	157
1060	515	77	161
1059	514	77	163
1059	514	77	166
1059	514	78	170
1059	513	78	175
1060	512	80	178
1060	514	82	181
1060	514	83	185
1060	519	85	188
1058	517	87	187
1059	520	88	190
1060	522	89	194
1059	522	90	198
1058	518	91	197
1059	517	91	199
1059	520	91	201
1062	523	90	208
1059	517	93	205
1060	524	93	209
1061	521	94	211
1062	522	93	218
1064	518	93	224
1066	517	93	229
1065	519	93	235
1067	520	94	239
1066	523	95	245
1066	522	96	251
1066	529	97	260
1070	531	98	271
1073	531	100	284
1075	532	101	296
1075	529	105	307
1073	529	108	317
1072	527	112	327
1071	520	115	336
1069	520	118	338
1069	519	120	342
1068	523	120	346
1069	520	120	350
1068	520	121	353
1069	517	123	357
1070	514	123	361
1070	511	125	360
1067	514	128	359
1066	514	130	359
1065	511	130	357
1066	515	130	357
1066	517	130	358
1063	518	130	360
1064	520	127	362
1065	511	126	363
1061	515	125	361
1063	515	125	361
1063	516	124	362
1064	514	124	363
1063	515	123	362
1062	515	124	361
1058	510	128	359
1052	510	132	358
1044	511	138	356
1033	508	147	346
1026	510	154	341
1020	519	160	336
1025	524	161	335
975	535	186	311
951	511	206	285
917	511	217	257
897	516	224	235
875	523	226	217
859	540	226	201
841	560	227	184
826	574	226	171
806	578	227	161
787	580	225	152
770	580	225	145
751	580	227	141
739	577	227	138
720	575	226	136
703	572	223	136
685	569	220	133
668	566	213	133
652	564	208	133
634	560	202	131
618	558	198	130
602	557	194	129
587	555	190	130
570	551	186	131
559	549	185	132
545	547	186	132
524	546	183	132
507	545	182	132
488	545	182	132
467	543	184	133
460	540	187	134
447	540	194	134
429	541	197	134
413	543	197	134
400	544	198	133
384	546	198	133
368	548	196	132
353	554	192	134
337	557	187	135
325	561	181	136
310	565	178	137
294	571	176	136
282	577	170	135
272	582	166	135
264	588	164	135
248	593	159	141
240	599	155	145
230	603	154	147
215	608	155	149
208	613	153	149
194	620	149	151
184	621	144	155
177	623	140	157
171	626	137	165
163	616	129	170
154	615	122	171
153	614	119	171
150	612	120	168
140	611	116	167
138	608	113	163
132	610	111	160
139	605	105	160
136	601	103	159
139	596	102	160
144	593	100	162
145	587	101	159
145	580	102	160
145	571	103	161
142	567	106	162
141	564	110	163
142	560	113	163
144	552	114	163
142	547	118	164
136	543	122	167
137	534	123	167
129	530	127	168
131	527	129	169
