717	263	242	166
719	274	244	166
715	273	246	165
713	275	248	164
713	274	249	164
710	272	249	164
708	272	248	166
708	273	249	166
703	272	248	167
705	275	249	167
699	271	249	168
703	275	248	168
699	271	248	169
700	272	248	168
698	272	248	169
692	273	247	169
698	275	248	170
691	277	248	168
691	275	247	169
690	277	247	169
689	276	246	169
690	278	243	170
687	275	243	169
686	277	243	168
686	279	242	168
686	281	241	166
687	286	240	164
687	284	239	163
682	280	239	164
684	283	238	163
683	282	237	164
683	284	236	163
678	284	237	162
676	285	238	161
679	287	237	161
676	281	236	163
675	282	235	163
675	281	234	164
673	282	233	164
673	281	232	163
673	285	232	162
675	286	231	161
674	283	231	161
671	284	230	162
668	283	232	162
669	282	233	163
667	283	232	162
670	284	231	162
668	284	230	161
663	284	231	160
667	284	230	160
666	284	232	160
664	286	232	160
667	286	230	159
666	288	229	159
666	287	228	158
663	288	227	158
664	289	226	158
663	287	224	159
663	286	225	160
662	287	225	160
663	288	225	159
660	285	224	159
663	287	223	158
659	289	224	158
660	287	223	157
659	286	222	158
659	288	222	157
660	286	221	157
658	287	220	158
659	285	219	158
659	286	218	158
654	285	219	159
659	284	218	159
657	285	218	159
654	283	218	159
654	283	217	158
658	285	217	157
658	286	218	157
652	283	219	158
655	283	218	158
653	283	217	159
654	281	215	159
653	282	215	159
649	284	216	159
652	277	217	159
648	283	217	159
649	278	217	160
650	280	216	160
647	279	216	160
648	279	213	162
648	279	212	161
650	278	212	161
648	279	212	161
647	280	213	161
647	279	215	162
644	275	215	162
645	277	215	162
646	280	216	161
643	278	218	159
643	279	218	160
642	280	218	160
643	274	218	161
640	277	218	161
638	275	218	160
639	272	216	161
636	273	215	161
637	274	214	159
641	274	216	159
634	274	218	158
638	276	219	156
636	280	219	155
635	275	222	156
634	278	225	155
634	277	227	156
633	278	229	155
631	275	229	155
630	276	231	155
628	277	232	156
628	273	231	156
624	272	231	158
625	271	228	159
622	272	226	160
622	273	225	159
623	273	226	158
622	273	228	157
623	274	230	157
623	272	232	158
622	273	232	157
620	272	233	156
622	273	234	156
621	273	234	155
620	270	234	155
620	272	236	157
619	272	238	160
617	270	239	159
613	272	238	159
615	268	238	159
615	271	236	157
612	270	236	157
611	269	234	157
610	273	233	156
614	270	233	156
613	269	233	156
612	270	233	155
613	269	233	155
609	266	235	156
610	267	234	156
610	266	234	155
609	264	234	154
609	262	234	154
610	268	235	153
604	260	238	155
605	263	239	155
599	264	240	157
601	264	240	156
603	263	239	155
601	263	239	155
602	264	238	157
601	257	236	158
597	256	237	158
596	255	238	159
597	255	237	159
596	256	236	159
593	256	237	159
592	252	236	161
592	255	234	159
591	254	233	157
594	257	229	155
592	255	229	153
591	252	229	153
591	252	228	153
591	248	227	152
588	251	229	152
592	251	228	151
590	249	227	152
589	251	225	151
589	250	224	150
586	249	225	151
582	244	227	152
582	245	227	152
581	243	227	151
581	242	226	151
578	243	227	152
578	244	227	152
578	244	227	152
582	243	226	152
579	241	224	151
578	241	225	151
577	242	223	151
576	241	222	151
575	239	221	151
573	239	220	152
571	235	219	152
570	237	218	153
571	234	220	154
572	235	219	153
571	235	218	152
570	236	219	152
569	230	219	153
567	234	218	153
567	230	218	153
566	229	217	154
566	231	217	153
567	234	216	151
570	233	215	151
569	237	212	150
570	234	210	150
569	232	208	149
569	234	206	147
569	233	205	149
571	234	202	147
569	235	202	147
568	235	202	146
565	235	201	147
565	235	200	147
567	234	198	147
566	233	197	145
566	232	196	144
566	230	196	144
566	230	194	144
566	228	192	144
566	230	191	145
566	228	189	145
566	230	187	146
567	230	186	144
566	227	185	144
567	226	184	142
566	225	182	141
568	224	181	140
570	221	179	137
569	224	179	136
565	222	178	138
568	221	178	137
567	223	176	135
570	221	174	134
567	222	172	133
567	222	171	132
565	223	169	130
564	224	167	129
566	225	164	127
564	227	162	126
566	228	160	125
565	228	158	124
566	230	157	123
566	227	156	122
567	227	156	122
569	223	156	122
569	222	156	122
571	222	155	123
569	219	155	122
569	219	154	121
571	217	151	119
569	219	149	117
571	220	147	116
571	222	138	125
572	224	131	133
574	224	124	142
576	223	119	148
576	223	115	154
575	220	112	158
576	219	109	160
580	218	106	161
580	220	103	163
582	220	103	162
585	221	103	161
585	223	102	161
586	223	101	162
586	222	100	162
586	225	99	160
588	224	98	160
587	225	96	160
586	230	95	158
579	229	94	157
574	227	93	156
570	227	93	155
571	224	93	155
578	225	94	153
583	228	95	151
581	232	95	149
575	233	96	147
572	235	96	147
571	235	94	148
572	238	91	149
575	238	89	149
586	236	78	156
593	236	69	158
597	234	64	161
599	230	60	164
602	229	58	165
604	230	57	167
604	231	57	168
606	229	57	170
605	232	57	170
609	232	59	168
609	231	61	168
609	233	64	166
611	235	66	166
609	237	68	165
612	239	71	165
610	241	74	165
609	241	77	166
611	240	80	167
612	243	82	165
611	243	85	166
610	244	87	165
609	244	90	167
611	245	91	168
610	244	93	170
610	243	95	171
611	243	96	172
612	245	98	173
613	246	99	174
616	246	100	175
617	245	101	175
617	246	102	176
618	245	102	177
620	246	103	178
622	245	104	179
623	245	105	180
625	246	105	182
625	245	106	182
627	246	106	182
628	246	107	182
631	247	107	183
632	247	108	183
632	247	108	184
634	247	108	184
636	247	108	184
636	248	109	185
638	249	109	184
639	250	109	185
641	250	108	186
643	251	108	188
646	251	108	188
648	251	108	189
649	250	109	189
649	252	109	190
651	252	110	191
653	255	110	191
656	256	110	191
658	256	110	192
660	256	110	192
660	257	111	193
661	258	112	192
662	258	112	192
663	259	111	192
665	260	111	192
666	260	111	192
669	261	111	192
671	262	110	192
674	264	110	192
676	263	110	192
678	264	110	193
679	266	110	192
681	268	111	191
683	270	111	191
685	268	111	193
686	271	111	193
689	274	111	192
689	274	111	192
691	276	111	191
693	278	111	190
695	279	111	190
698	280	111	190
699	279	111	190
701	280	111	190
703	282	111	190
705	285	111	189
706	285	111	189
708	287	111	189
709	286	110	190
712	289	110	190
713	292	110	189
716	294	110	189
718	297	109	188
721	299	109	186
724	299	108	186
728	301	108	186
731	303	107	187
734	304	107	186
736	306	107	186
739	309	106	184
741	311	106	183
744	313	105	182
745	314	105	182
748	314	104	182
750	315	104	182
751	316	104	181
753	319	103	181
755	321	103	181
759	323	102	180
760	324	102	180
764	325	101	179
765	326	101	180
767	328	101	180
770	330	100	180
772	331	100	179
774	331	100	180
775	332	100	181
778	333	100	181
780	335	100	180
781	339	100	180
781	338	100	180
784	343	100	179
785	344	101	179
786	346	101	180
789	348	101	180
791	348	101	180
794	351	101	179
797	351	100	179
799	354	99	179
803	356	98	178
805	358	97	177
807	359	97	177
808	359	98	177
810	359	98	177
810	361	99	178
810	363	99	178
811	365	100	178
812	368	101	179
814	370	101	178
815	371	102	178
818	371	101	179
821	373	101	180
823	375	101	179
824	376	102	180
826	375	102	180
830	376	102	180
832	376	102	179
834	378	102	179
836	379	102	178
837	381	102	179
839	381	103	180
839	380	103	181
838	380	105	182
838	381	106	183
839	381	106	183
842	384	107	184
843	383	108	185
843	384	108	186
844	386	109	187
849	388	109	188
851	387	110	187
854	387	110	188
856	388	110	188
858	389	111	187
859	389	111	187
862	389	111	187
862	389	111	186
862	389	111	186
864	391	111	186
867	391	111	186
866	390	112	187
867	392	111	187
868	391	112	187
870	392	112	188
872	392	112	190
874	393	112	191
875	392	112	192
878	392	112	192
879	394	112	193
882	394	112	193
884	395	112	193
886	395	112	194
888	396	112	194
885	400	123	186
882	403	131	182
881	406	136	180
881	407	140	179
882	407	142	178
883	407	144	178
884	407	146	179
885	406	147	179
886	406	148	179
887	407	148	179
889	408	149	180
889	406	150	180
892	408	150	180
895	408	150	179
897	408	150	178
899	407	150	179
902	408	151	179
904	408	151	180
905	407	151	178
909	410	151	178
910	409	151	178
914	410	150	177
916	409	150	177
918	411	150	176
920	410	150	177
923	413	150	177
925	412	150	176
929	412	150	176
931	412	150	177
933	411	150	176
935	410	150	176
937	412	150	177
939	411	151	177
941	411	151	178
941	412	151	177
943	412	151	177
945	414	151	176
946	413	151	177
949	412	151	177
952	413	151	177
953	412	152	177
955	412	152	177
956	413	152	178
957	413	152	178
959	413	152	177
961	415	152	177
961	413	152	177
965	415	152	175
967	414	151	176
968	414	151	176
972	415	151	176
974	416	151	176
974	414	151	176
976	416	151	176
976	416	151	176
979	415	151	176
981	417	151	175
982	417	150	175
983	418	150	174
987	417	150	174
989	418	149	173
992	416	148	174
994	418	148	174
996	417	148	174
1000	417	147	174
1001	419	147	174
1004	421	146	173
1006	419	146	173
1009	418	145	173
1009	418	145	173
1012	419	145	173
1014	421	145	173
1019	420	145	174
1023	422	143	173
1029	423	142	173
1032	425	141	172
1038	426	140	172
1039	424	138	171
1041	428	139	171
1040	425	139	170
1041	424	139	172
1042	424	140	173
1041	424	141	174
1041	423	143	174
1042	423	144	175
1046	422	144	176
1049	424	144	176
1053	424	144	175
1057	425	143	175
1060	425	142	176
1063	426	141	177
1065	424	141	177
1067	426	141	177
1069	427	140	177
1071	428	140	177
1071	427	141	176
1073	428	142	175
1074	429	142	174
1075	429	143	173
1076	429	143	173
1077	430	144	173
1079	429	144	173
1081	428	145	173
1084	430	145	173
1086	431	144	173
1088	431	144	172
1091	431	144	173
1093	430	143	171
1094	430	144	172
1096	430	144	172
1097	430	145	172
1097	430	145	171
1100	431	145	172
1102	430	145	172
1106	431	146	172
1107	430	146	172
1109	430	145	173
1110	432	144	172
1112	432	145	171
1113	434	145	170
1113	434	144	169
1116	434	145	169
1117	433	145	171
1118	434	146	171
1125	437	145	171
1132	439	143	171
1135	440	142	171
1142	442	140	171
1146	441	139	170
1150	445	138	169
1152	445	137	168
1153	446	137	168
1155	447	137	168
1154	447	138	169
1155	448	139	169
1156	449	140	169
1157	450	141	169
1160	451	142	169
1164	452	142	169
1168	454	143	170
1172	455	143	169
1177	456	142	169
1179	458	140	167
1183	460	139	166
1188	461	138	167
1188	460	139	167
1189	463	139	169
1192	462	139	169
1191	462	140	171
1192	463	141	171
1193	462	142	170
1194	464	142	170
1196	466	143	170
1196	468	144	169
1199	469	144	170
1204	469	145	170
1210	473	144	170
1221	477	142	169
1229	482	141	167
1232	482	140	167
1233	483	140	167
1232	484	142	166
1232	485	143	166
1234	485	144	166
1234	483	144	167
1236	481	144	169
1237	479	144	172
1241	478	144	173
1246	478	145	174
1254	477	146	175
1257	478	147	175
1256	477	148	174
1260	479	149	173
1266	478	149	172
1269	477	149	172
1271	478	149	170
1274	478	148	169
1278	479	147	169
1282	478	146	171
1280	485	168	160
1277	485	181	155
1273	489	191	150
1273	489	199	148
1276	491	204	144
1270	487	210	143
1275	492	215	141
1276	487	219	141
1281	484	224	140
1285	483	227	141
1294	478	226	142
1305	477	223	143
1309	473	222	144
1310	474	225	144
1316	470	226	145
1322	465	226	147
1321	461	227	149
1323	461	232	148
1326	459	236	149
1327	456	237	150
1332	457	238	151
1334	450	237	154
1336	448	236	155
1340	449	235	155
1347	448	237	155
1351	445	236	155
1356	448	236	154
1357	443	234	154
1370	443	233	154
1379	443	234	153
1387	446	235	152
1396	443	240	152
1398	436	241	155
1395	426	243	158
1396	422	247	160
1403	418	249	162
1411	417	248	166
1433	417	241	167
1448	417	238	167
1458	414	241	164
1463	412	241	162
1476	405	237	160
1477	400	233	158
1485	400	227	158
1497	400	223	158
1513	392	219	156
1528	395	213	157
1551	390	205	159
1561	383	198	158
1572	376	194	157
1571	376	192	156
1572	373	189	156
1578	363	188	156
1583	359	188	156
1591	352	186	156
1601	350	180	157
1620	341	175	159
1630	339	168	160
1645	333	158	164
1656	329	149	167
1665	322	141	171
1669	314	135	172
1667	302	133	170
1667	298	134	168
1667	291	133	167
1672	288	131	165
1679	283	129	164
1687	275	128	163
1706	269	126	160
1721	264	128	157
1727	257	133	154
1730	253	137	153
1734	250	139	154
1743	245	137	156
1741	238	136	157
1738	228	138	153
1735	227	142	151
1730	223	143	150
1735	218	142	150
1742	210	138	149
1754	204	132	150
1766	197	124	151
1776	191	117	149
1783	185	109	147
1788	182	102	148
1789	177	99	149
1788	170	97	151
1784	163	97	150
1782	158	97	148
1782	154	99	144
1780	150	99	142
1779	147	99	140
1777	143	98	139
1777	136	95	137
1779	127	92	133
1780	123	91	128
1779	120	90	126
1779	117	90	126
1782	113	89	127
1786	110	86	128
1793	104	85	128
1799	99	85	126
1803	95	86	122
1814	87	85	122
1812	80	82	122
1819	74	83	118
1817	71	82	117
1815	65	82	116
1811	64	82	115
1807	60	81	116
1802	55	80	118
1800	50	80	120
1796	45	79	122
1794	41	79	122
1795	39	79	121
1795	36	78	121
1795	31	79	119
1797	28	79	117
1798	22	78	115
1815	20	76	114
1819	16	75	115
1818	8	74	118
1819	4	74	119
1821	1	74	120
1824	1	76	121
1817	-1	76	120
1812	-2	77	118
1811	-1	78	116
1808	-1	78	113
1811	-2	79	110
1818	1	77	108
1825	0	75	105
1829	1	70	103
1835	-1	70	97
1840	-2	67	94
1840	0	65	90
1835	-1	66	87
1828	-2	66	84
1823	-1	71	77
1828	0	72	73
1835	0	70	70
1841	0	70	67
1855	1	70	64
1869	3	67	62
1874	3	64	61
1876	2	65	60
