822	216	56	33
824	227	54	33
825	240	53	34
826	252	52	34
826	265	53	33
825	276	53	33
825	292	54	33
828	301	54	32
828	311	54	31
829	322	55	30
830	331	54	30
831	341	54	30
831	350	55	29
833	359	55	29
835	364	55	29
838	374	56	28
839	382	55	28
841	391	54	27
846	399	52	27
845	407	52	26
846	415	53	24
847	423	53	23
857	428	52	22
856	431	51	23
859	439	51	23
862	442	50	24
864	449	49	24
868	456	49	24
870	459	49	24
872	462	49	24
877	465	48	26
878	469	48	27
882	472	49	28
883	475	49	28
884	479	50	29
887	482	50	30
888	485	50	30
890	487	50	30
893	490	49	30
893	489	50	31
893	491	50	31
896	493	50	31
895	494	49	32
897	496	49	32
897	498	49	31
898	498	50	32
898	500	51	32
898	500	51	32
899	503	51	33
898	503	52	33
899	504	51	33
899	505	51	32
898	506	51	32
899	506	51	33
898	506	52	34
900	509	51	34
899	509	51	34
900	510	49	34
902	513	49	34
901	512	49	34
901	513	48	34
899	513	47	34
902	516	47	34
901	518	46	34
902	519	45	33
903	520	45	33
905	522	46	32
909	525	47	31
911	526	47	31
910	525	46	31
910	526	46	32
908	526	47	32
907	524	47	33
906	524	48	34
907	525	48	35
906	526	48	37
904	525	48	38
904	526	48	40
903	526	48	41
905	525	49	42
904	529	51	42
905	529	50	43
909	530	48	45
907	529	47	45
910	529	45	47
915	527	46	48
917	527	46	50
914	527	48	51
915	524	47	52
917	523	47	53
916	523	50	52
918	521	51	52
919	523	50	52
921	522	50	51
925	524	50	51
928	525	52	49
922	521	53	47
926	522	54	46
925	522	53	47
926	513	55	45
927	507	59	40
923	508	61	36
928	509	61	35
931	509	62	36
932	508	62	35
937	501	63	34
940	498	63	33
939	497	64	33
936	503	64	32
934	504	64	32
936	501	65	31
938	499	65	30
939	498	64	31
939	498	65	30
938	498	67	29
939	497	67	29
939	496	67	29
939	496	68	30
940	496	67	29
943	493	67	28
944	492	67	28
947	492	68	27
950	491	67	27
951	492	67	26
955	493	68	25
956	493	68	26
958	492	68	26
959	495	68	25
962	495	68	23
963	496	67	22
964	496	67	21
970	496	65	20
972	496	63	19
974	495	62	19
976	496	61	18
979	497	61	18
980	497	60	18
980	498	60	18
982	498	60	19
983	498	59	20
985	496	60	21
987	496	58	22
988	496	58	23
989	496	58	24
991	496	58	25
992	496	58	26
994	495	58	27
994	495	58	28
996	495	57	29
1000	495	55	31
1002	494	54	33
1003	493	53	34
1004	495	53	34
1006	494	51	34
1008	493	50	36
1010	496	49	36
1012	497	48	37
1013	497	46	36
1017	498	45	36
1019	498	44	35
1020	500	43	34
1023	502	43	33
1023	504	43	31
1025	504	44	31
1025	505	45	30
1023	507	46	27
1023	510	47	25
1024	513	47	23
1023	515	48	22
1022	517	48	20
1021	519	48	19
1019	521	50	18
1022	522	52	18
1021	524	53	17
1018	525	55	17
1016	526	56	17
1015	526	57	17
1013	528	58	17
1015	529	57	16
1013	530	58	17
1011	531	59	16
1007	532	61	16
1005	533	62	17
1003	535	63	17
1002	536	63	18
1003	537	63	19
1002	538	63	19
1002	538	62	20
1001	539	62	20
1003	540	62	19
1004	542	61	20
1001	542	61	20
1002	543	59	20
1003	544	59	20
1003	543	57	21
1002	544	57	21
1002	545	56	21
1001	545	56	21
998	546	56	20
998	546	57	19
998	547	57	19
997	548	57	18
998	549	56	18
997	550	57	18
998	550	56	18
1000	551	55	19
1002	552	54	19
1003	552	53	19
1002	553	53	19
1002	553	53	18
1002	554	53	17
1001	555	54	17
1001	556	53	17
1002	556	53	17
1002	557	53	18
1001	557	54	18
1001	558	54	18
1002	559	55	19
1001	560	56	19
1001	560	56	20
1002	560	57	22
1001	560	58	23
1000	560	59	24
1000	560	60	25
1001	561	60	26
1000	562	61	27
1001	562	61	27
1001	562	61	28
1002	563	62	28
1002	564	62	29
1002	565	63	29
1004	566	63	30
1005	567	64	30
1004	566	65	31
1004	567	66	31
1004	567	66	32
1005	569	68	33
1006	569	69	34
1006	569	70	34
1006	569	71	35
1009	570	70	36
1011	571	69	36
1012	571	68	36
1015	572	68	37
1014	573	69	38
1014	574	70	38
1015	575	71	38
1016	575	72	38
1018	576	71	39
1018	575	72	40
1019	574	73	42
1023	576	72	42
1024	575	72	43
1024	576	72	44
1024	577	73	45
1024	576	74	46
1023	580	75	46
1026	579	75	46
1026	578	75	49
1029	579	75	50
1029	579	75	52
1031	579	75	53
1034	581	75	53
1037	582	74	52
1041	583	73	52
1042	590	74	49
1043	590	74	48
1045	597	74	45
1046	597	74	44
1049	602	72	42
1049	602	71	41
1050	604	72	39
1050	608	72	38
1052	608	73	36
1054	610	74	34
1055	613	75	33
1056	615	75	32
1056	615	75	32
1056	616	75	32
1056	617	77	32
1057	617	78	33
1060	621	80	32
1060	622	81	31
1060	622	82	31
1061	624	85	31
1062	626	86	31
1063	626	86	31
1071	628	84	32
1068	629	85	32
1068	629	86	32
1071	630	86	33
1073	630	86	33
1073	631	86	33
1072	631	87	34
1074	631	87	35
1077	632	87	34
1079	633	87	35
1082	635	86	35
1086	636	83	35
1087	636	81	35
1089	637	79	36
1090	637	77	37
1091	638	77	39
1092	637	77	41
1095	639	76	42
1105	640	71	43
1104	642	70	42
1100	642	70	42
1100	642	70	43
1101	643	70	43
1111	648	66	45
1117	652	63	46
1117	651	60	47
1123	655	58	48
1136	658	56	49
1140	662	53	49
1140	662	50	51
1141	665	48	51
1142	669	47	50
1140	669	46	51
1139	668	42	54
1136	678	42	51
1132	681	43	49
1130	686	44	47
1124	690	49	44
1122	695	53	41
1118	700	59	37
1114	707	65	34
1111	710	70	31
1107	714	74	30
1107	716	76	27
1103	719	79	25
1100	722	83	23
1096	727	83	22
1092	728	86	21
1089	730	88	20
1087	732	90	20
1087	733	90	20
1081	734	88	20
1081	736	89	21
1077	738	89	21
1075	739	88	22
1075	742	89	22
1072	743	88	22
1070	746	88	22
1070	748	89	22
1070	750	89	22
1066	751	88	23
1065	753	87	24
1065	754	86	24
1063	756	85	24
1062	757	84	25
1061	759	84	24
1060	760	83	25
1057	761	83	26
1056	763	84	26
1057	763	84	26
1054	765	85	27
1054	766	85	27
1054	766	85	28
1052	766	85	29
1050	768	86	28
1050	768	87	28
1046	769	89	28
1047	769	91	27
1044	770	93	27
1045	770	93	27
1042	769	94	28
1041	769	93	28
1041	770	93	29
1041	770	91	31
1041	772	89	30
1040	773	89	30
1038	773	89	30
1035	776	86	31
1037	776	85	31
1037	776	85	31
1036	776	85	32
1033	777	86	32
1033	776	87	32
1030	775	89	33
1029	774	91	34
1029	774	93	36
1026	774	95	37
1024	775	96	38
1022	773	96	39
1021	773	95	40
1022	773	95	41
1020	773	95	42
1016	772	94	42
1014	773	93	43
1011	772	91	44
1010	771	90	43
1010	771	87	44
1011	771	87	43
1012	770	86	43
1014	771	87	42
1012	772	88	41
1013	773	89	39
1010	774	89	38
1009	775	90	36
1005	778	90	34
1005	776	88	34
1003	775	87	33
1001	775	85	33
1002	774	83	32
1002	773	82	32
997	773	82	32
996	774	82	32
997	772	82	32
996	776	82	32
996	773	82	32
994	771	82	33
993	769	81	34
992	772	81	34
993	771	80	34
991	775	80	34
989	773	79	34
989	777	78	33
984	775	79	32
985	772	77	32
988	771	77	32
983	769	76	33
979	769	74	34
984	768	72	34
983	772	71	34
983	770	70	34
981	770	69	34
981	770	69	33
982	770	68	33
981	769	66	32
984	768	64	33
983	768	62	33
983	764	60	35
983	762	57	38
984	760	55	40
984	758	53	42
983	755	50	45
984	752	49	48
984	752	48	50
985	749	48	52
986	746	48	55
986	744	47	57
985	743	47	59
983	739	44	62
984	739	42	65
983	736	40	66
983	736	38	67
985	735	37	67
984	735	37	66
984	737	36	66
982	737	37	64
979	739	41	60
978	742	43	57
975	741	45	55
972	741	47	52
965	739	50	50
962	740	52	47
962	742	53	46
959	742	55	44
957	750	58	39
954	750	61	36
953	750	63	34
952	751	64	32
951	750	67	31
948	750	69	29
946	750	71	28
945	750	73	27
943	750	74	27
943	750	75	26
940	749	75	26
941	749	75	26
940	749	76	26
940	749	76	26
939	747	76	27
936	746	77	27
933	746	80	27
932	745	81	27
931	744	81	27
929	744	82	27
928	744	83	26
927	744	83	27
925	744	84	27
925	744	85	27
915	742	86	27
916	741	87	27
917	742	89	26
916	742	90	26
917	742	91	26
912	740	91	25
913	740	93	25
861	692	89	29
859	690	84	32
859	689	81	34
856	693	78	35
854	694	76	35
851	694	75	35
850	695	74	34
848	696	73	34
846	697	71	34
844	699	68	34
843	700	69	34
841	700	69	35
839	700	69	36
838	700	70	37
839	700	71	38
833	700	72	40
832	699	72	42
831	699	74	44
831	700	75	45
827	700	75	47
825	702	76	48
824	700	78	50
820	700	79	53
818	701	80	55
814	703	81	56
813	704	81	57
810	705	81	58
809	706	82	58
804	705	82	60
803	708	82	60
799	709	82	60
797	709	81	61
793	712	82	62
791	711	84	64
788	712	86	65
784	714	88	66
781	719	89	66
780	717	91	67
776	715	92	68
776	715	95	71
771	716	96	73
771	718	97	74
766	719	98	75
761	717	98	77
759	724	97	77
756	725	96	77
756	726	95	76
756	727	94	77
757	728	92	77
757	735	91	77
758	735	91	76
756	736	90	77
754	736	88	77
753	736	86	78
755	745	86	77
756	744	87	76
754	746	86	76
754	749	85	75
753	750	84	75
752	752	84	75
750	754	83	75
747	756	82	74
744	763	82	73
744	766	82	72
744	771	83	70
738	774	83	70
732	777	83	70
736	775	82	70
736	774	82	71
737	774	81	71
738	779	81	71
728	782	81	71
728	784	80	71
728	781	79	71
726	786	77	71
727	782	74	72
726	783	71	73
722	791	69	71
717	798	69	69
718	808	70	65
720	808	70	63
715	815	69	61
715	816	68	60
717	818	66	60
715	820	65	59
715	820	66	58
715	822	65	58
714	825	66	58
711	828	67	58
709	830	68	58
709	831	68	59
708	830	69	60
704	832	71	61
704	832	72	64
703	836	74	64
700	838	75	64
698	841	76	65
696	843	77	65
693	845	77	66
692	847	78	66
692	848	79	67
690	852	79	66
689	850	79	67
689	852	78	67
689	852	78	69
684	855	77	69
684	859	76	69
685	863	75	67
682	868	73	63
685	871	72	61
687	871	73	60
685	874	74	60
683	878	74	59
682	880	73	59
678	892	76	53
678	899	78	48
675	900	75	47
671	905	72	44
669	910	71	41
667	912	69	40
665	917	68	36
664	921	66	34
661	924	63	33
662	926	60	33
661	927	57	33
662	927	53	35
661	928	51	36
662	930	49	39
659	928	48	41
659	929	48	42
656	928	47	43
655	928	47	43
654	928	48	42
655	929	47	42
653	930	48	42
650	930	50	41
647	930	54	39
647	932	57	36
646	933	60	34
645	934	62	33
644	935	64	33
644	936	66	32
643	939	66	32
641	941	67	33
640	941	66	34
640	941	67	35
639	940	67	36
636	942	68	37
636	943	68	39
633	945	67	40
632	946	67	41
632	947	67	42
631	948	68	43
628	949	69	44
626	950	70	46
623	953	71	45
624	953	70	47
624	953	70	47
620	955	68	49
621	956	67	50
623	957	66	50
621	956	65	50
622	956	64	50
624	956	64	50
623	957	64	50
623	957	64	50
620	958	65	50
622	959	65	50
618	964	65	49
613	973	66	44
612	972	64	43
611	975	65	40
609	983	63	37
606	984	62	35
607	986	59	34
606	987	57	33
605	989	55	32
602	989	53	32
604	989	52	31
605	989	49	32
604	989	48	32
603	989	49	32
604	990	50	31
605	989	50	31
601	990	51	31
602	986	51	34
604	985	51	36
604	983	50	39
601	981	48	42
597	980	47	44
599	981	45	47
598	980	42	50
595	977	40	51
593	976	39	52
593	974	38	52
594	970	34	55
597	968	32	56
599	967	29	56
600	963	27	57
599	958	26	58
600	958	25	59
600	956	25	58
599	954	26	56
599	954	26	55
598	952	26	54
599	950	26	53
600	947	25	53
599	945	25	53
599	943	24	55
599	939	23	57
599	938	23	59
598	935	23	61
598	931	23	64
597	929	23	65
597	925	23	67
597	925	23	69
597	921	23	71
596	922	23	73
596	917	24	77
595	915	24	80
594	913	25	81
594	911	26	82
592	911	26	82
592	905	27	81
591	906	26	81
590	906	26	81
589	905	26	81
589	907	26	82
589	904	26	82
589	905	25	80
588	908	25	79
587	911	25	79
586	913	26	78
586	911	25	76
586	913	25	76
585	915	25	76
586	915	24	76
586	914	24	76
586	916	24	76
586	916	24	75
585	916	25	73
585	917	25	70
585	916	25	69
586	916	25	68
584	916	27	63
585	916	27	60
586	917	26	59
583	918	26	57
583	920	27	55
581	919	27	53
583	920	32	47
579	922	34	44
578	922	34	42
577	924	35	41
577	925	36	40
578	925	36	39
573	925	35	40
573	924	32	41
572	921	29	44
572	919	27	46
573	917	25	47
573	912	23	49
572	912	22	51
573	912	22	52
571	908	22	52
572	903	21	56
572	900	21	57
570	896	21	59
570	897	22	59
570	897	22	59
564	895	22	61
564	894	21	63
564	892	21	65
564	892	21	66
563	887	22	67
563	888	22	68
562	888	22	69
561	885	22	69
559	888	23	71
558	885	24	70
558	884	24	70
557	883	25	69
556	882	26	71
555	882	26	72
554	881	27	72
553	880	28	72
552	877	29	70
550	877	31	70
550	877	32	69
552	876	33	68
552	872	35	68
552	872	36	67
553	869	38	65
553	870	39	65
554	867	40	64
553	867	41	63
552	866	43	63
552	865	44	62
552	864	48	61
550	864	49	62
549	862	51	62
547	860	54	61
548	859	57	62
549	858	57	63
548	858	57	64
547	857	58	65
546	856	60	65
545	856	60	66
545	854	61	65
544	853	62	64
545	853	63	64
544	852	63	63
544	852	63	62
543	851	64	60
545	851	63	60
545	850	63	58
546	849	62	57
547	848	62	55
550	847	60	54
551	847	59	53
555	845	57	52
556	844	56	51
559	844	55	51
562	844	53	50
568	843	51	50
572	841	49	49
572	840	47	48
574	841	45	46
573	839	44	45
576	839	43	44
575	838	43	43
574	835	43	42
579	835	43	42
576	832	43	42
580	828	42	43
586	826	38	46
587	824	35	48
594	822	31	51
595	818	29	52
597	816	26	55
599	816	25	56
604	817	25	56
604	817	24	56
604	815	23	57
605	817	22	58
606	816	22	59
606	815	22	58
603	815	24	55
600	817	27	52
596	817	30	49
593	818	35	46
591	818	38	43
591	820	40	41
588	821	43	40
589	820	46	38
587	820	49	36
584	820	52	33
583	819	58	30
580	818	61	26
577	820	63	23
572	820	66	22
569	822	68	21
567	822	69	20
566	823	70	20
564	823	71	21
560	823	71	22
561	824	71	25
560	823	72	27
560	823	73	28
551	823	75	31
551	823	77	33
545	825	76	35
540	829	76	37
534	829	75	39
532	829	76	39
534	833	77	39
568	844	76	43
569	844	75	48
566	842	77	50
564	844	79	53
564	842	82	54
565	841	87	55
563	840	91	56
563	842	93	56
564	842	95	57
565	841	96	57
567	842	97	57
569	844	98	56
570	845	99	56
572	845	100	56
573	845	101	55
578	845	101	55
580	845	102	55
582	848	102	55
582	847	103	55
585	849	103	55
589	847	102	55
592	849	102	55
592	847	100	56
593	851	99	56
594	850	98	56
598	851	97	57
598	852	96	58
601	854	94	60
603	854	90	63
606	854	88	65
612	856	84	68
613	855	81	70
621	853	76	73
624	853	72	76
630	852	69	78
637	849	63	82
638	849	59	85
640	851	54	90
642	849	51	91
643	850	49	92
645	853	47	93
647	852	46	92
649	854	47	89
651	859	48	90
653	864	51	90
653	867	54	92
654	868	56	95
651	868	57	97
651	865	59	100
648	864	60	100
652	861	59	104
650	862	60	105
651	858	59	107
648	857	61	110
647	855	61	111
642	859	62	109
636	859	63	106
633	857	63	102
630	856	62	98
625	855	64	91
623	857	65	86
621	862	65	83
619	863	65	81
616	866	65	80
610	864	69	78
605	861	72	77
601	862	74	76
597	862	77	76
594	862	78	76
587	862	82	76
584	859	83	76
581	856	85	76
579	853	87	77
578	854	89	78
575	851	92	79
574	848	95	80
570	846	98	82
566	846	102	82
562	845	106	83
559	843	109	85
549	843	111	85
550	843	117	85
548	841	119	87
533	839	119	88
532	838	118	89
513	844	110	91
507	841	103	92
504	836	99	90
503	836	96	88
502	836	94	87
501	835	96	86
492	834	96	84
494	839	97	83
492	836	97	82
486	833	98	81
543	824	92	84
558	823	87	87
561	823	84	88
555	820	81	89
556	819	79	91
555	817	78	91
555	818	78	92
555	818	77	91
553	819	77	91
551	817	78	90
549	817	78	90
546	817	77	90
542	819	78	90
547	819	78	90
545	820	78	91
544	818	78	92
540	816	78	92
539	815	78	91
537	813	79	91
534	812	79	90
532	812	79	89
531	811	79	89
528	810	79	88
525	810	78	88
520	808	73	89
517	807	73	88
515	806	72	89
511	806	72	87
507	809	71	86
502	810	72	85
498	810	73	84
496	811	73	83
500	812	73	83
497	813	74	81
494	814	75	80
492	815	75	78
490	816	76	77
487	816	77	77
485	816	78	77
481	818	78	76
480	821	80	74
477	819	80	74
471	819	81	73
472	821	82	73
468	821	82	72
466	821	80	71
464	823	81	69
464	824	81	67
461	824	80	66
457	827	78	65
457	827	77	65
453	828	75	65
452	830	73	64
449	829	70	65
442	830	67	67
444	832	65	69
427	826	60	72
427	829	56	74
427	832	52	76
428	836	47	79
428	840	43	83
435	831	49	76
432	832	52	72
429	836	54	69
425	840	56	66
423	842	57	65
420	844	58	63
418	844	59	62
416	846	60	61
413	848	62	60
412	848	63	60
411	850	65	60
408	853	67	60
405	854	69	61
404	857	71	60
402	859	73	60
401	861	74	58
398	863	75	59
395	864	76	58
393	860	78	59
390	863	79	60
385	864	81	62
379	866	83	61
359	867	80	62
354	869	77	63
349	870	74	63
343	868	72	62
341	870	71	61
338	871	71	60
333	871	72	59
327	870	76	57
324	873	77	56
322	875	79	57
