619	331	125	56
622	331	121	55
621	332	120	55
622	331	118	54
613	332	116	54
611	331	114	53
608	333	112	53
606	332	111	52
603	332	111	52
603	332	110	52
601	331	111	53
599	330	112	54
597	331	113	55
596	329	115	56
595	328	116	57
592	327	117	58
591	326	117	59
589	324	119	60
589	325	120	61
588	323	120	62
587	323	121	62
587	321	122	64
587	321	123	64
586	319	124	66
585	318	124	66
584	317	125	67
585	317	125	67
587	315	124	68
587	314	124	68
588	313	122	68
590	312	120	67
595	311	119	67
594	312	117	67
598	311	115	65
600	311	114	64
601	310	112	63
602	309	110	62
607	309	109	61
609	311	108	60
609	310	108	59
608	310	108	58
610	311	107	57
613	311	106	56
617	313	105	54
617	314	103	52
625	313	102	51
632	315	100	50
635	318	100	48
635	318	99	47
637	317	96	47
636	319	95	45
637	317	89	47
638	315	84	49
638	310	74	55
641	306	66	59
643	302	61	61
646	301	57	62
647	301	55	62
649	300	52	62
652	303	51	61
654	307	50	59
656	311	49	58
659	313	48	57
663	316	47	56
668	318	46	56
673	320	45	55
676	322	45	53
682	323	44	53
686	327	45	51
689	329	46	49
691	332	48	48
690	330	47	50
690	330	45	51
692	332	44	51
692	331	43	52
694	333	43	52
695	334	42	52
697	335	42	52
698	335	42	52
699	334	42	52
700	334	42	52
701	336	43	53
701	337	44	54
700	338	45	54
699	337	46	54
698	338	47	54
699	336	48	55
698	337	49	55
696	336	49	56
694	337	51	56
693	336	51	57
691	336	53	57
688	336	55	58
687	336	56	59
687	335	57	61
681	335	60	61
679	335	61	62
675	334	64	62
673	335	66	62
671	335	68	62
667	334	69	62
662	332	72	63
659	332	75	63
654	329	77	65
651	329	79	66
643	326	81	67
642	326	83	68
636	323	87	69
633	322	89	70
624	320	91	71
620	318	92	72
614	317	93	71
612	315	95	71
606	314	96	71
605	313	98	70
593	310	102	70
591	309	105	70
583	306	107	70
581	306	109	71
571	307	111	71
567	305	112	70
557	305	112	72
552	304	112	73
545	302	112	75
541	300	111	76
539	296	110	76
536	293	109	76
532	290	106	77
532	288	105	77
530	286	105	77
527	285	104	78
522	281	106	79
520	279	108	81
514	275	111	83
513	272	113	86
503	270	114	88
501	267	116	89
500	267	118	91
492	264	118	92
484	261	121	94
483	262	121	94
476	259	123	95
471	259	124	95
470	259	123	96
466	258	127	97
460	257	129	98
460	257	130	98
452	254	132	98
451	254	132	98
449	254	133	99
440	254	132	97
439	254	131	95
434	254	130	93
427	255	130	93
425	255	131	94
423	256	131	94
416	256	132	95
417	256	132	94
411	256	133	94
409	256	134	94
405	256	137	93
403	256	138	93
397	255	140	92
395	255	141	91
387	255	142	91
384	255	144	91
378	256	146	91
376	256	147	91
368	256	150	91
366	255	150	91
358	255	151	91
354	256	150	91
348	256	148	90
346	255	147	90
340	256	147	89
338	256	146	88
333	259	145	89
331	258	145	89
325	260	144	89
325	260	146	90
319	262	148	92
319	263	150	95
315	262	153	97
312	262	155	99
309	264	157	101
307	264	161	103
304	265	165	104
300	266	167	106
300	267	170	107
300	268	173	109
297	270	178	110
295	269	180	111
291	268	182	113
289	268	184	115
285	266	185	116
284	266	184	117
281	265	183	118
279	264	180	119
276	262	176	119
274	262	170	119
273	258	163	118
275	256	158	114
275	254	153	111
275	254	150	108
275	252	148	106
275	251	146	104
276	249	143	103
278	247	141	101
280	243	140	99
279	242	138	99
281	238	136	98
282	238	133	97
285	234	131	96
286	233	128	96
287	230	124	97
289	228	121	98
292	225	118	98
294	223	115	98
296	220	112	98
298	219	110	98
299	217	108	97
298	217	107	97
301	217	106	96
301	216	106	95
302	215	107	94
302	215	108	94
302	214	111	93
301	214	113	92
303	213	116	91
301	213	118	91
302	213	121	90
300	213	123	90
300	212	124	90
299	212	125	91
301	212	126	91
299	212	129	91
296	212	131	92
297	212	132	92
293	211	133	93
293	210	134	93
291	210	134	93
291	209	136	91
289	209	136	91
287	209	139	88
287	209	139	87
286	211	138	86
284	211	140	86
285	211	141	87
281	214	142	88
284	213	144	88
280	217	146	89
281	217	147	91
279	221	148	91
278	221	149	92
278	224	150	92
276	225	151	92
277	227	151	91
279	229	154	90
274	235	155	89
277	237	157	88
276	241	160	87
275	242	162	86
275	247	164	84
274	249	164	83
274	252	165	83
273	255	164	82
276	259	161	82
275	262	159	82
282	266	159	81
280	268	157	80
288	271	157	79
285	272	156	79
295	276	156	78
295	279	157	78
302	282	159	77
300	284	159	77
309	286	161	77
310	289	162	78
312	292	161	78
