809	367	535	265
795	356	529	266
787	356	530	263
778	368	536	268
773	368	541	272
770	378	546	274
761	378	547	275
746	380	544	276
737	379	537	276
726	378	525	274
727	377	511	270
735	380	503	267
743	381	504	266
751	383	511	266
754	387	519	267
753	391	524	268
749	396	525	270
750	399	525	272
747	402	523	273
748	405	523	272
748	407	521	269
750	409	515	265
754	409	510	263
757	410	506	262
772	411	505	262
778	409	505	261
783	408	506	261
782	407	511	264
788	404	511	264
791	396	509	264
802	385	506	264
824	379	503	262
835	371	489	257
839	369	474	255
842	371	459	250
845	367	445	245
843	358	415	259
849	324	392	264
852	323	351	307
855	295	322	348
850	266	288	389
859	249	276	412
862	230	248	449
875	228	225	476
876	232	216	493
870	241	214	499
864	245	218	502
856	240	222	514
849	259	230	510
839	301	237	490
830	315	246	475
819	310	255	474
813	301	260	479
807	298	266	484
809	298	269	489
808	297	272	492
802	296	275	495
779	302	298	484
756	302	315	483
720	300	327	488
721	303	336	492
714	315	341	484
720	328	339	470
725	341	339	457
726	356	338	442
720	359	341	428
715	359	342	420
659	380	389	388
631	404	438	354
599	429	485	328
572	443	522	311
542	446	556	307
509	442	583	310
473	427	598	314
449	399	601	318
455	377	601	322
455	358	596	332
475	343	604	345
486	321	599	384
516	298	597	410
533	289	577	451
563	270	565	488
598	252	559	519
636	231	558	542
664	216	558	563
703	208	565	584
730	197	576	597
758	194	591	612
773	196	602	622
779	195	602	629
777	195	594	635
796	193	579	643
797	202	565	649
791	223	556	645
794	246	552	637
773	265	536	625
775	290	522	607
789	298	517	590
766	305	568	547
754	331	620	506
753	353	676	478
729	381	727	463
717	389	755	456
695	393	765	447
686	386	775	436
691	380	781	425
681	373	781	417
684	359	778	407
693	348	776	401
696	340	772	395
702	331	767	388
709	321	757	383
716	313	749	377
725	311	740	373
730	293	729	371
747	272	720	374
766	271	705	365
781	279	688	356
804	283	668	344
815	295	646	336
840	310	623	327
861	325	602	320
885	336	584	320
902	342	571	320
925	343	541	346
951	343	520	363
964	381	510	367
962	338	458	412
974	318	410	448
975	305	373	470
983	299	346	481
997	300	296	508
1011	298	257	525
1017	298	228	539
1024	302	209	544
1028	298	197	544
1031	293	188	545
1028	287	181	547
1022	281	176	548
1012	276	172	552
998	269	173	551
978	267	176	546
968	264	182	541
959	269	187	538
948	274	189	537
938	273	193	538
945	267	192	539
948	264	187	539
956	258	184	539
964	258	181	535
962	252	178	524
956	254	174	513
944	253	173	503
928	259	171	488
922	271	177	481
913	286	194	465
900	291	206	449
906	308	216	443
913	323	217	441
926	327	214	433
944	331	206	425
966	336	191	421
982	332	183	408
1001	328	181	391
1024	333	182	375
1031	330	177	362
1031	322	167	356
1035	311	160	344
1043	302	155	335
1048	298	154	322
1045	288	153	311
1041	280	152	299
1034	274	148	290
1030	273	145	281
1029	277	144	272
1029	278	144	264
