1120	203	104	96
1120	203	103	94
1123	206	104	94
1126	206	105	94
1127	207	105	93
1128	209	105	93
1130	211	104	94
1131	213	103	95
1132	215	102	95
1132	215	101	95
1133	217	99	95
1133	217	97	97
1133	217	95	98
1136	220	94	99
1138	220	93	101
1137	221	92	103
1139	223	90	103
1141	223	87	104
1142	224	84	105
1139	227	81	106
1140	229	79	106
1139	228	77	107
1140	230	76	107
1137	228	74	107
1135	231	74	108
1132	233	73	108
1128	234	74	107
1128	235	73	108
1130	236	72	109
1129	235	73	110
1130	236	73	111
1132	234	73	111
1132	235	74	112
1132	234	76	112
1135	235	79	112
1137	235	81	112
1138	235	84	112
1138	236	86	112
1136	236	89	113
1135	236	91	112
1134	237	93	112
1136	236	94	112
1137	236	96	112
1137	236	97	112
1140	237	98	113
1141	237	99	113
1140	237	99	113
1142	238	100	113
1144	240	100	113
1145	241	100	113
1144	241	99	113
1144	242	100	112
1143	242	100	112
1142	245	100	112
1143	247	99	112
1146	248	99	113
1148	249	99	113
1150	253	99	113
1151	254	100	114
1153	255	101	114
1153	257	102	114
1153	258	102	114
1154	259	102	114
1154	259	102	114
1151	261	101	113
1150	262	101	114
1151	265	102	115
1148	263	102	116
1149	265	101	117
1148	266	102	118
1148	267	102	119
1148	268	103	119
1148	268	104	120
1147	270	105	121
1147	272	107	122
1146	273	108	123
1145	273	109	125
1146	274	110	127
1146	274	111	128
1148	275	111	129
1148	275	112	130
1148	277	112	131
1147	278	112	132
1147	278	112	132
1145	280	113	132
1145	283	113	133
1147	284	114	133
1150	287	115	135
1150	287	115	135
1151	290	115	136
1151	296	114	137
1152	296	115	137
1151	300	116	138
1151	308	116	138
1150	310	117	138
1150	313	116	138
1150	320	116	139
1151	322	116	141
1152	326	117	141
1148	329	119	139
1144	333	120	138
1141	336	121	136
1140	343	137	130
1138	351	150	125
1137	357	162	123
1136	365	171	122
1132	369	178	121
1131	376	183	121
1132	381	184	121
1131	383	182	121
1119	388	186	122
1117	400	183	124
1124	397	182	125
1132	389	186	126
1128	391	184	134
1124	397	176	138
1122	408	171	140
1121	414	168	145
1116	422	162	147
1110	432	156	150
1111	433	151	155
1109	434	149	157
1094	472	147	165
1094	471	144	174
1090	491	144	177
1082	498	144	181
1074	507	149	184
1072	520	153	188
1072	531	156	192
1072	531	158	197
1061	536	165	199
1058	541	170	201
1054	547	176	202
1055	553	179	202
1060	561	174	209
1064	563	171	214
1069	565	168	219
1071	569	165	223
1071	573	164	228
1074	578	168	230
1073	585	176	229
1077	587	182	228
1102	634	180	232
1115	657	179	229
1139	686	174	225
1155	711	174	221
1171	728	174	219
1190	740	177	219
1207	758	179	217
1222	777	179	213
1239	805	202	200
1248	823	220	193
1251	832	238	187
1263	842	252	183
1268	849	264	180
1281	858	270	179
1291	862	272	178
1312	870	269	179
1330	877	264	178
1342	885	262	178
1358	884	257	180
1381	882	250	179
1404	854	236	193
1415	842	234	196
1412	829	232	194
1411	825	233	190
1409	820	231	188
1414	815	224	187
1419	810	218	184
1425	807	214	182
1429	808	211	179
1436	810	209	175
1442	827	207	172
1563	857	196	187
1584	852	189	200
1600	847	181	211
1616	841	176	216
1628	841	174	220
1635	838	175	220
1634	834	177	217
1646	837	175	219
1656	834	174	221
1654	833	174	222
1657	828	176	219
1666	826	173	224
1676	820	172	230
1680	816	174	232
1677	806	175	238
1679	805	175	246
1686	801	179	248
1681	798	181	254
1674	788	182	257
1678	782	183	258
1674	776	186	260
1675	768	187	264
1677	755	186	267
1676	748	186	273
1677	739	186	276
1671	731	189	276
1666	717	191	278
1659	703	191	281
1651	692	189	279
1645	673	186	280
1645	661	183	281
1645	652	179	282
1645	644	177	280
1642	627	177	283
1641	618	177	285
1646	606	176	287
1651	590	176	287
1650	585	176	286
1646	571	176	285
1652	561	175	283
1649	546	177	279
1650	530	178	274
1652	518	178	267
1650	511	177	259
1649	499	174	251
1644	485	170	247
1644	475	166	245
1640	465	164	248
1634	455	164	248
1641	447	164	247
1638	438	165	249
1637	429	171	248
1638	421	173	248
1643	412	173	250
1648	403	171	249
1644	399	169	251
1647	382	167	253
1646	369	168	248
1644	344	169	245
1640	327	169	241
1632	319	168	241
1635	305	168	236
1632	293	166	233
1631	292	166	228
1634	272	169	223
1633	261	169	219
1636	252	167	218
1639	240	168	216
1641	226	169	214
1644	224	171	210
1643	218	171	207
1643	213	171	202
1644	208	171	198
1647	208	169	191
1646	207	171	183
1643	198	170	180
1648	167	169	179
1652	153	168	180
1654	132	168	180
1654	107	171	184
1654	88	175	190
1648	74	174	195
1646	68	171	202
1644	60	169	206
1644	49	168	213
1643	38	165	217
1643	31	165	220
1642	30	167	220
1638	25	168	217
1633	23	170	214
1633	18	171	211
1636	19	168	211
1637	15	164	210
1642	14	162	206
1644	19	161	203
1652	21	162	203
1653	18	163	201
1655	15	164	199
1653	16	164	199
1651	16	164	198
1648	12	166	200
1647	9	167	201
1646	7	168	203
1646	7	169	207
1637	-1	184	200
1632	-1	196	193
1630	0	207	187
1628	-4	219	180
1624	-1	228	178
1627	-2	237	174
1626	-3	244	171
1626	-5	253	168
1621	-1	257	168
1620	0	260	169
1617	-1	259	171
1618	1	258	173
1616	2	257	176
1620	2	258	178
1622	0	258	179
1628	4	254	184
1631	1	254	187
1633	0	253	188
1635	2	250	188
1637	2	251	189
1638	-6	251	183
1640	4	250	184
1638	-5	253	180
1630	3	249	181
1630	6	242	181
1638	0	237	180
1636	7	232	181
1643	11	227	180
1648	0	228	178
1642	12	224	178
1651	3	224	179
1649	9	223	180
1649	1	222	180
1647	8	221	182
1649	-1	224	180
1648	5	225	182
1647	-3	227	178
1646	9	224	181
1649	-1	227	180
1652	7	226	183
1655	0	232	181
1649	8	230	187
1652	0	233	187
1648	-3	232	183
1649	7	229	188
1649	17	225	194
1639	9	220	198
1637	5	215	197
1634	14	207	201
1636	17	202	203
1643	14	204	204
1643	13	204	206
