0	259	238	273
8	252	239	269
15	251	238	271
16	254	235	275
14	254	232	275
22	268	254	260
20	285	268	250
18	296	279	240
15	292	289	235
18	288	293	235
18	288	297	236
0	294	290	237
-12	299	279	237
0	302	269	238
23	301	261	238
49	304	255	238
80	299	247	239
128	292	249	234
145	291	247	231
164	288	241	230
180	291	241	227
176	296	240	228
250	290	236	229
308	283	228	234
330	291	224	233
394	296	221	229
421	306	215	225
450	312	206	228
475	313	196	229
488	311	189	230
488	308	188	223
516	310	187	221
537	311	185	222
524	319	183	221
512	346	187	210
523	343	191	202
504	346	188	197
529	343	188	190
479	363	184	187
480	359	184	180
452	355	183	175
476	355	183	170
480	349	180	167
454	350	179	164
453	351	179	159
475	353	176	155
454	352	174	152
455	353	171	149
477	355	168	147
477	352	163	146
431	366	160	143
473	362	157	142
475	372	155	142
457	369	153	140
478	367	151	137
495	361	148	137
497	354	144	136
481	353	143	134
460	353	142	132
438	368	142	129
430	372	158	115
446	350	152	119
447	346	146	122
447	345	142	123
445	343	140	123
434	347	154	112
427	352	165	105
422	355	171	102
419	357	175	101
419	360	179	99
465	352	166	108
404	369	170	105
422	387	173	101
417	385	177	97
430	384	181	93
423	365	182	94
418	365	183	95
402	379	174	103
430	378	178	100
422	393	179	97
421	402	168	106
432	454	159	113
442	471	155	116
437	472	152	119
434	471	150	120
418	471	149	122
417	470	149	122
418	468	148	123
445	471	148	123
437	474	148	123
468	477	148	122
477	478	146	126
488	475	145	128
476	474	147	128
487	473	146	130
439	456	146	129
450	457	145	128
476	474	148	127
462	477	153	125
449	462	154	125
442	465	154	125
448	466	155	124
455	465	155	125
449	468	155	124
443	468	154	124
432	472	165	116
434	472	161	119
433	472	158	120
448	455	157	121
442	460	157	121
