285	457	146	156
287	456	137	159
284	451	134	159
284	453	131	160
280	449	129	159
281	450	129	160
277	448	128	162
277	447	127	163
271	445	126	163
272	445	125	163
272	444	124	163
270	444	123	163
268	442	121	162
265	442	119	161
261	441	117	161
262	441	115	161
258	441	113	159
260	441	111	158
256	439	108	159
255	440	106	159
255	439	104	158
258	440	102	156
253	439	102	155
255	439	102	152
254	441	102	149
252	441	101	147
250	442	99	144
251	442	99	142
249	441	97	142
251	441	98	141
250	444	99	141
247	444	101	142
247	446	102	141
246	446	103	141
246	446	101	142
245	447	102	142
248	449	103	141
247	452	104	140
240	453	107	142
236	452	109	143
232	453	111	143
230	454	113	143
233	456	115	145
232	458	117	147
237	458	119	150
234	458	121	152
236	458	124	154
235	458	127	156
235	459	129	159
235	460	132	159
239	464	133	161
240	466	137	162
243	470	138	163
245	472	141	165
248	475	143	166
249	478	144	168
249	480	147	170
249	480	148	172
248	483	150	174
247	484	151	174
247	485	152	175
247	485	153	177
249	488	154	180
254	489	155	182
259	492	155	186
263	494	156	187
269	499	156	188
278	505	155	187
282	510	154	185
289	516	151	182
285	524	159	178
291	529	161	175
296	535	161	172
302	540	159	169
313	549	157	165
316	554	156	163
329	560	153	161
332	564	150	161
341	567	149	162
343	570	148	162
349	574	147	161
350	576	146	161
358	582	145	161
361	584	146	160
366	590	144	162
370	592	144	161
379	597	143	162
379	600	143	163
387	602	141	163
391	606	140	163
398	610	139	163
400	613	139	163
409	617	140	161
410	621	139	161
415	622	141	160
418	628	142	159
425	630	141	160
430	637	140	162
436	638	140	160
437	643	139	159
443	647	139	159
445	649	139	159
453	655	139	157
457	661	140	156
464	666	141	155
464	670	141	156
471	674	142	156
471	676	142	157
477	680	142	157
479	682	143	158
486	685	144	158
489	690	145	158
494	691	147	159
494	693	149	159
501	694	150	157
502	696	152	156
505	698	153	156
508	699	154	156
514	700	154	155
516	702	155	155
523	704	155	155
523	703	156	155
531	704	156	154
530	705	156	154
537	706	157	154
536	705	157	154
543	707	158	153
545	711	158	153
549	711	158	153
550	710	159	152
556	711	158	152
557	710	158	151
561	710	158	151
563	712	157	150
567	711	156	149
570	713	154	148
574	713	153	147
575	712	152	146
581	713	150	145
586	716	148	144
594	720	145	141
599	724	141	139
604	725	137	138
610	727	133	137
619	728	128	137
623	727	125	135
631	729	122	133
638	732	118	132
643	735	115	130
648	738	113	126
653	740	111	123
654	743	109	120
658	745	107	118
660	744	105	116
664	744	102	116
667	745	101	114
666	744	98	114
667	745	98	112
671	746	98	110
670	746	97	110
671	746	97	109
673	747	96	108
676	750	96	106
677	748	97	106
678	747	97	105
678	748	96	104
680	748	96	103
682	750	96	102
682	749	96	101
683	749	96	99
685	748	95	98
688	749	94	97
687	748	94	96
679	746	94	94
682	746	94	92
685	747	94	90
688	747	92	89
689	747	92	87
689	745	90	86
683	744	90	86
687	743	89	85
690	742	88	85
692	739	87	85
693	738	87	84
683	746	88	83
674	743	88	81
663	742	87	80
650	741	88	77
639	730	87	75
638	729	86	74
638	730	85	72
637	733	84	70
637	736	82	69
639	739	81	67
639	741	80	67
639	743	79	66
640	747	78	66
639	747	77	67
641	750	76	69
643	752	75	71
642	755	75	74
642	756	74	77
642	758	73	81
640	761	72	88
642	761	70	93
642	761	70	99
642	762	70	103
642	760	71	105
643	763	72	107
642	760	73	108
642	762	75	108
643	763	77	108
643	765	79	109
642	766	81	110
643	767	83	112
644	769	86	113
647	770	85	116
646	770	86	119
645	771	87	120
644	770	89	122
642	772	90	124
642	772	91	125
642	771	92	126
641	772	93	127
641	772	94	127
640	772	96	128
642	772	97	129
642	773	98	129
642	776	100	129
640	776	101	130
637	778	102	131
637	777	103	132
637	779	104	133
636	778	104	134
636	781	104	135
636	780	104	136
635	783	104	137
634	784	104	138
633	785	103	138
633	786	103	139
632	787	103	139
631	787	103	140
629	788	103	140
628	787	103	140
626	789	103	141
626	788	102	141
625	789	102	142
624	789	102	142
621	790	102	143
619	790	102	144
617	791	101	145
617	790	101	146
615	791	101	145
613	792	101	145
610	793	101	146
609	793	100	147
608	793	99	148
608	794	99	148
608	793	99	149
608	794	99	148
608	794	99	148
608	795	99	147
609	795	98	147
610	794	98	146
612	793	97	146
614	793	96	146
614	795	96	145
615	795	97	143
616	797	97	142
618	797	97	141
620	799	98	140
620	801	97	139
623	800	97	139
624	799	98	138
625	800	98	138
627	801	99	137
630	800	100	137
632	799	100	137
634	800	101	136
637	801	101	135
637	801	101	134
638	800	101	134
639	799	102	134
640	799	102	134
638	799	103	133
638	799	103	133
637	799	104	134
636	799	104	134
638	798	105	134
637	798	105	135
637	797	106	136
637	798	106	138
637	795	106	138
638	794	106	139
641	794	107	138
641	796	108	139
641	795	108	139
640	795	108	139
640	794	108	140
640	794	108	140
639	794	109	140
637	795	109	141
638	795	109	141
637	794	109	142
636	795	110	143
636	795	110	143
635	795	111	144
636	794	110	144
636	795	111	144
636	795	111	145
637	794	111	144
637	794	112	144
637	793	112	145
640	792	112	145
642	792	112	145
643	791	113	145
646	790	114	145
646	790	115	145
647	789	115	145
647	788	116	145
647	787	117	145
648	786	118	144
647	785	119	144
648	785	120	143
648	784	121	144
647	783	121	144
646	784	122	144
645	785	124	145
644	784	124	146
644	782	125	146
645	781	125	146
645	781	124	147
646	780	124	146
646	780	124	145
646	781	123	144
646	781	123	144
648	780	123	144
649	780	122	143
647	780	122	144
647	780	122	144
648	779	122	145
648	778	122	145
647	777	121	144
647	778	122	144
647	778	121	145
647	778	122	145
647	777	121	146
646	777	121	146
647	776	120	146
647	776	119	146
647	777	119	146
649	776	118	146
648	776	117	145
650	776	116	145
649	776	117	144
648	778	117	144
647	777	117	144
646	777	118	144
647	779	118	145
646	779	118	146
645	779	119	146
644	780	120	147
642	781	121	148
642	780	122	148
642	781	122	150
643	780	122	151
641	781	121	152
642	780	122	153
645	781	122	154
645	781	122	154
647	780	121	156
647	782	122	156
649	781	121	157
652	780	121	158
653	779	120	158
655	780	119	158
656	780	118	158
659	781	116	158
662	781	115	157
663	780	115	156
667	783	115	155
665	782	114	155
668	784	114	154
668	784	113	154
670	785	112	154
672	785	111	153
672	786	111	153
672	787	110	153
673	788	110	152
673	788	110	152
674	790	110	151
676	790	109	151
676	792	109	150
677	791	109	150
679	793	108	149
681	793	107	149
683	794	106	148
685	794	104	148
688	795	102	147
690	795	99	147
694	796	98	146
699	796	95	145
701	796	93	144
703	795	91	143
706	795	90	141
708	796	89	139
709	799	89	137
710	800	87	137
710	799	86	135
710	799	86	133
713	801	84	132
713	802	84	131
711	802	83	131
714	802	81	130
713	803	80	129
714	804	79	127
716	806	77	127
