1179	951	127	50
1179	952	129	50
1177	952	130	51
1176	953	131	52
1174	954	132	53
1173	955	133	53
1173	956	134	54
1170	958	136	55
1167	959	137	55
1165	960	138	55
1163	962	140	55
1159	965	140	55
1153	966	140	54
1151	968	140	53
1146	970	140	53
1146	971	141	52
1143	972	142	52
1143	973	144	51
1139	974	146	50
1135	975	145	49
1136	975	147	49
1131	977	149	48
1131	978	150	47
1126	978	152	46
1127	979	154	46
1120	979	158	45
1118	979	161	45
1118	978	161	45
1116	978	161	46
1111	980	161	46
1106	979	160	46
1106	980	160	46
1103	980	158	47
1103	979	159	46
1095	980	159	46
1097	980	158	47
1096	981	159	46
1093	981	161	46
1088	981	163	46
1088	981	164	47
1087	980	164	47
1086	980	162	47
1086	979	163	48
1080	980	161	48
1075	980	160	48
1075	980	160	48
1070	980	160	48
1071	979	160	47
1071	978	159	47
1068	977	160	46
1063	977	159	47
1055	977	158	47
1056	975	157	47
1052	975	156	47
1050	974	154	46
1049	974	153	46
1047	973	153	46
1042	973	154	45
1039	973	154	45
1038	972	154	45
1035	971	155	44
1028	970	155	44
1026	968	155	44
1027	966	155	44
1020	964	155	44
1019	963	154	44
1016	961	153	45
1014	960	153	45
1013	958	153	45
1011	957	154	44
1006	955	155	45
1005	954	156	45
1001	953	157	45
997	951	157	45
994	949	157	45
991	946	157	46
990	943	158	46
982	941	158	46
983	938	158	47
979	936	158	47
978	933	158	48
970	932	157	49
968	929	157	49
966	927	158	49
965	924	158	49
960	921	159	49
958	921	158	49
955	919	157	49
956	916	154	49
955	914	151	48
950	912	149	48
951	910	147	47
950	909	146	46
949	907	143	46
946	907	141	45
941	905	141	44
938	903	141	43
935	901	142	42
932	901	142	41
929	900	143	41
927	899	143	41
925	898	145	41
921	896	144	41
920	894	145	41
922	892	145	41
919	890	145	41
917	889	144	41
915	887	145	41
911	886	144	41
907	885	145	41
905	884	146	40
903	883	145	40
899	881	145	40
896	880	146	40
894	879	147	40
891	878	148	40
889	877	149	40
884	877	152	40
884	876	151	41
881	875	150	42
882	873	148	42
877	872	150	42
877	872	150	41
876	872	151	41
871	871	151	42
870	870	150	42
869	869	150	43
867	868	150	43
866	868	149	44
863	867	149	45
861	867	148	46
859	866	149	47
857	865	150	47
858	864	151	47
853	864	152	46
850	865	152	46
849	864	153	47
843	862	153	47
840	863	154	46
840	862	154	46
833	861	156	45
831	860	156	45
824	859	158	45
822	859	158	45
817	858	160	45
816	856	159	45
813	853	158	46
809	851	158	47
806	849	155	48
804	848	156	48
798	846	154	48
799	844	153	48
791	842	151	48
787	840	147	49
783	839	144	50
784	837	141	51
783	835	139	51
782	833	136	51
782	832	133	51
779	830	131	51
777	829	129	51
776	828	128	51
772	826	126	51
768	825	125	51
764	823	124	52
762	820	122	52
760	818	121	52
756	817	119	53
754	817	119	52
750	815	118	52
747	815	118	52
745	814	117	52
745	813	117	52
743	811	117	52
740	811	117	51
739	810	118	51
736	809	118	51
731	809	118	51
729	808	119	51
726	808	119	51
724	807	121	51
721	806	122	51
721	805	123	51
718	805	124	51
716	805	126	51
713	805	127	51
710	805	129	50
707	804	130	51
704	803	130	52
700	802	130	52
698	800	130	53
695	800	130	54
692	798	130	54
688	797	130	54
686	795	128	55
680	794	128	56
676	793	126	56
676	792	124	57
674	791	123	57
672	790	122	58
672	789	121	59
668	788	121	59
665	787	120	59
663	786	120	60
659	785	120	60
656	784	119	60
654	783	118	61
641	781	120	62
639	780	120	63
642	779	121	63
635	778	122	63
633	778	123	63
631	777	123	62
628	777	124	63
629	776	124	63
624	775	124	63
623	774	123	63
620	773	123	63
618	773	122	63
615	772	122	64
612	770	122	63
609	769	122	63
606	768	121	62
603	767	120	62
599	765	119	62
597	764	119	61
593	764	118	61
592	763	119	61
586	761	118	61
584	759	115	62
584	759	112	63
580	759	110	64
581	760	108	65
580	760	107	67
579	761	107	68
570	757	106	67
572	757	105	68
565	755	105	68
567	755	105	68
561	755	104	68
556	754	103	67
558	756	103	67
552	755	102	67
546	753	102	67
548	754	102	67
542	752	101	67
538	752	98	69
540	751	96	71
534	749	93	72
532	746	89	72
537	747	88	72
531	747	86	72
527	745	83	72
530	745	82	72
525	744	81	71
526	744	81	71
522	744	80	70
522	744	80	70
517	743	81	70
516	743	80	69
514	744	81	69
512	744	81	69
511	744	82	69
507	745	83	70
506	745	83	70
505	746	83	70
502	745	84	71
500	746	84	72
497	746	84	74
495	745	84	74
493	745	84	75
491	745	84	76
487	744	84	77
485	744	83	78
484	745	83	80
482	744	83	80
478	745	84	81
476	744	84	82
472	743	85	84
470	742	85	85
467	741	85	86
463	741	86	87
459	742	87	88
456	742	87	88
452	740	87	89
447	738	88	89
443	737	89	88
440	736	89	87
436	735	89	88
434	735	89	87
430	735	88	87
427	733	87	88
423	733	86	88
420	733	85	87
418	733	84	87
417	734	83	86
412	734	82	87
409	733	82	87
406	733	82	88
400	732	83	88
398	733	82	88
396	734	83	88
393	735	82	89
389	735	83	89
386	735	83	90
383	735	84	90
379	736	84	90
376	736	85	91
372	736	85	91
367	736	86	90
363	736	87	90
357	736	87	91
354	736	87	92
350	735	88	92
344	734	89	93
340	734	89	93
336	736	89	94
333	735	91	95
327	734	90	96
326	735	90	96
324	736	89	98
320	736	89	99
316	735	88	101
314	735	87	102
312	735	87	104
307	733	87	105
304	732	87	105
299	731	86	106
297	731	85	108
295	731	84	109
292	731	84	110
289	729	83	112
284	730	83	112
283	729	82	111
279	727	82	111
276	728	81	111
273	729	80	110
270	728	80	109
265	726	81	109
259	724	80	108
256	724	80	108
253	725	78	110
247	721	78	111
242	721	78	112
240	721	77	114
237	719	77	113
234	719	77	114
231	717	77	113
229	718	77	113
225	716	77	113
222	715	76	112
220	717	76	111
217	717	76	110
214	716	76	109
211	717	75	108
208	719	75	107
205	719	74	107
201	719	74	105
199	717	74	103
195	716	74	100
189	715	75	98
189	716	75	96
188	717	75	94
186	717	75	93
180	718	75	93
182	717	76	91
177	720	75	91
179	721	75	91
173	721	75	92
174	722	74	94
172	722	73	95
170	723	72	96
171	724	71	97
168	725	70	98
167	725	69	99
159	725	69	100
160	723	69	101
159	727	68	102
156	725	68	103
156	725	69	104
155	726	69	103
153	725	69	102
145	725	70	100
146	727	70	99
147	729	70	98
148	731	69	98
149	733	69	98
149	733	70	97
142	731	70	95
143	736	69	96
143	734	69	95
142	737	68	95
143	737	68	94
136	736	67	92
137	739	67	92
139	742	63	97
139	741	60	99
133	739	58	101
136	739	56	104
138	739	54	106
139	739	52	109
140	740	51	110
141	741	50	111
141	742	50	111
140	743	49	112
140	738	48	112
140	739	47	113
140	740	47	114
140	738	46	114
140	740	46	115
139	742	46	115
139	738	46	113
139	741	46	113
139	738	46	113
140	736	48	111
149	733	54	105
139	736	54	106
147	741	54	107
145	736	55	107
143	739	55	108
143	734	55	108
143	737	56	110
144	733	56	110
154	721	63	103
157	721	65	99
157	720	68	95
155	724	72	91
149	730	75	88
150	726	76	86
154	725	77	85
157	723	78	84
159	722	79	83
157	721	80	83
158	724	80	84
159	720	80	84
153	726	81	85
149	732	81	86
162	717	81	86
155	722	81	87
161	713	82	87
164	711	83	84
168	709	83	83
170	707	83	82
173	699	83	81
173	702	82	81
182	701	80	80
188	704	79	80
192	700	79	80
200	704	78	80
190	696	77	80
185	691	81	75
172	687	86	69
189	690	88	66
186	693	89	64
186	695	91	62
194	689	92	60
193	691	93	60
201	690	94	60
200	690	94	60
204	689	94	61
203	688	94	61
205	683	94	61
213	683	93	61
213	682	94	61
211	682	94	61
215	677	94	61
221	678	93	62
220	678	93	62
221	676	93	62
226	671	93	61
224	671	93	61
232	670	92	61
232	669	92	60
239	668	91	60
239	665	90	60
239	665	90	59
247	664	89	59
244	664	89	60
249	661	85	63
247	660	83	65
253	659	81	67
251	657	80	68
256	657	79	68
260	654	78	69
262	653	78	70
264	649	78	71
266	647	78	71
267	645	78	72
268	643	77	73
271	641	77	73
273	638	77	73
274	636	77	74
276	633	76	75
275	636	76	75
277	630	76	76
278	624	75	76
281	622	75	76
283	619	75	75
284	619	74	75
285	615	74	75
280	614	73	74
283	619	72	75
284	615	71	76
285	612	71	76
285	608	72	78
287	604	72	78
290	600	73	78
291	598	73	77
293	597	73	78
288	596	73	79
291	593	74	79
294	589	74	80
295	585	75	80
297	583	75	81
298	582	74	80
300	580	73	80
294	581	73	80
303	575	73	80
276	529	79	73
285	529	82	70
306	547	81	70
310	564	79	72
310	566	78	74
312	563	76	75
308	561	75	75
311	558	74	76
314	554	73	76
310	553	73	77
313	549	73	78
316	546	73	77
310	551	73	78
315	543	73	77
318	541	73	77
313	541	72	78
318	539	72	78
320	537	72	78
315	536	73	77
317	534	73	77
318	531	73	77
318	530	73	78
312	529	74	79
314	528	75	79
315	526	75	80
310	525	76	80
313	522	76	80
314	520	77	80
308	520	77	81
311	519	78	82
312	518	79	83
309	516	80	84
310	514	80	84
309	513	80	84
302	516	79	84
303	511	78	84
305	509	78	84
305	507	78	85
306	505	78	86
308	503	80	86
308	501	81	87
309	501	82	87
309	501	83	87
310	501	83	87
310	499	82	87
314	497	83	86
315	495	82	86
318	495	80	85
321	494	79	84
323	493	78	82
324	492	77	80
325	491	77	79
326	490	76	78
328	490	75	77
329	491	74	77
323	495	74	77
319	495	73	76
323	492	72	76
326	490	72	75
323	490	71	75
326	488	72	73
328	487	72	72
324	486	71	71
328	483	72	70
330	481	71	69
326	487	71	69
329	484	70	68
331	481	71	68
333	479	72	68
335	477	73	68
336	476	74	68
335	477	76	69
335	473	78	68
336	469	80	68
339	465	82	68
337	468	83	69
338	462	85	70
340	459	87	72
341	458	88	73
340	457	89	74
340	457	90	75
339	454	91	78
337	452	92	81
335	450	92	84
334	449	93	86
333	447	95	89
336	444	98	90
336	440	102	92
337	438	105	93
339	437	109	93
341	436	112	94
342	435	116	93
343	434	119	93
346	433	123	92
347	433	126	92
349	431	129	92
348	432	130	92
351	430	130	91
351	430	129	92
351	429	128	91
352	427	127	91
353	426	125	92
356	424	123	93
356	423	120	94
358	421	119	95
360	418	117	95
353	418	115	95
356	415	112	96
363	411	109	98
361	408	104	99
368	397	102	100
373	399	99	100
368	399	97	100
373	397	96	100
377	394	94	99
379	392	93	97
381	392	92	96
383	391	91	94
388	388	91	92
392	386	92	91
395	386	92	89
391	386	92	88
396	386	93	86
398	385	94	85
400	385	94	84
403	385	93	83
406	384	93	83
406	382	93	81
407	381	93	80
409	380	93	81
411	379	92	81
414	376	92	81
419	376	91	80
422	374	91	80
426	372	90	80
432	371	89	80
437	371	88	79
441	368	89	79
447	368	89	78
450	366	89	77
454	367	89	76
458	366	88	75
460	367	88	74
463	367	88	74
464	367	88	74
467	367	88	74
469	367	88	74
471	367	87	74
473	366	87	74
475	367	87	74
477	367	87	74
476	368	87	74
478	368	88	74
481	368	88	73
483	369	88	73
486	369	88	73
488	370	89	73
490	371	88	73
495	372	87	74
498	372	86	74
501	375	86	74
503	376	85	75
506	377	85	75
509	377	84	75
512	378	85	75
514	379	85	75
516	380	84	74
519	381	83	74
523	383	83	74
529	384	82	74
533	383	81	74
538	384	80	73
545	385	78	74
548	385	77	75
552	384	76	74
557	385	74	74
560	385	74	73
565	385	74	72
569	385	74	71
571	386	75	69
574	388	75	69
576	388	76	69
579	389	75	69
580	389	76	68
584	390	76	69
585	389	76	69
590	392	76	70
591	390	77	71
592	391	78	72
595	391	78	73
595	390	79	74
598	390	81	74
600	389	82	74
600	389	84	73
605	390	85	74
607	387	85	74
610	387	86	74
610	387	88	74
610	387	89	73
611	387	92	73
615	388	92	73
617	389	93	74
620	387	94	74
620	387	95	74
622	387	96	75
624	386	97	75
625	386	98	75
626	385	99	75
629	385	100	75
630	385	100	76
632	384	101	77
632	383	102	77
633	383	103	77
634	382	104	77
638	380	105	76
638	383	106	76
640	381	106	76
639	382	108	76
639	381	109	76
639	381	111	76
638	382	114	76
639	382	116	76
641	381	117	76
644	381	118	76
642	381	119	76
642	381	120	76
642	382	122	76
642	381	124	76
641	380	126	76
644	381	126	78
641	381	128	79
641	381	129	80
641	380	130	81
642	378	130	81
643	377	130	81
644	376	130	81
646	376	130	82
643	375	131	82
643	376	131	82
646	374	130	83
645	373	130	82
649	374	131	82
648	373	131	81
646	374	132	81
648	375	131	81
649	374	132	80
647	376	132	80
649	374	132	80
650	377	131	80
651	378	131	79
652	378	130	79
653	380	130	80
655	381	129	80
655	381	128	79
658	380	128	78
658	381	128	78
660	382	128	78
662	382	127	77
665	383	125	76
666	385	124	76
666	384	124	76
668	384	123	76
671	383	122	76
671	385	122	76
670	383	122	76
672	383	121	77
670	382	122	77
672	381	122	77
671	380	122	76
669	381	124	76
668	381	125	76
669	379	125	75
669	381	126	75
667	381	127	75
667	380	127	74
668	381	128	74
668	381	128	74
668	381	128	74
668	382	128	74
668	382	129	74
668	382	129	73
670	383	128	73
670	383	128	73
670	384	128	73
669	385	128	73
671	384	128	73
671	384	128	72
670	385	128	72
670	386	128	72
670	386	128	71
669	385	128	72
670	387	129	72
669	386	129	72
669	385	129	73
669	386	129	73
670	385	129	73
670	385	129	73
671	384	129	72
671	385	129	72
671	384	129	71
672	383	129	71
671	383	128	71
672	382	129	71
672	382	128	71
674	381	128	71
674	381	127	71
675	379	126	71
675	379	125	71
676	380	124	71
678	377	123	71
678	377	123	70
677	377	122	70
677	376	122	70
677	375	122	70
677	373	122	70
676	374	121	70
677	371	122	69
678	371	122	69
677	371	123	68
677	371	123	68
676	371	125	68
679	371	125	68
678	369	125	68
676	368	125	68
677	368	125	68
676	367	125	69
672	366	132	64
670	371	135	63
667	367	138	61
664	366	141	59
662	366	144	57
660	365	146	56
658	363	147	56
658	362	149	55
659	361	151	54
657	359	152	54
654	358	155	54
651	356	156	54
650	355	159	53
647	354	160	53
646	353	160	54
647	351	160	54
647	350	159	54
645	349	160	54
643	347	161	54
640	346	163	54
640	344	162	54
638	342	163	55
636	340	163	54
636	339	164	54
636	337	163	54
636	336	163	54
636	334	163	54
632	332	162	55
633	330	162	54
632	330	161	53
634	329	160	53
629	327	160	53
629	326	158	53
629	325	157	53
626	324	155	53
631	322	151	53
632	322	148	53
631	320	144	53
632	320	141	53
632	319	138	54
633	320	135	54
634	318	132	54
637	319	129	54
636	317	127	54
636	316	125	54
637	315	122	54
636	314	120	54
637	313	119	54
636	313	117	53
637	311	115	53
637	311	114	52
638	311	112	52
638	312	111	52
637	311	109	52
636	310	108	52
636	308	108	51
635	308	108	50
631	307	108	50
632	307	107	50
631	305	108	49
629	303	107	49
628	304	106	49
627	305	104	48
626	304	103	48
626	304	103	47
625	305	101	47
623	304	100	47
621	304	99	47
620	304	98	47
620	304	98	46
620	304	97	46
619	304	96	46
616	305	95	46
616	306	94	46
613	306	94	46
613	307	93	46
611	307	92	47
609	307	91	46
605	307	91	46
604	307	91	46
602	307	90	46
601	308	90	45
600	308	89	45
598	308	89	45
598	307	88	45
595	307	87	45
594	307	87	45
590	307	86	44
588	307	85	43
587	307	85	43
586	307	83	44
584	308	83	43
583	308	82	43
581	309	82	43
580	309	81	42
579	310	81	42
577	311	80	42
575	312	80	41
574	313	79	41
571	313	79	41
569	313	78	41
566	313	78	40
565	312	78	40
562	312	78	40
560	312	78	39
559	310	75	42
557	310	73	43
556	310	71	44
554	310	70	44
554	311	69	45
552	313	69	45
552	313	67	45
551	314	66	45
546	314	66	45
546	315	65	45
546	315	64	45
543	316	63	44
541	317	63	44
538	317	62	44
536	318	61	43
533	318	61	43
531	319	60	43
527	321	60	43
523	321	60	43
520	322	60	42
517	322	60	42
513	323	60	42
511	322	60	43
507	322	60	43
504	322	61	43
501	324	61	43
497	325	61	43
492	326	62	43
490	326	62	43
487	327	62	43
481	326	62	43
480	326	63	43
476	328	64	43
474	327	64	44
472	328	64	44
469	328	65	44
466	329	65	44
464	331	65	43
460	331	65	43
455	332	65	43
452	333	66	43
449	334	66	43
446	334	65	42
443	334	66	42
440	334	66	42
439	334	66	41
437	334	66	40
435	335	66	39
434	334	65	39
436	334	64	40
437	334	63	40
436	334	62	40
433	336	61	39
433	336	60	39
433	336	59	39
431	335	58	38
427	335	58	38
425	334	57	38
424	333	56	38
421	331	56	38
419	331	56	39
419	330	55	39
418	328	55	39
416	327	55	39
415	326	56	39
412	326	56	39
412	324	56	39
410	323	56	39
408	322	56	39
406	321	57	39
405	323	57	39
403	321	57	40
402	320	57	40
401	319	58	40
400	318	58	41
400	316	59	41
398	316	60	41
398	315	60	41
394	314	61	42
396	314	61	42
395	313	62	42
393	312	63	42
393	311	64	42
391	312	65	42
391	312	65	42
391	312	66	43
388	312	66	43
389	313	67	42
387	312	67	43
387	312	67	44
386	313	68	44
387	313	67	44
387	313	68	44
387	313	68	44
388	313	68	45
387	313	68	45
388	314	69	45
388	315	69	45
388	316	70	45
388	316	70	44
387	316	70	44
388	315	70	45
390	315	70	44
390	315	70	44
390	313	70	43
390	312	71	43
389	311	71	43
388	310	71	42
390	307	71	43
390	306	71	43
390	304	71	42
390	303	71	42
391	301	71	42
390	299	71	42
390	297	72	42
391	295	72	42
393	291	72	43
393	291	73	43
392	290	73	42
394	286	73	43
393	286	73	42
393	283	73	43
396	282	74	42
396	280	75	42
396	278	76	42
397	277	77	42
397	276	78	42
397	273	79	42
396	272	79	42
397	269	80	42
398	269	81	43
397	269	81	42
396	267	82	42
397	267	82	42
398	267	82	42
398	264	82	43
398	263	81	43
398	264	82	43
398	263	83	42
398	263	83	42
399	263	84	42
398	261	84	41
398	261	83	41
397	261	84	41
397	260	83	41
397	259	83	41
395	258	83	41
395	256	82	40
393	256	81	40
392	255	80	39
391	255	79	39
390	253	77	39
389	251	77	38
387	250	77	38
387	250	77	37
388	248	78	37
385	246	78	36
383	244	78	36
382	242	78	36
381	240	78	36
380	239	78	35
379	237	78	35
378	236	78	35
376	235	78	35
375	233	77	34
373	232	76	34
370	230	75	35
367	229	75	35
364	227	74	35
363	226	73	35
361	224	73	35
359	222	73	35
357	221	72	35
354	221	72	35
351	221	73	35
349	219	73	35
346	216	72	36
344	215	71	37
341	214	71	38
338	212	71	38
335	212	71	38
331	212	70	39
326	212	71	39
323	210	70	40
320	210	70	40
316	210	70	40
312	209	69	40
308	209	69	39
305	208	69	40
301	209	68	39
300	208	68	39
296	208	69	38
292	208	69	39
287	207	69	39
284	206	69	39
281	207	70	40
278	207	70	40
272	207	71	39
269	206	71	40
264	205	71	40
262	206	72	39
259	207	73	38
254	206	73	38
253	207	72	38
249	207	71	38
245	207	71	38
242	206	70	37
237	207	70	37
233	207	69	37
229	207	69	37
225	207	69	37
221	208	69	37
218	207	70	36
214	207	70	37
209	207	70	37
204	206	70	37
200	206	71	38
195	206	71	38
192	206	71	38
187	206	71	38
183	205	71	39
177	205	72	39
172	204	73	39
167	203	73	39
160	202	74	39
155	200	76	40
149	200	77	40
143	199	79	40
137	198	80	41
132	198	81	41
126	198	83	42
118	198	84	42
114	196	86	42
108	196	87	43
103	195	89	44
96	195	90	45
93	195	92	45
88	196	94	45
84	196	94	44
79	198	95	45
73	199	95	45
65	199	96	45
61	200	97	45
54	201	98	44
47	203	97	44
43	205	99	44
38	206	98	43
34	208	99	43
25	210	99	42
19	211	99	42
13	212	99	42
7	215	98	42
