310	45	82	65
313	45	83	64
313	46	82	65
314	47	82	65
315	50	81	66
318	49	83	67
319	51	83	68
318	50	84	69
315	50	85	70
314	49	88	71
308	46	89	71
303	45	89	70
301	45	90	69
301	47	91	69
301	46	92	69
303	46	93	69
308	45	93	69
311	45	95	70
316	46	97	70
316	47	98	71
316	47	97	70
314	48	97	70
311	47	96	69
309	45	95	69
306	46	93	68
304	48	92	68
299	52	89	67
301	55	87	65
305	57	87	65
311	60	88	66
314	64	89	67
320	69	90	68
324	76	90	70
327	78	92	70
327	77	94	71
324	76	95	71
322	74	95	70
318	73	93	70
314	72	92	70
309	71	90	69
305	72	87	67
301	75	85	66
298	76	83	64
299	77	82	63
302	78	81	63
304	79	81	63
307	82	82	63
308	83	84	64
311	85	86	64
313	86	88	64
314	86	90	65
313	88	93	65
312	92	95	65
311	94	97	66
308	94	98	68
303	89	99	68
298	84	98	69
294	80	97	69
289	79	94	68
285	78	92	67
282	77	89	66
279	77	88	66
282	76	87	65
282	74	88	65
285	77	87	66
289	78	89	66
292	79	91	67
295	79	94	67
296	80	97	67
294	81	100	68
291	81	104	69
289	80	107	70
288	79	110	72
286	79	113	73
282	80	115	74
278	80	116	75
275	81	117	74
276	84	118	75
279	85	119	76
282	85	119	76
284	86	120	75
287	85	120	75
290	85	121	75
290	85	122	75
293	85	123	75
293	85	124	76
290	85	126	77
288	85	129	78
285	85	131	79
283	85	132	80
280	85	134	81
279	85	136	82
278	87	137	82
278	90	139	82
280	95	141	82
284	99	142	83
288	104	144	83
290	108	145	84
295	108	146	86
296	112	147	86
297	115	148	85
299	116	149	85
298	116	151	84
298	112	152	84
299	108	154	84
305	103	155	84
314	102	156	84
320	101	158	84
318	100	159	85
317	99	161	85
317	100	168	81
321	99	174	79
325	98	177	79
328	93	181	80
332	90	184	81
336	88	188	81
338	89	191	81
336	89	193	80
340	88	195	80
344	86	197	80
349	88	198	80
355	89	199	80
359	90	202	79
357	88	203	79
355	86	203	79
356	84	205	77
356	86	207	75
356	90	210	72
354	94	212	69
351	98	213	67
348	101	215	66
347	106	215	64
346	108	214	64
345	111	214	64
349	110	213	64
352	109	212	64
356	108	212	64
362	112	212	64
366	115	210	66
369	117	209	67
370	113	208	69
368	105	208	70
367	98	207	71
363	95	207	72
361	93	207	72
359	93	208	72
357	95	209	73
353	92	211	72
353	86	214	72
353	83	217	71
354	80	219	70
355	82	222	69
357	83	222	69
359	83	221	69
361	83	221	70
361	83	219	71
361	84	218	71
359	83	217	72
357	81	215	73
356	79	211	75
353	78	209	76
348	78	206	77
345	80	203	76
341	81	201	75
339	82	200	75
337	80	201	76
335	76	203	75
335	73	207	73
338	72	211	71
343	75	216	70
349	80	219	70
355	87	221	69
360	94	223	69
363	98	224	69
364	102	225	70
364	107	227	71
361	107	228	72
359	105	228	72
358	99	227	73
356	96	226	74
354	94	223	75
352	92	222	75
352	91	219	77
352	93	219	78
356	94	220	78
357	95	222	79
359	97	225	81
363	99	229	81
366	100	233	82
364	100	235	83
364	99	238	83
366	99	241	84
364	98	245	84
360	97	247	85
354	96	248	85
352	94	250	85
350	94	250	85
348	94	250	85
348	96	248	85
345	99	246	85
343	101	244	85
344	103	241	85
346	107	242	87
347	108	244	88
348	108	246	88
347	108	247	89
346	108	248	89
339	104	252	88
335	102	254	88
332	98	253	90
326	94	253	92
327	90	251	95
328	88	249	98
329	86	247	100
327	86	242	102
328	86	239	102
326	86	237	102
326	82	236	101
333	76	238	101
339	68	244	101
340	62	249	100
343	58	253	100
345	58	256	101
346	58	258	101
348	60	260	101
346	61	260	101
346	61	259	102
346	56	259	103
348	51	262	103
347	46	264	103
347	41	266	101
348	38	267	101
348	40	267	99
345	44	267	97
341	53	266	94
338	60	265	92
336	64	265	92
337	67	266	91
338	68	267	92
338	69	268	92
344	69	269	91
348	66	269	92
350	64	269	92
351	65	268	92
355	66	267	93
353	65	265	94
356	62	264	95
355	57	262	96
353	48	262	97
353	40	263	97
351	35	261	97
341	36	254	97
339	38	245	96
336	42	238	95
340	43	232	95
345	43	231	95
345	46	233	95
345	45	236	93
351	47	237	92
354	49	238	91
353	50	240	89
352	51	241	88
351	55	240	88
348	58	237	88
345	60	233	87
341	63	228	87
340	67	220	86
337	70	213	86
338	71	207	85
341	73	201	83
344	73	196	81
345	74	193	80
351	76	193	80
351	77	196	79
353	75	199	78
355	73	203	78
353	72	206	77
349	72	207	76
347	71	208	75
344	73	208	75
341	71	208	76
339	71	209	76
338	72	209	75
337	72	207	75
339	70	205	74
341	72	203	73
345	67	202	74
348	65	200	73
347	62	198	72
348	61	196	72
352	62	195	72
354	63	198	71
359	68	199	71
362	73	202	71
367	77	205	71
370	77	208	72
372	78	210	73
374	79	213	73
372	79	215	73
373	81	217	73
369	82	217	73
367	82	215	73
366	82	212	73
365	81	209	72
365	78	204	73
367	77	199	74
369	77	195	74
371	80	190	73
375	83	186	73
378	85	187	74
377	87	189	73
379	87	191	72
382	85	193	72
383	82	196	71
382	82	198	69
382	80	199	68
382	81	199	68
379	82	197	69
378	85	192	70
375	87	187	70
374	89	181	70
373	90	175	70
369	89	170	70
365	87	167	69
363	82	165	69
360	76	165	69
360	71	166	70
362	69	167	70
362	70	170	70
360	73	173	70
359	74	175	70
359	75	177	70
358	77	178	70
359	77	180	71
357	79	181	70
352	75	184	71
350	72	184	72
344	68	185	73
341	62	183	74
340	58	179	74
335	58	177	74
332	58	174	73
331	62	170	71
332	64	166	70
335	64	162	68
335	63	160	67
336	64	160	65
341	63	162	63
344	62	165	62
342	69	167	62
344	67	170	61
346	64	170	61
351	64	174	59
355	65	177	57
358	64	179	57
364	65	180	57
361	63	181	57
358	61	178	58
357	63	175	59
354	64	171	59
351	63	169	59
350	64	167	58
349	65	163	57
350	68	160	57
349	67	159	56
348	65	161	54
348	62	163	53
349	61	165	52
351	64	166	52
357	67	167	52
360	70	168	52
363	71	169	52
365	73	171	51
365	73	171	52
366	72	172	52
365	72	170	52
359	69	169	53
357	68	168	52
351	67	167	53
349	69	163	54
349	70	158	54
349	73	156	53
353	79	155	53
355	83	155	53
355	86	156	51
356	85	157	52
351	85	160	52
350	86	164	51
346	87	168	51
344	86	169	52
348	86	167	52
348	82	165	54
348	82	163	55
346	82	160	55
345	79	157	56
345	80	154	56
345	79	149	57
345	78	147	56
343	77	144	56
345	74	142	57
347	69	141	58
345	69	141	58
344	70	143	58
341	70	145	58
337	71	148	57
335	71	150	56
335	74	152	57
333	76	153	57
332	81	152	57
331	83	153	57
329	85	153	57
329	86	151	57
328	86	148	57
327	82	144	58
330	78	140	59
328	75	138	60
328	74	134	60
331	73	130	60
332	74	127	60
336	73	127	60
337	72	126	59
339	72	128	59
342	69	130	60
342	67	132	60
346	66	135	60
349	65	137	59
346	65	139	60
337	67	143	58
336	66	145	58
334	67	145	58
325	71	144	57
321	73	141	58
321	75	140	58
315	78	139	57
308	83	138	55
310	87	137	55
314	91	135	55
317	94	131	55
321	97	128	56
324	100	128	56
330	102	131	57
330	105	134	59
328	105	137	61
326	106	140	62
324	106	142	63
319	111	143	64
320	112	144	64
319	113	144	64
320	114	142	65
318	114	142	65
319	117	140	64
317	118	139	64
313	119	136	63
314	117	134	62
315	117	133	62
316	116	132	61
315	115	130	60
316	117	128	59
316	119	128	58
317	122	131	57
320	127	135	57
320	124	138	59
322	125	140	59
328	125	143	60
331	128	144	60
336	131	142	61
337	136	141	62
335	135	138	63
336	133	135	63
335	129	132	63
333	126	129	63
333	124	126	62
331	125	122	61
328	124	120	59
331	123	119	59
333	125	120	60
333	127	123	61
334	128	126	61
333	133	127	62
335	136	128	63
336	140	129	62
337	139	129	62
336	140	127	61
336	140	125	62
337	139	122	62
337	139	119	61
339	138	118	60
338	138	116	59
339	138	114	58
342	137	113	58
345	139	113	57
345	139	113	57
349	142	114	57
353	144	115	57
356	146	117	59
358	149	120	60
357	149	122	60
355	145	123	62
356	144	124	62
356	142	123	63
351	139	123	64
348	137	122	62
345	139	121	61
344	141	119	59
341	142	117	59
340	143	115	58
338	142	113	57
336	140	111	56
337	139	109	55
338	138	107	54
338	137	106	54
339	138	105	53
340	140	105	52
339	145	105	53
339	146	107	54
339	146	110	55
337	147	112	57
334	149	115	58
332	149	117	59
331	149	120	60
325	148	122	60
326	150	123	61
322	151	122	60
322	152	123	61
322	154	124	61
321	156	125	61
323	153	124	61
323	149	123	61
325	145	123	60
325	142	122	60
324	140	122	59
325	138	123	59
326	136	126	57
330	139	128	58
329	135	131	57
329	139	133	58
330	133	138	57
330	137	141	57
326	141	145	58
328	137	148	57
330	135	152	56
324	140	154	57
324	135	157	57
323	135	157	58
320	138	158	58
315	141	159	58
313	141	159	58
314	142	159	58
314	144	158	59
315	144	158	59
312	146	158	58
309	148	158	58
305	151	158	57
306	154	158	56
304	154	158	56
306	154	160	55
301	155	165	54
299	154	169	53
304	153	173	53
305	155	177	53
307	155	179	54
313	153	181	55
313	157	182	57
309	157	186	58
306	156	189	59
305	153	190	60
309	153	191	61
312	151	194	62
314	152	197	62
314	153	200	62
312	153	201	63
313	152	201	65
311	151	200	66
310	152	199	66
310	151	199	68
311	155	198	67
310	158	196	70
312	160	191	73
313	162	188	76
312	163	186	78
311	168	184	80
310	170	180	80
314	168	177	81
325	155	175	81
323	155	170	80
320	150	165	79
325	147	160	78
331	144	155	77
331	138	153	76
335	133	151	75
335	137	150	74
329	136	149	73
328	137	150	73
322	137	150	71
322	135	147	70
319	134	144	69
321	125	137	71
326	121	125	78
341	118	115	86
346	116	108	90
360	116	103	92
361	114	98	94
361	113	95	95
357	112	94	95
351	111	95	94
351	110	94	93
349	109	93	94
344	108	92	93
347	103	87	96
348	98	84	97
344	99	85	95
341	97	87	94
337	101	88	94
335	95	89	94
333	92	91	91
330	89	93	88
330	84	95	85
327	83	97	82
328	84	99	80
334	87	99	78
336	85	98	78
336	84	97	77
335	87	97	75
338	89	95	76
334	89	92	78
350	82	90	79
351	86	89	79
356	84	92	77
350	84	95	76
346	87	98	75
345	90	100	73
341	93	101	72
340	99	102	71
340	105	103	71
342	109	102	70
338	113	104	67
332	116	106	65
333	120	105	65
333	122	104	65
327	116	103	64
327	119	102	65
330	119	99	67
331	115	100	66
329	121	99	66
328	116	99	66
325	108	99	65
325	109	98	64
323	111	99	63
321	112	99	62
329	113	98	61
324	114	98	59
317	106	100	56
315	107	100	54
315	116	99	54
324	126	101	54
326	127	101	54
325	126	99	54
327	127	98	54
330	125	96	54
336	126	94	54
339	125	91	53
339	119	88	52
340	118	86	51
338	116	86	50
342	117	84	49
340	115	84	49
341	115	83	48
339	114	84	48
335	114	85	48
325	114	84	48
316	116	84	47
309	117	83	46
311	118	83	46
306	121	82	46
304	124	81	46
314	123	82	46
315	123	83	47
314	118	83	47
312	119	84	47
304	120	85	48
305	121	85	49
304	118	86	49
304	120	86	50
305	120	79	55
306	113	74	58
300	111	71	61
299	109	71	63
298	106	70	64
297	101	70	64
298	101	69	66
296	99	69	67
295	97	69	69
294	98	71	69
