678	315	155	90
682	312	156	90
684	310	156	90
689	308	156	90
691	307	155	89
693	305	155	89
697	303	154	89
701	301	156	89
702	301	158	90
703	298	158	90
710	295	160	89
712	295	162	92
709	294	163	94
713	290	167	95
719	288	172	96
721	283	175	96
725	280	178	97
721	279	181	97
729	276	183	98
738	270	183	99
738	272	183	99
741	271	183	99
748	266	182	100
750	270	181	98
752	269	180	97
756	269	179	96
761	267	178	95
765	268	176	94
767	266	175	92
770	265	173	91
774	261	170	91
775	260	169	91
779	259	166	91
782	258	164	91
782	260	162	90
784	262	161	89
785	261	160	88
787	261	160	86
787	259	160	84
785	261	161	82
785	261	160	80
783	262	161	79
781	261	162	78
783	262	163	77
783	263	163	77
784	262	163	77
782	261	164	78
782	260	165	80
781	259	166	82
777	269	167	80
784	263	167	82
781	261	167	82
778	271	167	81
787	265	167	82
783	272	167	81
780	268	168	81
778	265	169	82
786	275	168	83
802	267	162	89
814	262	155	94
825	260	146	100
724	328	139	102
720	334	137	102
718	338	134	101
716	338	130	101
713	338	128	100
711	341	126	98
709	339	126	97
702	349	125	95
708	339	127	90
705	344	129	84
703	347	131	78
702	351	131	74
701	354	132	70
700	357	132	68
699	361	132	66
699	362	132	64
699	365	133	62
701	367	134	62
701	368	135	62
700	369	136	61
699	371	136	62
700	372	137	63
698	374	137	64
697	377	138	63
696	378	139	63
696	380	140	64
696	382	141	64
695	384	141	65
697	385	142	67
697	385	144	68
698	386	144	68
698	387	144	69
698	389	145	70
698	391	146	71
697	392	148	72
698	393	149	73
698	394	150	74
697	397	150	75
698	399	151	75
700	402	152	75
701	402	152	76
701	405	153	76
705	406	153	77
706	407	154	78
707	409	154	79
707	411	156	79
705	414	158	80
714	414	157	80
714	416	158	81
714	419	158	82
718	420	155	86
722	421	153	88
723	422	150	89
724	425	149	91
728	428	149	92
728	431	147	93
731	433	147	92
729	438	145	92
731	440	143	92
734	441	142	92
737	441	141	92
737	443	140	92
741	446	139	93
743	447	138	93
747	447	138	93
750	448	137	94
753	451	138	95
756	453	138	95
758	453	137	95
759	458	136	95
758	462	138	94
763	463	136	96
764	466	135	97
763	470	135	98
763	472	134	99
763	475	133	98
764	478	134	98
763	480	135	99
764	482	135	99
763	485	135	101
763	486	134	102
769	486	134	105
772	487	132	107
766	491	132	109
767	493	133	110
767	493	134	111
768	496	136	111
771	497	135	111
775	500	133	112
781	501	134	112
782	502	133	110
786	503	132	110
793	503	132	111
791	504	131	111
793	507	130	111
800	511	130	111
795	516	130	110
801	519	129	110
797	524	128	110
796	526	127	110
804	527	126	111
801	528	125	112
807	528	125	112
805	529	124	112
812	529	123	112
816	529	122	114
821	529	122	115
816	541	119	117
823	540	118	118
820	551	116	120
830	549	115	122
828	559	113	124
836	561	112	123
832	561	110	125
840	565	108	125
836	565	107	126
843	567	105	126
841	569	104	127
847	571	104	126
846	579	104	128
846	582	100	131
845	586	97	134
857	591	95	136
857	596	92	138
856	599	91	140
868	615	90	141
865	616	88	144
861	628	85	147
870	628	83	148
867	630	82	149
876	634	80	150
884	624	79	151
881	640	78	152
889	633	78	151
886	642	77	149
885	644	77	147
897	646	77	146
895	640	76	144
896	650	75	144
908	642	75	143
909	648	75	143
909	651	73	144
910	652	72	146
911	650	71	148
912	647	69	149
924	658	69	151
923	651	68	156
925	647	66	159
925	644	66	162
925	643	65	163
925	638	64	166
828	669	73	154
822	681	78	148
832	678	82	142
829	685	85	138
825	690	87	135
834	689	89	132
934	716	82	142
946	720	77	147
944	716	74	151
943	713	70	158
953	720	68	161
951	721	66	166
962	730	65	168
958	729	64	169
954	733	63	172
965	744	62	174
977	754	63	173
974	753	63	172
970	770	63	171
984	776	62	172
980	781	62	170
976	781	62	170
987	798	62	170
984	807	62	171
995	827	70	163
979	816	68	168
978	828	67	170
989	834	66	171
986	835	66	173
997	841	67	174
993	844	67	175
991	849	68	175
1003	854	70	176
1000	858	72	176
999	862	73	177
1012	869	78	174
1011	874	80	174
1011	877	83	173
1013	881	87	173
1015	892	90	174
1019	892	97	171
1021	894	99	172
1008	894	106	168
1027	899	111	166
1029	900	110	168
1029	899	111	170
1027	898	114	168
1011	913	115	167
1029	905	116	167
1039	900	117	166
1035	906	117	166
1003	779	120	164
1005	779	120	163
1004	757	119	165
1005	777	119	164
1007	775	118	164
1008	778	117	164
1009	780	117	165
1011	762	116	165
1030	782	116	165
1046	785	118	162
1028	787	116	163
1033	667	108	170
1035	667	104	173
1053	671	100	176
1053	667	97	179
1070	669	95	180
1071	671	92	182
1070	669	89	184
1086	670	88	185
1086	669	86	188
1086	666	84	188
1102	670	84	188
1102	670	84	190
1103	669	83	191
1102	671	83	192
1102	668	83	192
1119	672	84	193
1120	671	85	194
1121	672	86	194
1122	672	87	195
1144	669	88	196
1128	670	89	197
1114	668	88	200
1116	665	86	202
1118	665	87	203
1121	664	88	203
1122	663	89	204
1123	661	90	205
1124	662	91	205
1126	660	92	206
1127	660	93	206
1128	659	94	207
1128	658	94	208
1130	658	95	209
1132	658	96	210
1133	659	96	210
1135	657	97	210
1139	649	97	210
1140	653	98	210
1144	654	98	210
1146	657	98	210
1147	657	98	210
1149	659	98	210
1151	657	98	210
1154	646	98	209
1160	639	98	209
1168	644	99	209
1173	635	99	209
1157	643	99	208
1141	645	99	209
1165	637	99	208
1170	647	99	208
1155	637	100	207
1159	647	100	207
1182	640	100	207
1166	647	101	206
1168	654	101	206
1171	644	101	205
1174	650	102	205
1177	640	102	205
1160	647	102	205
1160	645	102	206
1159	646	102	206
1161	646	102	206
1162	647	102	206
1163	648	102	207
1164	650	103	207
1164	648	103	207
1184	649	103	208
1165	646	103	208
1187	637	103	208
1169	640	102	210
1189	647	102	210
1171	643	101	212
1172	640	100	214
1173	640	99	216
1173	638	99	217
1193	642	100	217
1196	632	101	217
1175	638	101	217
1177	635	99	220
1178	633	97	223
1179	632	97	225
1180	632	96	226
1181	631	96	227
1181	628	96	226
1182	630	96	226
1183	627	96	226
1006	556	105	211
1012	574	108	207
996	578	109	205
998	582	111	201
1000	587	113	198
1002	595	115	193
990	603	116	192
994	607	120	184
998	613	123	179
988	615	125	175
994	624	128	169
999	628	129	167
989	629	130	164
995	633	131	161
990	635	131	158
989	635	132	155
989	638	133	151
998	644	132	150
997	646	131	149
999	648	130	147
1003	651	130	146
1011	652	129	145
1017	654	129	145
1020	672	129	144
1025	674	129	144
1018	696	130	144
1023	698	130	143
1019	701	130	143
1019	704	130	142
1021	709	131	141
1023	716	131	141
1021	706	131	141
1022	714	131	141
1008	936	139	136
1003	943	147	132
999	944	154	130
999	940	159	126
990	942	163	124
984	935	163	125
991	931	165	124
984	931	164	126
988	925	165	126
992	920	164	125
976	922	159	130
976	921	156	134
975	912	150	138
971	910	146	142
953	899	141	147
956	897	137	150
956	895	134	153
955	892	133	153
956	889	131	154
957	887	130	154
955	887	130	155
955	884	131	154
956	885	132	154
953	884	133	152
954	882	133	150
955	881	135	148
948	879	136	147
950	880	136	147
944	878	135	148
942	880	134	150
938	881	132	153
942	880	133	154
933	882	132	156
930	879	134	156
926	882	136	155
922	884	137	156
918	885	138	154
913	886	141	153
912	887	143	152
905	887	147	149
901	888	151	145
897	890	155	142
901	890	158	140
893	888	161	137
891	884	163	135
890	886	165	132
891	886	173	124
880	887	178	119
878	888	181	116
871	888	182	114
868	888	182	112
863	888	183	111
858	887	183	111
853	889	183	112
846	888	184	112
840	886	185	112
835	887	187	112
833	884	189	113
831	885	191	114
829	884	193	114
829	885	195	113
826	885	197	113
825	885	198	112
825	886	200	111
824	887	202	110
818	886	203	106
813	888	204	103
808	888	203	100
804	888	202	96
801	888	203	91
806	888	201	88
802	891	199	85
794	891	198	82
802	894	196	81
793	896	196	78
791	900	195	77
792	902	194	77
791	904	193	76
787	906	194	75
788	907	195	76
789	907	195	76
786	909	196	75
790	909	196	74
786	909	195	73
787	911	195	72
787	910	194	70
786	910	193	70
784	909	192	68
785	909	191	67
783	908	190	66
783	909	188	67
784	907	187	67
782	904	186	69
781	903	185	70
782	903	186	71
782	902	187	72
782	901	189	73
782	900	190	74
781	900	191	75
779	901	192	76
778	901	194	77
777	901	196	78
775	900	197	78
774	901	198	79
773	902	199	79
770	903	200	79
769	906	201	80
768	907	202	80
762	908	203	80
760	912	202	81
761	913	202	81
757	916	201	82
758	917	201	83
752	919	201	83
755	921	202	84
754	923	202	84
751	926	202	84
754	929	203	84
755	930	203	83
750	933	203	82
752	935	203	82
752	938	203	82
752	941	203	82
754	944	202	82
753	945	203	83
752	948	204	83
754	951	205	84
753	952	207	84
754	954	206	84
754	955	206	83
754	957	206	82
754	955	205	83
754	956	205	84
757	955	205	85
764	957	204	85
761	954	200	88
770	965	196	91
775	963	195	91
770	958	193	93
778	970	192	94
771	964	188	96
779	964	186	97
778	962	183	98
783	976	181	98
777	950	173	105
780	960	168	108
781	956	164	111
780	951	161	115
782	950	159	116
782	951	157	118
782	953	156	118
781	953	156	117
780	953	155	117
783	952	154	117
780	952	153	116
786	952	151	114
787	951	150	113
790	950	149	112
795	950	147	112
799	949	147	112
799	948	148	112
800	946	149	113
800	944	149	114
803	945	149	115
799	941	147	116
781	939	144	118
776	937	140	120
784	935	137	122
770	931	138	124
773	931	137	126
773	931	136	129
729	918	143	130
719	917	144	135
728	915	150	137
735	914	155	138
727	908	158	142
742	899	164	147
745	891	167	154
747	889	169	161
747	885	171	167
746	879	171	172
748	876	169	177
748	872	166	181
750	870	164	183
751	871	164	185
750	874	163	186
753	881	161	187
756	877	160	188
759	875	158	188
755	875	157	188
760	873	156	188
759	870	156	187
759	871	158	187
759	870	159	185
771	873	161	184
769	885	162	184
769	880	166	180
764	882	168	179
768	890	169	178
763	886	169	178
765	892	170	178
749	884	168	179
751	888	164	182
751	886	163	181
744	884	161	181
758	886	159	179
755	885	157	178
752	886	156	176
753	887	154	175
768	891	154	174
767	887	153	174
764	887	154	173
762	886	154	173
763	885	155	172
764	885	156	171
763	883	157	169
759	878	157	168
756	878	156	168
753	876	154	169
750	873	154	170
746	870	155	169
757	874	155	168
748	867	155	167
741	867	156	165
737	866	157	161
728	860	158	157
733	861	159	154
727	856	162	151
735	854	160	150
731	851	160	149
741	851	158	151
748	852	157	151
737	849	156	153
748	848	154	154
758	846	154	153
748	844	153	154
741	841	152	154
736	838	151	155
741	847	149	156
738	841	147	158
745	837	144	160
736	846	143	161
745	842	141	161
740	836	139	163
743	834	137	164
748	829	135	166
748	839	135	165
762	820	133	167
759	833	133	168
756	841	134	167
755	851	136	165
755	841	137	166
699	813	140	163
702	820	143	161
749	826	143	162
741	824	145	161
761	823	146	160
749	829	145	161
765	822	147	158
764	825	148	156
766	819	149	153
765	819	150	148
766	819	150	145
765	828	149	145
765	822	148	145
766	818	146	145
765	812	144	145
765	804	141	147
780	815	143	144
780	808	143	143
779	815	143	143
778	806	141	144
777	813	141	144
777	800	140	145
793	806	141	144
776	807	140	145
791	793	140	145
790	800	140	145
758	801	135	150
791	785	135	149
804	786	136	149
803	760	136	149
800	778	137	149
800	750	137	148
803	743	137	148
806	735	137	148
812	728	137	147
624	560	148	133
629	565	153	128
637	553	154	126
632	561	158	122
637	566	161	119
634	577	169	107
638	587	172	100
640	593	174	96
645	598	174	94
657	602	174	94
665	602	173	94
668	605	171	94
681	606	169	94
687	607	167	95
694	609	166	95
707	600	164	94
711	606	164	92
716	611	164	91
720	611	164	90
725	612	165	87
732	613	165	87
735	614	166	85
738	616	168	85
740	618	171	84
745	620	175	83
747	622	178	82
750	623	180	81
754	625	184	79
757	626	186	79
768	628	188	77
769	629	190	76
769	630	193	74
775	633	196	72
784	634	197	72
799	636	199	72
800	637	199	71
807	639	199	70
822	640	198	69
833	641	196	70
836	641	195	70
846	641	194	69
866	641	187	72
874	642	181	73
880	643	178	74
888	645	172	76
894	647	172	75
892	648	173	75
897	650	174	74
900	653	175	75
904	656	175	75
910	659	175	75
910	660	176	75
918	659	176	76
927	660	175	76
932	661	175	78
942	662	173	78
953	661	170	81
958	660	169	82
963	660	168	83
960	662	168	83
970	666	168	83
980	682	166	83
984	684	163	82
994	687	162	81
995	688	160	81
1005	690	159	80
1008	692	158	80
1013	692	157	81
1017	693	157	80
1022	696	157	80
1019	697	159	81
1024	697	161	81
1034	698	161	82
1041	699	159	82
1049	710	158	82
1055	708	155	82
1056	719	155	81
1062	720	154	81
1064	722	153	80
1071	724	152	80
1079	728	150	80
1084	740	149	80
1084	740	149	79
1085	743	150	79
1087	749	152	78
1094	753	153	78
1098	757	152	77
1098	762	152	76
1107	764	151	77
1106	767	151	77
1108	769	151	78
1110	770	150	79
1113	772	150	79
1115	775	150	78
1117	778	151	78
1118	781	151	77
1131	785	151	77
1133	790	151	76
1143	791	150	76
1149	793	149	75
1149	795	148	75
1151	799	148	73
1152	802	147	73
1155	806	148	71
1157	809	148	71
1175	821	143	76
1180	819	139	79
1185	818	135	81
1190	817	132	83
1190	818	134	80
1192	819	136	77
1196	831	136	77
1193	832	137	77
1190	833	139	76
1189	836	140	76
1194	838	143	75
1210	837	143	74
1210	847	143	75
1213	845	142	75
1191	855	147	76
1197	854	151	77
1193	855	153	77
1192	857	157	77
1203	855	158	77
1215	853	157	77
1225	851	156	77
1235	851	154	77
1245	849	152	77
1368	819	143	85
1377	817	137	91
1378	813	132	95
1385	813	128	98
1386	810	125	100
1385	810	124	102
1386	809	123	104
1387	808	123	104
1390	808	122	106
1393	812	122	106
1393	807	122	106
1398	812	123	106
1400	810	122	108
1403	811	122	109
1406	812	122	110
1407	814	122	111
1411	811	121	110
1409	814	121	111
1413	817	120	111
1408	811	121	111
1406	817	122	112
1410	820	123	115
1405	813	124	115
1405	820	126	116
1409	816	127	116
1405	824	128	117
1396	820	131	119
1396	822	134	122
1393	820	138	124
1403	826	139	125
1402	820	139	125
1401	825	140	127
1402	821	141	126
1403	820	140	127
1402	823	140	128
1400	823	140	129
1399	823	141	130
1402	822	141	130
1403	821	141	130
1413	821	139	131
1414	827	138	131
1416	828	136	135
1419	832	137	135
1418	826	137	134
1422	831	138	136
1422	826	139	135
1426	831	138	136
1428	826	139	136
1432	832	140	136
1431	825	140	135
1508	858	144	132
1494	856	150	129
1481	878	161	121
1491	859	165	121
1496	872	167	121
1501	862	167	124
1509	871	167	126
1511	867	166	129
1514	881	166	128
1516	881	167	128
1505	876	168	127
1531	895	165	126
1536	896	162	126
1542	898	159	125
1548	902	156	124
1555	908	155	121
1563	914	155	118
1563	915	157	115
1565	916	161	109
1567	919	165	104
1571	923	170	100
1575	924	175	97
1573	924	181	95
1573	925	184	94
1579	929	187	92
1583	930	191	91
1585	932	193	92
1585	930	195	92
1589	932	196	92
1560	927	195	93
1568	926	194	94
1577	926	193	94
1556	923	191	95
1550	921	188	96
1563	919	186	97
1456	849	172	109
1458	847	163	117
1456	838	159	120
1466	837	154	123
1467	837	151	126
1466	837	149	128
1467	838	148	129
1468	840	147	130
1475	838	145	131
1476	839	145	132
1477	840	144	132
1476	841	145	133
1479	843	143	133
1480	845	142	134
1480	847	142	134
1490	854	140	135
1482	851	140	133
1493	858	139	134
1485	856	139	132
1485	858	139	132
1487	860	140	131
1487	862	139	131
1487	864	140	131
1486	865	141	132
1484	867	143	132
1484	869	143	133
1491	868	142	132
1492	869	142	134
1498	868	141	132
1496	871	141	134
1491	866	141	131
1488	870	144	130
1495	869	144	129
1495	870	144	129
1497	871	143	130
1504	869	143	128
1502	871	142	130
1509	868	141	128
1506	873	142	128
1512	870	141	127
1505	869	143	124
1506	872	143	125
1514	870	142	124
1513	875	143	124
1506	870	145	123
1518	877	143	125
1511	871	145	123
1522	878	143	125
1514	874	145	124
1521	875	144	123
1519	880	145	124
1527	878	145	123
1519	878	146	122
1531	885	145	125
1526	880	144	124
1533	882	144	123
1526	882	145	122
1538	890	144	124
1532	886	143	124
1525	883	145	124
1539	892	144	126
1534	885	144	126
1527	884	147	125
1540	893	146	127
1535	886	146	127
1529	885	148	126
1541	894	147	128
1534	887	148	128
1541	888	147	129
1537	893	148	130
1545	890	147	130
1535	889	148	130
1540	889	148	130
1535	894	149	132
1540	891	150	132
1532	891	153	132
1529	897	154	133
1534	894	155	134
1529	901	157	135
1535	898	157	135
1530	905	159	135
1535	904	159	136
1527	912	160	137
1536	910	160	137
1527	910	162	137
1536	925	162	137
1529	918	163	137
1538	931	161	138
1535	923	162	137
1532	932	161	137
1532	939	162	137
1537	937	162	137
1537	942	161	138
1531	943	162	137
1537	951	162	136
1530	950	162	135
1537	957	161	133
1529	960	161	132
1537	962	161	131
1464	900	157	135
1477	897	155	137
1477	908	153	139
1474	905	152	139
1471	916	150	141
1488	910	149	143
1489	924	147	143
1504	920	147	144
1484	929	147	145
1496	921	147	145
1487	931	148	146
1497	926	148	145
1514	926	148	144
1487	928	148	144
1494	939	149	144
1503	940	149	144
1490	944	150	143
1562	839	151	143
1544	833	154	141
1561	842	154	140
1577	855	151	143
1562	849	152	140
1572	865	154	140
1582	871	153	140
1592	880	152	142
1601	888	151	144
1596	894	152	143
1602	896	152	143
1609	901	152	141
1595	906	155	138
1594	911	162	131
1612	916	161	128
1621	920	160	128
1608	927	165	123
1630	931	161	122
1646	935	157	122
1684	940	154	123
1682	944	150	124
1680	958	148	123
1677	961	146	122
1561	937	144	124
1565	943	144	125
1571	950	143	125
1564	942	142	127
1573	951	141	126
1570	955	141	127
1581	972	145	122
1587	974	148	119
1597	980	155	113
1589	984	160	108
1591	986	162	106
