2067	393	142	81
2061	393	144	80
2058	393	145	79
2057	396	147	79
2051	398	148	79
2046	399	149	80
2045	399	150	80
2045	400	150	81
2042	401	153	82
2039	400	156	83
2037	399	157	84
2036	397	158	84
2042	395	158	84
2038	395	159	84
2037	395	160	84
2037	395	159	84
2039	395	158	85
2037	394	159	85
2038	393	159	85
2040	393	158	85
2035	405	157	85
2035	403	157	84
2036	403	157	83
2036	403	157	83
2037	401	156	82
2039	401	155	83
2038	401	154	82
2037	400	154	82
2040	400	154	82
2040	398	155	82
2041	398	155	82
2044	397	154	83
2044	398	156	83
2040	398	158	81
2038	398	160	81
2038	397	162	81
2038	396	163	81
2038	395	163	83
2040	395	163	84
2042	394	161	86
2035	394	164	84
2042	393	165	85
2043	393	164	86
2041	392	164	86
2038	391	165	86
2036	391	167	85
2037	391	170	85
2041	390	171	85
2047	389	170	86
2049	386	167	88
2050	386	167	89
2050	385	165	90
2050	383	164	90
2050	382	165	90
2045	382	166	89
2037	396	166	88
2037	396	168	88
2034	396	169	87
2031	397	170	86
2031	396	169	86
2030	395	169	86
2028	397	170	86
2028	396	171	85
2041	393	170	86
2038	393	171	87
2036	394	172	87
2032	394	173	87
2030	396	173	87
2031	396	174	87
2034	395	173	88
2031	394	173	88
2032	393	172	89
2033	393	171	90
2033	394	170	90
2031	394	170	89
2026	395	171	87
2024	396	172	85
2019	399	173	84
2013	401	173	84
2008	401	172	84
2006	400	172	84
2006	403	172	85
2018	403	173	84
2018	402	172	84
2018	404	172	85
2018	404	172	84
2019	406	172	83
2017	405	174	83
2019	406	173	83
2019	406	175	82
2032	404	174	83
2028	403	171	84
2025	403	171	84
2023	402	172	84
2026	403	172	84
2027	402	173	84
2028	402	173	84
2026	401	174	85
2025	399	175	85
2025	399	177	85
2024	399	179	84
2025	399	179	84
2024	400	178	85
2024	399	176	85
2025	399	177	85
2027	399	178	85
2029	399	177	86
2030	399	175	86
2029	399	174	87
2029	398	172	88
2023	400	175	86
2023	401	175	85
2018	402	176	84
2017	404	176	84
2004	403	176	83
2019	402	175	84
2019	402	174	84
2020	403	173	84
2018	403	174	83
2019	404	174	82
2020	403	175	82
2020	404	175	81
2021	403	174	82
2021	402	174	81
2019	403	175	81
2019	402	177	81
2019	401	178	82
2020	401	180	83
2036	385	180	84
2038	387	179	85
2042	386	176	86
2036	388	175	87
2039	388	172	88
2041	389	170	89
2044	387	169	89
2041	387	170	89
2039	387	170	89
2038	388	170	89
2036	389	171	88
2036	390	172	88
2038	390	170	89
2037	390	170	89
2038	391	170	89
2038	391	169	90
2039	391	168	90
2042	391	167	91
2041	392	166	91
2047	392	162	92
2045	392	163	90
2039	394	164	89
2036	394	164	88
2035	395	164	88
2044	394	163	87
2042	394	163	88
2044	393	163	87
2039	402	163	88
2039	400	161	88
2039	399	160	88
2038	399	160	88
2035	398	160	88
2034	398	159	88
2036	397	161	87
2042	397	162	86
2042	396	161	86
2042	396	160	86
2041	395	160	86
2044	394	159	86
2047	392	158	86
2048	393	158	85
2045	392	157	85
2045	392	158	84
2045	391	159	83
2046	391	159	83
2049	392	159	83
2047	391	157	84
2037	394	161	83
2036	395	162	83
2032	397	164	83
2030	400	164	84
2025	401	165	84
2024	403	167	84
2029	402	166	85
2028	403	166	85
2027	403	167	84
2022	404	172	82
2020	405	174	81
2021	405	175	81
2021	404	176	82
2022	402	176	83
2022	403	176	84
2024	404	175	84
2027	404	173	84
2030	403	174	84
2031	403	172	84
2033	402	171	84
2031	402	171	84
2032	402	170	84
2035	402	169	85
2032	399	169	86
2030	397	168	86
2031	396	168	86
2034	396	168	86
2037	395	167	86
2041	393	165	87
2040	392	164	87
2041	391	163	87
2040	392	163	87
2037	393	164	86
2033	395	166	85
2032	396	167	84
2031	398	168	84
2026	401	170	84
2024	403	171	83
2022	404	171	83
2024	405	172	82
2027	403	172	82
2030	404	171	82
2029	403	169	83
2026	404	170	82
2023	404	172	81
2023	404	174	81
2021	404	174	81
2019	404	176	81
2018	404	178	81
2018	403	178	81
2015	404	178	81
2017	405	177	82
2019	404	178	81
2017	403	178	82
2017	403	179	81
2016	404	180	81
2017	404	180	82
2018	402	179	82
2017	402	180	82
2017	403	181	81
2015	403	181	81
2018	402	181	82
2020	400	179	82
2021	400	178	83
2023	400	177	83
2025	400	176	83
2026	399	176	82
2029	398	175	83
2031	398	174	83
2035	397	172	84
2039	394	169	85
2043	392	167	87
2041	392	167	87
2039	393	167	86
2043	393	166	87
2038	393	165	87
2038	393	165	88
2041	393	165	88
2042	391	165	87
2042	391	165	87
2044	390	164	86
2042	389	164	86
2042	389	164	86
2044	390	164	86
2044	389	163	86
2041	389	164	85
2040	389	164	85
2040	389	165	85
2041	389	165	86
2042	388	164	86
2044	389	164	86
2044	387	162	87
2043	388	163	87
2043	388	163	87
2045	387	162	88
2043	386	162	88
2042	386	162	88
2044	386	162	89
2043	387	160	89
2045	388	159	90
2047	388	158	90
2044	390	159	89
2042	389	161	88
2038	388	164	87
2047	385	164	88
2045	384	164	87
2040	387	165	86
