776	331	135	99
775	327	132	99
769	337	131	101
759	346	131	102
747	360	131	102
745	360	131	103
734	367	131	103
715	383	131	104
702	391	129	104
699	395	126	105
689	393	122	104
683	395	122	102
679	397	122	100
676	397	121	99
656	394	120	98
637	400	117	98
620	394	114	96
618	399	112	95
595	393	110	93
571	387	108	89
563	385	103	88
565	391	100	88
540	385	95	87
524	383	94	86
504	386	94	84
495	388	94	83
480	388	95	81
460	384	100	78
437	382	103	74
436	386	104	73
418	381	105	70
403	376	104	68
401	372	102	68
400	372	101	67
396	370	98	66
393	366	99	65
392	362	103	65
390	361	106	66
394	355	111	67
393	353	113	68
391	353	119	68
389	353	123	69
393	350	129	68
405	348	132	68
432	346	132	67
433	346	131	67
455	343	131	66
479	339	131	65
503	338	131	66
502	338	131	66
518	337	132	67
536	335	132	67
553	332	132	68
553	332	133	68
565	332	133	68
586	335	133	68
616	346	131	68
621	346	129	68
656	347	127	68
676	345	123	69
691	338	116	72
691	340	110	75
709	332	104	77
724	339	99	76
749	343	94	76
751	340	90	76
772	353	87	74
794	360	85	72
821	364	81	72
829	361	79	72
838	362	80	73
838	365	80	73
844	367	80	74
845	371	81	73
853	372	82	73
861	373	80	74
867	380	79	73
871	383	77	73
886	393	71	77
900	401	66	78
905	409	60	82
908	415	59	79
906	415	57	78
897	417	57	76
890	414	56	75
890	419	57	74
879	426	64	69
864	429	70	66
844	431	81	63
839	432	89	60
812	430	98	58
782	422	104	57
753	418	108	57
751	416	109	58
730	416	112	58
706	416	116	58
686	418	119	59
685	416	121	60
669	417	124	61
648	416	126	61
619	416	129	61
618	414	131	62
566	381	124	71
544	382	125	71
516	384	127	68
509	383	128	66
474	392	126	66
443	390	126	66
414	390	127	64
410	388	129	63
383	399	130	65
359	414	133	66
329	410	133	68
323	392	135	71
294	389	140	73
268	383	145	76
236	378	153	78
233	374	159	79
196	371	158	82
163	368	161	84
135	370	164	88
126	371	170	91
107	372	179	93
81	370	184	95
46	371	192	96
41	372	197	99
19	372	203	100
-3	369	206	102
-13	363	198	104
-8	361	192	107
