1448	1026	172	53
1449	1023	170	53
1444	1024	170	53
1442	1026	169	53
1439	1020	168	56
1425	1017	168	58
1425	1016	169	59
1425	1016	170	60
1418	1014	172	61
1413	1013	174	63
1412	1013	174	63
1408	1010	176	65
1402	1010	177	66
1402	1009	180	67
1391	1006	181	68
1390	1004	182	69
1387	1004	182	70
1381	1000	182	71
1376	999	184	72
1377	998	184	73
1372	995	185	74
1368	994	186	75
1367	993	186	76
1354	990	188	77
1349	989	192	79
1345	988	196	80
1339	982	197	83
1337	981	199	83
1334	981	201	84
1328	977	200	85
1329	977	200	85
1329	977	200	85
1321	972	198	86
1321	970	197	86
1321	970	196	85
1309	964	194	86
1310	965	192	85
1310	965	190	85
1297	960	189	85
1297	959	186	86
1298	959	183	85
1290	954	183	85
1290	954	185	85
1290	953	186	84
1280	950	186	86
1278	949	185	87
1278	949	186	87
1269	946	186	89
1266	944	187	90
1267	945	187	90
1260	939	187	91
1257	937	187	91
1258	937	187	91
1248	933	187	93
1247	932	187	93
1248	932	186	93
1240	926	187	92
1238	924	186	91
1239	924	186	90
1230	918	186	91
1229	917	185	92
1228	916	184	92
1221	907	184	93
1220	904	183	93
1220	904	180	92
1214	901	181	92
1213	900	180	92
1212	899	179	92
1206	895	179	92
1205	895	178	92
1205	894	177	92
1198	889	175	93
1197	887	173	94
1197	886	171	94
1189	880	170	95
1187	877	170	96
1185	876	169	97
1173	871	170	97
1172	869	170	97
1173	869	171	97
1161	864	172	98
1159	863	173	98
1157	862	173	98
1151	852	169	105
1153	850	166	110
1154	848	163	113
1147	838	163	117
1147	838	163	120
1148	836	162	121
1140	829	163	124
1141	827	162	126
1140	825	163	128
1135	818	163	130
1134	817	163	132
1134	816	163	133
1125	802	164	132
1123	803	165	132
1119	801	165	132
1115	790	166	132
1114	790	166	133
1113	789	166	133
1102	779	168	134
1101	775	168	134
1103	775	168	134
1094	767	170	135
1090	763	172	136
1092	764	173	137
1078	753	172	141
1077	752	174	141
1077	753	175	140
1066	744	178	141
1066	741	178	142
1066	740	179	143
1058	732	181	144
1057	731	182	146
1056	730	183	148
1042	718	182	155
1045	715	181	159
1046	716	179	162
1036	701	179	166
1036	699	179	169
1036	700	179	170
1027	686	178	174
1031	688	178	176
1031	688	178	178
1020	673	178	182
1022	673	178	183
1023	671	178	185
1008	654	178	190
1007	654	180	192
1005	653	182	194
992	635	184	198
989	632	187	200
986	631	190	201
978	615	190	204
974	612	193	207
973	613	196	207
964	604	198	209
964	600	200	211
965	601	201	212
954	583	202	218
957	585	203	220
956	583	205	221
942	569	207	224
941	572	210	225
941	570	210	228
928	553	210	229
930	559	213	229
930	558	215	230
917	536	215	232
914	541	219	228
916	543	219	225
906	522	219	228
906	526	220	226
906	526	220	226
893	506	218	228
889	511	220	224
884	511	223	220
868	495	224	219
875	497	223	216
873	495	223	215
871	481	221	216
875	483	219	216
871	480	219	215
863	464	218	216
863	463	219	213
864	464	219	211
859	449	216	213
863	451	214	212
861	447	213	211
851	429	211	214
851	431	210	215
853	432	208	215
841	412	207	219
833	408	209	219
833	408	211	219
819	394	211	219
819	392	211	217
817	394	213	215
810	375	212	217
806	372	213	216
807	375	214	215
797	362	214	218
795	360	214	218
797	364	213	218
788	351	214	220
782	350	215	218
781	351	216	217
767	334	215	220
770	335	215	220
770	335	215	220
767	317	212	222
765	317	210	223
765	317	209	222
757	292	207	224
757	293	206	224
757	291	205	225
746	271	206	227
742	272	207	225
740	274	208	224
727	257	207	226
724	255	208	225
724	256	209	222
709	235	210	223
703	232	213	220
705	236	213	218
692	217	216	220
687	211	219	217
689	214	222	215
671	200	227	214
675	198	228	214
674	198	228	213
663	185	229	215
666	184	228	216
665	183	228	216
645	164	233	217
635	156	237	217
639	157	242	219
610	142	251	220
593	135	258	217
603	135	260	219
585	124	263	216
592	122	264	217
577	123	267	215
587	113	266	219
575	109	266	218
584	110	265	221
574	97	262	221
569	95	260	221
568	96	259	221
554	78	257	223
552	75	255	223
550	75	254	224
540	64	252	226
538	58	252	227
550	57	249	228
536	45	245	236
530	41	245	240
523	40	247	243
528	29	246	250
513	24	247	255
521	26	248	260
496	-3	254	249
501	3	255	243
503	3	258	236
487	-11	258	230
494	-1	256	226
499	1	253	222
487	-7	252	219
492	0	248	216
485	-9	248	213
479	-18	253	202
474	-3	250	200
484	1	246	198
475	-9	243	195
484	-17	246	185
488	-10	246	179
463	-24	251	169
479	-13	249	162
473	-10	248	159
470	-22	255	148
465	-14	253	142
467	-10	250	138
455	-25	256	127
451	-19	260	118
449	-14	262	111
445	-13	261	109
444	-12	261	106
441	-11	260	102
448	-11	261	100
