837	102	43	44
838	113	44	44
839	126	43	44
838	144	43	43
837	156	43	43
838	168	43	42
839	180	42	42
840	191	42	43
840	204	41	42
843	214	40	41
845	224	39	41
847	234	39	41
847	242	39	41
849	252	38	40
850	258	38	40
853	265	38	41
854	274	39	41
854	282	39	40
857	287	38	41
860	298	38	39
862	304	38	40
864	310	38	40
865	316	38	39
867	321	38	39
869	327	39	38
871	333	39	38
873	339	39	38
876	344	39	37
877	349	40	37
879	353	40	36
882	359	40	35
884	365	40	34
885	367	40	33
888	371	40	32
890	372	39	31
893	374	39	30
893	377	39	30
895	378	38	29
896	381	39	29
897	383	39	28
898	385	40	27
899	388	41	25
898	391	42	23
899	394	43	21
899	396	44	20
898	398	45	19
899	398	45	17
898	399	45	17
898	399	46	16
898	400	46	16
897	401	46	16
897	401	46	16
896	401	46	15
895	401	47	15
894	401	47	15
895	402	48	15
894	402	48	15
894	403	48	15
896	403	48	15
896	404	47	15
895	404	47	15
895	404	46	15
896	405	45	16
897	406	44	16
898	407	44	16
898	407	43	16
898	408	43	16
898	409	43	16
897	410	42	16
897	411	42	15
896	410	42	15
896	411	43	15
896	411	43	15
896	411	43	15
896	412	43	15
896	412	43	15
895	412	44	15
895	412	44	15
895	412	44	15
895	413	44	15
894	413	45	15
894	412	45	16
893	411	45	16
894	410	45	16
894	409	44	16
894	408	44	16
894	408	44	16
895	407	44	16
895	406	44	16
896	405	44	16
895	403	44	16
895	402	44	17
895	400	44	17
896	399	43	17
896	397	43	17
896	396	43	17
896	394	43	17
897	393	42	17
896	392	42	17
896	390	43	17
896	389	42	17
896	387	42	18
897	385	42	18
896	384	41	19
897	383	41	19
898	382	40	19
898	381	40	19
899	379	38	20
899	377	37	20
900	376	36	21
904	371	36	21
905	370	36	21
905	369	36	21
906	368	35	22
905	367	36	21
906	366	36	21
906	365	36	21
906	364	36	21
906	364	36	20
907	363	36	20
909	358	37	20
910	356	37	20
911	355	37	20
912	353	38	21
913	350	37	21
914	347	37	23
915	345	36	24
916	343	36	24
918	342	37	25
918	341	37	25
918	341	38	25
918	340	38	26
919	339	39	26
919	338	39	26
919	338	40	27
919	338	41	27
919	337	41	27
920	336	42	28
920	335	43	28
920	335	44	29
920	334	45	29
920	333	47	30
920	333	48	30
921	333	50	30
920	332	51	30
920	332	52	30
921	332	53	30
920	332	54	30
922	332	54	30
921	331	55	30
922	331	57	30
921	331	58	30
923	331	60	29
924	330	61	29
924	330	62	29
924	329	64	30
925	329	65	30
925	330	66	31
925	330	66	31
925	329	67	32
925	329	67	32
924	328	67	33
924	328	66	34
923	328	66	34
922	327	66	35
921	327	66	35
922	326	68	35
923	326	69	35
924	326	71	35
927	325	71	36
919	330	72	36
919	330	72	36
922	329	73	35
924	329	73	35
936	328	70	35
938	328	67	36
941	329	64	36
940	336	63	35
939	337	62	34
941	338	61	34
945	312	58	38
944	308	56	39
942	307	55	39
941	308	53	40
939	307	52	40
938	308	51	40
935	309	50	39
934	308	49	37
930	309	48	37
927	308	46	35
926	310	46	36
923	311	46	36
921	310	46	36
918	311	47	36
914	312	47	36
912	312	46	36
908	312	45	36
905	312	44	36
902	311	43	35
899	308	42	35
896	307	41	36
893	306	40	37
891	307	39	38
889	307	39	39
888	306	39	39
885	305	39	40
883	306	39	41
881	305	39	41
878	305	39	41
878	305	39	41
875	305	39	42
873	305	40	42
863	305	42	40
851	306	47	37
843	306	53	35
837	307	58	33
835	308	63	32
831	310	66	31
830	311	69	30
828	312	71	30
825	312	74	31
822	314	77	31
819	314	80	32
818	315	83	33
815	315	85	34
812	315	87	36
809	314	89	38
807	313	91	39
804	314	93	41
801	312	95	42
797	312	97	43
793	313	99	44
788	315	98	46
784	317	96	48
777	321	94	51
770	324	90	54
767	326	89	55
763	328	89	56
759	330	89	57
758	330	86	60
758	331	84	62
751	334	84	64
748	337	83	67
745	341	83	69
738	343	84	71
736	344	85	71
734	346	87	71
732	346	89	70
729	347	92	70
726	348	95	70
724	350	97	70
721	351	99	70
720	354	100	70
718	354	101	70
719	357	101	70
717	360	102	69
715	362	101	70
714	363	101	70
713	364	102	69
711	365	102	69
706	366	103	69
702	366	104	70
697	367	105	70
700	366	107	70
692	377	107	70
694	377	109	69
683	380	101	75
681	382	94	79
680	387	89	81
680	390	86	82
679	392	83	83
679	393	81	84
677	396	79	85
676	397	78	86
675	401	78	85
672	405	77	85
671	408	77	84
670	412	76	82
669	411	77	81
668	411	76	82
665	413	75	82
663	413	74	82
660	416	73	82
659	417	72	82
656	420	71	82
654	425	70	80
653	427	69	80
651	430	67	80
649	434	66	79
647	437	65	78
645	442	63	78
643	445	61	78
641	448	60	77
644	450	59	74
644	452	60	72
645	453	60	69
645	454	60	67
646	456	61	65
645	457	61	65
641	455	62	66
641	454	62	66
640	443	61	67
634	440	59	66
628	443	57	65
623	447	55	65
627	450	50	69
622	456	46	72
624	461	43	75
608	482	44	72
608	477	44	71
615	485	45	68
607	490	46	65
624	503	42	68
630	498	40	67
630	499	37	68
630	502	35	67
631	506	34	65
632	508	32	65
632	511	30	64
633	507	29	65
632	510	28	65
633	509	27	65
635	518	29	63
634	521	29	61
632	524	28	61
631	527	28	59
631	531	29	57
630	536	29	55
633	539	29	54
628	537	31	53
629	543	32	51
629	545	32	51
631	545	32	51
632	546	31	51
662	568	33	50
664	569	36	48
665	571	38	47
662	573	40	47
663	574	42	46
660	576	43	47
661	578	44	47
662	581	45	47
661	582	46	47
657	586	47	48
658	586	48	48
658	588	49	49
658	588	49	50
657	588	50	51
655	589	51	52
654	588	51	54
653	593	51	55
651	597	52	54
650	600	52	53
650	603	52	53
649	604	51	53
648	607	50	52
649	609	49	52
650	610	48	51
651	608	47	52
651	607	47	53
652	606	46	54
653	606	46	55
654	607	46	56
655	609	46	56
657	611	46	56
657	609	46	57
656	610	47	56
651	609	47	57
652	607	46	58
655	606	47	59
650	606	47	59
656	608	47	58
654	611	48	57
655	612	48	55
656	611	47	56
657	612	48	55
661	609	48	55
660	614	49	53
658	615	48	52
663	615	48	52
665	611	49	51
663	612	49	50
663	612	50	50
670	608	51	48
671	604	54	45
674	600	56	42
679	606	55	42
683	603	55	42
686	602	54	42
689	599	54	42
691	593	56	40
692	589	58	38
692	588	60	37
690	588	60	36
692	586	60	36
694	584	62	36
696	578	63	36
697	577	64	35
701	574	65	35
701	572	65	35
700	571	65	35
703	568	65	35
706	566	65	35
709	563	65	36
712	560	66	36
712	557	66	37
714	556	66	37
718	551	67	38
720	551	68	38
726	546	69	38
725	546	69	39
724	545	69	39
726	540	69	39
729	539	69	39
729	537	69	39
733	535	69	40
737	533	71	40
737	530	72	41
737	529	75	41
739	527	76	42
740	525	76	43
741	523	77	43
741	520	77	43
744	517	76	44
746	515	75	45
748	515	74	45
753	507	70	48
759	504	66	51
762	503	62	52
766	503	60	53
768	517	58	55
800	521	61	55
798	522	63	54
798	523	65	53
796	525	68	52
794	528	69	51
790	528	69	50
788	527	69	49
786	523	69	48
784	519	68	48
784	521	69	47
786	524	72	43
784	526	75	41
782	528	77	38
781	529	79	37
779	528	79	36
780	529	79	36
778	527	78	36
779	528	76	37
780	528	74	38
779	524	73	38
778	525	71	39
778	525	70	39
777	524	68	40
777	523	67	40
772	523	65	40
772	524	64	40
771	527	61	41
766	527	60	40
766	527	57	41
765	527	54	41
765	529	53	41
762	529	53	40
762	529	54	39
761	529	53	38
758	528	53	38
755	529	53	37
754	529	52	37
750	529	52	36
750	528	54	35
749	533	54	35
746	532	55	34
745	531	57	35
743	530	59	35
741	528	61	35
739	529	63	36
736	529	65	37
735	529	68	37
732	528	70	38
730	528	72	38
730	528	73	38
728	528	76	38
727	528	78	38
725	528	80	38
725	527	83	38
724	527	84	38
722	524	86	38
720	521	87	39
718	519	87	39
716	517	89	39
713	515	91	39
711	513	91	39
710	513	92	40
706	512	92	40
701	510	92	41
699	508	91	43
696	504	92	45
694	503	92	47
691	500	93	47
688	498	92	48
686	496	92	49
685	495	86	53
683	490	82	54
681	485	77	58
680	483	73	62
680	482	71	64
678	482	71	64
684	476	71	63
681	478	72	63
679	480	73	63
682	483	74	64
674	483	76	63
670	476	83	59
665	478	88	56
652	479	90	54
649	490	94	49
648	490	97	47
646	491	100	45
644	490	102	44
644	490	104	42
643	490	106	42
641	490	108	41
639	489	109	42
639	488	110	41
639	489	111	41
637	490	112	41
634	490	112	40
633	491	111	40
633	490	110	40
633	491	110	39
634	489	109	41
627	494	106	43
633	493	104	45
632	494	101	47
616	480	94	52
611	467	88	55
607	460	86	55
609	462	85	55
603	469	81	55
604	469	79	53
601	470	76	53
604	472	74	52
604	476	71	52
604	477	68	52
603	478	66	52
604	472	66	50
598	474	68	49
596	475	69	48
593	476	69	48
592	476	70	47
589	474	71	45
586	474	72	44
586	472	74	43
584	472	75	42
582	472	76	41
582	473	76	41
581	473	76	42
581	473	76	43
581	473	77	43
578	473	78	44
574	474	82	42
569	473	83	41
564	472	84	40
558	470	84	39
556	469	85	38
553	469	86	36
549	470	88	34
545	471	90	32
541	471	93	31
541	476	93	31
535	475	95	31
535	475	97	30
530	476	98	30
524	477	99	29
521	478	100	29
517	478	101	29
514	479	103	29
510	480	103	29
507	481	103	30
504	482	104	29
500	484	105	29
500	485	105	28
491	486	105	28
486	487	105	28
482	489	104	28
481	491	104	28
478	492	104	29
477	494	103	28
477	495	104	28
473	497	105	28
470	498	106	28
467	499	107	28
463	500	107	28
461	501	107	28
459	502	107	28
455	502	108	28
453	504	109	28
450	505	109	28
449	506	108	28
447	507	108	28
442	508	108	28
440	509	106	27
434	511	105	27
432	512	105	28
429	514	104	27
425	515	104	27
423	516	103	27
421	516	102	27
416	518	101	28
409	520	99	28
406	522	99	28
402	524	99	28
396	525	101	28
392	526	102	29
387	527	104	29
385	527	107	30
382	528	109	30
375	529	109	31
371	529	112	31
369	531	115	32
365	533	117	32
364	534	119	32
362	534	120	32
358	535	121	33
357	535	122	34
353	536	123	34
350	536	126	35
346	536	128	36
342	537	130	36
338	538	132	37
333	539	134	37
330	539	135	38
330	539	135	39
327	539	134	40
325	538	134	41
322	538	133	42
320	538	133	43
318	538	133	43
313	541	132	42
307	541	132	43
305	543	132	42
301	544	132	41
300	544	132	41
295	545	131	40
294	545	131	40
293	545	131	39
290	546	133	38
289	548	133	37
290	550	131	37
290	551	131	37
293	552	130	36
294	551	129	36
294	552	126	37
291	552	123	38
293	552	119	40
295	552	116	41
297	553	111	43
298	552	108	43
300	552	105	44
298	554	101	44
296	554	97	45
301	553	91	48
297	552	82	53
296	549	74	58
290	541	70	60
289	539	67	61
295	535	64	62
301	533	61	65
306	527	59	64
309	526	58	64
309	526	58	63
310	525	57	62
312	524	59	61
314	526	60	60
314	528	62	58
314	529	65	57
318	528	66	57
319	526	67	56
321	523	69	55
325	520	71	54
327	515	73	53
327	512	75	53
330	510	76	53
331	508	78	53
335	507	79	53
337	505	80	53
340	505	83	53
341	504	83	53
344	504	84	53
349	503	86	54
351	502	87	55
354	501	89	56
351	500	91	57
356	501	91	58
357	503	94	56
359	504	94	57
363	505	92	57
364	507	93	57
365	506	93	57
368	504	92	57
370	499	91	56
373	495	91	56
374	491	91	56
376	489	92	56
378	487	91	56
379	487	93	54
379	486	94	53
380	486	96	53
381	485	97	52
383	484	96	52
381	482	96	53
378	480	97	53
379	479	96	53
381	479	96	54
374	472	96	52
385	482	97	52
380	474	98	51
376	474	98	50
369	475	96	48
357	486	89	54
375	471	89	51
368	472	87	48
370	472	85	46
372	472	83	44
374	472	80	43
375	472	76	43
378	474	75	41
373	476	74	39
372	478	74	38
374	478	73	37
376	481	71	37
378	484	70	36
384	485	67	37
389	483	62	41
391	479	60	41
396	481	58	41
394	482	56	41
398	480	53	44
400	477	50	45
402	475	49	47
403	473	47	47
405	473	47	48
405	471	46	48
406	472	45	48
404	470	44	47
402	467	44	47
408	462	44	47
413	462	44	47
411	457	44	45
419	452	42	45
418	458	41	45
418	458	40	45
416	452	40	43
421	446	39	44
422	445	37	44
427	439	36	44
427	439	35	44
429	441	34	44
429	438	34	43
429	440	33	43
430	437	33	43
430	434	33	42
430	434	33	42
429	434	32	41
428	434	32	42
424	435	31	43
424	431	31	43
421	432	31	43
420	431	30	44
422	432	30	45
422	428	30	45
423	429	30	45
423	429	31	46
425	423	30	44
424	424	29	44
425	426	30	43
425	427	31	44
426	430	31	43
426	424	31	44
426	423	30	45
425	421	31	45
423	417	33	45
420	414	34	46
418	410	36	45
416	408	37	43
412	407	39	42
409	404	41	40
407	401	43	37
403	400	45	35
401	400	46	33
400	399	47	32
399	397	48	31
399	396	49	30
397	397	50	29
396	395	51	28
395	395	51	28
394	395	52	27
393	395	53	27
393	396	54	26
392	395	56	26
390	395	58	26
387	395	58	27
385	395	57	28
383	394	56	28
380	393	54	28
377	389	53	27
375	389	52	26
374	388	51	25
373	389	50	25
374	388	49	25
372	387	48	24
371	385	47	24
370	379	46	23
369	378	46	23
368	376	45	22
367	375	45	22
366	373	45	22
365	371	45	22
363	369	44	22
364	367	44	22
366	366	44	22
366	364	45	22
365	363	45	22
369	361	46	23
369	360	47	24
368	359	49	25
366	358	50	25
366	357	51	26
365	358	51	26
366	359	50	26
363	359	49	26
363	359	48	26
363	358	48	25
363	354	46	27
361	351	44	27
361	349	43	27
363	347	41	26
363	347	40	26
364	347	38	26
364	347	37	26
363	351	36	25
362	345	34	26
362	344	32	26
367	342	30	26
367	340	29	26
368	339	28	25
370	339	27	24
371	339	26	24
375	337	25	24
374	338	24	24
376	338	24	23
376	337	24	23
376	336	24	23
376	333	24	22
377	332	23	22
381	330	22	23
383	329	21	23
384	328	21	23
384	328	21	22
385	327	21	22
387	327	21	21
388	327	22	21
389	327	23	20
388	326	23	20
387	326	23	20
388	326	23	20
388	326	24	20
388	326	24	20
387	325	26	20
387	326	26	20
389	325	26	21
389	325	26	21
389	324	27	21
391	324	27	20
395	325	25	22
398	325	23	23
399	325	22	24
400	324	21	24
404	324	20	24
404	323	20	24
407	324	20	24
409	323	20	24
410	319	21	23
410	319	23	21
414	319	22	21
415	320	22	20
415	320	21	20
415	321	21	20
414	320	20	20
414	319	19	20
416	320	18	19
414	320	18	19
415	319	17	19
415	318	17	19
415	318	17	19
417	320	16	19
416	320	16	19
415	319	17	19
415	315	17	20
415	315	17	20
415	314	18	20
413	313	18	20
413	314	18	20
414	317	18	20
414	318	19	20
416	326	19	19
414	325	19	19
414	324	18	20
414	324	18	20
413	325	17	20
411	316	17	20
406	300	18	20
406	299	18	20
406	296	18	19
404	292	18	19
402	289	19	19
404	286	19	19
403	288	19	18
403	287	19	18
404	288	21	16
403	288	22	15
402	288	23	14
401	287	23	14
399	287	24	15
398	286	23	15
396	284	21	17
393	281	20	18
388	284	20	19
385	281	18	20
382	272	17	21
384	267	17	21
382	266	17	20
380	253	16	22
381	247	15	23
380	246	15	24
378	248	16	23
377	241	16	23
376	240	17	23
374	237	17	23
372	237	18	22
374	235	19	22
374	234	19	22
374	238	19	22
373	241	20	21
372	225	19	22
370	224	19	22
373	223	19	23
370	220	18	24
368	216	17	25
368	212	16	26
370	209	16	27
370	208	15	27
369	204	15	28
368	200	15	28
367	197	15	28
367	196	16	28
367	194	16	29
367	192	16	29
367	192	16	28
367	192	17	28
366	190	17	28
366	189	17	28
365	190	18	27
365	190	19	28
362	190	20	27
366	193	20	27
368	195	20	27
361	183	21	26
368	179	22	26
371	178	22	26
373	176	22	26
374	175	23	26
374	174	23	27
374	173	23	27
375	172	23	28
376	170	23	28
377	170	23	29
380	169	22	29
380	168	22	29
378	169	23	28
378	173	24	28
382	173	23	28
383	169	23	28
387	166	23	28
387	161	22	28
391	159	22	27
391	159	22	27
391	157	21	27
392	153	21	27
392	152	22	27
393	150	22	27
394	150	22	27
396	148	22	27
396	148	22	26
398	146	22	26
398	145	22	26
398	144	23	25
399	143	23	26
398	144	24	26
400	142	23	27
403	137	24	27
401	135	23	27
401	139	23	27
401	140	24	27
402	143	23	28
406	151	23	28
408	142	22	29
413	123	23	28
410	119	23	27
413	122	24	27
426	96	25	26
424	90	26	27
424	91	26	27
424	88	27	28
424	86	27	28
418	82	25	30
416	75	24	32
401	59	24	31
397	52	25	31
398	50	26	30
398	48	27	30
397	46	27	30
397	44	27	30
396	42	27	31
396	40	27	31
395	39	26	32
399	39	26	31
397	39	26	30
398	36	25	30
398	37	25	29
401	38	25	29
401	38	25	27
400	36	25	26
400	36	24	26
423	51	27	23
424	55	28	22
424	52	29	21
423	52	30	20
426	53	31	19
425	53	32	18
426	53	32	18
427	53	33	18
429	49	33	17
431	49	33	17
431	50	34	17
432	49	35	18
432	49	35	18
432	46	35	18
430	43	34	18
432	43	35	18
432	42	35	18
440	37	34	20
434	34	33	22
430	27	34	21
428	33	33	22
