1417	650	274	377
1401	629	280	381
1397	602	286	388
1394	596	291	398
1400	597	295	401
1398	594	300	404
1398	588	304	406
1394	586	308	407
1391	586	312	407
1391	585	313	408
1398	581	311	409
1404	579	309	410
1414	580	305	411
1419	580	300	416
1429	582	292	423
1438	580	285	428
1450	581	278	433
1455	580	274	437
1458	581	273	438
1461	581	273	438
1461	582	275	437
1464	581	276	437
1465	577	279	439
1465	573	280	443
1463	568	281	448
1464	562	282	453
1461	566	285	454
1461	562	287	457
1465	565	289	459
1468	564	292	460
1469	566	294	461
1470	570	297	462
1470	569	299	468
1469	567	299	473
1472	565	300	478
1472	565	301	484
1473	567	302	491
1471	568	301	494
1474	566	301	497
1473	567	302	501
1472	567	304	504
1471	568	306	510
1469	564	308	514
1468	566	310	517
1461	571	315	515
1460	573	318	513
1462	572	320	514
1457	571	323	515
1453	574	327	515
1451	572	332	516
1446	570	335	519
1442	571	340	519
1441	570	345	519
1430	572	352	519
1426	570	358	521
1419	566	365	524
1416	562	374	526
1409	561	383	528
1416	558	388	529
1400	573	409	520
1391	563	425	517
1398	568	433	510
1379	565	445	511
1371	562	454	513
1360	568	461	513
1351	572	469	510
1336	578	478	502
1319	592	490	493
1329	590	496	491
1331	597	503	486
1336	591	506	488
1336	592	512	489
1340	601	520	483
1345	600	530	483
1346	599	535	483
1349	596	539	483
1349	590	541	487
1346	577	540	493
1336	572	540	496
1237	609	548	485
1202	620	558	477
1192	625	567	469
1185	627	577	462
1177	624	583	457
1163	620	589	455
1155	629	596	452
1186	610	591	459
1161	621	595	458
1180	613	595	458
1150	638	603	450
1137	649	615	443
1122	672	630	434
1117	671	646	425
1104	677	665	418
1093	678	684	411
1112	668	696	408
1088	684	711	402
1073	688	729	397
1095	693	746	392
1013	712	775	380
1042	718	798	373
976	731	825	364
1047	147	826	373
1050	141	826	378
1055	136	828	382
1065	128	831	383
1072	130	836	386
1078	122	841	388
1086	118	846	390
1089	115	849	388
1094	111	851	386
1093	103	853	384
1094	101	854	384
1095	101	853	383
1098	94	855	385
1101	87	858	386
1097	85	858	390
1100	79	858	390
1106	71	856	395
1102	65	853	400
1105	63	853	405
1112	55	846	410
1123	50	838	414
1130	41	825	416
1148	34	815	414
1160	33	801	413
1171	30	789	412
1185	20	775	410
1204	17	760	406
1225	11	745	401
1234	17	733	397
1243	18	722	392
1253	16	711	386
1263	17	698	385
1272	17	688	383
1282	18	678	379
1293	9	668	377
1300	14	657	372
1305	14	650	366
1315	12	640	360
1320	10	633	354
1323	11	627	346
1334	12	622	338
1342	13	615	332
1352	14	604	330
1355	16	596	326
1371	20	584	321
1391	22	568	319
1408	22	553	318
1423	24	537	317
1438	24	523	314
