432	85	841	896
427	133	841	890
406	145	831	874
431	156	835	864
409	131	825	869
435	172	837	851
405	127	843	851
419	146	858	846
410	127	855	849
428	139	855	873
413	161	845	853
423	173	844	843
443	154	855	842
455	212	854	813
455	149	855	827
458	182	851	812
475	178	868	810
459	194	862	805
448	194	850	801
446	157	841	830
450	163	845	831
449	106	843	868
436	114	842	889
420	104	850	901
428	99	862	914
420	114	860	925
421	95	861	935
435	108	856	926
425	114	846	938
434	96	857	936
452	101	855	949
443	99	848	956
469	118	835	951
455	123	828	946
435	137	820	936
458	138	812	930
449	151	797	918
446	142	787	919
454	150	781	919
447	159	777	919
454	152	775	914
445	166	768	911
453	136	766	919
434	139	772	932
440	134	786	938
437	144	781	934
431	142	784	931
441	134	794	935
427	134	801	940
453	135	800	938
462	119	805	946
457	129	807	947
452	122	815	950
457	111	825	957
456	119	825	956
462	118	819	954
463	119	822	958
463	121	820	956
462	122	819	959
480	127	817	958
476	121	818	958
476	121	818	961
480	113	819	965
484	111	816	963
489	105	812	964
488	111	814	963
482	97	810	968
483	110	812	968
486	100	814	971
487	105	817	973
488	74	825	990
486	75	838	997
484	58	855	1013
478	51	864	1023
485	63	866	1020
488	71	867	1019
488	76	864	1015
487	70	864	1013
484	57	868	1023
476	46	880	1030
479	65	879	1027
483	64	876	1028
469	74	871	1021
478	73	868	1021
479	66	869	1030
479	56	867	1031
484	75	866	1022
479	61	863	1027
473	66	858	1022
446	63	860	1020
457	63	865	1014
464	52	874	1022
452	58	872	1020
451	50	879	1028
439	70	880	1019
428	79	878	1013
421	58	885	1022
425	60	892	1025
433	64	887	1021
426	61	891	1027
416	57	896	1032
410	54	899	1036
416	74	889	1026
394	66	888	1028
378	57	895	1029
376	71	895	1026
384	68	893	1025
415	86	881	1020
414	77	876	1021
400	59	881	1030
421	66	876	1027
391	60	876	1030
388	65	871	1026
377	52	876	1032
340	57	878	1029
337	84	874	1015
331	86	871	1004
332	98	867	998
324	73	868	1002
310	76	868	1002
303	96	862	992
288	105	860	989
275	94	858	986
262	69	863	996
234	84	868	997
230	60	875	1003
212	85	873	1002
202	85	877	1007
186	93	877	1004
173	80	878	1011
155	80	884	1014
135	61	888	1023
129	67	888	1020
129	74	885	1009
130	54	892	1009
138	77	889	1003
128	80	894	1005
133	74	901	1007
135	91	896	1006
141	73	899	1011
135	80	899	1009
140	77	902	1010
129	67	898	1012
140	93	890	1003
127	76	896	1008
128	88	893	1001
130	92	892	995
140	94	888	988
145	85	892	990
148	93	883	988
173	72	891	999
167	95	879	990
182	111	869	981
189	93	864	980
196	113	857	975
192	112	855	974
205	149	840	955
192	137	841	958
210	126	839	955
210	132	831	949
200	131	828	944
218	153	817	937
223	135	817	942
238	145	813	937
230	143	807	935
222	161	808	928
214	185	801	911
224	180	796	909
224	178	831	898
218	196	849	886
197	211	860	868
207	200	875	867
168	237	884	855
176	251	893	840
158	224	898	842
154	220	908	842
155	223	911	843
142	231	915	839
153	215	941	846
158	234	938	844
146	231	933	842
153	231	932	837
169	245	927	826
171	252	918	820
145	251	922	818
171	225	941	825
177	221	935	830
183	224	943	830
181	222	934	832
198	227	924	833
159	229	933	836
152	210	945	845
138	210	951	849
143	233	937	839
134	215	944	842
128	206	951	849
133	209	968	848
113	224	981	845
115	199	1000	852
102	208	1001	855
106	227	999	847
108	221	1013	848
122	213	1019	848
99	211	1032	846
97	232	1045	838
89	253	1053	822
75	261	1072	821
53	263	1075	819
48	260	1062	817
38	247	1065	821
38	251	1054	824
24	253	1063	816
2	253	1070	814
-4	247	1081	815
19	228	1082	831
25	220	1082	847
20	194	1090	860
-9	195	1076	868
4	183	1071	878
0	190	1082	883
-42	185	1092	876
-37	131	1059	910
7	133	1068	920
-17	124	1057	936
-14	126	1061	940
6	131	1081	933
14	114	1087	939
-2	99	1071	949
-3	114	1079	943
-35	90	1049	955
-10	118	1041	948
-14	128	1045	942
0	111	1045	935
0	128	1038	931
16	123	1063	925
-18	130	1067	926
-16	145	1077	923
-2	146	1094	921
-14	129	1097	922
-1	138	1114	916
-8	129	1108	918
-7	148	1113	908
2	140	1119	912
-18	144	1124	911
0	140	1121	918
-20	146	1109	914
4	154	1118	913
7	153	1143	909
-29	144	1127	916
-49	149	1122	920
-69	139	1085	928
-37	136	1065	931
-34	144	1059	924
-42	139	1037	923
12	158	1025	915
-46	138	1003	920
9	146	1011	912
0	136	1012	917
-20	123	1000	923
-8	110	985	928
26	123	998	929
13	118	993	931
13	113	990	927
22	133	990	922
89	120	1027	919
-2	118	1025	923
60	113	1052	918
16	95	1054	932
54	104	1068	937
105	79	1083	951
11	85	1076	955
65	78	1083	962
110	60	1082	981
36	58	1068	987
-19	54	1058	999
22	52	1060	1005
-5	84	1051	991
-28	97	1042	983
-12	97	1022	974
-30	77	1016	977
-26	95	1011	968
-27	56	998	976
-13	61	986	972
3	47	986	977
-5	33	981	993
-11	11	981	1011
-25	3	961	1020
-48	9	937	1033
3	3	944	1034
-42	1	908	1043
-31	16	876	1057
8	-5	874	1058
-23	17	856	1057
6	11	847	1051
18	2	851	1048
33	6	869	1041
-15	2	854	1041
28	4	871	1043
45	4	882	1034
-1	8	883	1035
35	8	920	1021
5	9	928	1029
42	13	954	1030
14	12	967	1026
63	44	994	1028
20	20	1013	1032
11	12	1023	1041
12	20	1045	1044
12	13	1055	1048
16	13	1069	1050
11	3	1069	1057
18	-3	1084	1059
6	-9	1086	1061
-3	6	1086	1057
18	-2	1091	1062
-3	-7	1096	1067
18	0	1101	1066
-16	0	1091	1066
2	-8	1088	1067
6	8	1102	1059
71	0	1114	1049
24	13	1119	1047
-4	6	1112	1049
1	5	1110	1057
23	1	1120	1057
21	21	1124	1052
17	11	1128	1052
22	1	1129	1056
24	23	1132	1047
19	19	1143	1049
30	21	1135	1039
38	20	1128	1035
58	13	1119	1029
58	12	1123	1025
69	7	1133	1025
69	39	1114	1009
177	28	1103	1006
69	35	1101	1003
11	26	1085	1008
131	35	1083	1002
119	44	1071	997
27	53	1081	999
111	57	1083	995
58	60	1084	994
23	49	1101	995
90	45	1123	996
8	55	1114	997
89	47	1122	996
5	60	1120	995
14	56	1130	993
9	55	1141	988
29	59	1169	988
-12	68	1179	987
25	70	1190	981
1	70	1203	979
-23	69	1198	976
16	69	1206	971
3	73	1210	970
-14	75	1207	972
-14	66	1205	971
-13	67	1200	973
-23	67	1194	974
-28	69	1187	971
-14	74	1177	966
-23	90	1146	966
-19	83	1130	965
-6	94	1122	960
0	38	1118	962
6	83	1112	958
22	110	1107	953
-39	51	1065	970
47	86	1061	957
-26	60	1033	959
5	100	1020	947
2	69	1013	944
7	61	1013	939
14	104	1000	921
14	93	1000	911
29	80	996	908
18	125	984	900
26	132	987	891
19	128	974	883
30	130	977	881
47	141	987	877
76	105	994	885
66	98	990	882
-3	125	980	886
-11	128	972	876
8	129	971	873
11	139	976	866
2	130	980	859
4	143	979	853
-18	138	975	850
-2	137	962	847
15	143	948	853
5	118	937	859
-14	127	913	860
8	146	897	854
17	145	893	855
27	136	888	856
38	145	874	854
54	139	872	851
53	141	870	847
54	140	867	843
53	147	865	836
52	124	856	835
72	128	837	837
-1	133	816	841
8	128	810	840
21	124	803	839
-30	172	785	826
-13	148	774	822
-1	136	773	810
5	157	764	802
15	136	767	801
29	121	778	803
45	147	786	813
0	171	775	824
114	116	780	833
125	120	792	844
145	120	809	854
157	95	817	865
185	78	811	881
184	80	822	878
99	106	833	870
158	83	833	877
186	81	838	874
210	82	842	876
211	86	855	868
223	74	870	854
162	116	862	847
208	111	866	857
251	70	871	852
221	96	876	849
221	105	896	836
256	79	893	841
259	116	919	828
265	84	912	844
276	100	932	839
282	90	940	844
259	113	923	861
287	63	917	871
301	71	918	872
274	83	927	878
314	47	942	884
344	63	968	887
316	63	982	894
308	58	975	901
346	61	978	912
396	48	1004	909
433	34	1040	922
391	43	1076	942
372	44	1098	957
339	39	1120	967
350	24	1134	977
412	28	1174	968
422	32	1205	972
427	27	1236	979
407	48	1257	983
432	27	1260	991
434	24	1275	998
423	25	1286	997
438	18	1297	998
428	40	1302	997
424	27	1306	997
432	17	1294	989
455	33	1302	992
457	39	1310	993
434	40	1306	1001
420	39	1294	992
433	32	1290	989
430	32	1298	997
440	28	1284	996
435	28	1273	993
439	38	1272	998
451	25	1271	995
452	37	1277	993
462	40	1277	989
462	43	1279	972
415	55	1277	987
460	45	1274	989
473	53	1268	997
470	58	1266	999
451	38	1258	1011
483	29	1257	1010
472	49	1243	1008
476	32	1233	1011
455	41	1231	1008
473	45	1225	1000
487	38	1242	992
486	43	1238	996
486	39	1233	988
501	58	1248	994
483	39	1236	1000
530	35	1237	987
508	56	1238	991
501	41	1251	978
511	55	1261	963
492	63	1272	955
508	54	1279	945
489	66	1286	947
470	69	1281	944
501	57	1277	940
502	77	1277	942
497	67	1284	945
507	61	1274	938
507	73	1280	942
510	55	1289	946
496	72	1294	950
512	53	1293	941
520	81	1294	942
542	45	1286	943
516	75	1291	947
548	39	1279	941
560	55	1267	933
540	55	1266	934
561	48	1261	928
547	75	1254	924
560	57	1257	922
575	50	1253	920
583	58	1242	925
574	42	1244	917
544	54	1234	913
556	73	1234	909
582	40	1228	901
552	62	1235	901
585	59	1223	892
555	66	1214	890
574	51	1201	886
589	55	1196	885
587	64	1180	882
609	47	1172	869
604	59	1176	872
611	74	1182	876
605	51	1177	872
605	57	1168	871
609	55	1160	870
608	53	1153	869
628	37	1163	860
609	44	1154	856
620	52	1145	847
629	39	1149	839
634	52	1143	841
610	54	1138	837
628	58	1128	829
647	59	1120	824
645	57	1108	818
652	63	1103	819
656	44	1098	810
648	60	1091	813
650	59	1088	814
660	60	1087	818
660	54	1079	816
674	55	1085	813
686	55	1077	803
666	84	1074	804
685	67	1063	798
681	78	1056	791
677	90	1046	790
685	77	1041	780
696	85	1025	771
703	83	1013	763
704	103	1003	758
714	107	1003	750
724	108	1002	746
712	114	998	747
725	98	995	745
723	120	981	736
738	117	965	735
724	128	963	733
738	119	962	727
742	140	964	729
756	124	977	737
742	130	973	736
751	117	970	730
717	128	962	724
721	114	962	725
716	118	952	721
722	131	940	722
718	134	929	720
712	149	920	720
710	147	914	723
728	137	908	719
711	99	931	714
708	114	928	717
710	122	922	722
701	89	946	717
692	113	939	718
669	127	942	719
663	135	938	715
678	105	949	713
657	131	933	709
691	140	918	708
688	105	921	700
681	132	916	700
671	158	907	691
669	173	899	685
688	131	905	676
690	159	900	672
704	162	892	669
711	166	871	660
716	163	869	653
703	167	865	648
709	165	864	645
703	167	865	642
714	159	864	639
723	160	865	635
745	159	862	628
758	157	868	631
764	147	874	638
764	143	878	640
758	131	859	641
762	130	853	647
788	126	852	645
769	118	838	643
783	121	828	639
780	99	778	672
792	81	740	694
808	76	715	713
813	76	688	726
813	66	669	733
805	66	657	737
794	60	645	740
783	55	638	732
774	61	631	735
759	57	626	732
746	63	624	735
731	69	620	732
723	58	621	733
713	61	619	733
710	68	618	731
707	69	616	738
695	72	616	734
702	68	619	738
699	68	624	732
700	74	630	734
689	84	635	735
691	85	629	737
688	63	643	741
686	69	656	742
679	71	664	737
683	90	671	746
681	81	662	747
690	74	656	749
690	77	649	743
701	84	647	750
702	88	642	748
707	84	635	748
709	72	637	748
721	84	634	740
721	80	631	734
728	86	629	733
731	92	627	734
731	93	624	732
733	97	620	731
734	106	617	733
736	115	608	726
734	123	604	729
732	114	597	730
724	117	596	727
727	119	596	726
738	130	598	735
733	132	593	733
740	139	586	732
729	139	583	723
737	151	577	717
747	151	570	703
763	149	564	700
760	150	560	701
769	154	559	692
771	168	557	693
774	165	549	689
788	169	541	680
796	174	538	674
817	170	533	668
819	179	529	666
822	181	524	662
827	184	519	653
831	177	520	655
834	179	520	655
839	175	517	655
846	177	521	656
845	161	528	653
850	167	537	654
855	169	536	650
864	159	535	651
868	161	535	652
875	153	539	653
885	160	542	652
888	156	547	650
892	150	550	652
900	149	549	657
910	152	548	654
914	152	547	644
927	151	542	632
927	150	546	628
929	159	547	618
949	153	546	611
948	157	550	605
948	163	549	597
951	162	560	595
949	160	567	587
956	151	584	586
948	161	588	581
947	163	591	581
955	163	593	576
950	166	600	574
965	174	596	573
975	167	594	574
958	161	600	572
955	175	594	568
964	172	581	562
988	165	572	555
1004	170	575	544
1003	167	572	539
988	167	571	536
979	168	563	532
991	172	570	526
988	164	568	525
979	158	580	521
966	161	588	514
965	156	596	518
975	166	588	521
972	152	590	519
968	145	592	521
962	140	589	520
954	131	581	520
954	143	571	522
947	119	566	529
942	126	555	537
955	120	549	543
955	110	541	544
955	109	532	543
962	107	525	545
961	99	523	547
957	99	518	550
956	100	513	543
959	88	513	543
958	88	510	545
959	81	514	546
957	83	510	538
962	86	510	527
962	87	509	518
964	95	511	514
961	90	512	507
962	86	521	503
955	97	522	495
951	94	530	488
945	104	539	482
944	98	541	478
938	94	547	474
938	104	551	471
936	92	554	473
930	109	555	466
931	104	551	468
921	107	548	465
922	108	544	464
909	112	547	459
902	108	545	460
907	118	540	459
886	117	536	460
881	118	529	462
869	111	529	459
869	120	522	454
888	119	516	453
881	120	517	453
870	121	520	456
885	120	514	455
873	126	509	458
879	119	504	455
882	124	501	450
871	122	505	451
869	125	507	448
874	122	505	446
864	118	505	441
869	116	510	437
877	110	513	428
891	111	508	424
895	105	500	418
903	108	498	414
911	109	495	410
909	101	495	411
921	95	495	419
925	86	490	420
925	80	489	423
928	74	493	419
926	85	495	422
932	80	494	417
948	81	490	415
943	89	494	411
956	91	492	406
968	77	493	405
948	79	497	408
943	79	503	406
950	87	507	398
954	87	510	396
953	89	508	393
954	82	509	389
954	87	514	388
944	86	519	380
934	94	530	371
935	100	538	369
927	108	551	364
948	98	548	360
924	103	559	357
932	102	568	355
912	106	578	350
899	113	587	344
877	125	613	329
870	123	624	326
875	124	637	327
871	128	654	317
867	128	667	311
870	130	667	306
888	132	664	300
883	133	661	299
884	138	659	300
891	133	656	302
898	131	653	303
900	134	651	302
913	132	644	300
919	129	630	298
923	129	621	296
917	133	604	295
914	134	591	296
920	132	574	291
928	134	562	287
960	120	532	295
970	117	508	299
976	114	487	302
986	114	472	301
989	112	458	301
997	109	445	299
1005	108	437	299
1014	102	422	304
1028	100	410	307
1035	94	400	307
1033	93	396	304
1043	92	393	302
1037	89	392	303
