452	2	246	302
451	11	249	301
449	14	248	299
449	15	249	297
448	17	249	296
445	21	249	294
446	24	250	295
445	25	251	295
445	26	252	295
443	24	251	295
443	23	252	296
441	23	254	297
437	23	255	297
438	23	255	298
431	23	255	298
429	24	255	298
431	26	257	299
425	28	257	299
425	30	257	300
421	33	259	300
421	33	260	301
417	31	261	302
415	31	262	304
413	32	264	304
412	32	265	304
411	31	265	305
409	31	265	304
404	29	265	304
402	27	267	305
399	26	269	305
404	24	269	305
399	22	269	305
400	21	271	305
404	18	272	305
399	16	271	305
401	15	272	305
404	14	272	304
403	14	273	304
405	15	273	304
403	15	273	304
405	17	274	305
405	18	275	305
408	18	274	305
408	19	273	305
410	20	273	305
411	21	272	305
410	21	271	305
415	24	269	305
417	28	268	305
421	31	268	305
425	35	268	305
428	38	269	305
434	42	270	305
425	42	270	306
432	44	272	305
428	52	281	300
419	54	292	297
416	59	299	294
412	60	306	294
408	61	313	294
407	60	318	295
399	60	323	297
396	60	329	299
392	61	333	299
389	62	338	301
393	64	342	302
388	67	346	301
391	70	349	300
380	75	355	299
376	80	363	297
375	80	368	295
373	86	374	293
370	93	378	291
371	95	381	291
370	99	385	290
367	101	388	291
366	105	388	291
364	107	390	292
358	112	394	292
366	117	397	292
360	121	398	292
356	125	400	292
361	129	401	291
354	134	406	290
355	138	407	289
360	141	409	289
349	143	411	291
359	145	412	291
352	146	414	292
350	147	419	293
350	150	423	293
345	154	428	292
348	154	429	294
349	155	430	295
348	154	431	295
346	154	434	296
350	152	434	298
350	150	435	298
350	148	438	298
354	145	441	300
356	144	441	302
358	144	440	304
362	143	440	304
362	143	439	305
368	142	439	305
373	144	438	305
375	145	439	304
380	149	438	304
385	150	438	304
392	152	437	303
398	156	436	302
395	159	435	301
399	162	432	300
404	162	428	300
409	164	426	299
413	163	424	299
419	166	422	299
418	163	423	298
422	166	423	297
422	165	423	297
418	167	422	296
422	169	420	296
422	171	421	295
425	175	422	294
424	176	421	294
422	179	421	293
422	180	421	292
423	181	419	292
423	181	419	290
427	180	416	289
428	179	415	287
427	180	413	286
425	181	413	285
424	181	411	283
424	182	412	282
424	184	409	282
425	185	405	281
428	185	403	280
427	185	400	279
423	178	400	275
425	177	402	268
426	177	400	264
431	177	396	262
427	176	391	260
428	175	386	257
442	170	379	256
440	168	375	253
440	165	371	251
442	159	370	247
443	157	368	245
445	153	365	240
448	147	361	236
446	144	356	230
449	149	352	226
450	141	348	224
451	136	344	221
450	131	340	219
450	128	338	215
452	125	334	213
453	120	329	209
452	118	325	206
451	114	322	205
450	113	318	203
451	108	314	201
448	108	312	200
447	105	311	199
447	103	308	197
444	100	307	196
441	100	306	194
441	100	304	192
441	101	304	191
442	98	302	190
441	100	301	189
440	101	300	188
443	104	298	187
445	103	295	186
450	104	293	185
453	102	290	183
453	102	288	182
454	100	286	181
458	100	284	179
456	99	283	179
458	97	282	178
458	95	281	178
458	98	281	178
458	100	280	177
461	98	279	176
461	104	278	175
463	105	276	173
463	110	275	172
461	113	274	171
463	115	272	170
467	117	269	170
466	118	267	169
468	119	265	169
467	119	262	169
470	124	258	168
470	125	255	168
470	127	252	168
473	131	249	167
473	134	246	167
476	138	243	167
478	141	241	167
477	139	239	168
479	143	237	168
479	144	235	167
480	146	232	167
480	147	230	167
480	150	227	167
479	149	225	167
477	150	223	167
477	152	221	167
477	154	218	167
478	155	216	167
480	155	215	167
482	157	214	167
479	157	214	167
479	157	214	166
477	156	212	166
472	158	211	165
474	159	210	165
470	157	209	165
468	157	207	164
469	157	205	163
467	157	203	163
467	156	202	162
468	158	199	161
467	159	197	160
