659.00	241.00	127.00	122.00
656.00	241.00	127.00	122.00
655.00	244.00	127.00	122.00
653.00	244.00	127.00	122.00
652.00	244.00	127.00	122.00
652.00	244.00	127.00	122.00
653.00	246.00	127.00	122.00
655.00	248.00	127.00	122.00
657.00	251.00	127.00	122.00
660.00	252.00	126.00	121.00
662.00	255.00	124.00	120.00
665.00	257.00	121.00	116.00
667.00	260.00	117.00	113.00
668.00	262.00	116.00	112.00
668.00	264.00	117.00	113.00
669.00	268.00	114.00	109.00
669.00	270.00	113.00	108.00
670.00	273.00	109.00	105.00
671.00	275.00	107.00	103.00
669.00	274.00	108.00	104.00
669.00	275.00	106.00	102.00
669.00	277.00	103.00	99.00
665.00	276.00	106.00	102.00
662.00	277.00	103.00	99.00
658.00	273.00	103.00	99.00
656.00	276.00	101.00	97.00
653.00	278.00	100.00	96.00
651.00	279.00	98.00	94.00
648.00	278.00	99.00	95.00
650.00	280.00	96.00	92.00
652.00	281.00	93.00	90.00
652.00	283.00	91.00	88.00
652.00	284.00	90.00	86.00
649.00	281.00	90.00	86.00
647.00	277.00	92.00	89.00
643.00	276.00	95.00	91.00
642.00	273.00	98.00	94.00
643.00	273.00	97.00	93.00
643.00	270.00	100.00	96.00
644.00	269.00	100.00	96.00
644.00	267.00	103.00	99.00
645.00	266.00	106.00	102.00
646.00	267.00	107.00	103.00
647.00	269.00	104.00	100.00
648.00	272.00	101.00	97.00
646.00	274.00	101.00	97.00
644.00	278.00	98.00	94.00
640.00	280.00	101.00	97.00
634.00	280.00	104.00	100.00
630.00	280.00	104.00	100.00
627.00	277.00	105.00	101.00
624.00	276.00	107.00	103.00
620.00	273.00	108.00	104.00
615.00	273.00	109.00	105.00
610.00	275.00	108.00	104.00
603.00	273.00	112.00	107.00
601.00	273.00	110.00	106.00
598.00	273.00	112.00	107.00
598.00	277.00	108.00	104.00
596.00	276.00	112.00	107.00
595.00	276.00	114.00	109.00
598.00	278.00	110.00	106.00
600.00	280.00	110.00	106.00
599.00	280.00	114.00	109.00
603.00	282.00	112.00	107.00
605.00	286.00	109.00	105.00
607.00	287.00	110.00	106.00
606.00	287.00	112.00	107.00
609.00	289.00	109.00	105.00
610.00	291.00	109.00	105.00
611.00	293.00	108.00	104.00
613.00	292.00	108.00	104.00
616.00	295.00	105.00	101.00
617.00	296.00	105.00	101.00
618.00	297.00	105.00	101.00
616.00	298.00	108.00	104.00
615.00	299.00	109.00	105.00
612.00	298.00	112.00	107.00
608.00	297.00	114.00	109.00
606.00	297.00	113.00	108.00
605.00	298.00	110.00	106.00
603.00	296.00	108.00	104.00
603.00	297.00	105.00	101.00
601.00	295.00	107.00	103.00
601.00	294.00	109.00	105.00
599.00	295.00	112.00	107.00
601.00	299.00	109.00	105.00
600.00	302.00	109.00	105.00
598.00	304.00	113.00	108.00
596.00	307.00	109.00	105.00
591.00	308.00	110.00	106.00
588.00	312.00	107.00	103.00
586.00	313.00	104.00	100.00
582.00	315.00	103.00	99.00
579.00	317.00	102.00	98.00
577.00	319.00	99.00	95.00
575.00	319.00	99.00	95.00
576.00	321.00	96.00	92.00
577.00	322.00	95.00	91.00
577.00	323.00	94.00	91.00
576.00	323.00	96.00	92.00
577.00	325.00	94.00	91.00
576.00	326.00	95.00	91.00
575.00	325.00	97.00	93.00
575.00	327.00	96.00	92.00
574.00	329.00	96.00	92.00
572.00	332.00	94.00	91.00
570.00	335.00	93.00	90.00
568.00	339.00	91.00	87.00
564.00	336.00	92.00	89.00
563.00	335.00	92.00	89.00
563.00	332.00	95.00	91.00
564.00	331.00	97.00	93.00
566.00	332.00	97.00	93.00
566.00	333.00	100.00	96.00
564.00	335.00	101.00	97.00
559.00	335.00	104.00	100.00
557.00	336.00	104.00	100.00
556.00	336.00	105.00	101.00
558.00	337.00	105.00	101.00
561.00	339.00	105.00	101.00
565.00	344.00	102.00	98.00
568.00	350.00	99.00	95.00
569.00	356.00	96.00	92.00
568.00	358.00	99.00	95.00
566.00	358.00	102.00	98.00
566.00	359.00	101.00	97.00
566.00	359.00	100.00	96.00
566.00	358.00	100.00	96.00
565.00	358.00	101.00	97.00
565.00	358.00	99.00	95.00
563.00	358.00	100.00	96.00
563.00	359.00	97.00	93.00
560.00	357.00	100.00	96.00
559.00	357.00	99.00	95.00
559.00	359.00	100.00	96.00
560.00	360.00	100.00	96.00
561.00	363.00	97.00	93.00
561.00	362.00	100.00	96.00
560.00	360.00	103.00	99.00
558.00	359.00	106.00	102.00
557.00	360.00	105.00	101.00
556.00	363.00	102.00	98.00
554.00	364.00	100.00	96.00
551.00	362.00	98.00	94.00
548.00	359.00	101.00	97.00
547.00	359.00	100.00	96.00
545.00	356.00	103.00	99.00
545.00	356.00	102.00	98.00
546.00	359.00	100.00	96.00
548.00	361.00	98.00	94.00
550.00	362.00	97.00	93.00
553.00	364.00	96.00	92.00
553.00	368.00	98.00	94.00
554.00	373.00	99.00	95.00
553.00	377.00	102.00	98.00
551.00	381.00	100.00	96.00
543.00	379.00	102.00	98.00
537.00	376.00	102.00	98.00
531.00	378.00	100.00	96.00
524.00	381.00	100.00	96.00
520.00	387.00	98.00	94.00
517.00	393.00	96.00	92.00
516.00	401.00	93.00	90.00
510.00	404.00	96.00	92.00
507.00	408.00	97.00	93.00
506.00	414.00	95.00	91.00
503.00	418.00	96.00	92.00
498.00	420.00	98.00	94.00
493.00	420.00	101.00	97.00
487.00	420.00	103.00	99.00
486.00	424.00	100.00	96.00
479.00	423.00	103.00	99.00
476.00	422.00	100.00	96.00
470.00	421.00	100.00	96.00
464.00	419.00	100.00	96.00
459.00	416.00	101.00	97.00
452.00	410.00	103.00	99.00
448.00	406.00	101.00	97.00
447.00	404.00	100.00	96.00
444.00	399.00	98.00	94.00
441.00	397.00	99.00	95.00
440.00	395.00	100.00	96.00
439.00	392.00	97.00	93.00
437.00	390.00	100.00	96.00
437.00	387.00	100.00	96.00
432.00	381.00	103.00	99.00
429.00	377.00	104.00	100.00
427.00	374.00	104.00	100.00
427.00	373.00	103.00	99.00
427.00	371.00	105.00	101.00
427.00	368.00	108.00	104.00
433.00	369.00	105.00	101.00
439.00	371.00	103.00	99.00
443.00	369.00	104.00	100.00
448.00	366.00	105.00	101.00
452.00	363.00	106.00	102.00
459.00	362.00	103.00	99.00
464.00	360.00	104.00	100.00
469.00	358.00	105.00	101.00
476.00	354.00	108.00	104.00
483.00	350.00	109.00	105.00
493.00	348.00	108.00	104.00
505.00	349.00	106.00	102.00
517.00	348.00	104.00	100.00
526.00	348.00	104.00	100.00
537.00	347.00	103.00	99.00
548.00	344.00	106.00	102.00
559.00	344.00	105.00	101.00
573.00	339.00	103.00	99.00
583.00	335.00	106.00	102.00
598.00	331.00	103.00	99.00
609.00	328.00	103.00	99.00
618.00	322.00	106.00	102.00
628.00	316.00	109.00	105.00
639.00	317.00	106.00	102.00
647.00	315.00	109.00	105.00
655.00	316.00	110.00	106.00
664.00	317.00	113.00	108.00
671.00	319.00	112.00	107.00
678.00	326.00	108.00	104.00
683.00	328.00	108.00	104.00
686.00	331.00	106.00	102.00
687.00	331.00	103.00	99.00
687.00	327.00	101.00	97.00
684.00	324.00	98.00	94.00
684.00	325.00	95.00	91.00
683.00	327.00	95.00	91.00
683.00	329.00	94.00	91.00
684.00	331.00	92.00	89.00
685.00	334.00	90.00	86.00
686.00	335.00	87.00	84.00
686.00	338.00	85.00	82.00
685.00	339.00	87.00	84.00
684.00	340.00	89.00	85.00
683.00	340.00	89.00	85.00
682.00	336.00	87.00	84.00
680.00	335.00	90.00	86.00
677.00	333.00	92.00	89.00
674.00	331.00	95.00	91.00
673.00	331.00	95.00	91.00
671.00	329.00	96.00	92.00
672.00	331.00	94.00	91.00
672.00	331.00	95.00	91.00
673.00	332.00	93.00	90.00
672.00	332.00	96.00	92.00
675.00	335.00	93.00	90.00
677.00	338.00	91.00	87.00
676.00	340.00	91.00	88.00
675.00	341.00	90.00	86.00
672.00	341.00	90.00	86.00
668.00	342.00	88.00	84.00
662.00	337.00	89.00	85.00
659.00	337.00	86.00	83.00
657.00	336.00	84.00	80.00
656.00	335.00	83.00	80.00
653.00	330.00	84.00	80.00
651.00	325.00	85.00	82.00
651.00	324.00	87.00	84.00
652.00	323.00	87.00	84.00
654.00	322.00	85.00	82.00
655.00	319.00	86.00	83.00
656.00	318.00	84.00	81.00
655.00	316.00	87.00	84.00
652.00	312.00	90.00	86.00
652.00	313.00	89.00	85.00
651.00	311.00	87.00	84.00
649.00	307.00	90.00	86.00
646.00	302.00	91.00	88.00
648.00	303.00	89.00	85.00
649.00	302.00	86.00	83.00
650.00	303.00	84.00	80.00
648.00	301.00	84.00	80.00
647.00	299.00	84.00	81.00
645.00	295.00	85.00	82.00
644.00	293.00	88.00	84.00
646.00	289.00	88.00	84.00
647.00	283.00	91.00	87.00
650.00	278.00	93.00	90.00
656.00	276.00	91.00	88.00
658.00	270.00	94.00	91.00
663.00	269.00	91.00	88.00
666.00	264.00	91.00	87.00
666.00	259.00	93.00	90.00
667.00	255.00	93.00	90.00
669.00	252.00	93.00	90.00
668.00	249.00	96.00	92.00
672.00	250.00	93.00	90.00
676.00	251.00	91.00	87.00
678.00	253.00	91.00	87.00
680.00	255.00	91.00	88.00
682.00	257.00	91.00	87.00
684.00	259.00	91.00	87.00
687.00	259.00	88.00	84.00
688.00	260.00	86.00	83.00
688.00	256.00	89.00	85.00
689.00	255.00	86.00	83.00
691.00	254.00	84.00	80.00
692.00	253.00	84.00	80.00
693.00	250.00	86.00	83.00
695.00	249.00	84.00	80.00
695.00	247.00	86.00	83.00
697.00	246.00	88.00	84.00
699.00	248.00	89.00	85.00
700.00	248.00	89.00	85.00
701.00	250.00	87.00	84.00
699.00	251.00	89.00	85.00
697.00	253.00	89.00	85.00
698.00	254.00	87.00	84.00
697.00	256.00	85.00	82.00
696.00	258.00	85.00	82.00
692.00	260.00	88.00	84.00
686.00	263.00	91.00	87.00
682.00	265.00	89.00	85.00
677.00	265.00	88.00	84.00
672.00	266.00	89.00	85.00
668.00	267.00	88.00	84.00
661.00	268.00	91.00	87.00
655.00	269.00	93.00	90.00
649.00	273.00	93.00	90.00
643.00	276.00	91.00	88.00
637.00	282.00	90.00	86.00
632.00	284.00	92.00	89.00
630.00	292.00	92.00	89.00
627.00	296.00	93.00	90.00
624.00	297.00	91.00	88.00
622.00	300.00	89.00	85.00
615.00	303.00	91.00	88.00
611.00	305.00	91.00	88.00
608.00	307.00	89.00	85.00
603.00	307.00	89.00	85.00
601.00	308.00	89.00	85.00
602.00	311.00	87.00	84.00
603.00	312.00	89.00	85.00
604.00	315.00	91.00	87.00
605.00	317.00	93.00	90.00
606.00	320.00	94.00	91.00
607.00	322.00	93.00	90.00
606.00	320.00	96.00	92.00
607.00	322.00	93.00	90.00
605.00	321.00	96.00	92.00
603.00	320.00	99.00	95.00
603.00	320.00	99.00	95.00
605.00	322.00	96.00	92.00
606.00	323.00	96.00	92.00
607.00	323.00	97.00	93.00
610.00	325.00	94.00	91.00
609.00	323.00	97.00	93.00
609.00	321.00	99.00	95.00
608.00	320.00	102.00	98.00
610.00	321.00	100.00	96.00
610.00	321.00	101.00	97.00
612.00	322.00	99.00	95.00
612.00	322.00	101.00	97.00
613.00	325.00	98.00	94.00
615.00	328.00	95.00	91.00
613.00	327.00	97.00	93.00
613.00	326.00	96.00	92.00
613.00	326.00	94.00	91.00
616.00	328.00	91.00	88.00
616.00	325.00	93.00	90.00
618.00	325.00	93.00	90.00
620.00	324.00	93.00	90.00
626.00	325.00	91.00	87.00
628.00	324.00	93.00	90.00
630.00	322.00	96.00	92.00
632.00	322.00	97.00	93.00
634.00	319.00	98.00	94.00
637.00	319.00	95.00	91.00
638.00	316.00	95.00	91.00
638.00	312.00	97.00	93.00
639.00	312.00	97.00	93.00
641.00	312.00	94.00	91.00
643.00	312.00	93.00	90.00
643.00	311.00	94.00	91.00
644.00	313.00	91.00	88.00
642.00	313.00	94.00	91.00
642.00	313.00	93.00	90.00
642.00	314.00	91.00	87.00
637.00	314.00	93.00	90.00
634.00	313.00	96.00	92.00
634.00	315.00	93.00	90.00
634.00	315.00	91.00	88.00
634.00	315.00	92.00	89.00
633.00	316.00	91.00	88.00
634.00	315.00	91.00	88.00
632.00	315.00	94.00	91.00
632.00	315.00	94.00	91.00
632.00	316.00	94.00	91.00
632.00	317.00	91.00	88.00
631.00	316.00	93.00	90.00
632.00	317.00	92.00	89.00
633.00	318.00	91.00	88.00
632.00	318.00	94.00	91.00
632.00	318.00	95.00	91.00
634.00	320.00	93.00	90.00
637.00	323.00	91.00	87.00
639.00	324.00	91.00	87.00
641.00	326.00	91.00	87.00
643.00	328.00	91.00	87.00
645.00	330.00	91.00	87.00
648.00	329.00	93.00	90.00
649.00	332.00	91.00	87.00
650.00	332.00	91.00	87.00
650.00	331.00	91.00	88.00
650.00	333.00	91.00	87.00
653.00	336.00	88.00	84.00
653.00	334.00	90.00	86.00
655.00	336.00	89.00	85.00
656.00	335.00	91.00	87.00
658.00	335.00	91.00	88.00
661.00	337.00	91.00	88.00
663.00	338.00	91.00	88.00
664.00	339.00	91.00	88.00
665.00	339.00	92.00	89.00
666.00	340.00	91.00	88.00
664.00	340.00	94.00	91.00
664.00	341.00	95.00	91.00
664.00	343.00	94.00	91.00
665.00	346.00	92.00	89.00
664.00	346.00	95.00	91.00
664.00	348.00	94.00	91.00
663.00	348.00	96.00	92.00
662.00	348.00	98.00	94.00
663.00	349.00	98.00	94.00
664.00	350.00	97.00	93.00
664.00	351.00	98.00	94.00
666.00	353.00	96.00	92.00
667.00	355.00	97.00	93.00
669.00	357.00	96.00	92.00
670.00	359.00	95.00	91.00
672.00	361.00	93.00	90.00
671.00	364.00	94.00	91.00
678.00	367.00	97.00	93.00
682.00	372.00	94.00	91.00
687.00	375.00	93.00	90.00
695.00	381.00	93.00	90.00
709.00	375.00	94.00	91.00
721.00	376.00	97.00	93.00
729.00	378.00	94.00	91.00
745.00	376.00	94.00	91.00
754.00	378.00	92.00	89.00
774.00	378.00	95.00	91.00
791.00	376.00	94.00	91.00
802.00	375.00	91.00	88.00
816.00	375.00	90.00	86.00
821.00	373.00	91.00	87.00
825.00	372.00	88.00	84.00
825.00	369.00	90.00	86.00
829.00	368.00	91.00	87.00
829.00	368.00	89.00	85.00
827.00	363.00	91.00	88.00
830.00	362.00	89.00	85.00
833.00	362.00	86.00	83.00
834.00	361.00	84.00	81.00
833.00	363.00	82.00	79.00
833.00	365.00	80.00	76.00
831.00	368.00	80.00	77.00
829.00	369.00	80.00	77.00
827.00	370.00	82.00	79.00
824.00	370.00	84.00	81.00
825.00	373.00	82.00	79.00
827.00	377.00	81.00	78.00
829.00	383.00	79.00	76.00
833.00	388.00	80.00	77.00
837.00	393.00	81.00	78.00
842.00	399.00	80.00	77.00
844.00	406.00	78.00	75.00
849.00	408.00	76.00	73.00
849.00	413.00	74.00	71.00
851.00	414.00	76.00	73.00
853.00	420.00	73.00	71.00
853.00	424.00	73.00	71.00
858.00	425.00	73.00	70.00
858.00	432.00	73.00	70.00
861.00	435.00	73.00	71.00
861.00	439.00	75.00	72.00
862.00	443.00	76.00	73.00
863.00	447.00	75.00	72.00
866.00	451.00	73.00	71.00
864.00	452.00	76.00	73.00
858.00	454.00	78.00	75.00
859.00	455.00	79.00	76.00
859.00	459.00	76.00	73.00
858.00	461.00	79.00	76.00
865.00	468.00	80.00	77.00
870.00	481.00	80.00	77.00
877.00	489.00	78.00	75.00
888.00	499.00	76.00	73.00
892.00	510.00	75.00	72.00
898.00	516.00	73.00	70.00
901.00	515.00	75.00	72.00
900.00	518.00	77.00	74.00
900.00	519.00	80.00	76.00
899.00	516.00	82.00	79.00
897.00	516.00	83.00	80.00
897.00	514.00	80.00	77.00
898.00	513.00	80.00	77.00
900.00	512.00	80.00	76.00
905.00	514.00	77.00	74.00
910.00	516.00	76.00	73.00
916.00	516.00	74.00	71.00
920.00	516.00	76.00	73.00
925.00	515.00	74.00	71.00
930.00	517.00	72.00	69.00
935.00	517.00	71.00	68.00
935.00	516.00	69.00	66.00
935.00	514.00	71.00	68.00
932.00	512.00	73.00	70.00
932.00	511.00	75.00	72.00
932.00	510.00	76.00	73.00
933.00	511.00	76.00	73.00
933.00	511.00	78.00	75.00
931.00	509.00	78.00	75.00
932.00	509.00	76.00	73.00
930.00	508.00	79.00	76.00
926.00	508.00	78.00	75.00
924.00	506.00	79.00	76.00
922.00	505.00	81.00	78.00
918.00	504.00	79.00	76.00
917.00	501.00	78.00	75.00
915.00	497.00	76.00	73.00
914.00	498.00	73.00	71.00
911.00	498.00	72.00	69.00
913.00	494.00	72.00	69.00
911.00	490.00	73.00	71.00
906.00	488.00	74.00	71.00
901.00	483.00	76.00	73.00
896.00	479.00	78.00	75.00
890.00	475.00	77.00	74.00
882.00	470.00	80.00	76.00
874.00	468.00	80.00	77.00
864.00	466.00	79.00	76.00
853.00	466.00	77.00	74.00
841.00	465.00	75.00	72.00
828.00	464.00	76.00	73.00
817.00	465.00	75.00	72.00
807.00	464.00	73.00	70.00
795.00	466.00	72.00	69.00
785.00	465.00	71.00	68.00
773.00	464.00	71.00	69.00
763.00	465.00	70.00	67.00
753.00	466.00	68.00	65.00
740.00	465.00	66.00	63.00
729.00	465.00	65.00	63.00
718.00	464.00	63.00	61.00
706.00	460.00	63.00	61.00
695.00	460.00	65.00	62.00
686.00	459.00	66.00	63.00
677.00	459.00	68.00	65.00
670.00	459.00	66.00	63.00
664.00	459.00	64.00	61.00
657.00	458.00	63.00	60.00
650.00	454.00	62.00	60.00
642.00	451.00	64.00	61.00
635.00	451.00	63.00	61.00
629.00	450.00	65.00	62.00
624.00	450.00	63.00	60.00
619.00	449.00	63.00	61.00
615.00	450.00	63.00	61.00
613.00	455.00	62.00	60.00
611.00	456.00	64.00	61.00
610.00	459.00	63.00	61.00
612.00	464.00	63.00	60.00
615.00	470.00	63.00	60.00
619.00	474.00	62.00	60.00
620.00	475.00	62.00	60.00
621.00	475.00	62.00	60.00
624.00	475.00	60.00	58.00
625.00	472.00	62.00	60.00
627.00	468.00	62.00	60.00
632.00	469.00	60.00	58.00
637.00	470.00	58.00	56.00
640.00	470.00	57.00	54.00
642.00	467.00	58.00	56.00
643.00	464.00	58.00	56.00
643.00	462.00	60.00	58.00
644.00	464.00	58.00	56.00
646.00	466.00	58.00	56.00
645.00	469.00	60.00	57.00
643.00	472.00	60.00	58.00
641.00	474.00	58.00	56.00
639.00	475.00	60.00	58.00
633.00	475.00	62.00	60.00
630.00	476.00	60.00	58.00
627.00	478.00	60.00	58.00
625.00	478.00	58.00	56.00
620.00	479.00	60.00	58.00
617.00	479.00	58.00	56.00
611.00	479.00	58.00	56.00
606.00	477.00	58.00	56.00
598.00	476.00	58.00	56.00
592.00	474.00	60.00	58.00
587.00	473.00	60.00	58.00
583.00	471.00	60.00	58.00
579.00	472.00	60.00	58.00
579.00	471.00	58.00	56.00
576.00	471.00	58.00	56.00
571.00	470.00	59.00	57.00
567.00	468.00	60.00	58.00
564.00	467.00	60.00	58.00
559.00	465.00	62.00	60.00
556.00	464.00	60.00	58.00
552.00	461.00	60.00	58.00
550.00	461.00	60.00	58.00
547.00	462.00	60.00	58.00
545.00	462.00	60.00	58.00
544.00	465.00	60.00	58.00
540.00	467.00	62.00	60.00
538.00	468.00	63.00	61.00
536.00	472.00	65.00	62.00
532.00	475.00	65.00	63.00
528.00	477.00	65.00	62.00
521.00	476.00	66.00	63.00
513.00	478.00	67.00	65.00
508.00	479.00	65.00	63.00
501.00	479.00	66.00	63.00
495.00	481.00	66.00	63.00
491.00	483.00	68.00	65.00
488.00	484.00	67.00	65.00
486.00	485.00	67.00	65.00
483.00	487.00	69.00	66.00
479.00	487.00	70.00	67.00
477.00	488.00	70.00	67.00
475.00	490.00	68.00	65.00
470.00	489.00	69.00	66.00
466.00	488.00	67.00	65.00
461.00	486.00	69.00	66.00
462.00	484.00	68.00	65.00
462.00	480.00	67.00	64.00
461.00	478.00	68.00	65.00
463.00	476.00	69.00	66.00
464.00	474.00	70.00	67.00
464.00	473.00	72.00	69.00
464.00	470.00	74.00	71.00
468.00	471.00	73.00	70.00
471.00	469.00	73.00	70.00
473.00	469.00	72.00	69.00
475.00	468.00	72.00	69.00
479.00	466.00	72.00	69.00
483.00	465.00	70.00	67.00
488.00	462.00	68.00	65.00
494.00	461.00	69.00	66.00
500.00	459.00	69.00	66.00
505.00	456.00	71.00	68.00
509.00	453.00	72.00	69.00
514.00	448.00	71.00	68.00
518.00	445.00	71.00	68.00
522.00	440.00	72.00	69.00
527.00	435.00	70.00	67.00
530.00	430.00	71.00	69.00
534.00	425.00	69.00	66.00
538.00	417.00	68.00	65.00
539.00	412.00	68.00	65.00
544.00	407.00	68.00	65.00
548.00	408.00	66.00	63.00
553.00	406.00	66.00	63.00
556.00	408.00	65.00	63.00
558.00	407.00	67.00	65.00
557.00	407.00	69.00	66.00
554.00	407.00	71.00	68.00
551.00	406.00	69.00	66.00
546.00	401.00	71.00	68.00
541.00	400.00	71.00	69.00
536.00	398.00	70.00	67.00
530.00	396.00	71.00	69.00
524.00	393.00	73.00	70.00
523.00	394.00	71.00	68.00
521.00	391.00	73.00	70.00
519.00	387.00	75.00	72.00
523.00	385.00	73.00	70.00
526.00	382.00	72.00	69.00
530.00	378.00	71.00	69.00
533.00	378.00	72.00	69.00
536.00	376.00	74.00	71.00
539.00	375.00	72.00	69.00
542.00	375.00	70.00	67.00
545.00	374.00	69.00	66.00
546.00	370.00	70.00	67.00
549.00	369.00	69.00	66.00
551.00	366.00	71.00	68.00
554.00	365.00	71.00	68.00
557.00	363.00	73.00	70.00
561.00	361.00	75.00	72.00
564.00	361.00	74.00	71.00
571.00	362.00	72.00	69.00
573.00	363.00	73.00	71.00
576.00	364.00	74.00	71.00
579.00	364.00	73.00	71.00
582.00	363.00	75.00	72.00
582.00	362.00	74.00	71.00
585.00	362.00	72.00	69.00
586.00	362.00	73.00	70.00
586.00	360.00	75.00	72.00
585.00	356.00	76.00	73.00
584.00	352.00	76.00	73.00
584.00	349.00	74.00	71.00
577.00	348.00	74.00	71.00
574.00	343.00	76.00	73.00
571.00	340.00	75.00	72.00
566.00	339.00	73.00	71.00
561.00	338.00	71.00	69.00
555.00	338.00	73.00	71.00
549.00	333.00	76.00	73.00
546.00	330.00	73.00	71.00
542.00	331.00	73.00	71.00
538.00	335.00	73.00	71.00
536.00	335.00	76.00	73.00
537.00	338.00	73.00	71.00
534.00	337.00	76.00	73.00
535.00	336.00	77.00	74.00
537.00	336.00	77.00	74.00
538.00	332.00	80.00	76.00
539.00	336.00	80.00	77.00
537.00	335.00	80.00	77.00
535.00	335.00	82.00	79.00
533.00	337.00	84.00	80.00
535.00	343.00	86.00	83.00
537.00	339.00	84.00	80.00
537.00	341.00	81.00	78.00
534.00	345.00	80.00	77.00
529.00	344.00	82.00	79.00
529.00	357.00	84.00	80.00
525.00	361.00	86.00	83.00
523.00	360.00	89.00	85.00
519.00	359.00	86.00	83.00
519.00	360.00	84.00	80.00
520.00	366.00	81.00	78.00
518.00	370.00	84.00	80.00
514.00	374.00	85.00	82.00
516.00	382.00	83.00	80.00
517.00	384.00	82.00	79.00
514.00	382.00	84.00	81.00
512.00	382.00	85.00	82.00
510.00	383.00	85.00	82.00
505.00	383.00	86.00	83.00
504.00	383.00	88.00	84.00
500.00	381.00	91.00	87.00
499.00	379.00	91.00	88.00
496.00	377.00	94.00	91.00
495.00	375.00	97.00	93.00
495.00	376.00	95.00	91.00
494.00	377.00	96.00	92.00
492.00	377.00	95.00	91.00
490.00	375.00	97.00	93.00
488.00	376.00	99.00	95.00
486.00	377.00	96.00	92.00
485.00	375.00	99.00	95.00
484.00	374.00	101.00	97.00
481.00	371.00	104.00	100.00
483.00	374.00	101.00	97.00
480.00	375.00	102.00	98.00
475.00	378.00	100.00	96.00
469.00	376.00	102.00	98.00
466.00	376.00	102.00	98.00
464.00	379.00	101.00	97.00
463.00	383.00	98.00	94.00
458.00	383.00	101.00	97.00
456.00	384.00	98.00	94.00
452.00	384.00	100.00	96.00
445.00	384.00	103.00	99.00
442.00	382.00	106.00	102.00
439.00	381.00	108.00	104.00
433.00	385.00	110.00	106.00
433.00	387.00	109.00	105.00
429.00	387.00	113.00	108.00
426.00	387.00	114.00	109.00
422.00	386.00	116.00	112.00
420.00	387.00	117.00	113.00
415.00	386.00	121.00	116.00
415.00	386.00	122.00	117.00
414.00	387.00	121.00	116.00
411.00	386.00	122.00	117.00
410.00	384.00	126.00	121.00
406.00	379.00	130.00	124.00
407.00	383.00	131.00	126.00
403.00	382.00	135.00	130.00
402.00	380.00	138.00	132.00
398.00	378.00	142.00	136.00
397.00	377.00	146.00	140.00
399.00	380.00	142.00	136.00
398.00	384.00	145.00	139.00
399.00	391.00	140.00	135.00
401.00	392.00	136.00	131.00
399.00	392.00	140.00	135.00
397.00	393.00	136.00	131.00
392.00	397.00	135.00	130.00
390.00	405.00	133.00	128.00
386.00	410.00	132.00	127.00
386.00	412.00	132.00	127.00
386.00	417.00	130.00	124.00
386.00	418.00	132.00	127.00
388.00	422.00	130.00	124.00
391.00	425.00	128.00	123.00
389.00	424.00	132.00	127.00
390.00	428.00	130.00	124.00
389.00	429.00	132.00	127.00
388.00	432.00	132.00	127.00
387.00	435.00	132.00	127.00
386.00	445.00	128.00	123.00
387.00	451.00	124.00	120.00
387.00	458.00	122.00	117.00
385.00	465.00	122.00	117.00
383.00	473.00	121.00	116.00
381.00	481.00	121.00	116.00
380.00	489.00	121.00	116.00
383.00	493.00	122.00	117.00
385.00	500.00	121.00	116.00
385.00	504.00	124.00	120.00
387.00	512.00	121.00	116.00
388.00	516.00	123.00	118.00
390.00	525.00	121.00	116.00
392.00	530.00	120.00	115.00
393.00	528.00	121.00	116.00
394.00	529.00	117.00	113.00
395.00	534.00	118.00	114.00
398.00	535.00	115.00	110.00
399.00	537.00	115.00	110.00
400.00	534.00	118.00	114.00
403.00	532.00	117.00	113.00
405.00	531.00	115.00	110.00
406.00	523.00	116.00	112.00
407.00	520.00	116.00	112.00
407.00	511.00	117.00	113.00
405.00	506.00	121.00	116.00
406.00	498.00	123.00	118.00
409.00	496.00	121.00	116.00
414.00	489.00	118.00	114.00
416.00	484.00	122.00	117.00
420.00	477.00	121.00	116.00
424.00	475.00	118.00	114.00
431.00	469.00	116.00	112.00
433.00	459.00	120.00	115.00
436.00	453.00	117.00	113.00
441.00	457.00	114.00	109.00
441.00	452.00	113.00	108.00
441.00	445.00	115.00	110.00
442.00	436.00	112.00	107.00
439.00	429.00	114.00	109.00
437.00	426.00	117.00	113.00
439.00	425.00	115.00	110.00
442.00	424.00	118.00	114.00
442.00	427.00	116.00	112.00
449.00	420.00	113.00	108.00
454.00	416.00	116.00	112.00
455.00	414.00	120.00	115.00
464.00	409.00	117.00	113.00
479.00	408.00	114.00	109.00
489.00	403.00	110.00	106.00
497.00	396.00	112.00	107.00
506.00	396.00	109.00	105.00
515.00	395.00	107.00	103.00
519.00	396.00	109.00	105.00
526.00	393.00	106.00	102.00
528.00	388.00	103.00	99.00
528.00	383.00	103.00	99.00
528.00	380.00	106.00	102.00
533.00	385.00	103.00	99.00
539.00	390.00	104.00	100.00
547.00	394.00	105.00	101.00
557.00	398.00	103.00	99.00
566.00	399.00	103.00	99.00
572.00	395.00	105.00	101.00
575.00	387.00	108.00	104.00
580.00	385.00	108.00	104.00
582.00	381.00	106.00	102.00
581.00	377.00	108.00	104.00
580.00	376.00	108.00	104.00
579.00	375.00	106.00	102.00
572.00	370.00	108.00	104.00
568.00	367.00	105.00	101.00
563.00	364.00	106.00	102.00
559.00	365.00	106.00	102.00
553.00	364.00	109.00	105.00
549.00	365.00	110.00	106.00
549.00	372.00	109.00	105.00
546.00	380.00	108.00	104.00
543.00	381.00	109.00	105.00
544.00	388.00	107.00	103.00
543.00	393.00	106.00	102.00
548.00	393.00	105.00	101.00
548.00	392.00	108.00	104.00
552.00	393.00	106.00	102.00
554.00	394.00	105.00	101.00
559.00	395.00	102.00	98.00
558.00	394.00	103.00	99.00
553.00	392.00	106.00	102.00
551.00	390.00	106.00	102.00
544.00	387.00	106.00	102.00
540.00	386.00	104.00	100.00
536.00	382.00	101.00	97.00
529.00	378.00	104.00	100.00
522.00	371.00	105.00	101.00
519.00	377.00	102.00	98.00
514.00	376.00	102.00	98.00
510.00	386.00	104.00	100.00
505.00	396.00	104.00	100.00
502.00	404.00	101.00	97.00
501.00	414.00	99.00	95.00
504.00	422.00	100.00	96.00
500.00	420.00	98.00	94.00
494.00	417.00	100.00	96.00
485.00	408.00	98.00	94.00
481.00	404.00	101.00	97.00
473.00	405.00	98.00	94.00
466.00	401.00	95.00	91.00
455.00	394.00	98.00	94.00
446.00	390.00	99.00	95.00
439.00	387.00	99.00	95.00
432.00	385.00	102.00	98.00
430.00	383.00	99.00	95.00
426.00	381.00	101.00	97.00
425.00	375.00	104.00	100.00
425.00	374.00	105.00	101.00
429.00	375.00	103.00	99.00
432.00	373.00	105.00	101.00
437.00	374.00	106.00	102.00
443.00	371.00	109.00	105.00
451.00	371.00	109.00	105.00
457.00	370.00	113.00	108.00
458.00	362.00	116.00	112.00
462.00	352.00	115.00	110.00
461.00	351.00	114.00	109.00
458.00	343.00	116.00	112.00
455.00	338.00	117.00	113.00
454.00	335.00	117.00	113.00
454.00	329.00	114.00	109.00
452.00	325.00	114.00	109.00
445.00	315.00	110.00	106.00
439.00	307.00	108.00	104.00
432.00	290.00	109.00	105.00
428.00	280.00	113.00	108.00
429.00	270.00	114.00	109.00
433.00	265.00	116.00	112.00
437.00	264.00	118.00	114.00
446.00	274.00	121.00	116.00
449.00	262.00	118.00	114.00
456.00	261.00	121.00	116.00
459.00	252.00	121.00	116.00
469.00	249.00	117.00	113.00
472.00	252.00	121.00	116.00
474.00	252.00	121.00	116.00
476.00	260.00	117.00	113.00
479.00	268.00	118.00	114.00
479.00	279.00	117.00	113.00
480.00	291.00	116.00	112.00
482.00	300.00	114.00	109.00
482.00	308.00	114.00	109.00
481.00	307.00	117.00	113.00
482.00	309.00	116.00	112.00
485.00	311.00	113.00	108.00
486.00	313.00	110.00	106.00
484.00	308.00	112.00	107.00
486.00	310.00	109.00	105.00
485.00	311.00	107.00	103.00
481.00	309.00	110.00	106.00
480.00	305.00	112.00	107.00
475.00	303.00	115.00	110.00
474.00	303.00	118.00	114.00
473.00	302.00	118.00	114.00
472.00	298.00	121.00	116.00
472.00	296.00	123.00	118.00
473.00	294.00	124.00	120.00
475.00	294.00	121.00	116.00
473.00	291.00	121.00	116.00
475.00	291.00	117.00	113.00
473.00	294.00	117.00	113.00
470.00	297.00	121.00	116.00
472.00	298.00	121.00	116.00
472.00	296.00	121.00	116.00
477.00	296.00	117.00	113.00
481.00	291.00	115.00	110.00
481.00	290.00	116.00	112.00
483.00	286.00	114.00	109.00
481.00	279.00	115.00	110.00
479.00	274.00	117.00	113.00
476.00	274.00	116.00	112.00
473.00	271.00	118.00	114.00
469.00	267.00	121.00	116.00
469.00	264.00	117.00	113.00
467.00	261.00	121.00	116.00
460.00	261.00	121.00	116.00
453.00	261.00	124.00	120.00
448.00	265.00	121.00	116.00
446.00	273.00	121.00	116.00
440.00	275.00	121.00	116.00
440.00	278.00	117.00	113.00
432.00	279.00	121.00	116.00
430.00	276.00	121.00	116.00
431.00	273.00	121.00	116.00
427.00	262.00	124.00	120.00
425.00	250.00	123.00	118.00
423.00	242.00	121.00	116.00
420.00	230.00	124.00	120.00
419.00	221.00	126.00	121.00
417.00	210.00	130.00	124.00
415.00	203.00	128.00	123.00
414.00	195.00	131.00	126.00
411.00	188.00	133.00	128.00
410.00	183.00	131.00	126.00
409.00	182.00	128.00	123.00
410.00	179.00	126.00	121.00
411.00	177.00	123.00	118.00
410.00	173.00	122.00	117.00
411.00	171.00	122.00	117.00
404.00	172.00	124.00	120.00
404.00	174.00	124.00	120.00
402.00	173.00	128.00	123.00
401.00	173.00	132.00	127.00
404.00	173.00	132.00	127.00
406.00	174.00	132.00	127.00
406.00	175.00	132.00	127.00
406.00	173.00	133.00	128.00
400.00	171.00	138.00	132.00
398.00	166.00	136.00	131.00
396.00	159.00	140.00	135.00
394.00	148.00	145.00	139.00
388.00	147.00	149.00	143.00
383.00	146.00	152.00	146.00
378.00	145.00	157.00	150.00
371.00	149.00	158.00	152.00
367.00	147.00	163.00	156.00
362.00	150.00	160.00	153.00
354.00	144.00	164.00	158.00
353.00	144.00	163.00	156.00
349.00	141.00	163.00	156.00
340.00	138.00	168.00	161.00
339.00	138.00	163.00	156.00
332.00	139.00	163.00	156.00
328.00	146.00	163.00	156.00
319.00	153.00	158.00	152.00
320.00	153.00	155.00	149.00
315.00	155.00	152.00	146.00
311.00	153.00	157.00	150.00
313.00	159.00	152.00	146.00
309.00	161.00	150.00	144.00
308.00	158.00	153.00	147.00
306.00	160.00	152.00	146.00
302.00	164.00	153.00	147.00
298.00	167.00	153.00	147.00
294.00	161.00	157.00	150.00
285.00	179.00	153.00	147.00
287.00	166.00	153.00	147.00
281.00	174.00	155.00	149.00
276.00	168.00	150.00	144.00
274.00	168.00	150.00	144.00
269.00	175.00	153.00	147.00
258.00	168.00	158.00	152.00
251.00	170.00	158.00	152.00
250.00	174.00	158.00	152.00
238.00	171.00	160.00	153.00
236.00	166.00	160.00	153.00
225.00	159.00	160.00	153.00
212.00	156.00	164.00	158.00
209.00	147.00	164.00	158.00
199.00	148.00	163.00	156.00
