155.00	241.00	1060.00	468.00
161.00	232.00	1060.00	468.00
162.00	223.00	1060.00	468.00
179.00	225.00	1060.00	468.00
182.00	225.00	1060.00	468.00
188.00	212.00	1060.00	468.00
191.00	210.00	1060.00	468.00
192.00	209.00	1060.00	468.00
207.00	215.00	1060.00	468.00
228.00	219.00	1029.00	454.00
250.00	228.00	1009.00	445.00
260.00	232.00	1009.00	445.00
264.00	229.00	1009.00	445.00
274.00	229.00	989.00	437.00
276.00	226.00	1009.00	445.00
302.00	239.00	979.00	432.00
300.00	232.00	1009.00	445.00
306.00	235.00	1009.00	445.00
319.00	231.00	1009.00	445.00
320.00	234.00	1009.00	445.00
347.00	241.00	979.00	432.00
353.00	238.00	969.00	428.00
382.00	250.00	941.00	415.00
363.00	234.00	969.00	428.00
360.00	230.00	969.00	428.00
369.00	233.00	960.00	424.00
351.00	231.00	989.00	437.00
344.00	241.00	989.00	437.00
323.00	230.00	1019.00	450.00
320.00	223.00	989.00	437.00
307.00	209.00	989.00	437.00
301.00	203.00	1009.00	445.00
296.00	187.00	1009.00	445.00
299.00	177.00	989.00	437.00
287.00	158.00	1019.00	450.00
307.00	171.00	989.00	437.00
303.00	169.00	989.00	437.00
307.00	174.00	989.00	437.00
281.00	164.00	1019.00	450.00
277.00	162.00	1039.00	459.00
267.00	159.00	1050.00	463.00
261.00	159.00	1039.00	459.00
261.00	160.00	1039.00	459.00
260.00	156.00	1039.00	459.00
257.00	148.00	1039.00	459.00
249.00	156.00	1039.00	459.00
248.00	160.00	1050.00	463.00
235.00	150.00	1060.00	468.00
227.00	155.00	1092.00	482.00
239.00	155.00	1092.00	482.00
233.00	167.00	1092.00	482.00
246.00	162.00	1081.00	477.00
254.00	172.00	1060.00	468.00
254.00	162.00	1092.00	482.00
242.00	158.00	1125.00	497.00
209.00	140.00	1159.00	512.00
223.00	136.00	1125.00	497.00
228.00	129.00	1092.00	482.00
225.00	125.00	1060.00	468.00
227.00	115.00	1050.00	463.00
239.00	111.00	1019.00	450.00
245.00	116.00	989.00	437.00
258.00	122.00	989.00	437.00
272.00	118.00	969.00	428.00
261.00	129.00	999.00	441.00
254.00	109.00	1029.00	454.00
249.00	115.00	1019.00	450.00
258.00	116.00	989.00	437.00
247.00	113.00	989.00	437.00
195.00	109.00	1019.00	450.00
176.00	91.00	1050.00	463.00
150.00	78.00	1081.00	477.00
157.00	81.00	1060.00	468.00
129.00	69.00	1092.00	482.00
101.00	44.00	1114.00	492.00
132.00	76.00	1081.00	477.00
152.00	78.00	1050.00	463.00
142.00	97.00	1050.00	463.00
161.00	110.00	1039.00	459.00
166.00	122.00	1050.00	463.00
165.00	134.00	1029.00	454.00
157.00	140.00	1029.00	454.00
144.00	142.00	1060.00	468.00
131.00	125.00	1092.00	482.00
148.00	135.00	1060.00	468.00
147.00	133.00	1092.00	482.00
130.00	143.00	1125.00	497.00
128.00	134.00	1159.00	512.00
117.00	118.00	1183.00	522.00
125.00	109.00	1171.00	517.00
83.00	106.00	1148.00	507.00
98.00	82.00	1171.00	517.00
88.00	102.00	1183.00	522.00
87.00	95.00	1183.00	522.00
80.00	115.00	1183.00	522.00
60.00	110.00	1218.00	538.00
86.00	116.00	1218.00	538.00
108.00	124.00	1183.00	522.00
118.00	128.00	1183.00	522.00
121.00	135.00	1183.00	522.00
152.00	149.00	1159.00	512.00
153.00	139.00	1183.00	522.00
165.00	150.00	1159.00	512.00
188.00	161.00	1125.00	497.00
215.00	159.00	1092.00	482.00
214.00	160.00	1092.00	482.00
231.00	156.00	1092.00	482.00
228.00	163.00	1092.00	482.00
263.00	162.00	1071.00	473.00
280.00	171.00	1039.00	459.00
307.00	176.00	1009.00	445.00
319.00	176.00	1009.00	445.00
337.00	180.00	979.00	432.00
351.00	177.00	960.00	424.00
350.00	167.00	979.00	432.00
340.00	161.00	1009.00	445.00
324.00	144.00	1039.00	459.00
328.00	141.00	1039.00	459.00
348.00	150.00	1009.00	445.00
339.00	138.00	1039.00	459.00
328.00	130.00	1071.00	473.00
323.00	115.00	1092.00	482.00
319.00	105.00	1114.00	492.00
324.00	111.00	1114.00	492.00
331.00	117.00	1114.00	492.00
345.00	129.00	1092.00	482.00
349.00	129.00	1092.00	482.00
356.00	131.00	1092.00	482.00
360.00	121.00	1092.00	482.00
365.00	127.00	1092.00	482.00
354.00	132.00	1092.00	482.00
369.00	139.00	1071.00	473.00
391.00	148.00	1039.00	459.00
374.00	135.00	1071.00	473.00
363.00	129.00	1092.00	482.00
361.00	120.00	1092.00	482.00
372.00	116.00	1071.00	473.00
362.00	95.00	1081.00	477.00
354.00	98.00	1092.00	482.00
366.00	103.00	1060.00	468.00
364.00	103.00	1060.00	468.00
359.00	94.00	1050.00	463.00
363.00	90.00	1050.00	463.00
364.00	98.00	1050.00	463.00
346.00	88.00	1071.00	473.00
360.00	91.00	1039.00	459.00
381.00	107.00	1009.00	445.00
370.00	104.00	1009.00	445.00
354.00	98.00	1039.00	459.00
366.00	112.00	1009.00	445.00
360.00	109.00	1009.00	445.00
346.00	108.00	1029.00	454.00
327.00	93.00	1050.00	463.00
321.00	98.00	1071.00	473.00
316.00	107.00	1092.00	482.00
312.00	118.00	1092.00	482.00
312.00	122.00	1081.00	477.00
303.00	130.00	1081.00	477.00
294.00	122.00	1081.00	477.00
309.00	136.00	1050.00	463.00
289.00	135.00	1081.00	477.00
280.00	138.00	1092.00	482.00
260.00	129.00	1125.00	497.00
277.00	131.00	1092.00	482.00
295.00	129.00	1081.00	477.00
301.00	126.00	1092.00	482.00
314.00	121.00	1092.00	482.00
328.00	114.00	1092.00	482.00
341.00	119.00	1092.00	482.00
354.00	119.00	1092.00	482.00
349.00	117.00	1092.00	482.00
370.00	126.00	1071.00	473.00
360.00	119.00	1050.00	463.00
390.00	122.00	1019.00	450.00
391.00	116.00	1009.00	445.00
380.00	119.00	1019.00	450.00
403.00	132.00	1009.00	445.00
429.00	138.00	979.00	432.00
446.00	146.00	950.00	419.00
443.00	160.00	950.00	419.00
448.00	172.00	950.00	419.00
448.00	182.00	922.00	407.00
432.00	181.00	950.00	419.00
421.00	171.00	979.00	432.00
395.00	163.00	1009.00	445.00
396.00	156.00	1009.00	445.00
408.00	161.00	1009.00	445.00
431.00	163.00	979.00	432.00
417.00	157.00	1009.00	445.00
434.00	167.00	979.00	432.00
422.00	174.00	1009.00	445.00
400.00	179.00	1009.00	445.00
407.00	191.00	1009.00	445.00
417.00	180.00	1009.00	445.00
415.00	169.00	1009.00	445.00
413.00	154.00	1009.00	445.00
429.00	149.00	989.00	437.00
446.00	167.00	979.00	432.00
464.00	183.00	960.00	424.00
480.00	195.00	931.00	411.00
494.00	205.00	922.00	407.00
501.00	204.00	922.00	407.00
505.00	211.00	904.00	399.00
502.00	211.00	922.00	407.00
494.00	216.00	922.00	407.00
492.00	220.00	922.00	407.00
469.00	220.00	950.00	419.00
474.00	230.00	922.00	407.00
470.00	238.00	904.00	399.00
439.00	241.00	922.00	407.00
444.00	239.00	922.00	407.00
441.00	246.00	904.00	399.00
435.00	255.00	904.00	399.00
412.00	248.00	922.00	407.00
402.00	250.00	922.00	407.00
386.00	232.00	950.00	419.00
397.00	228.00	950.00	419.00
384.00	242.00	941.00	415.00
386.00	253.00	922.00	407.00
380.00	269.00	904.00	399.00
378.00	280.00	904.00	399.00
388.00	278.00	904.00	399.00
413.00	294.00	877.00	387.00
424.00	300.00	877.00	387.00
402.00	306.00	895.00	395.00
413.00	314.00	886.00	391.00
423.00	310.00	886.00	391.00
414.00	308.00	904.00	399.00
427.00	320.00	877.00	387.00
439.00	330.00	852.00	376.00
436.00	327.00	852.00	376.00
450.00	332.00	827.00	365.00
453.00	330.00	818.00	361.00
459.00	330.00	818.00	361.00
478.00	338.00	802.00	354.00
488.00	338.00	794.00	351.00
492.00	335.00	786.00	347.00
496.00	338.00	779.00	344.00
489.00	344.00	779.00	344.00
452.00	333.00	786.00	347.00
452.00	345.00	794.00	351.00
425.00	336.00	818.00	361.00
417.00	323.00	843.00	372.00
428.00	329.00	818.00	361.00
433.00	323.00	818.00	361.00
437.00	331.00	818.00	361.00
427.00	340.00	818.00	361.00
415.00	324.00	827.00	365.00
430.00	336.00	818.00	361.00
439.00	324.00	818.00	361.00
439.00	316.00	802.00	354.00
435.00	308.00	818.00	361.00
433.00	309.00	843.00	372.00
427.00	297.00	869.00	384.00
402.00	287.00	895.00	395.00
390.00	278.00	904.00	399.00
398.00	275.00	886.00	391.00
383.00	259.00	904.00	399.00
379.00	250.00	886.00	391.00
379.00	250.00	860.00	380.00
362.00	249.00	886.00	391.00
366.00	248.00	860.00	380.00
359.00	241.00	869.00	384.00
342.00	228.00	895.00	395.00
362.00	245.00	886.00	391.00
370.00	242.00	886.00	391.00
382.00	245.00	869.00	384.00
416.00	242.00	860.00	380.00
434.00	257.00	869.00	384.00
416.00	229.00	895.00	395.00
411.00	212.00	922.00	407.00
379.00	170.00	950.00	419.00
348.00	166.00	960.00	424.00
341.00	155.00	941.00	415.00
292.00	151.00	969.00	428.00
303.00	174.00	941.00	415.00
307.00	187.00	941.00	415.00
307.00	188.00	941.00	415.00
308.00	185.00	941.00	415.00
304.00	193.00	941.00	415.00
327.00	197.00	913.00	403.00
310.00	185.00	941.00	415.00
346.00	175.00	969.00	428.00
324.00	163.00	999.00	441.00
331.00	165.00	1009.00	445.00
331.00	172.00	1009.00	445.00
333.00	172.00	1009.00	445.00
339.00	182.00	1009.00	445.00
321.00	177.00	1029.00	454.00
330.00	187.00	1009.00	445.00
338.00	189.00	989.00	437.00
332.00	188.00	1009.00	445.00
337.00	191.00	1009.00	445.00
343.00	194.00	989.00	437.00
327.00	186.00	1009.00	445.00
334.00	190.00	1009.00	445.00
344.00	186.00	989.00	437.00
346.00	176.00	1009.00	445.00
375.00	167.00	989.00	437.00
378.00	173.00	969.00	428.00
375.00	163.00	969.00	428.00
359.00	170.00	999.00	441.00
350.00	165.00	1009.00	445.00
369.00	162.00	989.00	437.00
366.00	171.00	989.00	437.00
365.00	179.00	989.00	437.00
362.00	192.00	1009.00	445.00
388.00	196.00	979.00	432.00
418.00	214.00	950.00	419.00
425.00	212.00	941.00	415.00
427.00	215.00	941.00	415.00
443.00	232.00	922.00	407.00
442.00	229.00	922.00	407.00
422.00	219.00	941.00	415.00
428.00	225.00	941.00	415.00
428.00	225.00	941.00	415.00
425.00	229.00	941.00	415.00
426.00	216.00	941.00	415.00
433.00	222.00	941.00	415.00
439.00	233.00	922.00	407.00
431.00	238.00	922.00	407.00
418.00	238.00	941.00	415.00
411.00	241.00	941.00	415.00
407.00	251.00	922.00	407.00
411.00	255.00	922.00	407.00
417.00	254.00	922.00	407.00
411.00	233.00	941.00	415.00
419.00	240.00	931.00	411.00
415.00	236.00	941.00	415.00
420.00	248.00	922.00	407.00
430.00	247.00	895.00	395.00
442.00	245.00	877.00	387.00
442.00	233.00	877.00	387.00
419.00	220.00	904.00	399.00
409.00	219.00	922.00	407.00
409.00	220.00	922.00	407.00
393.00	201.00	941.00	415.00
396.00	191.00	941.00	415.00
385.00	189.00	941.00	415.00
381.00	185.00	941.00	415.00
382.00	198.00	922.00	407.00
389.00	201.00	922.00	407.00
378.00	192.00	931.00	411.00
387.00	197.00	904.00	399.00
393.00	199.00	904.00	399.00
397.00	201.00	895.00	395.00
398.00	207.00	895.00	395.00
406.00	216.00	877.00	387.00
414.00	213.00	877.00	387.00
418.00	218.00	860.00	380.00
431.00	221.00	852.00	376.00
448.00	225.00	843.00	372.00
447.00	242.00	818.00	361.00
447.00	242.00	802.00	354.00
448.00	239.00	818.00	361.00
444.00	285.00	843.00	372.00
409.00	271.00	827.00	365.00
433.00	229.00	818.00	361.00
429.00	233.00	818.00	361.00
453.00	242.00	802.00	354.00
438.00	238.00	818.00	361.00
434.00	256.00	802.00	354.00
446.00	250.00	786.00	347.00
453.00	248.00	763.00	337.00
443.00	248.00	748.00	330.00
437.00	252.00	748.00	330.00
426.00	253.00	748.00	330.00
424.00	255.00	748.00	330.00
411.00	256.00	748.00	330.00
404.00	258.00	734.00	324.00
397.00	252.00	719.00	317.00
387.00	250.00	734.00	324.00
381.00	243.00	734.00	324.00
375.00	245.00	712.00	314.00
355.00	239.00	734.00	324.00
351.00	237.00	734.00	324.00
344.00	243.00	734.00	324.00
339.00	240.00	734.00	324.00
335.00	236.00	734.00	324.00
339.00	245.00	719.00	317.00
348.00	244.00	698.00	308.00
355.00	250.00	684.00	302.00
366.00	247.00	671.00	296.00
372.00	242.00	664.00	293.00
367.00	240.00	684.00	302.00
369.00	244.00	691.00	305.00
393.00	209.00	712.00	314.00
399.00	198.00	734.00	324.00
421.00	188.00	741.00	327.00
410.00	203.00	748.00	330.00
441.00	210.00	763.00	337.00
433.00	218.00	786.00	347.00
437.00	228.00	786.00	347.00
463.00	229.00	802.00	354.00
464.00	254.00	818.00	361.00
455.00	260.00	843.00	372.00
434.00	268.00	869.00	384.00
418.00	286.00	860.00	380.00
382.00	294.00	877.00	387.00
386.00	326.00	877.00	387.00
352.00	332.00	904.00	399.00
364.00	309.00	877.00	387.00
298.00	350.00	904.00	399.00
366.00	300.00	913.00	403.00
411.00	287.00	941.00	415.00
380.00	278.00	941.00	415.00
377.00	304.00	922.00	407.00
381.00	307.00	904.00	399.00
367.00	308.00	904.00	399.00
354.00	315.00	922.00	407.00
331.00	308.00	941.00	415.00
336.00	313.00	922.00	407.00
352.00	314.00	895.00	395.00
326.00	281.00	913.00	403.00
331.00	289.00	922.00	407.00
332.00	296.00	922.00	407.00
342.00	288.00	895.00	395.00
334.00	268.00	922.00	407.00
312.00	252.00	895.00	395.00
328.00	259.00	869.00	384.00
326.00	256.00	860.00	380.00
331.00	264.00	835.00	369.00
350.00	273.00	810.00	358.00
344.00	268.00	818.00	361.00
330.00	258.00	818.00	361.00
349.00	277.00	794.00	351.00
334.00	264.00	818.00	361.00
338.00	270.00	802.00	354.00
340.00	259.00	779.00	344.00
336.00	273.00	771.00	340.00
326.00	263.00	771.00	340.00
321.00	262.00	748.00	330.00
330.00	256.00	734.00	324.00
329.00	250.00	734.00	324.00
322.00	261.00	719.00	317.00
314.00	253.00	734.00	324.00
314.00	262.00	719.00	317.00
308.00	252.00	734.00	324.00
309.00	257.00	719.00	317.00
313.00	263.00	705.00	311.00
325.00	274.00	684.00	302.00
321.00	282.00	677.00	299.00
315.00	291.00	677.00	299.00
310.00	290.00	698.00	308.00
319.00	299.00	677.00	299.00
320.00	302.00	677.00	299.00
319.00	299.00	677.00	299.00
320.00	299.00	684.00	302.00
305.00	293.00	705.00	311.00
305.00	282.00	712.00	314.00
305.00	291.00	705.00	311.00
314.00	287.00	684.00	302.00
316.00	287.00	684.00	302.00
311.00	282.00	684.00	302.00
313.00	283.00	664.00	293.00
318.00	285.00	664.00	293.00
312.00	293.00	651.00	287.00
319.00	286.00	632.00	279.00
322.00	291.00	626.00	276.00
318.00	294.00	626.00	276.00
307.00	285.00	645.00	285.00
321.00	288.00	626.00	276.00
317.00	291.00	619.00	273.00
322.00	294.00	601.00	265.00
324.00	293.00	589.00	260.00
326.00	300.00	572.00	253.00
325.00	300.00	578.00	255.00
332.00	306.00	566.00	250.00
327.00	310.00	566.00	250.00
323.00	313.00	566.00	250.00
324.00	320.00	550.00	243.00
332.00	324.00	544.00	240.00
329.00	319.00	555.00	245.00
320.00	323.00	566.00	250.00
328.00	325.00	550.00	243.00
323.00	326.00	566.00	250.00
328.00	329.00	566.00	250.00
334.00	326.00	566.00	250.00
326.00	330.00	583.00	258.00
323.00	326.00	583.00	258.00
322.00	319.00	595.00	263.00
328.00	317.00	578.00	255.00
333.00	319.00	566.00	250.00
331.00	310.00	572.00	253.00
331.00	308.00	566.00	250.00
336.00	302.00	572.00	253.00
337.00	302.00	566.00	250.00
334.00	296.00	566.00	250.00
351.00	295.00	555.00	245.00
348.00	285.00	566.00	250.00
342.00	281.00	572.00	253.00
341.00	278.00	583.00	258.00
346.00	278.00	589.00	260.00
352.00	272.00	595.00	263.00
348.00	264.00	607.00	268.00
354.00	267.00	595.00	263.00
352.00	263.00	607.00	268.00
356.00	257.00	589.00	260.00
361.00	267.00	607.00	268.00
363.00	261.00	589.00	260.00
372.00	264.00	572.00	253.00
371.00	267.00	589.00	260.00
376.00	271.00	583.00	258.00
382.00	272.00	583.00	258.00
398.00	275.00	566.00	250.00
399.00	269.00	561.00	248.00
400.00	274.00	566.00	250.00
403.00	270.00	561.00	248.00
407.00	264.00	561.00	248.00
421.00	274.00	544.00	240.00
426.00	275.00	528.00	233.00
420.00	271.00	533.00	236.00
417.00	268.00	544.00	240.00
417.00	267.00	533.00	236.00
406.00	267.00	544.00	240.00
407.00	261.00	544.00	240.00
404.00	258.00	550.00	243.00
411.00	256.00	544.00	240.00
419.00	250.00	533.00	236.00
426.00	254.00	528.00	233.00
432.00	247.00	513.00	226.00
430.00	247.00	518.00	229.00
425.00	243.00	523.00	231.00
430.00	246.00	528.00	233.00
435.00	247.00	518.00	229.00
428.00	239.00	533.00	236.00
424.00	238.00	550.00	243.00
429.00	242.00	533.00	236.00
427.00	240.00	539.00	238.00
422.00	240.00	555.00	245.00
420.00	243.00	572.00	253.00
412.00	237.00	583.00	258.00
408.00	236.00	595.00	263.00
414.00	234.00	595.00	263.00
422.00	235.00	578.00	255.00
419.00	237.00	595.00	263.00
423.00	235.00	589.00	260.00
437.00	234.00	572.00	253.00
443.00	242.00	566.00	250.00
443.00	235.00	572.00	253.00
