591	492	72	138
604	495	66	139
618	495	69	134
632	496	79	124
640	498	85	118
648	489	79	118
645	490	76	120
618	491	73	124
605	486	70	127
596	487	66	128
588	485	62	129
571	476	66	129
548	474	78	119
540	479	85	115
541	469	80	119
558	468	73	127
586	476	74	125
600	477	72	129
613	471	65	132
618	478	61	135
620	481	60	136
632	479	62	134
638	477	69	126
640	473	74	120
638	463	73	121
639	461	69	125
615	464	67	127
598	468	70	128
587	459	68	130
590	451	65	133
596	450	60	138
597	447	60	137
589	436	58	137
581	431	60	133
580	438	66	132
587	448	70	130
598	449	67	130
610	444	62	131
621	444	63	127
627	451	63	129
626	449	61	130
624	452	58	128
615	456	61	127
602	455	66	125
594	443	66	126
593	438	64	127
589	452	63	129
588	470	64	129
594	463	61	127
604	459	61	126
603	462	61	127
607	455	59	130
607	458	56	131
606	466	61	129
607	471	62	128
603	462	59	128
598	464	59	128
591	464	59	128
587	453	56	130
587	454	57	128
592	457	59	128
598	449	57	129
598	445	55	129
591	452	58	129
591	453	59	130
598	444	56	132
608	449	61	129
613	455	67	127
620	446	65	127
621	443	63	126
611	448	62	128
609	441	61	130
612	432	56	133
617	436	57	132
614	446	60	134
614	435	58	132
604	431	60	130
593	436	67	127
587	436	72	127
587	429	72	128
590	432	65	131
601	441	65	130
609	442	63	133
614	434	61	131
613	436	60	130
609	443	58	132
613	440	55	134
623	438	55	133
630	442	60	128
633	448	63	127
633	441	61	127
624	439	59	126
609	446	63	124
601	448	64	126
604	442	61	126
609	448	59	127
615	458	60	126
618	453	59	125
617	457	57	124
609	465	61	124
608	463	62	126
611	458	56	128
617	466	59	128
623	470	59	128
624	464	55	127
610	471	62	124
599	470	63	126
599	465	61	127
603	473	63	126
611	475	61	129
613	469	57	130
603	475	59	130
606	476	58	131
617	474	61	128
636	469	62	127
637	472	59	127
533	454	59	126
529	446	54	130
540	433	59	127
567	432	67	121
592	436	64	119
605	448	66	111
613	464	72	101
623	475	73	98
635	477	64	106
634	487	64	113
622	492	61	121
611	497	62	125
598	489	62	131
565	474	69	134
548	483	85	120
548	489	92	115
554	481	85	118
571	484	75	124
599	495	69	129
616	498	66	132
634	496	69	133
662	493	65	135
668	493	72	127
652	501	78	118
643	496	72	123
616	489	74	124
585	490	79	122
558	482	78	125
547	474	75	129
534	476	72	130
520	470	73	130
532	483	85	120
551	487	85	123
567	488	76	127
596	496	79	123
625	502	77	123
652	495	68	130
654	495	64	131
665	489	59	136
652	491	65	129
635	496	70	125
609	491	68	127
577	487	75	125
550	489	86	116
519	481	84	119
525	468	75	127
537	478	65	129
549	476	62	131
563	487	72	125
581	493	75	128
610	497	70	130
635	501	77	120
660	509	80	117
674	500	72	124
658	502	73	128
644	504	72	131
627	502	74	129
609	501	77	127
571	493	73	131
537	486	80	125
519	490	88	120
514	489	82	124
540	486	71	128
578	500	67	127
600	498	59	133
621	502	60	134
645	501	59	136
670	500	63	131
676	505	74	120
671	507	76	119
664	499	70	130
632	502	74	130
603	501	74	132
589	498	73	133
566	492	69	135
533	482	73	137
523	488	87	128
530	496	91	125
547	491	80	130
578	494	78	129
605	500	76	127
622	494	70	131
637	494	67	132
652	496	65	138
664	494	69	132
655	498	79	122
648	502	79	122
634	493	75	128
603	498	79	124
574	497	81	124
552	488	75	129
544	486	70	134
529	478	70	138
525	472	77	139
539	493	91	131
561	496	89	134
593	495	83	133
612	501	88	128
632	505	89	126
661	499	78	132
671	504	69	140
671	494	68	141
650	494	75	134
632	504	79	128
604	499	77	133
571	494	83	131
547	499	95	122
527	490	97	120
527	486	90	127
530	492	83	137
547	495	79	143
563	488	90	137
581	496	93	139
601	500	89	141
633	502	93	132
651	507	95	125
667	493	89	128
664	490	87	133
635	496	86	135
611	490	82	137
604	486	84	136
586	486	87	134
545	481	95	132
520	490	106	123
517	484	109	124
526	476	98	130
560	486	89	135
590	492	80	141
607	492	79	145
623	496	80	144
638	493	75	142
651	496	82	130
649	500	85	126
651	498	78	130
622	496	77	131
593	505	75	134
574	500	69	136
563	490	67	136
530	485	73	135
520	493	85	123
530	499	86	124
547	499	78	130
587	501	72	132
613	505	64	139
629	507	68	138
657	505	66	139
669	515	74	130
652	513	81	121
648	519	73	129
622	510	73	132
595	512	74	131
571	511	72	131
550	498	67	134
520	484	72	135
519	497	86	123
534	504	88	123
536	505	81	126
577	509	79	124
606	521	77	125
635	523	70	133
662	513	65	135
687	512	65	133
679	513	75	123
658	520	81	119
633	519	78	127
596	506	86	125
555	499	96	119
513	494	91	121
508	493	81	128
518	493	71	135
530	488	76	135
548	498	90	125
569	501	88	129
601	510	85	125
633	513	97	112
669	509	98	108
689	505	87	119
678	503	80	127
657	507	75	131
632	507	75	130
606	514	75	130
559	509	78	131
515	505	91	122
502	504	96	116
506	508	85	122
549	514	78	125
578	515	77	126
595	514	77	127
637	512	84	127
663	464	94	127
676	412	100	122
700	414	101	126
730	464	93	138
716	512	86	146
686	525	85	140
644	511	85	135
593	513	87	126
527	509	95	118
506	519	103	108
517	521	101	115
568	512	94	124
588	514	94	128
600	526	106	119
636	517	109	119
677	492	102	128
713	469	97	126
719	475	92	120
706	481	87	116
652	489	95	108
585	497	104	101
530	486	108	99
500	465	105	102
498	448	90	108
498	443	85	111
485	429	85	110
471	444	88	106
476	470	88	111
494	480	86	115
536	502	90	110
582	519	103	101
629	514	100	100
638	503	88	112
634	512	79	122
615	519	83	121
592	515	88	117
555	501	82	125
524	466	86	126
513	429	84	128
520	410	78	125
523	423	74	123
512	440	71	123
517	469	77	125
556	487	76	132
612	494	78	129
645	498	95	113
678	490	103	107
677	463	95	112
656	454	85	116
649	446	77	117
645	438	75	114
623	456	72	115
572	461	72	116
546	468	85	107
541	463	77	116
570	454	67	127
593	462	60	134
596	464	56	133
608	477	67	126
647	483	72	126
686	468	79	119
687	483	88	106
682	499	84	109
673	481	78	115
646	484	76	116
623	484	72	119
596	483	71	120
549	490	68	124
516	470	76	124
528	467	81	115
556	463	72	117
596	472	73	111
633	478	70	111
668	477	61	117
690	481	57	122
722	484	58	125
712	482	74	114
691	491	82	109
687	494	73	120
669	490	75	121
624	506	91	110
567	508	102	106
530	483	94	112
539	482	81	120
556	495	73	124
583	505	73	123
599	516	81	118
628	522	76	127
658	502	78	124
682	495	80	116
687	493	73	120
