163	54	393	128
163	61	385	131
152	67	396	125
151	71	393	116
153	77	386	111
151	79	381	105
130	79	398	110
114	70	415	130
113	67	417	124
92	64	441	143
104	60	421	135
139	51	384	131
130	49	397	136
140	46	387	141
141	44	387	143
143	42	388	141
126	38	405	151
146	37	380	147
141	36	388	149
141	36	392	147
137	37	396	156
122	45	422	151
132	42	409	149
110	66	438	138
121	63	436	153
84	97	470	136
83	94	469	139
73	91	467	143
83	101	437	136
72	80	440	148
60	107	444	129
60	113	443	126
47	86	457	139
44	84	452	155
56	107	436	133
55	80	445	136
62	109	428	132
78	102	410	134
83	98	401	143
84	87	403	154
78	86	402	159
78	93	397	156
82	108	391	146
81	114	392	146
69	102	407	158
64	104	414	158
58	110	417	157
52	103	425	163
51	100	417	145
49	105	425	163
42	96	419	161
40	88	415	153
38	90	418	152
35	96	425	207
31	91	429	217
24	88	410	167
22	91	401	203
15	87	407	202
14	81	397	120
4	74	396	137
9	80	385	140
4	77	383	144
3	77	380	150
11	90	375	130
2	101	367	111
4	99	371	120
3	105	376	127
6	102	368	109
5	101	383	134
5	94	353	116
0	90	378	139
0	82	392	157
26	98	398	164
72	86	369	197
90	136	352	152
107	178	344	103
90	90	319	156
63	74	376	180
25	56	425	204
26	56	411	204
28	78	420	187
13	54	439	204
21	59	448	205
23	65	444	181
27	72	434	174
30	73	443	171
17	73	455	169
41	75	401	174
94	83	307	170
90	91	359	152
57	90	388	162
206	105	342	164
203	115	351	152
169	110	389	155
230	195	338	82
228	174	338	103
18	39	252	200
89	89	420	151
10	39	346	218
12	48	362	212
15	56	451	216
239	162	349	124
22	55	435	213
245	162	354	135
31	70	505	209
54	93	550	209
34	75	573	212
27	72	585	211
32	69	561	220
294	140	315	147
279	153	327	130
9	54	301	175
11	54	315	184
10	44	305	195
9	44	315	205
233	137	382	144
4	48	326	218
0	53	401	223
41	60	581	228
248	116	372	173
98	76	522	214
16	66	606	232
29	71	584	247
51	79	566	240
32	82	600	235
51	87	572	211
148	96	479	197
43	89	583	225
128	86	500	210
0	85	476	221
0	76	549	228
42	70	575	223
25	62	590	222
19	60	597	220
16	65	599	213
18	72	591	202
12	75	598	195
9	80	593	193
10	77	588	198
8	69	591	207
3	67	589	214
3	63	561	223
61	72	511	216
51	75	519	215
71	73	487	219
78	68	485	218
30	81	494	211
71	67	483	222
4	65	540	226
4	68	524	225
62	63	466	224
72	62	451	217
76	64	440	205
59	64	452	204
30	64	478	200
23	63	477	199
48	60	455	197
79	61	418	196
64	59	430	196
60	55	433	201
73	56	420	195
56	53	437	208
57	58	437	214
40	57	452	220
58	57	423	218
54	72	435	205
38	77	452	203
24	76	458	207
23	74	441	192
16	108	470	207
23	141	461	190
13	130	470	213
18	130	459	194
12	90	477	226
67	128	428	188
56	106	441	191
38	116	457	184
75	111	422	183
76	103	427	185
82	109	422	187
83	110	423	187
79	112	429	186
63	110	443	188
56	113	458	194
60	115	454	198
62	115	456	197
67	122	457	195
70	116	462	196
73	118	463	191
71	125	461	174
87	128	434	163
84	123	428	165
94	125	419	163
99	125	417	166
112	124	406	170
127	123	392	155
115	128	401	159
123	131	393	155
111	130	402	160
113	126	390	164
129	129	371	165
108	127	383	140
109	128	377	138
115	126	367	144
110	125	363	136
113	123	361	133
109	125	358	127
103	122	351	130
104	119	334	125
99	121	333	124
95	127	340	118
89	113	373	146
79	114	384	171
82	115	385	159
59	116	405	151
52	109	408	159
47	110	417	156
97	107	369	159
57	115	412	153
58	116	414	160
122	119	346	147
111	128	358	136
123	127	347	129
137	123	331	128
150	123	316	127
119	123	351	130
114	119	366	141
99	120	386	137
105	135	371	116
95	131	387	118
106	144	387	103
103	154	368	84
107	157	405	84
102	145	404	87
104	149	434	89
105	137	438	98
104	137	444	96
106	141	449	94
105	143	455	94
105	145	464	91
102	136	471	104
104	117	471	150
106	122	475	141
108	119	469	153
106	121	458	148
106	118	468	158
115	118	465	162
113	121	454	159
120	144	470	124
126	137	485	126
124	131	461	132
124	138	481	126
131	136	475	138
128	136	483	136
127	127	478	147
126	119	478	168
131	124	466	145
124	126	470	149
126	130	465	159
122	124	470	162
111	126	477	159
115	134	463	154
122	156	453	117
123	147	447	124
123	165	441	106
116	156	445	114
122	157	438	114
126	155	434	114
115	155	448	109
105	142	463	121
115	137	445	120
127	131	429	124
147	127	403	128
141	132	411	121
134	150	418	117
164	157	376	108
125	175	412	90
125	176	409	89
152	177	366	89
103	171	416	110
113	164	402	124
92	147	393	129
101	160	283	121
105	168	272	103
93	145	414	128
104	139	387	137
40	122	322	145
57	136	317	133
48	141	287	121
153	183	237	88
130	181	264	89
110	187	349	86
84	192	363	80
81	170	379	111
77	178	385	97
85	193	373	72
84	185	368	87
79	177	365	99
76	176	365	92
71	171	372	109
52	165	363	122
41	176	369	116
49	191	358	91
45	187	354	99
9	174	376	111
44	168	349	113
84	191	297	79
35	149	306	116
66	168	179	99
62	148	256	109
12	162	296	105
11	167	296	93
47	175	286	86
10	171	300	81
5	135	216	112
