681	251	84	76
680	250	82	76
683	250	81	75
684	251	82	74
683	249	84	74
685	249	81	71
684	248	84	72
683	245	81	69
684	242	82	70
686	245	78	69
688	242	88	69
689	242	85	68
690	239	89	73
693	240	87	73
701	242	80	70
703	242	75	71
706	245	68	68
708	242	64	70
711	243	59	68
712	232	59	78
703	231	68	78
718	242	51	65
722	251	44	53
721	249	48	55
726	245	44	56
723	245	49	53
726	248	47	51
726	252	47	45
728	254	45	40
728	260	46	33
727	257	47	39
731	258	43	41
729	256	45	43
727	259	47	43
725	256	51	50
726	248	44	62
726	249	41	63
724	254	45	59
725	257	46	60
720	255	50	64
718	255	56	65
716	252	59	71
716	253	57	70
715	257	58	69
717	261	56	67
715	261	55	69
715	261	53	71
714	261	56	72
715	262	54	74
714	263	53	73
715	264	53	74
714	264	49	72
713	268	51	70
711	269	54	70
710	271	51	68
709	272	52	66
708	273	51	65
705	275	55	65
702	273	58	66
704	274	54	66
703	275	56	65
703	276	55	65
704	277	53	62
704	278	52	61
703	279	53	60
702	281	56	59
700	283	55	57
699	283	55	57
701	286	52	54
701	287	51	52
700	287	54	51
700	288	51	52
700	289	50	51
700	289	49	53
699	288	49	57
700	293	48	55
700	291	46	56
700	293	46	54
701	296	47	51
701	296	47	52
701	296	47	52
701	292	48	55
700	292	51	55
697	290	53	56
694	288	57	58
690	286	60	59
690	283	61	61
689	280	62	62
685	279	66	63
680	278	70	64
679	282	72	59
686	284	66	56
690	276	60	62
689	275	62	63
686	273	65	66
686	268	65	70
688	267	62	71
690	272	60	67
692	271	57	68
693	271	55	67
695	264	52	73
694	266	52	70
694	263	52	74
693	264	47	72
693	262	49	72
693	263	48	72
694	260	45	73
694	261	43	71
696	258	42	73
695	258	44	72
699	258	40	68
699	257	37	68
703	258	33	69
700	254	35	71
700	252	33	70
702	249	31	73
688	251	45	68
698	249	33	68
691	243	39	74
698	242	33	75
697	247	34	67
698	240	32	75
694	244	39	66
700	239	31	68
702	237	28	70
702	234	27	70
703	236	26	68
706	237	23	67
706	239	23	63
705	239	25	60
705	241	24	57
703	241	27	58
705	242	25	56
704	244	28	54
700	244	31	55
701	244	31	54
699	244	33	54
700	244	32	53
699	245	34	52
697	245	35	52
698	247	34	47
697	248	36	47
698	249	34	45
696	247	36	48
697	248	36	46
696	250	37	45
694	247	44	47
694	248	50	45
694	248	46	46
694	248	52	45
695	246	42	46
695	249	51	44
694	240	44	53
693	241	45	51
692	235	48	57
690	233	50	59
687	226	56	67
685	226	60	65
683	232	61	61
681	233	61	60
682	234	57	57
687	238	50	51
689	241	47	49
689	245	46	45
689	245	46	46
687	243	47	49
685	242	47	50
683	238	52	54
685	237	55	56
683	237	60	58
681	232	61	62
685	231	61	63
685	225	56	69
678	224	71	69
677	229	78	64
671	219	82	74
675	228	76	69
663	232	84	71
659	230	82	78
660	226	74	87
657	227	78	84
658	228	76	82
671	229	63	77
677	225	57	76
682	234	52	62
685	226	53	67
684	224	55	66
680	225	57	65
678	224	60	68
678	228	61	67
672	235	69	70
676	227	68	83
682	215	65	92
691	209	62	96
693	201	63	106
687	194	72	124
684	191	69	141
668	195	81	149
662	203	90	139
659	229	99	99
659	229	107	72
668	229	107	74
672	227	113	74
686	225	111	73
696	220	116	76
700	216	127	81
691	205	160	98
692	189	193	129
703	206	218	128
706	177	250	163
721	199	271	151
716	198	297	161
722	201	324	166
717	197	323	173
721	196	319	197
719	196	317	211
716	198	320	241
716	199	319	264
720	203	301	286
716	209	299	293
718	215	296	300
711	214	302	304
710	209	346	309
724	216	333	291
725	214	329	275
741	208	304	269
760	226	269	233
783	251	248	187
805	292	208	137
825	302	168	135
852	308	132	129
864	309	119	122
875	310	114	111
883	311	104	101
889	312	96	91
898	312	90	87
906	313	82	85
915	314	76	86
922	317	70	85
929	324	64	81
937	328	57	78
941	326	54	81
945	327	53	80
947	325	55	82
950	328	55	81
952	330	55	80
953	333	58	73
954	337	58	70
954	337	62	70
957	339	63	68
960	344	62	68
962	345	62	69
963	347	63	69
963	348	66	70
966	350	65	72
967	351	67	75
971	350	66	81
973	352	66	82
973	351	68	85
976	353	69	88
978	357	69	89
979	356	70	92
981	360	70	91
986	362	67	92
991	364	66	93
994	365	65	95
999	366	63	97
1002	368	63	97
1004	371	64	97
1008	373	62	99
1012	378	61	95
1016	382	58	95
1019	384	59	94
1023	387	55	95
1024	390	55	94
1027	394	55	92
1032	397	51	91
1033	401	50	89
1037	402	47	90
1039	405	47	89
1039	406	47	88
1036	410	51	85
1033	413	55	84
1031	415	54	81
1027	416	57	79
1023	418	61	78
1019	421	66	74
1014	422	69	73
1010	427	74	70
1009	433	72	74
1008	434	74	73
1005	438	76	73
1000	446	79	70
996	450	85	67
991	453	88	68
986	458	92	66
983	459	95	66
978	466	95	59
975	468	100	56
969	469	103	56
964	468	110	54
962	468	110	51
955	467	115	46
952	466	116	40
947	466	120	40
944	466	122	42
939	466	123	44
933	466	129	49
930	466	127	49
925	465	131	51
919	465	132	50
916	465	134	51
911	465	135	53
906	464	136	53
902	464	137	53
898	463	138	53
896	463	139	54
891	462	139	54
888	461	141	54
884	460	142	54
879	460	143	51
877	459	144	52
873	457	142	52
869	454	144	53
868	453	140	53
864	447	141	58
862	446	141	56
858	439	140	62
855	436	140	65
852	435	140	66
849	434	142	64
847	433	139	66
844	432	137	63
843	432	133	61
840	431	133	59
836	429	132	59
835	428	128	59
833	426	129	61
831	423	127	60
829	420	127	65
827	420	126	61
825	416	124	65
823	415	123	65
820	413	123	64
819	413	121	64
819	412	118	63
816	413	119	61
816	415	116	57
814	417	115	52
812	418	115	50
811	418	112	47
808	420	111	44
807	419	110	44
806	419	107	37
805	418	105	38
804	418	104	41
803	418	100	42
802	416	99	48
803	416	95	48
803	415	92	52
801	413	90	55
802	413	89	57
801	413	84	58
799	412	82	61
796	413	83	62
792	413	85	64
788	411	87	68
783	409	89	71
782	410	86	72
778	409	85	73
776	409	86	76
772	408	86	81
769	408	86	82
765	408	87	84
763	407	84	87
758	406	87	93
749	404	92	97
751	406	87	99
751	404	87	103
756	406	81	104
761	408	76	108
765	412	73	109
769	416	70	108
773	420	68	110
777	425	64	110
777	430	66	110
775	437	71	109
774	442	74	108
775	447	77	108
775	454	80	107
778	458	81	107
780	463	83	108
785	470	82	103
783	472	88	103
789	477	84	101
792	480	85	102
792	485	90	101
791	489	96	101
790	495	103	95
793	499	105	94
795	500	109	96
796	505	114	98
798	507	120	98
799	511	123	94
799	514	132	92
802	521	132	87
804	524	136	85
810	526	134	86
813	531	133	83
818	535	132	80
820	536	128	77
826	542	125	75
828	545	125	73
834	548	119	72
840	553	112	68
844	555	105	67
849	557	100	68
855	562	100	64
862	562	93	64
868	566	91	60
877	568	86	59
881	572	85	57
888	575	80	58
893	576	76	61
901	578	70	55
909	580	65	48
913	580	64	52
918	582	58	51
925	583	52	53
928	582	49	52
928	586	50	51
924	585	54	51
918	584	60	50
915	588	63	50
916	586	61	53
910	589	67	50
903	592	72	47
900	591	77	49
899	591	81	50
898	591	86	49
892	589	93	50
890	590	97	54
888	588	99	54
889	587	98	56
887	588	103	57
885	588	107	53
878	589	110	51
