621	279	53	89
626	276	48	95
626	276	48	94
626	275	49	95
625	275	48	94
626	273	48	96
625	271	48	99
624	268	49	103
625	266	47	104
625	265	47	105
626	262	47	111
625	262	47	111
625	264	47	109
623	264	48	110
623	266	47	111
624	268	44	114
623	269	45	114
624	270	45	116
626	274	44	113
629	285	42	98
629	286	43	96
631	293	41	91
629	284	42	97
628	275	43	106
629	276	42	104
632	286	38	92
634	300	38	81
636	300	38	80
636	299	36	79
636	302	35	76
637	302	35	78
638	292	36	87
636	292	37	90
635	282	41	101
635	289	42	96
635	302	38	81
637	302	36	82
634	301	39	84
634	301	41	83
636	292	40	93
637	290	40	94
633	272	43	114
632	268	46	119
631	266	45	122
629	262	49	128
633	261	47	132
632	259	50	134
632	259	49	135
632	262	46	134
632	263	44	132
632	261	43	135
630	260	44	137
625	265	49	135
627	266	48	134
628	260	46	140
628	260	46	142
629	258	44	145
629	256	45	148
628	253	45	150
628	251	46	151
627	249	47	154
627	248	46	155
626	246	49	156
627	246	48	157
626	247	48	157
626	245	50	158
626	240	52	160
629	244	49	157
624	240	54	158
627	242	53	154
630	253	51	142
632	255	46	141
634	271	44	126
635	276	40	120
636	286	40	110
638	293	38	103
638	282	37	114
637	283	39	115
634	264	42	137
633	242	44	161
635	248	42	156
636	240	46	164
636	250	44	156
636	255	42	152
636	244	47	166
637	246	46	166
636	249	47	165
636	251	48	164
635	250	46	167
635	249	46	168
634	252	47	165
634	255	47	167
633	256	47	168
633	259	46	166
631	253	49	175
631	257	48	172
629	253	50	178
631	254	48	178
630	255	50	180
629	252	52	186
630	250	51	189
628	249	52	191
627	247	54	192
628	246	54	195
628	246	53	196
627	245	54	193
624	248	59	189
625	249	60	190
626	249	59	191
628	252	58	187
636	252	49	186
637	247	48	188
639	250	47	186
641	252	44	186
638	253	50	181
643	260	44	176
644	264	43	171
646	276	42	160
647	288	41	149
648	309	38	124
649	301	38	132
650	294	36	140
649	279	38	156
649	270	38	165
648	254	43	183
649	254	45	184
652	253	43	186
653	253	44	185
653	251	45	189
653	252	44	188
653	253	47	187
654	251	47	192
653	252	47	189
654	253	45	187
655	254	45	188
655	254	45	187
654	255	45	189
653	258	47	185
652	256	47	187
652	260	46	188
651	256	48	191
650	257	49	192
651	256	46	199
647	259	49	194
646	260	49	194
645	261	49	192
643	256	53	200
642	255	53	206
641	256	54	208
639	257	56	210
638	258	57	208
636	260	57	206
632	260	63	205
635	263	58	203
634	263	60	204
638	266	55	202
641	271	53	197
640	275	53	196
643	280	50	189
641	278	52	192
644	285	52	183
646	287	50	181
648	296	48	172
653	320	45	148
654	314	43	155
655	317	41	152
655	324	42	144
652	296	45	174
653	300	43	168
653	296	42	171
650	275	46	192
653	274	45	197
656	274	43	198
656	276	42	194
655	275	45	194
656	275	43	194
655	274	45	195
655	274	46	197
654	276	49	193
656	275	47	197
655	277	47	195
655	277	46	196
652	278	51	193
652	278	50	197
650	277	52	200
650	279	50	203
648	290	53	190
649	288	53	191
647	288	55	190
648	295	54	185
647	303	54	175
646	296	54	182
645	296	55	182
643	281	58	200
642	278	59	202
640	276	62	207
638	278	64	204
636	278	65	205
637	283	64	198
639	287	61	195
639	289	60	194
641	295	57	187
638	291	58	190
643	298	54	187
646	309	49	176
647	319	47	165
644	312	49	171
648	335	44	149
651	339	41	143
651	345	41	137
649	331	43	153
645	326	48	156
642	319	51	165
633	298	60	184
638	306	55	178
640	314	50	169
639	336	51	150
640	327	50	162
638	311	49	180
638	308	48	180
639	304	48	186
641	303	47	189
643	303	46	189
643	303	47	191
643	303	46	192
645	302	46	200
646	303	48	197
646	303	49	200
645	307	51	194
644	309	52	194
646	309	49	200
647	310	49	194
648	313	47	196
647	313	50	199
646	314	49	193
646	315	50	193
646	318	48	190
645	321	49	188
645	325	49	184
644	325	51	185
644	322	48	188
641	322	50	186
639	323	51	185
637	323	51	181
636	325	52	184
635	326	54	184
634	326	55	184
634	326	55	186
633	324	55	184
632	325	56	184
632	326	56	182
633	325	53	183
633	327	52	181
630	325	54	181
632	325	53	180
634	326	52	178
635	325	53	175
637	325	50	173
637	324	50	172
637	324	50	174
637	323	50	172
637	321	50	171
638	321	50	168
640	320	46	172
640	317	47	169
638	311	50	160
642	309	45	164
641	303	46	160
642	297	46	163
645	293	44	159
644	290	47	163
643	284	50	161
643	283	50	161
644	280	51	159
643	279	51	158
643	278	52	157
643	278	51	152
643	277	52	151
643	276	51	147
641	275	53	142
640	276	53	141
639	275	54	128
638	277	55	137
639	278	53	128
639	278	54	135
638	280	55	133
638	282	55	131
638	283	55	130
637	284	55	128
635	286	54	123
632	289	56	124
629	290	58	122
626	292	59	117
625	292	60	117
624	293	59	110
623	294	59	111
623	295	60	108
622	296	59	106
621	296	58	106
620	296	59	109
618	296	59	121
615	295	59	115
615	295	59	140
614	295	61	127
613	293	61	130
615	293	60	127
615	293	58	130
614	294	59	132
616	295	56	127
618	297	54	125
617	293	56	123
617	294	55	129
617	294	57	124
619	295	54	121
619	295	55	121
619	296	55	121
619	297	55	125
620	297	58	132
620	296	57	126
623	296	56	138
627	294	52	147
629	291	51	141
631	287	49	139
630	287	51	132
633	286	45	122
632	281	48	127
631	278	49	123
632	276	50	125
632	276	52	120
631	275	53	115
634	273	52	116
636	272	52	115
640	272	50	114
640	272	50	114
640	272	53	114
642	271	53	112
643	271	54	113
642	272	55	109
