308	94	88	108
308	96	89	105
305	96	87	100
304	57	89	109
309	58	85	109
311	40	76	103
297	25	80	91
298	25	79	91
300	26	73	49
290	26	78	60
289	24	83	62
290	33	61	78
286	33	69	85
304	48	37	65
281	101	51	64
278	101	55	70
275	123	55	86
268	135	60	84
242	173	75	80
227	195	76	69
208	219	80	72
208	222	80	67
200	223	83	65
196	224	71	63
195	221	70	55
184	220	71	59
185	219	72	60
185	221	74	61
181	217	74	70
182	216	73	75
185	217	72	70
190	220	64	66
190	217	64	67
194	219	57	65
194	218	64	69
191	215	66	78
196	222	60	72
199	225	58	70
197	222	64	76
205	224	58	74
208	225	57	73
209	221	64	83
219	221	62	84
225	220	61	86
228	219	58	82
232	217	60	77
234	219	65	74
240	217	70	76
241	218	66	74
242	217	65	74
244	216	69	77
245	216	70	78
249	218	71	77
252	219	68	74
254	217	71	77
255	219	71	75
260	222	71	76
261	221	71	75
264	219	76	83
266	220	77	76
270	222	81	75
272	215	83	76
272	216	82	73
271	212	85	83
278	211	80	76
278	209	83	81
284	213	83	80
286	212	85	82
285	210	86	86
288	213	83	79
290	216	80	75
292	215	79	80
294	215	82	88
295	217	83	85
293	216	86	81
299	215	81	81
298	215	83	80
300	212	82	83
304	205	84	87
303	206	87	88
302	204	87	90
308	203	87	95
310	207	84	94
310	204	87	99
310	205	87	92
312	205	84	87
312	203	86	95
312	201	87	96
316	200	84	90
315	200	85	92
315	197	85	96
314	199	83	94
322	197	77	92
322	194	81	98
322	194	72	90
323	196	71	87
326	192	69	90
325	193	80	90
325	193	78	91
330	191	64	90
326	190	71	92
329	194	62	89
327	195	69	91
325	191	73	105
321	190	80	110
334	184	66	99
329	185	72	103
329	188	75	98
326	187	76	96
321	180	81	103
322	189	80	94
332	185	75	97
332	184	77	97
332	185	74	95
332	175	72	104
335	175	69	103
336	185	66	96
332	181	73	106
334	184	70	93
333	191	68	89
329	193	72	90
332	199	73	89
330	203	75	86
329	204	76	86
330	210	75	80
328	201	81	91
326	205	82	86
321	191	95	106
327	187	82	95
330	181	82	102
331	171	85	110
331	174	81	105
334	182	80	91
335	183	76	103
335	177	78	109
334	190	80	91
338	192	78	95
336	192	81	97
341	190	77	96
341	188	78	97
340	187	77	100
340	191	81	95
341	191	78	94
343	195	73	91
346	190	75	94
345	192	78	94
350	195	73	90
352	193	75	99
352	193	76	100
353	194	75	98
352	190	71	97
352	193	69	91
354	198	72	93
353	198	70	92
354	200	72	90
356	199	77	92
354	200	78	91
358	201	72	88
359	202	72	87
360	200	72	89
360	204	80	88
362	203	83	88
362	203	81	89
363	201	79	82
365	204	77	81
367	202	76	80
368	202	75	79
368	202	76	80
370	206	74	78
370	205	74	82
370	208	73	79
372	209	71	76
371	212	73	74
372	211	73	78
377	213	71	81
372	214	77	81
374	207	77	86
381	211	68	79
382	212	67	80
378	212	74	81
381	210	72	79
382	210	71	79
384	211	70	82
387	211	68	84
387	211	68	84
386	215	68	82
385	216	73	82
385	215	74	85
383	215	72	86
383	215	73	86
386	215	71	87
385	216	74	88
384	216	74	88
387	214	72	91
390	212	72	89
388	211	75	91
392	212	69	87
391	210	70	87
389	212	72	85
390	213	71	83
391	213	69	82
391	214	70	81
392	216	72	85
390	215	73	89
390	214	74	90
390	216	69	83
391	217	69	81
391	219	67	80
392	219	71	91
393	220	70	89
392	212	74	94
390	214	78	99
393	212	74	86
392	213	77	88
392	213	78	90
391	212	74	85
388	208	81	91
387	210	82	92
394	213	73	89
392	215	72	89
391	216	75	89
392	216	76	92
387	216	78	85
391	215	74	88
389	216	73	86
388	217	74	86
391	216	75	84
391	214	81	99
393	214	77	98
396	212	72	83
396	209	69	85
397	211	68	84
398	212	66	86
394	212	70	87
388	204	76	94
390	213	73	90
392	216	71	87
392	215	74	92
396	218	71	86
395	218	71	85
391	218	72	88
394	217	70	91
395	215	69	92
393	215	70	89
396	216	67	89
396	217	67	88
395	211	69	92
395	209	68	94
395	213	69	88
397	212	69	92
397	212	67	89
397	213	66	90
397	211	66	95
399	211	64	94
397	215	66	91
396	218	66	93
394	217	68	93
391	212	70	91
393	218	67	86
387	209	83	94
406	219	61	85
406	219	64	85
409	218	57	84
409	215	57	81
408	216	57	81
408	212	59	83
410	213	57	83
409	212	59	84
410	215	57	82
410	215	55	82
404	213	65	88
407	216	62	86
407	217	61	85
404	216	71	89
415	208	59	96
416	207	60	98
415	203	63	96
420	201	58	93
418	201	61	92
421	205	59	87
419	204	60	88
419	208	64	92
424	219	66	81
424	220	66	77
427	219	64	80
422	203	66	93
427	204	60	91
417	197	67	97
415	204	68	89
415	204	67	91
417	214	64	89
417	216	68	89
418	216	67	88
432	211	60	98
428	210	71	97
423	208	87	100
435	202	60	106
434	203	60	99
425	205	72	104
422	215	75	93
423	210	74	102
424	213	73	95
432	209	74	113
434	209	72	115
429	207	77	115
439	204	63	107
434	206	67	102
428	212	70	95
427	212	70	98
427	216	69	94
436	208	60	104
438	199	59	112
439	192	57	111
441	203	56	96
441	201	58	100
431	201	68	99
432	203	66	97
433	204	64	97
432	209	68	97
430	209	71	97
434	201	66	105
438	196	60	101
439	200	57	93
434	207	64	91
430	214	66	92
429	210	69	96
429	215	70	88
430	203	69	103
429	204	69	101
435	193	64	102
437	196	60	95
437	200	60	105
427	201	72	104
427	200	70	103
427	205	76	98
435	203	64	103
433	204	66	101
434	204	61	101
434	202	59	95
433	201	60	101
421	207	71	104
422	204	71	107
422	207	71	105
426	209	71	108
428	209	72	112
425	205	73	113
426	202	74	106
429	203	68	107
431	201	64	96
424	205	69	95
424	204	67	94
418	209	76	94
436	190	59	115
433	207	62	99
429	204	64	100
429	206	60	100
428	208	63	101
418	214	73	104
416	209	75	108
419	215	73	103
420	219	77	109
419	213	81	114
425	214	70	113
433	212	64	99
431	213	64	91
413	211	81	96
413	212	81	99
413	214	76	95
413	215	82	101
412	213	82	103
416	215	77	98
414	215	78	97
414	216	80	96
414	216	79	103
418	218	75	87
417	219	75	90
419	214	77	98
418	214	79	102
419	219	74	86
423	217	75	92
422	216	74	95
423	215	74	96
424	216	73	93
422	216	74	94
426	216	70	94
426	218	74	91
423	218	76	89
424	218	78	93
424	218	77	88
426	221	80	92
431	219	68	91
434	219	62	92
432	218	65	89
438	220	65	92
436	218	68	94
437	217	68	91
435	217	70	94
433	217	71	94
438	214	71	92
440	218	70	89
444	214	66	91
445	217	61	86
444	218	60	84
447	219	62	84
444	221	65	84
442	220	65	86
440	221	67	88
439	221	72	91
446	221	61	89
446	221	65	90
446	221	65	88
449	222	61	86
446	219	67	88
447	218	68	89
448	217	64	92
450	215	63	93
451	215	62	92
452	216	61	88
449	214	64	91
448	214	64	92
446	212	66	94
442	221	73	92
445	216	73	105
445	216	71	93
447	220	68	87
447	216	63	92
451	225	58	80
450	222	57	81
446	220	60	81
447	217	61	82
446	219	63	80
452	220	57	81
450	216	59	86
451	216	59	84
451	216	59	84
452	217	58	83
448	218	62	85
446	217	64	86
445	220	65	83
439	218	72	90
437	220	75	94
441	219	71	93
445	223	65	90
445	220	66	91
445	220	67	90
444	213	65	94
445	212	65	94
443	216	66	91
446	208	60	100
447	211	61	97
445	214	64	96
443	218	67	96
442	218	68	90
442	218	66	89
440	223	66	88
439	221	69	93
442	221	64	93
436	216	72	100
438	221	67	98
437	217	67	93
437	220	65	90
435	221	64	91
437	222	62	80
439	223	59	79
434	215	76	96
434	218	74	97
435	217	73	98
436	214	72	104
436	213	78	104
438	216	71	98
435	217	70	98
436	218	69	98
440	223	64	92
439	223	64	91
437	222	63	91
435	219	65	94
437	210	63	103
437	220	64	90
433	219	68	98
439	218	62	100
437	217	65	106
440	218	62	89
435	216	70	100
433	216	71	101
440	216	71	111
437	216	75	114
436	216	77	116
434	217	74	106
432	217	72	101
424	220	87	111
422	219	88	101
424	220	91	110
433	218	77	114
428	218	81	116
429	209	76	111
433	214	79	112
435	213	78	113
434	215	73	96
446	217	69	99
444	217	72	102
451	215	73	94
447	215	77	102
444	216	79	103
441	213	76	106
433	220	93	104
433	217	96	109
445	226	91	108
442	225	103	111
441	215	108	135
439	215	120	156
441	220	129	173
441	218	135	211
443	234	146	250
441	232	147	252
443	232	155	261
438	223	168	263
441	226	160	262
438	224	172	259
434	222	173	261
435	225	176	260
426	229	189	258
427	227	187	256
425	228	191	260
423	226	202	264
426	237	200	256
419	224	214	274
411	229	211	262
412	223	218	269
419	233	212	266
418	229	215	266
420	228	215	266
415	225	224	264
415	225	220	258
410	213	236	270
402	225	252	266
407	224	248	270
401	225	258	271
411	225	265	262
413	230	267	256
429	229	270	252
430	231	271	248
427	222	275	256
430	231	290	238
428	230	291	240
428	230	298	237
425	228	305	251
426	229	306	249
428	226	300	245
420	231	316	235
420	233	315	233
410	230	343	244
413	227	337	252
417	227	329	249
402	224	352	249
398	221	361	252
400	230	369	252
391	229	378	245
392	228	380	247
382	224	394	255
371	229	417	247
372	227	417	252
375	229	413	242
378	225	435	240
382	221	431	242
387	219	445	238
387	218	448	240
360	229	484	240
378	221	462	245
378	222	468	243
385	225	466	241
410	198	462	268
407	199	461	267
423	247	443	216
435	273	428	186
449	271	425	184
465	264	418	183
467	272	419	180
470	276	427	169
451	230	461	222
455	235	459	217
493	274	423	170
479	238	448	212
484	243	442	206
497	254	452	187
527	264	424	195
527	260	421	201
537	257	444	194
455	230	539	215
553	251	454	187
590	256	435	185
573	254	443	183
617	259	422	182
608	252	448	182
604	251	450	190
596	245	467	192
626	244	456	199
626	247	458	194
676	229	412	203
672	232	412	201
666	229	430	203
696	221	388	204
689	222	396	209
703	225	396	201
