0.61511
0.04299
0.04153
0.04129
0.04136
0.04067
0.03798
0.03778
0.03821
0.03795
0.03803
0.03787
0.03796
0.03794
0.03793
0.03804
0.03802
0.03804
0.03893
0.03819
0.04543
0.03806
0.03797
0.04198
0.04205
0.03802
0.04272
0.04227
0.03831
0.03808
0.03793
0.0379
0.03796
0.04198
0.04265
0.03823
0.03867
0.03851
0.0394
0.03863
0.03807
0.03811
0.04335
0.04613
0.03831
0.04391
0.03861
0.03804
0.03808
0.03808
0.03836
0.04362
0.03801
0.03812
0.03848
0.04383
0.03808
0.04369
0.04361
0.03842
0.04817
0.04412
0.04396
0.04353
0.04358
0.03822
0.04366
0.03802
0.04353
0.04352
0.04346
0.04447
0.04377
0.04357
0.03848
0.03833
0.03839
0.03827
0.03831
0.03833
0.0487
0.03848
0.0383
0.03834
0.03843
0.03827
0.03832
0.03833
0.03816
0.0391
0.03842
0.03826
0.0384
0.03916
0.03847
0.03835
0.03825
0.03822
0.03938
0.03811
0.0433
0.04169
0.03879
0.04363
0.04039
0.04219
0.04288
0.03865
0.03842
0.03836
0.03842
0.03846
0.04367
0.03857
0.03843
0.03917
0.0386
0.03848
0.03839
0.03845
0.04824
0.03847
0.03854
0.03834
0.03968
0.03869
0.03839
0.03828
0.03843
0.03847
0.03837
0.03833
0.04092
0.04129
0.04197
0.03846
0.03837
0.03838
0.03818
0.04366
0.04809
0.03839
0.03964
0.03819
0.03815
0.03798
0.03802
0.03795
0.03801
0.0379
0.03953
0.04171
0.04138
0.03772
0.03787
0.03778
0.03802
0.03772
0.03767
0.03786
0.04754
0.03795
0.03799
0.03788
0.0378
0.03791
0.03782
0.0381
0.04295
0.04356
0.04314
0.03806
0.04302
0.038
0.03809
0.03825
0.03818
0.03806
0.04052
0.0425
0.04403
0.03891
0.03919
0.0442
0.03879
0.03891
0.03885
0.04019
0.03909
0.03892
0.03882
0.03889
0.03887
0.03885
0.03885
0.03885
0.03968
0.03897
0.03889
0.03901
0.04862
0.04415
0.04028
0.03853
0.03842
0.03927
0.03859
0.03863
0.03853
0.03844
0.03857
0.03851
0.03863
0.03877
0.04009
0.03901
0.03899
0.03876
0.03896
0.03901
0.04859
0.03926
0.03974
0.03984
0.03926
0.03564
0.03567
0.0357
0.03572
0.03571
0.03743
0.03889
0.03952
0.03917
0.03908
0.03915
0.03912
0.03761
0.03495
0.03518
0.04712
0.03945
0.039
0.03889
0.03894
0.03897
0.03979
0.03906
0.03565
0.03569
0.03543
0.03503
0.03497
0.03506
0.03495
0.03497
0.03497
0.03509
0.03512
0.03547
0.04477
0.035
0.03537
0.03551
0.03548
0.04076
0.03541
0.04253
0.04264
0.04412
0.03889
0.04093
0.03997
0.0379
0.03459
0.03799
0.03806
0.03976
0.03856
0.04349
0.04785
0.03832
0.03493
0.03505
0.03499
0.04026
0.03665
0.03582
0.03457
0.03442
0.03476
0.03471
0.03471
0.0342
0.03415
0.03423
0.03699
0.03482
0.03462
0.03461
0.04397
0.03691
0.03466
0.03568
0.03571
0.03547
0.03626
0.03575
0.03565
0.03581
0.03462
0.03569
0.03478
0.03456
0.0344
0.03991
0.03428
0.03403
0.03456
0.03667
0.04481
0.03459
0.03442
0.03439
0.03414
0.03493
0.03878
0.03432
0.03388
0.03394
0.03382
0.03395
0.03397
0.0343
0.03358
0.03992
0.03399
0.03882
0.03361
0.03873
0.03936
0.03366
0.03371
0.03363
0.03366
0.03415
0.03375
0.03373
0.03368
0.03368
0.03357
0.03367
0.03353
0.03373
0.0336
0.03448
0.03412
0.03398
0.03438
0.03443
0.044
0.03458
0.03434
0.03457
0.03492
0.03474
0.03484
0.03484
0.03465
0.03464
0.03456
0.03459
0.03452
0.03451
0.03515
0.03466
0.03478
0.03451
0.03441
0.03433
0.04413
0.03432
0.03428
0.03433
0.03494
0.03483
0.03434
0.03447
0.03496
0.03492
0.03489
0.0349
0.03522
0.03419
0.03433
0.03384
0.03391
0.03395
0.03388
0.03399
0.04373
0.03778
0.0341
0.03395
0.03465
0.03402
0.03421
0.03451
0.0352
0.03521
0.03516
0.03513
0.03526
0.03526
0.03575
0.03536
0.03511
0.01904
0.01896
0.01894
0.01892
0.01887
0.02004
0.01894
0.01881
0.01879
0.01909
0.01918
0.01909
0.01901
0.01901
0.01898
0.01903
0.01893
0.01894
0.01879
0.02201
0.022
0.022
0.03842
0.02291
0.01913
0.01923
0.03437
0.03532
0.03431
0.03537
0.0354
0.03488
0.0353
0.03529
0.03597
0.03439
0.03424
0.03435
0.03453
0.03458
0.0345
0.03393
0.03398
0.04467
0.03423
0.03481
0.0339
0.03459
0.03401
0.03459
0.03452
0.03456
0.03437
0.03498
0.03416
0.03464
0.03474
0.03468
0.03452
0.03455
0.03458
0.03448
0.03457
0.04464
0.03467
0.03465
0.03453
0.03458
0.03977
0.04054
0.03541
0.04018
0.04043
0.04105
0.03513
0.0344
0.03609
0.03871
0.03861
0.03878
0.03625
0.03434
0.03431
0.0427
0.04
0.03444
0.03431
0.03531
0.0352
0.0351
0.03523
0.03722
0.03898
0.03504
0.03414
0.03404
0.03428
0.03406
0.03407
0.03458
0.03397
0.03478
0.03418
0.04302
0.03413
0.03409
0.03416
0.034
0.0358
0.03437
0.03478
0.03527
0.03576
0.0348
0.03475
0.03474
0.03473
0.0346
0.03477
0.03458
0.03472
0.03513
0.03477
0.04438
0.03564
0.0346
0.03466
0.0347
0.03499
0.0346
0.03465
0.03537
0.03478
0.03452
0.03473
0.03471
0.03455
0.03471
0.03478
0.03473
0.03439
0.03518
0.03459
0.04407
0.03431
0.03436
0.03439
0.0346
0.03437
0.03446
0.03452
0.03517
0.03451
0.03454
0.03425
0.03425
0.03953
0.0342
0.0342
0.03434
0.0343
0.03499
0.03449
0.04403
0.03456
0.03444
0.03444
0.03592
0.03797
0.03806
0.03846
0.03818
0.03829
0.03804
0.03789
0.03798
0.03791
0.03733
0.03459
0.03535
0.03561
0.03473
0.0344
0.04463
0.03862
0.03493
0.03508
0.03418
0.03472
0.03536
0.03571
0.03556
0.03568
0.03537
0.0406
0.03525
0.03516
0.03514
0.03717
0.03543
0.03514
0.03514
0.03503
0.04489
0.03514
0.03828
0.03905
0.03901
0.03975
0.03932
0.03926
0.0381
0.03494
0.03503
0.03506
0.03554
0.03533
0.03574
0.035
0.03501
0.03498
0.03498
0.03519
0.04479
0.03523
0.03527
0.03517
0.03639
0.03536
0.03503
0.03803
0.04326
0.04334
0.03852
0.0435
0.03832
0.03902
0.03822
0.03848
0.04342
0.03815
0.0382
0.03819
0.04772
0.03815
0.03863
0.03812
0.03767
0.03756
0.03758
0.03748
0.04268
0.02124
0.03709
0.03738
0.0379
0.03757
0.04255
0.04254
0.03752
0.03766
0.03772
0.03753
0.047
0.03853
0.03805
0.03805
0.03809
0.03815
0.03822
0.03831
0.03848
0.03866
0.0386
0.03957
0.03541
0.03524
0.04046
0.03521
0.03522
0.04046
0.03535
0.03525
0.04566
0.04147
0.03544
0.03446
0.03424
0.03952
0.03673
0.03499
0.03457
0.03446
0.03855
0.04335
0.03994
0.03467
0.03457
0.03392
0.03401
0.03401
0.03388
0.03929
0.04468
0.03428
0.03424
0.03427
0.03438
0.03433
0.03415
0.03437
0.0343
0.03454
0.03414
0.03391
0.03427
0.03401
0.03386
0.03397
0.03397
0.03916
0.03388
0.03377
0.04437
0.0341
0.03417
0.03403
0.03412
0.0341
0.03408
0.03402
0.03464
0.03437
0.03473
0.03398
0.03538
0.03887
0.03853
0.03865
0.03481
0.03477
0.03485
0.03828
0.04493
0.03484
0.03497
0.03504
0.03474
0.03478
0.03498
0.03492
0.03471
0.03575
0.03476
0.03484
0.03482
0.03477
0.03469
0.03534
