0.61374
0.04001
0.03868
0.03756
0.03729
0.03727
0.03735
0.03723
0.03729
0.03746
0.03775
0.03862
0.04008
0.03908
0.03601
0.03594
0.03597
0.03602
0.03597
0.03616
0.04339
0.03595
0.0359
0.03596
0.03599
0.03592
0.03597
0.0359
0.03692
0.03605
0.03584
0.03593
0.03598
0.03655
0.03684
0.03688
0.03688
0.038
0.03799
0.03746
0.04741
0.03758
0.03766
0.03763
0.03756
0.03755
0.038
0.03794
0.03753
0.03767
0.03751
0.03764
0.03753
0.03753
0.03763
0.03766
0.03768
0.03903
0.03756
0.03752
0.04724
0.03739
0.0377
0.03758
0.03819
0.03805
0.03755
0.03745
0.03763
0.03772
0.03746
0.03752
0.03746
0.03757
0.03836
0.03962
0.04173
0.03762
0.03754
0.03767
0.04919
0.03745
0.03789
0.03782
0.03752
0.03745
0.03713
0.03705
0.03707
0.03713
0.03713
0.03715
0.03798
0.03731
0.03713
0.03719
0.03713
0.03753
0.03769
0.03769
0.04738
0.03985
0.03855
0.0377
0.03762
0.0376
0.03758
0.03762
0.03793
0.03759
0.03867
0.03802
0.03759
0.03765
0.03749
0.03761
0.0376
0.03765
0.03757
0.03969
0.04979
0.03777
0.0376
0.03758
0.03769
0.0387
0.03768
0.0378
0.03883
0.03786
0.03767
0.03759
0.0376
0.03764
0.03755
0.0376
0.03774
0.03809
0.03775
0.03788
0.04754
0.03763
0.03766
0.0376
0.03772
0.03763
0.0382
0.04006
0.04098
0.0377
0.03777
0.03769
0.03766
0.03761
0.03779
0.03841
0.03792
0.03831
0.03765
0.03764
0.04994
0.03959
0.03848
0.03997
0.0418
0.03909
0.03836
0.03828
0.03823
0.03784
0.03797
0.03893
0.03801
0.04015
0.03825
0.03794
0.03792
0.03792
0.03805
0.03808
0.04778
0.03793
0.03869
0.03918
0.03799
0.03787
0.03797
0.03791
0.03792
0.03791
0.03804
0.03905
0.03818
0.03788
0.03797
0.03787
0.03794
0.03884
0.03803
0.0379
0.04975
0.04281
0.04029
0.03787
0.03798
0.03793
0.03793
0.03793
0.03992
0.04229
0.04233
0.04209
0.04216
0.04076
0.03847
0.03887
0.03848
0.03926
0.03861
0.03839
0.0481
0.03834
0.03848
0.03835
0.03841
0.03851
0.03847
0.03857
0.03847
0.03864
0.03842
0.03845
0.03858
0.0385
0.03851
0.03867
0.03997
0.03846
0.03842
0.03829
0.04817
0.03935
0.03852
0.03883
0.03856
0.0384
0.03836
0.03867
0.03842
0.03843
0.03831
0.0384
0.03878
0.03863
0.03902
0.03833
0.03842
0.03849
0.03843
0.03847
0.04822
0.03874
0.03857
0.03832
0.03844
0.03857
0.03843
0.03832
0.03838
0.03834
0.0387
0.03851
0.03838
0.03836
0.03838
0.03832
0.03828
0.03825
0.03839
0.04076
0.04816
0.03834
0.03849
0.03847
0.03841
0.03855
0.03845
0.03848
0.03953
0.03865
0.03852
0.03846
0.03864
0.03845
0.03841
0.03839
0.03835
0.03951
0.03854
0.03832
0.04809
0.04605
0.03852
0.03842
0.03835
0.0384
0.04
0.03863
0.03844
0.03835
0.03834
0.03851
0.03843
0.03839
0.03841
0.03995
0.03862
0.03872
0.03843
0.03842
0.04814
0.03834
0.03866
0.0384
0.0394
0.0401
0.03833
0.03831
0.03831
0.03834
0.03855
0.03842
0.03847
0.03941
0.03865
0.03845
0.03836
0.03833
0.03841
0.03833
0.04807
0.03839
0.03903
0.03881
0.03806
0.03808
0.03801
0.03808
0.03813
0.03797
0.03801
0.039
0.03833
0.03801
0.03809
0.03801
0.03807
0.03853
0.03839
0.03843
0.04921
0.03861
0.03833
0.04032
0.0411
0.03895
0.03982
0.04107
0.03877
0.03831
0.03826
0.03827
0.03862
0.03836
0.03835
0.0383
0.03832
0.03878
0.03881
0.0383
0.04803
0.03838
0.03838
0.03838
0.03838
0.03835
0.0387
0.0384
0.03848
0.04048
0.04182
0.03813
0.03812
0.03812
0.03809
0.03837
0.03773
0.03769
0.03766
0.03765
0.04893
0.04268
0.03829
0.0376
0.03809
0.038
0.03763
0.03759
0.0377
0.03767
0.03772
0.03771
0.03765
0.03969
0.03843
0.03801
0.03817
0.0381
0.03812
0.03948
0.04791
0.03815
0.03879
0.03814
0.0379
0.03777
0.03764
0.03762
0.03762
0.03767
0.03764
0.03834
0.03825
0.03794
0.03793
0.03782
0.03963
0.04132
0.04094
0.04084
0.05124
0.04107
0.04086
0.04235
0.03893
0.03763
0.03769
0.03747
0.03875
0.03768
0.03778
0.03766
0.0376
0.0375
0.0376
0.03753
0.03756
0.03751
0.03847
0.03777
0.04758
0.03781
0.03737
0.03738
0.03727
0.03732
0.0377
0.03827
0.03769
0.03726
0.03731
0.03716
0.03762
0.03735
0.03738
0.03719
0.03858
0.03747
0.03744
0.03733
0.04663
0.03719
0.03732
0.03743
0.03728
0.03798
0.03736
0.0374
0.03729
0.03734
0.03736
0.03727
0.0389
0.03793
0.03837
0.03822
0.03769
0.03758
0.03802
0.03765
0.04723
0.04045
0.03835
0.03855
0.03764
0.03794
0.03765
0.03858
0.0376
0.03767
0.03771
0.03769
0.0384
0.03793
0.03769
0.03775
0.03858
0.03943
0.04115
0.03907
0.04728
0.03871
0.0376
0.03763
0.03764
0.03729
0.03723
0.03711
0.03729
0.03725
0.03841
0.03739
0.03734
0.03722
0.03741
0.03718
0.03726
0.03726
0.03763
0.03744
0.0483
0.03787
0.03766
0.03768
0.03772
0.03759
0.03765
0.03763
0.03766
0.03879
0.03794
0.03781
0.03768
0.0378
0.03958
0.04105
0.03792
0.03765
0.03849
0.03792
0.04727
0.03954
0.04022
0.03718
0.03722
0.03711
0.03718
0.03813
0.03742
0.03725
0.03746
0.0372
0.03729
0.03715
0.03727
0.03718
0.03837
0.03741
0.03729
0.03715
0.04683
0.03758
0.03766
0.0376
0.03751
0.03865
0.03744
0.03745
0.03743
0.03939
0.03994
0.03695
0.03718
0.03698
0.03739
0.03745
0.03698
0.03706
0.03698
0.03695
0.04647
0.03973
0.03746
0.0387
0.03729
0.03698
0.03709
0.03702
0.03707
0.03701
0.0371
0.03709
0.03696
0.03749
0.03732
0.03698
0.03735
0.03728
0.03717
0.03843
0.04707
0.03717
0.03806
0.03744
0.03723
0.03722
0.03706
0.03711
0.03714
0.03714
0.03713
0.03781
0.03726
0.03711
0.03713
0.03712
0.03718
0.03712
0.03805
0.03742
0.04746
0.03778
0.03763
0.03755
0.03768
0.03756
0.03759
0.03753
0.03776
0.03793
0.03806
0.03926
0.04092
0.03748
0.03754
0.03745
0.03751
0.03746
0.03834
0.0377
0.04751
0.0375
0.0376
0.03756
0.03749
0.03764
0.0375
0.03752
0.03858
0.03777
0.03756
0.03934
0.04106
0.03748
0.03741
0.03751
0.03759
0.03852
0.03767
0.03752
0.04889
0.04127
0.04122
0.04121
0.04112
0.04161
0.03798
0.03749
0.03758
0.03764
0.03764
0.03765
0.03768
0.03755
0.03892
0.03767
0.03757
0.03753
0.0375
0.03751
0.04721
0.04059
0.03788
0.03807
0.03788
0.03773
0.03752
0.03768
0.0376
0.0376
0.03923
0.03775
0.03817
0.03762
0.03756
0.03803
0.03763
0.03765
0.03764
0.04299
0.04987
0.03804
0.0378
0.03758
0.0377
0.03748
0.03763
0.03753
0.03766
0.03763
0.03804
0.03817
0.03758
0.03762
0.03763
0.03762
0.03752
0.03762
0.03761
0.03753
0.04857
0.03774
0.03766
0.03766
0.03877
0.04038
0.03747
0.03772
0.03759
0.03841
0.03768
0.03753
0.03756
0.03763
0.03757
0.03758
0.0378
0.03764
0.03851
0.03799
0.04732
0.03754
0.03759
0.03759
0.03755
0.03758
0.03764
0.03828
0.03788
0.03756
0.03758
0.03766
0.03761
0.03752
0.03773
0.03758
0.03794
0.0377
0.03762
0.03769
0.04735
0.03754
0.03758
0.03763
0.03782
0.03813
0.03818
0.03764
0.03758
0.03778
0.03766
0.03759
0.03772
0.03761
0.03776
0.03856
0.03792
0.03763
0.03767
0.03772
0.04753
0.04024
0.0379
0.03756
0.03844
0.03783
0.03764
0.03769
0.03764
0.03759
0.03763
0.03789
0.03766
0.03848
0.03779
0.03771
0.03757
0.0376
0.03757
0.04045
0.04986
0.03771
0.03857
0.03777
0.0377
0.0374
0.0373
0.03727
0.03728
0.03734
0.03735
0.03883
0.03784
0.03791
0.03762
0.03756
0.03766
0.03768
0.03779
0.03768
0.04835
0.03759
0.03769
0.03772
0.03788
0.04001
0.04182
0.03737
0.03727
0.03765
0.03756
0.0373
0.0373
0.03733
0.03729
0.03741
0.03731
0.03725
0.03735
0.03792
0.04725
0.03901
0.03737
0.03717
0.03718
0.03716
0.03777
0.03733
0.03818
0.03743
0.03723
0.03723
0.03766
0.03708
0.03723
0.03851
0.03777
0.03804
0.03739
0.03733
0.04744
0.03774
0.03767
0.0377
0.03782
0.03758
0.03973
0.03802
0.03781
0.03779
0.03779
0.03768
0.03774
0.03772
0.03782
0.03789
0.03993
0.03968
0.03787
0.03783
0.04742
0.04327
0.03986
0.04172
0.03853
0.0379
0.03772
0.03764
0.03754
0.03761
0.03777
0.03893
0.03949
0.03869
0.03824
0.03788
0.03823
0.03798
0.03812
0.04094
0.0495
0.03769
0.03819
0.03771
0.03773
0.03763
0.03765
0.03768
0.03767
0.03777
0.03772
0.03833
0.03788
0.03795
0.03786
0.03784
0.03777
0.03984
0.04206
0.03782
0.04786
0.03799
0.03795
0.03769
0.03773
0.03872
0.03764
0.03776
0.03769
0.03771
0.03825
0.03786
0.03772
0.03778
0.03762
0.03771
0.03778
0.03759
0.03999
0.04117
0.05218
0.0421
0.03777
0.03767
0.03781
0.03764
0.03767
0.03824
0.03805
0.03798
0.03779
0.03779
0.03922
0.03812
0.03807
0.03838
0.0377
0.03858
0.03811
0.03773
0.04736
0.03814
0.03834
0.03827
0.03818
0.03828
0.03946
0.03833
0.03811
0.03828
0.03817
0.0382
0.0382
0.03819
0.03817
0.0397
0.03833
0.03833
0.03821
0.03817
0.04793
0.04145
0.03867
0.03805
0.03909
0.03865
0.03826
0.0383
0.03834
0.03836
0.03831
0.03809
0.03827
0.04162
0.04126
0.03827
0.03816
0.03815
0.03826
0.03923
0.04797
0.03823
0.04036
0.03839
0.03814
0.03817
0.03821
0.03804
0.03814
0.03823
0.03818
0.03884
0.03826
0.03812
0.03821
0.0381
0.03813
0.03846
0.03836
0.0382
0.04854
0.0385
0.03822
0.03879
0.0381
0.03806
0.03814
0.03808
0.03811
0.03845
0.03834
0.03825
0.03812
0.03803
0.03815
0.0381
0.03813
0.03811
0.03851
0.03855
0.04765
0.04008
0.04207
0.04188
0.03815
0.03807
0.03801
0.03833
0.03831
0.03804
0.03797
0.038
0.03807
0.04001
0.0401
0.0382
0.03866
0.03819
0.03823
0.03811
0.04789
0.03827
0.03813
0.04011
0.0397
0.03851
0.03827
0.03835
0.03817
0.0382
0.0383
0.03814
0.03794
0.03777
0.03803
0.0393
0.0382
0.03807
0.0382
0.0381
0.04782
0.04111
0.0379
0.03821
0.03821
0.03825
0.03816
0.03817
0.03818
0.03825
0.0383
0.03823
0.04016
0.04215
0.03828
0.03804
0.03843
0.03817
0.0382
0.04029
0.0479
0.03963
0.0384
0.03813
0.03814
0.03816
0.03813
0.03864
0.03907
0.03822
0.04032
0.04244
0.04192
0.03778
0.03745
0.03739
0.0375
0.03762
0.03745
0.03783
0.0476
0.03723
0.03743
0.03729
0.03743
0.03733
0.03732
0.0378
0.03789
0.03805
0.03794
0.03949
0.04244
0.03875
0.03846
0.03862
0.03848
0.03867
0.04014
0.04169
0.04372
0.04373
0.04371
0.04359
0.04382
0.04368
0.03945
0.04388
0.04362
0.03873
0.04371
0.03834
0.03834
0.0384
0.03837
0.04028
0.03854
0.03833
0.03836
0.03824
0.04821
0.03831
0.03968
0.04031
0.03932
0.03864
0.03839
0.03844
0.03845
0.03839
0.03846
0.03862
0.0436
0.03916
0.03852
0.0381
0.03845
0.03836
0.02161
0.02148
0.02153
0.02436
0.02236
0.02217
0.02194
0.02183
0.02155
0.0216
0.02156
0.02155
0.02145
0.0215
0.02152
0.02145
0.02148
0.0216
0.022
0.02163
0.02171
0.02181
0.02147
0.02149
0.02143
0.02141
0.02149
0.02145
0.02148
0.02259
0.02155
0.02182
0.02182
0.02173
0.02146
0.02145
0.02152
0.02172
0.02154
0.02151
0.0215
0.02147
0.02149
0.02144
0.02144
0.02204
0.02373
0.02146
0.02147
0.02145
0.0215
0.0214
0.02175
0.02145
0.02145
0.02192
0.02409
0.02174
0.02166
0.02168
0.02152
0.02147
0.02168
0.02238
0.0216
0.02147
0.02152
0.03847
0.02157
0.02175
0.02407
0.02152
0.02157
0.02149
0.02148
0.02165
0.02159
0.02159
0.02238
0.02148
0.02154
0.03834
0.04865
0.03863
0.0385
0.03844
0.03884
0.03845
0.04064
0.04193
0.03828
0.03951
0.03819
0.03788
0.03803
0.03786
0.03812
0.0379
0.03798
0.03793
0.03923
0.03805
0.04753
0.04072
0.03864
0.03802
0.0379
0.03815
0.03831
0.03922
0.03844
0.03823
0.03818
0.03823
0.03839
0.03823
0.03832
0.03824
0.03943
0.03833
0.0382
0.03906
0.04798
0.03857
0.03851
0.03885
0.03857
0.03951
0.0387
0.03849
0.03846
0.03844
0.03851
0.04106
0.03941
0.0385
0.03899
0.03866
0.04041
0.03854
0.03746
0.03742
0.04717
0.03744
0.03768
0.03743
0.03761
0.03732
0.03734
0.03744
0.03741
0.03737
0.03813
0.0373
0.03822
0.0376
0.0374
0.03747
0.03739
0.03742
0.03738
0.03797
0.04754
0.0387
0.03825
0.03784
0.03775
0.03772
0.03807
0.03794
0.03798
0.03789
0.03889
0.03822
0.03781
0.03793
0.03787
0.03794
0.03994
0.04245
0.03927
0.03951
0.04851
0.03816
0.03823
0.03823
0.03815
0.03809
0.03818
0.03817
0.03894
0.03872
0.03839
0.03829
0.03812
0.03811
0.03854
0.03814
0.03816
0.03923
0.03851
0.03816
0.04789
0.0402
0.03876
0.03809
0.03807
0.03845
0.03868
0.03868
0.03844
0.03861
0.03854
0.0386
0.03861
0.03856
0.0386
0.03887
0.03887
0.04018
0.04161
0.0415
0.04769
0.04113
0.04212
0.04125
0.04145
0.0412
0.03909
0.03867
0.03857
0.03859
0.03869
0.03846
0.03909
0.03862
0.0385
0.04062
0.03965
0.03857
0.03853
0.03869
0.04865
0.04005
0.04223
0.0422
0.04227
0.03855
0.0385
0.03883
0.03857
0.03979
0.03872
0.03848
0.03857
0.0385
0.03863
0.03842
0.03859
0.03841
0.03958
0.03871
0.04824
0.03865
0.03843
0.04017
0.04184
0.04192
0.0387
0.03828
0.03818
0.03817
0.03819
0.03802
0.03813
0.03807
0.03806
0.03822
0.0386
0.03813
0.03819
0.03821
0.04789
0.03822
0.03812
0.03831
0.03858
0.03867
0.03827
0.03813
0.03812
0.03814
0.03813
0.03808
0.04008
0.04185
0.04141
0.03789
0.03786
0.03793
0.03778
0.03783
0.04762
0.04053
0.03918
0.03801
0.03795
0.03777
0.03777
0.03766
0.03844
0.03773
0.03778
0.03813
0.03795
0.03771
0.03776
0.03786
0.03932
0.04124
0.03949
0.03818
0.04789
0.03807
0.03785
0.0378
0.03793
0.03787
0.02112
0.03774
0.03784
0.02131
0.02204
0.03793
0.03786
0.03943
0.04115
0.04111
0.04132
0.03795
0.03819
0.03822
0.04752
0.03765
0.03759
0.03766
0.03771
0.03765
0.03739
0.03765
0.03818
0.04329
0.03765
0.03736
0.03799
0.04303
0.04301
0.0428
0.03737
0.0381
0.03764
0.03759
0.0467
0.03742
0.03744
0.04251
0.04254
0.04246
0.04304
0.04232
0.03718
0.02089
0.021
0.02084
0.02081
0.02078
0.02086
0.03721
0.03721
0.038
0.03738
0.04209
0.04209
0.02083
0.02082
0.02079
0.02096
0.02083
0.0373
0.03722
0.02122
0.02124
0.03741
0.03719
0.03719
0.03716
0.03724
0.02077
0.02086
0.03727
0.0372
0.02171
0.02112
0.02336
0.02157
0.02108
0.02086
0.0208
0.02086
0.021
0.02104
0.02108
0.021
0.02098
0.02175
0.02134
0.02127
0.02096
0.03761
0.03782
0.04287
