0.61481
0.03879
0.03744
0.03706
0.03681
0.0353
0.03362
0.03487
0.03362
0.03366
0.03383
0.03389
0.03589
0.03725
0.03386
0.03382
0.03374
0.03375
0.03377
0.0337
0.0411
0.03377
0.03458
0.03402
0.03436
0.03392
0.03377
0.03466
0.03374
0.0339
0.03372
0.03376
0.03455
0.03392
0.03392
0.03384
0.03566
0.03745
0.03832
0.03804
0.04777
0.03875
0.03548
0.03465
0.03461
0.03467
0.03488
0.0349
0.03442
0.03439
0.03439
0.03431
0.03471
0.03477
0.0343
0.03472
0.03442
0.03439
0.0345
0.03446
0.0444
0.03447
0.03499
0.03424
0.03401
0.03449
0.03442
0.03458
0.03447
0.03445
0.03435
0.03423
0.03489
0.0343
0.03408
0.03475
0.03962
0.03397
0.03432
0.03388
0.03939
0.03402
0.03603
0.03752
0.03405
0.03398
0.0339
0.0402
0.04006
0.04014
0.03999
0.03493
0.03559
0.04025
0.03494
0.03508
0.035
0.03504
0.03514
0.03533
0.0447
0.04001
0.03596
0.03537
0.03516
0.03514
0.03532
0.03762
0.03901
0.03552
0.03557
0.03594
0.03559
0.04064
0.03544
0.0355
0.03543
0.03532
0.03547
0.03567
0.04534
0.03625
0.03549
0.03545
0.03716
0.03887
0.03926
0.03908
0.039
0.03901
0.03932
0.03903
0.03537
0.03534
0.03546
0.03547
0.03543
0.03549
0.03552
0.03546
0.0462
0.03564
0.03547
0.0354
0.03529
0.03556
0.03549
0.03537
0.03532
0.03538
0.03599
0.03556
0.03552
0.03547
0.0355
0.03539
0.0354
0.03535
0.03552
0.03548
0.04557
0.03538
0.03513
0.03522
0.03515
0.03515
0.03553
0.03524
0.03512
0.03525
0.03613
0.03531
0.03527
0.03538
0.03546
0.03541
0.03535
0.03538
0.03564
0.03555
0.04434
0.0345
0.0344
0.03455
0.03449
0.03454
0.03439
0.03458
0.03461
0.03456
0.03524
0.03484
0.03458
0.0346
0.03461
0.03463
0.03461
0.0347
0.03478
0.03474
0.04481
0.0385
0.03515
0.03487
0.03445
0.03655
0.03438
0.03429
0.03639
0.03635
0.03475
0.03464
0.03424
0.03432
0.03442
0.03433
0.03441
0.03436
0.03445
0.03453
0.04458
0.03462
0.03587
0.03603
0.03439
0.03445
0.03632
0.03676
0.03446
0.03444
0.03639
0.03614
0.03444
0.03435
0.0342
0.03436
0.03495
0.03492
0.0349
0.03488
0.04498
0.03501
0.0348
0.03468
0.0346
0.03463
0.03464
0.03448
0.03475
0.0344
0.03453
0.03524
0.03465
0.03452
0.03962
0.03957
0.03454
0.03457
0.03968
0.03455
0.04425
0.03466
0.03569
0.03545
0.03535
0.03524
0.0352
0.03528
0.04026
0.03526
0.04064
0.0356
0.04368
0.03858
0.03842
0.03839
0.03845
0.03833
0.03835
0.03805
0.03898
0.03557
0.0399
0.03472
0.03554
0.04088
0.04092
0.0355
0.03531
0.03542
0.03648
0.03558
0.0354
0.03545
0.03562
0.03528
0.03533
0.03541
0.03556
0.0356
0.04573
0.03998
0.03565
0.03576
0.03596
0.03761
0.03698
0.03765
0.03551
0.0358
0.03548
0.03548
0.03752
0.03915
0.03908
0.03866
0.03535
0.03536
0.03518
0.03562
0.04482
0.03529
0.03862
0.03519
0.03538
0.03516
0.03861
0.0384
0.03839
0.03933
0.03525
0.0352
0.03514
0.03524
0.03516
0.03523
0.03521
0.03532
0.03532
0.03663
0.04479
0.03543
0.03539
0.03537
0.03546
0.03545
0.03548
0.04055
0.03547
0.0425
0.03565
0.03557
0.03546
0.03549
0.03548
0.03556
0.03449
0.0348
0.03463
0.04182
0.04441
0.03629
0.03803
0.0345
0.03454
0.03456
0.03455
0.03453
0.03633
0.03818
0.03793
0.03457
0.03448
0.03448
0.03449
0.03452
0.03455
0.03449
0.03496
0.03472
0.04362
0.03453
0.03441
0.03451
0.03442
0.036
0.03714
0.03462
0.03635
0.03789
0.03621
0.03441
0.03441
0.03442
0.03428
0.03433
0.03435
0.03491
0.03531
0.035
0.04465
0.03887
0.03478
0.03511
0.03498
0.03474
0.03464
0.03564
0.03645
0.03578
0.0356
0.03559
0.03549
0.0355
0.03549
0.03858
0.03852
0.03833
0.03944
0.03799
0.04752
0.03772
0.0376
0.03824
0.03771
0.03776
0.0377
0.03768
0.02253
0.03849
0.03511
0.03534
0.03522
0.03538
0.03538
0.03532
0.03533
0.03561
0.03586
0.01893
0.04496
0.03503
0.03504
0.03508
0.035
0.03499
0.03821
0.03818
0.03843
0.02249
0.01895
0.03496
0.01796
0.01768
0.01778
0.01768
0.01768
0.01768
0.01764
0.01767
0.01771
0.01776
0.01768
0.01786
0.01797
0.0181
0.01788
0.01794
0.01792
0.01795
0.01775
0.0179
0.01807
0.03441
0.03432
0.03439
0.03422
0.03615
0.03479
0.03456
0.04426
0.03448
0.0346
0.03452
0.03431
0.03456
0.03426
0.0352
0.03448
0.03443
0.03446
0.03443
0.03442
0.03433
0.03443
0.03427
0.03937
0.03503
0.03464
0.03425
0.04361
0.03836
0.03446
0.03433
0.0342
0.03434
0.03418
0.03507
0.03655
0.03795
0.03421
0.03436
0.0377
0.03447
0.03424
0.03419
0.0344
0.03494
0.03462
0.03454
0.0441
0.03639
0.03855
0.03486
0.03498
0.03478
0.03517
0.03556
0.03548
0.04028
0.03499
0.03511
0.03512
0.0356
0.03527
0.0351
0.03498
0.0355
0.03532
0.03528
0.04677
0.03903
0.03817
0.03505
0.03505
0.03556
0.03516
0.03556
0.03717
0.03894
0.03514
0.03529
0.03518
0.03538
0.03533
0.03541
0.03537
0.0359
0.03539
0.03551
0.04496
0.03516
0.03523
0.03515
0.03515
0.03502
0.03516
0.03566
0.03551
0.03531
0.0352
0.03518
0.03512
0.03496
0.03534
0.03506
0.03499
0.03571
0.03525
0.03505
0.04464
0.03476
0.03464
0.03453
0.03446
0.0344
0.03439
0.03486
0.03451
0.03971
0.03967
0.03447
0.03447
0.03459
0.03456
0.03448
0.03438
0.03479
0.01829
0.03449
0.0437
0.02327
0.03605
0.03465
0.03456
0.0342
0.03449
0.03433
0.03521
0.0346
0.03425
0.03429
0.0344
0.0356
0.03512
0.03404
0.03381
0.03416
0.03599
0.04004
0.03559
0.03516
0.03538
0.03508
0.03507
0.03499
0.03514
0.03514
0.03511
0.03584
0.03525
0.03505
0.04055
0.03503
0.0355
0.03502
0.04029
0.03509
0.03505
0.03788
0.04368
0.03524
0.03524
0.03513
0.03525
0.03524
0.03528
0.03543
0.0354
0.03575
0.0354
0.03533
0.03526
0.03548
0.03528
0.03544
0.03526
0.03534
0.03533
0.03605
0.04515
0.03534
0.03528
0.03529
0.0353
0.03517
0.03539
0.0354
0.03525
0.03549
