0.60793
0.04213
0.038
0.03746
0.03523
0.03498
0.03496
0.03492
0.03499
0.03498
0.03503
0.03501
0.03495
0.03579
0.03526
0.03488
0.03484
0.03482
0.03473
0.0348
0.04177
0.03475
0.03481
0.03515
0.03501
0.03473
0.03487
0.03582
0.03493
0.03475
0.03451
0.03401
0.03422
0.03398
0.03414
0.03389
0.03363
0.03362
0.03361
0.03376
0.04284
0.03399
0.03401
0.03395
0.03581
0.03799
0.03398
0.03386
0.03397
0.03454
0.03392
0.0339
0.03404
0.03407
0.03396
0.0343
0.03402
0.03391
0.03401
0.0338
0.04278
0.03383
0.03394
0.03384
0.03399
0.03379
0.03474
0.0342
0.03582
0.03774
0.03794
0.03759
0.03782
0.03795
0.03804
0.03789
0.03821
0.03811
0.03803
0.03784
0.04754
0.03814
0.03797
0.03796
0.03815
0.03868
0.03807
0.03753
0.03475
0.03461
0.03446
0.03443
0.0346
0.03472
0.03461
0.03498
0.03466
0.03431
0.0343
0.03587
0.04599
0.03925
0.03475
0.03441
0.03424
0.03546
0.03434
0.03443
0.03414
0.03423
0.0342
0.03398
0.03397
0.0339
0.03392
0.03388
0.0342
0.03398
0.03387
0.03402
0.04307
0.03374
0.0338
0.03378
0.03391
0.0339
0.03389
0.03413
0.03388
0.03366
0.0336
0.03781
0.03414
0.03399
0.03396
0.03402
0.03403
0.0342
0.03464
0.03412
0.04311
0.03405
0.034
0.03388
0.03402
0.03398
0.03387
0.0338
0.03396
0.0346
0.03395
0.03384
0.03391
0.03434
0.03397
0.0339
0.03402
0.03397
0.03399
0.03401
0.04336
0.03403
0.03395
0.03389
0.03399
0.03377
0.03387
0.03383
0.03376
0.03378
0.03438
0.03404
0.03419
0.0342
0.03412
0.03399
0.03389
0.03349
0.03334
0.03329
0.04223
0.03374
0.03352
0.03371
0.03421
0.03419
0.03408
0.0343
0.0341
0.03408
0.03408
0.03405
0.03428
0.0341
0.03413
0.03391
0.034
0.03396
0.03399
0.03584
0.0467
0.03906
0.03873
0.03829
0.03828
0.03754
0.03349
0.03347
0.03346
0.03349
0.03337
0.03338
0.03346
0.03648
0.03791
0.03787
0.03791
0.03773
0.03666
0.0333
0.04195
0.03469
0.03793
0.03848
