0.61249
0.03961
0.03534
0.03487
0.03404
0.03392
0.03368
0.03379
0.03355
0.03369
0.03369
0.03379
0.03384
0.03369
0.03501
0.03375
0.03386
0.03384
0.03377
0.03367
0.04014
0.03369
0.03372
0.03368
0.0338
0.03558
0.03377
0.03372
0.03375
0.0339
0.03357
0.03374
0.03381
0.03388
0.03368
0.03499
0.03397
0.03374
0.03374
0.03361
0.0412
0.03369
0.03423
0.03419
0.03408
0.03418
0.03611
0.03423
0.03414
0.03427
0.03436
0.03439
0.03424
0.03422
0.0343
0.03463
0.03493
0.03489
0.03588
0.03839
0.04497
0.03448
0.03449
0.03448
0.03439
0.03441
0.03656
0.03779
0.03482
0.03474
0.03492
0.03487
0.03478
0.03475
0.03471
0.03776
0.03796
0.03873
0.03519
0.0363
0.04559
0.03601
0.03613
0.03595
0.03584
0.03577
0.04029
0.03937
0.04413
0.04409
0.0439
0.03854
0.04588
0.04688
0.04472
0.04485
0.04431
0.04395
0.03881
0.04373
0.04823
0.0514
0.04796
0.04816
0.04708
0.03876
0.04444
0.03874
0.03869
0.04401
0.03914
0.03885
0.03916
0.03883
0.03842
0.0383
0.03824
0.03822
0.03836
0.03837
0.04352
0.03832
0.03986
0.03854
0.03837
0.03838
0.03848
0.03844
0.03838
0.03836
0.03583
0.03603
0.03728
0.03646
0.03631
0.0361
0.03586
0.03574
0.03576
0.03577
0.04566
0.03588
0.03794
0.03609
0.03614
0.03605
0.03899
0.03914
0.03895
0.03916
0.03909
0.03959
0.03629
0.03619
0.03601
0.03611
0.03601
0.03622
0.03618
0.03622
0.04593
0.03666
0.03828
0.03991
0.03973
0.03975
0.0398
0.03609
0.03616
0.03813
0.04006
0.03688
0.03628
0.03608
0.03619
0.03607
0.03612
0.03613
0.03615
0.03609
0.04592
0.03647
0.0362
0.03596
0.03601
0.03595
0.03588
0.03587
0.03591
0.03604
0.03594
0.03672
0.04119
0.03592
0.03593
0.0359
0.03589
0.03605
0.0362
0.04152
0.0468
0.04013
0.0362
0.03586
0.03571
0.03899
0.03895
0.03895
0.0391
0.03903
0.03943
0.03902
0.03913
0.03907
0.03906
0.03911
0.03899
0.0389
0.04422
0.03914
0.04996
0.03937
0.03916
0.03913
0.03905
0.03916
0.0444
0.03914
0.03908
0.03643
0.04116
0.03594
0.03931
0.03577
0.03579
0.03903
0.03913
0.03909
0.03564
0.03741
0.04908
0.03913
0.03578
0.03917
0.03928
0.03927
0.03924
0.03953
0.04506
0.03944
0.03916
0.04451
0.04447
0.03924
0.03919
0.04107
0.03569
0.03565
0.03586
0.03578
0.04566
0.03564
0.03558
0.03545
0.0355
0.03535
0.03905
0.03661
0.03528
0.0361
0.03496
0.03513
0.0401
0.03509
0.03504
0.04018
0.03496
0.03517
0.03554
0.03522
0.04453
0.03516
0.03508
0.03515
0.03503
0.03524
0.03505
0.03509
0.03574
0.03513
0.035
0.03499
0.03839
0.03819
0.03827
0.03811
0.03815
0.03809
0.03917
0.03864
0.04831
0.04518
0.03923
0.03843
0.03838
