0.69788
0.04184
0.04033
0.03676
0.03471
0.0346
0.03911
0.03469
0.03937
0.03925
0.03565
0.03543
0.03554
0.03448
0.03449
0.03483
0.03557
0.0347
0.03465
0.03482
0.04223
0.03464
0.03465
0.03878
0.03446
0.03617
0.03963
0.03974
0.03545
0.03605
0.03538
0.03534
0.03538
0.03532
0.0353
0.03548
0.03539
0.03847
0.03901
0.0389
0.0486
0.0389
0.04409
0.03896
0.0359
0.03926
0.03581
0.03578
0.03586
0.03559
0.04126
0.04124
0.03597
0.03787
0.03785
0.04465
0.03547
0.03434
0.03435
0.0343
0.01819
0.01814
0.01822
0.01825
0.01897
0.01835
0.0343
0.04331
0.04333
0.04325
0.04289
0.04256
0.04263
0.04288
0.03769
0.0376
0.03762
0.03732
0.03733
0.03747
0.04661
0.03726
0.03756
0.03769
0.03715
0.03766
0.03464
0.03454
0.03448
0.03981
0.03981
0.03486
0.04031
0.03996
0.03908
0.03399
0.03429
0.03505
0.03504
0.04005
0.04433
0.03994
0.0452
0.03872
0.03997
0.04677
0.03784
0.03801
0.04052
0.03535
0.03594
0.04037
0.04037
0.03528
0.03607
0.03517
0.04037
0.0405
0.04058
0.04297
0.04113
0.03533
0.03534
0.04102
0.04027
0.04037
0.03528
0.03522
0.03582
0.03535
0.03529
0.04335
0.03849
0.04344
0.03818
0.03526
0.03556
0.03461
0.0352
0.03972
0.03961
0.03449
0.03691
0.03859
0.03554
0.03524
0.03521
0.04095
0.04045
0.03499
0.04026
0.03453
0.03557
0.03531
0.03538
0.03533
0.03561
0.03504
0.03981
0.03441
0.03965
0.03458
0.03958
0.03489
0.03482
0.0344
0.0352
0.03549
0.0353
0.03665
0.04306
0.0381
0.03819
0.04327
0.04326
0.04404
0.03823
0.03824
0.04322
0.04317
0.0431
0.04305
0.03766
0.03913
0.0387
0.03838
0.03841
0.03849
0.03831
0.04424
0.04434
0.04497
0.03919
0.03904
0.03623
0.04081
0.04068
0.04073
0.04062
0.03529
0.04673
0.04106
0.03963
0.03585
0.03525
0.03535
0.03555
0.03547
0.03532
0.03583
0.03585
0.03557
0.03568
0.0359
0.03543
0.0355
0.03584
0.03668
0.0357
0.03647
0.04533
0.01897
0.03554
0.03545
0.03548
0.03848
0.03536
0.03546
0.04069
0.0357
0.04072
0.03496
0.04061
0.04049
0.04063
0.03537
0.03535
0.04053
0.03598
0.03547
0.04525
0.03525
0.03553
0.03557
0.03538
0.03542
0.03541
0.03605
0.03556
0.03545
0.03535
0.03541
0.03747
0.03907
0.03639
0.03556
0.03558
0.03617
0.0357
0.03555
0.04526
0.03545
0.03549
0.03565
0.01907
0.01907
0.01905
0.01902
0.03609
0.03847
0.03848
0.03846
0.0387
0.03865
0.03554
0.03554
0.03579
0.03593
0.03561
0.03562
0.04554
0.0358
0.03561
0.03565
0.03462
0.0375
0.03952
0.03927
0.03542
0.03537
0.03708
0.0353
0.03536
0.03537
0.03551
0.03542
0.03665
0.03575
0.03569
0.03562
0.04496
0.04194
0.03559
0.03577
0.03553
0.03652
0.03565
0.03536
0.03545
0.03442
0.03379
0.03929
0.03401
0.03396
0.03915
0.03579
0.04002
0.03412
0.03973
0.0399
0.04365
0.03972
0.0346
0.03951
0.0405
0.03926
0.03927
0.03905
0.03843
0.03853
0.03352
0.03343
0.03359
0.03352
0.03401
0.03321
0.03836
0.03311
0.03852
0.03935
0.03931
0.03835
0.03336
0.03885
0.03852
0.03938
0.03961
0.0344
0.03442
0.03447
0.03453
0.03358
0.03357
0.03457
0.03453
0.03462
0.03446
0.03437
0.03459
0.03449
0.03946
0.03435
0.03435
0.03594
0.03465
0.0345
0.03442
0.03568
0.03557
0.03451
0.03448
0.03465
0.03421
0.03446
0.03421
0.0341
0.03935
0.03925
0.0344
0.03444
0.03964
0.03433
0.03443
0.03432
0.03902
0.0343
0.03531
0.03631
0.0343
0.03423
0.03433
0.03536
0.03518
0.03595
0.04056
0.03536
0.03432
0.03536
0.03545
0.03531
0.04503
0.03849
0.03579
0.03545
0.03552
0.03438
0.03435
0.03451
0.03423
0.03425
0.03529
0.03522
0.04123
0.03549
0.04041
0.04208
0.04457
0.03929
0.03919
0.03923
0.04903
0.04437
0.03839
0.0388
0.04067
0.04068
0.04083
0.04067
0.03497
0.03503
0.03558
0.03513
0.0349
0.03486
0.03478
0.03975
0.03495
0.03975
0.03486
0.03584
0.03996
0.03506
0.03512
0.03511
0.03509
0.0351
0.03509
0.03515
0.03417
0.03511
0.03423
0.03415
0.03424
0.03427
0.03426
0.03414
0.03429
0.03427
0.03428
0.03524
0.04328
0.03429
0.03424
0.03471
0.03444
0.03443
0.03459
0.0346
0.03465
0.03517
0.03453
0.03484
0.03479
0.03413
0.03413
0.0343
0.03431
0.03428
0.03414
0.03502
0.04376
0.03465
0.03597
0.0349
0.03436
0.03406
0.03419
0.03419
0.03493
0.03477
0.03434
0.03442
0.03443
0.03408
0.03661
0.03626
0.03489
0.03491
0.03513
0.03519
0.04451
0.0385
0.03735
0.03651
0.03517
0.03511
0.03508
0.03518
0.03595
0.03572
0.03516
0.03512
0.03508
0.03508
0.03512
0.03504
0.03506
0.0344
0.03546
0.03517
0.0448
0.03498
0.03492
0.03479
0.03466
0.03477
0.0347
0.03527
0.03505
0.03481
0.03423
0.03425
0.03426
0.03434
0.03429
0.03413
0.0342
0.03466
0.0344
0.03411
0.04358
0.03429
0.03422
0.03411
0.03472
0.03468
0.03476
0.03453
0.03433
0.03417
0.03417
0.0341
0.03419
0.03409
0.03408
0.03411
0.0348
0.0351
0.03531
0.03565
0.04486
0.03512
0.03489
0.03419
0.03418
0.03479
0.03458
0.03475
0.03417
0.03404
0.03411
0.03415
0.03417
0.03419
0.03421
0.03428
0.03424
0.03469
0.03461
0.03436
0.04419
0.03694
0.03844
0.03556
0.03475
0.03436
0.03463
0.04053
0.04028
0.04017
0.03487
0.03497
0.03976
0.03483
0.03997
0.04
0.04118
0.03523
0.04138
0.04119
0.04142
0.04405
0.04083
0.04044
0.04046
0.04125
0.04048
0.04048
0.03556
0.03554
0.03548
0.03565
0.0355
0.03558
0.04044
0.03649
0.0358
0.0346
0.03466
0.0347
0.0437
0.03468
0.03476
0.03489
0.03479
0.03589
0.03977
0.03961
0.03976
0.0397
0.0396
0.03483
0.03972
0.0345
0.03511
0.04044
0.03487
0.03565
0.03491
0.03478
0.03959
0.03964
0.0346
0.03454
0.03561
0.03471
0.0347
0.03488
0.0348
0.03468
0.03466
0.03479
0.0371
0.0348
0.03555
0.03494
0.03486
0.03479
0.03484
0.03497
0.04471
0.03507
0.03481
0.03485
0.03498
0.03589
0.03786
0.03435
0.03433
0.03436
0.03432
0.03432
0.03444
0.03458
0.03438
0.03424
0.03587
0.03896
0.03857
0.03841
0.0444
0.03468
0.03475
0.0357
0.03537
0.03455
0.03465
0.03487
0.03458
0.03512
0.03533
0.03517
0.0347
0.0351
0.03482
0.03469
0.03469
0.0347
0.03683
0.03832
0.04799
0.03929
0.03867
0.03464
0.0346
0.03453
0.03446
0.03453
0.03457
0.03458
0.03468
0.03466
0.03722
0.03877
0.03885
0.03867
0.0386
0.03859
0.03858
0.03477
0.0448
0.03483
0.03459
0.03445
0.03452
0.03435
0.03451
0.03444
0.0351
0.03506
0.03511
0.03528
0.03528
0.03506
0.03503
0.03486
0.03501
0.03493
0.03502
0.03502
0.04514
0.03501
0.03486
0.03464
0.0347
0.0357
0.03469
0.03477
0.03568
0.03569
0.03597
0.03575
0.03578
0.03572
0.03568
0.03565
0.03575
0.03567
0.03473
0.03474
0.04552
0.03504
0.03494
0.03491
0.035
0.03484
0.03476
0.03476
0.03503
0.03704
0.03875
0.03438
0.03441
0.0344
0.03797
0.03877
0.03822
0.03648
0.03883
0.03755
0.04428
0.03428
0.03427
0.03433
0.03436
0.03452
0.03457
0.03447
0.0345
0.03491
0.03413
0.03461
0.03452
0.03435
0.03914
0.03887
0.03668
0.03705
0.03913
0.03943
0.0445
0.03845
0.0347
0.03433
0.03441
0.03427
0.03445
0.03424
0.03775
0.03883
0.03882
0.0365
0.03702
0.03871
0.03899
0.03885
0.03892
0.0393
0.03876
0.03898
0.04855
0.03846
0.03858
0.03866
0.03863
0.03547
0.03557
0.03515
0.03489
0.03833
0.03824
0.03497
0.03545
0.03519
0.0352
0.03637
0.0357
0.03519
0.03527
0.03483
0.04523
0.04081
0.04069
0.03503
0.03532
0.03672
0.03746
0.03949
0.03954
0.03504
0.03491
0.0354
0.03562
0.03657
0.03925
0.03713
0.03537
0.03535
0.03531
0.03631
0.04604
0.03536
0.03538
0.0354
0.03763
0.03904
0.037
0.03676
0.03606
0.03561
0.0356
0.03561
0.03564
0.03735
0.03916
0.03816
0.0356
0.03554
0.03566
0.0357
0.04538
0.03526
0.03488
0.03575
0.03494
0.03478
0.0355
0.03566
0.03563
0.03496
0.03484
0.03491
0.036
0.03922
0.03879
0.03866
0.03787
0.03561
0.03489
0.03494
0.04426
0.03922
0.03706
0.03581
0.03539
0.03441
0.03455
0.03457
0.0345
0.03451
0.03454
0.03458
0.03446
0.03578
0.03468
0.03436
0.03447
0.0344
0.03538
0.03713
0.0483
0.03475
0.03509
0.03531
0.0352
0.0352
0.03511
0.03499
0.03502
0.03501
0.0351
0.03497
0.03626
0.03612
0.03585
0.03584
0.03584
0.03572
0.03567
0.03565
0.04543
0.03581
0.03649
0.03596
0.03589
0.03602
0.03597
0.03592
0.03591
0.03596
0.03601
0.03594
0.03613
0.03503
0.03507
0.03505
0.03505
0.03498
0.03512
0.03514
0.04504
0.03509
0.03649
0.03479
0.03485
0.03461
0.03666
0.0356
0.03548
0.03552
0.03567
0.03513
0.03545
0.03446
0.03438
0.03449
0.03438
0.03502
0.03444
0.03569
0.04451
0.03501
0.03536
0.0352
0.03508
0.03635
0.03687
0.03414
0.03408
0.03478
0.03406
0.03631
0.03501
0.03494
0.03419
0.03431
0.03438
0.03496
0.03577
0.03579
0.04546
0.03929
0.03651
0.03575
0.03563
0.03591
0.03815
0.04028
0.04024
0.04043
0.04065
0.04028
0.04008
0.04013
0.04017
0.03573
0.03556
0.03557
0.03561
0.03597
0.04538
0.03569
0.03586
0.03591
0.03593
0.03598
0.03601
0.0378
0.03863
0.03618
0.03561
0.0354
0.03534
0.03547
0.03545
0.03536
0.03544
0.03537
0.03547
0.03558
0.04518
0.03537
0.03541
0.03546
0.03558
0.03559
0.03548
0.0354
0.03611
0.0357
0.03548
0.04078
0.03541
0.03548
0.03541
0.03695
0.03922
0.03807
0.03642
0.03554
0.0452
0.03932
0.03561
0.03536
0.03538
0.0353
0.03524
0.03561
0.03531
0.03884
0.03864
0.0386
0.03854
0.03835
0.03833
0.03838
0.03865
0.03941
0.03862
0.04007
0.05175
0.04208
0.04359
0.03794
0.03808
0.03978
0.04079
0.03471
0.03452
0.03453
0.0347
0.03455
0.03475
0.03467
0.03467
0.03458
0.03642
0.04097
0.03539
0.03526
0.04489
0.03889
0.04428
0.04396
0.03855
0.04078
0.0387
0.03869
0.03549
0.03553
0.03551
0.03551
0.03557
0.03571
0.03563
0.03663
0.03581
0.03562
0.03626
0.03588
0.04523
0.03558
0.03555
0.03555
0.03585
0.03557
0.04196
0.04095
0.04094
0.04098
0.04096
0.04095
0.04117
0.04105
0.03959
0.03944
0.03837
0.03832
0.03832
0.03963
0.04482
0.04518
0.03955
0.03954
0.03867
0.03865
0.03841
0.03855
0.03848
0.03884
0.03983
0.03957
0.03962
0.03988
0.04129
0.03946
0.03968
0.03953
0.04005
0.03786
0.04537
0.0356
0.03548
0.03567
0.03546
0.04095
0.03752
0.03988
0.04435
0.03512
0.03521
0.03584
0.03558
0.03538
0.0353
0.04049
0.03519
0.03622
0.04077
0.0355
0.03526
0.03543
0.03549
0.03553
0.03542
0.03537
0.03542
0.03588
0.03576
0.03575
0.03562
0.03491
0.03498
0.03537
0.01789
0.03539
0.03964
0.03685
0.03435
0.0343
0.04465
0.03998
0.03894
0.03878
0.03493
0.03483
0.03488
0.04001
0.03976
0.03971
0.03963
0.03329
0.03328
0.03319
0.03317
0.03307
0.03351
0.03322
0.03316
0.03327
0.0419
0.03324
0.03331
0.03411
0.03413
0.03326
0.03349
0.0333
0.03304
0.0332
0.03329
0.03408
0.03408
0.03412
0.03409
0.03408
0.03401
0.03469
0.03402
0.03385
0.04259
0.03401
0.03412
0.03395
0.03413
0.03403
0.03402
0.03482
0.03479
0.03477
0.0347
0.03611
0.03399
0.03392
0.03385
0.03491
0.03488
0.0355
0.035
0.035
0.04485
0.03508
0.03501
0.03501
0.03497
0.03498
0.03499
0.03465
0.03513
0.03495
0.03481
0.03887
0.04389
0.0438
0.04341
0.04321
0.04358
0.03822
0.04322
0.04277
0.0426
0.0427
0.04248
0.04254
0.03924
0.03443
0.03385
0.03859
0.0387
0.03373
0.03363
0.03377
0.03365
0.03363
0.03358
0.03401
0.03358
0.03461
0.03448
0.03442
0.04355
0.03779
0.03945
0.0395
0.03932
0.03509
0.03443
0.03432
0.03436
0.03431
0.0343
0.03417
0.03413
0.03417
0.03741
0.03852
0.0343
0.03747
0.03484
0.03803
0.04742
0.0379
0.03788
0.03792
0.03825
0.0382
0.03812
0.0384
0.03824
0.03811
0.03807
0.03816
0.03834
0.03857
0.03861
0.03504
0.03497
0.03503
0.01876
0.02206
0.04784
0.03829
0.03813
0.03431
0.03533
0.03529
0.03538
0.03896
0.04118
0.03585
0.03485
0.04012
0.04007
0.03511
0.03482
0.0347
0.03988
0.03479
0.03474
0.03495
0.04452
0.03504
0.0349
0.03562
0.0349
0.03485
0.03492
0.03549
0.04004
0.04001
0.04011
0.03478
0.03509
0.03459
0.03456
0.03434
0.03543
0.03539
0.03547
0.03596
0.04544
0.03582
0.03535
0.03592
0.03483
0.03664
0.03862
0.04381
0.04391
0.0439
0.04198
0.03599
0.035
0.04015
0.0348
0.03486
0.0348
0.04001
0.03482
0.03487
0.0447
0.03861
0.03526
0.04031
0.03516
0.03501
0.03497
0.03497
0.03496
0.04029
0.03596
0.04037
0.0397
0.03439
0.03952
0.03943
0.03937
0.03414
0.03398
0.034
0.04371
0.03411
0.03894
0.034
0.03431
0.0352
0.03522
0.03712
0.03887
0.03759
0.03889
0.03531
0.03543
0.03533
0.0354
0.03519
0.03525
0.03534
0.03533
0.0363
0.04446
0.03528
0.03728
0.03892
0.03528
0.03529
0.03533
0.03523
0.03607
0.03461
0.03897
0.03779
0.03846
0.03976
0.0395
0.03915
0.03922
0.03978
0.04147
0.04096
0.04092
0.03569
0.03521
0.04014
0.03484
0.03473
0.03744
0.03935
0.04485
0.03975
0.03975
0.0346
0.03989
0.03465
0.03409
0.03474
0.03928
0.03403
0.03394
0.03401
0.04343
0.034
0.03402
0.03409
0.034
0.03437
0.0342
0.03397
0.03407
0.03432
0.03419
0.03422
0.03936
0.03945
0.0394
0.03443
0.0341
0.03418
0.03405
0.03404
0.04353
0.03803
0.03454
0.03439
0.03432
0.03497
0.03438
0.03435
0.03428
0.03433
0.03476
0.03475
0.03475
0.0367
0.03854
0.03629
0.03479
0.03458
0.0347
0.03474
0.04423
0.03448
0.03449
0.03451
0.03457
0.03677
0.03465
0.03461
0.03457
0.03455
0.03459
0.03453
0.03455
0.03455
0.03451
0.03599
0.03468
0.03463
0.03466
0.03783
0.04691
0.03453
0.03462
0.03458
0.0345
0.03483
0.0346
0.03651
0.03822
0.03545
0.03459
0.03447
0.03452
0.03447
0.03479
0.03466
0.03455
0.03432
0.03448
0.03446
0.04392
0.03483
0.03439
0.03454
0.03542
0.03493
0.0347
0.03448
0.03432
0.03431
0.03422
0.03439
0.03436
0.03436
0.03445
0.03462
0.03444
0.03475
0.03476
0.0348
0.0444
0.03461
0.03465
0.03472
0.03477
0.03467
0.0348
0.03467
0.03461
0.03457
0.03455
0.03672
0.0387
0.03867
0.03919
0.03896
0.0387
0.03463
0.03456
0.03514
0.04484
0.0411
0.03609
0.03937
0.03488
0.03478
0.0349
0.03477
0.03425
0.03416
0.03415
0.03415
0.03427
0.03463
0.03498
0.03495
0.03478
0.0347
0.03478
0.03478
0.04411
0.03486
0.03523
0.03578
0.03528
0.04038
0.0353
0.03527
0.04042
0.04032
0.04025
0.03518
0.03516
0.03587
0.03537
0.03523
0.03491
0.03613
0.03497
0.03493
0.04476
0.0349
0.03505
0.0356
0.0352
0.03508
0.03529
0.03489
0.03488
0.03489
0.03487
0.03487
0.03488
0.03541
0.03486
0.03482
0.03494
0.03557
0.03481
0.0352
0.04517
0.03516
0.03529
0.03559
0.03534
0.03514
0.03502
0.03493
0.03502
0.03499
0.03493
0.03503
0.03489
0.03629
0.03559
0.03564
0.03496
0.03485
0.0349
0.03505
0.04473
0.03487
0.03623
0.03527
0.03504
0.03552
0.03556
0.03536
0.03524
0.03525
0.03516
0.03527
0.03586
0.03532
0.03505
0.03508
0.03505
0.0351
0.03489
0.03505
0.04467
0.03938
0.03579
0.03978
0.03573
0.03721
0.03925
0.0392
0.03916
0.03907
0.03907
0.03984
0.03936
0.03857
0.03865
0.03881
0.03883
0.03499
0.03526
0.03473
0.04558
0.03489
0.03473
0.03468
0.03478
0.03477
0.03477
0.03467
0.03489
0.03473
0.0367
0.03796
0.03787
0.03797
0.03835
0.03822
0.03815
0.03798
0.02042
0.02044
0.04818
0.03498
0.03428
0.04026
0.03553
0.04112
0.04096
0.03527
0.04096
0.03519
0.04093
0.04102
0.04116
0.04036
0.03542
0.03535
0.03542
0.0343
0.03545
0.03444
0.04323
0.03515
0.03514
0.03521
0.0353
0.03518
0.03542
0.03527
0.03645
0.03542
0.03433
0.03441
0.03437
0.0345
0.03444
0.03925
0.0395
0.03932
0.04144
0.03956
0.04352
0.03438
0.03454
0.03453
0.03826
0.03822
0.04336
0.03629
0.04008
0.03992
0.04014
0.03996
0.04401
0.04275
0.03988
0.03442
0.0408
0.0394
0.03474
0.04244
0.04312
0.03927
0.04217
0.04029
0.03961
0.0415
0.03525
0.03923
0.03435
0.03865
0.03623
0.03756
0.03403
0.0341
0.03414
0.03475
0.03425
0.03412
0.03411
0.03898
0.04335
0.03411
0.03417
0.03415
0.03418
0.03456
0.03513
0.03426
0.03515
0.03514
0.03503
0.03514
0.03513
0.03501
0.03518
0.03555
0.03722
0.03912
0.0375
0.03537
0.0444
0.03496
0.03508
0.03494
0.03612
0.03522
0.03514
0.03511
0.03541
0.03525
0.03515
0.035
0.03515
0.03615
0.03679
0.0363
0.03524
0.03612
0.03614
0.03629
0.04597
0.03632
0.03636
0.03839
0.04061
0.0393
0.03948
0.03876
0.03542
0.03649
0.03642
0.03539
0.03645
0.03808
0.0365
0.03636
0.03636
0.03538
0.0364
0.03546
0.04519
0.0364
0.03643
0.03686
0.03564
0.03549
0.03552
0.03646
0.03845
0.04028
0.03673
0.03636
0.0376
0.03532
0.03543
0.03649
0.03644
0.03636
0.03552
0.03648
0.01828
0.02275
0.04205
0.04078
0.03538
0.03587
0.04229
0.03525
0.03515
0.04095
0.03516
0.03516
0.04084
0.0398
0.03463
0.0398
0.03971
0.03457
0.03442
0.03459
0.04416
0.03439
0.03807
0.03889
0.03823
0.03866
0.03798
0.03647
0.03445
0.03428
0.03442
0.03645
0.03865
0.0364
0.03486
0.03534
0.03531
0.03541
0.03521
0.03478
0.04483
0.03595
0.03626
0.03604
0.03604
0.03633
0.03605
0.01917
0.0192
0.03597
0.03601
0.03618
0.03603
0.03605
0.01914
0.03592
0.0191
0.01909
0.03593
0.03596
0.04557
0.03599
0.03678
0.03601
0.03561
0.03558
0.0354
0.03533
0.0357
0.03567
0.03633
0.03566
0.03621
0.03637
0.04144
0.0362
0.04047
0.04046
0.04043
0.03527
0.04498
0.03529
0.03534
0.03527
0.04104
0.03516
0.03593
0.03523
0.03525
0.03615
0.03603
0.03657
0.03612
0.03823
0.03932
0.03577
0.0357
0.03592
0.03563
0.03569
0.04539
0.04144
0.03622
0.03564
0.03526
0.03518
0.03509
0.03507
0.03502
0.03525
0.03508
0.03633
0.03503
0.03504
0.03496
0.03492
0.03496
0.03483
0.035
0.03509
0.04483
0.03577
0.0354
0.0352
0.0352
0.03919
0.03504
0.03509
0.03507
0.03546
0.03512
0.03573
0.03522
0.03529
0.03501
0.03474
0.0346
0.03463
0.03464
0.03463
0.04415
0.03551
0.03465
0.03457
0.03461
0.0352
0.03472
0.03515
0.03973
0.0348
0.03461
0.04013
0.03474
0.03466
0.03465
0.03458
0.03461
0.03467
0.04303
0.0382
0.04802
0.03874
0.03837
0.03815
0.03823
0.0385
0.03865
0.03857
0.03836
0.03811
0.03876
0.04024
0.04215
0.04208
0.04202
0.04216
0.04187
0.04062
0.03763
0.03834
0.04756
0.03765
0.03748
0.03743
0.03783
0.03767
0.03767
0.03765
0.03854
0.03794
0.038
0.03803
0.03823
0.0381
0.03788
0.03777
0.03764
0.03766
0.038
0.03746
0.04726
0.04017
0.03798
0.03841
0.03825
0.03832
0.03857
0.03963
0.0388
0.03543
0.03519
0.03536
0.03541
0.03545
0.0354
0.03861
0.04123
0.04049
0.03787
0.03785
0.05127
0.04164
0.04247
0.03909
0.0353
0.03599
0.03546
0.03549
0.03555
0.03563
0.03565
0.03699
0.04484
0.04384
0.0439
0.03585
0.0358
0.03566
0.03563
0.03561
0.04534
0.03544
0.03573
0.03555
0.036
0.03525
0.03537
0.03835
0.03834
0.0382
0.03851
0.03837
0.03947
0.03852
0.04052
0.03887
0.0384
0.03878
0.03858
0.0386
0.04811
0.03851
0.03858
0.0366
0.0355
0.03542
0.03537
0.03535
0.03546
0.03568
0.03554
0.0358
0.03556
0.03694
0.03564
0.03558
0.03551
0.03547
0.03543
0.03552
0.04522
0.03565
0.03566
0.03652
0.0354
0.03537
0.03522
0.03526
0.03524
0.0353
0.03515
0.03518
0.03528
0.03603
0.03515
0.03534
0.03538
0.03535
0.03539
0.03536
0.04476
0.03844
0.03595
0.0355
0.03548
0.03525
0.03545
0.03542
0.03536
0.03523
0.03533
0.03555
0.03666
0.03561
0.03554
0.03543
0.03534
0.04055
0.03539
0.0354
0.04898
0.03592
0.03675
0.03576
0.03576
0.03561
0.0356
0.03562
0.03566
0.0357
0.03567
0.03566
0.03661
0.03575
0.03578
0.03476
0.03477
0.03577
0.03565
0.03556
0.04584
0.03577
0.0368
0.03544
0.03518
0.03523
0.03525
0.03546
0.03561
0.03549
0.03538
0.03539
0.03622
0.03554
0.0354
0.03593
0.03556
0.03563
0.03555
0.03559
0.0453
0.03556
0.0362
0.03553
0.03541
0.03538
0.0353
0.03536
0.03585
0.03949
0.03526
0.0406
0.03799
0.0397
0.03986
0.03978
0.03477
0.03468
0.03476
0.03464
0.0397
0.03964
0.04159
0.03454
0.03439
0.03966
0.03957
0.03437
0.03548
0.03539
0.03543
0.03541
0.0374
0.03558
0.0355
0.03618
0.03559
0.03456
0.03457
0.03442
0.04441
0.03972
0.03506
0.03425
0.03406
0.03522
0.03513
0.03412
0.03526
0.03528
0.03525
0.03516
0.0389
0.04048
0.04018
0.03706
0.03653
0.03648
0.03644
0.0365
0.0465
0.03743
0.03647
0.03656
0.03631
0.03623
0.03628
0.03632
0.0363
0.03632
0.03631
0.03778
0.0366
0.03651
0.03757
0.0382
0.03627
0.03599
0.03615
0.03616
0.04594
0.03657
0.03634
0.03677
0.03643
0.03616
0.03648
0.03631
0.03616
0.03613
0.03616
0.03663
0.03624
0.03625
0.03605
0.03613
0.03611
0.03627
0.03928
0.03942
0.04918
0.04037
0.03948
0.03932
0.03941
0.03618
0.0363
0.03621
0.03629
0.03627
0.03633
0.03883
0.03639
0.03614
0.03621
0.03622
0.03724
0.03626
0.03631
0.03638
0.04607
0.03697
0.03652
0.03658
0.03635
0.03667
0.03656
0.03552
0.03552
0.03552
0.03553
0.03621
0.03571
0.03565
0.03551
0.03546
0.03652
0.03632
0.03621
0.03659
0.04611
0.04285
0.03656
0.03629
0.03624
0.03625
0.0365
0.03651
0.03644
0.03636
0.03684
0.0367
0.03648
0.03641
0.03648
0.03643
0.03646
0.03644
0.03638
0.03784
0.04703
0.03654
0.03641
0.03636
0.03635
0.0363
0.03626
0.03623
0.03741
0.03936
0.03601
0.03591
0.03548
0.0356
0.03554
0.03586
0.03577
0.03609
0.03606
0.03623
0.0457
0.03494
0.03482
0.03451
0.03538
0.03515
0.03517
0.03535
0.03517
0.03812
0.03822
0.03816
0.03791
0.04005
0.03804
0.03787
0.03788
0.03765
0.03762
0.03765
0.04854
0.03845
0.0385
0.035
0.03514
0.03854
0.03843
0.03856
0.03828
0.03871
0.03838
0.03833
0.03827
0.03833
0.03822
0.0383
0.03829
0.03884
0.03876
0.03945
0.04858
0.03886
0.03867
0.03878
0.03881
0.03878
0.03888
0.03867
0.03913
0.03548
0.03526
0.03534
0.03527
0.03534
0.03861
0.03864
0.03861
0.0386
0.03951
0.03883
0.04832
0.0423
0.03921
0.03836
0.03827
0.03835
0.03806
0.03926
0.03857
0.03832
0.03834
0.03858
0.03856
0.0386
0.03838
0.03861
0.03866
0.03906
0.03872
0.03925
0.04385
0.0383
0.04045
0.04744
0.03915
0.04319
0.03749
0.04243
0.04256
0.04251
0.03736
0.03733
0.03728
0.03767
0.0374
0.04102
0.04224
0.04188
0.04252
0.04241
0.04919
0.03851
0.03845
0.03881
0.03894
0.03887
0.0387
0.044
0.03884
0.03877
0.03881
0.03871
0.0386
0.03968
0.03889
0.03884
0.03882
0.03869
0.03882
0.03886
0.04861
0.03892
0.03932
0.03915
0.03874
0.0388
0.03935
0.03871
0.03863
0.0386
0.03852
0.03867
0.03889
0.03865
0.03866
0.03865
0.0389
0.03874
0.03891
0.03888
0.04822
0.04014
0.03913
0.03871
0.03871
0.03875
0.03862
0.03847
0.03816
0.03763
0.03795
0.03753
0.03748
0.03748
0.03757
0.03751
0.0375
0.0375
0.03874
0.03822
0.04902
0.04433
0.04269
0.04244
0.0384
0.04051
0.03995
0.03909
0.04126
0.03954
0.03917
0.03914
0.03918
0.03925
0.03913
0.03923
0.03902
0.03904
0.04083
0.04027
0.0487
0.03915
0.03888
0.03883
0.03878
0.03881
0.03888
0.03985
0.03907
0.03883
0.03901
0.03894
0.03915
0.03893
0.03893
0.03891
0.0401
0.03916
0.0392
0.03903
0.04873
0.03883
0.03873
0.03887
0.03874
0.04055
0.03921
0.03878
0.03883
0.03886
0.03888
0.03873
0.03858
0.0385
0.03852
0.04047
0.03873
0.03853
0.03837
0.03854
0.04971
0.0397
0.03872
0.03838
0.03915
0.03845
0.0385
0.03821
0.03941
0.04119
0.04119
0.03807
0.03746
0.03797
0.03781
0.03741
0.03717
0.03711
0.03709
0.03713
0.04672
0.03753
0.03752
0.04365
0.04282
0.04264
0.04263
0.04221
0.04229
0.03687
0.0369
0.0369
0.04403
0.03719
0.04215
0.04225
0.04215
0.03719
0.03713
0.03725
0.04631
0.04006
0.03744
0.03684
0.03666
0.03664
0.03661
0.03663
0.03668
0.03668
0.03706
0.03746
0.03719
0.03707
0.037
0.037
0.03696
0.03691
0.03684
0.03695
0.04808
0.04165
0.03797
0.03781
0.03767
0.03766
0.03788
0.04297
0.04303
0.0379
0.03825
0.03786
0.03765
0.03767
0.03737
0.03737
0.03729
0.03726
0.03737
0.04254
0.04784
0.03682
0.03665
0.0366
0.03663
0.03664
0.03689
0.03671
0.03676
0.03687
0.03771
0.03697
0.03693
0.0369
0.03694
0.03425
0.03456
0.03443
0.03462
0.03436
0.0438
0.03417
0.03739
0.03733
0.03721
0.0372
0.03731
0.03748
0.03741
0.03708
0.03752
0.03715
0.03716
0.03727
0.03722
0.03727
0.03728
0.04317
0.03799
0.03766
0.04859
0.03764
0.03753
0.03745
0.03777
0.03768
0.03761
0.03746
0.03753
0.03773
0.03769
0.03774
0.03752
0.03747
0.03747
0.03742
0.03739
0.03741
0.03742
0.03787
0.04718
0.04098
0.03774
0.0376
0.0375
0.03777
0.03759
0.03762
0.03748
0.03896
0.03776
0.03752
0.03742
0.03741
0.03748
0.03752
0.03814
0.038
0.03894
0.03817
0.04918
0.0378
0.03779
0.03785
0.03778
0.03779
0.03792
0.03796
0.03929
0.038
0.0381
0.03805
0.03801
0.03825
0.03806
0.03795
0.038
0.03788
0.03916
0.0382
0.0478
0.03795
0.03799
0.03781
0.03791
0.03776
0.03777
0.03905
0.03815
0.0379
0.03775
0.03804
0.0378
0.03778
0.03791
0.03792
0.03823
0.03922
0.03808
0.03815
0.04758
0.03828
0.03815
0.0382
0.03782
0.0379
0.0402
0.04247
0.03887
0.03492
0.03477
0.03809
0.03814
0.03815
0.03849
0.03816
0.03976
0.0383
0.03804
0.03812
0.04483
0.03508
0.03509
0.03503
0.03512
0.03542
0.03618
0.03554
0.03567
0.03534
0.0354
0.03726
0.03727
0.04053
0.03538
0.03645
0.03547
0.03539
0.03538
0.03644
0.04506
0.04078
0.03881
0.03549
0.03573
0.03609
0.03578
0.03565
0.03555
0.03553
0.03562
0.03541
0.03543
0.04071
0.03981
0.04104
0.03852
0.03871
0.03529
0.03855
0.04999
0.03871
0.03528
0.03996
0.03945
0.03911
0.04123
0.03873
0.0384
0.03841
0.0383
0.03833
0.03867
0.0384
0.03936
0.03862
0.03856
0.03839
0.03855
0.03859
0.0481
0.0384
0.03844
0.03916
0.03902
0.03855
0.03873
0.03891
0.03864
0.03854
0.03846
0.03859
0.03844
0.03947
0.03869
0.04008
0.04131
0.03871
0.03866
0.03851
0.04845
0.03543
0.03646
0.03537
0.03519
0.03524
0.03532
0.03529
0.035
0.03657
0.03902
0.03889
0.03892
0.03859
0.0385
