0.61811
0.04319
0.04182
0.04145
0.04149
0.04143
0.0447
0.04523
0.05069
0.04155
0.04898
0.04136
0.04997
0.04889
0.04896
0.04871
0.04881
0.03374
0.04947
0.04871
0.05628
0.04851
0.0485
0.04921
0.04865
0.04881
0.04915
0.04914
0.05269
0.04954
0.04902
0.04148
0.04141
0.04153
0.0418
0.04184
0.04142
0.04335
0.04531
0.04959
0.02542
0.04148
0.04161
0.04143
0.02484
0.02475
0.02608
0.02523
0.02487
0.04669
0.04936
0.04886
0.04935
0.05461
0.05435
0.04707
0.05441
0.04902
0.04976
0.04672
0.05881
0.0466
0.04905
0.0509
0.04888
0.04887
0.04909
0.04909
0.04937
0.05509
0.04887
0.04874
0.04899
0.04903
0.04268
0.04152
0.04168
0.0416
0.04137
0.04908
0.05955
0.04886
0.04893
0.04923
0.04903
0.04937
0.04916
0.04878
0.04858
0.04915
0.05049
0.05329
0.04874
0.04871
0.04872
0.04862
0.05076
0.04899
0.04877
0.04874
0.05841
0.05046
0.05118
0.04878
0.04873
0.0488
0.04874
0.04956
0.04884
0.04893
0.04868
0.05006
0.04936
0.04905
0.04869
0.04869
0.04879
0.04873
0.04956
0.04879
0.05856
0.04877
0.04907
0.05175
0.04878
0.04879
0.04869
0.04863
0.04873
0.04931
0.04881
0.04868
0.04881
0.04875
0.05106
0.04883
0.04874
0.04867
0.04868
0.04863
0.05916
0.04881
0.04875
0.04877
0.04877
0.05026
0.04886
0.04872
0.05105
0.0487
0.04903
0.04952
0.04879
0.04887
0.04885
0.04897
0.05115
0.04935
0.04144
0.04886
0.05854
0.04921
0.04968
0.04904
0.04918
0.04916
0.04115
0.04204
0.04144
0.04117
0.04111
0.04115
0.04118
0.0422
0.04146
0.0412
0.04127
0.04117
0.04107
0.04185
0.05875
0.0488
0.04208
0.0411
0.04115
0.04185
0.04107
0.04126
0.0411
0.04117
0.04131
0.04187
0.04115
0.04117
0.0464
0.04118
0.04113
0.04164
0.04124
0.04168
0.05144
0.04335
0.04165
0.04444
0.04143
0.04122
0.04172
0.0414
0.04198
0.04157
0.04107
0.0413
0.04474
0.04131
0.04497
0.04594
0.04964
0.04966
0.04949
0.05214
0.05989
0.04957
0.04956
0.04991
0.04977
0.05246
0.05015
0.05514
0.04948
0.04958
0.05585
0.05036
0.04952
0.04943
0.04941
0.04941
0.05025
0.05515
0.05506
0.0551
0.0546
0.05051
0.04871
0.04913
0.04104
0.04106
0.04108
0.04958
0.04891
0.04886
0.04139
0.041
0.04963
0.04981
0.04901
0.04918
0.04928
0.04935
0.05058
0.04915
0.0589
0.0492
0.0492
0.04963
0.04937
0.0491
0.04898
0.04913
0.04907
0.04987
0.05135
0.04897
0.04911
0.04909
0.04939
0.04898
0.04875
0.0487
0.04869
0.04867
0.0592
0.04886
0.04875
0.04856
0.0486
0.04946
0.04895
0.04909
0.04903
0.04145
0.04916
0.04992
0.04145
0.04152
0.0437
0.04377
0.04168
0.04241
0.04179
0.04192
0.05151
0.04317
0.04251
0.04221
0.04198
0.02328
0.0231
0.02319
0.02318
0.02453
0.0237
0.03992
0.02355
0.02239
0.02609
0.02269
0.04122
0.04379
0.0225
0.03901
0.04904
0.03914
0.04147
0.03954
0.03901
0.03942
0.0391
0.03964
0.03905
0.03959
0.03914
0.039
0.03903
0.03898
0.03961
0.04159
0.0415
0.0423
0.03981
0.0397
0.04969
0.04229
0.03881
0.03874
0.03861
0.03879
0.03893
0.03933
0.03873
0.03893
0.03859
0.03862
0.03857
0.03934
0.03871
0.03875
0.03903
0.03903
0.03914
0.03962
0.04894
0.03911
0.03908
0.03901
0.03901
0.04012
0.03905
0.03903
0.03887
0.03892
0.03898
0.04063
0.03908
0.03892
0.039
0.03891
0.03902
0.04096
0.044
0.04013
0.04873
0.03907
0.03899
0.04
0.03903
0.03909
0.03915
0.03868
0.03868
0.03911
0.039
0.03873
0.03875
0.03871
0.03859
0.03982
0.03913
0.03871
0.03858
0.0386
0.04856
0.03984
0.03911
0.03855
0.0387
0.03868
0.03855
0.03854
0.03927
0.03871
0.03857
0.03857
0.03853
0.0396
0.03903
0.03868
0.03869
0.0387
0.0386
0.03876
0.05273
0.03907
0.03823
0.03817
0.03824
0.03915
0.04002
0.03908
0.03897
0.03864
0.03881
0.03861
0.04039
0.03902
0.03863
0.03861
0.03873
0.03987
0.04025
0.03942
0.04884
0.03912
0.03914
0.03903
0.04055
0.04171
0.04156
0.03952
0.03951
0.03951
0.04153
0.0432
0.04283
0.03948
0.03945
0.03943
0.04047
0.0395
0.03961
0.03939
0.04884
0.03911
0.04102
0.0391
0.03899
0.0391
0.03927
0.03911
0.0425
0.03985
0.0395
0.0416
0.04344
0.03956
0.04062
0.03929
0.03937
0.03929
0.03934
0.03935
0.04997
0.03926
0.03948
0.03927
0.03935
0.03944
