0.61891
0.04351
0.04072
0.03805
0.03803
0.03794
0.038
0.0381
0.03816
0.03838
0.03816
0.0382
0.0381
0.03809
0.03815
0.03803
0.03811
0.03808
0.03869
0.03833
0.04584
0.03821
0.03811
0.03813
0.03801
0.03813
0.03823
0.03834
0.03824
0.03825
0.0382
0.03827
0.03886
0.03818
0.04108
0.03912
0.03914
0.0392
0.03917
0.03916
0.0488
0.03919
0.03919
0.03912
0.03955
0.03944
0.0391
0.03922
0.03909
0.03918
0.03945
0.03934
0.04025
0.04133
0.03955
0.03918
0.03921
0.03925
0.03928
0.03924
0.05081
0.0432
0.03936
0.03937
0.03914
0.03908
0.03912
0.03909
0.03909
0.03901
0.04052
0.03959
0.03909
0.03912
0.03922
0.039
0.03908
0.04003
0.03913
0.0418
0.04908
0.03912
0.04121
0.03945
0.03931
0.03913
0.03906
0.03937
0.03936
0.03926
0.03892
0.03911
0.04062
0.04213
0.03949
0.03831
0.03891
0.03868
0.03827
0.0382
0.04782
0.04327
0.0423
0.03831
0.0383
0.03861
0.03822
0.03862
0.0384
0.03819
0.03828
0.03996
0.04237
0.04219
0.03909
0.03907
0.03895
0.03899
0.03913
0.03895
0.04884
0.03899
0.04016
0.03912
0.03893
0.03911
0.03895
0.03906
0.03885
0.03895
0.03905
0.04014
0.03908
0.039
0.03899
0.03891
0.03916
0.03892
0.03898
0.0389
0.0514
0.04045
0.03907
0.03963
0.03912
0.03916
0.0392
0.03901
0.03929
0.03872
0.03878
0.03872
0.03952
0.03878
0.0387
0.03883
0.03881
0.04013
0.03907
0.03902
0.04859
0.03878
0.03881
0.03866
0.03884
0.03893
0.03984
0.03894
0.03908
0.03883
0.03869
0.03876
0.03862
0.03875
0.03873
0.03973
0.03897
0.03885
0.03885
0.03877
0.04835
0.03872
0.03859
0.03876
0.03885
0.03893
0.03879
0.03907
0.0391
0.03926
0.03906
0.03905
0.03999
0.03909
0.03907
0.03908
0.03899
0.03904
0.03905
0.03911
0.04875
0.0427
0.03981
0.03919
0.03913
0.03912
0.03904
0.03905
0.03912
0.03907
0.04011
0.03967
0.04028
0.03909
0.03917
0.03909
0.03907
0.03913
0.03917
0.03958
0.0492
0.03914
0.03926
0.03926
0.03907
0.03926
0.03925
0.04025
0.04146
0.03926
0.03912
0.03925
0.03934
0.04112
0.04324
0.04326
0.04021
0.04083
0.03933
0.03933
0.04909
0.03961
0.03931
0.03934
0.0418
0.04006
0.0394
0.03964
0.03969
0.03932
0.03932
0.03945
0.03941
0.03662
0.03615
0.03606
0.03598
0.036
0.03593
0.03584
0.04586
0.03586
0.03607
0.03618
0.0362
0.0361
0.03594
0.03592
0.03598
0.03599
0.036
0.03592
0.04083
0.03615
0.03947
0.03599
0.036
0.03599
0.03592
0.03589
0.04567
0.04104
0.036
0.0394
0.03938
0.0394
0.036
0.036
0.0367
0.03596
0.03688
0.03608
0.03596
0.03931
0.03625
0.03594
0.03609
0.03596
0.03587
0.03643
0.04615
0.03931
0.03614
0.03613
0.03595
0.03605
0.03621
0.03609
0.03615
0.03653
0.03601
0.03604
0.03599
0.03594
0.03596
0.03602
0.03624
0.03605
0.03679
0.03809
0.04878
0.03884
0.03924
0.03925
0.03617
0.03595
0.03628
0.03647
0.03617
0.0361
0.03631
0.03608
0.03628
0.03629
0.03625
0.0362
0.03717
0.03689
0.03626
0.03622
0.04603
0.03637
0.03821
0.03707
0.03637
0.03724
0.0365
0.03637
0.03632
0.03628
0.03626
0.03638
0.0364
0.0363
0.03777
0.03654
0.03633
0.03649
0.03634
0.03636
0.04632
0.03636
0.03641
0.0381
0.0365
0.03649
0.03638
0.03643
0.03653
0.03647
0.03642
0.03638
0.03644
0.03723
0.03642
0.03631
0.03641
0.03634
0.03637
0.03635
0.0462
0.03633
0.03725
0.03545
0.03537
0.03542
0.03538
0.03643
0.03535
0.0367
0.03638
0.03687
0.03637
0.0365
0.03643
0.03663
0.03649
0.03652
0.03647
0.03646
0.04651
0.04089
0.03643
0.03654
0.03648
0.0365
0.03655
0.03645
0.03641
0.03644
0.03701
0.03716
0.03641
0.0364
0.03644
0.03644
0.03652
0.03648
0.03637
0.04122
0.04622
0.03643
0.03654
0.03629
0.03632
0.03634
0.0363
0.03622
0.03763
0.03647
0.03639
0.03679
0.03634
0.03619
0.03636
0.03643
0.03628
0.03663
0.03676
0.03639
0.04602
0.03815
0.04021
0.03813
0.03614
0.03616
0.03651
0.03654
0.03614
0.03609
0.03615
0.03615
0.03623
0.03613
0.03617
0.03614
0.03715
0.03627
0.03623
0.03624
0.04597
0.0363
0.03621
0.03601
0.03611
0.03844
0.0397
0.03585
0.03584
0.03578
0.036
0.03581
0.03586
0.03578
0.03627
0.03581
0.03582
0.03587
0.03589
0.03719
0.04975
0.03609
0.03619
0.03659
0.03646
0.03607
0.03608
0.03619
0.03609
0.03612
0.03617
0.03619
0.03613
0.03738
0.03656
0.03616
0.03618
0.03615
0.03612
0.03611
0.04584
0.04143
0.03793
0.03642
0.03616
0.03641
0.03616
0.03615
0.03613
0.03619
0.03627
0.0376
0.03624
0.03615
0.03615
0.0367
0.03609
0.03622
0.03768
0.04013
0.0499
0.03962
0.03958
0.0395
0.03646
0.03621
0.03623
0.03621
0.03608
0.03731
0.03639
0.03615
0.03616
0.03619
0.03623
0.03613
0.03616
0.03814
0.04041
0.03953
0.04927
0.03949
0.03949
0.03941
0.03831
0.03574
0.03615
0.03595
0.03601
0.03564
0.03579
0.03559
0.03581
0.03563
0.03579
0.03577
0.03648
0.03598
0.03576
0.03623
0.04554
0.0357
0.03573
0.03583
0.03584
0.03691
0.03746
0.04003
0.03996
0.03622
0.03645
0.03615
0.03668
0.0362
0.03786
0.03638
0.03616
0.03615
0.03623
0.03606
0.046
0.0364
0.03619
0.03692
0.03642
0.03614
0.03572
0.03564
0.03568
0.03574
0.03568
0.03579
0.03611
0.03697
0.0363
0.03623
0.03583
0.03566
0.03565
0.03578
0.04554
0.04005
0.03747
0.03627
0.03629
0.0348
0.03481
0.03585
0.0358
0.03579
0.03498
0.03714
0.04044
0.03646
0.03525
0.03533
0.03618
0.03628
0.03626
0.03744
0.04643
0.0362
0.03598
0.03599
0.0362
0.03565
0.03573
0.03558
0.03445
0.03452
0.03543
0.03462
0.0345
0.03445
0.03444
0.03441
0.03444
0.03444
0.03442
0.03558
0.04429
0.03452
0.03505
0.03505
0.035
0.03505
0.03457
0.03443
0.03441
0.03509
0.0345
0.03448
0.03457
0.03454
0.03452
0.03446
0.03488
0.03491
0.03477
0.03551
0.04485
0.03499
0.03472
0.03475
0.03477
0.03482
0.03483
0.03471
0.03631
0.03529
0.03527
0.03533
0.03546
0.0354
0.03529
0.03721
0.03905
0.0354
0.03563
0.03549
0.0451
0.03531
0.03544
0.03533
0.03575
0.03528
0.03539
0.03751
0.03529
0.03534
0.03534
0.03537
0.03526
0.03536
0.03523
0.03532
0.03563
0.03565
0.03554
0.03524
0.04499
0.03921
0.03557
0.0353
0.03532
0.03532
0.03599
0.03533
0.03528
0.03545
0.0353
0.03525
0.03555
0.03518
0.03537
0.03692
0.03528
0.03523
0.03517
0.03536
0.04526
0.03525
0.03511
0.03514
0.03541
0.03545
0.03717
0.03883
0.03521
0.03501
0.03536
0.03493
0.03488
0.03584
0.03782
0.03588
0.03588
0.03588
0.03588
0.0361
0.0476
0.0361
0.03613
0.03801
0.03653
0.03638
0.03645
0.03643
0.03641
0.03639
0.03828
0.0398
0.03727
0.03554
0.03636
0.03642
0.03745
0.03835
0.0352
0.03616
0.04584
0.03798
0.03602
0.03648
0.03613
0.03607
0.03612
0.0361
0.03613
0.03602
0.03602
0.03733
0.03624
0.03615
0.03606
0.03612
0.03604
0.03599
0.03604
0.03606
0.04808
0.03645
0.03641
0.03646
0.03657
0.03651
0.03644
0.03633
0.03643
0.03744
0.03665
0.03636
0.03637
0.03635
0.03636
0.0365
0.03631
0.03644
0.03632
0.03845
0.04615
0.04102
0.03907
0.03641
0.03636
0.03621
0.03647
0.03639
0.03665
0.03643
0.03649
0.03786
0.04035
0.04029
0.04028
0.04035
0.03697
0.03655
0.03717
0.03669
0.04645
0.03555
0.03556
0.03554
0.03549
0.03672
0.0366
0.03645
0.03639
0.03645
0.0354
0.03536
0.03534
0.03548
0.03549
0.03646
0.03555
0.0359
0.03546
0.03554
0.04508
0.03541
0.03539
0.03556
0.03591
0.03591
0.03553
0.0355
0.03534
0.03535
0.03538
0.03535
0.03536
0.03527
0.03656
0.03553
0.0355
0.03541
0.03574
0.03575
0.04534
0.0355
0.0354
0.03598
0.0356
0.03526
0.03528
0.03531
0.03531
0.0353
0.0354
0.03537
0.03527
0.03638
0.03558
0.03532
0.03583
0.03525
0.03529
0.03534
0.04464
0.03514
0.0357
0.03556
0.03528
0.03533
0.03533
0.03543
0.03536
0.03538
0.0353
0.03544
0.03608
0.03543
0.03536
0.03531
0.0355
0.03545
0.03545
0.03544
0.04511
0.03777
0.03618
0.0356
0.03539
0.03548
0.03552
0.03571
0.03548
0.03557
0.03555
0.03633
0.03549
0.03553
0.03555
0.03552
0.03552
0.03561
0.0356
0.03557
0.04684
0.03558
0.03544
0.03538
0.03529
0.03558
0.03561
0.03557
0.03571
0.03554
0.03763
0.03931
0.03869
0.03558
0.0355
0.03555
0.03556
0.03563
0.0355
0.0375
0.04548
0.03568
0.03531
0.03521
0.03512
0.03512
0.03507
0.03504
0.0355
0.03521
0.03519
0.03516
0.03521
0.03513
0.03507
0.03521
0.03513
0.03515
0.03574
0.03566
0.04529
0.03552
0.03776
0.03925
0.03929
0.03656
0.03824
0.03848
0.03466
0.03459
0.03462
0.03454
0.03463
0.03452
0.03456
0.03452
0.03506
0.03465
0.03454
0.03663
0.04823
0.03472
0.03458
0.03465
0.03457
0.03577
0.03475
0.03457
0.03468
0.03468
0.03463
0.03461
0.03465
0.03461
0.03471
0.03529
0.03475
0.0347
0.0346
0.03462
0.04443
0.03733
0.03482
0.03464
0.03703
0.03856
0.03466
0.03471
0.03474
0.03463
0.0346
0.03464
0.03458
0.03454
0.03564
0.03473
0.03457
0.03451
0.03463
0.03454
0.04533
0.03456
0.03462
0.03499
0.03437
0.03432
0.03433
0.03413
0.03418
0.03412
0.03419
0.0343
0.03421
0.03701
0.03848
0.03458
0.03459
0.03458
0.0346
0.03504
0.04428
0.03462
0.03487
0.0348
0.03466
0.03467
0.03458
0.03465
0.03462
0.03461
0.03472
0.03453
0.035
0.03471
0.03465
0.03456
0.03461
0.03457
0.03469
0.03671
0.04826
0.03887
0.03435
0.03433
0.03428
0.03429
0.0342
0.03417
0.03412
0.03429
0.03421
0.03472
0.03438
0.03423
0.03423
0.03416
0.03416
0.03412
0.03406
0.03409
0.04385
0.03525
0.03428
0.03413
0.03405
0.03442
0.03435
0.03447
0.03448
0.03445
0.03472
0.0347
0.03445
0.03445
0.03549
0.03451
0.03443
0.03454
0.0344
0.0344
0.04494
0.03788
0.0349
0.03439
0.0343
0.03437
0.03437
0.03448
0.03446
0.03445
0.03492
0.03449
0.03442
0.03437
0.03439
0.03444
0.03455
0.03458
0.0348
0.03515
0.04746
0.03475
0.03462
0.03487
0.03469
0.03472
0.03465
0.03466
0.03633
0.03895
0.03857
0.03441
0.03431
0.03443
0.03445
0.03423
0.03435
0.03439
0.03509
0.03463
0.04405
0.0343
0.03435
0.03434
0.03434
0.0343
0.03452
0.03439
0.03563
0.03453
0.03445
0.03439
0.03437
0.03437
0.03437
0.0343
0.03434
0.03463
0.03447
0.03442
0.04419
0.03439
0.03432
0.03437
0.0342
0.03424
0.03408
0.03454
0.03419
0.03431
0.03407
0.03409
0.034
0.03396
0.03401
0.03406
0.03402
0.03512
0.0341
0.0342
0.04335
0.03399
0.03395
0.03398
0.03408
0.03394
0.03385
0.03426
0.03402
0.03387
0.03391
0.03438
0.03448
0.03438
0.03417
0.03441
0.03492
0.03472
0.03429
0.03483
0.04451
0.03844
0.03466
0.03479
0.03463
0.03435
0.0355
0.03456
0.03433
0.03439
0.03428
0.03437
0.03436
0.03541
0.03598
0.03568
0.03543
0.0353
0.03814
0.03558
0.04893
0.03519
0.03523
0.03503
0.03513
0.03595
0.03541
0.03473
0.03452
0.038
0.0379
0.03785
0.03784
0.0379
0.03819
0.03795
0.0399
0.04274
0.03945
0.03854
0.04825
0.03865
0.03535
0.036
0.03526
0.03519
0.03535
0.03529
0.03528
