0.6136
0.04207
0.03722
0.03723
0.03704
0.03704
0.03848
0.0372
0.03706
0.03703
0.03704
0.03715
0.03707
0.03697
0.03738
0.03722
0.0375
0.03713
0.03722
0.03968
0.0457
0.03699
0.037
0.0371
0.03694
0.03774
0.03717
0.03707
0.03712
0.03708
0.037
0.0369
0.03697
0.037
0.03907
0.03787
0.04334
0.03781
0.03778
0.03764
0.04939
0.03896
0.03755
0.03847
0.03773
0.0378
0.03761
0.03749
0.03745
0.03749
0.03757
0.0375
0.03861
0.03804
0.03756
0.03758
0.03772
0.03759
0.0375
0.04112
0.04709
0.03766
0.03768
0.0377
0.03751
0.03751
0.03726
0.03756
0.03758
0.03934
0.03739
0.04017
0.03772
0.03769
0.03757
0.03753
0.03746
0.03756
0.0391
0.04098
0.05141
0.04122
0.03932
0.03777
0.03773
0.03778
0.03787
0.03957
0.04132
0.04178
0.04146
0.03971
0.03782
0.03774
0.03761
0.03768
0.03768
0.03787
0.03835
0.03793
0.04735
0.04154
0.03771
0.0378
0.03776
0.03773
0.0399
0.04179
0.03759
0.03931
0.04678
0.04295
0.03759
0.03784
0.03776
0.04344
0.03776
0.04273
0.04268
0.0376
0.04753
0.03764
0.03755
0.03762
0.03991
0.04317
0.04284
0.04484
0.0407
0.04639
0.04052
0.04038
0.03793
0.03761
0.03744
0.03745
0.03754
0.03841
0.03757
0.04281
0.04726
0.03796
0.03783
0.03753
0.03749
0.03761
0.03763
0.03753
0.03763
0.04299
0.04331
0.03768
0.04299
0.03759
0.03759
0.04283
0.03744
0.03755
0.03752
0.03755
0.04819
0.03767
0.04305
0.03765
0.03769
0.03764
0.03761
0.04282
0.043
0.03763
0.03771
0.04288
0.04284
0.03752
0.04312
0.03718
0.04281
0.03757
0.03816
0.02129
0.02127
0.03759
0.03744
0.03764
0.03761
0.03748
0.03766
0.03762
0.03862
0.03782
0.03754
0.03778
0.03767
0.03775
0.03766
0.03769
0.03757
0.0215
0.02139
0.0214
0.02117
0.02465
0.03918
0.03803
0.03744
0.03755
0.04284
0.04265
0.03845
0.04311
0.04272
0.04398
0.04062
0.04042
0.04234
0.04216
0.03762
0.04257
0.04219
0.04214
0.03706
0.04211
0.03723
0.04215
0.03712
0.03904
0.04104
0.03724
0.03725
0.04219
0.04393
0.04331
0.04243
0.04223
0.03781
0.03749
0.03723
0.03712
0.04207
0.0367
0.04186
0.04253
0.03642
0.0425
0.03663
0.04184
0.04208
0.04205
0.03689
0.04197
0.04229
0.04232
0.03843
0.03723
0.03712
0.037
0.03704
0.04216
0.03683
0.03687
0.04223
0.03823
0.03792
0.0429
0.03763
0.03773
0.03766
0.03967
0.04121
0.04133
0.04197
0.04147
0.04123
0.04138
0.03905
0.03786
0.03786
0.03792
0.03786
0.03899
0.0476
0.03778
0.03768
0.03773
0.04315
0.04303
0.0444
0.04732
0.04705
0.0415
0.04025
0.03804
0.03784
0.03776
0.04302
0.03794
0.03838
0.03793
0.03788
0.03789
0.04755
0.04225
0.03829
0.04307
0.03749
0.03932
0.03764
0.03748
0.04515
0.04035
0.03795
0.04316
0.04309
0.03754
0.04424
0.03796
0.03785
0.0379
0.03777
0.03781
0.04746
0.0378
0.03788
0.0387
0.03796
0.03804
0.03804
0.0378
0.03778
0.03793
0.03787
0.0377
0.04136
0.04224
0.03797
0.03787
0.03782
0.03778
0.03773
0.03798
0.04765
0.04041
0.03795
0.03782
0.03787
0.03779
0.03788
0.03799
0.03801
0.03782
0.03931
0.03794
0.03786
0.03799
0.03776
0.03786
0.04294
0.03791
0.03793
0.03917
0.04775
0.03791
0.03792
0.03785
0.03773
0.03773
0.03778
0.04301
0.03889
0.03797
0.03805
0.0378
0.03795
0.03784
0.03794
0.03783
0.03789
0.03872
0.03864
0.02139
0.04781
0.03947
0.03788
0.03786
0.03777
0.03791
0.03786
0.03915
0.03793
0.03786
0.03776
0.03785
0.038
0.03779
0.03737
0.0373
0.03913
0.03801
0.03771
0.03778
0.04807
0.04059
0.03809
0.03802
0.0378
0.03908
0.03794
0.03787
0.03784
0.03791
0.03772
0.03772
0.03772
0.03782
0.03856
0.03789
0.04264
0.04274
0.04347
0.04311
0.0428
0.03798
0.03782
0.04356
0.03727
0.03768
0.03735
0.03722
0.03769
0.03733
0.03723
0.03723
0.03762
0.03745
0.03737
0.04261
0.03749
0.03732
0.03729
0.03723
0.04697
0.0372
0.03795
0.03749
0.03721
0.03731
0.03728
0.0376
0.03731
0.03733
0.03733
0.03841
0.03747
0.03734
0.03735
0.03758
0.03754
0.03761
0.0378
0.02153
0.02151
0.02265
0.02167
0.02174
0.02154
0.02148
0.02145
0.02152
0.02152
0.02158
0.02155
0.02168
0.02162
0.02152
0.02187
0.02196
0.02164
0.02117
0.03772
0.04421
0.04292
0.0374
0.03747
0.03761
0.04541
0.03849
0.04388
0.03854
0.03851
0.03848
0.0384
0.03848
0.03831
0.03871
0.03847
0.0381
0.03818
0.0218
0.02146
0.02143
0.02148
0.02582
0.02228
0.02183
0.02166
0.02269
0.02184
0.02166
0.02156
0.02153
0.02153
0.02151
0.02151
0.02167
0.02161
0.02164
0.02159
0.02159
0.02277
0.0222
0.02184
0.02163
0.02174
0.02202
0.02206
0.03913
0.04166
0.03646
0.03761
0.0405
0.03939
0.03626
0.03626
0.03627
0.03615
0.03618
0.04296
0.03917
0.03954
0.03951
0.04184
0.03574
0.03573
0.03575
0.03562
0.03559
0.03554
0.03557
0.03622
0.03528
0.03586
0.0352
0.03525
0.03523
0.03539
0.0356
0.03567
0.03561
0.03636
0.03589
0.04541
0.03576
0.03571
0.03567
0.03557
0.03536
0.03518
0.03724
0.03554
0.03527
0.03513
0.03508
0.03525
0.03538
0.03509
0.0352
0.03505
0.03557
0.03515
0.03518
0.04588
0.03523
0.03491
0.03486
0.03755
0.03977
0.04016
0.03771
0.03923
0.0396
0.03593
0.03565
0.03618
0.0356
0.03563
0.03561
0.03633
0.03575
0.0358
0.03615
0.04529
0.04285
0.03867
0.03554
0.03542
0.03729
0.03547
0.03558
0.03543
0.03553
0.03558
0.0355
0.03544
0.03543
0.03776
0.03991
0.03978
0.03729
0.0361
0.03596
0.04564
0.03597
0.0358
0.036
0.03581
0.03591
0.03565
0.03574
0.0357
0.0374
0.03918
0.03921
0.03931
0.03981
0.03936
0.03921
0.03922
0.03913
0.03706
0.03554
0.045
0.03587
0.03563
0.03559
0.03546
0.03552
0.03546
0.03548
0.03541
0.03545
0.03554
0.0359
0.03564
0.03545
0.03566
0.03547
0.03582
0.03577
0.03573
0.03571
0.04533
0.03644
0.03566
0.03583
0.03561
0.03576
0.03563
0.03588
0.03567
0.03568
0.03593
0.03573
0.03579
0.03874
0.04023
0.03971
0.03827
0.03553
0.03566
0.03557
0.0463
0.03569
0.03542
0.03578
0.0353
0.03551
0.03528
0.03538
0.03532
0.03624
0.03548
0.03554
0.03445
0.03501
0.03436
0.03453
0.03439
0.03449
0.03444
0.03758
0.04801
0.03873
0.03568
0.03512
0.03484
0.03493
0.03618
0.03882
0.03765
0.03511
0.035
0.02211
0.02178
0.02269
0.02155
0.03778
0.0372
0.03747
0.03785
0.0394
0.04758
0.03783
0.03778
0.03928
0.04116
0.04118
0.03775
0.03785
0.03985
0.03791
0.03792
0.03773
0.03789
0.03779
0.0382
0.03777
0.02114
0.02116
0.02287
0.02131
0.02124
0.0211
0.02109
0.0215
0.02106
0.02104
0.02139
0.02117
0.02119
0.02121
0.02111
0.02119
0.02161
0.02153
0.02139
0.02146
0.02144
0.02158
0.02153
0.02157
0.02159
0.0217
0.02186
0.02202
0.0219
0.02269
0.02195
0.02221
0.01883
0.0188
