0.61808
0.04288
0.03744
0.03781
0.0375
0.03739
0.03748
0.03726
0.03735
0.03762
0.03728
0.03748
0.03741
0.03788
0.03825
0.04091
0.03832
0.03734
0.03758
0.03751
0.04509
0.03926
0.03756
0.03855
0.0377
0.03759
0.03749
0.0376
0.03766
0.04108
0.03706
0.03692
0.03693
0.03793
0.03697
0.03699
0.03707
0.03695
0.03803
0.04345
0.04007
0.04006
0.03935
0.035
0.03931
0.03425
0.03928
0.0342
0.03445
0.03469
0.0352
0.03946
0.03475
0.04015
0.03477
0.03468
0.03479
0.03466
0.0346
0.03958
0.04372
0.03459
0.03962
0.04266
0.04016
0.03792
0.03802
0.03798
0.03798
0.03818
0.03796
0.0378
0.03785
0.04047
0.038
0.03812
0.03807
0.03812
0.03973
0.04197
0.04708
0.0383
0.03577
0.03543
0.03527
0.03518
0.03513
0.03527
0.03532
0.03538
0.03536
0.03541
0.03544
0.03623
0.03554
0.03552
0.03561
0.03555
0.03555
0.03546
0.04529
0.04041
0.03571
0.03612
0.03562
0.03763
0.03956
0.0394
0.03599
0.03593
0.03598
0.03594
0.03597
0.03723
0.036
0.03591
0.03601
0.03606
0.03592
0.03588
0.04569
0.03584
0.03597
0.0378
0.03608
0.03569
0.03579
0.03571
0.03575
0.03636
0.03949
0.03563
0.03568
0.03614
0.03585
0.03552
0.03562
0.03718
0.03887
0.03898
0.04482
0.03528
0.03525
0.0361
0.03559
0.03543
0.03546
0.03543
0.03534
0.03674
0.0392
0.03559
0.03538
0.03589
0.03555
0.0355
0.03552
0.03539
0.03537
0.03564
0.04557
0.0356
0.0357
0.0374
0.03944
0.03897
0.03657
0.03547
0.03551
0.03534
0.0342
0.03401
0.03383
0.03596
0.03826
0.03801
0.03835
0.03891
0.03455
0.03437
0.04393
0.03443
0.03428
0.03542
0.03428
0.03424
0.03439
0.03593
0.03529
0.0349
0.03471
0.0347
0.03474
0.03479
0.03525
0.03495
0.03482
0.03486
0.03472
0.03478
0.04478
0.04069
0.03538
0.03505
0.03604
0.03505
0.03487
0.03491
0.03498
0.0351
0.03512
0.03499
0.03521
0.03509
0.03574
0.03702
0.03917
0.03733
0.03556
0.03548
0.04511
0.03541
0.03549
0.03581
0.03787
0.03895
0.03522
0.03514
0.0352
0.03528
0.03617
0.03531
0.03525
0.03531
0.03716
0.03537
0.03524
0.03661
0.03885
0.03882
0.04685
0.03545
0.03539
0.03543
0.0357
0.03499
0.0349
0.03495
0.03484
0.03492
0.03497
0.03514
0.03501
0.03501
0.03529
0.03495
0.03531
0.03496
0.03505
0.03526
0.04472
0.03493
0.03497
0.035
0.03505
0.03561
0.03498
0.03494
0.035
0.03503
0.03519
0.0351
0.03515
0.0352
0.03507
0.03687
0.03588
0.03554
0.03558
0.03559
0.04508
0.03761
0.03915
0.03547
0.03536
0.03691
0.03891
0.03778
0.03508
0.03449
0.03475
0.03536
0.03526
0.03464
0.03524
0.03501
0.03525
0.03464
0.03486
0.03487
0.04454
0.0399
0.03456
0.03423
0.03399
0.03429
0.03431
0.03417
0.03405
0.03416
0.0341
0.0341
0.0342
0.03405
0.03405
0.03464
0.03434
0.0343
0.034
0.03401
0.04536
0.03791
0.03597
0.03454
0.03456
0.03452
0.03488
0.03461
0.03476
0.03436
0.03453
0.03464
0.03439
0.03767
0.0339
0.03413
0.0339
0.03458
0.03407
0.03396
0.04387
0.03416
0.0341
0.03404
0.03405
0.0339
0.03388
0.03451
0.03401
0.03397
0.03378
0.03379
0.0338
0.036
0.03774
0.03757
0.03384
0.03391
0.03442
0.03391
0.0431
0.03386
0.03429
0.03379
0.03369
0.03377
0.03378
0.03367
0.03644
0.0381
0.0355
0.0338
0.0337
0.03375
0.03353
0.03325
0.03327
0.03312
0.03349
0.03406
0.04261
0.03335
0.03348
0.03379
0.03336
0.03365
0.03367
0.03381
0.03334
0.03382
0.03349
0.03336
0.03325
0.03324
0.03326
0.03338
0.03323
0.03321
0.03321
0.03352
0.04375
0.03747
0.03367
0.03573
0.0375
0.03748
0.03757
0.03377
0.03358
0.03347
0.03577
0.03371
0.03369
0.03364
0.03361
0.03387
0.0337
0.03372
0.03374
0.0336
0.04423
0.03377
0.03366
0.03373
0.03383
0.03362
0.0358
0.03779
0.03774
0.03691
0.0345
0.03397
0.03364
0.03354
0.03353
0.03344
0.03373
0.0372
0.03707
0.03404
0.04327
0.03456
0.03413
0.034
0.03399
0.03403
0.03407
0.03394
0.03405
0.0341
0.03392
0.03546
0.03414
0.03436
0.03425
0.03421
0.03423
0.03611
0.03781
0.03767
0.04721
0.03855
0.0381
0.03784
0.03791
0.03794
0.03797
0.03725
0.03443
0.03451
0.03457
0.03455
0.03453
0.03434
0.03447
0.03418
0.03435
0.03422
0.03612
0.03794
0.04779
0.03573
0.03399
0.0339
0.03389
0.0339
0.03379
0.03379
0.03392
0.03394
0.03396
0.03447
0.03402
0.03395
0.03397
0.03395
0.03389
0.03389
0.0337
0.03386
0.04309
0.04175
0.03896
0.03437
0.03428
0.03435
0.0348
0.03416
0.03426
0.03432
0.03422
0.03421
0.0347
0.03429
0.03625
0.03786
0.03498
0.03382
0.03386
0.03377
0.04319
0.0339
0.03478
0.03406
0.0339
0.03398
0.03397
0.03406
0.03393
0.03566
0.03805
0.03412
0.03464
0.03419
0.03417
0.03413
0.03417
0.03402
0.03385
0.03477
0.04333
0.03393
0.03433
0.03415
0.03381
0.03371
0.03375
0.03369
0.03379
0.03374
0.03378
0.03391
0.03386
0.03576
0.03421
0.03391
0.03375
0.0337
0.03377
0.03407
0.04318
0.03381
0.0338
0.03447
0.03381
0.03365
0.03364
0.0334
0.03337
0.03343
0.03317
0.03338
0.03324
0.03324
0.03406
0.03355
0.03386
0.03391
0.0339
0.03389
0.04494
0.03619
0.03388
0.03384
0.03437
0.03394
0.03392
0.03392
0.03386
0.03383
0.0358
0.03751
0.03333
0.03335
0.03357
0.03342
0.03336
0.03334
0.03329
0.0331
0.04237
0.03685
0.03435
0.0335
0.03348
0.03481
0.03363
0.03347
0.03344
0.03349
0.03334
0.03364
0.03346
0.03345
0.03358
0.03404
0.03366
0.03358
0.03348
0.03354
0.04292
0.03367
0.03345
0.03333
0.03341
0.03326
0.03412
0.03367
0.03329
0.0334
0.03336
0.03325
0.03324
0.03322
0.03334
0.03332
0.03378
0.03348
0.03343
0.03341
0.04254
0.03324
0.03329
0.03668
0.0337
0.03375
0.03378
0.03455
0.03394
0.03376
0.03382
0.03374
0.03379
0.03373
0.03377
0.0338
0.03392
0.03434
0.03393
0.03394
0.04351
0.03399
0.03395
0.034
0.03555
0.03779
0.03571
0.03583
0.03723
0.03368
0.0337
0.03376
0.03376
0.03363
0.03364
0.03379
0.03375
0.03377
0.03441
0.03382
0.04279
0.03378
0.03373
0.03376
0.03374
0.03362
0.03375
0.03374
0.0342
0.0337
0.03375
0.03369
0.03868
0.03878
0.03874
0.03381
0.03896
0.03379
0.03476
0.03389
0.04273
0.03858
0.03404
0.03383
0.03386
0.03389
0.03392
0.03383
0.0351
0.03401
0.03399
0.0336
0.03374
0.03372
0.03331
0.03301
0.03304
0.03303
0.03297
0.03369
0.04201
0.03321
0.03315
0.03306
0.03312
0.03311
0.03314
0.03311
0.03298
0.03332
0.03321
0.03313
0.03308
0.03309
0.03309
0.03326
0.03322
0.0332
0.03318
0.03314
0.04293
0.03316
0.0331
0.03312
0.03313
0.03312
0.03335
0.03476
0.0339
0.03399
0.03502
0.03416
0.03577
0.03737
0.03477
0.03649
0.03804
0.03794
0.03812
0.03742
0.047
0.03737
0.03577
0.03374
0.03379
0.03386
0.03559
0.03817
0.03807
0.03488
0.03501
0.03471
0.03466
0.03469
0.03456
0.03465
0.03465
0.03464
0.03493
0.03498
0.04697
0.03521
0.03525
0.03499
0.03479
0.0351
0.03634
0.03802
0.03477
0.03465
0.03487
0.03652
0.03898
0.03524
0.03526
0.03517
0.03539
0.03529
0.03494
0.035
0.04517
0.04011
0.03661
0.03463
0.03451
0.0346
0.03439
0.03438
0.03439
0.03648
0.03975
0.03448
0.03462
0.03454
0.03449
0.03451
0.03459
0.03461
0.03454
0.03504
0.04447
0.03428
0.03455
0.03431
0.03427
0.0343
0.03426
0.03416
0.03411
0.03418
0.03604
0.03431
0.03415
0.0342
0.03418
0.03412
0.03424
0.03421
0.03425
0.03422
0.04475
0.03425
0.03422
0.03405
0.03403
0.03394
0.03419
0.03552
0.03447
0.03438
0.03597
0.03445
0.03437
0.03444
0.03441
0.03434
0.0344
0.03514
0.03451
0.03434
0.04414
0.03468
0.03418
0.03411
0.03414
0.03417
0.03421
0.03435
0.03439
0.03416
0.03437
0.03572
0.03446
0.03417
0.03422
0.03425
0.03412
0.03414
0.0341
0.03423
0.04361
0.03519
0.03419
0.03411
0.03418
0.03415
0.0343
0.03409
0.03409
0.03401
0.03402
0.03535
0.03787
0.03504
0.03386
0.03399
0.03396
0.03385
0.03403
0.03394
0.04339
0.03876
0.03516
0.03418
0.03406
0.03401
0.03398
0.03384
0.03399
0.03394
0.03581
0.03636
0.03462
0.03356
0.03343
0.0333
0.03354
0.03343
0.03339
0.03394
0.04365
0.03378
0.03417
0.03401
0.03373
0.03348
0.03423
0.03451
0.0346
0.03467
0.03456
0.03398
0.03445
0.03545
0.03466
0.0346
0.03401
0.03458
0.03386
0.03392
0.04329
0.03467
0.03401
0.03468
0.03399
0.03397
0.03604
0.03766
0.0347
0.03365
0.03587
0.03427
0.03359
0.03426
0.03383
0.03357
0.03354
0.03425
0.0341
0.03428
0.04391
0.03379
0.03379
0.0336
0.03515
0.03414
0.03407
0.03404
0.03359
0.03344
0.03448
0.03413
0.03457
0.03453
0.03466
0.0344
0.03466
0.03464
0.03472
0.03467
0.04323
0.03413
0.03423
0.034
0.03414
0.03641
0.03788
0.03366
0.03361
0.0335
0.03367
0.03424
0.03387
0.03388
0.03399
0.03518
0.03434
0.03411
0.03413
0.03404
0.04341
0.03954
0.03489
0.03443
0.0343
0.03971
0.03423
0.03415
0.03424
0.03431
0.03424
0.03431
0.03433
0.03429
0.03421
0.03408
0.04027
0.03426
0.03423
0.03447
0.04412
0.03429
0.03434
0.0343
0.0342
0.03427
0.03647
0.03771
0.0377
0.0376
0.03768
0.03428
0.03423
0.0342
0.03413
0.03413
0.0346
0.03429
0.03421
0.03605
0.04358
0.0342
0.03416
0.03413
0.03406
0.03414
0.03402
0.03649
0.03799
0.03776
0.03779
0.03765
0.03775
0.03829
0.03728
0.03387
0.03388
0.03478
0.03398
0.03387
0.04351
0.03406
0.03399
0.03409
0.03418
0.03417
0.03374
0.03438
0.0341
0.03404
0.03394
0.03388
0.03563
0.03715
0.03599
0.03387
0.03386
0.03372
0.03515
0.03389
0.04256
0.03381
0.03372
0.03431
0.03384
0.03372
0.03368
0.03432
0.0363
0.03797
0.03446
0.03443
0.0358
0.03549
0.03493
0.03497
0.03502
0.03503
0.03494
0.03642
0.04404
0.04175
0.03935
0.03906
0.03825
0.03883
0.03902
0.03829
0.03921
0.03825
0.03845
0.03834
0.0384
0.03841
0.03699
0.03525
0.03512
0.03535
0.03533
0.03517
0.04476
0.03558
0.03496
0.03494
0.03476
0.03479
0.03482
0.03473
0.03779
0.03814
0.03805
0.03817
0.03826
0.03813
0.03819
0.03819
0.03816
0.03872
0.03833
0.03819
0.04785
0.03833
0.03702
0.03413
0.0341
0.03401
0.03407
0.03504
0.0342
0.03422
0.0341
0.0341
0.03406
0.03422
0.03524
0.03403
0.03407
0.03516
0.03431
0.03482
0.04566
0.03639
0.03467
0.03457
0.0348
0.03472
0.03465
0.03452
0.03615
0.03477
0.03487
0.03484
0.03484
0.03466
0.03516
0.03543
0.03492
0.03487
0.03659
0.03537
0.04486
0.03516
0.03522
0.03518
0.03517
0.03509
0.03512
0.03507
0.03591
0.03509
0.03518
0.03529
0.03524
0.03511
0.03527
0.03525
0.03486
0.03481
0.03496
0.03588
0.04515
0.03993
0.03538
0.03517
0.0352
0.03493
0.03502
0.03495
0.03516
0.03551
0.03516
0.03499
0.03497
0.03502
0.03506
0.03501
0.03502
0.03495
0.03495
0.03626
0.0447
0.03512
0.03517
0.03526
0.03499
0.03488
0.03495
0.03498
0.03495
0.03555
0.03507
0.03445
0.03508
0.03443
0.03443
0.0352
0.03463
0.03453
0.03444
0.03498
0.04552
0.03524
0.03455
0.03458
0.03522
0.03448
0.03446
0.03494
0.03511
0.03518
0.03578
0.03497
0.03477
0.03491
0.03493
0.03488
0.03478
0.03785
0.035
0.03479
0.04445
0.03451
0.03439
0.03429
0.03435
0.03435
0.03441
0.03423
0.03438
0.03445
0.03444
0.03534
0.03458
0.0345
0.03445
0.0345
0.03441
0.03439
0.03514
0.03439
0.04382
0.03477
0.03432
0.03421
0.03427
0.03431
0.03419
0.03424
0.03408
0.03415
