0.61092
0.0361
0.03621
0.03558
0.03534
0.03414
0.03153
0.03154
0.03147
0.0314
0.03128
0.03149
0.03142
0.03406
0.03534
0.03501
0.03043
0.02993
0.02983
0.02992
0.0362
0.0298
0.0298
0.02983
0.02988
0.02994
0.02982
0.02979
0.03028
0.03014
0.03052
0.0314
0.03141
0.03146
0.03131
0.03149
0.03144
0.03139
0.03144
0.03143
0.0389
0.03149
0.03147
0.03403
0.03468
0.03426
0.03283
0.03082
0.03087
0.03086
0.02997
0.02932
0.0291
0.02917
0.02904
0.02917
0.02911
0.02911
0.02932
0.02992
0.03671
0.02917
0.02918
0.02914
0.02907
0.02909
0.02905
0.02904
0.02911
0.02909
0.02912
0.02908
0.02906
0.02902
0.02937
0.03069
0.03016
0.03019
0.03004
0.03007
0.03765
0.03017
0.03007
0.03017
0.03015
0.03003
0.02997
0.03007
0.03004
0.03015
0.03072
0.03033
0.03019
0.03013
0.02904
0.02905
0.02911
0.02912
0.02913
0.03376
0.04154
0.03658
0.0306
0.02946
0.0293
0.02968
0.02958
0.02937
0.02924
0.02929
0.02925
0.02926
0.0304
0.03081
0.03077
0.03076
0.03083
0.03078
0.03108
0.03095
0.03848
0.03031
0.02958
0.02944
0.02946
0.02942
0.02948
0.02949
0.02941
0.02933
0.03299
0.03525
0.03499
0.03504
0.03463
0.03393
0.03254
0.03167
0.03154
0.03158
0.03898
0.03142
0.03145
0.03137
0.03135
0.03137
0.03143
0.03137
0.03145
0.03141
0.03219
0.03227
0.03162
0.03158
0.03147
0.03146
0.03148
0.03148
0.03143
0.03167
0.0391
0.03155
0.03149
0.03138
0.03139
0.03201
0.03178
0.03149
0.0314
0.03137
0.03136
0.03164
0.03154
0.03139
0.03142
0.03137
0.03135
0.03135
0.0314
0.03142
0.03975
0.0317
0.03152
0.03155
0.03184
0.0317
0.03173
0.03137
0.03137
0.03166
0.03152
0.03142
0.03144
0.03145
0.03141
0.03218
0.03156
0.03136
0.03129
0.03132
0.03883
0.03749
0.03333
0.03378
0.03296
0.03016
0.03041
0.03028
0.03022
0.03063
0.03134
0.03033
0.03028
0.03006
0.0301
0.02999
0.03014
0.0301
0.03048
0.03039
0.0379
0.03043
0.03046
0.03033
0.03033
0.03245
0.03175
0.03159
0.03165
0.03398
0.0313
0.03039
0.03037
0.03037
0.03178
0.03379
0.03367
0.03405
0.0341
0.03466
0.0422
0.03424
0.03407
0.03071
0.03101
0.0306
0.0306
0.03311
0.03489
0.03254
0.03082
0.031
0.03095
0.03093
0.03167
0.03121
0.03107
0.03104
0.03097
0.03223
0.04139
0.03349
0.03324
0.03327
0.03322
0.03322
0.0333
0.03322
0.03416
0.03389
0.03349
0.03342
0.03353
0.03352
0.03373
0.03359
0.03415
0.03359
0.03354
0.03349
0.04118
0.03347
0.03439
0.03372
0.03359
0.03358
0.03345
0.03346
0.03347
0.03348
0.03358
0.03346
0.03347
0.03365
0.03361
0.0334
0.0343
0.03378
0.03349
0.03327
0.04095
0.03556
0.0346
0.03251
0.03054
0.03042
0.03037
0.03061
0.03057
0.03058
0.03122
0.03102
0.03084
0.03077
0.03075
0.03071
0.03062
0.03055
0.03061
0.03061
0.03812
0.03063
0.03076
0.03066
0.03059
0.03108
0.03094
0.03076
0.03079
0.03085
0.03067
0.03073
0.03069
0.03038
0.03063
0.03074
0.03068
0.03071
0.03074
0.03078
0.03859
0.03148
0.03083
0.03069
0.03081
0.03079
0.0307
0.03089
0.03084
0.0307
0.03079
0.03077
0.03078
0.03066
0.03069
0.03083
0.03163
0.03242
0.03384
0.03372
0.04143
0.03157
0.03074
0.03071
0.0307
0.03076
0.03068
0.03065
0.03068
0.03073
0.03261
0.03468
0.03408
0.03379
0.03097
0.031
0.03114
0.03097
0.03096
0.03097
0.0384
0.03082
0.03094
0.03093
0.03082
0.03145
0.03084
0.03063
0.0306
0.03064
0.03065
0.0307
0.03076
0.03169
0.03168
0.03069
0.03057
0.03084
0.03086
0.03083
0.0388
0.03727
0.03072
0.02983
0.0296
0.02949
0.02953
0.02942
0.02924
0.02963
0.0295
0.02925
0.02932
0.03071
0.03068
0.03104
0.03156
0.03092
0.03079
0.03088
0.03812
0.02922
0.02935
0.02932
0.02965
0.02954
0.02933
0.02936
0.02936
0.02934
0.02938
0.02991
0.02972
0.02942
0.02942
0.02941
0.02944
0.02948
0.02955
0.02941
0.03702
0.02953
0.02948
0.02955
0.02956
0.02955
0.02948
0.0304
0.02972
0.02951
0.02932
0.02957
0.02952
0.0292
0.02919
0.02913
0.02926
0.02924
0.02915
0.02909
0.03672
0.02916
0.02953
0.03009
0.02937
0.02918
0.0293
0.02924
0.02929
0.02935
0.02939
0.02927
0.02937
0.02965
0.02959
0.02956
0.02946
0.02929
0.02966
0.0319
0.04182
0.03391
0.0339
0.03384
0.03386
0.03377
0.03304
0.03124
0.03357
0.03513
0.03166
0.03159
0.03324
0.03517
0.03458
0.03318
0.03483
0.03458
0.03453
0.03457
0.04226
0.03619
0.0348
0.03163
0.0315
0.03133
0.03276
0.03155
0.03119
0.0312
0.03117
0.03105
0.03116
0.03128
0.03121
0.03127
0.03137
0.03113
0.03121
0.03124
0.04033
0.03506
0.03455
0.03277
0.03156
0.03164
0.03142
0.03172
0.03156
0.03144
0.03148
0.03146
0.03144
0.03142
0.03144
0.03184
0.03259
0.03177
0.03168
0.03167
0.03914
0.03157
0.03171
0.03281
0.03292
0.03162
0.03151
0.03141
0.03164
0.0315
0.03226
0.03215
0.03197
0.03157
0.03267
0.03162
0.03159
0.03185
0.03183
0.03229
0.04031
0.03349
0.03358
0.03144
0.02992
0.03058
0.02994
0.02975
0.02973
0.02964
0.02963
0.02968
0.02976
0.02964
0.03028
0.02982
0.02983
0.02986
0.02991
0.02993
0.03862
0.03019
0.03003
0.03002
0.02997
0.02984
0.02995
0.02995
0.02994
0.02989
0.02998
0.02977
0.02985
0.0298
0.02981
0.03088
0.03052
0.02996
0.03008
0.02999
0.03741
0.0376
0.0378
0.0348
0.03473
0.03381
0.03154
0.03164
0.0315
0.03142
0.03276
0.03159
0.03142
0.03138
0.03116
0.03117
0.0316
0.03151
0.03147
0.03144
0.03892
0.03138
0.03143
0.0314
0.03178
0.03269
0.03151
0.03121
0.03118
0.03118
0.03127
0.03131
0.03142
0.03144
0.03132
0.03117
0.0312
0.0314
0.03129
0.03159
0.04006
0.03145
0.03138
0.03137
0.03147
0.03142
0.03157
0.03134
0.03125
0.03116
0.03112
0.03116
0.03123
0.0311
0.03252
0.03313
0.03218
0.03209
0.03201
0.03185
0.03935
0.03193
0.0318
0.03192
0.03186
0.03192
0.03192
0.03187
0.03218
0.0342
0.03538
0.03514
0.0351
0.03512
0.03512
0.03506
0.01777
0.01759
0.01755
0.01762
0.01734
0.01733
0.01718
0.01728
0.01746
0.01726
0.01722
0.01733
0.01771
0.01788
0.01747
0.01732
0.01722
0.01727
0.01725
0.01721
0.01718
0.01713
0.01715
0.01716
0.01717
