0.6268
0.03969
0.03799
0.03741
0.03394
0.03394
0.03391
0.03393
0.03462
0.03403
0.03395
0.03394
0.03444
0.03397
0.03374
0.03389
0.03386
0.03395
0.03435
0.0342
0.04123
0.034
0.03391
0.03396
0.03385
0.03385
0.03393
0.0339
0.03439
0.03416
0.03396
0.03394
0.03402
0.03401
0.03392
0.03396
0.03409
0.03398
0.0351
0.03482
0.04407
0.03452
0.03467
0.03458
0.03486
0.03451
0.03454
0.03445
0.03503
0.03471
0.03474
0.03484
0.03458
0.03469
0.03458
0.03483
0.03464
0.03473
0.03515
0.0348
0.04435
0.03452
0.03462
0.03458
0.03446
0.03464
0.03461
0.03463
0.03678
0.03466
0.03463
0.03461
0.03476
0.03464
0.03451
0.03459
0.0346
0.03453
0.03702
0.03475
0.04437
0.03462
0.03466
0.035
0.0347
0.03457
0.03454
0.03466
0.03475
0.03469
0.03445
0.03706
0.03739
0.03458
0.03455
0.03476
0.03457
0.03511
0.03488
0.03471
0.04413
0.04093
0.03917
0.03624
0.03502
0.03508
0.03511
0.03532
0.03512
0.03509
0.03563
0.03516
0.03508
0.03513
0.03507
0.03521
0.0355
0.03542
0.03513
0.0353
0.04487
0.03523
0.0351
0.03503
0.03498
0.03503
0.03585
0.03504
0.03498
0.03499
0.03506
0.03496
0.03497
0.03503
0.03489
0.03492
0.0362
0.035
0.03494
0.03484
0.04414
0.03503
0.03503
0.03494
0.03492
0.03497
0.03518
0.03487
0.03497
0.03499
0.03497
0.03657
0.03845
0.0385
0.0385
0.03923
0.03853
0.0385
0.03889
0.039
0.04494
0.03509
0.03697
0.03938
0.03556
0.03536
0.0371
0.03883
0.03882
0.03872
0.03879
0.03884
0.03997
0.03906
0.039
0.03889
0.03899
0.0391
0.03905
0.03905
0.04953
0.03944
0.03905
0.03964
0.03926
0.03676
0.03529
0.03507
0.03503
0.03552
0.03524
0.03512
0.03514
0.03498
0.0351
0.03547
0.03514
0.03505
0.03506
0.03618
0.04483
0.04155
0.03946
0.03773
0.03523
0.03517
0.03688
0.03747
0.03582
0.03478
0.03476
0.03472
0.03467
0.03475
0.03504
0.03524
0.03519
0.03515
0.03598
0.03512
0.04446
0.03454
0.0346
0.03503
0.03537
0.03513
0.03509
0.03571
0.03712
0.03863
0.03473
0.03472
0.0346
0.03474
0.03484
0.03474
0.03473
0.03557
0.03484
0.03471
0.04455
0.03494
0.03492
0.03484
0.03658
0.03823
0.03738
0.03503
0.0348
0.03467
0.03438
0.03434
0.03634
0.03621
0.03439
0.03438
0.03477
0.03458
0.03437
0.03432
0.04419
0.03436
0.03443
0.03421
0.03438
0.03425
0.03494
0.03432
0.03416
0.03411
0.03409
0.03417
0.03425
0.03432
0.03421
0.03414
0.03514
0.03441
0.03422
0.03552
0.04399
0.03413
0.03425
0.03431
0.03422
0.03415
0.03465
0.03425
0.03429
0.03419
0.03552
0.03438
0.03425
0.03421
0.03425
0.03458
0.0344
0.03448
0.03438
0.03461
0.04435
0.03869
0.03492
0.03482
0.03471
0.03622
0.03483
0.03425
0.03399
0.034
0.03399
0.03427
0.03396
0.03403
0.03401
0.03528
0.03406
0.03396
0.03421
0.03399
0.04376
0.0339
0.03376
0.03403
0.03374
0.03456
0.03396
0.03396
0.03379
0.03388
0.03386
0.03394
0.0338
0.03393
0.03381
0.03458
0.0339
0.03366
0.03387
0.03381
0.04314
0.0337
0.03388
0.03375
0.03403
0.03419
0.0341
0.03383
0.03388
0.03381
0.03387
0.03389
0.03387
0.03387
0.03463
0.03413
0.03392
0.03386
0.03511
0.03429
0.04397
0.03411
0.03401
0.03391
0.03504
0.03447
0.03431
0.03445
0.03446
0.03395
0.03413
0.03423
0.03422
0.03441
0.03496
0.03442
0.03416
0.03677
0.03888
0.03831
0.04327
0.03378
0.03376
0.03374
0.03407
0.03391
0.03373
0.03369
0.03379
0.03369
0.03375
0.03369
0.03371
0.03372
0.03426
0.03393
0.03388
0.03414
0.03429
0.03416
0.04385
0.04193
0.03546
0.03555
0.03486
0.03496
0.03475
0.03479
0.03482
0.03478
0.03471
0.03476
0.03469
0.03602
0.03484
0.0347
0.03472
0.03471
0.03455
0.03457
0.0443
0.03459
0.03502
0.03479
0.03467
0.03465
0.03462
0.03471
0.03474
0.03447
0.03458
0.03641
0.03852
0.0382
0.03797
0.03824
0.03834
0.03809
0.03469
0.03494
0.04458
0.03604
0.0349
0.03456
0.03447
0.03458
0.03377
0.03388
0.0339
0.03384
0.03381
0.03482
0.03394
0.03387
0.03446
0.03398
0.03383
0.03396
0.03392
0.03435
0.0438
0.03446
0.03469
0.03437
0.03413
0.03421
0.03422
0.03415
0.03413
0.03415
0.03496
0.03437
0.03414
0.03422
0.03937
0.03472
0.03457
0.0348
0.03499
0.03518
0.04665
0.03781
0.03503
0.03507
0.03482
0.03504
0.03514
0.03491
0.03506
0.03533
0.0353
0.03512
0.0352
0.03558
0.03532
0.03506
0.03511
0.03508
0.03514
0.03545
0.04468
0.04025
0.03486
0.03469
0.03457
0.03469
0.03446
0.03443
0.03464
0.03488
0.03464
0.0346
0.0346
0.03485
0.03486
0.03492
0.0349
0.03506
0.03657
0.03528
0.04466
0.03503
0.03499
0.03503
0.03488
0.0349
0.03496
0.03491
0.03692
0.03513
0.03497
0.03508
0.03514
0.03498
0.03494
0.03509
0.03534
0.03574
0.0351
0.03501
0.04455
0.03482
0.03486
0.03486
0.03458
0.03461
0.0346
0.03579
0.0348
0.03473
0.03671
0.03811
0.03677
0.0348
0.03471
0.03488
0.03477
0.03507
0.03465
0.03483
0.04409
0.03474
0.03469
0.03477
0.03477
0.03475
0.03597
0.03669
0.03808
0.03858
0.03817
0.03799
0.03798
0.038
0.03377
0.03516
0.03383
0.03399
0.03456
0.03457
0.04405
0.03436
0.03429
0.03665
0.03868
0.03839
0.03779
0.03516
0.03551
0.03496
0.03498
0.0349
0.03475
0.03491
0.03565
0.03496
0.03493
0.03671
0.03832
0.0383
0.04795
0.03931
0.03844
0.03856
0.03837
0.03842
0.03838
0.03735
0.03384
0.03362
0.03392
0.03384
0.03436
0.03393
0.03368
0.03401
0.03408
0.03391
0.03398
0.03394
0.04356
0.03403
0.03434
0.03382
0.03373
0.03362
0.03357
0.03354
0.03365
0.0336
0.03359
0.03357
0.03432
0.03373
0.03375
0.03352
0.03366
0.03376
0.03355
0.03369
0.04288
0.0336
0.03415
0.03362
0.03358
0.03369
0.03376
0.03376
0.0337
0.0337
0.03373
0.0337
0.03437
0.03382
0.03366
0.03372
0.03371
0.03363
0.03365
0.03426
0.0446
0.03462
0.03507
0.03468
0.03418
0.03505
0.03415
0.03403
0.03411
0.03411
0.03424
0.03416
0.03418
0.03398
0.03405
0.03405
0.03411
0.03384
0.03394
0.03416
0.04387
0.03601
0.03483
0.03479
0.03481
0.0354
0.03435
0.03425
0.03434
0.03424
0.03421
0.03573
0.03474
0.03488
0.03481
0.03552
0.03478
0.03484
0.03479
0.0353
0.04478
0.03831
0.03541
0.03465
0.03479
0.03481
0.03474
0.03517
0.03475
0.03479
0.03511
0.03508
0.03482
0.03486
0.03473
0.03477
0.03476
0.03471
0.0347
0.03476
0.04491
0.03503
0.0348
0.03488
0.03477
0.03488
0.03495
0.03503
0.03472
0.03452
0.03501
0.03761
0.03936
0.0371
0.03499
0.03511
0.03508
0.0351
0.03505
0.03519
0.0452
0.03512
0.03512
0.03514
0.03508
0.03501
0.03512
0.03511
0.03552
0.03611
0.03565
0.03549
0.03551
0.03679
0.03862
0.03758
0.03478
0.03481
0.03483
0.03536
0.04463
0.03478
0.03988
0.03778
0.03589
0.03559
0.03572
0.03544
0.03607
0.03553
0.03537
0.03536
0.03532
0.03537
0.03543
0.03565
0.03567
0.03552
0.03608
0.03556
0.04514
0.03606
0.03546
0.03541
0.03521
0.03526
0.03517
0.03537
0.03495
0.0351
0.03533
0.03527
0.03523
0.03537
0.03537
0.03528
0.03527
0.0378
0.0381
0.03798
0.04771
0.03907
0.03597
0.0345
0.03437
0.03431
0.03505
0.03457
0.0345
0.03444
0.03445
0.03443
0.03434
0.03447
0.03639
0.03833
0.03844
0.03729
0.03446
0.03476
0.044
0.03433
0.03452
0.03417
0.03642
0.03894
0.03385
0.03384
0.03382
0.03371
0.03372
0.03398
0.03391
0.03378
0.03387
0.03454
0.03392
0.03383
0.03378
0.03385
0.04332
0.03385
0.03439
0.03405
0.03384
0.03485
0.03393
0.03385
0.0339
0.03381
0.03381
0.03384
0.03403
0.03383
0.03382
0.03482
0.03386
0.03387
0.03413
0.03524
0.0439
0.03401
0.0341
0.03419
0.03414
0.03479
0.03425
0.03421
0.03429
0.03417
0.03416
0.03409
0.03415
0.03417
0.03412
0.03492
0.03425
0.03417
0.03412
0.03514
0.04399
0.03427
0.03419
0.03444
0.0341
0.03478
0.03419
0.03403
0.03407
0.03427
0.03406
0.03416
0.03414
0.03409
0.03414
0.03478
0.03438
0.03406
0.03414
0.03403
0.04375
0.03832
0.03449
0.03446
0.03405
0.03462
0.03427
0.0342
0.03416
0.03417
0.0341
0.03404
0.03419
0.03418
0.03419
0.03475
0.03419
0.03422
0.03452
0.0345
0.04417
0.03438
0.03417
0.03379
0.03365
0.03425
0.03377
0.03365
0.0337
0.03364
0.03362
0.03401
0.03407
0.03396
0.03397
0.03474
0.03405
0.03403
0.03464
0.03416
0.04347
0.03406
0.0341
0.03374
0.03369
0.03487
0.03422
0.03366
0.03371
0.0338
0.03392
0.03387
0.03389
0.0339
0.03404
0.03504
0.03389
0.03383
0.03389
0.03693
0.04401
0.03408
0.03414
0.03454
0.0343
0.03621
0.03472
0.03459
0.03457
0.0346
0.03476
0.03469
0.03466
0.03465
0.03483
0.03633
0.03479
0.03478
0.03488
0.03527
0.04439
0.03667
0.03852
0.03713
0.0367
0.03911
0.03901
0.03893
0.03503
0.03508
0.03499
0.03512
0.03506
0.03501
0.03634
0.03534
0.03503
0.03514
0.03521
0.03497
0.04472
0.04084
0.03864
0.03872
0.03852
0.0384
0.03465
0.0346
0.03457
0.03471
0.03467
0.03579
0.03452
0.03528
0.03472
0.03462
0.03458
0.03462
0.03469
0.03445
0.04432
0.03441
0.03437
0.03494
0.03438
0.0343
0.03439
0.03439
0.03436
0.03434
0.03431
0.03433
0.03434
0.03471
0.03464
0.03449
0.03453
0.03426
0.03655
0.03875
0.0446
0.0351
0.0355
0.03534
0.03524
0.03511
0.03504
0.03508
0.03499
0.03506
0.03504
0.03507
0.03547
0.03525
0.03534
0.03508
0.03873
0.03551
0.03548
0.03545
0.04512
0.03549
0.03631
0.03532
0.03531
0.03538
0.03529
0.03545
0.03541
0.03534
0.03555
0.03705
0.03934
0.03674
0.03902
0.03922
0.03912
0.03922
0.03677
0.03549
0.04519
0.03678
0.03536
0.03528
0.03526
0.0352
0.03517
0.03517
0.03537
0.03538
0.03548
0.03552
0.03738
0.03878
0.03857
0.03844
0.03839
0.03834
0.03836
0.03876
0.04754
0.03881
0.03566
0.03553
0.03679
0.03873
0.03868
0.03864
0.03902
0.03775
0.03519
0.03525
0.03524
0.03516
0.03517
0.03523
0.03525
0.03523
0.03601
0.03724
0.04875
0.03888
0.03665
0.03549
0.03538
0.03538
0.03544
0.03751
0.03538
0.03524
0.03531
0.03536
0.03532
0.0352
0.03535
0.03538
0.03534
0.03645
0.03531
0.03534
