0.61283
0.04083
0.03849
0.0345
0.0354
0.03461
0.0347
0.03459
0.03446
0.03457
0.03459
0.03456
0.03442
0.03438
0.03683
0.03793
0.03573
0.03464
0.03602
0.03441
0.04188
0.03451
0.03454
0.03455
0.03521
0.0345
0.03464
0.03449
0.03601
0.0375
0.03602
0.03297
0.03293
0.03301
0.03332
0.033
0.03308
0.03313
0.03309
0.03398
0.04299
0.03383
0.03396
0.03372
0.03347
0.03408
0.03358
0.03363
0.03364
0.03368
0.03351
0.03369
0.03364
0.03376
0.03385
0.03481
0.03459
0.03446
0.03443
0.03434
0.04419
0.03447
0.03416
0.03643
0.03822
0.03872
0.03595
0.03432
0.03416
0.03393
0.03407
0.03417
0.03389
0.03385
0.03383
0.03395
0.03408
0.03397
0.03396
0.03408
0.04306
0.03384
0.03385
0.03382
0.03383
0.03381
0.03647
0.03859
0.03461
0.0344
0.03602
0.03446
0.03441
0.03432
0.03435
0.03593
0.03826
0.03793
0.03417
0.03419
0.04335
0.04058
0.03886
0.0349
0.03462
0.03659
0.03743
0.03493
0.03488
0.03469
0.03479
0.03478
0.0348
0.03475
0.03477
0.03442
0.03426
0.03393
0.0338
0.03477
0.04419
0.03437
0.03429
0.03435
0.03415
0.03416
0.03545
0.03411
0.03398
0.03385
0.03377
0.03356
0.03357
0.03369
0.03366
0.03369
0.03567
0.03408
0.03591
0.03829
0.04739
0.03794
0.03795
0.03402
0.03392
0.0339
0.03536
0.03394
0.03399
0.03385
0.0342
0.03413
0.03355
0.03328
0.03383
0.0333
0.03383
0.03366
0.03337
0.03342
0.04262
0.03347
0.03331
0.03391
0.03383
0.03379
0.03378
0.03563
0.03443
0.03425
0.03427
0.0385
0.04464
0.03875
0.03868
0.03789
