0.05662
0.0223
0.01829
0.01773
0.01809
0.01764
0.01722
0.0172
0.01713
0.0148
0.01475
0.01482
0.0166
0.0154
0.01514
0.0148
0.01486
0.01505
0.01483
0.01478
0.01475
0.01477
0.0148
0.01474
0.0148
0.01528
0.01484
0.01475
0.0148
0.01477
0.01715
0.01521
0.01507
0.01488
0.01483
0.01488
0.01481
0.01487
0.01478
0.01512
0.0151
0.01494
0.01477
0.01489
0.01481
0.01472
0.01537
0.01514
0.01735
0.01503
0.01498
0.0148
0.01479
0.01487
0.01483
0.01482
0.01484
0.01482
0.01487
0.01501
0.01494
0.01489
0.01502
0.01485
0.01484
0.01483
0.01662
0.01511
0.01524
0.01485
0.0148
0.01485
0.0149
0.01475
0.01477
0.01495
0.01484
0.0148
0.01479
0.01497
0.01473
0.01478
0.01498
0.01481
0.01552
0.01509
0.01495
0.01497
0.01482
0.01531
0.01486
0.01478
0.01477
0.0148
0.0149
0.01501
0.01498
0.01502
0.01487
0.01491
0.01499
0.02249
0.01807
0.01757
0.01766
0.01748
0.01758
0.01524
0.01479
0.01531
0.01484
0.01482
0.01477
0.01479
0.01477
0.01477
0.01477
0.01487
0.01586
0.01504
0.01502
0.01481
0.0148
0.01481
0.01479
0.01479
0.0148
0.01489
0.01484
0.01551
0.01497
0.01521
0.01488
0.0148
0.01477
0.01483
0.01584
0.01507
0.01509
0.01482
0.01478
0.01489
0.01481
0.01477
0.01486
0.01499
0.01481
0.01484
0.01477
0.01482
0.01484
0.01483
0.01532
0.01514
0.01561
0.01494
0.0149
0.0148
0.01496
0.01501
0.01491
0.01479
0.01488
0.01482
0.01474
0.01493
0.01483
0.0149
0.01485
0.01493
0.01483
0.01475
0.01578
0.01507
0.01529
0.01483
0.01487
0.01481
0.01499
0.01482
0.01686
0.01529
0.01503
0.0149
0.01485
0.01479
0.01477
0.01487
0.01493
0.01552
0.01549
0.01512
0.01486
0.01478
0.01506
0.01534
0.01487
0.01484
0.01484
0.01481
0.01495
0.02216
0.01575
0.01716
0.01763
0.01753
0.01632
0.01541
0.01517
0.01487
0.01483
0.01489
0.01488
0.01481
0.01481
0.01563
0.01527
0.01507
0.01491
0.01583
0.01513
0.0148
0.0149
0.01492
0.0159
0.01517
0.01502
0.01484
0.01478
0.01483
0.01485
0.01479
0.01476
0.01486
0.01477
0.015
0.01496
0.01509
0.01479
0.01479
0.01478
0.01482
0.01564
0.01498
0.01496
0.01482
0.01479
0.01478
0.01493
0.01476
0.01476
0.01498
0.01483
0.01476
0.01477
0.01477
0.01477
0.0149
0.01507
0.01493
0.0156
0.01508
0.01487
0.01483
0.01478
0.01483
0.01486
0.01482
0.01483
0.01485
0.01479
0.01485
0.01483
0.01482
0.01477
0.01475
0.01493
0.01487
0.01573
0.01513
0.01512
0.01485
0.01483
0.01482
0.0148
0.01486
0.01474
0.01492
0.0148
0.01479
0.01479
0.0148
0.01477
0.01501
0.01506
0.01529
0.01542
0.01504
0.01497
0.01481
0.01491
0.02212
0.01773
0.01771
0.01761
0.01569
0.01484
0.01483
0.01497
0.01478
0.01483
0.01487
0.01549
0.01524
0.01487
0.01499
0.01478
0.01487
0.01494
0.01484
0.01476
0.01494
0.0151
0.01479
0.01481
0.01475
0.01476
0.01475
0.01482
0.01493
0.01554
0.0152
0.01487
0.01482
0.01475
0.01478
0.01495
0.01489
0.01477
0.01476
0.01487
0.01471
0.01486
0.01517
0.01501
0.0148
0.01477
0.01479
0.01558
0.01518
0.0151
0.01501
0.01483
0.01474
0.01481
0.01479
0.01499
0.01556
0.01513
0.01734
0.01718
0.01713
0.01481
0.01477
0.01522
0.01525
0.01538
0.01489
0.01488
0.01481
0.01495
0.01499
0.01495
0.0148
0.01474
0.01482
0.01476
0.01506
0.01494
0.015
0.0148
0.01481
0.01484
0.01562
0.01525
0.01528
0.01503
0.01481
0.0149
0.01483
0.01486
0.01478
0.01523
0.01507
0.01497
0.01489
0.01487
0.01476
0.01475
0.01475
0.01493
0.02152
0.01622
0.01558
0.01758
0.01753
0.01768
0.0153
0.01482
0.01475
0.0149
0.01489
0.01484
0.01506
0.01505
0.01477
0.01474
0.01481
0.01581
