0.05774
0.02217
0.01828
0.01806
0.01753
0.01516
0.01478
0.0149
0.01475
0.01497
0.01475
0.01484
0.01475
0.01589
0.01532
0.01499
0.0149
0.0149
0.01478
0.01488
0.01574
0.01513
0.01484
0.01496
0.0147
0.01488
0.01472
0.01481
0.01478
0.01487
0.01489
0.01495
0.01484
0.01494
0.01471
0.01503
0.01497
0.01608
0.01496
0.01504
0.0148
0.01482
0.01487
0.0149
0.01482
0.01482
0.01482
0.01479
0.01492
0.01499
0.01489
0.01496
0.01473
0.01497
0.01504
0.01575
0.01523
0.01497
0.01488
0.01484
0.01478
0.01481
0.0147
0.01495
0.01473
0.01492
0.01469
0.01487
0.01471
0.01482
0.01484
0.01485
0.016
0.01512
0.01498
0.01483
0.01469
0.01508
0.0149
0.01487
0.0147
0.01486
0.01469
0.01489
0.01477
0.01518
0.01507
0.01496
0.01474
0.01484
0.01566
0.0151
0.01492
0.01488
0.01472
0.01489
0.01469
0.0148
0.01499
0.01602
0.01512
0.02243
0.01687
0.01778
0.01757
0.01638
0.01577
0.0152
0.01489
0.01488
0.01478
0.0151
0.01482
0.01497
0.01483
0.01487
0.01473
0.01492
0.01511
0.01503
0.01487
0.01484
0.01483
0.01718
0.01505
0.01527
0.01484
0.01495
0.01494
0.01498
0.01477
0.01489
0.01499
0.01532
0.01498
0.01496
0.01491
0.01485
0.01495
0.0151
0.01769
0.01519
0.01498
0.01491
0.01473
0.01495
0.01489
0.01511
0.01479
0.01492
0.01476
0.01502
0.01481
0.01491
0.01491
0.01487
0.01497
0.01731
0.01521
0.01547
0.01485
0.01487
0.01483
0.0149
0.01478
0.01487
0.01493
0.01488
0.015
0.01501
0.01476
0.01483
0.01477
0.01486
0.01744
0.01517
0.01502
0.01487
0.0148
0.01524
0.0148
0.01491
0.01478
0.01497
0.01471
0.01487
0.01479
0.01487
0.01472
0.01488
0.0149
0.01759
0.01503
0.01513
0.01478
0.01499
0.01495
0.01487
0.01474
0.01503
0.015
0.02149
0.01582
0.01601
0.01748
0.01759
0.01621
0.01585
0.01503
0.01506
0.01485
0.01485
0.01487
0.01488
0.01486
0.01489
0.01475
0.01489
0.01482
0.01508
0.0148
0.01488
0.01485
0.01517
0.01563
0.01514
0.01485
0.01499
0.01481
0.01494
0.01474
0.01493
0.01486
0.01483
0.01503
0.01489
0.01477
0.01479
0.01525
0.01521
0.01563
0.01553
0.01502
0.01495
0.01477
0.01488
0.01479
0.01497
0.01483
0.01487
0.01472
0.01492
0.01481
0.01485
0.01485
0.0149
0.01486
0.01591
0.01517
0.01541
0.01487
0.01497
0.01489
0.01496
0.01494
0.01492
0.01695
0.01529
0.01498
0.01503
0.01478
0.01483
0.01495
0.01496
0.01608
0.01504
0.01501
0.01492
0.0148
0.01534
0.01506
0.01498
0.01485
0.0149
