0.15814
0.01595
0.01745
0.01451
0.01463
0.01469
0.01466
0.01585
0.01469
0.01451
0.01447
0.01466
0.01481
0.01561
0.01688
0.01571
0.01522
0.01469
0.01459
0.01453
0.01453
0.01481
0.01475
0.01461
0.01549
0.01813
0.01754
0.01461
0.01468
0.01502
0.01493
0.01497
0.01723
0.01498
0.01463
0.01478
0.01474
0.01465
0.01461
0.01468
0.01458
0.01538
0.01471
0.01474
0.0145
0.01511
0.01461
0.01454
0.0145
0.01785
0.01495
0.01468
0.01463
0.0146
0.01459
0.01477
0.01463
0.01457
0.01538
0.01476
0.01457
0.01452
0.01454
0.01457
0.01451
0.01476
0.01641
0.01475
0.01458
0.01487
0.01452
0.01452
0.01449
0.01451
0.01467
0.0155
0.0148
0.01448
0.01465
0.01456
0.01463
0.01455
0.01461
0.01581
0.01487
0.01457
0.01482
0.01462
0.01483
0.01468
0.0146
0.01461
0.01542
0.01464
0.01465
0.01454
0.01475
0.01555
0.01459
0.01451
0.01563
0.01784
0.01553
0.01448
0.01457
0.01498
0.01457
0.01457
0.01556
0.0146
0.01454
0.01443
0.01455
0.01467
0.01497
0.01452
0.0154
0.01514
0.01452
0.01444
0.01455
0.01441
0.01449
0.0144
0.01445
0.01551
0.01469
0.01451
0.01445
0.01454
0.01478
0.01444
0.01443
0.0144
0.01532
0.01447
0.01477
0.01451
0.01443
0.01446
0.01447
0.01445
0.01566
0.01484
0.01455
0.01444
0.01465
0.01482
0.01455
0.01445
0.01444
0.0155
0.01452
0.01448
0.01446
0.01449
0.01453
0.01466
0.01448
0.0151
0.0151
0.01449
0.01455
0.01444
0.01448
0.01443
0.01446
0.01475
0.01533
0.01457
0.01446
0.01449
0.01444
0.01456
0.01449
0.01442
0.01444
0.0153
0.01464
0.01448
0.01443
0.01448
0.01551
0.017
0.01605
0.01547
0.01454
0.01464
0.01462
0.0146
0.01576
0.0146
0.01449
0.01543
0.01504
0.0145
0.01445
0.01444
0.01465
0.01504
0.01448
0.01811
0.01807
0.01451
0.01456
0.01447
0.01445
0.01473
0.01463
0.01454
0.0154
0.01454
0.01445
0.0144
0.01456
0.01465
0.01445
0.01446
0.01528
0.01561
0.01479
0.01452
0.01457
0.01441
0.01466
0.0145
0.01445
0.01543
0.01479
0.01451
0.01443
0.01445
0.01463
0.01483
0.01451
0.01523
0.01508
0.01452
0.01468
0.01462
0.01444
0.0145
0.0145
0.01442
0.01547
0.01455
0.01457
0.01445
0.0148
0.01472
0.01449
0.01448
0.01557
0.01509
0.01451
0.01447
0.01454
0.01449
0.01496
0.01469
0.01454
0.0155
0.01471
0.0145
0.01443
0.01449
0.01454
0.0154
0.01448
0.01466
0.01532
0.0146
0.01451
0.01446
0.01447
0.0145
0.01464
0.01445
0.01605
0.01494
0.01458
0.01443
0.01444
0.01448
0.01521
0.01466
0.01456
0.01544
0.01478
0.01464
0.0145
0.01444
0.01443
0.01458
0.01452
0.01552
0.01503
0.01451
0.01446
0.01443
0.01492
0.01609
0.01736
0.01551
0.01505
0.01447
0.01456
0.01444
0.01444
0.01467
0.01462
0.01452
0.01529
0.01462
0.01452
0.01443
0.0145
0.01459
0.01461
0.01438
0.01498
0.01512
0.01455
0.0145
0.01452
0.01446
0.01445
0.01439
0.01449
0.01555
0.01482
0.01449
0.01447
0.01453
0.01459
0.01448
0.01445
0.01442
0.01529
0.01455
0.01479
0.0145
0.01452
0.01443
0.01444
0.01443
0.01567
0.01472
0.0145
0.01451
0.01496
0.01458
0.01546
0.0145
0.01446
0.01527
0.01454
0.01443
0.0145
0.01444
0.01456
0.01462
0.01448
0.01572
0.01482
0.01455
0.01448
0.01453
0.0145
0.01501
0.01448
0.01474
0.01524
0.01449
0.01447
0.01507
0.01464
0.01467
0.01444
0.01444
0.01547
0.01471
0.01456
0.01443
0.01457
0.01446
0.01449
0.01442
0.01444
0.01536
0.01451
0.01484
0.01453
0.01442
0.01445
0.01448
0.01455
0.01567
0.01481
0.01448
0.01445
0.01581
0.01739
0.01474
0.01451
0.01535
0.01503
0.01449
0.01449
0.01446
0.01459
0.01467
0.01462
0.0145
0.01558
0.01465
0.01449
0.01438
0.01454
0.01449
0.01463
0.0144
0.01473
0.01524
0.01444
0.01439
0.01458
0.01445
0.01536
0.01459
0.01448
0.01563
0.01472
0.01452
0.01442
0.01452
0.01593
0.01736
0.01674
0.01612
0.01477
0.01445
0.0146
0.01451
0.01445
0.0145
0.01452
0.01446
0.01538
0.01448
0.01445
0.0144
0.01464
0.01495
0.01477
0.01443
0.01593
0.01473
0.01452
0.01443
0.01466
0.01445
0.01487
0.01478
0.01448
0.01535
0.01451
0.01452
0.01446
0.01442
0.01463
0.01447
0.0145
0.01565
0.01483
0.01445
0.01446
0.0146
0.01452
0.01455
0.01441
0.01444
0.0155
0.0146
0.01451
0.01443
0.01448
0.01449
0.01444
0.01444
0.01545
0.01499
0.01444
0.01467
0.01463
0.0145
0.01438
0.01448
0.01455
0.01535
0.01477
0.01653
0.01733
0.01506
0.01457
0.0144
0.01444
0.01541
0.01452
0.0144
0.01456
0.01442
0.01485
0.01469
0.0146
0.01557
0.01491
0.01445
0.0145
0.0144
0.01451
0.01548
0.01687
0.01482
0.01543
0.01449
0.01458
0.01442
0.01451
0.01455
0.01468
0.01448
0.01588
0.01502
0.01451
0.01444
0.0145
0.01456
0.01506
0.01448
0.01447
0.0153
0.01464
0.01468
0.01462
0.01446
0.01448
0.01453
0.01457
0.01532
0.01502
0.01447
0.01446
0.01444
0.01479
0.01468
0.01448
0.01439
0.01536
0.01462
0.0145
0.01443
0.01456
0.01452
0.01468
0.01539
0.01525
0.01517
0.01451
0.01449
0.0145
0.01446
0.01454
0.01443
0.01467
0.01532
0.01462
0.01446
0.01447
0.01445
0.0147
0.01447
0.01447
0.015
0.0154
0.01459
0.01453
0.01447
0.01448
0.01453
0.01446
0.01442
0.01547
0.01461
0.01448
0.01473
0.01453
0.01443
0.0147
0.01458
0.01525
0.01658
0.01746
0.01461
0.01491
0.01458
0.01455
0.01447
0.01535
0.01517
0.01456
0.01444
0.01451
0.01443
0.01483
0.0149
0.01449
0.01558
0.01694
0.01681
0.01449
0.01472
0.01458
0.01459
0.01465
0.01567
0.01466
0.01446
0.01444
0.01443
0.01458
0.01447
0.01446
