0.05773
0.02241
0.01814
0.0182
0.01806
0.01772
0.01764
0.01745
0.0177
0.0174
0.01772
0.01933
0.01789
0.01799
0.01774
0.01631
0.01528
0.01524
0.01745
0.01736
0.01771
0.01738
0.01838
0.01738
0.01724
0.0172
0.0182
0.01529
0.01772
0.01548
0.01655
0.01801
0.01763
0.01578
0.01538
0.01598
0.015
0.01488
0.01505
0.01525
0.01507
0.01513
0.01616
0.0168
0.01751
0.01772
0.01604
0.01518
0.01505
0.01546
0.01553
0.01486
0.01523
0.01521
0.01528
0.01519
0.01496
0.01485
0.01566
0.01766
0.01733
0.01749
0.01757
0.01574
0.01485
0.015
0.0162
0.01579
0.01505
0.0149
0.01549
0.01478
0.01492
0.01514
0.01533
0.01492
0.01723
0.01755
0.01747
0.01713
0.016
0.0149
0.0151
0.01512
0.01484
0.01483
0.01514
0.01493
0.01555
0.01585
0.01526
0.01493
0.0154
0.01631
0.01775
0.01724
0.01719
0.01503
0.01487
0.01482
0.01522
0.02235
0.01666
0.0175
0.01773
0.01753
0.01535
0.01508
0.01541
0.01617
0.01739
0.0179
0.01657
0.0155
0.01504
0.01524
0.01561
0.01478
0.0153
0.01505
0.01573
0.01501
0.01534
0.01495
0.01486
0.01714
0.01517
0.0155
0.0151
0.01492
0.01575
0.015
0.01495
0.01527
0.01621
0.01509
0.01508
0.01525
0.015
0.01506
0.01513
0.01598
0.01574
0.0164
0.0177
0.01725
0.01667
0.01542
0.01509
0.01568
0.01512
0.01494
0.01563
0.01517
0.01574
0.01513
0.0155
0.01553
0.01484
0.01665
0.01705
0.01744
0.01737
0.01612
0.015
0.0149
0.01593
0.01489
0.01519
0.01564
0.01495
0.01485
0.01573
0.01491
0.01497
0.01496
0.01766
0.0174
0.0176
0.01726
0.01539
0.01492
0.01502
0.01632
0.01496
0.01482
0.01554
0.01508
0.01627
0.01573
0.01525
0.01552
0.01514
0.01797
0.01744
0.01735
0.01741
0.01539
0.01498
0.01492
0.01525
0.02165
0.01628
0.01756
0.01774
0.01778
0.0174
0.01778
0.02016
0.01855
0.01764
0.01782
0.01533
0.01657
0.01522
0.01667
0.01748
0.01761
0.01627
0.01495
0.01517
0.01582
0.0153
0.01485
0.01638
0.02045
0.01932
0.01954
0.01901
0.01879
0.01785
0.01781
0.0179
0.01815
0.01773
0.01821
0.01736
0.0173
0.01848
0.0181
0.01797
0.0179
0.01821
0.01774
0.01806
0.01966
0.01847
0.01856
0.0198
0.01937
0.01916
0.01935
0.01911
0.01864
0.01828
0.01824
0.01833
0.0186
0.02071
0.02007
0.019
0.01911
0.01906
0.01835
0.0185
0.01841
0.01846
0.01865
0.01952
0.01915
0.01904
0.01918
0.01855
0.01835
0.01842
0.01828
0.01838
0.01928
0.01899
0.01918
0.01882
0.01806
0.01814
0.01791
0.01763
0.01758
0.018
0.01681
0.01975
0.01703
0.01759
0.01807
0.01808
0.01809
0.0181
0.01863
0.01833
0.01783
0.01737
0.01729
0.01758
0.0225
0.01874
0.01775
0.01903
0.01779
0.01933
0.01869
0.0186
0.01905
0.01921
0.01814
0.01818
0.01808
0.0189
0.0186
0.01834
0.01799
0.01753
0.01741
0.0175
0.01777
0.01542
0.0149
0.01557
0.01549
0.01507
0.01503
0.01537
0.01555
0.0149
0.01548
0.01546
0.01518
0.01526
0.01572
0.01755
0.01783
0.01723
0.01515
0.02293
0.02375
0.01869
0.01839
0.01823
0.01831
0.01807
0.01789
0.01857
0.01802
0.01772
0.01782
0.01928
0.01811
0.01753
0.01798
0.01881
0.01754
0.0174
0.01767
0.01796
0.01767
0.01738
0.01714
0.0174
0.01486
0.01557
0.0169
0.0171
0.01707
0.01752
0.01762
0.01556
0.01494
0.01662
0.01759
0.01726
0.01744
0.01792
0.01748
0.01809
0.01802
0.01761
0.01782
0.01734
0.01724
0.01778
0.0154
0.01508
0.01541
0.01713
0.01713
0.01736
0.01657
0.01654
0.01527
0.01914
0.01879
0.01776
0.01982
0.01835
0.02312
0.0193
0.01882
0.01918
0.01929
0.01902
0.01927
0.01907
0.01835
0.01884
0.0186
0.01833
0.01852
0.01834
0.01816
0.01864
0.01792
0.01802
0.01781
0.0179
0.01802
0.01804
0.01743
0.01723
0.01755
0.01753
0.01655
0.01501
0.01487
0.015
0.01592
0.01529
0.01492
0.01508
0.01482
0.01498
0.01489
0.01494
0.01492
0.01511
0.01504
0.0149
0.01487
0.01495
0.01482
0.01498
0.01486
0.0161
0.01512
0.01526
0.01516
0.01722
0.01759
0.0178
0.01733
0.01723
0.01703
0.01498
0.01635
0.01502
0.01484
0.01493
0.01493
0.01704
0.01536
0.01494
0.01509
0.01726
0.01715
0.01729
0.01638
0.01492
0.01511
0.01716
0.01722
0.01754
0.01508
0.01499
0.01495
0.01642
0.01541
0.01576
0.01503
0.01489
0.01495
0.01505
0.0148
0.0153
0.01495
0.01513
0.01507
0.01495
0.0156
0.01541
0.01483
0.01496
0.01595
0.0156
0.01506
0.01525
0.02167
0.0177
0.01756
0.01778
0.01759
0.0172
0.01515
0.01498
0.01514
0.01558
0.01484
0.01544
0.01905
0.01754
0.01724
0.01722
0.0175
0.01739
0.01581
0.01491
0.01482
0.01563
0.01488
0.01485
0.01501
0.01567
0.01495
0.01523
0.01637
0.01557
0.01508
0.01538
0.01724
0.01715
0.01723
0.01596
0.015
0.01489
0.01494
0.01554
0.01494
0.01497
0.01546
0.01497
0.01524
0.01772
0.01523
0.01531
0.01503
0.01736
0.01715
0.01759
0.01493
0.01501
0.0148
0.01507
0.0151
0.0148
0.01502
0.01724
0.01485
0.01498
0.01903
0.01747
0.01706
0.01719
0.01735
0.01714
0.01599
0.01493
0.01515
0.01524
0.01491
0.01495
0.01531
0.01571
0.0149
0.01493
0.01778
0.01545
0.01485
0.01538
0.01713
0.01724
0.01724
0.01634
0.01494
0.01498
0.01516
0.01575
0.0148
0.01509
0.01549
0.01504
0.01498
0.01697
0.01508
0.01519
0.01525
0.01723
0.02288
0.0188
0.01755
0.01761
0.0157
0.015
0.01473
0.01516
0.01562
0.0149
0.01491
0.01856
0.01504
0.01507
0.01487
0.0155
0.01488
0.01509
0.01581
0.01485
0.01531
0.01707
0.01723
0.01755
0.01583
0.01506
0.01529
0.01525
0.01556
0.01513
0.015
0.01745
0.01721
0.01712
0.0164
0.0151
0.01506
0.01523
0.01478
0.01506
0.01504
0.01605
0.01485
0.0152
0.01806
0.01546
0.01529
0.01538
0.0172
0.01719
0.01742
0.01638
0.01491
0.01487
0.01535
0.01516
0.01478
0.01518
0.0163
0.01483
0.01476
0.01852
0.01518
0.01484
0.01549
0.01722
0.01704
0.01743
0.01502
0.01547
0.01493
0.01501
0.01588
0.01482
0.01499
0.01553
0.01495
0.01596
0.01842
0.01765
0.0173
0.01719
0.01739
0.01727
0.01558
0.01486
0.01487
0.01633
0.01513
0.01484
0.01527
0.01533
0.01493
0.01511
0.01712
0.01623
0.01511
0.01556
0.0175
0.0176
0.02187
0.01801
0.01775
0.01747
0.01752
0.01717
0.01645
0.01545
0.01495
0.01496
0.01782
0.01768
0.01737
0.01718
0.01731
0.01729
0.01635
0.01499
0.01489
0.01539
0.01512
0.0148
0.01525
0.01562
0.01491
0.01508
0.01697
0.01526
0.01494
0.01555
0.01718
0.01712
0.01742
0.01502
0.01519
0.01501
0.01506
0.01541
0.01481
0.01495
