0.05981
0.0235
0.01882
0.01852
0.01854
0.01833
0.01785
0.01774
0.01542
0.0156
0.01545
0.01548
0.01547
0.01536
0.01542
0.01554
0.01568
0.01547
0.01545
0.01541
0.01536
0.01545
0.01622
0.01585
0.01584
0.01554
0.01548
0.01538
0.0154
0.01549
0.01551
0.01541
0.01547
0.0156
0.01548
0.01537
0.0154
0.01548
0.01545
0.01594
0.0167
0.01558
0.01554
0.01544
0.01543
0.01582
0.01565
0.01548
0.01543
0.01537
0.01552
0.01561
0.01551
0.01537
0.01548
0.01538
0.01536
0.01607
0.01598
0.01564
0.01553
0.01541
0.01546
0.01535
0.01539
0.01605
0.01623
0.01583
0.01736
0.01784
0.01772
0.01645
0.01548
0.0155
0.01546
0.01641
0.01557
0.01543
0.01539
0.01549
0.01549
0.01546
0.01542
0.01538
0.01542
0.01543
0.0156
0.01587
0.01555
0.01542
0.01536
0.01539
0.01592
0.01619
0.01575
0.01557
0.01542
0.01541
0.01539
0.01543
0.01541
0.02316
0.01653
0.01842
0.01826
0.01852
0.01553
0.01567
0.01573
0.01621
0.01598
0.01551
0.01548
0.01545
0.01557
0.01547
0.01541
0.01575
0.01544
0.01537
0.01562
0.01544
0.01544
0.01541
0.01556
0.0155
0.0154
0.0166
0.01596
0.01587
0.01562
0.0155
0.01547
0.01541
0.01545
0.01554
0.01555
0.01546
0.01556
0.01543
0.01537
0.01558
0.0156
0.0156
0.0154
0.01664
0.0158
0.01547
0.01546
0.01545
0.01595
0.01563
0.01552
0.01546
0.01538
0.01549
0.01563
0.01563
0.01538
0.01545
0.01543
0.01536
0.0154
0.01633
0.01573
0.01557
0.01549
0.01552
0.01539
0.01545
0.01546
0.01553
0.0159
0.01549
0.01547
0.01539
