0.05719
0.02199
0.01823
0.01775
0.01759
0.01494
0.01488
0.01566
0.01523
0.01567
0.01486
0.01481
0.0149
0.0148
0.01485
0.01477
0.01489
0.01528
0.01506
0.0151
0.01535
0.01497
0.01486
0.01486
0.01512
0.01589
0.01541
0.01511
0.01504
0.01488
0.01486
0.01531
0.01495
0.01497
0.01485
0.01489
0.01505
0.01499
0.01506
0.01495
0.01484
0.01487
0.01496
0.01494
0.01646
0.01512
0.01507
0.01484
0.01483
0.01484
0.0149
0.01494
0.01482
0.01488
0.01519
0.01488
0.01493
0.01489
0.01497
0.01482
0.0148
0.01496
0.01483
0.01601
0.01516
0.01506
0.01505
0.01496
0.01483
0.01484
0.01479
0.01486
0.01492
0.01482
0.01484
0.01504
0.01531
0.01493
0.01483
0.01479
0.01497
0.01481
0.01578
0.01503
0.01509
0.01483
0.01481
0.01489
0.01484
0.01482
0.01485
0.01496
0.01489
0.01487
0.01495
0.01486
0.01484
0.01485
0.01478
0.01518
0.01557
0.02167
0.01815
0.01772
0.01758
0.01506
0.01486
0.01481
0.01494
0.01488
0.01501
0.01498
0.01495
0.01486
0.01485
0.01486
0.01478
0.01488
0.0162
0.01511
0.01528
0.01488
0.01483
0.01485
0.01493
0.015
0.01487
0.01483
0.01485
0.01493
0.01483
0.01489
0.01488
0.01481
0.01476
0.0149
0.01486
0.01554
0.01516
0.0151
0.0151
0.01487
0.01528
0.01522
0.01497
0.01485
0.01503
0.01493
0.01497
0.01484
0.01488
0.01519
0.01486
0.01526
0.01485
0.01581
0.0154
0.01508
0.01503
0.01485
0.01484
0.01489
0.01484
0.0149
0.01484
0.01661
0.01523
0.01504
0.01632
0.01713
0.01727
0.01693
0.01499
0.01561
0.01549
0.01509
0.0149
0.0149
0.01484
0.01477
0.01497
0.01487
0.01491
0.01494
0.01501
0.01502
0.01507
0.01523
0.01483
0.01485
0.01484
0.01477
0.01602
0.01513
0.01509
0.01478
0.01482
0.01485
0.01485
0.01488
0.01482
0.02143
0.01639
0.01536
0.01511
0.0175
0.01757
0.0175
0.01518
0.01499
0.01568
0.01526
0.01508
0.01504
0.01481
0.01495
0.01493
0.01487
0.01482
0.01487
0.0153
0.01506
0.01513
0.01475
0.01489
0.01483
0.01486
0.01483
0.01549
0.01562
0.01537
0.01527
0.01491
0.01486
0.0149
0.01491
0.01489
0.01489
0.01493
0.01483
0.01497
0.01481
0.01495
0.01483
0.01479
0.01476
0.01497
0.01573
0.01539
0.01504
0.01496
0.01507
0.01491
0.01522
0.01493
0.0148
0.01484
0.01483
0.01491
0.01488
0.01485
0.01481
0.01479
0.01479
0.01487
0.01496
0.01553
0.01533
0.01512
0.01488
0.01489
0.0149
0.01489
0.01484
0.0148
0.0148
0.01518
0.01489
0.01483
0.01478
0.01479
0.01483
0.01477
0.01477
0.01476
0.01536
0.01543
0.01506
0.01489
0.01484
0.01486
0.01489
0.01487
0.01481
0.01482
0.01488
0.01484
0.01539
0.01523
0.01519
0.01485
0.02151
0.01807
0.01784
0.01823
0.01676
0.01508
0.01483
0.01486
0.01491
0.01488
0.01493
0.01485
0.01489
0.01497
0.01499
0.01479
0.01496
0.01488
0.01488
0.01479
0.0152
0.01492
0.01589
0.01499
0.01506
0.01491
0.01481
0.0148
0.01487
0.0148
0.01481
0.01484
0.015
0.01496
0.01492
0.01495
0.01493
0.01487
0.01478
0.01485
0.01481
0.01599
0.01516
0.01534
0.01488
0.0148
0.0148
0.01486
0.01486
0.01493
0.01479
0.01634
0.01519
0.01503
0.01626
0.01729
0.01719
0.01708
0.0148
0.01522
0.01565
0.01505
0.01503
0.01499
0.01485
0.0151
0.01506
0.01491
0.01479
0.01486
0.01492
0.01501
0.015
0.01482
0.01488
0.01491
0.01481
0.01488
0.01473
0.01578
0.01505
0.01492
0.01483
0.01478
0.0148
0.01482
0.0148
0.0148
0.01494
0.01533
0.01511
0.01498
0.0149
0.0149
0.01499
0.01483
0.01489
0.01491
0.01587
0.01514
0.02178
0.01605
0.01512
0.01682
0.01714
0.01711
0.01667
0.01487
0.01486
0.01494
0.01506
0.01501
0.01481
0.01485
0.01481
0.01488
0.01582
0.01518
0.01494
0.01485
0.0148
0.01481
0.01479
0.01494
0.0164
0.01487
0.01491
0.01489
0.01482
0.01484
0.0148
0.01479
0.01478
0.01496
0.015
0.01554
0.01533
0.01498
0.01496
0.0149
0.01482
0.01487
0.01498
0.0148
0.01483
0.01482
0.01485
0.0151
0.01492
0.01479
0.01486
0.01482
0.01485
0.01493
0.01552
0.01542
0.0151
0.01526
0.01479
0.01481
0.01483
0.01489
0.0149
0.01489
0.01478
0.01486
0.01491
0.0149
0.01477
0.01493
0.01484
0.01481
0.01479
0.01525
0.01542
0.01495
0.015
0.01488
0.01485
0.01505
0.01495
0.01481
0.01481
0.01481
0.01491
0.01504
0.01488
0.01485
0.01486
0.0148
0.01478
0.01483
0.01536
0.01557
0.01513
0.01491
0.01478
0.01483
0.01476
0.0148
0.02271
0.01716
0.01785
0.0176
0.01753
0.01493
0.01489
0.01495
0.01488
0.01477
0.01715
0.01542
0.01501
0.01494
0.01497
0.01485
0.01487
0.01489
0.01486
0.01482
0.01493
0.01489
0.01526
0.01527
0.01513
0.01491
0.01482
0.01494
0.01485
0.01753
0.01526
0.0151
0.01496
0.01482
0.01479
0.01488
0.01485
0.01493
0.01518
0.0157
0.0152
0.01512
0.01728
0.01716
0.01715
0.01639
0.01501
0.01737
0.01535
0.01502
0.01497
0.01499
0.01481
0.0149
0.01479
0.01483
0.01484
0.01488
0.01504
0.0151
0.01485
0.0149
0.0148
0.0148
0.01483
0.01486
0.01596
0.01518
0.0153
0.01497
0.01488
0.01486
0.01482
0.01484
0.0149
0.0148
0.01542
0.01521
0.01493
0.01494
0.01487
0.01511
0.01482
0.01483
0.01489
0.01592
0.01521
0.01492
0.01487
0.01488
0.01505
0.01499
0.01484
0.0149
0.01485
0.01485
0.01497
0.01497
0.01486
0.01499
0.02125
0.01797
0.01775
0.01812
0.01619
0.015
0.01482
0.01482
0.01478
0.01481
0.01492
0.01482
0.01515
0.01493
0.01482
0.01481
0.01488
0.01481
0.01479
0.01479
0.01481
0.01558
0.01515
0.01509
0.0149
0.01494
0.01482
0.01483
0.0148
0.0148
0.01488
0.01486
0.01482
0.01496
0.01487
0.01498
0.01483
0.01483
0.01479
0.01482
0.01579
0.0152
0.01499
0.01485
0.0148
0.0148
0.01483
0.015
0.01482
0.01477
0.01486
0.0148
0.01482
0.01483
0.0148
0.01486
0.01482
0.01495
0.01498
0.01553
0.01527
0.01509
0.01483
0.01487
0.0148
0.01483
0.01495
0.01479
0.0148
0.01483
0.01482
0.01486
0.01487
0.01481
0.01479
0.01477
0.0149
0.01484
0.01609
0.01503
0.01523
0.01484
0.01483
0.01479
0.01479
0.0148
0.01487
0.0148
0.01481
0.0149
0.01487
0.0149
0.01478
0.01488
0.01477
0.01483
0.01502
0.01561
0.01495
0.01491
0.02178
0.0158
0.01789
0.01759
0.01751
0.01499
0.01488
0.01502
0.01481
0.01493
0.01482
0.01479
0.0148
0.01479
0.01558
0.01532
0.01499
0.01483
0.01486
0.01481
0.01485
0.0148
0.01486
0.01485
0.01591
0.0152
0.015
0.01681
0.01726
0.01721
0.01633
0.01488
0.01535
0.01573
0.01506
0.0149
0.01482
0.01485
0.01483
0.01487
0.01481
0.0148
0.01486
0.0149
0.01511
0.01517
0.01509
0.01486
0.01482
0.01476
0.01481
0.01592
0.01523
0.01506
0.01491
0.01485
0.01477
0.01483
0.0148
0.01486
0.01482
0.01537
0.01504
0.01509
0.0148
0.01479
0.01498
0.01481
0.01535
0.01489
0.01613
0.01494
0.01494
0.0148
0.01491
0.01479
0.01483
0.0148
0.0149
0.01479
0.01481
0.01484
0.01507
0.01488
0.01492
0.01502
0.0148
0.01489
0.01563
0.01553
0.01509
0.01488
0.01492
0.0148
0.01476
0.01479
0.01479
0.01489
0.01487
0.01478
0.02122
0.01796
0.01778
0.01762
0.01586
0.0149
0.01582
0.01511
0.01498
0.01484
0.01486
0.01498
0.01505
0.01482
0.01482
0.01484
0.01478
0.01749
0.0157
0.01717
0.01715
0.01712
0.01608
0.0148
0.01634
0.0173
0.01796
0.01762
0.01769
0.01792
0.01726
0.01713
0.01569
0.01495
0.01488
0.015
0.01735
0.01581
0.01522
0.01564
0.01754
0.01815
0.01773
0.01494
0.01481
0.01497
0.01482
0.01485
0.01498
0.01484
0.01491
0.01484
0.0149
0.01498
0.01518
0.01496
0.01482
0.01487
0.01484
0.01508
0.01557
0.01501
0.01492
0.01487
0.01478
0.01486
0.01478
0.01482
0.01502
0.01485
0.01476
0.01495
0.01483
0.01515
0.01483
0.01496
0.01489
0.01495
0.01557
0.01536
0.01499
0.01482
0.01481
0.01513
0.01481
0.0148
0.01481
0.01495
0.01485
0.01481
0.01582
0.01501
0.0148
0.01497
0.01481
0.01486
0.01499
0.01597
0.01528
0.01537
0.02126
0.0159
0.01743
0.0177
0.01763
0.01711
0.0156
0.01513
0.01509
0.01718
0.0172
0.01725
0.016
0.01487
0.01567
0.01534
0.0151
0.01488
0.01486
0.01495
0.0154
0.01496
0.01481
0.01501
0.01506
0.01493
0.01493
0.01498
0.01486
0.01482
0.01484
0.01481
0.01541
0.01597
0.01531
0.01509
0.01484
0.01484
0.01485
0.015
0.01481
0.01484
0.0148
0.0154
0.01515
0.01499
0.0148
0.01487
0.01481
0.015
0.01481
0.01479
0.01614
0.01514
0.01501
0.01483
0.01479
0.01491
0.01497
0.01482
0.0148
0.01486
0.01487
0.01483
0.01493
0.01506
0.01506
0.01482
0.01477
0.01481
0.01479
0.01621
0.01526
0.01509
0.01484
0.01483
0.01482
0.01485
0.01482
0.01479
0.01496
0.01492
0.01479
0.01485
0.01481
0.01484
0.01477
0.01487
0.01506
0.01495
0.01579
0.01554
0.01501
0.01481
0.01485
