0.05886
0.02317
0.01899
0.01857
0.01841
0.01808
0.01539
0.01556
0.0155
0.0155
0.01545
0.0154
0.01593
0.01538
0.01547
0.01578
0.01574
0.01546
0.0155
0.01552
0.01584
0.01622
0.01607
0.01557
0.01567
0.01545
0.01549
0.01553
0.01552
0.01541
0.01552
0.01551
0.01551
0.01546
0.0156
0.01545
0.01548
0.01549
0.01548
0.01583
0.01558
0.01639
0.01599
0.01567
0.01552
0.01542
0.01553
0.01545
0.01565
0.01542
0.01562
0.01549
0.01548
0.01548
0.01563
0.01544
0.01563
0.01544
0.01558
0.01551
0.0155
0.01659
0.01588
0.01591
0.01562
0.0155
0.01557
0.01554
0.01563
0.01547
0.01547
0.01553
0.01558
0.01546
0.01558
0.01556
0.01547
0.01542
0.01547
0.01544
0.01557
0.01607
0.01607
0.01564
0.01561
0.01548
0.0155
0.01578
0.01572
0.01549
0.01549
0.01548
0.01556
0.01542
0.01553
0.0154
0.01567
0.0156
0.01548
0.01554
0.01566
0.02471
0.01717
0.01645
0.01582
0.01787
0.01824
0.01827
0.01798
0.01716
0.01627
0.01579
0.01549
0.01548
0.01563
0.01551
0.01548
0.01544
0.0156
0.01549
0.01616
0.01592
0.01565
0.01551
0.01549
0.01552
0.0155
0.01544
0.01542
0.0154
0.01552
0.01556
0.01546
0.01542
0.01556
0.01581
0.01547
0.01543
0.01555
0.01556
0.01581
0.01616
0.01559
0.01562
0.0155
0.01546
0.01558
0.01552
0.01548
0.0155
0.01585
0.01588
0.01578
0.01549
0.01552
0.01546
0.01558
0.01547
0.01547
0.01596
0.01557
0.01646
0.0158
0.01564
0.01556
0.01547
0.01557
0.01548
0.0156
0.01553
0.0155
0.01566
0.0156
0.01552
0.01545
0.01552
0.01544
0.01542
0.01544
0.01547
0.01568
0.01631
0.01591
0.01581
0.01575
0.01553
0.01541
0.01564
0.01566
0.01543
0.01542
0.01537
0.01557
0.01543
0.01551
0.01555
0.01551
0.01547
0.01542
0.01539
0.0156
0.02442
0.01915
0.01867
0.01835
0.01777
0.01781
0.01782
0.01606
0.01543
0.01551
0.01545
0.01558
0.01564
0.01545
0.01545
0.01544
0.0154
0.01548
0.01542
0.01644
0.01585
0.01552
0.01552
0.01547
0.01541
0.01549
0.01547
0.01542
0.01538
0.01575
0.01553
0.01546
0.01542
0.0156
0.01546
0.01545
0.01544
0.01543
0.01545
0.01596
0.01604
0.01582
0.01557
0.01546
0.01545
0.01544
0.01549
0.01548
0.01542
0.01551
0.01543
0.01556
0.01549
0.0155
0.01566
0.0155
0.01544
0.01548
0.01549
0.01575
0.01622
0.01577
0.01555
0.01551
0.01547
0.01549
0.01544
0.01543
0.01542
0.01546
0.01559
0.01557
0.01552
0.01547
0.01541
0.01546
0.01548
0.01541
0.01606
0.01555
0.01647
0.01569
0.01575
0.01548
0.01545
0.01549
0.01547
0.01548
0.01548
0.01554
0.01555
0.01549
0.01551
0.01544
0.01543
0.01554
0.01548
0.01545
0.01547
0.01549
0.02429
0.01724
0.01666
0.01592
0.01785
0.01791
0.01786
0.01714
0.01723
0.01597
0.01577
0.01572
0.01572
0.01551
0.01549
0.01545
0.01541
0.01552
0.01555
0.01619
0.01601
0.01563
0.01545
0.01546
0.01556
0.01564
0.01584
0.01549
0.01543
0.01555
0.01545
0.01546
0.01547
0.01559
0.01549
0.01545
0.01543
0.01545
0.01546
0.01584
0.01618
0.01563
0.01585
0.01562
0.01548
0.01543
0.01549
0.01553
0.01541
0.01607
0.01689
0.01576
0.01569
0.0157
0.01557
0.0155
0.01544
0.0154
0.01541
0.01559
0.01618
0.01568
0.01571
0.0155
0.01539
0.01547
0.01545
0.0154
0.01537
0.01545
0.0154
0.01544
0.01556
0.01558
0.01573
0.01558
0.01546
0.01547
0.0155
0.01543
0.01642
0.01566
0.01562
0.01546
0.01544
0.01544
0.01553
0.01543
0.01541
0.01543
0.01543
0.01553
0.01549
0.01561
0.01551
0.01546
0.01541
0.01546
0.01548
0.01548
0.02528
0.01901
0.01831
0.01816
0.01826
0.01821
0.0183
0.01551
0.01543
0.01546
0.01541
0.01551
0.01549
0.01543
0.01553
0.01541
0.01542
0.01553
0.01551
0.01654
0.01559
0.01591
0.01552
0.01551
0.01545
0.0155
0.01542
0.01546
0.01544
0.01552
0.01549
0.01547
0.0154
0.01544
0.01539
0.0154
0.01538
0.01548
0.01543
0.01684
0.01584
0.01582
0.01551
0.01546
0.01542
0.01574
0.01555
0.01545
0.0154
0.01555
0.01547
0.01547
0.0154
0.01544
0.01539
0.01542
0.01538
0.01551
0.01547
0.01643
0.01571
0.01561
0.01548
0.01543
0.01542
0.01547
0.01538
0.01545
0.01542
0.01547
0.01552
0.01543
0.01548
0.01553
0.01542
0.01542
0.0154
0.01547
0.01538
0.01607
0.01583
0.01568
0.01566
0.01555
0.01547
0.01543
0.01541
0.01542
0.01541
0.01547
0.01541
0.01543
0.01541
0.0156
0.01564
0.01555
0.01543
0.01547
0.01538
0.01608
0.02378
0.01651
0.01585
0.0184
0.0183
0.01834
0.01596
0.01661
0.01583
0.01573
0.01549
0.01547
0.01563
0.01548
0.01559
0.01551
0.0157
0.01559
0.0163
0.01568
0.01577
0.01564
0.01556
0.01551
0.01556
0.01553
0.01545
0.01549
0.01556
0.01549
0.01564
0.01562
0.01554
0.01566
0.01545
0.01548
0.01545
0.01676
0.01584
0.01574
0.01581
0.01552
0.01546
0.01546
0.01551
0.01549
0.01546
0.01609
0.01573
0.0157
0.01559
0.01566
0.01552
0.01546
0.01544
0.01552
0.01543
0.01766
0.01593
0.0157
0.01555
0.01554
0.01548
0.01563
0.01559
0.01558
0.01544
0.01547
0.01544
0.01551
0.01559
0.01564
0.01557
0.01555
0.01538
0.0155
0.01548
0.01777
0.01615
0.0158
0.01563
0.01553
0.01562
0.01566
