456	780	164	67
461	780	165	67
464	780	167	67
468	780	169	66
473	780	169	67
476	782	170	66
481	781	170	66
483	782	171	67
486	783	173	67
488	784	176	68
493	784	177	68
499	786	177	68
506	786	177	69
513	787	176	70
522	788	174	70
529	789	172	71
538	790	171	70
546	791	169	71
554	791	167	71
562	792	167	70
569	793	168	70
576	795	169	70
583	795	169	69
590	796	168	69
595	796	170	70
604	801	168	69
610	802	168	70
615	802	169	69
623	805	169	68
630	807	169	67
636	808	169	66
644	810	169	66
653	811	167	65
665	814	165	64
674	815	163	65
682	815	161	65
689	817	161	64
696	818	162	64
700	820	166	63
706	823	169	63
712	824	171	63
718	825	172	63
723	824	173	62
730	826	175	62
736	825	175	62
742	826	176	62
752	826	174	62
760	827	172	62
766	827	171	62
773	829	172	62
778	828	173	64
790	831	171	64
797	830	169	66
799	831	170	66
800	831	173	67
801	828	180	68
802	828	185	70
804	827	191	72
806	827	193	72
812	827	197	74
820	828	197	74
821	829	199	74
828	830	200	74
835	830	200	73
844	831	199	72
850	831	197	72
858	831	194	71
865	831	192	71
873	828	191	70
880	826	189	70
887	826	187	70
892	825	185	70
898	824	185	69
902	824	185	69
910	824	182	70
915	823	180	70
925	822	176	70
927	820	177	70
930	820	176	70
933	819	177	71
937	816	177	72
943	817	175	71
951	815	173	72
957	817	172	73
963	815	170	73
968	815	169	73
974	814	167	74
980	814	165	74
983	813	165	75
989	813	163	74
996	812	161	74
1001	812	159	74
1006	812	157	75
1009	811	155	75
1015	809	152	75
1023	808	150	75
1029	810	147	74
1037	810	145	73
1042	810	145	74
1048	810	146	74
1052	810	146	74
1057	813	148	75
1061	816	148	75
1064	818	150	75
1065	820	151	74
1069	821	152	74
1067	824	157	72
1069	817	155	71
1070	821	151	70
1069	821	148	70
1066	821	145	70
1069	815	144	70
1074	817	143	70
1076	816	143	70
1084	817	143	70
1089	814	143	71
1091	809	143	71
1090	805	142	71
1085	801	142	71
1080	798	142	71
1076	795	142	71
1079	808	142	72
1086	810	142	72
1092	813	142	72
1213	874	134	79
1220	871	128	86
1218	869	125	91
1224	886	126	88
1219	890	132	84
1225	893	133	82
1224	894	136	80
1224	893	138	80
1227	894	139	81
1236	896	138	81
1242	898	136	82
1250	900	134	81
1255	903	130	82
1260	906	126	83
1265	908	122	84
1273	912	116	87
1275	910	116	84
1280	916	110	86
1286	916	106	89
1292	918	101	90
1301	919	96	91
1308	924	91	93
1315	922	87	93
1323	927	82	96
1327	927	76	97
1332	929	72	98
1339	928	67	101
1342	930	64	101
1295	991	81	86
1288	994	96	73
1286	999	107	66
1282	1003	116	61
1286	998	121	57
1286	1002	124	54
1289	1003	127	52
1289	1004	130	50
1290	1006	131	49
1298	1008	131	50
1296	1009	134	49
1296	1008	136	48
1297	1008	139	48
1297	1009	141	48
1304	1009	142	48
1308	1009	141	49
1314	1009	140	49
1324	1005	137	51
1324	1007	136	51
1292	944	122	62
1296	938	112	70
1297	935	105	76
1295	934	102	78
1294	934	101	78
1292	933	100	79
1288	932	101	78
1288	927	102	77
1283	926	104	75
1278	926	106	73
1272	925	108	71
1267	924	112	70
1258	928	114	70
1252	925	117	69
1247	925	121	67
1238	927	124	67
1235	924	126	66
1227	922	131	65
1223	921	135	64
1218	918	139	62
1208	920	146	63
1205	916	150	62
1199	917	155	63
1195	913	159	62
1187	915	165	64
1184	909	171	65
1178	912	176	67
1172	912	182	70
1169	905	189	71
1162	907	193	74
1158	900	200	74
1150	903	203	77
1144	903	210	80
1140	895	213	78
1132	898	216	79
1132	897	217	80
1124	897	219	80
1123	895	221	81
1117	896	221	80
1116	895	221	80
1110	895	222	79
1110	894	222	79
1106	894	222	79
1103	893	220	79
1098	891	219	79
1098	889	217	80
1093	888	215	80
1093	887	211	80
1094	887	205	81
1097	887	197	83
1098	882	190	82
1102	887	182	83
1106	887	175	84
1111	889	168	85
1113	890	161	85
1116	892	155	85
1117	891	151	85
1116	892	147	84
1117	891	142	84
1117	889	139	85
1112	878	132	89
1109	878	124	95
1107	868	119	99
1117	864	113	101
1117	867	110	101
1120	870	106	103
1117	865	102	106
1115	862	97	109
1116	857	87	116
1120	857	81	117
1126	859	78	117
1126	857	77	114
1126	855	79	109
1124	856	82	102
1127	857	83	97
1128	858	84	93
1130	860	84	91
1135	859	83	90
1139	860	83	90
