1031	596	62	192
1033	590	61	195
1035	590	62	191
1032	593	64	190
1032	595	65	188
1031	600	67	186
1030	602	68	184
1029	604	69	183
1029	601	69	183
1029	608	70	185
1029	608	70	187
1027	613	71	189
1026	612	73	193
1024	612	74	195
1024	610	73	199
1024	614	73	202
1024	612	74	207
1021	612	75	213
1024	616	75	210
1022	616	77	212
1020	613	79	211
1020	615	80	212
1018	615	83	212
1015	615	86	215
1012	617	87	216
1014	615	88	218
1012	615	90	218
1011	613	91	219
1009	615	93	220
1007	621	95	217
1005	624	97	213
1002	627	100	210
996	629	105	206
994	637	108	202
992	640	110	203
990	641	111	200
991	640	112	199
992	642	112	195
991	646	113	192
990	643	115	189
997	639	116	187
993	639	118	186
994	652	125	181
988	652	129	178
993	650	133	176
985	659	139	174
989	655	140	174
992	655	143	174
985	661	145	175
993	655	148	176
988	654	150	176
983	654	153	179
989	652	156	180
986	658	159	182
984	654	159	185
988	649	152	192
988	643	148	198
990	643	146	201
991	644	145	204
991	628	143	207
991	633	143	210
993	639	143	213
999	646	148	210
997	630	147	212
1024	579	135	226
1029	575	126	233
1035	571	119	239
1040	556	115	238
1048	546	110	236
1055	536	107	233
1058	546	105	230
1062	549	104	226
1062	551	102	223
1065	553	101	219
1068	553	101	213
1067	557	100	208
1072	560	99	204
1077	565	98	198
1081	569	97	193
1082	572	96	190
1085	573	95	189
1087	576	94	186
1087	577	94	184
1090	577	94	182
1095	581	97	177
1095	583	98	176
1096	584	99	175
1097	588	99	177
1103	587	99	178
1100	590	98	178
1107	594	103	175
1101	594	103	175
1109	595	103	176
1105	597	103	177
1114	599	103	177
1118	602	106	175
1113	615	109	174
1110	624	114	172
1106	620	117	170
1113	619	120	168
1109	611	118	172
1108	618	115	176
1112	615	117	175
1110	610	116	178
1111	607	115	181
1111	602	115	181
1119	610	121	176
1112	614	126	174
1123	618	130	171
1119	618	132	170
1120	614	129	175
1117	616	133	177
1117	619	137	179
1116	630	139	179
1113	627	143	179
1112	628	145	180
1113	629	148	183
1103	623	137	195
1110	615	129	207
1113	612	126	212
1114	609	123	217
1112	610	121	219
1117	607	121	223
1117	607	119	225
1118	603	117	227
1119	602	115	228
1122	610	114	228
1124	605	112	230
1125	601	111	230
1125	600	107	232
1124	598	105	229
1124	597	102	226
1126	597	100	225
1128	597	100	223
1129	599	98	223
1131	599	97	222
1134	599	94	226
1135	594	91	229
1135	597	90	232
1137	594	88	234
1136	592	86	239
1135	592	87	237
1133	590	86	235
1132	588	86	234
1131	585	88	235
1128	586	89	237
1127	582	92	237
1129	580	93	236
1127	579	96	235
1130	581	94	235
1132	590	95	236
1128	568	104	225
1127	579	107	226
1127	574	110	229
1127	584	111	232
1127	593	114	232
1129	581	116	235
1126	567	120	232
1120	570	122	234
1126	585	120	238
1127	573	118	243
1128	568	121	243
1130	568	123	242
1126	566	126	242
1125	570	127	244
1130	564	119	257
1129	560	113	263
1134	552	104	270
1134	547	101	272
1137	546	97	277
1140	542	94	276
1142	543	94	276
1143	536	95	275
1146	540	94	277
1144	539	95	275
1144	538	93	279
1145	535	91	275
1147	534	91	272
1149	533	89	267
1148	529	85	268
1140	528	82	270
1145	523	77	268
1147	516	76	268
1145	518	77	270
1144	514	80	271
1140	518	85	267
1137	520	90	262
1133	521	97	254
1131	523	100	249
1131	526	102	248
1130	525	104	246
1128	523	107	241
1129	525	110	237
1134	530	112	234
1136	531	117	228
1135	530	122	223
1134	528	126	218
1134	525	130	214
1133	523	133	211
1128	537	137	208
1133	537	140	204
1126	556	146	199
1121	552	149	196
1128	531	151	193
