865	313	170	230
868	310	167	236
870	311	167	242
870	311	166	244
870	313	167	248
869	313	167	249
868	316	167	250
867	317	167	252
870	322	167	254
870	324	167	254
869	328	167	255
870	328	167	256
870	335	167	258
870	334	167	257
871	336	167	258
869	334	168	259
868	332	170	260
869	333	170	262
870	331	171	264
872	332	170	266
871	331	171	267
871	331	171	267
871	329	172	267
873	331	173	267
873	331	173	267
873	330	173	268
875	329	173	269
876	328	173	268
877	324	172	267
878	325	173	267
883	322	171	262
886	323	169	260
887	323	168	256
889	325	166	252
892	326	163	246
894	327	161	241
897	324	162	235
894	326	163	229
897	328	163	223
896	329	165	215
899	328	168	205
897	331	168	200
900	333	170	194
897	334	171	189
902	334	172	183
903	333	171	179
905	336	171	174
907	335	171	169
910	335	170	163
912	337	169	160
913	336	168	156
913	337	167	154
915	336	166	152
915	338	166	151
915	339	166	150
915	340	166	149
915	341	166	148
916	342	166	147
917	342	165	147
917	342	165	146
916	342	165	146
915	342	165	145
915	342	164	145
915	342	164	146
913	342	163	145
913	342	162	145
912	341	162	144
911	342	161	143
910	342	161	143
910	343	160	143
908	342	160	142
908	342	161	142
905	341	160	142
904	341	160	141
902	339	159	141
901	340	160	140
899	338	158	140
899	338	158	140
897	336	157	141
896	337	157	140
893	336	157	140
892	337	157	139
891	335	157	140
891	335	157	140
891	335	157	140
892	334	157	140
891	335	156	140
892	335	155	140
892	335	154	143
892	334	153	145
892	334	152	147
892	335	151	149
891	335	151	152
891	334	151	155
891	329	152	161
891	328	153	166
893	325	152	175
894	322	152	182
896	316	152	193
897	311	152	201
900	312	152	207
901	307	153	213
904	309	154	219
904	301	156	225
907	299	157	233
907	296	159	238
912	291	160	244
913	288	160	251
917	284	162	258
917	280	163	263
919	276	165	270
919	272	166	274
922	269	168	280
922	266	170	283
925	264	172	287
925	263	174	289
926	259	176	293
928	257	176	296
930	256	176	298
931	254	177	300
934	253	177	302
934	251	177	304
937	252	178	306
939	251	179	309
940	248	181	310
940	245	181	311
942	243	184	314
943	243	186	315
944	240	187	318
944	240	187	318
947	241	187	318
947	240	186	318
951	239	186	319
951	237	184	321
953	237	183	321
955	235	181	321
955	234	181	321
956	234	180	323
956	231	181	323
957	231	181	324
957	233	180	322
957	233	179	320
958	238	176	318
958	237	175	318
958	237	174	320
958	235	172	320
959	237	172	320
959	236	172	320
956	237	171	322
956	235	172	322
953	234	172	324
952	232	173	324
949	234	175	322
947	235	177	321
945	231	175	324
945	231	173	324
944	228	172	325
944	227	170	326
942	226	171	326
942	227	171	324
940	228	172	322
939	228	173	322
937	235	174	317
935	238	174	314
935	246	175	309
933	252	175	301
931	256	174	296
926	269	182	281
923	273	186	270
922	279	187	261
923	281	187	255
919	296	188	243
921	299	186	237
918	302	187	229
920	306	185	223
916	306	187	217
918	307	186	213
915	308	189	207
912	310	191	201
910	317	192	195
912	316	192	192
913	319	193	188
916	322	191	184
914	325	192	181
915	326	192	179
915	332	193	176
917	332	192	175
919	338	194	172
921	339	194	170
925	343	195	169
926	345	195	167
930	346	197	167
932	346	198	167
935	349	201	165
937	348	203	165
938	352	206	163
938	353	209	163
940	354	212	163
940	355	214	162
940	355	215	162
939	355	217	162
939	360	221	161
938	359	224	161
937	360	230	162
935	360	234	162
933	363	238	163
934	362	241	163
931	364	246	164
929	363	249	164
926	363	254	165
924	364	259	165
920	366	264	166
917	365	269	167
918	366	276	167
915	365	281	169
913	366	284	171
912	365	287	172
909	368	289	173
906	366	290	175
903	368	292	176
903	369	293	178
896	368	296	180
892	368	301	181
888	368	304	183
882	369	308	185
877	371	313	185
875	371	317	186
867	372	318	187
871	371	323	186
865	372	326	188
862	373	329	189
859	373	334	189
858	372	338	190
852	378	341	190
852	376	345	191
844	381	348	191
844	380	353	190
843	385	357	191
841	385	361	190
840	390	363	190
838	389	363	190
834	391	366	192
832	388	366	193
831	391	367	195
831	386	367	197
832	393	366	197
833	389	365	198
835	392	363	199
834	390	362	200
835	395	361	199
838	396	360	199
836	400	359	198
834	399	357	198
833	401	356	197
834	401	353	198
832	407	350	196
834	406	349	195
830	414	348	193
830	413	348	191
828	418	348	191
828	417	347	190
828	420	347	189
824	420	348	189
820	424	349	187
818	422	352	185
813	429	353	186
816	426	351	184
810	431	351	185
812	428	351	184
806	434	350	184
808	433	350	181
807	439	349	181
806	436	348	179
806	444	349	178
804	440	349	178
803	450	349	176
798	442	351	174
797	452	352	173
794	447	350	172
791	455	351	172
787	448	351	172
785	456	351	172
782	449	352	173
780	456	354	174
773	450	358	174
774	456	361	175
764	452	366	175
767	455	368	176
760	454	371	177
766	458	370	176
770	458	369	176
773	460	365	177
772	459	363	178
779	459	356	180
785	458	352	180
783	461	345	181
787	458	341	181
791	463	335	182
791	465	331	181
793	469	325	180
797	467	321	178
800	476	315	177
807	469	309	175
808	475	303	176
812	472	298	176
811	474	296	175
814	476	293	174
818	475	291	172
818	479	288	173
820	479	288	171
823	477	287	170
816	479	292	171
819	481	292	171
824	478	288	171
831	479	284	170
838	478	278	170
839	479	275	168
847	484	268	167
850	481	265	164
858	487	260	163
860	485	257	159
864	487	252	157
866	490	249	155
872	489	246	154
878	489	243	155
880	486	242	157
879	486	242	158
882	484	241	158
887	481	239	160
889	478	238	160
890	477	237	160
893	475	236	161
896	475	234	161
908	470	230	163
910	467	227	165
916	466	222	167
917	464	220	167
924	459	217	168
927	457	214	171
932	450	211	173
933	451	211	173
939	445	208	176
940	442	208	176
944	437	208	177
944	436	209	177
945	431	210	176
948	428	210	177
949	424	209	176
949	424	209	176
948	421	211	176
947	419	212	176
943	415	215	176
943	414	217	176
937	408	221	174
935	409	224	173
931	408	230	171
927	406	234	170
916	400	242	167
910	402	249	167
897	397	256	166
894	398	260	165
887	392	263	165
879	392	264	165
869	387	266	165
866	389	267	166
855	385	272	166
850	385	278	166
840	383	281	166
837	381	285	166
828	382	286	168
825	383	290	167
818	382	290	170
814	382	290	171
805	384	292	172
800	383	294	172
792	384	295	174
789	384	296	174
789	381	298	176
789	383	299	177
785	381	300	178
782	384	301	178
777	385	301	179
774	384	302	180
766	385	301	181
768	382	299	183
765	385	299	184
761	386	297	185
755	384	297	187
761	387	296	190
756	383	296	190
756	383	296	190
756	388	296	193
751	382	294	194
752	387	294	195
749	391	293	197
745	384	292	198
748	388	292	199
745	387	290	199
745	386	291	199
745	384	291	200
746	390	291	200
746	393	293	201
744	386	291	201
747	392	291	201
746	388	290	200
748	395	289	199
747	391	289	197
748	399	290	196
750	393	291	192
749	399	293	192
748	395	293	190
747	401	296	189
746	394	297	186
745	402	299	186
742	395	300	184
746	401	300	185
740	396	302	182
742	403	302	184
740	394	302	182
738	393	304	180
738	395	304	180
736	391	305	179
743	397	304	180
741	386	303	181
738	387	305	179
735	385	305	179
727	387	309	176
722	382	311	173
722	384	313	172
725	378	313	171
727	376	312	170
728	371	313	169
732	371	312	169
734	365	312	168
733	365	311	170
731	359	311	169
738	358	312	171
735	354	311	173
741	351	311	174
746	345	309	176
745	342	308	180
749	339	308	181
751	337	309	182
753	335	311	182
754	333	313	182
756	330	316	181
757	331	320	181
759	328	324	181
754	330	328	181
758	327	329	182
758	330	333	182
760	328	334	181
758	330	337	180
763	328	338	178
760	331	340	177
761	329	338	174
761	330	336	172
768	328	336	170
772	332	337	168
775	332	338	167
777	337	338	167
777	336	338	167
777	336	339	166
780	336	339	168
779	336	338	170
781	336	333	173
783	336	331	176
785	335	326	181
787	332	319	185
786	335	313	190
788	328	308	194
789	335	303	198
792	329	301	202
794	333	297	206
798	331	295	210
801	335	294	212
