1168	400	168	111
1168	400	160	119
1158	398	154	125
1162	395	151	128
1156	392	147	129
1149	388	144	130
1148	387	143	131
1145	387	142	130
1150	387	144	131
1141	386	148	130
1133	386	151	130
1125	386	153	130
1122	387	155	129
1117	386	156	128
1110	385	157	129
1102	383	157	130
1094	382	155	133
1081	386	155	132
1078	384	152	132
1065	388	153	131
1065	385	152	131
1074	380	150	135
1062	385	155	134
1060	386	157	134
1055	381	156	136
1051	385	157	136
1049	385	157	137
1042	382	156	139
1035	381	155	141
1027	382	155	142
1020	384	157	140
1015	383	157	139
1010	383	159	138
1020	374	156	143
1011	375	155	146
1016	371	152	151
1006	373	153	152
996	377	155	151
1009	367	147	161
1004	373	148	160
1018	368	147	163
1024	366	146	163
1013	370	142	168
1018	369	143	166
1005	376	145	166
1007	374	146	165
989	396	152	161
990	399	156	158
989	404	159	155
989	408	162	152
988	412	164	151
988	416	165	149
969	425	166	148
992	408	167	147
994	410	169	145
992	410	170	144
993	413	171	142
993	417	172	141
996	421	172	140
998	425	173	139
1000	426	174	139
1001	428	174	138
1002	432	175	138
1005	422	176	137
1008	427	177	136
1011	430	177	136
1013	434	178	135
1017	434	178	135
1018	438	178	134
1018	440	178	134
1018	443	178	134
1015	438	178	134
1027	435	177	133
1023	444	177	133
1019	438	177	132
1019	435	177	133
1016	442	176	133
1017	434	176	133
1018	429	175	134
1019	438	174	134
1018	430	174	134
1016	424	173	135
1017	432	172	135
1021	420	172	136
1022	424	172	137
1028	414	171	139
1053	406	173	140
1059	390	168	146
1057	399	170	147
1046	395	170	148
1056	384	172	149
1050	384	173	149
1039	394	174	150
1049	387	175	151
1062	375	176	153
1052	386	177	153
1061	379	178	154
1064	386	179	153
1056	377	180	155
1062	385	181	155
1048	393	182	154
1058	397	183	154
1063	400	184	155
1071	404	185	157
1058	390	186	157
1062	392	187	158
1064	396	189	160
1063	380	192	161
1066	384	193	162
1046	370	195	163
1049	358	197	164
1035	348	198	165
1025	342	199	166
1024	342	203	164
1019	343	206	162
1011	345	209	159
1002	346	212	157
996	347	214	155
991	348	216	153
984	349	218	152
977	350	220	150
984	370	221	149
971	367	222	147
981	364	223	146
988	362	224	146
976	359	225	144
986	355	224	145
996	351	224	146
1004	348	223	147
1010	348	222	148
1013	348	221	149
998	345	220	150
1001	345	219	151
1007	345	219	152
1005	343	219	153
990	337	218	154
995	337	218	155
991	334	218	156
972	328	217	157
973	326	217	157
955	321	216	158
959	319	215	158
962	323	213	159
959	316	213	160
942	311	212	160
943	315	212	161
927	308	212	162
929	301	212	161
930	307	212	161
912	300	213	161
912	291	213	162
912	283	213	163
891	291	213	164
895	282	214	164
896	271	214	164
897	261	214	164
897	255	215	164
883	254	214	165
887	251	214	167
884	248	213	168
879	244	212	168
876	240	211	167
871	237	210	168
871	235	210	168
872	233	209	169
868	227	209	170
864	221	209	168
865	219	208	168
861	228	209	167
858	225	209	165
854	234	209	164
852	239	210	162
852	233	210	161
850	239	211	158
848	244	211	156
845	236	211	156
844	240	210	155
843	242	210	154
832	255	212	151
834	241	212	151
834	244	210	151
834	244	210	151
835	244	209	152
836	244	208	152
837	241	206	153
836	240	205	153
838	240	205	154
830	227	203	155
834	237	203	155
835	241	202	155
836	243	200	154
838	244	198	153
838	242	197	153
838	232	196	153
839	238	195	153
840	233	193	152
842	239	192	151
844	241	190	150
834	238	190	150
839	243	191	149
860	223	187	153
858	227	185	155
857	230	182	157
853	234	180	157
851	237	181	157
845	237	180	157
842	236	180	157
838	234	180	158
821	247	181	154
822	248	181	152
821	248	181	150
825	243	179	149
829	246	179	149
832	238	180	148
837	238	179	150
839	240	179	150
839	227	178	151
820	227	179	150
820	218	177	151
808	219	177	151
814	217	177	151
811	214	178	151
796	206	178	150
794	207	177	150
793	208	176	148
791	206	175	150
777	197	174	150
778	184	170	153
766	190	169	153
772	183	165	154
767	190	164	153
766	190	162	153
760	181	161	154
757	184	158	155
758	185	158	155
761	186	157	155
761	186	155	155
765	165	146	163
765	159	139	169
779	166	132	176
772	160	128	179
768	154	125	180
764	147	124	179
762	147	123	179
770	146	122	178
763	144	121	177
765	146	120	177
769	144	118	179
771	145	116	180
769	146	115	180
772	148	113	182
786	136	113	181
785	139	113	179
784	139	112	178
786	135	112	177
802	127	111	176
816	124	111	172
812	134	109	172
811	129	109	170
829	128	113	162
827	134	115	158
844	139	118	154
843	135	120	150
844	141	120	147
864	133	119	148
866	142	120	145
870	141	122	142
872	146	118	144
873	139	115	145
894	137	114	145
895	144	111	147
915	139	109	147
925	141	113	142
938	141	116	138
949	142	118	134
960	143	120	131
974	136	122	129
971	141	122	127
982	147	123	125
985	148	123	124
1006	163	125	120
1036	154	125	119
1054	170	126	119
1075	172	128	118
1059	187	128	119
1061	182	127	120
1078	181	126	121
1079	180	125	122
1098	176	125	124
1135	191	119	130
1157	192	119	131
1162	177	119	130
1179	180	119	131
1183	183	116	136
1196	185	112	141
1198	185	108	145
1200	185	106	149
1217	209	108	147
1220	194	105	150
1237	179	102	153
1253	181	100	154
1253	182	98	155
1269	183	97	158
1270	182	95	160
1288	184	95	161
1311	190	99	157
1327	181	102	155
1328	168	105	153
1325	153	107	150
1291	201	104	153
1270	215	111	146
1277	225	115	140
1285	220	120	136
1294	225	122	134
1309	218	124	132
1325	210	125	131
1337	217	127	128
1337	206	127	127
1352	209	128	127
1378	185	120	138
1386	178	115	146
1387	200	118	143
1408	206	121	137
1424	207	123	133
1434	206	124	130
1432	208	124	127
1422	196	124	128
1431	204	123	128
1450	191	116	135
1453	191	111	138
1456	192	108	141
1460	184	105	144
1475	176	100	149
1467	192	103	143
1462	192	105	138
1471	191	104	140
1474	175	102	141
1485	172	101	142
1498	143	99	145
1494	146	99	147
1499	155	103	140
1500	142	103	142
1516	139	102	143
1516	141	101	144
1531	140	100	146
1529	152	100	146
1528	157	99	145
1537	164	101	141
1548	173	99	141
1544	163	99	142
1534	181	103	138
1538	184	107	134
1496	237	104	140
1497	237	101	145
1506	237	99	148
1512	239	98	149
1517	238	100	148
1522	240	100	148
1523	238	100	147
1529	235	99	147
1547	240	97	148
