1349	0	570	167
1327	9	581	171
1314	8	590	175
1320	8	599	177
1316	7	602	177
1316	11	604	180
1306	14	609	184
1304	13	611	187
1301	12	613	192
1292	15	614	195
1291	13	616	198
1293	12	612	201
1285	13	610	204
1278	16	609	206
1284	16	606	209
1279	18	604	211
1280	19	597	216
1279	20	594	220
1285	25	588	225
1291	24	579	232
1288	25	572	234
1283	27	564	234
1290	26	554	236
1299	30	550	234
1299	30	548	231
1303	41	548	227
1285	54	546	230
1297	37	546	233
1304	53	541	237
1303	56	540	243
1312	62	540	249
1358	26	548	242
1352	37	555	238
1349	46	551	248
1339	53	550	256
1381	17	551	248
1366	29	555	242
1312	53	555	251
1302	65	557	258
1266	73	552	259
1275	80	549	258
1278	85	547	254
1281	83	550	248
1278	89	553	243
1279	96	554	240
1274	101	557	237
1272	104	557	234
1268	112	558	230
1262	130	558	220
1249	140	553	212
1234	151	544	204
1223	158	536	197
1223	161	531	192
1216	165	527	191
1208	167	520	193
1205	172	516	191
1191	180	512	190
1185	181	509	190
1183	181	509	190
1172	190	505	188
1168	187	505	188
1164	190	509	188
1152	198	509	188
1153	202	511	187
1150	201	510	186
1149	209	510	185
1136	219	507	184
1123	225	506	183
1110	230	505	182
1440	-17	505	165
1440	-7	503	148
1446	-3	502	135
1442	0	504	126
1439	-1	496	125
1440	1	496	120
1445	3	494	116
1444	4	496	112
1450	5	493	109
1449	5	488	108
1452	5	479	108
1457	6	474	107
1457	7	465	106
1462	6	458	106
1470	8	454	106
1476	8	448	106
1478	9	444	106
1478	7	443	110
1480	7	441	111
1482	5	438	112
1479	5	438	112
1500	8	436	112
1457	-5	437	111
1487	-1	436	110
1482	0	435	110
1476	1	435	109
1564	244	393	159
1583	221	365	197
1593	194	342	232
1599	170	327	259
1603	150	318	277
1603	143	314	288
1604	133	309	296
1605	119	308	304
1607	109	308	310
1605	100	308	314
1604	86	309	321
1603	85	310	322
1601	72	311	327
1598	61	313	329
1589	52	318	328
1574	40	331	322
1561	36	346	317
1555	38	355	310
1547	27	361	302
1544	18	368	294
1543	11	373	289
1538	7	376	287
1537	4	378	287
1535	2	379	288
1536	0	381	285
1536	-2	382	282
1541	-4	379	275
1548	-3	371	269
1559	-2	365	263
1566	0	358	261
1568	0	352	256
1564	1	347	252
1563	0	346	252
1573	0	345	251
1573	-1	343	247
1573	-2	341	244
1572	0	336	240
1574	-4	333	234
1574	-6	333	228
1573	-7	338	211
1578	-6	342	195
1578	-3	342	183
1580	-2	343	177
1585	-1	344	173
1585	0	344	172
1585	0	341	169
1589	1	333	167
1591	2	328	167
1591	0	317	166
1604	0	301	165
1607	2	289	163
1616	4	276	163
1624	2	267	161
1659	3	256	158
1662	-5	250	148
1665	-3	245	141
1690	0	237	139
1699	6	226	145
1679	-8	224	138
1704	-3	217	133
1701	0	212	130
1704	0	208	127
1700	-1	209	122
1693	-3	215	118
1716	0	209	115
1719	0	205	112
1729	-1	201	110
1699	-11	208	103
1697	-10	210	102
1675	-6	215	99
1685	-3	223	96
1678	0	230	94
1672	2	234	92
1672	4	236	92
1670	5	237	92
1669	5	238	92
1652	5	239	91
1655	5	239	91
1638	2	241	91
1640	1	242	91
1643	1	242	90
1645	0	243	90
1646	1	244	90
1648	1	244	90
1652	1	245	90
1656	2	245	90
1654	4	245	89
1729	167	219	110
1736	152	200	121
1742	149	188	132
1742	137	181	136
1739	130	180	134
1734	123	182	132
1728	118	189	127
1722	113	196	124
1720	115	200	121
1715	110	205	121
1709	104	210	122
1707	93	217	118
1703	88	219	120
1701	72	222	120
1702	74	223	121
1698	63	225	124
1697	53	226	129
1699	38	224	139
1694	30	225	148
1690	19	228	155
1687	17	230	160
1684	11	235	164
1679	4	240	164
1670	1	246	162
1664	2	257	154
1654	0	268	146
1652	1	272	141
1643	0	281	136
1642	0	287	130
1638	0	292	126
1632	-2	296	123
1637	0	297	119
1638	0	296	116
1642	-1	293	113
1646	-2	289	108
1652	0	283	105
1646	0	282	100
1649	-1	281	97
1645	-1	282	95
1653	-1	278	95
1654	-2	275	92
1657	0	270	90
1675	7	261	87
1687	15	252	87
1694	19	245	86
1687	24	242	89
1681	23	244	96
1674	21	247	103
1663	20	250	114
1656	18	256	126
1650	15	261	134
1642	15	272	142
1637	13	284	151
1630	13	293	159
1621	15	300	168
1617	16	309	178
1611	16	317	186
1608	20	321	193
1601	25	325	194
1591	44	332	197
1572	63	344	207
1565	69	350	224
1553	59	368	229
1531	79	385	235
1516	81	401	239
1524	83	404	239
1519	84	405	238
1525	87	405	237
1521	87	405	237
1527	130	406	236
1531	143	404	238
1542	120	403	239
1542	137	401	242
1535	151	400	245
1533	163	398	249
1529	177	396	254
1527	144	394	258
1531	158	393	261
1524	296	394	257
1533	298	396	254
1534	300	396	250
1535	308	396	249
1541	271	395	247
1563	116	390	256
1581	63	379	265
1584	54	369	271
1583	67	361	279
1586	62	356	282
1590	50	347	288
1581	66	343	295
1584	41	341	298
1584	27	339	297
1595	2	344	275
1583	27	340	280
1587	17	341	278
1577	-12	353	248
1568	-9	364	224
1559	-10	369	205
1560	-5	374	191
1557	-3	375	180
1556	0	375	173
1558	1	373	171
1551	1	373	169
1545	-4	377	162
1545	-3	382	154
1539	-3	386	146
1540	-4	388	141
1538	-6	387	136
1539	-2	388	135
1548	0	384	135
1547	0	380	134
1557	3	377	135
1552	5	376	135
1604	52	367	142
1622	65	355	150
1630	53	346	157
1644	70	338	160
1690	104	335	156
1684	111	327	149
1683	116	306	146
1685	122	285	141
1692	128	264	136
1700	132	247	131
1707	140	233	126
1710	144	225	122
1723	151	214	118
1746	151	202	123
1733	134	202	122
1728	135	202	121
1672	198	221	110
1683	177	235	113
1687	174	241	117
1672	171	251	118
1669	176	255	118
1665	174	262	118
1661	175	264	117
1658	180	265	117
1669	185	261	118
1656	183	261	118
1645	184	262	118
1644	182	264	118
1655	202	265	118
1652	203	265	118
1656	204	266	118
1642	185	268	116
1643	193	271	114
1644	198	274	112
1657	206	273	111
1658	215	272	111
1673	238	264	115
1683	237	254	119
1702	256	239	132
1706	254	230	140
1717	271	220	151
1705	272	220	150
1702	345	219	154
1687	396	224	152
1675	414	233	149
1673	409	240	148
1676	395	241	155
1662	403	245	164
1658	422	254	164
1638	439	269	167
1633	442	278	169
1626	443	287	171
1618	463	296	170
1611	473	301	170
1588	497	314	169
1586	505	318	169
1580	511	323	169
1577	513	328	169
1573	522	331	169
1555	529	335	169
1541	553	339	168
1536	548	347	167
1509	573	353	164
1512	571	359	162
1505	563	362	163
1484	579	364	163
1468	592	367	164
1445	608	369	164
