1425	0	130	55
1426	4	132	56
1422	7	131	58
1422	13	132	60
1417	17	133	62
1417	23	133	62
1414	29	132	62
1412	36	131	63
1409	41	131	63
1410	47	131	63
1405	53	130	62
1406	58	129	62
1400	63	128	62
1398	68	128	62
1394	74	127	62
1392	79	127	62
1391	85	125	61
1388	91	125	62
1384	96	124	62
1382	102	125	62
1379	106	126	62
1377	112	127	63
1372	118	127	64
1371	122	128	64
1369	129	128	64
1368	133	129	64
1364	136	129	65
1361	140	129	65
1360	143	130	65
1356	146	131	65
1352	149	132	66
1351	154	133	65
1347	157	133	66
1346	163	133	66
1344	168	134	67
1341	173	135	67
1339	180	135	68
1336	186	136	68
1335	194	137	68
1331	199	139	69
1328	207	140	69
1326	215	140	70
1322	221	142	70
1322	229	142	70
1319	236	142	71
1316	244	142	70
1315	251	142	70
1312	259	143	70
1311	266	143	69
1307	274	145	69
1302	282	146	68
1297	289	148	68
1295	297	150	67
1293	305	151	65
1288	312	152	64
1281	316	154	64
1278	322	156	63
1271	328	157	63
1273	333	155	63
1271	341	153	62
1268	347	152	61
1265	353	151	60
1265	360	149	59
1259	365	148	59
1257	371	148	59
1252	376	148	58
1247	381	148	58
1241	386	148	59
1237	390	148	60
1235	395	147	60
1227	398	149	61
1221	401	151	63
1216	405	151	64
1211	409	151	65
1207	413	152	66
1197	416	153	66
1190	419	155	66
1186	420	154	68
1178	422	157	69
1172	424	158	70
1165	426	160	70
1161	429	159	70
1153	431	159	69
1153	435	157	69
1144	437	158	69
1144	437	156	70
1141	440	154	71
1138	441	153	71
1135	441	151	72
1130	443	151	73
1127	443	150	73
1121	446	151	72
1115	447	153	72
1110	448	153	71
1105	449	155	71
1101	449	155	71
1094	450	156	70
1093	450	154	69
1083	451	156	69
1080	449	156	69
1074	450	157	69
1068	450	157	70
1066	449	157	69
1064	453	156	67
1058	454	156	66
1056	453	154	65
1052	450	154	65
1043	453	156	65
1042	451	155	65
1036	452	155	65
1033	451	155	65
1029	450	154	66
1024	450	155	67
1021	447	155	68
1014	446	157	69
1010	444	158	69
1004	443	160	70
1000	441	161	70
995	439	161	71
993	437	160	72
989	434	160	73
985	432	160	74
981	430	161	75
976	428	161	76
974	426	160	76
969	424	162	76
966	421	162	77
963	419	163	78
961	417	162	79
959	416	161	79
955	415	161	79
951	413	162	79
948	411	161	79
946	410	160	78
942	408	161	78
937	407	161	78
933	406	161	79
930	404	161	79
927	401	161	81
924	402	163	82
922	402	162	82
919	401	162	81
916	400	163	81
914	401	162	81
910	397	162	81
909	398	162	80
908	396	161	81
905	393	162	81
904	392	162	82
902	393	163	81
900	394	164	81
899	394	163	80
898	393	164	80
895	395	165	81
894	396	165	81
893	396	165	81
892	396	165	81
890	397	164	82
888	396	165	82
887	397	164	83
884	397	165	84
883	397	165	84
882	397	165	85
880	397	165	85
878	397	165	85
877	398	165	85
877	399	165	85
876	398	165	86
877	399	165	86
877	400	165	86
877	401	164	86
877	403	163	85
876	403	163	85
876	403	163	86
876	403	164	86
876	403	164	86
876	402	165	86
874	404	166	86
873	402	167	87
873	404	167	87
873	405	168	87
872	406	168	86
872	406	168	87
872	408	169	87
871	410	168	86
872	410	168	86
873	411	167	87
873	414	167	87
874	414	167	86
875	414	166	86
875	416	166	86
876	417	166	86
876	418	165	87
877	420	165	86
877	420	165	87
877	421	164	87
877	423	165	87
877	424	164	87
878	424	165	88
878	424	164	89
878	425	164	89
879	426	165	90
880	428	165	90
878	429	165	91
879	429	166	91
879	431	166	92
879	432	167	93
879	431	168	94
879	432	168	95
878	433	169	96
877	433	170	97
878	434	170	99
877	433	170	100
876	434	172	101
876	434	172	102
875	435	173	102
874	436	173	102
877	438	173	102
875	439	173	103
875	440	173	104
874	440	172	104
874	440	172	105
873	441	170	105
872	441	170	106
873	441	167	108
871	442	169	108
870	443	169	108
869	443	168	110
869	443	166	111
869	443	166	111
868	444	166	112
867	444	167	112
866	444	167	113
865	446	170	111
865	448	172	110
863	447	174	109
863	448	175	109
864	449	176	109
864	449	178	109
864	449	179	109
865	449	180	110
864	448	182	110
868	453	184	109
867	449	184	111
867	449	185	111
868	451	186	111
870	450	187	111
870	451	187	112
872	452	188	111
873	454	189	112
872	455	190	112
873	455	191	112
873	456	191	111
875	455	192	112
875	457	193	113
876	458	193	113
875	457	194	113
876	457	193	114
876	458	193	115
876	458	193	116
876	457	194	117
877	458	195	118
878	458	195	118
880	460	195	118
879	459	197	119
881	460	197	118
881	460	197	118
881	460	198	118
880	459	198	117
883	462	201	116
879	460	203	116
881	458	204	117
883	462	205	116
880	461	206	114
879	460	209	113
879	459	211	113
878	459	213	111
879	457	214	111
881	458	216	109
882	455	217	109
883	454	217	109
884	453	218	108
885	447	219	109
884	443	221	109
884	443	221	109
885	441	222	108
886	440	223	108
885	439	224	108
885	438	225	107
887	444	227	105
888	444	229	103
886	440	231	102
887	436	231	103
885	435	232	103
888	431	233	104
886	426	234	106
884	422	236	107
882	420	238	108
883	420	240	108
883	419	243	109
883	417	245	110
881	416	247	111
878	416	251	113
875	414	254	114
871	411	258	116
867	410	264	118
862	407	270	120
858	401	275	124
855	396	278	128
850	385	281	135
849	388	287	138
843	385	293	140
841	383	296	142
835	380	301	144
832	378	304	147
832	379	305	148
826	377	307	148
823	375	309	149
821	374	311	149
818	373	312	148
817	370	311	148
819	371	310	148
823	374	311	146
826	372	306	145
824	373	306	144
834	374	300	143
834	374	298	141
832	375	299	140
831	377	300	138
832	377	299	136
833	377	299	135
832	378	300	134
833	380	297	133
834	382	296	132
833	380	296	132
831	384	297	129
831	385	297	127
830	386	297	127
830	387	297	127
828	389	298	127
827	389	302	128
824	390	307	128
821	393	309	129
823	392	310	131
824	395	310	132
820	395	311	134
820	397	312	135
817	395	312	136
820	395	312	137
818	395	312	139
817	395	311	140
818	394	311	141
817	393	313	143
818	393	312	144
816	392	312	146
817	391	313	147
815	391	314	148
814	390	316	150
814	391	317	151
815	389	317	153
812	389	320	155
813	390	319	155
814	391	316	156
815	390	314	158
821	395	317	160
821	397	316	159
821	390	316	161
830	397	314	164
827	390	315	166
828	396	314	166
826	391	315	168
828	390	315	170
825	390	316	171
826	390	316	172
826	390	315	173
825	390	315	174
824	391	315	176
824	392	314	177
825	393	313	178
825	395	312	178
823	395	313	179
823	397	312	179
826	397	311	180
824	399	311	180
823	399	311	180
825	409	311	179
826	401	310	179
826	399	310	179
823	407	310	178
826	403	310	179
828	411	311	177
824	406	310	178
824	405	311	178
823	405	311	179
824	396	309	179
829	408	309	179
824	397	309	179
826	405	309	179
822	395	310	180
825	399	310	181
827	399	311	182
824	392	308	184
827	394	307	185
830	394	307	185
819	395	306	187
825	386	305	188
829	389	307	190
825	383	307	190
831	387	309	193
823	381	309	193
829	386	310	195
823	380	311	196
826	384	314	198
827	382	315	201
823	376	315	201
825	380	316	203
821	379	319	206
816	374	318	206
820	378	320	208
814	372	320	209
829	382	324	208
830	390	328	206
828	379	330	206
828	388	334	205
825	380	335	204
819	378	337	204
823	388	339	203
822	382	337	202
825	390	340	201
819	385	339	202
822	385	342	201
820	385	343	201
812	389	343	200
823	387	348	200
819	387	353	200
815	387	359	200
823	394	363	198
809	386	363	198
820	395	364	197
807	385	366	198
814	390	369	197
805	378	374	199
809	387	376	198
805	391	379	198
803	373	383	201
806	383	386	201
808	368	384	203
808	376	385	205
808	364	388	210
806	374	393	212
804	362	394	214
809	369	397	217
802	375	400	217
795	381	402	215
806	387	404	215
804	371	405	218
803	378	404	220
796	382	405	221
797	370	404	225
800	377	404	226
797	371	405	231
801	376	405	231
797	381	407	232
798	370	407	234
802	378	409	235
797	373	410	234
799	374	410	233
800	386	412	233
795	380	408	232
801	388	407	234
800	382	406	232
801	394	405	231
799	403	406	230
799	381	403	227
803	399	403	228
794	378	400	226
799	394	402	230
797	405	403	230
794	393	404	231
793	407	404	231
790	391	407	233
787	408	408	234
784	388	412	236
784	406	414	237
782	386	416	240
771	404	420	239
779	387	423	242
768	402	426	241
772	389	431	242
765	400	432	242
764	388	437	244
762	400	440	244
763	390	444	245
763	403	445	246
759	394	448	247
759	402	449	249
757	395	450	251
758	404	453	254
756	413	454	253
756	416	457	253
755	417	457	254
757	417	456	255
754	406	451	257
761	412	451	258
760	406	449	259
762	409	451	260
763	412	451	260
761	410	452	261
759	409	454	262
756	408	456	264
752	415	456	263
745	402	456	265
748	404	459	267
743	412	458	267
739	398	460	270
735	394	462	273
733	390	464	276
732	408	467	275
728	397	468	277
725	392	471	278
723	390	474	281
721	388	477	283
720	387	479	285
721	392	482	285
716	388	481	286
711	385	484	286
712	389	487	287
704	383	488	288
700	399	489	284
696	385	492	285
699	385	496	288
689	398	498	285
688	382	501	288
687	379	501	290
682	392	504	288
680	385	505	290
677	406	506	285
674	388	509	289
672	384	511	292
668	402	512	291
668	390	514	293
664	386	516	296
663	406	520	295
660	401	519	294
663	396	518	293
661	396	517	292
662	394	516	291
665	406	519	291
657	414	521	291
654	396	523	293
651	414	526	291
651	396	530	294
643	390	531	295
644	409	535	294
646	393	538	297
630	392	540	299
623	389	544	301
622	387	548	303
621	407	552	303
621	393	555	305
613	392	559	307
610	388	561	308
610	406	564	308
626	379	566	310
597	401	568	309
603	393	569	310
600	409	573	309
597	421	576	307
591	407	578	307
583	426	582	304
587	405	586	305
582	419	588	303
596	399	588	304
584	409	591	304
571	429	596	301
584	406	595	302
575	423	599	300
562	411	599	301
560	438	600	300
566	415	600	300
543	460	602	297
562	437	602	297
553	423	603	297
545	470	605	292
545	458	605	291
552	431	605	292
545	422	605	294
551	437	607	297
542	426	607	298
544	446	607	299
544	414	610	301
537	408	610	305
544	425	612	307
528	413	613	309
536	426	616	311
533	409	616	314
531	422	619	318
527	432	621	320
530	406	622	324
525	419	625	326
521	402	626	331
520	414	627	333
518	398	628	337
512	412	631	339
507	397	632	343
510	408	633	344
499	363	633	344
506	392	633	347
501	407	634	348
496	391	634	349
498	406	636	351
487	390	637	353
487	409	638	354
483	394	640	356
477	388	643	358
477	408	647	360
473	420	648	360
468	395	650	363
459	418	653	363
446	394	657	366
441	423	661	365
436	396	666	368
435	420	671	370
430	440	673	368
425	409	676	370
423	431	679	370
408	418	681	371
411	444	683	370
406	418	684	371
403	446	687	370
396	417	691	372
390	448	693	372
376	432	695	373
376	456	697	373
374	429	700	375
371	455	702	376
369	428	705	379
367	454	707	381
367	432	709	384
363	451	711	385
367	466	714	385
364	433	715	389
352	447	719	392
352	464	722	392
362	428	723	395
353	450	726	398
347	428	728	402
353	391	725	400
356	426	726	404
355	445	726	405
348	421	726	408
331	370	726	403
349	390	725	403
345	420	725	405
339	440	725	407
349	407	726	409
338	433	726	410
333	413	726	412
341	436	729	413
333	403	730	416
339	430	733	417
315	361	733	416
336	400	736	419
325	428	738	419
310	357	740	416
312	356	741	417
315	355	742	418
292	352	745	415
307	352	746	415
312	351	745	415
307	353	745	415
310	353	744	415
297	353	744	416
298	350	745	416
287	353	747	416
285	355	748	416
291	356	749	416
293	404	748	419
280	396	749	420
287	394	749	422
279	434	749	423
280	414	751	424
254	367	753	423
259	419	754	424
278	442	757	425
218	373	762	423
197	381	767	421
171	329	771	416
217	359	770	414
119	360	779	409
171	370	781	406
160	382	785	403
132	383	789	401
156	337	789	398
137	355	795	391
127	367	797	389
117	377	799	387
162	329	795	383
140	346	794	382
113	354	797	378
89	361	798	374
149	363	797	373
137	366	795	372
135	365	794	371
142	362	794	371
147	358	793	372
160	357	789	372
155	357	785	373
168	351	782	374
165	351	777	375
172	354	773	378
176	353	770	379
186	351	767	380
189	350	764	382
187	351	761	384
140	344	757	384
158	343	751	383
163	396	743	392
181	333	743	390
178	393	736	401
173	333	736	399
162	393	728	410
176	371	732	410
163	382	726	417
156	326	727	413
187	343	726	409
186	351	724	405
181	354	723	403
185	363	722	400
197	368	722	398
206	370	720	394
206	378	718	390
213	386	714	385
216	391	712	382
217	394	710	380
234	401	710	378
249	403	708	377
243	404	706	375
224	425	695	380
232	378	692	376
232	392	689	371
249	399	689	368
256	401	688	364
259	399	686	361
259	401	686	359
256	396	686	357
291	438	681	367
263	419	675	373
241	399	663	379
276	399	657	382
257	388	646	385
280	386	637	387
299	387	632	389
277	382	621	391
310	383	612	393
326	381	606	396
352	383	602	398
319	378	594	400
342	383	587	402
363	382	584	403
327	384	576	404
352	382	570	405
362	411	563	411
383	393	559	414
391	420	554	419
350	398	545	421
375	386	539	423
391	413	535	427
407	396	532	428
417	419	528	433
437	394	526	436
457	417	523	441
415	394	519	443
439	385	519	444
463	409	520	450
419	388	519	451
498	404	522	458
452	379	526	458
469	400	528	463
442	378	530	462
453	394	532	466
461	405	533	470
448	378	534	470
462	392	536	476
469	397	538	479
461	378	539	480
471	391	541	483
472	395	543	487
472	395	545	491
477	392	548	494
480	391	552	498
479	393	555	502
479	391	559	506
481	389	562	509
485	387	566	511
504	386	570	512
485	388	573	513
503	389	574	514
487	393	576	515
505	392	579	518
508	389	581	522
489	391	582	524
505	392	582	525
485	393	583	528
487	392	580	534
488	392	579	537
491	391	578	540
495	391	576	545
510	392	578	547
521	369	572	541
503	385	570	540
515	396	571	544
507	397	565	551
524	375	565	545
514	390	563	548
527	395	562	550
521	398	554	558
531	402	556	562
538	371	556	558
530	380	551	559
538	389	553	563
544	394	551	570
548	365	548	563
550	377	548	565
555	388	545	566
558	364	545	557
550	376	541	553
560	389	540	560
553	392	534	566
566	358	533	560
573	376	534	556
564	383	530	559
580	386	526	564
584	389	526	570
584	389	524	577
588	357	525	572
586	375	525	569
591	386	524	569
598	388	518	577
604	388	514	584
597	385	509	585
604	353	512	572
610	371	510	571
617	380	509	572
625	385	504	576
632	386	500	580
630	348	504	573
632	361	504	568
636	370	504	562
642	374	502	561
645	376	502	557
641	364	501	549
654	370	499	551
662	368	498	555
651	362	500	546
668	362	498	546
660	357	497	543
678	356	497	542
674	348	496	541
671	341	496	536
686	342	496	534
683	335	495	532
696	339	494	531
688	333	493	528
701	338	493	526
691	331	493	523
705	335	493	523
694	332	493	520
709	338	493	521
697	331	493	519
711	339	493	518
699	337	496	514
693	340	495	511
712	351	496	510
696	347	497	509
716	357	498	507
701	352	498	504
720	358	498	503
707	352	499	499
726	359	499	500
712	354	498	498
711	353	498	495
731	359	497	496
718	357	498	493
716	355	499	491
739	351	498	494
723	348	500	492
745	353	499	492
721	353	501	489
715	350	502	489
742	349	500	493
724	350	501	490
718	348	501	489
740	349	502	490
721	349	503	488
745	353	500	491
721	349	503	491
747	351	499	493
723	349	502	492
749	353	498	493
728	348	500	493
748	348	498	494
729	347	499	493
749	348	497	494
733	343	497	495
751	344	496	496
734	338	497	496
754	340	495	496
736	334	498	496
757	335	497	497
739	326	499	499
761	325	499	502
739	319	502	501
758	318	504	505
741	310	506	505
731	308	509	506
754	307	510	510
740	304	510	510
759	306	510	511
747	301	510	513
769	301	508	513
754	295	508	515
774	295	508	516
761	294	506	518
778	295	509	517
758	292	512	517
775	293	515	514
748	287	521	515
767	286	522	512
750	280	527	507
744	279	530	506
762	278	531	506
742	275	535	502
759	273	534	503
731	273	533	503
752	268	537	498
733	266	542	497
732	264	542	493
760	263	541	491
733	267	543	494
736	260	544	494
760	258	546	493
747	260	546	493
765	258	548	495
747	259	550	494
767	259	554	493
745	260	557	493
769	260	559	494
746	261	562	496
768	260	565	497
748	257	569	499
771	254	568	502
782	256	567	507
759	252	571	506
777	251	569	511
761	245	572	512
781	247	571	516
766	242	574	517
779	242	579	519
764	237	580	523
785	232	578	525
753	231	579	534
778	227	584	538
786	226	584	542
764	218	587	549
785	222	589	551
791	227	595	550
760	218	600	554
781	225	602	557
788	210	611	557
754	214	611	559
777	218	612	561
783	202	627	562
753	212	634	560
760	199	638	558
765	215	636	560
759	196	637	559
761	205	633	563
757	178	637	563
755	199	630	562
750	190	620	561
758	188	620	561
764	183	618	561
768	188	616	560
754	179	608	563
767	182	602	560
772	183	600	558
747	178	602	556
765	182	597	558
763	181	597	559
762	182	595	560
760	181	594	561
757	185	593	561
754	188	590	563
748	188	586	564
744	191	587	563
741	192	586	563
739	192	587	563
738	194	584	564
736	189	584	566
738	196	582	566
739	196	574	568
742	198	564	571
740	197	561	572
741	199	555	573
738	202	551	574
734	205	550	575
724	207	552	577
719	206	554	579
712	210	554	581
692	183	561	588
695	198	561	590
693	204	562	590
683	186	567	591
680	206	564	591
673	190	572	588
668	191	576	586
663	195	581	582
653	197	586	579
651	198	594	573
641	196	599	570
638	197	605	567
637	196	609	565
626	199	614	563
625	196	615	559
624	189	615	557
620	186	618	558
620	181	621	557
616	181	623	558
618	175	622	556
621	174	619	555
620	172	618	553
623	170	615	552
625	164	615	554
624	163	613	557
624	163	611	560
623	156	609	563
616	158	610	565
618	158	608	569
611	157	609	570
612	157	606	572
606	158	606	574
599	161	607	576
598	162	607	574
603	177	603	573
592	162	605	573
593	168	607	571
588	169	609	572
585	174	610	573
578	172	614	572
583	177	613	573
577	173	616	572
582	177	616	574
576	176	616	576
578	176	618	576
577	178	619	577
575	174	621	576
582	179	620	577
577	177	622	578
574	179	624	578
576	181	625	578
576	178	628	577
578	177	627	580
578	184	630	582
579	176	628	582
580	180	630	582
573	181	631	582
576	184	633	581
574	185	634	580
575	186	635	580
584	200	631	582
573	190	631	581
580	202	631	578
576	201	637	579
576	204	641	579
579	203	642	579
576	205	642	582
576	210	647	581
576	212	649	584
581	216	650	584
587	218	651	585
585	218	655	582
592	222	656	580
593	224	657	578
596	226	661	576
601	228	661	575
602	230	661	575
605	231	663	572
604	234	664	573
608	234	667	572
610	235	669	574
613	237	672	574
614	239	673	577
612	237	675	577
617	245	678	579
615	242	676	581
623	250	677	580
623	250	678	582
629	252	682	584
625	252	678	585
634	259	682	587
625	255	678	586
634	264	683	587
631	264	682	585
629	262	685	588
633	267	689	590
631	262	692	592
636	269	695	591
636	270	696	592
637	271	695	593
637	270	697	593
627	280	693	594
638	270	698	595
638	272	697	598
644	272	696	600
633	281	694	604
648	272	697	601
647	276	697	603
650	275	696	606
651	275	694	609
655	275	694	612
646	274	694	615
644	274	696	615
647	277	697	616
646	274	702	615
650	276	701	619
646	267	702	623
649	269	702	626
640	269	704	629
642	260	705	630
643	263	706	633
633	266	708	636
637	258	705	637
625	264	712	640
633	257	712	642
621	251	707	642
608	257	709	643
610	250	710	642
617	250	711	644
599	251	712	648
596	255	719	649
591	250	721	651
590	252	728	652
581	254	726	654
596	253	723	657
581	251	723	656
579	250	725	654
576	249	727	654
578	249	726	656
585	246	724	654
581	258	722	654
588	242	723	654
577	247	719	652
594	242	713	653
583	249	710	652
594	238	702	650
585	249	698	653
592	235	695	653
604	236	694	653
594	243	693	652
603	237	689	650
608	233	687	651
596	245	688	649
604	234	685	645
594	247	682	648
613	234	683	642
602	248	679	645
617	237	677	642
608	252	676	642
624	244	672	640
632	251	676	636
630	250	675	634
634	256	673	634
629	261	677	640
643	256	680	638
635	267	683	638
650	259	686	638
645	259	685	639
652	261	688	637
652	263	687	636
659	266	691	635
639	280	688	640
642	278	690	645
648	282	695	644
666	274	703	636
644	286	703	637
651	286	707	642
655	290	711	642
653	291	713	645
666	275	714	644
673	278	712	640
656	293	715	642
671	278	715	641
681	280	716	635
662	294	716	638
677	283	716	638
686	286	717	633
665	303	717	634
677	286	717	634
662	300	716	641
678	288	715	639
665	298	716	644
667	301	711	649
680	292	713	642
671	302	716	648
681	314	715	647
673	307	717	653
669	307	713	657
672	309	712	659
675	309	711	661
677	308	710	662
679	311	711	664
677	308	709	666
692	319	716	661
687	317	717	665
682	314	714	669
684	317	716	670
699	323	717	666
690	320	718	670
704	327	720	666
694	323	719	671
708	326	721	667
699	319	719	673
700	317	719	678
703	318	722	680
704	318	722	681
720	326	725	678
714	325	723	680
711	323	720	682
734	327	728	678
720	325	726	683
722	323	725	685
720	320	724	690
727	321	723	692
724	324	728	692
724	325	728	693
725	327	728	693
724	331	729	695
735	319	731	679
730	330	732	680
725	334	736	685
725	337	736	687
726	340	735	687
726	340	732	689
729	343	728	691
735	335	727	684
737	340	731	677
730	348	734	683
728	347	735	686
739	347	734	676
728	353	738	678
736	348	735	672
736	349	738	666
730	355	741	671
729	356	742	673
739	342	746	667
736	352	744	662
730	355	746	667
736	345	747	660
733	353	746	667
743	344	747	663
732	351	747	669
746	344	751	663
730	353	752	666
744	336	754	661
732	345	757	667
728	347	755	674
739	339	754	664
726	346	756	667
740	339	757	655
723	344	764	659
739	336	763	651
724	342	768	657
719	341	767	665
732	329	762	658
727	334	762	664
724	335	763	668
728	323	759	663
727	329	756	670
732	320	757	663
726	327	761	665
734	324	758	659
728	329	764	663
732	315	760	656
725	332	763	658
733	316	762	653
725	327	766	658
719	325	767	661
719	323	767	665
728	302	767	658
718	314	771	660
721	315	771	663
720	308	769	666
717	303	770	667
719	303	770	668
715	300	769	665
730	280	772	659
720	291	774	661
720	292	772	660
730	268	770	652
720	284	770	656
720	280	765	657
722	277	765	658
722	274	764	657
721	270	763	660
722	268	763	661
721	266	763	662
723	267	763	660
725	263	763	660
726	262	761	659
730	263	762	657
742	234	767	650
734	251	765	650
747	234	766	643
739	251	763	647
740	252	759	647
737	252	758	646
741	252	759	646
754	219	763	646
746	233	762	653
759	213	766	651
750	225	763	656
765	206	766	653
756	223	761	656
770	202	762	655
761	220	759	660
773	193	761	657
770	217	754	657
785	188	757	657
778	211	752	657
788	186	751	657
784	208	745	656
797	185	743	658
789	209	738	657
801	178	741	660
794	201	739	662
806	174	736	663
804	198	733	665
811	176	732	668
806	191	726	674
807	198	722	675
817	163	721	675
816	187	718	680
814	189	712	681
823	163	710	683
824	180	708	689
824	185	705	689
828	158	705	692
829	177	707	693
823	177	707	694
817	174	706	694
816	154	706	686
831	180	709	685
812	179	717	683
803	171	721	681
800	170	730	678
792	165	739	676
785	167	747	673
781	164	750	672
777	162	752	670
765	162	754	668
761	160	753	669
743	160	752	669
734	168	751	669
709	119	752	669
727	140	757	666
736	110	761	662
694	140	766	661
682	114	770	663
670	135	774	665
686	113	780	662
664	141	785	662
654	104	796	668
635	111	800	671
628	118	805	675
617	87	811	675
603	71	811	674
592	70	812	674
580	67	812	676
594	65	809	680
577	98	816	679
577	76	815	687
560	89	817	689
544	87	816	686
560	60	818	686
540	70	818	683
551	89	819	676
548	62	819	667
526	82	820	670
539	93	813	667
536	64	812	660
515	84	807	661
533	99	801	659
522	88	798	659
536	64	797	647
532	49	798	638
518	87	799	634
530	53	798	629
518	78	796	626
529	44	797	620
527	32	799	613
522	31	799	607
526	34	803	603
518	33	808	600
517	26	813	594
510	86	816	587
508	63	821	581
514	45	823	582
497	77	820	585
501	44	814	587
495	73	806	596
510	56	802	600
495	77	797	603
513	50	794	609
495	61	787	612
516	41	785	618
499	51	781	618
516	64	777	616
502	63	775	615
509	60	776	613
500	58	767	612
529	68	763	605
533	47	751	602
538	68	745	599
520	77	734	597
529	60	728	592
530	79	725	591
528	64	720	586
537	82	718	582
532	61	714	578
529	60	711	572
531	65	707	565
530	63	702	559
518	83	701	561
526	69	700	561
525	69	701	558
521	97	699	558
528	74	701	558
521	92	698	561
523	104	697	562
530	75	700	562
529	61	699	562
526	89	697	563
527	61	697	564
524	81	694	565
528	52	693	562
525	68	692	563
520	71	686	567
525	71	681	572
529	68	678	575
529	68	677	575
532	66	673	572
534	67	669	569
535	70	660	563
539	74	649	558
556	73	645	537
548	82	636	532
558	98	632	527
566	93	629	516
578	116	625	513
564	124	619	516
577	106	619	509
564	119	615	510
562	121	609	513
574	106	607	511
580	102	606	507
557	121	606	508
570	103	606	507
572	99	605	507
562	121	603	507
569	97	601	506
560	115	602	510
557	120	600	509
569	103	600	512
556	129	600	511
549	136	596	510
559	114	595	510
550	132	594	510
545	141	589	511
556	121	590	511
539	132	585	511
547	116	585	510
531	132	580	515
538	117	573	515
529	130	569	513
524	131	567	510
532	124	565	501
528	136	564	501
521	135	559	498
518	142	556	495
529	131	557	484
526	146	560	482
520	151	556	481
531	146	552	473
524	157	550	471
539	170	548	472
528	163	546	471
540	149	544	469
538	146	544	464
543	167	544	466
541	146	539	465
547	145	538	462
548	144	536	457
529	159	531	456
552	174	530	455
545	154	525	456
525	178	520	455
531	181	515	454
533	186	512	453
538	169	509	456
526	184	505	452
524	195	504	450
519	197	501	447
516	201	496	447
512	206	490	448
519	197	486	450
516	209	483	450
513	217	478	449
510	222	476	448
510	227	474	447
508	231	472	445
509	232	469	441
506	243	471	438
511	245	470	434
505	263	468	434
507	256	466	430
511	275	465	431
506	266	466	428
512	287	464	430
499	288	466	428
498	278	464	425
504	299	463	424
496	288	462	424
500	309	460	425
498	301	458	426
497	303	455	426
502	326	454	425
495	317	452	425
501	320	453	423
493	323	453	423
494	331	454	421
490	356	453	419
486	348	457	417
472	368	458	413
480	385	459	413
475	379	460	413
463	399	461	410
459	399	458	411
449	414	455	408
452	418	453	409
453	439	453	411
446	438	453	410
447	460	453	413
437	471	453	412
430	486	455	413
426	492	456	412
435	505	456	416
420	511	456	415
428	528	458	420
413	534	462	425
406	541	464	430
400	551	466	435
398	554	470	431
391	564	473	433
385	578	478	438
378	587	483	443
367	595	485	444
360	603	484	445
353	607	486	443
347	614	487	438
340	624	485	432
335	634	484	429
328	645	484	425
322	651	484	418
313	665	483	409
304	673	479	402
305	685	474	398
292	690	471	391
281	698	470	382
276	712	469	377
267	717	463	368
263	730	462	361
255	740	457	349
248	742	451	341
237	768	453	325
241	770	445	320
230	791	444	307
