749	531	149	128
740	530	156	123
736	528	160	121
734	528	162	120
733	526	164	120
732	525	165	120
731	525	165	121
729	524	165	122
727	523	166	123
726	521	166	124
723	519	166	125
721	519	163	125
722	518	162	125
720	517	161	126
718	516	161	127
719	514	161	127
719	515	161	128
719	514	160	128
718	513	161	129
717	513	160	129
716	512	160	129
716	509	159	129
714	508	158	130
715	506	157	130
715	506	156	131
714	504	156	132
713	503	156	132
712	503	156	133
711	502	157	133
710	501	157	133
709	500	157	133
707	500	156	133
708	499	154	133
705	497	153	134
705	496	151	133
704	496	149	133
704	496	148	131
703	496	146	130
705	495	143	130
705	494	140	130
705	494	138	129
707	493	137	127
707	491	134	126
706	491	131	125
705	488	128	125
704	487	127	124
702	486	127	124
700	484	126	122
699	482	126	120
697	481	126	119
695	480	126	119
690	476	126	116
685	475	127	114
684	474	127	113
682	473	129	112
681	471	130	111
679	471	132	109
676	471	134	108
674	472	136	107
671	472	137	107
670	470	138	108
668	470	139	108
667	468	139	109
666	468	140	109
665	467	142	109
665	466	143	109
663	466	143	110
662	464	144	112
661	463	145	113
660	462	146	114
658	462	146	116
657	461	148	116
655	460	148	116
655	460	150	117
656	460	151	117
656	459	153	116
657	460	152	117
658	459	152	116
658	458	151	115
659	459	150	113
661	459	149	111
663	459	146	110
665	459	145	110
668	460	144	109
670	459	143	107
670	460	141	107
671	459	140	106
672	460	139	106
673	460	138	106
674	460	136	106
670	457	133	105
674	460	132	104
674	457	128	103
674	458	124	102
672	458	120	100
676	461	118	100
672	460	115	99
670	457	112	98
675	462	110	98
672	459	108	97
676	463	107	97
673	461	106	96
676	460	105	95
676	465	104	95
670	462	103	94
674	461	103	92
671	462	102	91
672	465	101	90
668	462	101	90
669	463	100	89
667	461	99	89
669	460	98	88
669	459	99	87
667	459	99	87
665	457	98	88
664	457	97	88
663	455	98	88
661	454	98	88
660	454	100	88
657	454	100	88
656	453	101	88
656	451	101	88
656	450	104	88
653	449	105	88
652	448	107	88
652	446	107	89
650	444	108	90
649	441	108	91
647	439	108	92
647	435	109	94
647	432	112	95
644	429	116	96
644	425	118	100
642	423	121	103
641	420	125	105
639	417	126	107
638	414	128	109
638	410	130	111
637	407	131	112
638	403	132	113
639	402	132	114
640	400	133	115
641	396	133	115
640	393	132	117
642	391	131	118
636	387	132	119
641	389	130	120
640	387	130	120
631	382	130	119
637	382	128	119
639	384	128	117
632	378	126	117
633	377	125	116
633	378	123	116
633	378	123	117
633	377	122	117
632	375	121	119
628	373	121	119
625	373	121	120
623	372	119	121
622	372	119	122
621	373	120	122
621	371	121	122
620	370	121	123
619	369	122	123
618	370	123	122
617	369	123	122
617	368	123	122
617	368	122	121
617	368	120	120
618	368	120	118
620	367	119	118
621	368	117	117
622	370	116	115
624	372	115	114
625	374	114	113
625	375	113	112
621	372	112	108
623	375	109	107
623	377	107	107
624	378	106	106
624	377	107	103
623	380	107	101
623	380	107	99
621	381	106	99
620	383	105	99
619	384	105	98
620	385	105	99
619	386	105	99
618	388	105	99
615	390	104	98
613	393	103	97
616	393	104	96
613	397	103	95
620	399	102	95
614	401	101	95
611	403	99	94
617	406	98	94
613	408	97	94
619	410	96	93
614	413	94	93
614	417	93	94
613	416	92	93
613	424	91	92
617	420	92	91
620	422	92	89
610	419	91	88
610	418	90	87
610	418	90	86
611	418	88	86
613	419	88	87
617	420	87	87
619	420	87	87
621	419	88	88
622	419	88	89
626	428	88	89
628	428	89	90
628	427	90	90
629	428	92	90
630	429	93	91
628	427	94	92
631	432	95	92
635	434	95	96
636	437	95	96
637	438	95	97
638	440	95	97
638	442	96	96
640	444	95	97
638	441	95	96
640	446	95	95
642	445	88	103
646	445	83	110
648	445	80	114
650	446	77	119
653	446	74	123
655	449	73	125
657	452	73	126
657	446	73	127
656	449	73	128
656	459	74	128
654	450	74	128
654	453	75	128
654	456	75	128
653	460	76	127
659	457	76	127
663	461	80	122
658	460	79	123
656	460	79	123
664	456	78	124
661	455	77	125
660	453	76	126
659	453	76	126
665	455	80	122
664	452	78	123
664	462	77	125
663	461	75	125
662	460	74	127
662	458	74	127
662	470	73	127
660	470	73	127
667	458	73	128
663	470	73	128
662	456	73	129
671	456	72	129
668	454	72	130
676	468	74	127
674	484	74	127
675	487	75	126
681	491	78	122
676	500	81	119
684	504	85	114
681	494	87	111
678	499	89	109
677	504	91	107
675	510	93	105
673	516	95	104
670	518	97	103
667	520	99	102
664	520	101	101
663	520	104	100
672	523	106	100
669	522	108	100
669	521	110	99
671	524	112	99
669	528	123	91
667	531	131	87
659	535	140	84
663	536	146	83
667	536	148	84
668	532	152	85
669	529	155	87
672	525	157	88
671	522	161	89
668	519	161	92
676	516	163	94
676	512	163	97
691	508	156	107
693	503	152	114
697	497	149	120
710	488	147	121
710	479	145	122
723	481	142	123
727	471	139	125
729	468	137	127
732	464	135	129
735	459	129	137
737	456	125	143
739	452	121	147
755	448	119	150
754	444	116	153
756	440	113	155
759	435	111	158
760	431	109	161
779	412	109	162
782	410	108	163
783	406	108	162
785	400	109	162
785	392	109	161
783	378	115	151
780	380	120	143
780	385	123	138
780	383	125	133
777	402	126	133
778	388	126	132
782	377	128	130
787	369	128	130
790	368	129	129
783	367	130	128
788	367	131	127
789	374	131	127
790	368	131	126
788	366	131	126
785	364	131	126
782	364	131	125
778	365	131	125
772	366	131	125
766	364	131	124
764	364	131	124
764	363	131	124
764	361	131	124
762	360	131	124
760	357	131	124
758	354	131	123
754	351	131	123
749	347	131	123
740	343	131	123
731	337	131	123
725	331	131	123
720	327	131	123
715	322	131	122
712	320	131	122
705	305	131	122
699	303	131	121
697	303	131	121
696	302	131	121
695	300	131	120
695	299	131	120
694	300	131	120
695	300	131	120
695	300	131	120
696	300	131	120
698	302	131	119
699	303	131	119
699	304	131	119
699	305	131	119
698	304	131	118
698	304	131	118
698	303	131	118
698	303	131	118
697	303	131	118
696	302	131	118
695	301	131	117
694	300	131	117
694	300	131	117
693	299	131	117
693	300	131	117
693	301	131	117
695	302	130	116
695	303	130	116
696	305	130	116
696	306	130	115
697	305	130	115
705	307	130	115
700	307	130	115
695	305	130	114
693	304	130	114
693	304	130	114
692	305	130	114
690	303	130	114
691	304	129	114
688	303	129	114
687	303	129	114
687	304	129	114
686	305	129	114
687	305	129	114
687	306	129	114
686	307	129	114
675	303	129	114
681	308	129	114
681	305	129	114
683	304	128	114
682	305	128	114
682	304	128	114
683	304	128	114
683	305	128	114
686	306	128	114
686	309	128	114
697	301	128	114
695	306	128	114
696	309	128	113
694	300	128	113
694	301	127	113
695	302	127	113
698	302	127	113
699	300	127	113
699	297	127	113
699	297	127	113
698	296	127	113
701	297	127	113
699	300	126	113
700	305	127	113
699	307	126	112
700	308	126	112
700	298	126	112
699	305	126	112
697	298	126	112
698	301	126	111
699	304	126	111
699	302	126	111
699	301	126	111
698	301	126	110
697	303	126	110
696	303	126	110
694	301	126	109
693	300	126	109
692	300	126	109
690	299	125	109
690	299	125	109
689	298	125	108
687	295	125	108
685	294	125	108
685	292	125	108
681	292	125	108
678	288	125	108
679	285	125	108
680	286	124	107
680	287	124	107
681	286	124	107
681	287	124	107
681	286	124	107
679	285	124	107
