648	152	45	20
647	152	43	21
648	156	43	21
644	157	44	22
642	158	44	23
640	159	43	23
639	161	43	23
635	163	43	23
631	165	43	23
629	167	42	23
626	168	40	24
625	168	40	24
621	170	41	23
618	172	41	23
616	173	41	22
613	174	41	22
611	175	41	22
608	176	41	22
605	177	40	22
603	179	39	22
603	180	39	22
600	181	39	21
599	182	38	21
598	183	38	21
598	185	38	21
596	186	37	22
597	186	37	22
597	187	36	21
598	188	36	21
598	188	34	22
598	188	34	22
599	188	33	22
599	190	33	22
596	188	33	22
597	189	32	22
598	190	32	22
599	193	32	22
599	193	32	22
595	195	31	22
597	195	31	22
598	196	31	22
599	197	31	22
598	200	31	22
598	203	31	22
595	206	31	22
593	208	30	23
594	211	30	23
594	211	30	23
592	217	30	23
591	219	29	23
592	219	29	23
592	222	29	23
592	223	29	23
591	223	29	23
591	223	29	22
590	224	29	22
590	225	29	22
587	227	29	22
587	228	29	22
588	230	29	22
585	230	29	22
587	232	29	22
586	231	29	22
582	233	29	22
578	233	29	22
574	235	29	22
574	237	30	22
573	236	30	21
568	236	31	20
566	239	31	20
563	241	31	20
562	244	31	21
559	247	31	21
556	249	31	21
555	248	30	21
553	247	30	21
551	245	30	21
547	249	30	21
543	247	30	21
539	249	30	21
536	252	29	21
531	253	29	21
527	255	28	21
524	254	28	21
519	255	28	21
515	254	28	21
513	255	28	21
510	256	27	21
506	255	27	21
503	256	27	21
500	256	27	21
497	257	27	20
493	259	27	21
490	260	27	21
487	258	27	21
485	257	27	21
481	260	27	21
478	261	27	21
476	260	27	21
472	262	27	21
469	259	27	21
470	257	27	21
465	258	27	21
462	259	27	21
459	264	27	21
455	263	27	21
452	265	27	21
449	264	27	21
446	265	27	21
445	264	27	21
445	262	27	21
439	264	26	21
439	266	26	21
435	265	26	21
437	264	26	21
433	266	26	21
430	268	26	21
430	269	26	21
432	265	26	20
429	269	26	20
427	270	26	20
424	270	26	20
424	273	26	20
424	275	25	20
424	275	25	20
423	275	25	20
424	274	25	20
420	277	25	20
420	279	25	19
418	280	25	19
417	282	25	19
416	283	25	19
416	286	25	19
415	287	25	19
415	287	25	19
414	291	25	19
414	293	25	19
413	295	25	19
412	298	25	19
411	301	25	19
408	304	25	19
408	306	25	19
408	309	25	19
406	312	25	18
405	317	25	18
406	320	25	18
405	323	25	18
404	326	25	18
402	329	25	18
404	328	25	18
405	332	25	18
401	336	25	18
399	339	25	18
400	337	25	18
399	338	25	18
395	343	25	18
393	344	25	18
390	346	25	17
386	348	26	17
386	349	26	17
384	349	26	16
382	349	26	17
379	351	26	17
376	350	26	17
376	349	27	17
373	351	27	16
370	350	28	16
367	350	28	16
365	349	29	16
364	351	29	16
361	350	29	16
361	350	29	16
358	350	30	16
356	349	30	16
355	351	30	16
354	352	30	16
352	351	30	16
350	350	30	16
348	350	30	16
347	351	30	16
345	352	30	16
343	351	30	16
342	351	29	16
340	352	30	16
339	353	30	16
336	351	30	16
335	352	30	16
334	351	29	16
333	351	30	16
331	352	30	16
329	349	30	16
327	349	29	17
325	348	29	17
323	347	29	17
323	347	30	17
322	347	30	16
320	346	30	16
318	346	30	16
316	347	30	16
314	346	30	16
313	345	29	17
314	344	29	17
314	343	30	17
310	341	29	17
312	341	29	17
312	342	29	17
310	340	29	17
309	339	29	17
310	337	29	17
308	338	29	18
308	334	29	17
308	334	29	17
308	335	29	17
308	333	29	17
306	331	29	17
308	330	29	17
309	328	29	17
308	326	29	17
308	324	29	17
309	323	29	18
326	326	29	17
330	327	28	18
331	324	28	18
329	321	28	17
328	319	28	17
334	316	29	16
336	315	30	15
334	313	30	14
335	313	29	14
333	310	29	14
334	308	29	13
336	306	29	13
335	304	29	13
335	301	29	12
336	300	29	12
336	298	29	12
337	295	29	12
337	293	29	12
337	291	29	12
338	291	29	13
337	288	29	13
338	286	29	13
337	284	30	13
339	282	29	13
339	282	29	14
339	279	29	14
340	279	29	14
338	277	29	15
340	275	29	15
338	275	29	15
337	276	30	15
339	274	30	15
339	275	30	15
338	275	31	15
337	275	31	15
341	274	31	15
340	274	33	15
343	273	33	15
341	273	33	15
340	274	33	15
339	274	34	15
340	275	34	15
338	274	35	16
338	274	35	16
340	271	35	16
342	271	35	17
343	272	36	17
344	273	36	17
343	273	36	17
343	274	36	17
342	274	36	17
340	275	38	16
342	275	37	17
341	276	38	17
342	277	38	17
341	274	39	17
345	275	38	18
342	275	39	18
340	275	39	18
342	275	40	18
340	275	41	18
344	275	41	18
343	275	41	17
342	272	42	17
344	276	42	17
343	275	43	17
345	275	42	18
343	275	41	18
343	275	42	19
343	275	42	19
343	276	42	19
345	276	42	19
346	277	42	19
356	281	42	19
359	282	41	19
359	283	40	20
358	283	40	20
361	285	39	20
364	286	38	20
369	290	37	20
372	290	36	19
374	292	36	19
375	294	36	19
376	295	35	19
376	296	35	19
379	300	36	19
381	300	35	19
383	300	36	20
387	304	36	20
390	304	37	20
393	304	36	20
396	305	36	19
400	306	36	19
406	308	35	19
410	308	35	19
413	309	34	18
417	310	33	19
420	311	33	18
423	312	34	18
426	313	35	18
429	314	34	19
430	315	35	19
433	316	35	19
437	317	36	19
441	318	36	19
443	319	37	20
449	319	38	19
452	320	38	19
455	320	38	19
459	321	38	19
464	322	39	19
467	323	39	19
469	324	40	19
472	324	40	19
476	324	41	19
480	324	41	18
482	325	41	18
485	326	41	18
487	325	41	18
488	326	42	18
491	326	42	18
493	326	42	18
494	327	42	18
499	327	42	19
501	328	42	19
507	328	41	19
506	328	42	20
510	328	41	20
512	328	41	20
516	327	41	20
522	328	41	21
523	329	40	21
531	330	40	21
531	331	40	21
537	332	40	21
539	333	39	22
542	335	39	22
544	336	39	22
547	337	39	22
549	338	39	22
551	341	40	22
551	343	40	22
555	344	40	22
558	348	41	22
559	350	41	22
562	351	42	21
564	354	42	21
567	355	43	21
573	356	44	20
574	360	44	20
575	362	44	20
580	363	45	20
582	366	44	20
584	365	43	21
587	367	42	21
591	371	42	21
595	373	40	22
595	372	40	22
598	373	38	23
601	375	38	24
605	378	37	25
608	378	37	25
608	382	36	26
611	381	36	26
612	380	35	26
614	386	35	26
621	393	35	27
624	397	34	27
628	399	34	27
633	401	33	28
631	400	33	28
634	400	32	29
633	401	32	29
640	401	31	30
639	402	31	30
641	405	31	30
644	406	31	30
649	406	31	30
652	410	31	30
659	413	30	31
659	410	30	31
661	413	29	32
663	414	29	32
668	418	29	32
673	418	29	32
674	423	29	32
679	426	28	33
681	425	27	34
686	425	26	35
687	425	25	35
691	426	25	36
691	427	24	36
694	425	24	36
696	431	23	37
700	429	23	38
703	430	22	38
703	431	22	39
707	436	21	39
708	437	21	39
709	441	21	40
713	446	21	39
714	446	21	39
715	444	21	38
717	445	21	38
718	450	21	38
720	452	21	38
725	454	21	38
728	456	22	37
731	461	22	37
732	461	22	37
734	462	22	37
737	466	22	37
740	469	23	36
740	469	23	35
743	472	24	35
741	472	24	34
744	475	25	33
747	476	26	33
747	477	26	32
750	477	27	31
752	480	27	31
753	479	27	30
756	480	27	30
756	481	27	30
758	481	27	30
760	483	28	29
761	485	28	29
764	485	28	28
767	488	28	28
767	487	28	27
770	488	28	27
772	489	29	27
772	489	29	26
774	492	30	25
776	491	30	24
777	490	31	24
781	492	31	23
783	492	31	22
785	492	32	22
786	492	32	21
789	493	33	20
792	493	35	19
793	493	35	18
799	496	37	18
799	495	37	18
804	495	38	18
807	494	38	18
810	494	38	17
813	494	38	17
816	494	38	17
820	495	38	17
822	494	37	18
823	493	37	18
826	495	37	18
828	493	36	18
832	494	36	19
832	494	36	19
834	494	35	19
838	495	35	20
839	494	35	20
841	496	35	20
832	519	33	21
834	520	33	22
835	518	32	22
836	519	32	22
838	518	32	23
840	517	31	23
842	518	31	23
845	519	31	23
849	521	30	23
850	519	30	23
851	521	30	24
850	519	30	24
854	522	30	24
853	520	30	24
852	521	30	24
854	523	30	25
853	523	30	25
856	521	30	25
857	524	31	25
856	525	31	26
854	526	31	26
857	528	32	26
860	528	31	26
861	527	32	27
863	527	32	27
864	530	32	27
865	533	32	28
866	532	32	28
865	531	32	28
865	530	32	28
868	530	33	28
874	531	33	27
881	532	33	27
881	535	32	27
881	533	33	27
878	534	33	26
877	538	34	25
881	542	35	24
880	546	35	24
879	549	35	23
883	552	35	23
889	555	35	23
889	558	34	24
892	561	33	24
896	565	32	25
896	567	32	25
898	569	33	25
899	573	33	25
900	576	33	25
903	578	34	25
904	583	34	25
904	585	35	25
905	589	36	25
905	591	37	25
908	596	38	25
910	598	39	26
911	601	40	26
912	606	41	27
913	608	43	27
913	610	44	27
915	612	45	27
916	617	46	28
915	619	48	28
917	621	49	29
918	624	50	29
918	627	52	29
921	630	52	29
923	633	53	29
924	636	54	29
929	638	55	29
933	641	54	29
935	643	53	29
937	645	53	29
939	646	53	29
939	647	54	29
941	648	53	29
943	650	54	29
945	651	54	30
946	651	56	29
946	651	57	29
949	651	59	29
948	651	61	29
954	651	62	29
957	652	63	29
961	651	64	29
962	651	65	29
970	650	64	30
969	649	64	31
974	650	64	30
981	650	62	30
983	651	62	30
986	652	64	29
987	652	65	29
990	653	66	28
999	653	64	28
1004	654	64	28
1012	654	63	27
1014	654	62	27
1020	654	61	26
1023	654	60	27
1027	653	60	27
1036	654	59	27
1040	654	59	28
1042	654	59	29
1045	654	60	29
1047	653	60	29
1054	653	61	28
1057	653	62	28
1060	654	63	28
1066	653	63	27
1070	652	64	27
1073	653	64	27
1077	653	65	27
1079	652	66	27
1089	648	65	28
1093	648	64	28
1099	648	62	29
1107	645	61	29
1109	647	61	30
1114	647	60	30
1121	646	59	30
1127	642	57	30
1132	643	56	30
1134	641	55	30
1136	642	54	31
1141	640	55	31
1144	636	55	32
1147	636	55	32
1150	631	56	33
1153	631	56	33
1155	631	57	34
1159	626	56	35
1164	627	55	36
1170	624	54	37
1175	621	53	38
1176	623	52	38
1179	622	52	38
1187	618	52	38
1192	581	50	37
1193	581	50	34
1194	582	50	33
1195	583	49	31
1196	585	49	30
1198	586	49	29
1197	586	49	29
1199	586	50	28
1198	588	50	27
1200	588	51	27
1199	589	53	27
1199	590	54	27
1199	590	55	27
1201	590	55	27
1202	590	55	27
1204	590	56	27
1204	591	56	27
1206	592	56	27
1207	594	56	27
1210	594	55	27
1210	596	55	26
1214	597	55	26
1216	597	55	26
1216	598	55	26
1216	599	54	26
1220	599	55	25
1222	601	55	25
1224	602	55	25
1224	599	54	25
1227	601	54	25
1229	603	53	25
1231	605	53	25
1231	606	53	24
1235	607	52	24
1237	608	52	25
1239	609	51	25
1238	610	52	24
1240	612	51	24
1240	613	51	24
1243	614	50	24
1245	615	50	23
1248	617	50	24
1248	618	50	23
1255	620	50	24
1258	622	48	24
1260	623	48	25
1260	625	47	25
1262	627	47	25
1266	624	47	26
1266	627	46	26
1264	627	45	27
1267	628	44	28
1268	628	43	29
1270	630	43	29
1272	631	42	30
1274	631	41	30
1274	632	41	31
1277	633	40	32
1277	632	40	33
1277	632	39	34
1277	632	38	35
1279	635	38	35
1278	633	37	36
1278	632	37	36
1277	630	37	37
1275	628	37	37
1271	620	37	38
1271	611	36	38
1271	610	35	39
1271	608	34	39
1274	609	33	40
1274	608	32	40
1274	608	31	40
1276	608	31	41
1275	604	30	42
1275	604	29	42
1275	600	29	43
1276	595	28	44
1276	599	27	45
1276	592	26	46
1273	587	25	47
1274	586	24	48
1274	581	23	48
1274	576	23	48
1273	574	23	47
1272	571	23	47
1272	570	21	47
1274	571	21	47
1273	571	21	47
1272	570	20	48
1271	567	21	47
1276	563	22	46
1277	562	24	45
1260	553	26	43
1263	538	27	41
1242	541	29	40
1233	542	29	39
1230	540	30	38
1225	535	31	37
1223	533	31	37
1219	532	31	37
1217	529	31	37
1212	525	31	38
1206	515	30	38
1208	513	29	40
1208	507	29	41
1207	502	28	41
1208	496	28	42
1211	495	28	42
1212	493	26	44
1214	488	24	47
1215	482	22	49
1219	483	21	50
1224	482	20	51
1226	482	20	52
1231	478	21	52
1232	477	22	52
1235	476	23	52
1239	476	23	52
1242	476	24	51
1244	478	25	51
1247	478	26	51
