117	440	172	117
121	438	170	118
119	439	170	119
132	442	170	118
142	443	167	119
152	446	163	119
171	446	156	119
182	449	152	119
193	450	150	119
203	455	147	119
213	462	145	119
225	465	140	118
235	471	136	117
245	477	133	117
255	484	131	116
264	489	126	117
273	492	122	117
279	494	120	117
284	497	117	117
291	502	116	116
298	505	113	115
303	509	110	116
308	512	109	117
312	516	108	117
316	523	106	117
317	528	104	118
320	532	103	118
322	535	103	119
325	537	103	119
326	539	104	119
329	542	105	120
328	544	107	120
330	546	108	120
333	549	109	120
332	550	111	119
332	551	115	119
331	552	119	120
328	554	125	121
327	556	130	121
328	556	135	123
329	558	138	124
330	560	143	126
330	563	148	126
332	564	155	127
334	565	159	127
339	568	163	128
344	571	166	129
349	575	169	129
351	578	173	129
352	582	178	128
353	585	184	128
353	587	190	129
355	588	196	129
358	589	204	128
362	591	211	128
365	592	218	128
370	593	224	128
372	595	229	128
376	596	234	128
379	598	239	127
384	599	241	128
389	600	244	128
394	601	247	128
399	602	251	128
404	603	255	129
409	604	258	129
414	604	261	129
417	604	266	129
423	608	269	129
429	608	273	129
439	611	273	129
445	612	275	130
461	613	272	130
473	613	270	130
482	614	270	130
489	615	270	130
499	615	270	129
508	616	270	129
518	616	270	129
528	615	270	130
538	615	268	130
549	615	267	130
557	613	267	130
567	613	266	131
574	614	265	131
580	614	263	131
593	615	259	131
603	615	258	130
616	616	256	129
628	617	254	128
644	619	250	129
656	619	247	129
670	620	245	129
680	620	244	129
689	622	243	128
700	623	241	128
711	624	239	128
721	624	236	129
732	627	233	128
743	628	232	129
753	629	231	128
763	629	228	128
773	630	227	128
783	631	226	129
790	631	226	128
800	632	227	127
807	632	227	127
813	632	229	127
822	633	231	128
829	633	234	127
834	635	237	127
842	637	240	127
852	638	243	127
857	639	245	126
868	642	245	126
878	643	246	126
889	644	245	126
896	645	245	126
906	646	245	125
912	648	245	125
922	650	245	125
930	651	247	124
938	654	246	125
946	655	247	125
955	655	247	126
960	657	247	126
966	658	248	127
974	659	250	128
980	660	251	129
986	660	252	130
994	660	252	131
1001	659	251	132
1007	660	250	131
1017	660	249	131
1024	659	247	130
1030	659	246	131
1041	659	246	130
1050	658	245	130
1059	657	244	130
1070	657	242	130
1080	655	239	130
1089	655	238	129
1098	655	236	129
1106	654	234	128
1116	654	233	128
1126	652	232	127
1135	650	231	127
1144	647	229	127
1154	644	227	128
1162	641	224	129
1173	638	224	128
1180	636	222	129
1188	634	221	128
1197	632	221	128
1207	629	220	129
1215	628	219	130
1223	626	220	130
1233	624	218	130
1242	623	218	130
1252	623	219	130
1259	621	217	129
1271	620	216	129
1280	615	214	129
1290	613	211	130
1300	608	208	131
1310	604	206	131
1320	600	204	132
1329	596	202	132
1338	593	200	132
1347	589	201	133
1358	585	200	134
1368	581	200	134
1379	576	200	136
1388	570	198	136
1402	567	196	136
1415	562	195	135
1427	557	193	134
1440	552	191	133
1452	544	189	133
1462	537	187	134
1474	532	188	134
1478	524	190	135
1483	518	192	136
1489	512	193	138
1495	504	196	141
1499	497	198	142
1507	491	199	142
1515	486	200	142
1525	479	200	141
1533	474	200	141
1538	469	200	141
1543	464	202	142
1549	458	205	141
1555	453	207	141
1566	449	207	141
1574	444	206	139
1582	438	205	137
1589	434	204	137
1596	429	203	135
1597	423	205	133
1603	419	207	131
1606	415	210	129
1612	411	209	128
1619	408	209	126
1626	404	207	126
1632	402	205	124
1638	399	204	123
1643	395	204	122
1647	392	205	122
1650	390	205	121
1654	387	205	120
1657	385	206	121
1660	382	206	121
1664	380	207	121
1666	377	207	122
1671	375	207	122
1672	372	204	123
1677	370	200	124
1680	368	196	124
1686	366	193	124
1689	365	190	124
1692	363	187	124
1696	362	185	124
1700	360	182	124
1702	358	181	124
1706	357	181	124
1709	356	180	125
1711	355	180	125
1715	354	180	126
1717	353	179	126
1719	352	178	126
1720	352	178	127
1725	352	176	128
1726	352	174	129
1729	353	173	129
1730	353	171	129
1731	352	170	129
1731	352	169	129
1732	353	168	129
1734	352	166	129
1735	352	165	129
1737	351	164	130
1738	352	163	129
1738	350	162	128
1740	350	161	129
1741	349	160	129
1743	349	159	129
1745	349	157	129
1749	348	156	128
1754	348	153	128
1761	348	148	129
1765	346	146	127
1769	344	144	124
1790	346	141	124
1795	342	140	122
1796	352	135	129
1796	350	132	134
1810	342	132	135
1809	347	133	136
1822	343	135	136
1828	337	135	136
1846	340	136	136
1857	339	136	135
1869	337	136	135
1881	332	136	134
1883	324	137	133
1898	316	137	133
1902	306	137	132
1917	298	137	131
1932	290	137	131
1949	298	138	130
1952	286	138	129
1957	277	139	129
1975	282	139	128
1993	271	139	128
1997	262	139	127
2016	254	140	127
2033	249	140	127
2050	242	140	127
2055	235	140	127
2074	229	140	127
2094	229	140	127
2101	227	140	126
2110	223	141	126
2134	219	141	126
2152	205	140	127
2171	206	140	127
2197	204	139	127
2210	203	139	127
2225	192	138	128
2230	185	138	129
2238	189	138	129
2250	192	138	129
2260	181	138	129
2269	167	138	130
2292	173	138	130
2300	161	138	130
2326	168	138	130
2338	172	138	131
2362	177	138	131
2419	115	140	127
2423	108	141	121
2429	105	141	114
2430	104	137	108
2433	103	135	103
2435	102	132	99
2441	102	129	96
2439	103	129	91
2435	104	131	87
2432	112	131	84
2418	110	135	79
2424	113	135	78
2427	114	134	77
2432	114	133	78
2443	114	131	79
2442	114	130	79
2442	110	129	80
2440	114	127	81
2450	116	125	82
2449	110	124	82
2448	113	123	83
2438	112	122	84
2441	111	121	84
2442	109	121	84
2445	107	120	84
2437	107	119	84
2449	109	118	85
2448	105	117	85
2448	106	116	86
2440	106	116	86
2444	105	116	85
2437	105	116	85
2442	104	116	85
2444	104	116	84
2437	105	116	84
2441	104	116	84
2450	101	115	85
2443	100	115	85
2454	102	113	86
2453	98	112	86
2453	98	112	86
2453	97	111	86
2445	100	111	86
2456	97	110	86
2455	96	110	85
2447	98	110	85
2458	95	109	85
2459	94	108	85
2459	94	107	84
2459	99	107	85
2459	95	106	84
2460	94	105	84
2461	99	105	84
2461	96	104	84
2461	96	104	84
2462	96	104	84
2462	96	103	84
2463	96	103	84
2464	96	102	84
2464	97	102	83
2465	96	102	83
2465	96	101	84
2467	95	101	83
2466	95	100	83
2466	95	100	83
2466	95	100	83
2468	94	100	83
2468	94	99	83
2468	93	99	83
2468	94	99	83
2469	94	98	83
2469	94	98	82
2470	94	98	82
2470	94	97	82
2470	93	97	82
2470	93	97	82
2470	93	97	81
2471	93	97	81
2471	92	96	81
2472	91	96	80
2466	91	96	79
2471	91	96	79
2474	91	95	78
2470	91	95	78
2473	90	94	77
2475	88	94	77
2475	88	93	77
2470	89	93	77
2473	88	93	76
2475	87	93	76
2477	86	92	76
2470	93	92	76
2473	89	92	76
2475	87	91	76
2475	85	91	75
2476	85	90	75
2471	85	90	74
2474	85	90	74
2476	84	90	73
2471	84	90	73
2473	83	90	72
2475	82	89	72
2477	82	89	71
2478	81	88	71
2472	81	89	71
2476	80	89	70
2477	85	88	70
2479	83	87	71
2480	81	87	71
2482	79	87	71
2482	78	86	71
2484	82	86	71
2478	81	87	71
2480	79	87	70
2482	78	86	70
2489	75	86	71
2482	75	86	70
2479	75	86	70
2487	78	85	70
2480	78	85	70
2483	77	85	70
2485	75	85	70
2486	80	84	70
2485	76	84	71
2485	75	84	71
2485	74	84	71
2485	74	84	71
2486	73	84	70
2480	74	84	70
2488	77	83	70
2483	76	84	70
2485	74	84	69
2485	79	83	70
2486	76	83	70
2481	76	84	69
2484	75	84	69
2485	74	84	69
2481	75	84	69
2485	76	84	69
2492	74	83	69
2490	77	82	69
2489	76	82	69
2494	73	81	70
2487	74	82	70
2486	79	82	70
2487	77	82	70
2486	76	82	70
2481	76	82	70
2484	75	82	70
2491	73	82	70
2484	73	82	70
2480	74	83	69
2483	74	83	69
2479	75	83	69
2482	75	83	69
2490	71	83	69
2483	71	83	69
2479	72	83	69
2476	72	84	69
2486	70	83	69
2481	70	84	68
2489	68	83	69
2483	69	83	68
2485	68	83	68
2486	67	82	68
2486	70	82	69
2487	67	81	68
2488	69	81	69
2487	66	80	68
2483	67	80	68
2483	66	80	68
2483	64	80	68
2482	69	80	68
2489	65	80	68
2481	69	80	68
2482	66	79	68
2487	63	79	68
2485	65	79	69
2485	62	78	68
2485	61	78	68
2483	66	78	69
2482	62	78	69
2487	60	77	69
2479	61	78	69
2486	59	78	69
2484	60	78	69
2483	60	77	69
2489	58	77	69
2480	63	77	69
2480	61	77	69
2487	57	77	69
2479	57	78	68
2478	57	78	68
2486	55	78	68
2484	60	77	68
2483	57	77	68
2483	57	77	68
2482	60	77	68
2482	58	77	68
2488	56	77	68
2479	61	77	68
2486	57	77	68
2485	55	76	68
2484	60	76	68
2489	56	76	68
2486	53	76	68
2485	59	76	68
2491	56	75	69
2482	56	76	68
2483	55	77	68
2483	60	77	68
2488	57	77	68
2486	61	77	68
2485	59	77	68
2484	59	77	69
2490	57	77	69
2482	62	77	69
2483	60	77	69
2483	59	78	69
2485	57	78	68
2486	56	78	68
2485	61	79	68
2485	58	79	68
2486	57	79	68
2486	61	79	68
2486	58	79	68
2488	57	79	68
2483	58	80	68
2486	57	80	68
2486	56	80	68
2486	61	80	68
2486	59	80	68
2481	59	80	68
2484	58	81	68
2480	59	81	67
2484	58	82	67
2481	59	82	67
2489	63	82	67
2487	60	82	68
2486	59	82	68
2487	57	82	68
2483	58	82	67
2485	58	82	67
2486	63	82	68
2487	60	81	68
2487	64	81	69
2487	61	81	69
2487	59	81	68
2487	64	81	68
2488	61	80	68
2489	59	80	68
2496	57	80	68
2493	62	80	69
2487	60	80	68
2494	63	79	69
2492	61	79	69
2490	65	79	69
2489	62	79	69
2489	60	79	69
2489	58	79	69
2489	58	80	68
2487	64	80	69
2421	83	81	69
2413	96	84	67
2432	76	87	64
2491	51	82	64
2500	57	81	65
2449	84	81	66
2462	83	82	66
2478	67	82	66
2486	67	82	67
2485	66	81	67
2492	63	81	68
2484	64	81	68
2479	66	81	68
2482	68	81	69
2483	66	81	69
2483	65	81	70
2484	65	81	70
2485	63	82	70
2485	63	82	70
2484	61	82	71
2478	63	82	70
2482	63	82	70
2483	62	82	70
2478	63	82	70
2481	62	82	70
2483	60	82	70
2482	66	82	71
2482	63	82	72
2484	61	82	72
2485	60	82	72
2479	62	83	72
2482	62	83	72
2482	67	83	73
2483	64	83	73
2483	62	83	73
2484	68	83	74
2483	65	83	75
2489	61	83	75
2483	60	83	74
2489	58	83	74
2482	64	83	74
2483	62	83	74
2484	60	83	74
2484	60	83	73
2479	61	84	73
2482	60	84	72
2483	64	84	73
2484	63	84	73
2484	62	84	73
2479	63	84	72
2482	63	85	72
2484	62	85	72
2484	67	84	72
2485	65	84	73
2484	65	84	73
2484	64	84	74
2485	62	84	74
2486	61	84	73
2486	61	84	73
2486	66	84	74
2487	63	84	74
2487	61	84	74
2487	62	84	74
2487	61	84	73
2487	62	84	73
2494	59	84	73
2492	64	83	74
2491	61	83	73
2490	66	83	74
2490	63	82	74
2485	62	83	73
2494	60	82	73
2492	66	82	73
2493	63	82	72
2487	62	82	72
2495	66	82	72
2494	63	82	71
2493	67	81	72
2494	64	81	71
2488	64	82	71
2498	68	81	71
2492	66	81	71
2486	66	82	70
2496	64	81	70
2490	63	81	70
2491	68	81	70
2486	61	82	69
2490	62	82	69
2485	63	82	68
2488	64	82	68
2496	61	81	68
2489	68	81	68
2497	63	81	69
2495	61	81	69
2489	61	81	68
2491	66	80	68
2485	65	81	68
2488	64	81	68
2490	68	81	68
2491	63	80	68
2496	60	80	68
2489	66	80	68
2490	63	81	68
2495	60	80	68
2488	66	80	68
2491	63	80	68
2497	60	80	68
2489	66	80	69
2491	62	80	69
2498	60	79	69
2489	67	80	69
2491	64	79	69
2498	61	79	69
2491	67	79	69
2498	62	79	69
2496	60	78	69
2495	65	78	69
2495	63	78	69
2501	61	78	69
2498	64	77	69
2493	62	77	68
2498	65	77	69
2503	61	77	69
2500	59	77	68
2493	65	77	68
2500	62	77	68
2499	61	76	68
2494	62	77	67
2500	61	76	67
2498	66	76	67
2493	65	76	67
2499	64	76	67
2493	65	76	66
2495	69	76	66
2501	65	76	67
2495	65	77	66
2492	65	77	66
2495	65	77	66
2492	66	77	66
2495	65	77	65
2501	64	77	65
2499	69	77	66
2500	67	77	66
2495	67	77	65
2501	66	77	65
2500	66	77	65
2499	66	77	65
2500	65	77	65
2505	70	76	65
2502	67	76	66
2501	65	76	65
2502	65	76	65
2497	65	76	65
2504	64	76	65
2501	69	76	65
2497	63	76	65
2493	67	76	65
2501	66	76	64
2502	70	76	65
2497	69	76	64
2500	68	76	64
2502	67	76	64
2501	67	76	64
2497	68	76	64
2503	66	76	64
2501	67	76	64
2497	68	76	64
2504	67	76	64
2502	68	76	64
2503	68	76	64
2503	68	76	64
2502	69	76	64
2501	70	76	64
2502	70	76	64
2501	72	76	64
2500	74	75	64
2500	71	75	64
2506	69	75	64
2504	68	75	64
2503	68	74	64
2502	68	74	64
2501	72	74	64
2500	70	74	64
2499	74	74	64
2499	72	74	64
2505	68	74	65
2503	66	74	64
2502	70	74	65
2501	67	74	64
2500	71	74	64
2504	67	74	65
2502	66	74	65
2501	71	74	65
2500	68	74	65
2500	68	74	65
2499	71	73	65
2499	69	74	65
2500	67	73	65
2501	66	73	65
2500	65	73	65
2496	66	74	65
2502	64	74	65
2501	69	74	65
2501	66	74	65
2501	70	74	65
2506	65	73	65
2498	65	74	65
2500	64	74	65
2495	65	74	64
2492	66	75	64
2496	66	75	63
2499	66	75	63
2498	70	75	63
2504	66	75	63
2497	66	75	63
2502	64	75	63
2501	68	75	63
2500	66	75	63
2496	66	75	63
2499	66	75	63
2505	69	75	63
2504	66	75	63
2500	66	75	63
2500	72	75	62
2501	70	75	62
2507	66	74	63
2505	71	74	63
2505	68	74	63
2504	68	74	63
2504	67	74	63
2500	68	74	62
2502	68	74	62
2504	67	74	62
2501	68	74	62
2506	72	74	62
2506	69	73	62
2507	68	73	62
2502	69	73	62
2508	68	73	62
2507	72	73	63
2507	70	73	63
2507	68	72	63
2503	69	73	63
2509	73	72	63
2504	71	73	63
2500	72	73	62
2503	73	73	62
2504	73	73	62
2504	77	73	63
2506	74	73	63
2507	72	73	63
2502	74	73	63
2504	75	74	63
2505	74	74	63
2500	75	74	62
2502	75	74	63
2503	73	75	62
2497	74	75	62
2500	73	75	62
2496	74	76	62
2506	72	75	62
2499	73	75	62
2501	72	75	62
2497	73	75	62
2499	72	75	62
2495	73	76	62
2497	73	76	62
2499	72	76	62
2501	71	76	62
2502	69	75	62
2497	71	75	62
2498	70	75	62
2500	70	75	62
2502	69	75	62
2503	68	74	62
2504	67	74	62
2504	66	74	62
2499	68	74	62
2506	65	73	62
2506	65	73	63
2504	69	73	63
2509	66	73	63
2507	64	72	63
2501	65	73	63
2506	64	72	63
2506	64	72	64
2505	64	72	64
2500	65	73	63
2505	62	73	64
2500	64	73	63
2501	64	73	63
2507	62	73	64
2506	61	73	64
2500	62	73	63
2498	57	73	63
2500	60	74	63
2497	56	74	63
2499	60	75	63
2501	61	75	63
2507	60	74	63
2501	61	75	63
2498	56	75	63
2501	59	76	63
2496	62	76	63
2500	58	76	63
2496	62	77	63
2499	63	77	63
2500	63	77	63
2502	63	77	63
2498	59	77	63
2495	63	78	62
2499	64	77	62
2502	65	77	62
2498	67	78	62
2501	67	78	62
2497	69	78	62
2500	69	78	62
2497	65	79	62
2500	67	79	62
2497	69	79	62
2501	70	79	62
2497	71	79	62
2501	70	79	62
2497	72	80	62
2500	71	79	62
2507	74	79	62
2501	74	79	62
2509	70	78	62
2507	75	78	62
2502	74	78	62
2509	77	77	63
2502	75	77	63
2509	72	77	63
2503	74	77	63
2502	80	77	64
2502	77	76	64
2501	82	76	65
2500	79	76	65
2499	77	76	65
2506	73	76	65
2497	80	76	65
2504	76	76	65
2498	75	76	65
2493	75	76	65
2501	79	76	65
2495	77	76	65
2497	75	76	65
2498	74	76	65
2493	75	76	65
2496	75	76	65
2496	74	76	65
2496	80	76	65
2496	77	75	65
2502	73	75	66
2501	77	74	66
2494	76	75	66
2495	75	75	66
2496	74	75	66
2492	74	76	65
2499	78	76	66
2498	75	76	66
2498	74	75	66
2502	72	75	66
2500	75	75	66
2500	74	76	66
2495	74	76	66
2503	72	76	66
2498	72	76	66
2499	71	76	65
2500	72	76	65
2501	72	76	65
2507	75	76	66
2504	72	76	66
2503	71	76	66
2498	73	76	65
2506	71	76	66
2499	71	76	65
2501	73	76	65
2501	72	76	65
2502	72	76	65
2503	73	76	65
2503	73	76	65
2503	72	76	65
2504	73	76	65
2504	73	76	65
2504	74	76	65
2503	75	76	65
2502	75	76	65
2502	76	77	65
2502	75	77	65
2503	75	77	65
2503	75	77	65
2503	75	77	65
2504	75	77	65
2504	74	77	65
2511	72	77	65
2504	73	77	65
2511	78	77	65
2510	75	77	65
2511	74	77	65
2511	73	77	65
2506	74	77	64
2513	73	77	64
2505	80	77	64
2512	76	77	64
2511	79	77	64
2511	76	76	65
2511	74	76	64
2505	75	76	64
2513	73	76	64
2511	72	76	64
2505	74	76	64
2511	72	76	64
2505	73	76	64
2512	72	76	64
2511	76	76	64
2510	73	76	64
2510	71	75	64
2510	71	75	64
2510	72	75	64
2506	71	75	64
2506	70	75	64
2507	68	75	64
2504	69	76	63
2505	69	76	63
2507	68	76	63
2508	67	76	63
2504	67	76	63
2511	65	76	63
2510	70	75	63
2510	67	75	63
2511	65	75	63
2510	69	75	63
2516	65	74	63
2514	63	74	63
2513	68	74	64
2512	66	74	64
2511	70	74	64
2506	69	74	63
2513	66	74	63
2511	65	74	63
2511	66	74	63
2511	66	74	63
2505	67	74	63
2512	71	74	64
2517	67	73	64
2496	79	77	64
2514	64	73	64
2506	46	74	64
2517	58	74	64
2566	86	67	73
2607	90	63	79
2647	71	62	84
2684	62	60	88
2715	45	60	90
2748	29	60	91
2777	30	59	91
2798	20	59	91
2807	19	60	89
2815	18	61	89
2815	20	61	89
2774	20	64	87
2788	15	68	86
2806	1	72	84
2823	-3	80	78
2844	-5	88	72
2867	-1	92	68
2830	3	93	72
2858	2	97	74
2889	4	100	72
2922	3	99	75
2954	0	96	73
2985	-1	93	71
3008	-4	96	65
3028	-1	97	61
3057	-2	96	57
3073	-6	95	53
3090	-4	93	50
3111	-4	91	47
3112	-7	90	43
3123	-4	89	41
3145	-3	86	40
3157	-1	82	40
3151	-1	81	40
3160	-1	79	40
3152	0	78	40
3161	3	76	41
3160	6	75	42
3157	12	75	42
3160	12	76	42
3161	11	76	42
3163	10	76	42
3164	9	76	42
3165	9	76	42
3165	9	75	42
3165	9	76	42
3164	7	75	42
3162	6	76	42
3161	5	75	42
3159	12	75	42
3158	11	74	42
3156	10	74	43
3163	10	74	42
3161	8	73	43
3159	8	73	43
3165	7	73	43
3171	6	72	43
3170	5	72	43
3170	4	72	43
3174	10	72	43
3178	7	71	44
3175	6	71	44
3181	12	71	44
3179	12	70	44
3177	11	70	44
3183	10	70	44
3183	9	70	44
3183	8	69	44
3181	6	69	44
3180	11	68	45
3178	9	68	45
3178	7	67	45
3176	6	67	45
3177	11	67	45
3177	9	67	45
3177	7	66	45
3176	5	66	45
3177	10	66	45
3182	8	65	45
3180	7	65	45
3178	6	65	45
3173	4	64	45
3168	4	64	45
3170	9	64	45
3164	8	63	46
3165	7	63	46
3166	6	63	46
3167	5	63	46
3168	4	62	46
3170	4	62	46
3165	4	62	46
3165	3	61	46
3167	3	61	46
3169	3	61	45
3171	2	61	45
3165	8	61	45
3166	7	60	46
3167	6	60	46
3157	5	60	46
3154	4	60	46
3144	10	59	46
3141	9	59	46
3139	8	59	47
3136	7	59	47
3140	7	59	47
3137	5	59	48
3141	3	59	48
3138	9	59	48
3136	7	58	48
3140	5	58	49
3137	4	58	49
3134	2	58	49
3138	8	58	49
3135	6	58	49
3132	5	58	49
3130	4	58	50
3127	2	58	50
3117	1	58	50
3115	0	58	50
3112	-1	58	49
3110	-1	58	49
3108	-1	58	49
3112	-2	58	49
3116	2	58	49
3114	1	58	49
3111	0	58	49
3109	0	58	49
3107	0	58	49
3103	5	58	49
3100	4	58	49
3099	3	58	49
3097	3	57	49
3097	2	57	49
3097	2	57	49
3096	1	57	49
3097	6	57	49
3097	4	57	50
3097	10	57	50
3097	8	56	50
3097	5	56	50
3095	11	56	50
3093	16	56	50
3091	19	56	49
3096	17	55	49
3094	21	55	49
3093	18	55	49
3091	22	55	49
3098	18	55	49
3097	23	55	49
3095	28	55	49
3094	27	54	49
3091	32	54	49
3088	31	54	49
3085	31	54	49
3088	30	54	49
3084	29	54	49
3087	28	54	49
3091	27	54	49
3083	26	54	49
3075	31	54	49
3074	30	54	49
3079	29	54	49
3078	27	54	49
3077	26	54	49
3076	31	54	49
3075	30	54	49
3074	29	53	49
3073	28	53	49
3073	28	53	49
3072	27	53	49
3071	32	53	49
3077	30	53	49
3076	28	53	49
3076	33	53	49
