184	187	970	380
227	207	961	385
232	206	950	389
228	206	948	384
227	214	953	385
233	209	956	384
231	209	954	383
229	206	954	383
220	208	958	385
239	215	948	381
228	207	945	389
227	204	949	392
239	209	942	393
227	210	961	391
231	206	948	394
229	212	950	394
224	212	959	394
219	212	963	391
241	210	944	397
227	211	943	401
226	207	955	403
210	207	939	402
214	193	942	407
204	205	941	404
201	196	930	404
197	200	940	409
189	201	944	408
214	202	923	405
185	201	945	406
170	193	941	415
182	197	923	410
180	208	939	405
186	194	921	409
175	201	944	406
149	196	936	411
179	195	933	409
161	190	933	409
163	185	939	420
143	174	934	415
159	180	926	416
155	175	920	422
149	177	928	420
166	170	933	431
145	171	929	436
134	170	956	432
145	166	945	433
162	173	937	422
150	165	940	430
152	169	927	425
180	169	960	438
188	170	964	436
186	169	957	436
190	173	958	435
181	168	958	434
197	176	972	435
164	178	975	434
184	182	970	438
178	192	974	425
179	180	980	427
162	180	991	429
192	190	966	421
195	183	990	434
187	188	977	431
175	182	987	431
174	175	984	426
159	176	988	436
199	178	979	437
178	172	989	441
191	182	986	437
182	178	992	436
167	179	998	444
186	176	998	445
205	188	977	444
190	183	989	445
169	184	999	440
188	191	980	436
157	190	1004	428
158	188	1007	431
154	196	1011	429
156	206	1014	413
140	208	1005	418
148	204	1005	420
142	204	1007	417
146	204	1007	415
136	195	1025	427
139	203	1009	424
139	199	1016	425
166	195	1004	421
144	202	1006	422
139	195	1002	423
132	202	1012	422
133	196	1004	424
148	202	998	420
143	199	1005	423
135	201	1012	425
138	199	1016	424
120	199	1010	424
142	202	1002	425
139	201	993	426
163	204	982	425
156	206	984	428
150	207	983	428
145	209	980	427
148	206	980	430
135	200	991	429
130	200	993	433
122	197	989	434
128	201	980	443
111	198	982	443
113	190	986	445
96	191	966	447
93	191	976	444
82	185	978	448
66	181	993	455
52	181	970	463
34	193	964	451
33	188	953	453
17	195	971	452
6	170	966	467
9	171	969	472
43	200	946	468
5	187	956	470
-10	178	953	473
-6	179	939	483
16	201	936	466
-5	199	942	475
1	183	932	475
-6	197	937	472
-3	182	925	475
2	186	929	469
-2	190	931	469
-10	191	936	466
-5	197	931	465
-16	197	938	472
-7	195	941	471
0	190	942	472
-10	187	938	464
-12	195	941	469
-21	203	920	478
-7	179	922	496
-4	185	918	493
-2	180	907	502
-3	181	917	512
6	186	904	510
4	185	901	504
3	177	908	526
-8	188	916	511
-8	197	902	500
-2	194	880	496
1	204	883	516
-1	208	880	506
-5	198	881	500
-5	209	902	504
-11	202	902	502
-11	195	918	516
-11	199	934	504
-4	200	943	509
-19	192	945	511
1	198	940	506
-1	197	951	502
-18	204	969	496
-12	198	966	503
-5	207	955	488
-17	203	939	481
-10	207	931	456
-3	211	909	493
0	204	896	495
9	201	906	473
9	210	892	516
4	195	905	487
9	196	908	484
7	197	927	456
-17	195	968	467
-4	186	967	516
-10	189	1013	516
-11	187	1024	527
-12	189	1037	528
-16	181	1050	531
-11	178	1037	537
-14	159	1046	552
-17	169	1054	541
-22	156	1073	542
-29	146	1077	546
-13	137	1066	562
-35	138	1094	550
-39	151	1076	543
-43	138	1096	555
-12	146	1086	535
-31	144	1098	529
-14	147	1116	526
-44	152	1103	520
-15	146	1061	519
-7	151	1042	502
-6	154	1020	507
-10	147	1011	514
-8	156	1008	499
-9	141	1017	518
-7	152	1035	525
-10	144	1024	523
-13	134	1036	531
-5	128	1058	531
0	133	1049	529
0	128	1058	520
-4	119	1083	524
-33	125	1066	517
-28	122	1071	530
-50	126	1060	538
-21	121	1057	534
-16	117	1083	540
-23	116	1068	543
-18	122	1061	523
-26	126	1066	525
-32	124	1088	519
-24	124	1077	508
-30	128	1107	495
-36	126	1129	488
-27	135	1095	491
-32	133	1085	480
-12	143	1066	465
-11	149	1055	464
-8	153	1043	460
-19	150	1057	503
-21	144	1039	521
-12	155	1036	516
-26	151	1046	535
-6	155	1036	517
-31	159	1047	536
-13	167	1052	529
-23	151	1063	527
-16	155	1060	518
-21	143	1068	532
-12	173	1047	514
-18	130	1054	539
-16	165	1053	535
-11	160	1066	548
-15	131	1085	533
-12	146	1067	568
-13	116	1076	570
-6	139	1088	572
-6	126	1064	594
-3	114	1063	602
-25	110	1055	604
-19	107	1034	589
-20	105	1045	598
-18	110	1041	588
-17	114	1037	585
-23	115	1030	581
-21	118	1036	570
-34	120	1040	567
-19	118	1022	569
-27	118	1018	568
-11	122	998	563
-1	131	986	555
0	121	989	552
-2	120	979	542
-10	117	997	540
-1	120	1000	550
-4	109	997	540
-10	88	998	564
-8	92	1022	570
-4	96	1018	556
-1	72	1010	579
-6	86	1030	574
-7	69	1030	544
-2	61	1049	602
10	84	1056	602
7	86	1053	597
14	91	1061	580
8	93	1072	581
8	83	1079	591
1	79	1079	589
0	84	1074	582
12	80	1096	570
3	83	1069	561
1	97	1089	596
-20	88	1091	611
-17	100	1093	604
-13	107	1078	593
-20	111	1071	579
-12	113	1061	573
-14	113	1045	571
-9	113	1060	568
-15	113	1055	573
-3	116	1057	557
-28	113	1043	579
-32	114	1055	567
-21	105	1057	579
-10	106	1076	584
3	95	1065	603
-1	81	1083	621
-20	63	1089	633
-4	70	1080	622
-5	64	1094	626
18	59	1093	614
-9	70	1087	610
-9	68	1101	574
3	62	1083	601
9	62	1091	617
-4	71	1099	607
-8	64	1089	596
-6	80	1079	572
15	62	1084	558
0	78	1082	549
-19	101	1082	542
-12	97	1071	551
-4	103	1065	550
-25	111	1057	563
-16	112	1050	561
-29	118	1048	554
-28	115	1016	555
0	122	1002	559
9	110	998	548
-3	104	995	525
0	101	974	542
5	89	969	546
15	111	959	515
-7	102	965	518
-17	100	952	503
-7	108	946	486
36	112	918	497
-5	108	926	477
-1	114	920	471
1	123	932	479
-2	129	938	493
-5	121	949	514
-2	140	975	517
-5	134	992	509
16	144	978	527
12	140	1005	535
11	136	1010	536
-1	136	1022	536
-8	141	1043	524
-16	130	1059	546
-17	128	1077	547
-25	127	1107	544
-11	107	1109	568
0	110	1118	569
8	115	1115	567
-5	106	1142	572
-13	114	1158	576
11	122	1140	564
7	143	1179	552
22	140	1179	560
42	139	1166	557
42	134	1158	563
32	139	1157	558
33	130	1157	568
61	145	1152	562
43	131	1153	575
74	132	1145	574
64	140	1150	572
39	125	1172	580
59	121	1164	590
39	113	1172	599
44	99	1169	602
55	99	1168	596
57	100	1171	600
65	84	1159	599
73	65	1180	618
93	102	1167	591
121	79	1160	606
113	74	1170	608
126	67	1168	610
135	72	1147	602
132	52	1156	637
146	46	1139	635
171	60	1127	627
165	68	1138	621
174	64	1123	623
154	45	1127	647
172	49	1121	642
170	75	1126	624
150	54	1128	637
146	55	1130	640
136	76	1138	621
138	58	1135	633
145	56	1138	642
150	76	1136	622
126	71	1159	632
115	84	1155	627
