151	13	262	267
137	-2	337	309
128	-1	334	321
128	-3	333	308
126	-3	326	319
127	-5	330	324
122	-6	335	325
124	-6	323	329
113	-3	339	345
129	-4	323	325
123	-2	325	335
130	-2	318	340
129	-3	322	337
124	-2	331	348
137	-4	323	343
123	-3	333	353
135	-4	315	349
131	-3	318	358
139	-2	308	351
123	-4	327	356
134	-4	301	354
131	-2	308	357
119	-2	308	359
132	0	300	348
128	-1	287	351
132	0	274	338
129	0	259	350
132	0	257	342
130	0	255	346
132	2	252	336
125	4	253	351
128	0	235	342
127	-1	241	358
126	0	231	351
125	-4	241	358
132	-2	221	351
134	0	219	347
132	-2	228	352
136	-1	222	351
137	0	215	351
137	7	210	347
130	7	220	347
142	10	212	344
142	11	208	325
144	11	210	346
150	7	205	344
151	15	205	334
150	11	208	329
150	9	208	340
156	10	203	341
137	2	217	347
149	5	209	343
159	7	199	339
140	-1	212	350
149	8	210	325
154	10	206	331
154	6	206	334
155	7	205	332
138	5	220	336
122	8	239	334
148	9	213	315
131	7	230	317
112	10	245	330
158	5	209	331
149	8	204	338
153	7	200	314
113	8	238	320
160	0	198	333
161	7	187	317
161	-6	189	317
159	6	191	305
160	3	190	301
166	5	184	315
138	4	209	315
127	5	233	319
152	2	204	320
150	4	204	316
134	5	222	313
160	-2	198	318
133	2	218	313
162	-1	195	309
154	1	199	308
145	0	209	314
155	-3	207	315
120	-1	241	314
130	3	227	319
118	-4	232	322
113	6	241	317
141	-6	214	304
112	3	245	311
150	-1	214	309
167	-6	187	307
129	-2	225	309
124	3	240	307
147	0	223	307
136	1	238	307
159	5	212	303
127	3	241	306
175	0	224	305
147	4	235	302
130	8	255	301
145	7	241	299
128	11	254	301
156	8	238	302
130	13	254	297
150	3	246	302
123	11	270	305
145	1	286	311
121	2	277	307
147	4	258	305
121	11	285	294
143	13	276	314
116	14	284	295
153	9	273	310
133	14	251	284
145	25	284	291
134	22	276	288
140	22	282	290
131	16	304	294
128	9	297	299
134	1	309	306
129	3	316	300
127	0	330	303
123	36	281	271
130	16	285	292
126	9	262	301
129	9	252	300
128	6	257	303
123	20	231	293
130	27	263	288
118	44	230	272
125	49	207	266
127	1	249	314
119	20	238	297
122	54	253	264
119	30	204	285
122	65	257	255
110	17	214	300
130	33	250	289
110	45	221	280
124	78	269	253
102	76	220	255
121	0	191	324
125	8	264	319
103	0	212	329
114	-3	175	328
110	28	201	295
113	51	284	272
95	88	259	238
97	4	191	308
108	0	193	317
110	28	208	289
100	14	221	305
131	5	290	312
94	6	217	318
118	4	186	313
117	8	178	306
119	5	179	306
125	12	171	306
120	9	178	306
123	14	175	299
125	8	175	306
118	6	180	308
126	17	173	293
120	17	178	299
132	11	178	307
129	17	177	310
132	21	175	298
130	24	178	301
131	26	177	296
136	14	174	307
135	0	178	329
136	10	176	318
137	8	182	321
132	4	180	319
140	14	167	316
139	14	174	319
138	5	173	327
139	18	171	320
145	15	167	324
147	21	165	320
145	9	167	333
148	19	163	321
149	24	157	317
149	17	161	324
142	23	159	317
151	39	149	302
148	14	155	324
143	17	157	323
151	22	149	316
147	23	158	311
147	22	158	313
150	19	153	315
150	15	158	317
155	14	155	313
158	12	153	311
162	9	156	312
158	8	158	312
163	7	157	310
160	7	159	306
163	4	159	306
163	11	159	301
164	9	157	302
164	6	157	302
164	11	154	295
166	8	167	294
163	26	161	281
164	9	163	294
161	37	161	269
163	18	180	285
163	18	178	279
164	19	165	281
164	86	166	223
165	98	178	211
161	127	173	186
186	81	183	220
171	91	178	220
167	130	170	182
171	116	180	196
169	130	175	182
263	-6	158	160
263	0	156	142
268	0	152	121
267	1	151	116
266	0	157	113
263	2	155	112
261	2	153	111
260	9	139	111
258	17	128	105
257	25	127	99
253	38	116	103
251	40	119	95
249	42	117	92
247	41	123	98
243	44	119	96
238	43	120	93
236	47	120	95
234	42	126	104
231	36	129	111
227	36	131	133
220	25	143	159
216	23	139	157
213	22	142	164
211	18	144	169
210	18	145	173
207	18	148	187
210	15	145	190
212	18	148	188
213	19	150	194
213	24	149	194
212	39	150	201
211	40	149	187
204	48	155	190
206	53	149	215
203	58	147	177
198	69	151	181
200	73	147	222
198	77	141	206
197	81	143	224
192	84	143	221
190	96	144	210
187	101	142	211
185	105	140	200
186	108	140	191
183	112	142	199
177	121	147	188
175	124	146	190
173	128	146	189
170	133	148	189
168	141	149	184
169	150	148	178
169	159	147	175
172	162	146	176
174	164	145	178
178	165	144	179
183	178	140	175
184	180	141	173
187	182	141	171
193	193	140	162
196	205	138	149
203	223	139	133
206	224	142	133
208	229	144	127
211	233	147	123
215	236	150	121
219	247	152	111
219	252	155	104
217	256	161	101
216	258	162	99
217	262	162	93
237	273	144	84
215	272	164	84
226	277	158	80
216	279	167	77
242	287	150	69
233	290	164	65
229	291	169	66
219	278	174	78
198	184	94	154
203	168	77	142
202	166	75	133
203	167	74	128
186	167	88	119
186	168	90	134
206	171	86	176
168	158	110	114
178	165	106	134
213	186	87	165
202	165	82	168
211	178	87	174
187	158	97	149
183	154	95	143
215	181	89	167
195	158	84	155
193	152	89	152
219	184	103	168
209	174	115	179
218	178	113	178
212	179	122	176
196	169	137	185
180	145	154	207
172	147	169	207
172	149	151	206
190	156	156	197
173	153	158	203
163	153	162	203
163	146	163	211
164	147	151	208
154	142	172	211
153	143	164	210
138	142	156	203
145	139	171	204
148	141	176	211
155	142	176	213
151	144	175	211
148	143	185	214
144	143	179	213
144	144	187	212
140	143	178	211
139	148	189	207
135	149	194	207
135	146	201	211
133	146	192	211
136	151	199	206
131	148	197	209
134	153	206	204
134	152	219	207
133	154	210	202
133	154	228	204
140	160	214	198
138	158	213	194
153	162	208	192
131	154	227	199
133	154	232	199
131	153	234	196
134	162	239	186
144	172	224	181
122	169	235	181
118	176	240	178
125	175	239	179
124	178	252	175
126	178	323	176
133	178	336	177
124	177	281	173
131	182	299	172
151	185	321	171
159	186	316	171
153	184	283	167
175	185	299	168
160	185	268	160
192	186	287	169
187	189	293	156
190	188	282	144
191	190	281	147
189	190	284	146
190	185	268	129
208	189	268	122
211	191	266	118
210	191	266	118
211	193	263	116
214	199	257	111
215	202	259	107
215	203	260	104
216	205	262	102
219	207	256	102
228	213	246	96
228	214	248	98
232	217	242	98
233	220	244	97
235	225	241	89
236	232	241	89
237	236	240	81
238	239	239	82
240	239	237	78
239	240	237	80
244	241	231	78
245	240	230	77
246	238	228	77
246	236	230	77
247	234	228	76
241	227	230	73
235	225	240	76
232	222	241	71
227	220	251	70
224	219	251	69
221	216	253	68
219	214	251	65
214	213	250	66
213	212	248	63
209	210	249	61
202	208	247	60
200	207	241	56
197	206	237	54
194	201	236	55
190	197	236	56
184	193	231	52
177	191	227	51
180	189	248	54
176	187	241	52
175	186	230	49
174	187	259	50
172	184	254	50
167	185	255	51
167	188	249	54
171	185	251	49
166	189	244	49
172	187	243	51
170	190	228	48
170	190	233	46
172	191	244	44
173	195	230	43
177	200	218	39
179	197	222	40
181	199	207	40
179	197	215	40
181	195	214	40
180	196	204	40
183	194	214	41
181	194	205	39
182	187	211	44
186	187	251	44
181	185	224	50
185	188	230	45
182	187	213	43
184	186	206	45
181	176	192	52
183	182	201	44
178	177	185	50
180	181	196	44
176	180	176	48
175	174	195	51
173	167	177	56
177	163	198	58
176	158	191	58
176	160	184	53
176	155	189	57
178	151	184	57
178	151	170	57
179	153	186	57
178	144	190	63
179	141	189	65
178	145	188	62
177	143	188	63
176	140	187	63
176	142	188	62
176	137	187	64
176	134	185	67
174	131	185	67
176	127	186	70
176	126	174	71
175	122	181	71
176	119	175	73
176	117	177	74
175	117	171	75
175	119	160	72
176	116	158	76
176	115	158	77
176	115	162	77
176	116	158	79
179	118	153	77
175	115	150	81
177	117	148	83
177	115	146	84
176	115	146	86
177	112	138	89
176	108	135	92
174	105	136	96
175	105	134	96
174	103	134	99
173	106	136	97
172	102	133	101
171	102	135	102
170	103	137	103
174	101	135	105
175	98	135	109
176	100	136	109
175	97	134	112
177	100	133	110
176	99	136	111
176	99	131	113
175	102	131	112
173	101	135	113
174	102	138	113
174	99	137	116
173	99	135	117
173	100	146	118
174	97	142	121
173	99	139	120
173	98	149	122
173	94	154	126
172	93	161	129
173	91	169	131
172	91	165	132
172	87	173	136
171	83	179	142
170	85	172	143
168	84	173	145
168	79	175	151
167	79	176	153
166	77	177	156
164	85	171	151
165	83	171	153
164	81	171	155
165	85	170	155
164	98	162	141
163	113	159	129
163	125	157	118
162	123	154	120
163	114	158	129
161	130	150	114
161	129	156	118
161	125	159	122
163	127	158	121
163	124	161	125
163	124	166	125
164	131	161	117
165	128	163	121
165	131	159	118
167	133	160	115
165	131	163	117
166	130	161	117
167	134	159	113
167	137	158	110
167	133	163	114
167	132	158	114
167	139	152	108
167	140	157	106
168	138	162	107
168	137	149	107
169	139	148	105
170	137	151	105
172	136	151	105
171	140	152	103
174	142	148	101
176	138	154	106
179	135	145	108
180	132	147	111
182	133	144	110
183	122	152	120
184	131	142	111
185	122	150	120
183	125	143	118
185	131	139	112
185	118	140	124
186	126	137	117
188	108	152	131
184	116	140	124
189	110	132	129
182	118	134	120
188	106	144	131
174	101	146	137
187	101	129	137
188	97	145	141
179	98	145	139
180	96	157	140
178	98	144	139
177	99	133	137
182	97	130	139
180	92	136	144
181	91	139	145
179	92	125	146
180	92	133	145
180	85	173	153
177	82	163	156
177	80	167	159
176	80	166	160
177	81	161	159
174	80	168	160
172	83	161	157
173	79	166	159
167	89	147	148
168	88	149	146
167	85	150	146
164	82	154	149
165	84	149	146
166	94	150	135
164	93	146	136
167	93	148	135
165	93	147	136
167	91	147	139
167	97	163	138
167	97	164	141
166	101	158	139
168	93	168	149
166	100	163	144
168	97	156	147
170	97	165	150
167	98	164	151
170	99	159	147
168	99	172	145
169	101	172	140
170	101	170	137
169	96	170	142
169	100	174	139
167	103	152	135
166	104	181	132
162	104	182	131
162	102	185	134
162	107	181	129
160	103	182	132
158	103	176	132
159	100	171	134
159	99	174	135
158	107	175	127
157	97	182	135
156	98	174	133
158	95	181	135
157	89	175	140
157	89	185	141
156	87	183	143
156	89	178	142
155	87	183	145
153	85	184	146
151	83	193	148
152	89	227	142
148	92	199	144
150	90	211	145
146	92	204	144
149	88	207	148
147	91	198	146
146	88	174	150
151	89	186	150
149	83	162	155
151	82	148	156
151	85	133	156
154	85	136	155
156	82	140	157
157	84	130	156
158	83	129	156
159	83	126	156
159	82	117	157
159	86	93	153
159	89	97	147
159	90	95	146
159	90	102	146
158	91	95	146
159	87	100	147
159	90	95	144
159	89	94	144
160	86	97	146
161	82	96	149
161	84	94	147
161	85	92	146
161	85	92	145
163	87	91	143
164	89	92	140
163	87	93	141
162	85	96	144
162	83	98	145
164	74	101	154
165	86	96	144
164	90	96	140
164	88	96	143
163	90	98	142
164	91	97	141
162	103	99	134
161	73	108	163
158	104	104	136
158	71	106	168
152	108	103	134
148	98	105	144
143	103	108	140
141	76	110	166
139	64	121	178
141	47	134	195
132	64	114	180
136	55	121	186
135	40	126	200
129	48	113	192
129	46	115	194
126	50	113	191
125	51	114	191
122	57	110	187
122	48	130	197
117	53	118	194
114	47	117	199
115	32	116	214
111	43	112	204
108	32	114	213
107	45	115	201
98	33	121	213
97	37	122	210
96	34	122	213
96	32	123	214
93	35	124	214
88	28	128	221
87	41	128	209
85	27	130	223
86	42	127	208
82	36	132	215
81	25	127	225
79	39	129	212
70	23	137	226
64	31	142	217
65	18	143	228
59	23	142	220
60	23	138	219
59	19	140	221
57	22	139	215
57	17	136	221
54	17	136	220
53	20	135	217
51	17	135	222
48	20	134	219
46	20	132	220
44	22	129	219
41	13	130	228
39	19	127	221
36	19	129	222
33	23	130	219
29	10	128	232
26	17	129	223
25	19	132	220
24	19	129	220
23	8	130	231
20	14	124	222
18	8	133	228
18	12	125	222
15	6	129	228
15	7	125	225
13	5	123	224
13	4	128	225
11	3	125	224
10	3	126	223
10	2	124	222
9	4	126	220
10	5	124	220
10	7	127	220
12	7	124	222
13	8	125	223
16	8	122	225
16	9	121	225
17	9	121	224
16	9	122	224
18	9	121	223
20	18	124	214
26	15	121	218
26	16	124	216
27	15	125	217
32	18	123	214
37	24	123	210
38	11	123	223
39	16	123	217
40	22	121	211
41	16	121	218
44	20	121	213
44	9	119	223
44	17	119	214
45	11	117	218
44	14	115	215
41	12	114	213
40	7	114	215
37	5	113	217
36	4	113	217
36	4	113	216
38	5	110	214
39	1	110	217
40	5	109	215
40	3	108	215
43	1	105	216
46	2	103	215
46	1	105	214
49	3	101	212
51	2	101	212
53	0	101	213
53	3	100	209
53	2	100	209
54	2	99	208
55	2	98	209
55	2	99	210
57	3	98	211
56	3	99	212
56	3	100	214
56	5	98	213
57	2	99	216
59	6	99	214
59	1	105	220
62	3	102	221
60	-1	110	225
64	5	99	219
66	-2	107	228
69	5	101	219
69	-3	111	228
71	4	107	221
65	-3	115	229
74	3	105	225
72	0	105	230
76	0	103	230
74	-2	111	233
81	1	102	228
84	0	102	230
87	-3	104	233
87	0	108	231
90	-1	111	234
91	0	110	229
93	0	110	230
95	3	112	222
99	4	108	224
103	3	110	224
105	2	114	224
109	10	114	213
111	10	115	215
114	7	118	216
119	13	115	216
119	12	115	213
123	14	118	208
124	16	117	207
130	18	116	203
135	9	122	211
139	12	122	207
143	7	121	210
147	13	120	202
146	7	116	208
152	8	116	203
151	10	116	200
151	9	115	202
151	8	114	201
153	9	116	200
152	8	118	199
153	11	119	197
155	7	113	206
154	8	115	208
153	8	116	209
153	9	117	208
151	8	120	208
155	11	121	204
153	7	123	211
152	11	126	223
154	6	120	212
154	9	123	217
154	6	121	210
153	10	122	208
153	8	118	205
157	11	119	206
157	10	116	201
159	14	115	206
160	10	115	214
160	9	115	227
160	9	115	214
162	13	112	219
162	12	112	222
162	14	116	236
162	5	130	205
163	10	123	201
162	17	122	204
162	16	121	223
162	15	121	236
165	7	132	231
161	20	128	225
163	14	129	225
162	15	131	230
161	21	131	216
162	15	140	229
163	23	134	203
159	32	127	204
162	16	145	215
168	22	137	203
166	28	130	200
162	37	121	197
166	26	133	208
162	35	124	196
162	24	137	210
163	28	133	202
158	25	136	210
166	23	128	212
162	22	136	228
161	27	137	217
159	27	138	215
162	23	138	216
162	27	136	212
156	25	141	212
160	25	135	212
161	24	132	216
155	23	138	217
155	24	138	216
151	30	138	209
165	21	133	217
160	27	132	210
174	19	124	219
163	34	124	207
180	21	136	219
180	24	128	232
173	20	159	221
176	21	161	238
177	17	172	224
179	32	155	242
176	12	180	225
176	53	147	221
183	13	172	240
177	16	187	207
