414	243	371	188
441	259	316	140
440	252	317	143
442	247	310	150
442	244	312	153
441	240	310	156
438	237	313	158
438	234	309	158
440	231	307	161
437	229	309	164
436	231	311	161
435	233	313	161
437	232	312	161
438	232	314	166
441	235	309	161
446	236	299	162
444	229	316	170
442	237	303	166
446	241	307	161
449	264	271	137
447	242	279	157
442	248	281	150
443	267	281	132
444	260	284	146
438	283	289	126
462	279	269	136
455	289	275	126
457	283	278	133
460	284	274	133
459	289	279	130
450	290	290	129
456	293	289	133
469	295	278	133
470	301	279	124
468	304	290	123
478	299	275	128
471	299	279	124
474	295	280	135
472	296	285	132
472	296	280	134
475	301	280	130
471	298	282	133
474	301	279	133
471	300	282	133
470	305	283	129
471	301	283	134
472	303	282	133
467	301	290	137
469	302	289	137
470	307	285	134
454	309	302	132
466	317	287	129
473	320	282	125
469	326	287	119
468	330	287	118
475	336	277	115
473	340	278	112
469	344	280	107
478	349	272	106
464	350	283	106
459	350	292	107
462	351	288	104
460	353	288	104
453	353	294	102
451	352	296	102
457	355	291	101
463	356	282	103
456	359	287	100
456	359	287	103
453	362	288	100
457	364	284	101
451	369	289	100
455	379	286	91
444	381	299	86
444	386	301	87
446	391	297	84
454	393	292	85
458	396	286	88
467	396	280	87
448	397	296	89
451	398	295	90
452	400	295	87
453	399	297	88
456	400	298	86
451	399	308	88
456	398	307	88
456	400	301	88
463	399	299	89
464	397	301	91
460	399	300	90
462	396	304	90
464	396	299	92
462	397	303	90
463	397	305	90
460	400	304	90
464	399	304	89
460	398	312	92
462	398	309	92
456	398	316	91
464	398	311	88
457	398	315	92
465	397	313	89
454	396	321	91
464	394	315	91
453	393	327	92
461	392	322	88
454	392	321	92
460	390	321	92
460	391	315	88
457	387	325	92
463	384	319	95
459	383	323	95
464	383	322	94
466	379	322	96
465	378	323	94
469	376	325	96
460	366	345	105
464	369	334	100
461	366	346	101
454	364	352	105
466	365	339	102
448	361	363	109
462	364	346	104
453	367	345	101
463	348	365	116
452	362	361	103
454	365	351	99
446	349	369	114
455	360	352	99
438	344	388	116
444	363	354	93
438	339	383	120
441	359	370	97
439	355	371	102
432	362	370	96
439	350	370	107
438	363	358	95
435	361	364	97
437	365	350	92
435	363	358	96
432	362	361	98
436	354	367	104
433	363	358	90
432	365	360	92
442	362	357	96
438	362	364	94
440	363	357	92
443	362	353	89
445	361	351	90
442	362	348	87
444	359	347	89
446	359	348	90
446	360	348	87
451	360	343	88
457	360	339	85
471	358	330	88
469	355	343	92
468	358	330	88
481	360	315	88
463	360	333	88
510	361	289	87
500	362	293	83
500	362	298	85
492	364	294	83
499	363	295	87
488	365	305	82
499	364	299	86
486	365	303	84
488	365	306	83
484	366	308	84
487	366	311	83
482	368	309	81
491	367	300	84
489	366	305	82
489	368	306	82
488	367	312	83
488	367	295	80
486	365	301	88
488	364	308	80
479	367	315	80
488	366	304	78
485	363	308	82
489	364	300	76
496	361	294	74
481	360	309	74
481	359	311	70
496	360	300	73
474	362	312	67
489	359	303	74
479	360	315	68
482	358	314	73
486	357	317	71
479	358	328	70
487	355	327	71
478	354	321	73
494	352	319	76
471	348	339	81
488	341	361	82
480	342	345	81
477	343	337	82
483	342	334	82
480	334	356	93
487	343	341	82
477	351	333	72
485	345	361	77
477	351	340	70
483	340	366	85
470	350	352	73
478	345	366	81
475	353	339	77
476	352	362	74
473	355	341	74
479	351	359	75
477	354	349	77
476	354	342	75
476	355	355	78
475	353	348	79
477	350	378	78
473	350	360	76
470	352	353	77
465	347	366	84
467	347	371	79
469	348	370	82
467	348	373	82
461	348	378	86
457	347	379	83
459	347	381	85
458	347	374	86
456	349	377	85
455	345	385	88
453	342	393	91
455	342	389	93
456	344	382	89
457	343	383	93
454	343	383	92
452	344	380	88
450	343	379	94
454	345	375	90
451	342	378	93
454	340	375	96
454	327	385	108
461	325	380	104
457	329	376	98
455	335	369	90
462	328	364	95
466	310	366	112
465	328	350	91
471	314	366	102
465	316	353	98
474	315	334	95
476	312	324	93
477	308	331	93
479	302	329	90
484	298	325	90
481	291	325	91
491	288	321	89
484	284	326	90
488	280	327	91
479	278	330	89
488	275	323	90
476	273	326	90
487	269	318	92
475	266	327	92
471	266	330	89
467	259	341	93
466	257	335	90
462	256	334	88
462	257	327	86
459	259	331	83
454	255	347	87
453	263	329	79
451	247	366	97
437	259	360	87
441	263	359	88
439	277	330	78
438	273	362	85
437	282	344	77
441	275	373	89
438	278	363	83
435	279	371	87
437	287	364	79
439	289	358	77
442	294	350	74
445	279	379	89
441	286	370	82
440	295	334	73
452	295	351	72
445	299	368	70
446	297	363	75
443	300	382	75
436	300	371	76
438	303	389	76
433	304	385	75
436	301	389	81
435	308	375	72
439	309	399	71
439	308	371	73
443	309	384	69
443	310	359	67
443	312	372	68
444	314	367	67
444	314	372	68
446	318	338	64
446	319	334	66
444	323	306	65
443	329	278	65
445	329	277	67
442	336	276	68
446	340	273	67
445	351	298	59
441	355	314	59
440	359	316	59
435	364	316	59
434	366	322	62
429	370	338	60
426	375	354	57
423	374	363	62
425	374	365	61
422	373	369	63
422	373	373	65
424	373	373	65
424	373	375	65
426	372	378	65
426	372	380	65
430	371	381	68
433	370	379	66
435	370	378	68
437	369	381	71
438	370	381	66
442	371	380	67
444	370	380	65
446	369	381	64
449	368	382	66
450	366	385	66
451	364	384	68
455	364	382	69
458	364	384	69
458	362	388	70
457	361	392	69
457	359	393	70
462	356	389	72
463	357	391	69
460	354	394	73
461	355	395	73
457	356	397	75
459	354	398	75
455	354	399	76
455	356	403	75
457	356	400	75
456	357	402	77
448	357	408	76
454	359	406	76
452	358	401	76
455	359	398	75
457	357	395	75
457	357	399	77
453	355	403	76
451	352	411	79
445	350	412	78
450	350	410	78
445	348	412	77
450	349	407	78
445	347	413	78
446	346	409	78
443	344	415	77
441	342	413	79
445	343	410	78
440	341	417	83
442	341	415	81
444	341	412	82
452	340	413	81
447	339	415	79
446	339	419	82
442	337	423	83
448	336	417	81
442	333	426	86
439	332	428	87
444	329	419	87
445	332	422	80
437	326	427	88
446	322	417	90
433	320	426	94
441	321	417	90
433	321	430	90
438	314	421	96
434	316	427	92
434	311	422	97
438	314	418	91
430	308	429	94
432	306	426	97
431	300	427	100
431	304	426	94
434	299	421	98
431	303	421	93
430	300	423	96
426	297	427	96
427	301	421	94
420	287	433	108
428	300	410	93
418	304	418	89
423	300	420	97
432	311	412	87
420	315	415	89
441	318	396	90
416	312	415	100
428	319	416	90
423	324	417	83
422	322	415	89
424	323	409	88
421	321	404	87
437	326	387	80
439	323	380	83
437	324	382	81
436	322	383	84
443	326	374	80
431	324	385	81
436	326	380	80
437	329	378	80
443	331	373	76
433	328	378	82
438	329	387	86
443	332	376	80
428	326	392	87
431	326	399	85
431	324	399	90
445	331	385	93
445	335	388	90
430	323	406	99
438	330	406	89
457	339	393	93
465	339	403	85
457	339	419	83
451	340	409	83
470	337	417	92
459	340	394	79
464	341	416	87
465	341	411	84
479	343	415	81
476	345	397	74
471	338	430	90
472	342	379	80
476	344	394	87
473	331	438	96
474	338	432	90
473	342	438	84
471	339	470	90
465	335	444	94
477	324	496	105
461	328	482	100
469	325	451	102
469	326	419	101
467	320	468	106
465	331	435	101
463	324	388	105
465	327	403	107
471	331	403	104
466	321	409	108
469	322	454	111
460	314	434	114
465	316	428	111
464	307	457	125
461	314	447	121
467	320	428	107
468	310	470	122
471	310	478	123
477	305	480	123
486	318	478	111
482	298	508	128
484	302	509	127
490	300	504	125
488	282	508	141
484	278	513	145
481	287	492	138
488	286	495	135
482	269	486	146
483	278	480	136
482	276	493	141
475	270	478	139
477	274	507	141
473	284	480	127
473	269	500	145
468	261	485	152
471	274	488	145
473	283	486	133
471	275	506	142
472	280	494	136
475	283	502	132
475	276	491	139
469	271	511	145
467	275	503	144
470	277	497	136
464	255	507	157
454	261	505	153
461	266	498	141
454	251	520	160
448	260	507	149
447	255	518	153
446	253	504	157
445	252	513	155
438	246	507	159
435	240	513	161
440	233	506	164
429	222	513	172
437	219	505	180
432	211	499	175
427	202	505	191
428	197	507	190
427	187	503	198
422	184	509	201
417	174	511	208
413	168	515	212
405	168	525	214
402	165	517	211
402	162	522	213
400	159	520	215
399	157	517	213
397	150	524	221
393	151	516	214
390	150	519	214
384	167	508	196
382	167	501	195
381	178	499	184
378	181	499	179
377	180	498	179
376	172	500	183
375	181	498	177
374	176	502	181
373	172	504	184
371	172	506	183
368	170	508	185
366	170	510	184
367	176	512	177
365	175	519	182
364	180	521	178
364	187	522	173
357	183	533	177
362	187	530	176
362	191	531	172
357	189	539	173
362	194	539	169
357	193	546	169
362	193	541	169
357	195	548	167
356	196	555	167
356	197	553	166
356	200	555	163
358	201	558	162
358	204	561	156
356	205	561	155
357	206	566	154
356	205	567	153
356	202	572	153
355	208	570	146
354	209	573	146
353	212	574	143
352	215	578	137
347	216	579	137
351	218	584	136
350	220	581	133
343	226	590	130
346	232	585	126
338	232	595	130
332	235	598	128
332	239	605	123
328	238	607	122
331	240	603	121
323	243	614	118
321	244	612	115
321	251	620	111
317	255	608	106
316	256	611	108
317	251	614	115
312	256	629	109
309	254	628	110
306	235	640	126
298	245	649	113
293	223	660	133
292	220	680	133
283	221	687	131
282	198	695	154
285	214	695	134
280	199	715	152
284	218	697	137
283	210	718	145
288	233	717	127
284	228	734	141
296	249	715	129
294	242	744	145
298	266	716	126
300	272	742	133
303	283	744	135
301	289	697	118
313	288	714	139
319	296	714	125
323	303	743	145
333	303	677	125
333	306	717	138
336	306	697	124
336	306	747	146
327	305	727	142
329	310	707	132
327	309	754	140
319	307	749	144
320	307	790	158
311	302	772	166
307	299	722	134
305	300	781	146
304	290	726	134
297	294	789	147
292	286	721	133
293	282	762	144
293	284	716	138
284	278	753	149
284	275	759	144
279	277	746	145
280	272	751	149
278	272	755	151
273	271	737	150
273	265	734	154
270	263	741	161
273	260	739	163
273	261	732	164
273	257	729	166
275	258	722	166
277	256	724	173
282	254	719	178
284	254	717	180
287	252	721	186
288	253	722	189
293	250	711	194
297	244	708	203
297	242	705	205
304	235	696	212
306	231	694	217
315	224	686	228
319	220	688	235
322	217	685	238
323	215	682	246
321	213	681	250
318	208	686	258
328	207	680	263
335	204	672	268
343	200	661	275
347	197	657	283
353	192	646	289
358	189	649	291
365	188	630	296
383	186	624	301
386	183	604	305
412	187	593	304
403	187	599	307
412	194	592	299
413	194	593	301
415	191	600	304
411	181	597	311
417	174	589	323
416	159	579	334
422	158	582	339
413	163	579	329
412	156	575	343
405	150	574	349
405	149	580	350
397	154	579	348
395	146	587	352
389	147	584	357
381	144	584	356
379	147	585	352
374	150	590	351
371	153	588	349
360	156	600	348
352	161	594	341
354	164	599	337
343	168	601	331
341	166	603	334
333	176	612	326
327	181	609	320
324	180	609	320
314	185	616	312
313	188	608	307
304	191	617	308
296	194	621	303
291	201	619	297
283	202	632	292
279	203	634	291
271	207	651	284
264	209	643	282
263	214	658	276
259	214	658	276
258	220	664	273
255	226	663	265
249	232	670	260
246	236	669	261
241	242	667	253
240	248	667	246
230	246	676	252
229	257	676	244
219	258	679	246
216	263	682	242
211	264	691	244
205	265	699	243
202	275	705	229
197	277	713	231
189	283	726	223
191	283	726	223
187	293	733	217
184	304	735	207
184	308	742	203
183	313	746	200
182	315	750	201
183	314	748	196
177	313	749	201
177	310	718	195
184	305	746	197
155	305	718	193
193	302	726	192
218	303	680	189
185	301	709	187
191	296	716	188
198	294	720	187
185	293	703	187
178	289	712	191
174	286	724	192
160	280	736	193
154	279	745	192
151	275	744	197
148	272	750	204
145	270	750	208
137	270	755	217
150	267	741	214
135	268	755	221
122	267	761	219
126	264	762	222
131	263	750	226
135	264	748	231
130	261	747	232
128	261	750	233
137	260	739	234
141	262	734	239
146	262	731	238
150	264	734	239
157	264	730	243
160	262	728	244
159	259	727	253
164	263	731	247
167	260	732	255
154	256	751	264
233	255	681	267
223	253	682	286
198	250	702	296
225	250	696	299
261	237	664	315
251	235	687	324
228	222	708	344
256	223	675	345
292	229	662	338
293	206	668	368
306	209	660	371
342	197	629	378
347	192	627	369
346	161	622	402
363	158	618	393
375	151	604	406
386	148	594	419
396	150	577	415
405	149	572	414
419	130	548	437
442	134	517	445
455	123	508	458
464	129	489	453
472	138	475	455
478	147	467	460
484	124	461	481
468	245	474	371
472	184	480	429
460	169	478	456
458	140	481	485
463	123	497	509
462	147	525	550
455	116	508	519
447	102	474	496
472	115	472	509
470	106	469	531
475	108	479	510
462	111	502	548
471	99	563	584
471	87	573	572
460	89	519	527
472	81	512	554
473	83	515	542
474	88	525	498
468	84	514	508
466	88	511	502
464	91	510	498
465	93	508	487
444	103	525	479
436	108	528	471
442	103	517	473
420	118	534	457
417	121	535	454
397	113	557	457
394	114	550	442
385	111	550	451
377	134	541	425
367	127	545	423
357	139	544	403
353	172	545	370
384	238	517	313
444	272	456	280
455	289	447	268
469	292	426	270
469	291	420	272
475	282	418	276
492	303	398	265
508	310	387	269
524	313	385	291
532	335	363	263
551	349	354	255
564	363	350	260
574	371	336	250
589	378	332	250
606	382	321	235
602	384	327	231
601	389	325	226
607	390	327	225
612	389	314	225
634	384	307	223
622	385	328	248
621	376	319	230
623	377	317	226
623	377	326	215
636	375	312	212
631	375	313	202
621	374	324	199
614	369	326	201
612	369	321	191
612	368	329	182
606	362	324	181
611	358	344	198
606	351	331	189
608	345	348	203
605	340	330	199
606	338	354	203
608	340	348	206
618	339	323	201
631	338	331	211
627	333	306	205
632	333	312	206
610	326	323	212
633	326	313	212
613	329	323	215
606	329	317	219
616	333	311	227
610	338	321	222
629	342	294	216
643	350	292	210
610	353	304	199
639	365	292	191
657	363	266	191
680	368	257	187
693	353	252	196
632	354	290	182
631	356	296	175
633	351	295	176
635	347	292	176
636	345	294	178
620	342	307	181
474	75	198	261
509	51	137	278
522	47	135	278
536	42	106	272
530	40	99	282
543	39	86	274
534	40	106	273
513	41	131	290
518	38	141	298
524	40	147	296
540	41	135	285
518	42	171	300
530	40	169	296
517	47	184	307
520	57	182	304
687	329	239	241
704	348	247	224
704	346	262	225
709	346	249	229
713	345	252	235
721	345	238	232
720	343	245	231
728	343	237	230
733	342	233	230
734	342	237	228
735	342	235	231
734	343	241	235
735	342	241	234
736	341	238	238
741	344	238	239
703	343	272	241
713	345	263	237
708	348	270	247
708	343	270	238
707	344	270	252
703	344	267	241
699	352	260	231
695	343	269	243
694	341	255	238
693	343	250	233
692	338	243	237
684	330	248	241
685	327	246	245
684	330	235	231
691	324	232	236
678	327	237	225
698	342	238	211
695	332	215	207
700	355	247	190
714	350	233	197
701	330	224	202
700	346	263	198
699	350	264	205
700	346	236	184
680	347	269	183
660	318	296	224
604	314	376	243
580	302	423	262
500	232	461	308
443	75	479	436
445	61	489	474
443	55	489	483
443	59	494	490
441	73	503	486
440	71	488	479
441	83	513	483
443	83	512	472
442	81	510	470
442	89	492	467
441	104	487	448
443	107	476	444
446	115	513	461
450	120	488	437
437	127	505	444
449	133	492	439
452	156	578	468
434	155	489	433
457	164	602	516
435	166	512	487
433	192	620	515
451	190	587	520
434	194	534	504
440	201	496	494
437	200	592	510
444	207	568	505
444	212	579	498
435	216	539	497
437	218	678	495
432	196	491	501
446	216	587	498
445	215	569	495
442	215	473	492
443	213	554	502
442	209	478	500
454	221	600	495
460	215	477	482
463	216	575	499
465	218	488	494
469	224	560	490
469	227	466	481
476	239	555	481
481	240	491	470
477	244	571	474
481	249	454	467
493	258	549	458
489	265	453	449
487	276	450	440
491	281	527	433
498	277	445	441
498	304	433	411
499	315	501	401
506	324	505	395
506	329	496	389
507	334	443	382
510	335	460	376
514	333	448	376
511	338	461	377
516	338	461	377
520	339	470	378
520	342	451	375
518	342	456	376
518	341	471	374
521	342	462	374
520	341	461	374
519	340	461	378
519	338	461	377
521	335	478	385
520	334	479	389
518	327	503	390
514	321	522	397
514	318	526	403
512	313	533	411
509	315	465	396
512	305	476	413
515	300	484	421
516	301	501	420
515	294	517	425
514	295	526	425
504	288	476	431
507	287	483	429
506	288	492	429
503	281	467	431
501	276	487	437
494	269	477	440
490	274	481	437
488	270	506	444
483	279	487	434
484	268	483	437
485	284	480	430
478	283	481	425
482	286	481	426
474	292	484	418
477	284	485	422
476	274	499	438
471	275	495	432
468	280	502	432
464	271	507	439
467	278	508	431
462	269	502	438
471	258	508	455
462	261	492	444
474	257	485	450
465	255	504	455
467	251	476	456
466	251	473	450
464	251	479	452
464	246	481	455
461	243	482	463
465	240	485	466
461	236	479	467
466	236	479	473
460	234	481	474
469	235	468	475
457	234	491	482
451	232	484	481
458	231	465	478
458	232	487	481
448	231	485	483
460	230	469	481
446	232	484	483
456	232	477	483
446	235	480	480
445	237	489	478
449	239	482	475
446	242	483	474
438	242	496	472
442	246	493	468
430	249	503	465
430	250	499	464
429	263	502	448
424	263	505	444
426	270	510	443
420	275	518	428
418	274	523	426
420	279	528	429
415	280	534	421
416	280	533	419
418	281	535	423
417	283	541	415
409	287	548	417
409	289	554	417
407	290	553	404
399	293	569	405
404	290	558	419
404	277	556	433
405	269	546	434
399	256	544	451
404	247	546	457
405	241	545	461
401	243	560	466
401	247	474	392
411	276	501	378
407	286	599	404
400	299	462	370
410	336	540	364
406	314	559	354
410	357	566	308
411	356	535	278
416	358	552	346
423	343	554	308
422	345	542	309
423	343	602	311
421	337	562	305
421	338	589	310
420	335	548	290
425	337	602	347
420	335	554	307
425	337	618	345
417	329	571	319
416	328	545	299
417	332	641	358
417	324	591	346
409	319	550	308
415	324	649	374
414	313	628	361
407	312	547	308
410	314	632	340
415	311	568	324
412	313	580	358
408	311	563	319
411	317	608	340
407	315	550	321
409	317	636	370
400	315	602	343
406	310	561	329
406	307	597	338
406	308	578	334
405	302	570	338
411	299	578	352
417	294	560	337
412	294	572	335
415	287	609	391
422	279	570	358
410	277	605	385
414	267	579	361
410	271	608	353
407	273	605	385
408	266	588	368
405	270	630	415
404	263	588	375
400	269	629	420
