151	68	442	260
152	86	431	228
149	83	436	230
149	84	435	229
150	84	435	229
151	85	434	231
150	84	435	231
147	85	437	232
145	85	439	233
146	84	439	234
145	85	440	233
144	85	440	235
142	85	442	235
143	86	441	235
143	85	440	235
142	86	441	236
141	86	442	236
142	86	442	239
141	87	442	236
141	88	442	237
141	88	443	239
142	90	442	235
140	91	445	237
140	91	444	235
140	92	444	236
138	92	447	237
137	92	448	237
136	93	449	239
133	94	452	237
132	94	453	240
134	95	451	240
136	95	451	241
138	97	448	235
140	98	447	238
140	99	446	233
142	99	445	237
142	100	444	234
144	101	443	236
141	100	445	236
145	102	442	238
147	101	439	238
144	104	440	234
144	103	441	242
146	102	441	238
146	106	439	238
145	104	442	238
147	106	440	236
144	106	443	238
146	106	441	238
143	108	443	236
143	107	444	245
144	109	444	238
142	107	446	240
142	110	447	241
142	110	446	238
139	109	450	243
140	110	449	242
141	112	449	241
135	112	454	240
138	112	453	246
141	113	449	241
138	112	452	241
145	112	446	248
141	113	450	242
146	113	446	247
145	113	446	245
145	114	446	245
147	115	445	245
146	116	445	247
148	117	445	247
146	117	446	249
147	117	446	247
143	117	450	250
143	119	451	247
140	120	455	247
141	121	455	247
140	122	455	245
139	123	456	249
137	123	459	248
135	123	462	251
138	124	459	251
139	122	458	253
139	124	459	253
141	123	458	253
146	127	453	253
146	125	453	251
147	126	453	255
148	127	450	253
150	126	452	258
153	128	448	253
154	131	446	255
157	130	444	253
159	133	442	252
160	131	442	256
158	133	444	258
159	133	443	253
158	135	445	255
160	136	443	253
160	138	445	253
160	138	447	254
161	136	445	259
161	139	446	259
161	139	446	259
161	140	447	261
163	141	445	261
166	141	443	261
171	141	439	263
177	142	434	263
182	144	431	264
187	147	425	260
181	152	433	258
187	153	430	258
190	154	427	255
189	155	429	254
196	155	425	257
196	155	427	259
198	159	429	257
201	161	424	255
201	163	427	254
200	166	429	254
200	165	429	257
199	165	432	259
197	165	440	259
195	166	440	261
192	169	445	256
191	169	446	258
187	169	452	260
186	171	451	258
185	170	450	258
184	171	453	261
183	173	450	259
180	173	459	260
179	174	460	260
177	175	463	263
178	177	461	258
172	177	467	258
174	180	468	256
169	180	474	256
165	182	482	256
165	184	480	255
162	186	485	252
162	187	486	250
162	187	486	251
160	188	490	255
155	190	496	255
152	193	497	254
156	194	494	251
156	194	496	252
157	195	496	252
158	197	496	250
163	199	491	251
163	198	493	252
167	201	493	249
170	202	491	251
174	202	489	251
177	204	488	250
178	207	490	248
178	206	491	250
182	210	489	246
180	210	491	247
179	212	493	247
178	214	494	246
182	215	490	245
187	216	486	248
196	215	480	248
194	217	479	248
200	218	478	249
203	218	477	249
209	217	470	251
211	217	468	252
214	219	467	251
214	219	468	253
215	219	471	253
212	219	474	255
216	219	471	256
215	220	473	255
213	220	478	258
215	220	477	257
216	221	477	258
218	220	474	260
218	221	476	261
216	219	479	263
219	222	478	261
217	220	482	264
219	223	480	263
216	221	484	267
219	222	482	266
214	224	490	266
216	226	491	264
216	226	492	267
215	227	493	266
213	228	496	266
209	229	501	265
210	230	499	267
206	231	504	267
205	232	505	269
203	233	510	267
204	234	510	266
200	236	515	265
200	237	516	267
197	238	520	266
197	239	519	265
199	241	522	264
197	242	528	266
197	244	538	267
196	246	534	261
199	248	535	264
206	249	526	257
211	251	524	257
216	253	522	253
216	256	528	256
224	254	508	253
225	257	529	257
228	257	510	254
230	258	505	254
234	259	519	257
236	259	502	253
236	259	515	259
238	258	507	259
237	260	510	263
236	259	508	261
239	258	502	261
239	257	503	259
238	258	522	264
239	259	505	266
237	260	519	267
236	260	513	263
238	261	509	259
240	261	515	265
241	261	507	264
242	262	521	266
243	262	512	268
243	261	505	266
250	262	511	269
246	260	510	274
254	264	503	267
257	262	514	274
263	261	500	270
266	262	498	287
266	261	502	279
273	261	495	280
273	261	498	282
276	262	499	278
275	263	496	280
277	263	498	284
281	263	497	279
276	263	504	280
278	265	500	281
276	265	501	284
279	268	503	295
282	267	500	292
281	269	503	288
280	269	503	284
279	271	505	282
279	272	506	282
279	274	504	277
278	274	511	277
277	276	512	276
276	277	520	280
275	277	511	276
274	278	518	279
273	280	514	272
272	281	526	274
269	282	523	269
271	282	525	269
269	283	527	274
268	285	533	274
267	287	534	274
267	290	540	279
271	289	534	282
273	289	536	285
274	291	536	282
278	291	532	281
282	292	528	282
286	292	526	283
292	293	523	282
293	294	531	286
297	295	525	284
303	296	518	282
309	297	516	282
310	298	519	282
311	299	523	281
313	299	521	281
312	299	526	280
315	298	523	282
315	298	521	280
316	298	525	282
312	299	530	281
311	299	531	282
311	299	531	284
311	300	533	285
312	300	531	288
315	298	526	287
313	299	532	285
318	298	526	286
319	298	524	286
320	297	527	295
326	298	526	291
327	297	530	298
331	296	533	299
330	298	547	310
335	299	577	312
340	297	564	310
339	296	567	326
338	298	617	325
356	298	560	315
349	299	590	318
351	299	600	327
352	300	593	326
352	299	588	322
