1228	341	82	69
1225	348	75	61
1217	356	75	58
1198	366	86	57
1197	380	76	55
1189	394	78	51
1184	401	79	50
1176	415	82	43
1166	429	84	39
1160	439	90	41
1160	441	95	56
1152	447	130	58
1139	450	147	57
1134	457	156	53
1128	458	164	58
1129	455	173	60
1122	459	158	68
1124	466	171	63
1124	461	192	70
1119	449	216	88
1120	447	231	99
1117	447	245	103
1121	446	237	106
1122	446	258	112
1092	444	246	115
1094	442	223	127
1113	450	229	124
1087	445	239	135
1066	447	267	139
1112	432	311	140
1304	408	234	142
1328	408	189	124
1339	404	152	122
1356	408	133	119
1349	437	124	91
1356	457	108	68
1339	461	99	62
1336	458	107	66
1329	458	114	66
1314	458	131	66
1296	459	146	65
1276	467	127	62
1255	475	90	58
1255	484	77	44
1247	485	77	44
1230	486	80	45
1208	490	79	43
1202	490	78	45
1189	492	78	44
1174	493	78	43
1169	496	73	43
1155	498	72	41
1149	499	70	43
1136	499	78	43
1123	462	65	76
1111	469	65	76
1136	435	67	52
1138	430	74	44
1146	418	80	50
1147	413	79	60
1155	405	73	46
1162	395	67	51
1176	391	61	54
1191	378	49	69
1199	371	43	63
1198	370	44	71
1209	356	34	65
1210	348	32	71
1210	339	31	76
1208	335	33	78
1198	328	46	79
1185	321	62	80
1174	318	75	80
1170	316	79	82
1146	313	110	79
1135	312	121	76
1123	314	138	71
1119	314	143	71
1090	316	159	70
1082	317	160	72
1068	318	162	76
1056	319	157	80
1039	320	147	84
1028	325	136	80
1019	329	133	77
1011	337	121	80
995	339	124	92
980	344	124	101
977	346	124	103
966	352	122	108
950	356	121	117
940	362	122	120
931	366	119	126
926	370	114	126
910	379	113	134
901	389	108	132
893	399	104	130
891	407	100	126
883	427	91	118
876	438	89	112
870	455	80	101
867	462	77	97
821	484	103	87
822	499	106	121
823	500	107	126
823	495	108	130
851	529	91	104
864	540	72	92
875	545	66	83
871	542	74	84
877	547	95	89
876	538	103	98
876	544	113	95
878	542	119	99
877	530	141	115
875	524	151	121
874	510	160	131
875	504	163	134
884	480	178	146
883	472	183	155
892	455	187	160
927	442	149	158
952	410	145	175
954	401	149	179
958	386	159	184
959	377	161	186
967	337	176	200
972	324	180	203
973	310	187	203
979	295	188	205
1020	234	172	218
1108	128	229	189
1121	112	232	167
1117	118	221	165
1110	102	190	161
1106	96	157	186
1091	93	145	224
1084	94	144	239
1080	107	132	243
1072	123	126	241
1084	139	109	223
1085	146	105	217
1089	156	90	204
1090	159	82	196
1091	164	78	190
1090	171	75	182
1091	181	68	172
1090	189	62	165
1086	191	65	161
1090	200	55	150
1083	211	56	140
1077	212	60	137
1075	216	62	132
1074	235	66	113
1063	248	78	104
1053	250	87	104
1047	253	93	101
1038	251	98	103
1023	261	108	93
1014	269	113	82
1011	268	115	82
1000	265	119	76
988	256	121	68
977	254	118	63
972	253	115	59
961	253	110	56
952	239	93	61
942	242	82	63
939	239	76	64
933	239	66	65
924	233	57	67
916	233	52	71
910	240	49	70
897	255	43	71
883	280	53	68
877	290	57	67
867	306	62	68
862	315	65	70
843	348	74	76
841	355	74	79
839	370	72	83
842	378	68	87
843	406	65	88
838	426	69	88
837	438	71	86
832	461	77	81
824	490	90	79
820	501	95	78
814	515	95	77
877	539	110	98
858	540	124	107
833	536	149	118
810	520	173	154
810	518	183	164
809	525	184	170
802	530	191	175
779	533	214	175
739	533	240	146
715	542	249	152
695	544	260	162
665	542	280	164
600	536	243	114
588	543	245	97
551	538	261	95
527	535	267	98
452	525	287	104
425	521	294	109
374	514	313	115
344	506	317	124
301	492	307	129
295	470	276	137
296	467	252	128
295	473	213	114
289	490	139	133
294	497	105	138
291	507	59	190
297	506	55	186
302	566	87	129
311	552	125	93
329	548	135	82
339	541	152	88
284	631	100	122
298	639	84	114
298	633	101	112
299	620	115	117
303	628	131	94
310	626	132	88
324	621	133	81
330	617	134	75
341	619	146	67
351	619	154	65
357	618	155	65
367	618	163	64
388	616	165	64
393	616	167	66
409	615	168	67
414	615	168	68
446	613	166	71
451	613	168	73
469	611	164	75
474	610	166	77
498	608	163	80
512	606	161	83
520	607	160	83
537	607	156	84
561	605	150	85
569	606	148	87
583	606	143	87
598	608	180	92
617	610	154	103
629	612	132	109
634	613	121	113
640	617	118	117
643	624	124	121
642	624	126	124
646	626	126	126
647	626	127	127
649	626	128	130
648	625	131	134
650	622	132	135
658	621	132	133
684	614	135	132
686	614	134	128
693	469	174	128
698	469	197	117
716	460	184	125
730	443	175	132
730	435	174	147
737	428	162	162
742	421	151	180
744	416	151	191
745	414	154	206
696	422	205	221
668	405	253	231
666	415	259	226
662	422	259	225
661	424	260	221
679	424	255	216
695	427	244	208
703	429	237	205
716	428	229	206
736	428	218	204
741	427	210	200
745	427	204	194
758	423	197	196
780	407	172	204
788	394	158	181
796	377	149	175
795	376	146	177
782	365	147	183
784	362	145	186
779	358	153	190
778	356	157	195
701	355	219	202
691	352	242	207
715	354	230	205
744	352	208	202
737	360	211	194
730	358	220	188
727	361	226	178
723	364	231	174
730	359	231	176
732	358	235	173
729	359	243	171
728	357	246	171
730	351	244	170
734	346	251	170
740	355	238	154
742	356	233	147
748	351	219	136
752	348	215	130
754	381	195	94
759	388	174	78
773	390	153	69
781	404	141	56
783	403	130	54
783	400	125	58
771	385	119	74
768	384	114	77
762	385	110	80
760	386	106	80
750	382	94	87
747	380	77	91
743	374	60	98
742	373	52	100
730	369	45	100
723	367	51	99
714	363	60	97
709	364	67	92
695	360	85	83
690	359	92	80
686	358	101	74
685	362	106	66
690	358	113	55
692	357	116	51
699	353	118	51
704	351	118	51
730	342	114	56
737	341	114	55
751	337	116	56
769	333	122	58
790	329	129	92
795	324	121	100
801	319	122	101
797	316	138	98
835	308	127	75
843	310	125	66
872	306	118	61
890	303	121	58
913	300	135	58
922	297	155	60
931	292	157	64
943	293	145	64
982	293	130	62
984	288	151	64
987	277	157	74
988	277	163	76
992	267	173	82
995	269	175	80
997	268	176	81
1002	269	176	79
1009	263	177	82
1014	266	175	78
1020	267	175	74
1025	267	174	71
1033	259	171	76
1037	257	169	76
1042	254	168	78
1067	248	152	77
1056	244	168	79
1056	247	170	76
1110	242	138	73
1131	255	121	57
1138	255	120	53
1143	254	121	52
1153	249	120	55
1160	246	118	55
1167	243	116	56
1174	242	110	55
1177	246	107	51
1184	251	104	45
1195	243	103	44
1199	249	102	37
1206	244	101	37
1211	243	100	36
1220	233	100	42
1226	236	100	39
1234	235	100	38
1241	235	99	37
1253	230	98	39
1258	230	98	38
1263	229	98	38
1272	228	98	37
1289	226	98	37
1302	224	98	37
1307	224	100	37
1319	223	101	38
1338	219	105	40
1350	215	106	43
1352	218	103	41
1363	216	105	42
1384	214	105	40
1397	213	104	39
1404	215	103	39
1417	230	113	38
1433	244	104	36
1441	249	99	35
1449	255	96	34
1453	261	94	34
1468	261	89	35
1473	260	89	35
1483	260	88	36
1487	261	87	36
1499	260	89	39
1506	261	85	38
1512	254	87	42
1512	248	91	48
1512	248	90	50
