486	259	23	39
485	258	25	37
485	259	24	36
485	258	24	37
485	258	24	37
484	259	24	36
484	259	24	36
485	259	24	37
485	259	24	36
484	259	25	36
483	260	25	36
484	259	25	37
484	259	25	37
483	259	25	37
483	259	25	37
483	259	25	37
482	260	26	37
482	259	26	38
483	259	25	37
527	256	31	44
482	261	24	36
527	258	32	42
483	262	23	35
527	257	31	43
528	258	31	44
482	262	24	36
483	263	23	35
527	258	32	44
482	262	23	35
481	263	23	35
481	263	23	35
480	262	23	36
480	262	23	36
480	261	23	36
479	262	22	35
479	262	23	36
479	262	22	36
479	262	22	36
478	262	24	36
479	262	23	36
478	262	22	36
478	262	23	36
524	257	31	46
478	263	23	35
477	263	73	40
477	263	24	36
478	264	74	40
476	264	25	35
524	259	32	44
476	265	24	36
521	258	33	44
475	263	25	37
522	257	32	45
475	264	25	38
476	264	24	37
475	264	25	37
475	264	24	37
476	265	24	37
476	265	24	36
476	265	24	36
475	266	24	36
475	266	24	36
475	267	24	35
475	268	40	35
474	268	25	35
474	267	24	35
474	266	24	35
474	267	23	35
474	268	23	34
474	267	22	35
474	267	22	35
473	266	22	35
473	267	22	34
472	267	22	34
473	268	21	34
472	267	20	35
471	266	21	36
471	266	21	36
470	267	21	35
469	266	22	36
469	265	22	36
469	266	22	35
469	267	22	35
469	266	22	35
469	267	23	35
468	268	23	34
468	268	23	34
467	267	24	34
467	267	24	35
467	266	28	35
465	266	26	36
466	266	25	36
466	266	25	36
466	266	28	36
466	266	25	36
464	266	31	36
465	267	25	36
465	266	25	37
466	267	76	40
512	258	39	49
510	259	39	48
462	266	82	42
510	259	39	47
510	260	39	47
510	259	39	48
510	259	40	47
462	266	44	38
462	268	27	36
506	261	41	45
509	260	40	47
508	261	41	46
509	261	40	46
462	269	85	40
508	259	40	47
460	268	27	34
460	269	27	34
460	269	26	34
488	265	54	42
459	269	26	34
459	269	25	34
506	261	32	46
458	269	23	35
458	269	23	35
459	269	23	35
458	268	24	36
458	269	24	34
458	268	23	35
458	270	24	34
457	269	25	34
504	262	32	45
484	267	56	41
456	270	25	34
457	270	25	34
504	263	33	44
455	271	26	34
456	272	26	33
463	272	71	35
455	272	27	33
502	263	35	44
454	273	28	33
454	272	28	34
453	273	29	34
454	273	45	34
452	273	29	34
452	273	32	34
452	273	30	33
451	273	29	33
452	272	29	34
451	272	28	34
451	273	27	34
451	273	28	34
450	273	26	34
451	274	25	34
450	274	26	33
449	273	26	34
449	273	25	33
449	273	25	34
448	273	25	34
448	273	25	33
447	274	26	33
447	274	25	33
447	274	26	33
446	274	26	33
447	274	27	33
446	274	27	33
445	275	27	32
445	275	27	32
443	275	29	32
443	274	30	32
444	275	28	33
443	274	29	33
442	274	30	34
442	275	30	34
442	275	30	34
441	274	31	35
441	274	32	34
440	275	32	34
440	275	33	34
440	275	32	34
440	275	32	34
440	275	40	35
440	274	89	39
493	267	36	45
439	275	32	34
440	274	31	34
440	275	30	34
439	275	30	34
492	268	36	44
438	275	29	35
439	275	27	35
438	275	26	35
438	274	26	34
438	275	25	35
437	274	25	34
437	275	24	35
437	274	24	35
435	274	25	35
436	275	24	34
436	275	23	36
435	274	24	35
435	274	24	35
435	273	26	36
434	274	26	36
434	275	25	35
434	274	26	36
433	274	26	36
433	274	27	37
433	274	26	37
434	274	26	37
432	275	27	37
432	274	27	38
432	275	27	38
432	275	27	38
432	275	27	38
431	276	35	38
436	275	84	40
431	275	28	38
430	275	28	39
430	276	28	39
482	268	37	47
431	276	27	39
429	275	27	39
429	276	73	39
427	276	29	38
428	275	27	39
428	275	27	38
427	276	27	37
427	275	27	38
428	275	26	38
427	276	26	37
426	274	25	39
425	274	24	39
425	275	25	39
425	274	24	39
425	275	24	38
424	275	24	39
425	276	24	38
425	275	24	38
423	274	25	39
423	275	26	38
424	276	25	38
424	275	26	38
423	276	26	38
423	276	26	38
422	275	27	38
423	276	26	37
421	276	27	38
421	277	27	37
421	276	27	38
420	276	28	38
421	276	28	39
420	276	28	38
420	276	28	38
419	277	28	38
419	276	28	39
418	276	29	39
418	275	30	40
418	275	29	39
418	277	81	41
416	276	30	38
418	276	28	39
417	277	29	39
416	277	30	38
416	277	29	39
416	276	28	39
416	277	28	38
416	277	28	38
416	278	28	38
416	278	27	37
415	278	26	37
414	277	26	38
414	278	26	37
414	277	25	38
414	277	25	37
414	277	24	38
413	277	25	37
413	277	24	38
412	278	24	37
412	277	23	37
412	277	23	38
412	277	23	38
411	278	24	37
412	278	23	37
411	278	23	37
411	278	23	38
411	277	23	39
411	279	24	38
409	278	25	38
410	278	25	39
409	279	26	38
410	279	25	38
408	279	26	39
409	279	26	39
408	279	26	39
408	279	26	39
408	279	26	39
409	279	26	39
407	280	27	39
407	279	27	39
407	278	27	40
408	279	26	39
408	279	27	40
407	279	28	40
407	280	28	39
406	279	28	39
406	280	28	38
405	280	29	39
405	281	29	38
405	281	30	38
404	281	30	38
403	282	76	38
403	281	31	37
404	281	29	37
403	281	29	37
403	280	30	38
403	281	29	37
402	281	29	38
403	281	29	37
402	281	29	37
402	282	29	37
403	281	29	37
401	281	30	37
402	281	28	37
401	281	28	37
400	282	28	36
400	282	27	37
400	282	26	36
400	281	26	37
399	282	27	36
399	282	26	37
398	281	27	37
398	282	26	36
398	282	26	36
398	282	27	36
398	282	27	36
397	282	28	36
396	282	28	36
397	282	27	36
395	281	29	37
396	281	28	37
394	280	29	37
395	281	29	37
394	281	30	38
394	281	30	37
393	282	30	37
393	282	30	38
393	282	30	39
392	281	31	40
391	281	31	40
392	281	31	40
391	281	32	40
391	280	31	40
391	281	32	40
390	281	31	40
391	282	31	39
390	282	31	39
389	282	31	40
389	281	31	40
389	281	31	40
388	281	31	40
388	281	30	40
388	281	30	40
388	281	30	40
387	281	29	41
387	280	28	40
386	280	28	41
386	280	28	40
385	280	28	41
385	280	27	41
385	280	27	40
385	280	27	41
385	280	27	40
384	280	27	41
384	281	27	41
384	280	27	41
384	280	27	41
383	281	27	40
383	281	27	40
383	281	28	39
383	281	28	40
383	281	28	40
382	281	28	40
382	282	28	40
382	282	28	41
382	282	28	40
382	281	28	40
381	282	29	40
381	282	29	41
380	282	29	41
381	282	28	41
379	282	29	41
379	282	29	41
380	282	29	41
378	282	30	41
379	282	29	42
378	282	30	42
378	283	29	41
378	283	28	41
378	283	28	41
377	282	28	41
378	282	28	41
377	282	28	41
377	283	27	41
377	283	27	41
376	283	28	41
376	283	27	41
376	283	27	41
376	283	25	41
375	283	25	41
376	283	25	41
375	282	25	41
375	283	24	41
375	283	25	41
375	282	25	41
374	282	25	41
373	283	26	41
373	283	26	41
373	283	26	41
373	283	26	40
373	283	26	40
372	284	27	40
372	284	27	40
371	283	28	40
371	283	28	41
371	284	28	41
371	284	28	40
371	284	28	40
371	284	28	40
369	283	30	40
369	284	29	40
369	284	30	40
369	284	29	40
368	283	30	41
367	284	31	41
368	284	30	41
367	283	31	42
368	284	30	41
367	284	31	42
367	284	31	42
367	283	31	42
366	284	31	42
366	284	31	42
365	284	31	42
364	284	31	41
365	284	30	41
364	285	31	41
364	284	31	41
363	285	31	41
364	284	30	41
362	284	31	41
363	284	30	42
362	284	30	42
362	285	30	41
362	284	30	42
361	286	30	41
361	285	29	41
360	285	30	41
360	285	30	41
360	285	29	41
360	285	29	40
360	286	28	40
359	285	28	40
359	285	27	40
358	286	27	39
357	286	28	39
414	280	25	45
413	280	25	46
365	285	55	41
356	286	30	40
357	286	29	40
361	287	48	39
356	288	29	39
356	288	30	39
356	288	30	39
355	288	31	39
355	288	31	40
355	288	30	40
354	289	32	39
354	289	31	39
354	289	33	39
353	289	33	40
352	288	34	39
353	289	33	39
352	289	33	39
352	289	33	39
352	290	34	38
351	288	34	39
352	289	33	38
351	289	32	38
351	289	32	38
351	290	31	38
351	290	31	37
350	290	30	38
350	290	30	37
349	290	29	37
349	290	28	37
348	290	28	37
349	290	28	38
348	290	28	38
348	290	28	38
347	290	29	38
348	290	28	38
347	290	29	38
403	283	27	45
402	283	28	45
345	288	31	39
345	289	30	38
402	282	26	46
344	288	32	39
344	288	31	40
343	288	31	40
343	288	31	41
342	288	32	40
342	287	32	40
343	288	32	41
342	288	33	41
341	288	33	40
341	288	33	41
341	288	33	40
341	288	32	41
340	288	33	40
340	288	32	41
340	288	32	41
339	287	32	41
339	288	32	41
339	288	31	41
339	287	31	41
338	287	31	42
338	287	29	41
338	287	29	42
337	287	30	42
337	287	29	42
337	288	36	41
336	287	28	42
395	283	25	47
335	287	29	42
336	286	29	41
336	288	29	40
335	288	32	41
335	288	31	41
392	285	26	47
392	283	47	49
428	283	24	51
427	282	25	52
406	283	46	51
391	283	47	49
426	281	25	54
390	284	28	47
391	283	27	47
390	284	27	47
390	284	31	48
346	286	71	44
389	284	61	50
388	283	28	47
388	283	37	48
388	285	39	49
388	285	64	50
329	287	60	45
329	286	33	44
329	288	33	42
354	286	60	45
331	286	73	47
324	287	37	45
328	288	32	43
384	283	26	48
328	287	56	43
351	285	57	47
385	282	25	50
326	288	62	44
401	281	46	54
421	282	25	53
420	284	25	51
422	282	24	52
421	283	23	52
421	284	22	51
421	283	23	51
420	284	22	51
420	284	22	51
420	284	22	51
420	284	22	51
419	284	24	51
419	285	24	50
418	284	25	51
417	285	25	50
417	285	25	50
417	284	26	51
417	283	26	51
416	285	26	50
415	284	27	51
415	285	28	50
415	284	28	50
414	284	28	50
412	285	30	50
377	283	32	49
376	283	33	49
376	283	32	50
376	282	32	50
376	284	31	49
375	283	31	49
375	283	32	49
374	283	33	49
374	283	33	49
375	283	32	49
374	283	32	50
374	283	32	50
372	283	33	49
372	283	33	49
372	283	33	49
372	283	32	49
372	283	32	49
371	282	32	50
371	283	32	50
371	282	31	50
370	282	31	50
370	282	31	49
370	283	30	49
370	283	30	49
371	283	28	49
370	284	34	50
406	283	31	52
324	286	94	49
404	284	36	52
388	283	46	53
369	284	40	50
404	284	35	51
405	285	34	51
405	284	34	51
404	284	34	51
403	284	34	50
402	284	35	51
403	285	33	50
398	284	38	52
402	284	33	51
401	285	34	50
401	284	33	51
401	285	32	50
400	285	32	50
400	283	31	51
399	284	31	51
399	284	31	51
399	284	31	51
368	284	61	51
399	282	31	53
399	284	29	52
399	283	29	52
397	284	30	52
398	284	28	51
398	283	28	52
398	283	27	52
397	283	27	52
363	285	29	49
362	285	29	49
362	285	29	49
362	285	29	49
362	284	29	49
371	285	40	50
361	284	30	50
359	285	30	49
360	285	30	49
359	285	29	49
359	285	50	51
359	284	30	50
382	283	38	53
358	285	27	49
394	282	27	54
359	285	27	49
393	281	27	55
363	284	58	52
392	282	27	55
392	283	27	53
391	282	28	53
392	283	27	53
355	286	63	51
389	282	31	54
367	284	52	53
392	282	27	54
366	284	53	52
391	282	26	55
390	282	29	54
391	283	28	54
353	284	63	53
352	283	28	52
353	284	25	50
352	284	25	51
