151	13	262	267
145	1	298	284
149	2	294	286
142	0	296	293
150	2	293	290
135	0	290	308
135	1	278	300
135	1	290	301
130	0	283	306
129	4	281	304
126	0	296	307
127	2	286	310
129	2	283	312
128	3	287	320
133	0	282	321
128	4	276	333
122	0	319	342
129	1	276	337
126	0	303	324
126	0	279	331
123	0	277	341
119	0	303	328
122	0	268	341
124	0	272	340
118	0	277	347
126	0	264	341
120	0	263	346
131	0	246	339
123	0	252	342
128	0	245	347
133	0	236	339
129	0	239	348
136	0	232	345
131	0	235	345
137	0	225	352
142	0	219	350
145	0	220	350
146	0	216	351
148	0	216	352
147	0	218	351
149	0	207	352
150	0	206	354
149	0	206	355
153	0	202	350
155	0	197	352
156	0	198	351
159	0	194	351
162	0	193	344
164	0	192	346
167	0	188	342
169	0	184	340
171	0	186	339
174	0	179	333
174	0	183	322
175	0	177	332
180	2	172	309
177	0	176	334
181	1	172	323
180	1	176	326
180	0	179	325
179	0	174	333
177	0	175	323
179	0	174	322
179	0	172	327
180	0	171	312
180	0	167	329
170	0	180	334
174	1	175	308
174	0	171	333
173	0	174	317
172	0	175	309
172	0	178	308
171	0	174	306
171	0	173	308
170	0	178	308
169	0	178	307
162	0	188	308
160	0	190	320
157	0	193	312
151	0	199	317
166	0	182	293
166	0	182	297
162	0	188	308
163	0	187	304
163	0	190	303
159	0	191	305
167	0	181	303
157	0	196	305
171	0	188	296
160	0	196	304
178	0	186	289
176	0	181	292
187	0	174	276
181	0	181	286
178	0	179	291
184	0	177	296
182	0	182	298
163	0	203	301
165	0	203	302
153	2	219	302
149	1	227	307
152	14	228	292
151	2	233	304
144	29	241	279
153	2	236	304
152	19	240	293
146	28	245	281
155	26	237	281
152	15	244	292
151	40	248	271
151	47	256	260
152	47	259	257
150	43	261	262
160	42	255	262
146	40	262	266
142	40	274	266
143	36	276	271
132	33	288	274
154	35	267	270
138	36	277	265
127	32	284	269
138	20	293	281
130	22	292	277
117	36	284	264
140	32	259	272
120	38	272	263
137	45	250	259
126	56	259	246
134	46	241	258
129	9	247	295
125	37	256	266
130	50	238	255
137	21	228	283
136	59	271	248
116	23	283	281
133	36	286	273
119	23	305	285
142	32	275	278
128	23	341	287
134	21	335	292
138	34	328	277
120	52	339	265
125	30	304	286
125	26	288	289
120	0	283	315
128	1	283	318
108	0	299	312
128	28	275	286
126	4	301	307
122	8	289	301
104	15	356	292
124	2	311	308
136	10	308	296
130	16	330	288
129	21	342	282
136	8	338	298
132	30	339	279
129	64	340	241
120	20	353	293
147	68	327	246
121	69	351	249
120	31	353	285
136	89	337	230
120	11	354	310
141	78	335	243
127	14	345	310
142	6	194	319
140	4	332	323
137	2	247	321
138	7	336	321
138	39	341	286
137	20	340	298
136	2	334	320
140	12	335	307
136	29	341	292
144	33	335	293
140	8	338	321
140	6	339	324
140	9	332	323
146	6	331	324
149	7	327	322
141	40	328	294
147	119	332	224
149	65	330	275
140	130	339	203
145	141	332	195
147	124	332	217
143	129	336	207
143	138	336	196
143	138	336	196
147	132	332	200
146	7	261	326
149	133	326	199
151	139	328	188
157	99	322	226
157	131	322	190
165	97	313	223
167	110	284	208
164	1	241	315
171	53	302	264
168	124	311	186
163	123	314	188
163	125	315	186
165	125	312	184
164	125	312	184
164	119	312	190
165	119	310	189
163	121	314	186
162	121	316	186
162	123	316	184
162	127	315	180
162	130	314	180
162	134	315	176
164	133	312	178
165	140	312	175
168	138	309	179
169	144	309	174
172	141	306	180
173	144	305	176
176	138	301	182
182	138	294	174
183	139	295	174
183	131	295	181
182	146	296	165
183	129	294	184
179	154	299	156
181	128	297	183
179	138	296	171
179	135	297	174
177	146	299	165
177	150	301	164
176	152	300	161
173	146	302	167
171	148	306	167
167	145	310	170
166	159	311	161
165	143	310	178
163	152	314	172
163	144	310	176
164	156	315	178
159	144	315	180
159	153	277	161
161	147	314	183
163	152	224	157
160	144	180	160
169	164	310	183
175	150	199	162
173	138	304	215
181	206	296	152
179	35	260	310
189	195	290	162
193	109	284	246
185	216	291	140
193	56	203	276
189	99	281	259
200	72	204	268
195	68	203	279
195	73	154	276
198	79	149	269
192	82	151	263
189	93	147	254
186	99	150	249
185	103	149	244
183	105	150	243
181	107	150	235
176	116	149	226
176	120	147	226
172	125	148	218
170	131	147	209
169	139	150	210
169	149	146	194
171	155	146	190
175	158	144	187
177	163	143	184
180	169	140	184
186	183	138	172
186	191	139	164
187	194	144	162
190	196	154	159
194	203	142	152
201	216	145	138
205	218	146	137
207	220	149	136
209	222	154	133
210	219	167	137
199	190	173	166
198	189	180	166
187	179	168	175
186	179	187	176
187	180	191	176
186	183	195	174
181	183	200	173
185	187	196	169
183	186	201	169
184	186	203	169
188	185	220	172
174	180	249	175
188	177	237	177
189	178	230	177
188	184	237	172
194	184	243	171
196	181	240	175
196	183	249	173
192	180	251	174
201	181	233	175
199	177	242	178
194	176	221	182
195	180	262	177
203	179	256	178
208	180	245	175
206	178	253	179
204	173	262	183
205	166	257	191
211	172	243	186
218	183	245	173
210	167	255	191
211	163	162	195
209	177	156	180
202	174	161	183
206	172	149	184
203	173	153	185
201	169	153	188
205	171	153	187
198	172	151	185
205	175	150	184
198	175	158	181
195	175	184	182
198	177	161	179
191	177	160	180
186	177	172	181
177	177	163	180
160	174	177	181
173	171	171	185
196	176	140	179
180	177	171	179
177	179	162	177
174	177	161	180
183	178	157	178
166	177	171	179
184	181	153	174
169	174	167	182
171	179	163	177
165	179	168	177
176	184	156	172
173	180	158	176
174	181	169	176
166	176	178	180
176	184	170	172
180	178	170	177
172	176	180	180
178	174	183	181
178	173	183	181
168	171	196	183
168	165	197	190
167	165	202	190
170	166	207	189
166	172	200	183
161	177	201	178
163	178	199	178
160	177	206	178
162	178	226	178
140	177	257	178
160	175	270	182
155	175	274	182
151	178	277	176
169	178	290	177
180	180	267	175
188	181	249	176
188	179	271	175
187	177	273	177
197	181	270	174
201	181	271	174
201	182	270	172
208	181	264	173
211	181	231	170
215	180	231	174
216	182	242	169
213	183	258	170
214	185	259	161
216	186	257	164
214	190	262	160
209	193	267	147
216	195	260	139
215	196	256	129
220	199	254	134
227	203	248	134
228	207	248	127
229	211	246	130
229	214	247	126
232	217	245	128
235	225	239	124
234	228	244	125
234	228	244	127
233	230	244	127
232	229	247	128
235	227	242	128
239	228	237	127
238	227	239	129
237	226	241	130
240	223	236	133
236	221	237	134
232	221	235	132
228	219	244	134
226	216	245	133
223	213	253	134
219	207	250	135
216	207	250	138
214	203	253	140
211	202	248	142
207	197	242	143
194	196	251	145
187	192	264	149
190	189	254	146
192	186	261	145
186	186	254	142
170	185	258	140
161	184	276	136
155	179	280	136
160	178	277	137
169	165	254	147
171	172	256	142
172	166	255	154
166	167	253	144
164	165	251	152
163	173	266	141
161	167	268	156
154	170	273	157
161	169	271	163
154	169	271	167
153	167	278	169
155	171	247	172
157	187	261	159
164	191	265	157
169	186	269	165
170	180	266	168
170	171	275	174
169	170	264	174
171	170	232	176
174	188	250	162
175	173	248	178
175	187	236	165
179	184	251	171
181	183	240	168
185	194	253	157
185	167	279	183
182	173	266	141
182	167	281	139
181	166	253	182
176	175	267	154
181	173	265	136
179	168	272	131
177	162	257	167
177	169	185	145
190	210	166	135
179	155	183	185
176	148	191	189
185	191	177	144
196	199	167	138
182	152	185	184
178	137	196	199
177	148	191	189
176	134	198	204
178	137	205	199
177	136	228	200
177	128	222	205
175	124	197	212
184	138	195	195
178	118	200	211
182	128	198	203
178	116	198	214
178	105	203	224
191	145	189	186
175	108	187	178
173	101	205	218
180	113	204	218
195	163	189	176
175	103	210	237
197	165	189	179
174	98	202	213
175	99	208	239
195	165	195	188
186	137	206	215
175	100	180	151
188	132	202	214
185	129	205	219
214	208	180	146
210	194	185	162
211	201	186	156
212	199	184	158
207	179	191	177
216	216	181	138
216	213	186	144
219	212	190	143
220	213	190	143
223	214	195	141
225	216	192	140
226	217	196	139
195	134	222	224
224	220	183	134
226	216	184	140
176	99	231	260
179	99	183	247
219	214	199	145
174	98	249	259
175	100	161	229
225	226	204	129
176	101	234	253
174	97	231	246
175	98	249	247
173	96	236	247
174	94	250	257
172	90	213	252
219	220	188	131
170	85	289	271
173	98	234	248
177	103	264	253
168	88	209	245
171	83	188	257
168	81	189	231
167	78	211	273
168	85	275	261
164	80	264	269
169	81	290	271
164	79	261	270
176	91	296	265
161	82	220	256
211	182	245	174
213	182	260	170
231	225	238	127
251	248	217	107
250	236	220	121
253	230	217	126
233	193	241	162
243	214	232	138
266	245	208	109
261	235	209	120
244	203	229	152
258	236	216	117
271	247	205	109
272	247	202	109
279	248	197	107
277	248	200	108
283	247	194	108
285	247	192	108
287	245	191	109
279	239	197	118
299	243	178	112
275	241	201	114
291	242	187	113
228	183	248	173
294	233	184	118
170	129	294	212
173	126	174	125
172	127	175	132
174	132	167	118
179	120	148	122
180	119	289	238
182	111	170	143
186	121	167	119
183	119	152	122
183	119	162	123
184	121	165	120
182	121	171	119
184	116	177	126
186	112	157	129
185	105	163	136
188	106	188	172
186	106	182	133
188	104	182	134
189	102	183	136
189	96	174	141
189	95	167	141
190	96	172	141
188	93	172	143
188	93	174	144
185	88	179	147
183	88	179	146
179	90	179	144
182	92	177	143
179	92	184	142
180	83	190	152
179	83	185	152
178	86	185	150
177	81	201	155
177	78	184	162
175	75	188	162
175	78	181	160
171	77	200	161
170	78	187	166
171	77	191	159
167	75	183	169
168	74	164	160
164	76	297	266
162	81	202	149
162	66	220	200
168	61	191	168
164	71	173	155
166	77	292	263
165	93	196	134
163	71	166	157
169	59	198	176
167	47	215	188
168	47	216	187
168	49	218	189
167	47	215	190
168	80	186	156
168	86	175	149
170	88	183	150
169	88	178	147
169	88	191	147
169	93	190	142
169	94	192	140
169	93	192	141
169	92	191	141
168	93	188	141
165	93	194	140
164	92	196	140
163	90	198	143
162	89	196	144
161	90	192	143
159	90	192	142
158	85	193	146
158	85	185	147
157	85	190	145
157	85	190	146
156	85	194	143
157	86	196	142
156	84	188	144
157	82	206	146
157	83	206	145
157	85	205	144
156	82	211	146
153	81	207	148
152	79	210	149
151	76	205	154
149	81	231	150
149	81	232	152
148	77	227	157
148	76	210	159
146	77	206	160
147	78	208	159
147	79	211	158
149	72	197	164
149	70	191	169
150	69	182	170
153	76	170	163
156	79	103	158
159	71	135	167
159	69	143	169
159	73	158	164
161	64	148	174
160	70	156	169
160	70	127	167
162	66	142	171
157	66	153	170
156	63	159	173
158	57	158	178
156	57	160	178
157	54	155	180
157	53	158	180
159	51	160	183
157	47	175	185
158	46	173	186
160	41	173	189
161	40	170	191
160	39	172	190
159	35	177	195
160	38	176	192
160	36	181	193
163	31	168	198
168	30	156	199
168	32	169	198
167	31	160	200
169	30	164	201
169	29	159	203
162	33	163	203
163	31	158	206
160	32	165	206
155	37	162	204
155	41	153	201
151	35	156	208
147	28	166	217
140	47	129	198
140	41	141	202
139	47	133	196
136	45	129	197
134	54	109	188
135	24	142	218
133	47	107	194
130	20	138	222
127	33	119	211
126	30	141	213
123	30	147	218
122	33	164	217
119	27	140	221
114	39	130	213
113	34	161	214
109	34	131	215
110	33	141	216
107	43	125	206
101	25	133	223
101	27	138	222
99	27	139	222
98	26	137	223
95	25	148	225
90	24	143	228
90	22	171	231
87	33	135	217
89	33	142	219
87	36	134	217
85	35	133	218
81	34	133	219
71	33	142	219
73	31	138	219
71	30	145	218
65	22	157	222
68	17	155	226
63	9	151	233
64	10	144	230
61	8	142	231
58	8	136	230
57	17	135	221
56	15	134	224
54	18	131	221
53	15	129	225
50	15	128	226
44	15	131	226
42	14	132	228
39	14	131	227
37	11	131	230
34	11	129	231
33	13	129	228
31	11	129	230
27	9	132	230
25	11	133	227
19	7	135	230
15	5	138	231
13	4	138	232
10	3	140	231
9	2	142	231
6	2	142	229
5	0	141	230
6	0	138	229
5	0	137	227
4	0	137	227
4	0	136	226
4	0	137	227
5	0	135	228
7	3	134	229
8	3	135	230
8	4	136	231
12	9	132	227
8	9	136	227
25	4	121	232
12	7	133	228
25	7	125	228
21	10	131	224
27	10	127	224
28	10	130	224
30	14	129	221
41	16	121	218
42	12	124	223
44	15	120	220
45	18	122	217
46	15	120	219
47	13	121	221
47	16	120	218
47	13	119	220
47	10	118	221
45	11	119	218
41	6	116	219
41	5	116	216
40	4	116	218
40	4	115	218
38	4	117	216
40	2	115	216
39	1	117	218
41	0	115	219
42	0	115	218
43	0	114	217
46	0	112	216
46	0	112	215
50	0	108	214
51	0	112	212
55	0	106	212
54	0	106	213
54	0	103	212
54	1	105	211
54	1	106	210
54	2	104	210
58	2	105	214
57	2	102	212
58	3	102	213
58	1	101	214
59	4	102	213
59	3	103	217
63	2	102	218
61	2	103	221
65	2	103	220
65	3	100	227
73	1	93	222
68	3	98	216
72	1	97	219
72	0	98	218
71	0	105	220
74	0	108	222
75	0	105	222
76	1	107	225
76	1	110	223
81	1	105	226
82	3	107	227
85	1	108	231
86	4	110	228
87	2	115	227
91	1	110	229
92	2	115	238
95	5	113	235
98	3	117	237
101	5	116	243
103	0	117	245
109	4	119	242
110	7	121	233
114	5	119	236
115	5	121	242
118	8	120	247
122	4	121	250
122	3	126	251
125	5	127	250
130	6	127	247
134	8	124	245
137	5	124	246
142	5	124	247
141	6	129	245
143	5	127	240
145	4	126	239
146	6	124	232
146	6	127	234
145	5	128	229
142	6	126	226
145	4	127	233
145	7	125	226
146	6	130	225
138	5	135	227
145	4	131	227
140	4	135	225
139	5	138	226
138	5	136	225
140	6	131	223
140	6	131	219
138	6	136	220
138	8	126	218
141	6	131	222
138	9	126	218
143	8	132	222
140	6	143	221
141	6	135	216
147	9	117	217
148	10	127	219
146	13	128	214
148	12	126	211
151	12	123	207
152	13	125	215
156	15	122	210
157	14	126	214
161	15	112	217
162	17	119	212
164	19	123	215
165	18	122	219
165	18	121	222
165	21	119	220
162	16	128	223
163	24	114	217
160	25	131	210
161	25	115	212
162	22	134	214
166	28	105	209
162	26	127	206
165	27	110	209
163	25	128	212
162	33	106	204
156	22	127	214
154	31	118	209
152	28	130	213
148	34	126	206
151	33	124	210
147	35	121	206
160	36	116	205
147	41	130	203
150	44	117	198
156	46	113	198
154	48	115	195
162	50	104	192
150	53	112	192
163	58	100	186
158	62	103	180
169	68	92	182
170	64	90	180
167	69	96	181
166	69	96	173
171	72	93	172
176	76	95	166
169	70	106	173
166	67	114	170
167	69	104	168
176	73	96	158
171	59	136	171
179	65	98	176
174	66	105	164
176	65	99	164
181	66	91	162
