591	492	72	138
612	498	61	133
629	500	57	127
626	504	90	112
624	498	103	115
655	487	68	125
648	488	50	126
623	485	55	133
609	483	52	131
598	482	51	132
589	483	53	134
569	477	56	129
541	482	89	110
537	480	95	107
543	470	77	123
573	464	49	135
589	475	68	128
591	472	80	132
612	472	59	130
621	480	51	132
630	484	52	133
637	479	54	131
631	480	83	120
622	475	96	122
634	463	79	124
632	459	58	128
617	464	58	130
596	466	69	127
591	459	65	134
598	452	50	136
602	448	45	144
590	444	56	137
590	436	48	136
579	436	61	127
577	441	71	125
584	451	74	122
600	452	63	126
624	448	46	126
628	446	55	129
623	449	69	131
615	449	73	132
624	452	54	128
613	458	62	125
602	456	69	121
597	444	71	128
598	440	47	126
592	451	61	128
586	469	67	122
595	467	57	122
595	463	63	120
602	464	60	117
609	457	64	127
612	458	50	125
602	465	69	127
604	469	66	124
593	462	65	128
598	464	58	123
591	465	62	123
592	455	55	129
588	453	55	124
579	455	74	131
598	448	58	132
596	448	54	125
589	454	63	122
591	455	59	124
600	451	55	126
608	455	66	121
603	454	83	129
621	447	65	132
621	445	51	129
613	450	59	125
611	442	57	130
621	437	45	127
616	438	62	131
598	442	81	130
609	437	61	132
605	434	58	127
590	440	72	116
586	440	77	121
589	432	69	127
602	433	47	127
604	441	61	131
597	441	75	132
611	437	63	131
614	438	56	123
611	443	57	132
614	441	61	129
626	442	51	127
626	449	68	124
627	448	71	126
636	439	56	130
625	439	52	125
608	449	63	123
602	448	68	123
608	445	58	124
612	449	57	123
611	457	65	124
603	454	73	125
612	456	56	121
607	465	63	119
608	463	66	125
618	461	53	125
616	465	62	126
624	469	58	127
620	465	58	126
609	472	67	118
601	468	65	124
605	467	44	124
599	470	70	128
616	473	56	130
611	471	55	127
603	477	61	127
607	477	59	128
614	476	65	126
631	468	72	133
639	470	53	130
526	452	55	123
527	446	49	130
543	436	59	119
573	439	65	105
605	444	49	103
618	457	52	90
614	473	94	94
623	476	77	95
647	474	45	109
636	483	44	119
627	485	38	131
606	490	59	127
592	482	52	144
559	481	68	131
538	492	105	90
548	494	103	97
562	479	61	117
585	482	50	128
616	495	43	126
629	499	42	130
644	500	55	127
676	495	42	134
663	492	80	121
645	506	83	108
637	495	64	126
620	490	60	121
588	491	83	117
563	480	53	122
553	470	40	132
536	476	42	129
522	473	65	125
528	491	96	105
561	489	83	119
592	486	45	127
604	497	69	116
627	502	74	122
658	490	52	132
670	496	40	127
675	488	42	134
649	492	72	121
625	496	74	121
614	490	42	130
571	487	74	118
542	490	95	112
523	478	62	120
537	465	43	131
552	479	39	124
554	478	50	125
561	492	79	110
594	497	72	121
626	495	49	128
628	506	89	108
652	507	86	114
675	497	61	130
661	499	50	133
648	501	45	134
629	499	54	128
603	498	64	125
574	491	47	132
530	488	79	120
513	495	96	113
517	487	75	130
555	484	50	130
588	499	51	125
603	498	52	131
624	503	54	126
651	501	58	132
678	504	57	122
667	509	89	104
656	508	91	112
666	499	50	129
628	501	63	127
609	503	58	128
593	496	45	140
571	496	44	132
531	488	62	130
512	495	102	115
529	496	108	118
562	489	63	132
588	493	63	127
606	498	70	127
630	494	56	146
648	495	49	131
665	495	47	136
667	495	67	127
647	503	88	107
650	504	69	116
640	496	49	127
600	502	76	116
570	499	80	122
557	487	47	127
550	485	40	130
530	485	45	131
521	487	80	121
539	502	95	112
574	499	67	132
610	500	56	122
615	505	82	114
637	506	81	120
676	504	44	129
677	501	43	125
677	497	46	129
650	502	67	118
621	505	80	120
610	503	50	126
567	499	78	122
541	506	95	105
525	490	82	120
535	483	46	130
561	492	37	129
568	496	48	130
549	498	97	118
582	503	89	123
629	501	55	132
643	511	80	111
660	511	83	107
689	498	58	122
647	493	74	128
632	497	62	129
625	488	46	133
607	493	57	124
586	492	59	128
541	483	75	128
516	499	107	105
519	489	78	111
533	480	64	124
578	486	55	130
603	495	47	127
608	492	68	138
625	503	64	124
654	502	48	126
649	508	78	107
648	507	80	110
653	504	61	122
622	503	62	122
597	507	51	122
584	500	39	128
566	497	43	127
524	499	62	118
517	504	92	100
532	501	76	118
566	502	44	127
596	506	51	124
619	513	41	126
637	514	51	126
668	511	51	133
666	523	77	109
652	521	82	106
646	517	60	125
626	513	59	124
600	516	63	119
577	509	43	130
557	500	40	130
518	497	56	123
512	506	96	100
539	507	91	114
564	503	43	126
579	511	70	118
607	523	70	120
655	520	38	126
679	513	37	130
699	513	49	128
671	519	89	109
634	519	100	117
638	515	50	128
592	504	72	125
544	501	95	113
520	494	62	121
521	490	42	133
527	493	43	132
526	499	82	136
534	502	109	110
584	506	65	124
620	509	63	122
626	518	104	101
676	508	89	110
706	495	57	125
688	500	46	131
668	505	43	131
637	508	61	125
602	512	69	128
554	509	60	130
507	512	92	105
506	510	92	104
515	504	62	125
567	515	51	125
585	516	60	123
602	514	62	124
649	507	75	135
657	455	100	143
671	408	106	122
710	410	99	168
757	455	55	155
734	520	51	139
693	530	55	128
652	519	56	115
590	520	66	108
521	519	88	101
504	530	103	83
521	516	90	120
574	508	78	129
594	514	86	124
595	530	114	107
636	516	111	117
703	490	58	132
741	476	58	115
731	482	64	103
714	487	47	102
644	494	82	94
581	503	101	85
532	487	81	91
507	460	48	106
511	447	39	108
501	442	44	106
485	434	52	94
468	450	77	92
488	474	73	100
521	485	46	108
558	509	62	94
598	529	87	81
652	515	68	96
669	499	44	119
646	504	47	131
611	519	79	115
582	513	88	114
561	493	48	136
521	463	58	124
519	424	44	117
530	415	39	111
530	425	35	116
518	444	42	115
522	476	70	114
572	496	52	121
625	499	62	122
644	511	106	83
670	494	112	96
686	462	78	105
674	456	45	111
669	447	40	109
658	441	54	104
625	459	52	112
573	463	53	111
540	474	90	94
551	459	56	120
586	451	42	134
603	459	38	130
600	466	43	125
606	485	75	111
657	484	70	121
701	474	63	112
681	493	97	82
670	497	90	107
680	475	44	117
653	485	45	110
633	485	40	112
595	480	54	119
554	488	47	125
509	479	72	114
529	475	74	99
575	470	44	106
606	477	58	101
641	478	58	107
678	474	39	119
698	479	38	127
727	483	52	127
695	489	104	100
680	491	89	107
677	487	69	125
668	492	63	117
610	519	102	87
554	508	110	103
538	481	55	114
554	480	40	123
576	498	42	119
587	508	63	112
601	523	83	107
640	521	56	128
668	506	62	119
684	499	74	102
705	494	44	115
