1	289	89	57
0	287	88	58
1	287	87	58
1	287	87	59
0	287	88	59
0	287	88	59
0	286	89	60
1	286	89	60
0	286	90	60
0	286	91	60
0	286	91	61
1	286	92	61
2	287	92	60
1	287	93	60
1	287	94	60
1	289	94	60
0	288	95	61
1	288	96	61
2	288	97	62
3	288	98	62
2	289	98	63
3	289	99	62
3	288	100	63
3	288	100	63
2	289	101	63
3	288	101	63
4	289	102	63
4	289	102	62
6	289	102	62
7	289	102	62
7	290	102	62
8	290	102	61
10	291	101	61
10	291	101	61
12	291	100	61
13	291	100	61
16	291	99	61
18	291	98	61
20	291	96	61
22	291	95	60
24	291	93	60
26	291	92	60
28	291	91	61
30	291	89	61
31	291	89	61
32	291	88	61
33	291	88	61
34	291	88	60
35	291	88	60
35	291	88	61
35	291	89	60
35	291	89	61
35	291	90	61
35	291	90	61
36	291	91	61
36	291	91	61
35	291	92	61
36	291	92	60
36	291	93	60
36	291	94	61
35	291	94	61
36	291	95	61
36	291	95	61
36	292	96	61
37	292	96	62
38	291	97	62
38	291	97	63
39	291	97	63
39	291	98	63
40	291	97	63
41	291	98	63
42	291	98	63
42	291	97	63
44	291	97	63
44	291	97	63
45	291	97	63
47	291	96	63
48	291	96	63
50	291	95	63
51	291	95	63
53	291	94	63
55	291	93	63
57	291	91	63
58	291	91	63
60	291	89	63
64	291	87	63
65	291	85	63
67	291	84	63
69	291	82	63
72	291	81	63
73	291	79	64
75	291	78	64
75	291	78	64
77	291	77	64
77	290	77	64
78	290	77	64
78	290	78	64
77	290	78	64
78	291	79	64
79	291	80	64
80	291	80	64
80	290	81	64
79	290	81	64
79	290	81	64
80	290	82	64
80	290	83	64
80	290	84	64
80	290	86	64
81	290	87	64
80	290	88	64
81	290	90	64
81	290	92	64
81	290	93	65
80	290	93	65
81	290	93	65
83	290	93	66
83	290	94	66
84	290	93	66
84	289	93	66
84	289	93	66
85	289	93	66
87	289	92	66
87	289	92	66
88	290	91	66
89	290	91	66
89	290	90	66
90	290	89	66
92	289	88	66
93	289	87	66
95	289	86	66
97	289	84	66
98	289	83	66
101	290	81	66
103	289	80	66
105	289	78	66
107	289	76	66
109	289	74	66
111	290	74	66
111	290	73	66
111	290	73	65
112	290	73	65
112	290	73	65
112	290	74	65
111	290	74	64
112	290	75	64
113	290	75	65
113	290	76	65
113	290	76	64
114	290	76	64
114	290	76	64
113	290	77	64
113	291	77	64
114	291	77	64
114	291	77	63
115	291	78	63
115	291	78	64
116	290	78	64
116	290	79	64
116	290	79	65
117	290	79	65
117	290	79	65
118	290	79	65
119	290	79	65
119	291	79	65
120	291	79	65
122	291	78	65
122	291	78	65
123	291	78	65
123	291	78	65
124	291	78	65
125	291	78	65
127	291	77	65
128	291	76	65
130	291	75	65
131	291	74	65
134	291	73	65
135	291	72	65
138	291	71	65
138	291	70	65
140	291	68	65
143	291	67	65
143	291	67	65
144	291	66	65
145	291	65	64
145	291	65	64
146	291	65	64
146	292	65	64
146	291	65	64
147	291	65	65
147	291	66	64
147	291	66	65
147	291	67	65
147	291	67	65
146	291	68	65
147	291	69	65
148	291	69	65
148	291	70	65
148	291	70	65
147	291	70	65
148	291	71	65
148	291	71	65
149	291	71	65
149	291	71	65
150	291	71	65
150	291	71	65
150	291	71	65
150	291	71	65
151	291	71	65
151	291	71	65
152	291	71	64
152	291	71	64
153	291	71	64
153	291	72	64
153	291	72	64
153	291	72	64
155	291	72	64
156	291	72	64
157	291	72	65
158	291	71	65
159	291	70	65
161	291	70	65
162	291	69	64
163	290	68	65
165	290	68	64
164	290	68	64
165	289	68	64
167	289	67	64
167	289	67	64
169	289	66	64
170	289	65	64
172	289	64	64
172	289	64	65
173	289	63	65
173	289	63	64
174	289	63	64
174	289	63	64
174	289	63	64
174	289	64	64
174	289	64	64
174	289	65	64
174	289	65	64
175	289	66	64
175	290	66	64
175	290	66	64
176	290	67	64
175	291	67	64
176	291	67	64
176	291	68	63
177	291	68	63
177	291	68	64
178	291	68	64
178	291	68	64
179	291	68	64
179	291	68	64
180	291	68	64
181	291	68	64
181	291	68	64
182	290	68	64
183	290	68	64
184	290	67	64
184	290	67	64
185	290	67	65
186	290	67	64
186	290	67	64
187	290	66	64
189	290	65	64
190	290	65	64
191	290	64	64
192	290	64	64
194	291	64	64
194	291	63	64
195	290	62	64
195	290	62	64
196	290	62	64
196	291	62	64
196	291	63	64
197	291	63	63
198	291	62	63
198	291	63	63
199	291	63	63
199	291	62	63
201	291	62	63
201	291	62	63
202	291	62	63
202	291	62	63
203	291	62	63
203	291	62	63
204	291	62	63
203	291	62	64
203	291	63	64
204	291	63	64
204	291	64	64
203	291	64	64
204	291	64	64
204	291	65	64
204	290	65	64
205	290	65	63
205	290	65	63
206	290	65	63
206	290	65	63
206	290	66	63
205	290	67	63
205	290	68	62
207	291	69	61
206	291	69	61
206	291	69	61
206	291	69	61
206	291	70	61
208	291	70	60
207	291	71	61
205	292	73	60
204	292	75	59
203	292	76	59
203	292	78	58
203	293	79	58
202	293	81	57
201	293	83	57
202	293	84	58
201	292	87	59
199	290	89	60
219	281	85	65
220	279	81	68
225	273	78	73
226	271	75	77
227	270	73	80
228	269	72	82
228	267	71	83
229	265	71	84
229	265	70	85
229	265	70	85
229	265	70	85
229	265	70	86
229	264	70	86
229	264	69	86
230	264	68	86
230	264	67	86
231	264	67	86
231	264	66	86
231	264	65	86
232	264	64	86
232	264	63	86
233	264	62	86
233	263	62	86
233	263	61	86
233	263	61	86
234	263	61	86
234	263	61	86
234	263	60	86
234	263	60	86
235	263	61	86
235	263	61	86
236	263	61	86
236	263	60	86
236	263	60	86
237	263	60	86
239	263	60	86
239	264	59	86
240	263	59	86
241	263	59	87
242	263	58	87
243	263	57	87
243	262	57	87
247	260	55	88
247	260	54	88
249	258	53	89
250	258	52	89
250	258	51	89
250	258	50	89
251	258	49	89
252	258	49	90
252	257	49	90
252	255	49	91
253	254	49	92
253	253	49	92
253	253	50	93
252	251	50	93
252	252	51	93
252	250	51	94
251	252	52	94
251	254	53	94
251	252	53	95
251	257	54	95
250	257	55	94
250	257	56	93
249	258	56	93
249	261	57	90
248	263	58	88
248	266	60	85
247	268	61	82
247	269	61	79
248	270	61	77
248	271	61	77
248	271	61	76
249	271	61	75
249	271	61	75
249	272	61	75
249	272	61	74
250	272	61	74
250	272	62	74
251	272	61	74
253	272	60	73
255	272	59	73
255	272	58	73
257	274	57	72
258	274	55	72
259	274	54	71
260	274	53	71
261	274	52	71
262	275	51	71
262	276	50	71
263	276	50	71
263	276	49	71
264	276	49	72
264	276	48	72
265	276	48	72
265	275	48	72
265	275	47	72
266	275	47	72
267	275	47	72
267	275	47	72
269	273	46	73
270	273	46	73
270	273	45	73
271	273	44	74
271	271	44	75
271	271	43	75
272	271	42	76
273	270	42	77
274	269	41	77
275	269	40	77
276	268	39	78
276	268	38	78
277	268	38	77
277	268	37	78
278	266	36	79
279	266	35	79
279	265	35	80
280	266	35	80
280	267	35	79
281	267	35	78
281	267	35	78
281	268	35	78
282	267	35	78
282	267	34	78
282	268	34	77
282	267	34	78
282	267	34	78
282	266	34	78
282	266	34	79
283	265	34	79
283	266	34	78
283	265	34	78
283	266	34	78
283	266	34	78
284	265	34	78
284	265	34	78
284	264	34	78
284	264	33	78
284	264	33	78
284	265	33	78
284	266	33	78
284	265	33	78
284	265	33	78
284	266	33	78
284	266	33	78
284	265	33	78
285	265	33	78
286	264	33	78
286	263	34	78
286	263	34	79
286	263	34	79
286	263	34	79
286	263	34	79
286	263	34	80
286	263	34	80
286	263	34	80
286	263	34	80
286	261	34	81
286	261	33	81
286	261	33	81
286	261	34	82
286	261	34	82
286	261	34	82
286	261	34	82
286	261	33	82
286	260	33	83
286	260	33	83
286	260	33	83
286	260	33	83
286	260	33	84
286	260	32	84
286	260	32	84
286	260	32	83
287	260	32	84
287	260	32	84
287	260	31	84
287	260	31	84
287	260	31	84
287	259	31	85
287	258	31	85
287	258	31	85
287	258	31	85
287	258	31	85
287	258	31	85
287	258	31	85
287	258	31	86
287	258	30	86
287	258	30	86
287	258	30	86
288	258	30	85
288	259	31	85
288	260	31	85
289	260	31	84
290	260	31	84
290	260	31	84
290	259	31	84
290	259	31	84
290	260	31	84
290	260	31	84
290	260	31	84
290	260	31	84
290	259	31	85
290	258	31	85
290	259	31	86
290	258	31	86
