212	376	1058	243
212	365	1055	244
214	364	1052	245
215	363	1049	247
216	362	1047	248
217	362	1045	250
219	361	1042	251
220	360	1040	253
220	359	1039	255
221	358	1037	256
222	358	1035	258
223	357	1034	259
214	356	1031	261
216	345	1028	263
217	345	1026	264
218	344	1023	266
219	343	1022	268
220	342	1020	270
221	341	1018	271
222	340	1016	273
223	339	1014	275
224	339	1012	276
224	338	1011	277
225	338	1010	278
226	337	1009	279
226	337	1007	280
227	336	1006	281
227	336	1006	282
227	335	1005	283
228	326	1005	283
228	325	1004	284
228	325	1004	285
238	325	1004	285
238	324	1004	286
238	324	1003	286
239	323	1002	287
239	323	1002	288
239	323	1001	289
239	322	1001	290
240	322	1000	291
240	311	999	292
240	311	999	292
241	311	999	293
240	310	999	294
240	310	999	295
240	309	999	296
240	309	999	297
241	308	999	298
241	308	999	299
241	307	998	300
241	307	998	301
241	307	998	301
241	306	998	302
241	296	998	303
241	296	997	303
241	296	998	303
241	296	998	303
241	296	997	303
242	296	997	304
242	286	996	304
233	285	994	305
233	284	993	306
233	284	993	307
234	284	993	307
233	284	993	308
233	284	994	308
232	284	995	307
231	284	997	306
231	295	999	305
230	295	1001	305
228	306	1003	304
227	306	1005	303
217	306	1007	303
215	306	1009	302
214	306	1011	302
213	306	1014	302
212	306	1016	302
201	306	1018	303
200	305	1020	304
199	316	1022	304
198	315	1024	305
197	315	1026	306
196	314	1028	306
195	314	1029	308
195	313	1030	309
194	313	1032	310
183	312	1033	310
173	312	1034	310
172	312	1036	310
171	312	1036	310
171	312	1037	311
171	312	1038	311
170	312	1039	312
170	311	1040	312
169	311	1040	313
169	310	1042	314
168	310	1043	315
167	309	1045	316
166	309	1047	317
165	308	1050	318
163	308	1052	318
162	308	1055	318
161	308	1057	319
160	308	1059	319
159	308	1061	319
158	308	1063	319
157	307	1065	320
156	307	1066	321
155	307	1069	321
154	307	1071	322
153	306	1074	322
151	306	1076	323
150	306	1078	323
149	305	1081	324
148	305	1082	324
158	305	1084	325
158	305	1085	325
157	305	1086	325
157	305	1087	325
156	305	1088	325
156	305	1088	325
156	305	1089	325
166	305	1089	324
166	306	1090	323
166	295	1091	323
166	295	1091	323
166	295	1090	323
166	295	1090	322
166	296	1090	322
167	296	1089	322
167	296	1088	322
167	296	1087	322
179	296	1086	322
179	296	1085	322
180	296	1084	321
180	296	1083	321
181	296	1081	321
182	296	1080	321
183	296	1078	321
184	307	1076	321
184	307	1075	321
185	307	1073	321
186	307	1071	320
187	307	1069	320
188	307	1067	320
189	307	1066	320
189	308	1065	319
190	308	1064	318
190	309	1063	317
191	309	1062	316
191	310	1061	315
192	310	1060	315
193	310	1058	314
194	310	1056	314
195	311	1054	313
196	311	1052	312
196	312	1051	312
197	312	1050	311
198	312	1048	310
199	312	1046	310
199	313	1046	309
190	313	1044	309
190	313	1042	309
191	313	1042	310
191	312	1040	310
191	312	1040	310
191	313	1040	309
192	313	1039	309
192	313	1038	309
193	313	1037	309
194	313	1035	309
185	313	1033	309
185	312	1032	310
186	312	1030	310
187	312	1028	310
178	312	1025	311
179	312	1023	311
180	312	1021	311
181	312	1020	311
181	312	1021	310
180	312	1022	310
180	302	1023	310
179	302	1024	310
178	302	1025	310
167	302	1027	310
167	302	1029	309
166	303	1030	309
165	302	1031	309
155	303	1032	309
154	303	1033	309
154	303	1034	309
153	292	1035	309
143	293	1036	309
143	293	1036	308
142	293	1036	308
142	293	1036	308
142	293	1037	308
142	293	1038	308
142	283	1038	307
141	283	1039	307
140	284	1041	306
139	284	1043	306
128	284	1044	305
128	294	1046	305
127	294	1046	305
127	294	1046	306
127	294	1047	306
117	294	1047	307
127	294	1047	307
127	294	1047	307
127	293	1047	308
137	293	1048	308
137	293	1047	309
128	292	1045	310
128	292	1044	311
138	291	1044	311
139	291	1043	312
139	291	1042	313
140	290	1041	314
141	290	1039	314
141	290	1038	315
141	289	1038	316
141	289	1038	316
141	288	1039	317
141	288	1039	318
141	288	1039	319
141	287	1040	319
140	287	1040	320
140	287	1041	320
140	287	1041	321
140	286	1042	322
150	286	1042	323
150	285	1043	324
149	285	1043	324
149	284	1044	325
149	274	1043	326
139	273	1043	326
138	273	1045	327
137	273	1046	327
137	273	1048	328
137	272	1048	328
136	262	1049	328
135	262	1051	329
135	262	1052	329
134	262	1052	329
135	262	1051	329
135	262	1051	329
135	262	1052	328
145	262	1053	327
144	263	1054	327
143	263	1055	327
143	263	1057	326
142	263	1058	325
142	264	1059	325
141	264	1059	324
142	265	1059	323
152	265	1059	322
142	265	1057	322
153	276	1057	321
153	276	1057	321
154	276	1056	321
154	276	1056	321
144	276	1054	321
145	277	1053	320
145	277	1052	319
146	277	1051	318
147	278	1049	317
147	278	1047	317
149	278	1045	317
150	278	1042	317
152	278	1038	317
153	278	1036	317
164	278	1034	317
165	278	1032	316
166	289	1031	316
166	289	1030	316
167	289	1029	315
177	289	1029	315
168	289	1027	315
178	300	1027	314
178	300	1027	315
178	299	1026	315
179	299	1026	316
179	299	1026	316
179	310	1026	315
179	309	1025	315
179	309	1024	316
180	309	1023	316
170	309	1022	317
171	308	1021	318
171	308	1020	318
172	308	1019	318
172	308	1018	318
173	309	1017	317
173	319	1017	316
183	319	1016	316
184	320	1016	316
174	320	1015	316
184	320	1014	316
185	319	1013	316
185	319	1012	316
186	319	1012	317
186	319	1011	317
195	319	1013	317
195	319	1013	316
195	319	1014	316
185	319	1014	316
184	319	1014	316
184	319	1015	317
183	319	1016	317
192	318	1018	318
191	318	1021	319
190	318	1024	319
189	318	1026	320
188	317	1027	321
178	317	1027	322
177	316	1029	322
176	317	1031	322
175	317	1034	321
173	317	1036	320
172	318	1039	319
171	318	1041	318
170	319	1044	317
168	330	1046	316
157	330	1049	315
156	330	1051	315
155	331	1053	314
154	331	1055	313
152	331	1058	313
162	331	1060	313
161	332	1062	312
160	332	1063	312
159	332	1065	312
149	331	1065	313
149	330	1064	314
139	330	1062	316
141	329	1060	317
142	339	1057	318
143	339	1056	319
153	327	1056	321
154	327	1054	322
155	326	1053	323
155	326	1052	323
155	326	1051	324
157	325	1048	325
158	325	1046	326
159	324	1045	327
159	323	1044	329
160	323	1043	330
160	322	1041	331
161	322	1040	331
162	322	1038	332
162	322	1037	332
162	321	1037	333
173	311	1037	333
162	310	1038	334
163	310	1037	335
164	309	1035	336
165	309	1032	338
166	308	1029	339
167	307	1028	340
168	307	1027	341
169	306	1025	342
170	306	1023	343
180	305	1023	344
171	304	1020	346
172	304	1018	347
173	292	1016	349
184	292	1015	350
195	291	1014	351
175	291	1012	352
186	290	1011	354
187	289	1009	356
178	288	1006	357
188	288	1006	358
190	288	1004	358
180	287	1002	359
190	287	1003	359
160	287	1000	360
172	287	997	360
182	287	997	360
163	287	994	360
185	287	992	360
176	287	990	360
176	287	988	360
187	287	987	359
178	288	985	359
178	288	985	358
188	289	986	356
148	289	984	355
160	289	979	355
180	290	980	353
170	291	980	352
180	312	981	350
180	313	981	349
170	313	980	349
142	313	975	349
172	313	976	349
163	313	973	349
185	312	971	350
165	312	969	350
176	312	967	350
177	312	966	351
177	312	966	350
186	313	968	349
176	313	968	349
186	312	968	350
166	312	967	350
185	313	969	349
156	312	967	350
168	312	964	350
179	312	961	351
181	312	959	351
172	311	956	352
182	311	955	352
174	311	953	353
184	311	952	353
185	311	951	353
194	311	952	352
193	311	954	352
192	312	956	351
191	312	958	350
190	313	960	350
189	313	961	349
188	313	963	348
178	313	965	349
187	313	965	348
186	313	967	348
186	314	968	347
185	314	970	347
184	314	972	347
183	314	974	346
172	315	976	345
172	315	976	345
172	315	977	344
171	316	978	343
161	316	977	344
162	315	976	344
172	315	975	344
162	315	976	344
162	316	976	343
161	316	977	343
151	316	977	343
152	315	976	344
152	315	976	344
161	316	977	343
161	316	978	342
151	306	978	343
151	305	977	344
141	305	977	345
151	305	978	345
151	304	977	345
141	304	977	346
141	304	977	347
142	293	976	347
142	293	976	348
142	293	974	349
143	292	973	350
144	281	972	351
134	270	971	353
114	270	971	354
125	269	969	355
125	269	969	356
125	268	969	357
125	268	970	358
124	268	970	358
124	267	971	359
123	267	972	359
123	267	974	359
122	278	975	358
121	278	977	358
110	278	977	358
81	277	975	359
82	266	972	361
93	266	972	361
92	266	972	361
92	266	973	361
92	267	973	360
81	277	974	360
72	277	973	361
82	256	972	361
101	287	975	360
100	267	979	360
88	257	981	360
97	278	984	359
95	267	988	358
63	267	989	359
62	268	992	358
61	310	994	356
60	269	995	355
80	322	997	353
100	302	999	352
139	250	1003	351
117	292	1006	350
94	282	1011	350
102	272	1015	350
142	220	1018	349
172	189	1021	349
150	200	1024	348
117	200	1027	347
-9	273	1028	348
74	199	1028	349
22	240	1027	351
55	229	1026	352
24	228	1023	354
-5	227	1021	356
-4	226	1019	358
-3	225	1017	360
-2	224	1014	362
-11	223	1012	364
0	222	1009	366
-19	221	1007	368
-28	231	1004	370
-28	230	1003	372
-27	229	1001	374
-26	238	999	376
-24	248	996	378
-23	247	993	380
-21	246	990	382
-20	245	987	384
-18	244	984	386
-27	243	981	388
-26	242	977	390
-13	241	974	391
-12	240	971	393
-20	239	967	395
-29	238	964	397
-37	248	959	399
-56	258	954	400
-64	257	949	402
-61	256	944	403
-59	255	940	404
-66	266	933	404
-63	266	927	403
-59	267	919	401
-55	268	912	399
-52	269	904	398
259	250	905	396
268	241	906	393
269	262	905	391
-37	262	897	391
-53	263	890	390
264	254	887	388
285	275	886	385
295	277	885	382
266	278	884	380
286	269	882	378
318	269	877	377
330	279	872	377
-61	279	865	378
-57	288	858	379
307	279	854	378
-60	278	847	379
-66	277	840	380
-62	277	834	382
-68	286	826	383
-64	285	819	383
-61	294	811	384
310	295	809	383
319	296	809	382
328	306	810	380
346	306	811	378
355	307	812	377
364	308	813	374
8	308	807	374
2	308	801	376
5	298	796	377
-1	297	791	379
352	279	791	378
308	279	787	379
-14	287	782	381
285	286	779	382
-18	295	773	382
-24	295	767	383
-22	295	762	383
-10	295	756	383
2	294	749	384
14	294	742	384
8	294	736	384
20	294	730	384
50	294	722	385
10	293	715	386
39	293	709	387
26	293	702	388
46	292	695	388
33	292	688	389
87	283	681	391
82	282	673	392
77	281	666	393
81	280	659	395
84	280	652	396
88	279	644	397
100	279	637	399
103	278	630	400
107	278	623	400
118	286	616	400
121	320	612	395
124	314	605	393
127	307	600	391
129	308	595	388
138	310	592	385
148	335	589	381
148	337	587	376
149	340	586	370
149	343	585	365
157	352	584	361
158	354	582	357
166	333	581	354
166	335	581	351
181	344	581	348
180	295	582	344
187	333	583	341
200	299	585	335
206	302	588	330
219	305	591	325
218	314	593	320
223	323	596	316
209	332	597	313
250	299	600	308
241	301	604	304
232	303	608	300
230	305	611	297
222	306	613	293
214	308	615	290
207	309	615	289
201	309	613	289
166	309	612	288
166	303	613	287
3	302	604	288
0	302	595	289
-15	301	587	290
-18	300	580	292
-21	306	572	294
-31	305	564	295
-33	305	556	295
-36	304	548	297
-32	303	540	299
227	305	543	295
225	307	548	292
216	309	553	288
214	311	558	284
211	313	563	281
202	321	568	277
199	329	573	274
190	331	578	270
181	333	583	266
179	341	588	263
176	343	592	260
174	351	597	256
172	366	600	253
171	388	604	249
169	428	607	247
167	416	611	244
159	412	614	240
158	407	617	237
150	428	619	234
149	423	621	231
141	423	623	230
134	430	624	229
135	436	623	231
135	435	623	233
136	434	621	235
130	432	619	239
125	430	616	242
133	429	614	246
128	427	611	248
52	419	603	251
106	372	601	253
102	324	597	256
217	463	589	255
52	292	581	258
10	290	573	262
-23	282	565	266
-19	267	557	270
-29	259	550	274
-26	238	544	277
-23	230	539	280
-21	209	534	283
-18	208	529	286
-16	187	525	289
-14	186	520	292
-12	178	516	294
-10	177	512	297
-8	176	509	299
-6	174	505	302
1	173	502	304
2	172	499	306
4	178	496	308
6	183	492	310
8	188	488	312
16	194	484	314
24	199	480	315
27	211	475	317
29	216	470	319
32	221	465	320
34	233	459	322
43	238	455	324
51	250	451	326
59	261	447	328
67	266	443	329
75	266	440	329
77	277	435	332
79	282	431	334
87	287	427	335
89	304	424	338
91	303	419	340
93	302	416	342
101	307	411	344
108	307	409	343
115	308	407	341
126	299	408	337
438	402	407	330
443	411	408	322
449	415	408	315
449	424	408	308
454	427	408	302
460	430	408	296
466	433	408	290
471	441	407	285
477	443	407	281
483	445	405	278
483	451	405	275
489	453	405	272
494	455	404	269
494	456	404	266
494	458	404	263
499	459	405	260
504	460	405	258
499	461	406	255
498	462	407	253
503	463	409	251
501	464	411	249
500	465	413	248
499	466	415	246
498	466	417	245
497	467	419	244
496	468	421	242
496	469	422	241
495	469	424	239
489	470	426	238
488	470	427	237
488	471	428	237
482	471	429	236
481	471	431	236
481	471	431	236
475	471	433	236
469	471	434	235
468	472	436	235
462	472	437	235
463	472	437	234
463	472	436	234
463	472	435	233
464	473	434	233
