234	148	720	428
233	148	719	425
233	149	719	423
234	150	718	421
234	151	718	419
234	152	717	417
235	153	716	416
236	162	714	414
237	163	711	413
230	173	707	412
232	173	703	410
235	174	699	409
228	175	695	408
230	175	690	407
233	184	684	406
227	184	679	406
230	184	674	406
232	184	671	406
233	184	668	405
235	184	663	406
237	184	659	406
240	184	655	406
242	184	650	406
243	184	647	406
245	184	644	407
247	183	640	407
248	183	637	407
250	183	634	408
251	183	631	408
253	191	628	409
255	190	624	409
257	190	620	410
250	190	617	411
252	189	614	412
253	189	611	412
247	189	608	412
248	189	605	412
250	189	602	413
244	189	598	412
236	189	597	412
237	189	595	411
230	190	594	411
231	190	592	410
232	190	590	410
233	190	589	410
234	190	587	409
235	183	584	409
236	183	582	408
237	183	580	408
238	183	578	408
239	176	576	408
232	176	575	407
232	177	574	406
232	177	575	405
224	176	575	407
224	175	575	408
224	175	575	410
224	174	574	411
232	173	574	413
241	173	573	414
248	172	573	415
249	171	572	417
249	170	571	418
250	162	569	420
258	161	569	422
266	151	568	425
266	150	568	427
275	149	567	430
283	140	566	432
283	139	565	433
292	138	564	435
291	137	565	437
291	129	566	439
299	128	566	441
298	134	568	444
306	133	568	446
305	132	570	447
312	131	571	450
312	130	572	452
320	129	572	454
320	137	572	455
319	136	573	457
319	135	574	459
319	134	574	461
319	133	574	463
327	132	574	465
326	131	576	466
334	130	577	468
333	129	577	470
333	137	578	471
333	136	579	473
332	135	579	474
332	134	580	476
332	134	581	478
331	133	583	479
330	132	584	481
329	131	586	483
329	130	587	485
328	129	588	486
327	129	590	488
327	128	591	489
318	127	592	491
317	127	594	492
316	126	595	493
315	126	597	494
314	125	599	495
313	133	601	497
312	132	603	499
312	131	604	501
302	130	605	503
302	129	606	504
302	137	607	506
301	136	607	509
301	134	608	511
300	133	609	513
291	132	610	516
290	131	612	518
280	130	614	520
270	129	616	522
269	128	618	524
268	127	620	526
267	126	622	528
267	124	623	531
266	123	625	533
265	122	626	535
264	122	628	537
264	121	629	539
263	120	631	540
263	119	631	542
263	118	631	543
263	118	630	544
274	117	627	545
284	117	625	546
285	125	623	548
286	124	621	550
287	124	619	551
297	123	618	552
298	122	616	554
298	121	615	555
308	121	614	557
308	120	614	558
309	119	613	560
309	118	613	561
309	127	613	563
308	126	614	564
308	126	614	565
307	125	616	566
306	125	618	568
305	124	620	568
314	124	622	569
313	124	623	569
312	123	625	570
311	123	627	570
319	124	630	570
317	124	633	569
316	124	637	569
314	124	640	568
312	125	644	568
310	124	647	568
299	125	650	568
288	125	654	568
287	124	657	568
285	124	659	568
284	124	662	569
282	124	665	569
281	124	668	569
279	123	671	570
278	123	673	570
277	123	675	571
277	123	676	571
276	123	678	571
285	123	680	572
284	123	682	572
302	123	684	571
301	123	687	571
300	123	689	571
298	123	692	571
297	123	695	570
296	123	696	570
295	123	698	570
295	123	699	570
285	123	700	571
284	123	700	571
284	123	701	571
284	123	701	571
283	123	703	571
283	123	704	571
282	123	704	570
282	123	705	570
282	123	705	570
282	124	705	569
282	124	705	569
272	124	704	568
273	124	703	568
273	124	703	568
274	124	701	568
274	124	701	568
274	124	700	568
275	124	699	568
285	125	698	566
285	125	699	566
285	126	700	565
284	126	701	564
284	127	701	563
294	127	701	562
294	128	700	560
295	129	699	558
296	120	697	557
297	120	695	556
309	121	691	555
310	122	688	554
313	112	682	552
315	104	678	550
318	105	673	547
320	107	669	545
321	108	667	542
332	109	663	540
333	111	660	537
334	112	659	533
345	114	656	530
347	125	652	526
359	127	647	522
361	138	643	518
363	159	638	514
374	169	634	512
376	171	631	509
387	181	627	505
388	192	626	502
389	193	622	499
392	204	617	496
394	205	612	493
387	207	609	490
388	208	608	487
389	209	605	485
381	210	604	482
372	212	605	480
372	213	606	477
372	206	604	475
374	199	602	471
375	201	599	467
376	195	598	463
376	197	596	459
386	200	593	452
389	203	588	447
393	196	580	443
363	199	575	439
375	194	568	433
386	197	562	426
396	200	557	420
397	203	554	415
399	205	551	409
400	208	549	404
403	208	543	403
405	209	538	402
407	210	535	401
409	210	531	401
411	210	526	400
413	210	522	401
414	209	519	401
415	217	519	401
415	217	519	401
415	217	518	400
422	217	518	400
428	225	522	398
433	233	526	397
431	234	530	394
429	243	533	392
428	251	536	391
426	259	539	389
425	266	542	390
424	265	543	391
416	273	545	391
408	273	546	390
400	274	548	389
400	275	549	387
423	276	545	385
455	277	541	382
443	272	536	378
423	267	533	373
447	268	528	371
442	270	522	368
431	263	516	366
427	265	512	364
422	259	508	361
417	260	504	359
411	255	501	356
413	250	497	352
416	246	493	348
390	247	491	346
399	248	486	343
402	249	481	342
396	248	479	343
391	248	477	344
379	254	475	345
373	253	473	346
366	252	474	347
360	252	475	348
352	251	477	350
352	251	477	350
353	251	475	350
353	251	474	351
355	256	470	352
357	256	467	354
351	256	465	354
353	255	463	355
348	255	460	354
349	256	458	353
343	257	457	350
344	259	454	348
345	261	452	344
348	256	447	340
350	258	443	338
352	258	439	336
354	259	434	335
362	259	430	335
363	259	428	334
363	260	429	333
362	255	431	331
361	255	433	330
360	250	435	329
359	250	436	328
353	251	437	327
346	245	438	326
339	246	441	325
338	241	442	324
338	241	443	322
337	236	444	321
336	236	446	320
335	231	449	318
333	232	452	316
331	228	456	313
330	229	458	311
330	230	459	309
335	231	461	307
334	231	462	306
380	232	454	305
377	232	449	305
379	232	444	305
382	232	439	304
384	233	434	303
379	233	433	302
380	234	432	301
380	235	431	299
376	235	428	298
377	235	426	298
371	235	426	298
364	230	430	298
351	230	433	297
349	230	437	296
341	231	441	295
326	232	448	294
323	233	453	291
327	228	458	289
324	229	463	287
316	230	468	285
314	231	471	283
306	233	476	280
291	234	482	277
289	236	487	273
318	237	488	270
238	239	494	268
284	240	497	266
320	240	496	265
303	240	494	266
311	240	489	266
314	239	485	267
315	239	482	268
316	239	481	268
310	238	481	269
310	238	481	269
310	244	480	270
311	249	479	271
311	248	478	272
311	248	478	273
304	248	482	273
297	254	483	273
297	260	483	273
297	260	483	273
296	265	484	274
296	265	485	274
295	271	487	274
295	276	488	275
293	276	490	276
293	275	491	278
292	274	493	280
290	273	496	281
295	273	498	283
300	272	501	284
298	272	505	285
302	271	509	286
300	265	514	285
317	265	517	285
328	265	519	285
346	259	523	285
338	259	526	285
310	260	530	284
335	253	532	283
327	254	535	283
299	254	539	282
285	254	543	282
289	254	546	282
281	254	551	282
259	254	556	282
256	254	560	283
254	253	564	284
260	253	566	285
266	252	567	287
265	251	569	289
264	250	571	290
256	249	575	292
267	249	579	293
260	248	580	295
252	247	582	296
293	246	583	299
256	245	587	301
269	244	588	302
277	243	587	304
262	242	589	306
254	242	592	307
268	241	590	307
262	241	590	308
270	241	587	308
270	241	587	308
269	242	588	306
261	243	591	304
283	243	590	303
290	243	588	303
282	243	591	304
297	243	589	304
313	242	586	305
306	249	585	305
341	249	584	306
341	250	584	305
355	249	584	305
376	249	584	307
425	247	583	309
461	246	580	312
463	245	576	313
478	245	574	315
471	244	573	316
414	244	577	316
405	244	581	317
403	244	585	317
416	237	588	316
422	237	589	316
429	237	590	316
429	237	590	316
431	236	585	317
434	236	580	318
436	235	575	320
438	235	571	321
441	227	565	322
443	226	561	324
439	226	556	324
434	226	553	325
428	225	550	325
422	225	548	326
423	224	546	328
417	224	546	329
410	223	545	330
409	222	546	332
408	221	548	333
406	221	553	335
419	220	556	336
419	219	556	338
440	218	555	340
457	217	549	342
488	216	542	343
499	215	535	345
502	214	528	347
498	207	523	348
493	207	519	348
487	207	517	348
489	207	513	348
483	207	512	349
484	207	510	348
478	207	508	348
479	207	506	349
487	206	503	351
489	205	500	352
490	211	498	353
498	211	495	355
507	217	490	356
522	216	486	357
524	222	484	358
524	229	483	358
526	229	480	358
527	235	477	359
529	234	473	361
525	233	468	362
515	233	462	364
517	232	458	364
484	233	460	364
484	233	460	362
476	235	462	360
474	236	465	357
453	231	470	354
437	233	476	350
434	228	482	347
432	223	486	344
452	225	484	340
451	227	486	337
451	228	486	335
450	228	489	333
449	222	492	332
440	216	495	331
441	217	494	331
426	210	497	331
419	210	499	331
412	210	500	332
398	209	501	333
398	209	501	334
392	202	501	334
399	201	499	335
407	201	496	336
409	194	493	337
417	187	491	337
425	181	488	336
432	182	486	334
439	184	485	331
446	185	485	328
445	187	485	325
444	188	487	324
458	188	485	322
468	188	479	322
478	188	471	323
487	188	465	323
491	194	457	323
488	195	449	322
486	202	442	320
490	202	435	319
493	203	428	317
496	204	422	315
480	206	419	312
480	207	419	310
473	208	422	308
447	209	427	306
433	209	434	305
430	210	438	304
421	204	444	304
413	204	450	305
404	203	456	305
402	203	460	306
400	202	464	307
399	202	466	308
397	201	469	309
396	195	471	310
397	194	470	312
399	187	466	313
387	187	466	314
388	186	463	315
389	180	462	315
390	180	460	315
390	174	459	316
391	173	457	317
392	173	455	318
394	172	451	318
402	172	447	318
409	173	446	318
409	173	445	317
415	174	445	315
408	175	447	312
408	177	447	310
407	178	450	307
393	180	453	303
386	176	456	299
372	178	459	296
371	179	462	292
365	181	463	289
358	189	464	286
353	196	463	282
362	197	457	280
389	210	449	278
387	211	441	275
389	219	437	272
390	225	435	269
411	226	426	269
414	227	420	267
418	227	413	266
406	227	405	265
391	228	403	265
388	233	399	265
391	233	391	265
400	237	385	266
402	237	380	268
404	236	376	269
412	235	371	271
414	234	367	272
410	234	366	273
411	234	363	274
419	233	356	274
427	234	352	273
434	230	347	271
434	231	346	270
428	232	349	268
422	232	351	267
422	231	352	268
431	231	353	269
424	235	357	270
430	234	355	272
425	239	354	273
456	239	352	273
459	239	346	274
450	239	344	273
459	238	336	274
467	243	330	275
469	243	325	275
471	247	321	275
472	252	320	275
477	252	319	275
477	253	319	274
477	254	320	272
476	254	321	270
475	255	324	269
473	255	327	269
471	255	331	269
469	255	334	270
463	255	338	269
453	256	340	268
447	256	342	267
433	253	340	264
434	249	339	262
424	245	340	261
422	246	343	259
421	242	346	258
420	242	348	257
422	242	352	257
420	242	357	257
423	241	360	258
427	241	361	260
427	240	362	261
431	240	365	261
430	240	366	262
430	240	366	261
441	240	363	261
444	240	358	262
447	240	352	260
448	241	350	258
448	242	350	256
443	244	351	254
444	244	347	253
446	244	344	253
446	244	344	253
436	245	346	252
439	246	349	250
437	245	344	251
423	250	343	250
424	254	342	251
429	254	340	252
427	258	344	252
427	262	345	254
426	261	347	256
420	260	350	258
421	264	356	261
409	262	361	263
412	261	365	266
416	255	367	269
416	254	368	270
416	253	367	271
416	253	368	272
411	248	367	273
406	248	367	273
404	248	370	272
398	248	372	272
392	243	375	271
391	244	376	270
390	240	378	268
390	241	379	265
394	243	381	263
393	239	382	259
408	242	384	254
413	239	383	250
425	236	379	246
431	238	377	243
438	239	373	239
439	240	370	237
437	241	364	235
435	248	359	232
443	252	352	231
444	253	352	231
445	257	350	231
451	258	346	230
463	257	340	231
473	258	338	230
474	258	337	230
479	258	336	229
479	259	335	228
483	259	335	227
488	260	335	226
488	260	335	225
493	265	334	225
493	266	332	223
499	266	330	222
500	267	328	221
501	267	326	220
508	267	320	221
516	271	313	221
519	271	307	221
520	271	305	221
510	271	308	220
512	272	305	219
517	272	302	218
519	273	299	216
523	274	299	215
526	275	300	214
526	275	301	213
530	275	301	212
530	276	301	212
531	275	298	213
533	279	295	214
534	279	292	213
535	283	290	212
536	285	289	210
536	286	288	207
542	294	285	207
546	298	286	206
547	303	290	204
547	303	291	204
554	306	292	205
557	310	295	205
555	310	298	205
543	310	307	205
539	310	315	206
535	309	321	208
532	308	328	210
530	306	331	213
517	305	333	216
516	303	334	219
511	302	336	222
506	301	337	224
501	300	339	226
495	295	341	227
489	294	344	228
484	294	346	229
478	294	348	229
477	293	350	230
471	288	353	231
461	288	355	232
456	287	356	233
453	286	361	235
451	286	365	236
450	285	367	238
446	284	366	240
448	283	362	242
449	282	359	244
461	281	355	245
468	280	351	246
475	284	347	248
476	284	343	249
483	283	339	250
493	283	338	250
499	284	336	250
504	284	334	249
505	284	333	248
505	285	332	246
509	287	333	243
513	288	335	241
516	289	337	239
519	294	340	238
518	299	342	237
517	299	345	237
520	299	348	236
524	299	350	237
524	299	348	237
530	299	346	237
531	303	344	239
532	302	343	239
532	302	342	241
537	301	341	243
537	304	340	245
537	308	342	246
535	312	346	248
534	311	348	251
523	313	350	254
522	313	353	256
515	311	357	258
508	311	361	259
506	310	365	262
500	304	368	263
493	303	371	265
488	302	372	267
486	301	375	268
485	296	377	270
479	295	378	272
474	294	379	274
474	292	379	276
474	291	378	279
469	290	378	281
464	289	378	283
464	288	378	285
464	287	378	287
464	286	378	289
465	290	377	291
465	289	376	294
465	288	377	295
475	288	377	296
480	288	377	295
485	289	378	294
495	290	380	292
494	291	381	289
499	293	383	286
503	294	386	284
507	295	388	281
511	296	390	279
510	297	393	277
508	298	396	276
512	298	398	276
511	298	400	275
506	299	401	274
505	299	402	273
505	299	402	273
494	299	403	273
493	299	405	274
492	299	407	274
485	299	410	274
467	299	414	273
466	299	416	273
465	299	417	273
460	299	418	273
460	299	418	275
455	298	417	276
455	302	416	279
456	301	415	280
451	300	414	283
451	299	412	285
452	298	411	287
453	297	410	289
453	295	408	292
448	295	408	293
449	289	407	294
449	283	406	295
449	282	405	296
449	282	405	297
449	276	405	298
449	276	406	297
449	276	407	298
448	276	408	298
448	271	409	296
