662	385	182	84
664	381	175	89
670	379	168	94
672	377	163	97
677	376	158	100
677	375	154	102
680	375	151	102
685	377	149	101
689	377	146	101
689	378	145	100
688	378	144	99
691	381	142	98
694	381	139	98
693	381	137	97
694	381	135	97
684	380	133	99
645	383	134	97
696	384	135	95
629	384	132	95
602	384	131	96
642	386	138	91
573	383	134	94
546	380	135	95
548	380	135	95
531	379	135	95
519	376	135	96
507	376	134	97
494	374	133	98
479	368	130	102
480	365	128	104
463	362	126	107
451	350	127	104
440	340	125	102
419	329	127	99
394	325	128	96
400	325	126	96
382	315	123	96
369	310	121	95
359	306	118	94
351	304	117	94
344	293	117	91
347	298	117	90
335	298	116	89
327	298	116	88
320	297	117	88
322	295	115	89
312	302	116	88
317	293	116	89
306	301	115	90
301	293	117	89
275	314	117	89
279	287	117	88
265	296	116	90
266	295	115	92
260	294	114	94
260	293	114	95
367	251	125	90
374	252	130	85
373	247	135	82
373	250	139	79
368	256	142	78
364	250	147	76
358	251	151	74
357	248	154	73
357	250	157	72
357	250	158	73
350	250	160	72
360	248	162	72
359	248	164	72
357	247	168	70
365	246	170	69
361	243	172	68
360	243	174	68
361	243	175	68
363	240	175	69
361	239	179	68
363	237	182	68
359	238	184	69
356	231	188	69
355	231	192	68
354	231	194	68
352	232	197	67
360	224	197	67
359	224	199	67
356	224	201	67
357	224	203	67
351	222	207	66
352	222	210	66
351	216	211	66
348	215	213	67
348	215	216	67
345	216	219	66
348	214	221	66
344	214	222	66
343	214	223	65
342	214	224	65
342	211	224	67
345	208	223	68
341	208	222	68
341	208	222	69
347	207	220	70
344	205	220	70
355	204	216	72
354	204	214	72
353	204	212	72
366	204	208	73
361	201	205	73
367	201	201	74
366	203	198	74
382	200	192	76
379	199	189	77
379	201	186	77
394	195	181	79
393	197	178	78
394	197	175	78
404	197	172	79
405	197	169	79
406	197	168	77
414	196	167	76
412	199	166	74
415	199	165	73
417	198	165	72
421	198	164	71
428	197	164	70
428	194	165	69
430	196	165	69
435	196	166	68
438	197	167	67
441	197	168	66
444	192	169	65
453	196	168	65
451	201	169	63
456	196	170	62
465	202	170	60
464	198	172	58
471	204	172	56
478	199	171	56
475	198	171	54
484	202	170	54
492	196	168	54
498	200	167	54
505	197	165	53
513	195	163	54
511	196	160	54
520	193	159	54
526	191	156	55
532	191	154	56
539	190	152	56
547	189	150	57
547	192	149	56
558	187	148	57
567	185	145	58
567	186	144	58
573	186	142	58
582	184	140	59
581	184	139	59
589	182	138	60
598	184	138	60
610	180	136	61
628	180	132	62
636	181	130	62
632	181	128	63
654	180	124	64
662	182	122	64
678	182	119	64
689	182	116	64
706	182	114	64
707	183	112	63
719	185	111	63
728	187	111	61
739	187	109	61
738	188	107	60
737	193	107	58
740	192	106	58
737	194	108	56
739	196	107	55
680	157	109	52
739	187	109	52
678	153	113	49
739	185	113	49
684	153	116	46
710	162	117	45
695	160	120	43
728	166	121	43
723	163	123	41
721	166	124	41
726	166	125	40
723	164	126	39
728	163	126	39
735	198	120	43
742	196	113	48
746	193	108	51
744	172	107	52
681	228	106	52
737	212	104	52
730	215	104	50
698	232	103	50
687	239	100	50
621	184	104	48
599	166	99	51
603	168	95	52
609	169	93	53
613	172	91	53
617	172	90	51
619	171	88	52
624	171	87	51
632	171	86	51
636	171	84	50
642	171	83	50
646	174	83	48
645	176	83	47
653	178	82	46
658	180	81	44
665	185	81	42
671	185	80	40
677	187	79	39
678	188	79	37
684	189	77	37
690	190	76	35
696	190	75	35
697	192	74	34
703	192	74	33
702	192	73	33
705	191	71	33
706	196	70	32
706	197	69	31
707	197	69	30
712	200	67	30
711	199	66	30
713	202	66	29
714	203	65	29
715	205	64	28
714	207	63	28
712	208	62	28
712	209	61	27
711	210	61	27
712	212	60	27
712	212	59	27
710	213	58	27
709	217	57	27
709	216	56	27
706	219	55	26
705	221	55	25
704	223	54	25
702	225	53	25
700	227	52	25
700	227	51	25
696	229	50	25
692	232	49	25
690	234	48	24
687	237	47	24
686	238	46	24
686	238	45	24
683	238	44	24
681	240	44	24
677	240	43	23
676	241	42	23
674	241	42	23
674	241	41	23
671	241	40	23
668	241	40	22
665	240	40	22
663	240	39	22
660	241	38	22
661	241	38	22
658	241	38	21
656	241	37	22
656	241	36	21
653	242	36	21
651	243	35	21
652	243	35	21
652	243	34	21
650	243	34	21
647	243	33	21
644	243	33	21
643	243	32	21
643	243	32	21
641	244	31	21
638	244	31	21
638	245	30	21
635	245	30	20
633	244	30	20
633	244	30	20
632	244	29	21
631	244	28	21
631	246	28	21
632	246	27	21
631	247	27	21
631	247	26	21
631	248	26	20
631	248	25	20
632	248	25	20
632	248	24	20
633	248	24	20
632	248	24	20
632	248	23	20
631	250	23	20
629	250	23	20
628	251	23	20
628	251	23	20
628	251	23	20
626	251	22	19
625	252	22	19
624	252	22	19
623	252	21	19
623	253	21	18
623	253	21	18
621	253	21	18
621	253	20	18
620	254	20	18
620	255	20	17
619	255	20	17
619	255	20	17
617	255	20	17
617	256	20	17
619	255	19	17
619	255	19	17
619	255	19	16
617	255	19	17
619	255	19	16
620	255	19	16
620	255	18	16
619	255	18	16
619	254	18	16
618	254	18	16
620	252	18	16
619	252	18	17
619	252	17	17
618	252	18	17
615	251	17	17
615	249	17	16
614	247	17	17
612	247	17	16
610	244	17	16
610	244	17	16
609	241	17	16
609	241	17	16
611	240	17	16
612	240	17	16
611	240	17	15
613	238	17	16
609	238	17	16
611	238	17	16
607	238	17	16
608	233	16	16
609	234	16	16
607	232	16	16
608	232	16	16
608	232	16	16
608	234	16	16
607	232	16	16
609	232	16	16
609	237	15	16
615	241	15	16
615	240	16	16
617	240	15	16
615	246	15	16
619	248	15	16
620	247	15	16
621	250	15	16
622	250	15	16
622	251	14	16
624	254	14	16
623	256	14	16
624	256	14	17
623	261	14	16
623	262	14	16
624	262	15	16
620	263	14	16
614	266	14	16
612	268	15	16
610	269	15	16
611	269	15	15
600	269	15	15
596	270	15	15
592	271	15	15
585	270	14	16
584	272	14	16
581	270	14	16
577	270	14	16
575	271	14	16
570	271	14	16
569	272	14	16
564	272	14	16
562	270	14	16
561	274	14	16
554	271	14	16
560	271	14	16
552	272	14	16
545	273	14	16
545	273	14	16
545	273	14	16
544	273	15	16
539	271	15	16
535	278	14	16
530	275	15	16
543	276	15	15
530	271	15	16
529	277	14	16
528	278	14	16
526	272	14	16
515	272	14	16
521	270	14	16
515	273	14	16
519	271	14	17
513	271	14	17
513	271	14	17
512	271	14	17
512	271	14	17
508	278	14	17
513	272	14	17
510	271	14	17
511	271	14	17
501	267	14	17
498	282	14	17
497	286	14	17
510	300	14	17
512	288	14	17
511	288	14	17
517	289	14	17
515	288	14	16
514	289	14	17
515	287	14	16
506	283	14	17
505	277	14	17
511	279	14	17
500	290	14	17
510	302	14	17
510	300	13	17
510	301	13	18
510	301	13	18
502	311	13	18
509	323	13	18
522	319	13	18
526	327	13	17
539	333	13	17
553	338	14	17
560	340	14	17
559	337	14	17
569	344	14	17
577	348	14	17
592	338	14	17
604	336	14	17
610	336	14	17
610	337	14	16
613	337	14	16
607	332	14	16
606	332	14	16
604	329	14	16
609	338	14	16
610	350	14	16
610	353	14	17
625	353	14	17
617	354	14	17
610	355	13	17
610	356	13	17
616	367	13	17
603	380	13	17
609	393	13	17
612	389	13	17
609	384	13	17
610	389	13	17
612	390	13	17
625	384	13	17
638	395	13	17
643	400	13	17
642	400	13	17
642	400	13	17
642	400	13	17
642	413	13	17
642	417	13	17
641	417	13	17
626	431	13	17
626	430	13	17
640	443	14	17
640	457	14	17
627	461	14	17
626	461	14	17
626	462	14	16
639	460	14	16
626	461	14	16
626	458	14	16
626	461	14	16
616	460	14	16
622	463	15	16
623	462	15	16
625	463	15	16
637	462	15	16
625	463	15	16
638	462	15	16
650	461	15	16
657	460	14	16
670	461	15	16
657	460	14	16
658	462	15	16
651	461	15	16
652	458	15	16
657	462	15	16
650	461	15	16
650	462	15	16
642	462	15	16
656	463	15	16
647	460	15	16
656	458	16	16
