833	460	424	443
832	459	424	442
832	460	424	441
832	459	424	442
832	459	423	442
832	459	423	442
825	460	423	441
825	460	423	441
826	460	423	440
825	461	423	439
825	454	423	438
825	455	424	437
819	455	423	436
818	456	424	435
818	457	424	434
818	458	425	432
817	452	426	429
810	453	427	427
810	454	427	425
809	455	429	423
808	456	431	421
801	457	432	419
800	458	432	417
799	459	434	415
799	460	436	414
792	460	435	413
792	461	435	412
792	462	436	410
792	456	436	409
786	456	436	407
786	457	435	407
786	457	434	406
780	458	434	404
780	458	433	403
781	459	432	403
781	459	431	402
782	459	430	401
782	459	428	401
777	459	427	402
771	459	425	402
771	459	425	402
772	460	424	401
772	453	424	400
771	454	424	399
765	455	425	397
764	456	425	396
758	457	426	394
757	457	428	392
750	458	429	391
750	459	429	389
750	459	429	388
743	460	429	387
743	461	431	385
742	461	431	384
735	462	433	384
734	462	435	383
733	456	436	381
732	457	438	380
725	457	439	380
725	458	441	379
724	458	442	378
724	458	443	377
723	459	444	377
723	459	445	376
722	459	446	376
715	459	447	376
715	453	448	375
707	454	449	374
707	454	451	374
706	453	452	375
705	454	453	374
699	454	454	374
698	454	455	373
698	454	455	373
697	454	456	373
690	454	458	373
690	454	459	373
683	454	460	373
682	454	461	372
681	455	462	372
681	455	463	371
680	448	465	371
673	448	466	371
672	449	467	371
671	449	469	371
670	449	471	371
663	448	472	371
662	442	474	371
661	441	476	372
661	441	477	372
660	441	479	372
659	441	481	373
651	440	483	374
650	440	484	374
650	440	485	374
643	440	486	375
635	440	488	376
634	439	489	376
633	439	491	377
633	438	491	378
626	438	492	380
626	437	493	381
625	436	493	383
617	435	496	384
609	435	499	384
608	435	500	385
601	435	501	386
600	434	503	387
592	434	505	387
591	433	507	388
590	433	508	388
590	433	508	389
582	432	510	390
583	432	509	391
582	432	510	391
582	432	511	391
581	439	513	392
580	438	514	392
587	438	515	392
579	438	517	392
586	438	517	392
577	438	521	392
583	439	522	392
575	439	525	392
574	438	526	392
573	438	528	392
573	438	528	392
572	439	530	392
571	439	532	392
571	438	533	392
570	438	534	392
569	431	536	393
569	430	537	394
569	430	537	395
568	429	539	396
567	429	541	396
575	428	540	398
575	428	539	399
576	427	538	401
576	426	537	402
577	425	536	404
577	425	535	405
578	424	533	407
578	423	534	408
578	422	533	410
578	422	533	411
578	421	533	412
578	428	533	413
587	427	530	415
587	427	529	415
587	426	529	417
588	426	528	417
589	426	526	418
605	425	523	419
606	425	522	419
605	433	523	419
606	433	522	419
606	432	521	419
607	432	519	420
616	432	517	420
617	432	515	420
609	432	516	420
609	432	516	420
626	432	512	420
627	432	510	421
628	431	508	421
629	431	506	422
630	431	504	422
630	431	503	422
631	431	502	423
631	431	502	422
631	424	502	422
631	424	502	422
631	424	501	422
631	424	501	422
632	424	500	422
633	423	498	423
633	423	498	423
626	423	497	424
626	422	496	425
619	422	497	425
618	422	498	425
610	423	500	424
610	423	500	424
602	423	502	424
601	423	504	424
592	422	507	425
583	422	510	425
590	422	511	425
581	422	513	425
573	422	516	425
580	422	516	426
580	421	515	427
572	421	517	427
572	421	518	428
572	420	517	429
573	420	515	429
573	420	514	430
574	419	513	431
567	427	513	431
567	426	512	432
568	426	511	433
568	425	511	434
567	425	512	434
560	425	512	435
559	425	513	435
559	424	514	436
558	424	514	436
558	424	514	437
558	424	515	437
557	424	516	437
557	423	517	438
548	423	520	438
547	423	521	438
546	423	523	437
537	424	526	437
544	424	528	436
543	424	530	436
542	418	533	434
541	418	534	434
540	418	536	434
539	418	538	434
538	418	541	434
529	417	543	434
536	417	544	435
535	417	546	435
535	417	547	436
534	417	548	436
534	417	549	436
534	416	549	437
534	416	548	438
534	415	549	439
533	415	549	440
534	414	549	441
534	413	549	443
534	412	548	444
535	411	547	446
543	410	546	448
544	409	544	451
544	408	543	453
545	407	542	455
546	406	541	457
547	405	539	459
547	404	538	461
548	403	537	463
548	402	535	465
549	402	534	466
558	400	531	468
559	400	529	470
560	399	527	472
561	398	525	473
562	397	523	475
563	396	521	476
564	396	520	478
565	395	518	480
566	394	516	482
567	393	514	484
568	392	512	486
569	391	510	488
570	390	507	490
571	389	506	492
572	388	505	493
565	387	502	495
566	386	500	497
559	385	498	498
560	385	496	500
561	383	495	503
562	383	493	504
563	381	491	506
563	380	490	508
556	380	488	510
556	379	488	512
557	378	487	514
557	377	487	514
557	377	487	516
557	383	486	518
549	391	487	519
549	390	487	521
549	389	487	523
549	396	487	525
549	395	487	528
549	394	487	529
549	393	486	531
541	393	486	532
541	392	487	532
540	392	489	532
539	392	491	533
538	392	492	533
538	392	493	533
538	392	493	533
538	392	494	533
537	392	494	532
537	392	494	533
538	392	494	533
546	392	493	532
546	393	493	532
546	393	492	531
546	393	493	531
546	394	493	530
546	394	494	529
545	395	494	527
545	395	494	527
545	387	494	527
545	387	494	527
552	387	496	526
553	388	496	526
553	388	495	525
553	380	495	525
553	380	495	525
553	380	496	526
552	380	496	525
552	380	497	525
552	380	496	524
553	380	496	524
553	381	495	523
553	381	494	523
554	373	493	522
554	373	493	522
554	373	492	522
555	374	492	521
555	374	491	521
556	366	489	520
557	367	487	519
557	367	486	519
558	367	485	518
559	368	483	517
560	368	481	516
552	369	481	514
553	370	480	513
553	370	479	512
553	363	479	511
546	364	478	510
546	364	477	508
539	365	476	508
539	365	476	507
539	358	476	506
539	359	475	504
540	359	474	503
532	361	474	501
532	361	475	499
532	354	475	499
532	354	475	499
532	354	474	499
533	354	473	499
533	354	474	499
532	354	474	498
532	354	474	498
532	354	474	498
533	354	473	497
533	354	473	498
533	354	473	498
533	354	473	498
533	354	474	498
533	354	474	498
533	354	474	498
532	354	474	498
540	354	475	497
539	355	476	496
539	355	476	495
539	356	477	494
546	357	478	492
545	358	478	491
553	358	479	490
552	359	480	488
552	359	480	487
552	360	481	486
559	361	482	485
559	368	482	485
558	369	484	483
565	370	485	481
572	371	486	480
572	372	487	478
572	372	487	477
579	373	488	475
586	374	489	473
593	374	489	473
593	374	490	473
592	375	491	471
592	375	492	471
599	376	492	470
606	376	494	469
606	376	494	468
606	369	495	468
613	369	496	467
612	362	498	466
611	362	500	466
610	363	502	466
617	363	503	465
616	364	504	464
615	364	507	463
614	357	509	461
613	351	510	459
605	351	511	458
605	351	512	457
604	352	513	457
604	352	513	457
604	353	514	455
604	352	514	456
603	353	514	455
603	353	515	454
602	354	517	453
602	355	518	451
593	355	521	450
592	356	522	448
591	357	525	447
589	357	528	447
588	358	530	445
587	358	533	444
578	359	535	443
569	359	538	443
568	359	540	442
567	359	542	442
566	359	544	442
565	359	545	442
564	359	547	442
563	359	548	442
563	367	550	442
562	367	551	442
562	367	551	441
562	368	551	441
569	367	552	442
569	367	552	443
569	366	553	443
570	366	551	445
578	373	551	446
571	373	549	446
578	372	551	447
578	371	550	449
586	379	550	450
587	378	549	451
586	378	550	451
580	377	547	453
588	385	546	454
589	384	545	455
590	384	542	456
598	384	542	456
599	383	541	456
600	383	539	458
593	389	537	460
593	389	536	461
593	388	536	463
594	387	535	464
594	387	534	464
595	386	532	466
596	385	530	468
589	385	529	469
590	384	526	472
591	383	524	473
592	382	522	475
593	389	521	477
594	388	519	479
594	388	518	479
595	387	517	480
596	387	516	480
596	387	514	482
597	387	513	481
598	386	511	482
592	379	508	482
593	378	505	483
594	378	504	483
602	378	503	483
595	377	502	484
596	378	500	484
596	371	499	482
596	371	498	481
596	372	498	479
596	372	498	479
597	373	497	478
597	366	498	476
597	367	498	474
596	368	499	472
596	362	500	470
595	355	501	467
594	357	503	464
593	358	505	462
593	351	505	460
593	345	505	457
593	346	505	456
586	347	505	454
585	348	505	451
578	342	505	448
585	343	506	445
577	338	507	441
577	339	507	439
577	340	507	438
577	340	506	437
569	341	507	435
570	342	507	433
569	336	507	430
569	338	509	427
561	339	510	424
561	340	510	422
561	341	509	421
553	342	510	419
553	342	510	417
553	343	510	416
553	343	510	416
553	343	510	416
553	344	510	415
553	344	511	414
553	345	511	413
552	345	512	413
552	344	513	413
545	345	513	413
537	344	513	413
544	345	514	413
543	345	515	412
543	345	517	412
542	346	518	411
542	345	519	411
534	345	519	412
534	345	519	412
535	345	518	413
535	345	518	412
535	345	517	412
542	345	518	411
541	339	520	410
541	339	520	410
541	339	520	410
541	339	520	410
534	339	519	409
534	339	519	410
535	338	518	411
535	338	517	412
536	337	516	413
543	337	515	414
544	336	515	415
544	336	514	416
544	336	515	416
544	336	515	416
544	335	515	417
544	334	515	419
550	334	516	419
550	334	516	419
550	327	517	419
550	326	516	421
550	319	517	421
550	319	516	421
550	311	516	421
550	311	516	421
551	311	515	421
551	311	515	421
551	311	514	422
551	311	514	422
551	311	514	422
551	317	514	423
544	310	514	423
543	310	515	424
543	309	516	425
543	309	516	426
542	308	518	427
541	308	519	427
541	308	521	427
547	316	522	427
546	316	524	426
538	316	526	426
537	316	527	427
544	315	529	427
543	315	531	427
542	308	533	427
541	301	534	427
541	300	535	428
540	300	537	428
539	292	538	429
538	300	540	429
538	300	542	429
537	292	544	428
536	292	545	430
536	291	545	431
535	291	546	431
535	291	547	432
535	290	547	433
535	290	547	433
534	289	548	434
534	289	549	434
533	289	551	434
533	289	551	435
532	289	552	435
532	288	553	436
532	288	553	437
531	288	554	437
531	288	554	437
530	288	556	438
538	287	557	439
537	287	559	438
544	287	560	438
544	287	561	439
543	287	562	440
542	286	565	440
541	286	567	441
540	286	568	441
539	286	570	441
546	286	572	441
553	286	575	441
552	278	576	440
551	279	577	439
551	279	579	439
551	279	579	438
549	280	581	438
556	280	584	437
555	288	586	437
562	288	588	437
569	288	590	436
568	288	591	436
567	288	593	436
574	289	596	436
574	296	597	436
582	296	597	436
589	296	598	436
588	296	600	437
588	296	601	437
588	296	601	438
588	295	600	439
588	294	600	440
589	302	599	441
606	294	598	442
598	293	597	443
599	292	595	444
599	292	595	445
584	292	593	446
585	291	590	447
603	291	588	448
580	290	585	449
589	289	583	450
590	289	580	452
591	288	578	453
592	287	576	455
593	286	574	457
594	285	573	459
594	284	572	460
586	284	572	462
587	283	571	463
587	283	570	464
580	282	568	465
580	282	569	465
579	282	569	465
578	282	571	465
578	282	573	464
568	275	575	463
568	274	576	464
568	274	577	465
568	274	577	465
567	273	578	466
558	273	579	466
558	273	580	466
557	273	581	466
556	273	583	466
556	273	584	467
555	273	585	468
547	273	584	468
547	273	584	467
547	273	584	467
547	273	584	468
548	265	584	467
539	264	584	467
539	265	585	467
530	265	585	466
530	265	585	466
530	265	585	466
522	265	586	465
522	266	586	465
521	266	587	464
521	266	587	464
521	266	587	464
513	274	587	464
513	274	587	464
512	274	588	464
504	274	588	465
504	274	589	464
504	275	589	464
503	275	590	463
502	267	591	461
502	267	592	461
501	268	593	460
501	269	594	459
501	270	595	457
501	271	595	455
500	271	596	454
499	272	597	451
499	274	599	448
498	275	600	446
498	284	601	444
497	285	601	443
497	285	602	442
497	294	601	442
498	294	601	441
498	294	600	441
498	302	600	441
506	302	600	441
506	295	601	439
506	288	601	437
514	297	600	435
514	298	600	434
514	298	600	432
514	299	601	430
513	292	602	428
521	293	602	426
521	294	602	424
521	303	603	423
521	296	603	421
529	296	603	420
537	297	603	418
537	298	603	417
537	299	604	414
536	300	604	413
536	301	604	411
537	309	604	410
537	310	603	410
537	310	603	408
545	311	603	408
545	312	603	406
545	312	603	404
545	313	603	402
553	322	602	401
553	322	602	401
554	322	601	400
554	323	600	399
555	323	599	398
555	324	598	397
556	324	597	396
556	325	596	395
565	325	595	395
565	325	594	394
566	326	593	393
566	326	592	392
567	327	591	391
575	327	590	390
575	327	589	390
575	327	589	390
576	327	588	389
576	327	587	390
577	327	586	390
577	328	585	389
578	328	584	389
578	335	584	389
578	336	584	388
578	343	584	388
578	343	584	388
578	343	583	388
579	350	583	390
579	343	582	389
580	343	581	389
580	343	580	389
580	343	579	389
581	336	578	388
581	337	578	387
581	337	578	385
580	338	579	384
580	339	579	383
580	339	579	382
580	332	580	380
580	340	579	379
580	334	579	378
589	334	577	376
589	335	577	375
589	335	576	374
590	336	576	373
590	336	575	372
590	337	575	371
590	338	574	369
590	338	574	368
592	339	572	367
599	339	571	366
600	339	569	366
608	340	569	366
608	340	569	365
608	340	568	365
608	340	568	364
608	341	567	364
608	341	567	363
608	341	567	362
609	341	566	362
609	349	566	362
617	349	565	362
617	349	565	362
617	349	565	362
617	348	564	363
617	348	564	363
617	348	564	364
618	347	563	364
625	347	562	365
625	347	562	366
625	354	562	366
626	354	561	366
626	354	561	366
626	354	561	367
626	353	562	368
626	360	562	369
625	360	562	369
625	359	563	370
625	359	563	371
625	351	564	372
617	351	564	373
616	350	566	374
616	350	566	375
608	349	568	376
607	348	569	377
607	348	570	378
606	347	572	380
605	346	573	382
597	346	575	382
589	345	576	383
588	344	577	385
588	344	578	386
579	344	580	387
579	335	581	389
571	334	581	390
571	334	582	391
563	341	583	392
562	341	584	392
561	341	585	392
561	341	586	391
553	341	587	392
553	340	588	393
544	340	589	393
544	340	589	394
544	340	590	394
535	340	591	393
527	341	592	393
527	340	592	393
527	340	592	394
527	340	592	394
527	340	593	394
526	340	594	394
526	340	595	393
517	340	597	393
517	348	597	393
509	348	598	393
509	348	598	394
509	347	598	395
509	347	598	395
509	347	598	395
509	346	598	397
516	346	599	397
516	346	600	397
515	347	600	396
515	347	601	396
515	355	601	396
516	354	600	396
516	355	600	396
523	362	600	396
523	362	600	396
523	362	600	397
523	362	600	398
524	361	599	398
531	361	600	398
531	361	600	398
531	369	600	398
531	369	599	398
539	369	600	398
539	369	599	398
540	369	598	398
540	369	598	399
540	369	598	399
540	369	599	399
539	369	599	399
539	368	600	400
547	368	600	400
554	369	601	399
554	369	602	398
553	369	603	398
553	369	604	398
552	369	605	397
552	369	606	398
551	369	607	398
559	369	608	399
558	368	609	400
558	368	609	400
557	368	611	400
557	368	612	400
564	368	612	401
564	367	613	401
563	367	614	402
562	367	616	402
562	367	616	401
562	375	616	402
563	375	616	402
563	375	615	403
563	382	615	404
563	382	615	405
563	381	615	405
563	382	616	405
562	389	616	406
562	374	617	405
562	374	617	404
561	375	618	402
561	376	619	401
561	376	620	399
560	377	621	397
559	378	622	395
559	379	624	393
558	380	624	391
558	381	625	390
558	382	625	388
558	383	625	386
558	384	625	384
558	385	625	382
566	386	625	381
573	387	626	379
581	388	627	376
573	389	626	375
574	389	625	373
575	390	623	372
582	391	623	371
576	391	621	370
576	392	621	368
584	393	620	366
585	393	618	365
592	394	619	363
600	387	618	362
631	388	618	361
616	404	618	359
617	404	616	359
625	404	615	358
626	405	612	358
681	412	610	358
659	413	608	357
668	404	604	359
639	412	602	358
677	413	602	356
679	420	598	357
681	427	594	358
675	435	590	358
654	450	588	356
663	450	584	357
680	450	581	358
681	434	578	359
689	450	578	356
637	452	580	354
673	452	579	352
673	452	579	353
650	438	582	351
657	439	583	349
665	432	582	349
649	440	584	347
655	448	586	346
655	449	586	344
655	457	587	344
654	457	588	343
654	464	588	343
662	465	586	342
655	464	587	342
655	472	587	342
654	479	588	343
647	479	589	342
639	486	589	343
639	471	590	344
638	471	592	344
637	471	593	344
636	478	595	344
636	478	596	345
635	478	597	345
628	477	597	346
628	476	597	348
628	476	597	349
621	467	596	351
621	467	596	352
614	459	595	354
614	458	595	355
614	457	595	356
614	457	594	357
614	456	594	359
615	455	594	360
607	455	594	362
607	446	593	364
600	445	593	365
600	444	593	367
600	443	592	369
601	442	592	372
601	441	590	374
602	440	590	376
602	439	590	378
595	438	589	380
595	429	588	382
595	428	587	384
596	428	586	385
596	427	586	387
589	427	585	388
589	426	585	389
589	425	585	391
589	424	584	392
582	424	584	394
582	423	583	394
574	416	584	394
574	416	584	394
574	415	583	395
575	415	583	395
575	415	583	396
574	415	583	396
574	415	584	396
567	415	583	396
567	415	584	396
566	414	584	397
559	414	584	398
559	413	583	399
560	412	582	401
560	419	582	403
560	419	582	403
560	419	582	404
560	418	582	405
560	418	582	405
559	418	583	405
560	417	582	406
559	425	583	407
559	416	584	408
559	423	583	411
559	407	583	412
559	414	583	412
559	414	584	412
558	423	585	411
559	415	584	411
567	407	584	412
567	407	583	411
567	408	582	408
575	401	583	407
575	402	582	405
584	403	580	404
585	403	577	404
587	410	575	405
588	403	573	405
589	402	570	405
598	401	568	407
599	409	566	407
607	408	565	408
607	408	564	409
608	408	563	410
616	408	562	410
616	407	561	410
617	407	561	410
617	415	560	410
618	415	558	411
619	415	557	411
619	415	556	411
621	414	553	411
614	414	550	412
608	414	547	413
609	413	545	414
611	413	543	414
612	413	540	414
620	406	538	414
613	406	538	413
614	406	535	414
623	405	533	415
617	404	531	416
618	404	528	417
612	404	525	418
613	403	523	419
615	410	518	420
609	410	515	420
611	410	512	421
605	402	510	421
613	403	507	420
614	403	506	420
614	396	507	420
614	396	506	419
615	403	505	419
608	403	504	419
607	404	505	417
600	405	505	416
600	405	506	415
599	406	507	414
599	406	507	413
606	407	507	411
606	407	507	411
606	408	508	410
605	408	509	409
604	395	511	407
604	403	512	406
603	403	513	405
602	404	516	404
601	397	518	402
600	398	519	401
599	405	520	401
599	398	522	400
598	398	523	401
598	370	524	398
605	364	525	397
605	365	525	395
604	365	526	394
604	366	526	392
604	366	526	392
611	366	527	391
611	366	526	391
610	367	528	390
617	367	528	390
617	367	528	389
617	367	528	389
624	367	529	389
624	367	529	390
624	367	529	390
624	367	529	390
631	367	529	391
631	366	529	391
638	366	529	391
645	367	530	391
646	367	530	391
646	374	529	391
654	373	528	392
654	373	527	393
654	380	527	394
655	379	526	395
655	379	525	396
655	378	526	397
662	378	526	397
662	377	526	398
662	377	526	399
668	377	527	399
668	376	527	400
669	376	527	401
669	383	527	402
669	382	526	403
676	382	526	404
677	381	525	405
677	388	525	405
677	388	524	406
685	388	524	406
685	387	523	407
686	387	522	407
693	387	521	408
701	387	521	408
702	394	519	409
702	400	518	411
703	400	517	411
703	400	516	411
703	400	516	411
704	400	515	410
704	401	514	410
704	401	514	409
705	401	513	409
704	395	514	407
705	395	514	407
704	395	514	406
705	395	513	406
705	396	514	405
705	396	514	404
705	397	513	403
705	404	513	402
705	405	512	402
707	404	509	403
708	404	506	404
709	403	504	405
711	403	501	405
712	410	499	405
714	410	495	406
715	417	492	405
717	417	489	406
719	416	486	407
720	417	482	406
721	424	480	406
723	423	477	407
724	431	475	406
725	431	473	406
726	431	470	405
728	438	467	404
729	439	465	403
730	439	463	402
731	440	461	401
732	441	459	400
739	448	457	399
740	449	456	397
741	449	455	396
742	450	453	395
742	451	452	394
742	458	452	393
743	458	451	392
743	459	450	391
743	459	451	390
742	459	451	389
742	459	452	389
735	460	453	389
735	460	454	388
734	460	455	388
733	460	457	388
732	461	458	387
731	461	460	386
731	461	462	386
730	455	464	385
729	455	466	384
728	456	467	383
727	456	470	383
725	456	472	383
724	457	474	382
724	450	476	380
722	451	478	380
721	451	481	379
720	450	483	381
719	450	486	381
717	449	489	382
716	449	491	383
715	449	493	384
715	448	493	386
714	440	495	387
713	446	497	389
712	446	498	390
704	445	500	392
703	444	502	393
703	436	503	394
703	436	504	395
695	428	505	396
694	428	508	398
685	427	510	399
684	426	512	401
676	426	513	402
676	425	514	403
675	424	516	404
675	424	517	406
667	416	517	406
659	416	519	407
659	415	520	408
658	415	520	409
650	407	522	410
651	406	520	411
651	406	520	412
651	406	521	413
643	405	522	413
643	398	522	414
642	404	523	416
642	403	524	417
634	403	525	418
633	402	526	420
626	401	527	421
632	401	528	423
624	401	529	423
624	393	529	423
624	393	530	424
623	392	531	424
623	392	533	425
615	392	533	425
614	392	534	426
614	399	536	427
613	398	536	428
613	398	537	429
613	397	537	430
613	404	538	431
613	404	538	432
612	411	539	433
612	410	539	434
612	410	539	434
612	395	539	434
612	402	539	435
612	402	539	435
612	402	538	435
613	402	538	434
621	402	536	435
621	402	537	436
621	409	536	437
621	409	536	437
622	408	535	439
622	407	534	440
622	414	534	442
630	413	534	444
630	412	534	446
638	411	534	447
638	411	533	449
639	410	532	451
639	401	530	453
648	393	528	454
649	392	527	456
658	391	525	457
666	390	523	459
667	381	521	461
668	381	520	462
676	373	519	462
676	372	518	463
677	366	517	461
677	359	518	460
677	359	516	458
678	360	516	457
686	361	515	456
685	361	516	455
685	354	516	454
685	354	517	454
692	354	518	453
692	347	518	452
700	347	518	452
700	347	517	452
700	340	518	451
707	341	518	450
707	341	518	449
707	334	517	448
707	334	518	448
707	334	518	447
707	334	518	448
707	334	518	448
707	334	519	448
706	334	519	449
706	334	520	449
706	334	520	449
706	334	521	449
705	333	522	449
697	333	522	450
689	333	523	450
690	333	522	451
682	332	522	451
683	332	520	453
683	331	520	453
675	331	520	454
676	331	520	454
668	331	519	454
669	331	518	453
669	332	517	453
669	340	517	452
662	340	517	451
662	341	516	450
662	349	516	449
662	350	516	447
663	358	515	446
663	358	514	445
663	367	515	443
655	360	515	441
656	369	514	439
655	370	514	437
662	371	516	434
662	372	516	432
662	373	515	430
662	382	516	428
661	383	517	426
661	384	518	424
668	385	519	422
667	386	520	420
668	387	520	418
667	388	520	416
667	389	521	414
673	390	523	412
672	391	526	410
671	391	528	409
670	392	530	408
669	392	532	408
668	392	534	407
667	392	537	407
666	392	539	407
664	392	541	408
656	392	543	408
654	392	546	409
653	391	549	409
660	391	550	410
659	391	552	410
658	391	555	411
649	382	556	412
648	382	559	413
647	381	561	415
638	380	563	417
629	371	565	419
629	370	567	421
628	369	567	422
627	368	569	425
627	367	571	427
617	366	574	429
616	365	575	430
624	364	577	432
623	363	577	434
606	363	580	436
622	362	580	437
596	361	583	439
572	360	585	441
629	360	583	442
622	359	582	443
605	358	582	445
605	349	582	446
606	349	581	448
597	348	583	449
588	348	585	450
612	347	585	451
595	346	587	452
603	346	586	453
586	345	589	454
628	345	585	456
629	344	583	456
621	345	583	456
621	344	583	456
622	344	581	457
624	344	579	457
640	344	577	457
650	344	574	457
636	344	571	457
645	344	569	456
646	344	566	456
647	345	564	455
649	345	561	455
642	345	559	454
642	346	558	453
642	355	557	452
643	355	556	451
345	402	551	451
347	395	546	450
349	396	542	448
638	381	542	446
637	375	543	444
644	376	545	442
643	377	547	439
650	378	548	437
650	387	547	435
651	388	547	433
651	389	546	431
651	390	545	428
644	399	545	426
644	400	545	423
644	409	545	421
644	410	544	419
644	412	544	416
644	413	545	414
643	414	546	412
644	414	545	412
644	414	545	411
644	414	546	411
644	414	545	411
644	407	544	410
652	408	544	409
652	408	543	409
653	407	542	410
660	400	542	409
661	400	540	410
663	400	537	410
664	400	535	410
664	399	534	411
672	392	533	411
673	392	531	411
674	392	529	411
682	386	529	409
689	386	530	408
696	386	531	407
703	387	531	406
703	386	530	408
704	385	528	409
704	385	528	410
712	385	526	410
714	385	524	409
721	385	525	409
722	385	523	409
728	386	524	409
728	379	524	407
728	379	525	406
728	387	525	406
734	381	526	403
734	381	527	402
733	382	528	400
740	383	529	398
734	384	527	398
741	385	529	395
733	386	530	394
740	372	531	392
739	388	532	389
739	389	532	387
740	389	530	386
747	391	530	384
741	384	529	382
740	385	529	381
741	386	529	379
741	393	528	378
743	393	525	379
751	387	522	377
752	394	520	376
753	388	518	374
753	396	518	373
754	397	517	372
755	384	514	369
762	385	514	366
762	386	513	364
763	394	513	363
762	388	513	361
763	390	512	358
763	390	512	356
770	398	512	354
769	399	513	352
769	401	514	348
769	389	515	346
768	404	515	343
769	405	514	341
776	412	513	340
776	413	513	339
783	420	513	338
783	420	512	337
783	427	512	336
784	428	511	335
791	434	509	335
792	435	507	334
793	435	505	334
794	436	504	332
801	437	504	330
808	438	502	329
809	431	501	328
810	431	499	328
817	438	498	328
824	438	496	327
826	438	492	327
834	438	489	328
835	438	486	329
837	438	483	329
844	425	481	328
844	432	481	328
845	426	480	327
850	426	481	327
854	414	486	325
853	415	488	324
852	421	490	323
851	416	492	322
852	416	491	322
834	422	488	321
847	422	487	321
848	423	486	320
843	423	483	320
839	428	479	322
834	428	476	322
834	423	475	321
842	423	472	320
825	423	469	320
843	423	470	319
807	429	467	320
814	423	466	319
821	424	464	319
822	424	462	318
811	424	461	318
812	424	458	318
813	424	457	318
813	418	456	317
802	418	453	317
797	418	451	317
799	413	448	316
800	413	445	316
795	413	444	315
796	414	443	314
790	415	441	312
785	416	440	310
786	416	439	309
787	411	436	308
789	412	433	307
790	412	430	306
785	413	428	304
787	413	426	303
788	414	423	302
789	414	421	301
791	420	417	301
786	420	415	301
788	415	412	299
789	416	409	297
790	417	407	296
792	419	404	293
793	420	401	290
795	421	398	288
786	422	393	286
794	423	388	283
796	419	385	281
803	421	380	278
810	422	376	275
812	424	374	271
809	425	369	268
815	427	367	264
817	429	363	261
820	426	357	258
817	432	353	254
819	434	349	252
826	440	345	249
823	441	342	246
825	442	337	245
828	447	331	243
830	449	327	241
832	450	323	238
834	451	319	235
836	453	315	232
838	454	312	229
843	455	310	227
845	456	305	226
843	461	302	225
844	461	300	224
845	462	298	223
843	463	294	221
848	463	292	220
841	467	289	220
846	467	288	220
855	468	285	219
845	468	283	218
855	468	278	219
864	468	275	219
854	467	272	219
852	467	269	220
861	463	266	221
926	602	266	219
926	599	266	217
856	473	262	217
927	591	263	214
861	467	259	215
928	588	260	212
752	490	253	214
857	465	251	213
749	486	246	214
870	454	243	213
754	483	239	213
865	466	237	211
873	445	235	210
753	473	229	210
752	473	225	210
899	440	225	208
752	474	219	208
867	469	219	205
745	473	214	203
567	290	215	201
415	220	216	196
411	222	217	191
408	221	218	187
408	220	218	184
402	224	216	182
405	219	216	179
403	217	216	176
400	213	215	173
400	211	215	170
397	212	214	168
395	210	213	166
393	211	211	164
390	204	211	161
385	208	209	159
385	200	208	157
384	204	206	155
381	200	205	152
376	198	204	149
375	197	202	147
373	198	199	144
372	196	197	143
372	192	195	140
368	191	193	138
364	191	190	136
363	190	188	134
361	186	187	132
352	184	185	130
351	185	182	129
349	181	181	127
343	179	178	126
342	180	176	125
340	176	174	124
332	176	172	123
331	174	170	122
325	175	168	121
322	170	165	120
316	169	163	119
312	169	161	118
309	168	160	116
301	166	158	115
296	166	155	115
292	165	153	114
287	165	152	113
282	165	150	113
278	165	148	113
275	164	147	112
269	164	146	111
268	162	144	111
263	163	143	110
257	163	141	109
256	163	140	109
253	162	139	108
249	164	139	107
246	164	138	107
242	163	137	106
239	163	136	105
234	163	135	105
230	163	134	105
227	163	132	105
226	162	131	104
225	162	130	104
223	162	130	103
221	162	130	103
219	163	130	102
217	163	130	102
214	163	129	101
211	163	128	102
210	163	127	102
209	163	125	102
210	163	124	102
209	163	122	102
207	164	121	103
206	164	120	103
207	166	118	103
206	166	117	102
205	166	116	102
204	167	114	101
203	168	112	99
204	168	110	99
205	170	108	98
206	171	107	97
208	171	106	95
204	172	104	94
212	174	104	93
206	174	103	93
212	175	104	92
208	175	103	91
212	177	103	91
214	177	103	89
215	178	105	87
216	179	107	85
215	180	107	85
215	180	108	84
215	182	106	84
215	182	106	84
215	183	106	85
216	183	106	85
215	183	104	87
215	185	104	87
214	184	104	87
212	186	104	88
211	187	103	88
210	188	101	88
211	190	100	88
211	191	98	89
212	192	95	89
206	193	92	91
207	193	91	91
206	194	89	91
203	197	87	91
199	201	86	90
196	201	84	89
196	205	83	87
136	239	79	87
188	209	78	85
128	240	74	84
119	239	72	83
111	236	70	81
105	237	68	79
100	237	67	78
92	237	67	77
84	235	66	76
76	235	66	75
68	235	66	74
62	233	67	73
53	233	66	73
45	232	66	72
35	231	67	71
27	232	67	70
17	230	67	69
9	229	67	69
1	229	67	68
-3	230	64	71
-3	231	60	75
-8	230	55	80
-7	230	49	85
-5	233	43	88
29	207	48	81
64	256	52	76
57	260	55	73
61	210	57	70
45	266	59	69
38	274	60	67
32	274	60	66
28	213	62	65
24	273	63	63
19	280	64	62
0	286	61	64
1	216	62	64
-2	213	60	65
-6	217	55	68
-7	217	50	71
-8	217	44	74
54	266	47	72
113	220	50	69
55	266	52	66
41	273	52	64
34	275	52	61
27	274	52	59
21	275	51	57
13	278	50	55
4	279	50	54
4	281	48	52
0	283	46	52
-2	283	43	53
-5	297	40	56
37	269	42	54
-2	235	39	55
-2	241	38	55
-5	238	35	56
35	210	38	53
35	168	40	50
21	208	42	48
-3	225	41	48
-4	222	38	50
-4	218	36	51
0	219	36	49
-2	214	35	50
-2	209	35	48
-4	215	32	50
-3	227	30	52
-2	226	28	53
-2	224	27	54
-1	224	26	54
-3	225	24	55
-2	227	23	56
-1	227	22	57
0	220	22	57
0	219	22	57
0	218	22	56
0	220	21	56
0	225	21	54
-1	226	21	53
0	223	21	52
0	220	21	52
0	219	20	53
-1	216	20	54
0	214	19	53
-1	213	19	53
0	211	19	53
0	212	19	52
0	211	19	51
7	245	21	49
6	244	23	47
0	261	23	45
2	241	24	43
-3	257	23	43
2	238	24	40
24	203	25	40
33	225	27	38
30	227	28	36
-1	231	27	36
-1	222	27	36
-1	221	26	36
-2	218	25	36
-1	203	24	37
-1	200	23	38
0	206	22	39
-1	204	21	40
-1	204	20	41
-1	219	20	40
0	206	19	40
-1	205	19	40
-1	206	18	40
0	202	17	41
0	197	16	40
0	203	16	39
0	187	16	38
0	188	16	37
-1	188	16	37
-1	186	15	37
-1	183	15	36
-1	188	15	35
0	193	15	34
0	179	15	33
0	180	15	33
0	181	14	33
0	179	14	32
0	179	14	32
0	178	14	31
-1	190	14	31
22	209	15	30
20	207	16	29
15	209	17	28
10	211	17	27
20	228	18	26
0	212	18	25
-1	214	18	26
2	235	18	25
0	237	18	24
-1	239	17	25
-1	226	17	24
-1	224	17	24
13	214	17	24
27	226	17	23
26	227	18	22
17	225	18	22
-1	210	17	22
17	199	18	22
16	196	19	21
29	194	19	20
27	196	19	20
22	197	20	19
16	193	20	19
-1	207	19	19
3	192	20	19
-1	206	19	19
-1	200	18	19
-1	201	18	20
-3	199	17	20
16	198	18	20
28	185	18	20
41	191	18	19
25	195	19	19
36	199	19	18
40	217	19	18
35	216	19	18
32	218	18	18
25	218	18	18
24	215	18	18
19	215	18	18
27	215	18	18
18	215	18	18
30	220	17	18
11	210	18	18
2	207	18	17
0	205	17	17
-2	198	17	18
-2	196	16	18
-2	193	16	18
-1	201	16	18
-1	199	16	18
-2	196	15	18
0	199	15	18
-2	193	15	18
0	197	15	18
16	201	15	17
25	214	16	17
41	228	16	17
40	228	16	16
46	238	16	16
43	237	16	16
40	235	16	16
35	233	16	16
33	231	16	16
30	229	16	16
27	227	16	16
24	225	16	16
18	223	16	16
15	221	16	16
1	205	16	16
10	216	16	16
4	215	16	16
1	213	16	16
0	212	15	16
0	210	15	16
-2	210	15	16
7	218	15	16
17	234	15	16
13	234	15	16
11	233	15	16
11	239	15	15
5	228	15	15
1	228	15	15
0	224	15	15
0	229	15	15
-3	240	15	15
9	243	15	15
19	252	15	15
27	266	15	14
25	265	15	15
20	264	15	14
15	256	15	14
1	244	15	14
0	244	15	14
-1	244	14	14
2	258	14	14
0	258	14	14
-1	256	14	14
11	252	14	14
19	243	14	14
14	240	14	14
0	225	14	14
-1	224	13	14
0	215	13	14
-2	215	13	14
9	210	13	14
10	209	13	14
5	209	13	14
1	209	13	13
-2	221	13	14
6	227	13	14
2	226	13	14
-1	225	13	14
2	231	13	13
15	234	13	13
14	234	13	13
20	247	13	13
15	247	13	13
3	245	13	13
3	244	13	13
-2	252	13	13
-3	262	13	13
-1	266	12	13
0	259	12	13
-2	271	12	13
0	280	12	13
0	291	12	13
4	290	12	13
15	276	12	13
20	281	12	13
13	282	12	13
8	281	12	13
2	282	12	13
1	286	12	12
-1	283	12	12
-2	280	12	13
9	286	12	12
0	282	12	13
2	288	12	12
3	298	12	12
0	306	12	12
2	306	12	12
2	302	12	12
0	300	12	12
0	286	12	12
8	276	12	12
0	276	12	12
0	273	12	12
-2	269	11	12
0	271	11	12
10	277	12	12
12	286	12	11
22	290	12	11
26	297	12	11
25	300	12	11
21	299	11	11
11	297	12	11
11	298	12	11
6	298	11	11
1	297	11	11
-2	299	11	11
7	307	11	11
3	308	12	11
1	308	12	10
1	317	12	10
5	317	11	10
0	316	11	10
-1	316	11	10
-1	313	11	11
0	306	11	11
-1	303	11	11
-1	297	10	11
5	298	10	11
0	292	10	11
8	297	10	11
15	289	10	11
10	288	10	11
0	288	10	11
1	286	10	11
7	279	10	11
0	269	10	11
-1	268	10	11
-1	276	10	11
5	282	10	11
0	291	10	11
9	288	10	11
8	295	10	11
5	295	10	11
11	301	10	10
10	309	10	10
5	309	10	10
0	308	10	10
-1	308	9	10
-1	316	9	10
0	324	9	10
0	336	9	11
1	339	9	10
8	344	9	10
14	347	9	10
16	352	9	10
11	353	9	10
14	362	9	10
8	364	9	10
0	359	9	10
-2	352	9	10
0	348	9	10
0	349	9	10
7	354	9	10
0	354	9	10
0	343	9	10
1	352	9	10
0	359	9	10
7	367	9	10
0	356	9	10
8	347	9	10
18	342	9	10
29	336	9	10
25	327	9	10
18	325	9	10
7	334	9	10
0	333	9	10
5	344	9	10
7	349	9	10
14	354	9	10
7	354	9	10
0	354	9	10
7	355	9	10
1	356	9	9
7	362	9	9
7	355	9	9
0	360	9	9
7	350	9	9
13	356	9	9
20	350	9	9
29	352	9	9
23	352	9	9
15	352	9	9
9	353	9	9
5	354	9	9
0	354	9	9
3	358	9	9
8	359	9	9
14	360	9	9
23	352	9	9
19	353	9	8
14	354	9	8
6	355	9	8
7	346	9	8
0	355	9	8
0	360	9	8
0	368	9	8
1	369	9	8
2	368	9	8
4	370	9	8
0	371	9	8
0	379	9	8
0	375	9	8
8	372	9	8
4	373	9	8
13	380	9	8
19	386	9	8
15	386	9	8
9	376	9	8
5	377	9	8
0	377	9	8
-1	379	9	8
6	371	9	8
11	364	9	8
6	363	9	8
1	364	9	8
7	360	9	8
0	364	9	8
0	364	9	8
0	365	8	8
0	366	8	8
7	368	8	8
13	357	8	8
4	348	8	8
0	348	8	8
9	341	8	8
6	342	8	8
1	343	8	8
9	341	8	8
6	342	8	8
1	343	8	8
2	349	8	8
9	352	8	8
4	353	8	8
0	354	8	8
-1	361	8	8
6	358	8	8
12	353	8	8
5	353	8	8
1	353	8	7
0	355	8	8
0	364	8	8
0	367	8	8
7	372	8	8
4	373	8	7
0	375	8	7
1	367	8	7
0	366	8	7
5	366	8	7
1	367	8	7
0	362	8	7
6	356	8	7
0	355	8	7
0	356	8	7
6	360	8	7
0	369	8	7
0	360	8	7
7	360	8	7
0	361	8	7
0	362	8	7
7	365	8	7
1	366	8	7
0	373	8	7
7	380	8	7
8	381	8	7
8	377	8	7
0	372	8	7
0	372	8	7
1	369	8	7
1	367	8	7
1	368	8	7
5	369	8	7
8	372	8	7
1	368	8	7
6	370	8	7
2	367	8	7
8	364	8	7
2	367	8	7
1	365	8	7
1	366	8	7
1	367	8	7
1	370	8	7
2	371	8	7
0	371	7	6
1	371	7	6
1	374	7	6
1	377	7	6
1	377	7	6
1	377	7	6
1	377	7	6
1	377	7	6
2	379	7	6
0	381	7	6
1	385	7	6
0	389	7	6
0	391	7	6
0	386	7	6
1	383	7	6
6	376	7	6
6	377	7	6
2	375	7	6
0	377	7	6
1	378	7	6
1	379	7	6
1	377	7	6
1	379	7	6
2	381	7	6
1	382	7	6
0	380	7	6
0	377	7	6
1	380	7	6
1	382	7	6
0	379	7	6
0	380	7	6
4	384	7	6
-1	390	7	6
0	388	7	6
0	394	7	6
0	395	7	6
-1	397	7	6
6	398	7	6
2	401	7	6
5	394	7	6
0	395	6	6
6	397	6	6
9	401	6	6
6	402	6	6
2	395	6	6
5	391	6	6
1	387	6	6
1	383	7	6
1	381	6	6
7	385	6	6
8	387	6	6
12	391	6	6
9	386	6	6
8	384	6	6
2	383	6	6
8	377	6	6
9	372	6	6
10	368	6	6
4	370	6	6
8	368	6	6
8	361	6	6
9	356	6	6
12	362	6	6
7	363	6	5
12	358	6	6
15	361	6	6
15	360	6	6
9	362	6	6
12	357	6	5
18	360	6	5
14	355	6	5
17	348	6	6
17	341	6	6
23	341	6	6
17	342	6	6
11	336	6	6
5	341	6	5
0	343	6	6
2	348	6	6
9	343	6	6
6	339	6	5
9	335	6	5
10	338	6	5
13	342	6	5
10	338	6	5
6	341	6	5
0	341	6	5
-3	343	6	5
-3	344	6	5
-3	346	6	5
-3	349	6	5
-3	353	6	5
-3	356	6	5
2	352	6	5
5	351	6	5
0	350	6	5
0	352	6	5
3	349	6	5
7	352	6	5
8	348	6	5
3	349	6	5
7	342	6	5
8	337	6	5
14	333	6	5
17	334	6	5
11	335	6	5
5	335	6	5
0	336	6	5
1	333	6	5
6	339	6	5
10	342	6	5
9	343	6	5
7	347	6	5
7	348	6	5
6	349	6	5
8	349	6	5
8	346	6	5
6	351	6	5
9	344	6	5
3	345	6	5
1	345	6	5
0	343	6	5
0	339	6	5
0	333	6	5
0	330	6	5
4	329	6	5
9	327	6	5
13	321	6	5
10	319	6	5
5	318	6	5
1	316	6	5
2	316	6	5
5	310	6	5
1	303	6	5
3	299	6	5
1	296	6	5
1	291	6	5
0	286	6	5
5	279	6	5
8	275	6	5
6	274	6	5
1	272	6	5
0	271	6	5
5	268	6	5
0	266	6	5
0	265	6	5
1	269	6	5
4	270	6	5
6	272	6	5
4	270	6	5
0	268	6	5
0	261	6	5
3	263	6	5
3	263	6	5
6	262	6	5
9	260	6	5
11	265	6	5
8	264	6	5
5	263	6	5
2	261	6	5
5	263	6	5
5	264	5	5
6	265	5	5
9	265	5	5
9	264	5	5
6	264	5	5
12	269	5	5
10	269	5	5
7	266	5	5
4	264	5	5
7	260	5	5
11	255	5	5
9	253	5	5
9	248	5	5
9	253	5	5
6	253	5	5
9	256	5	5
3	256	5	5
8	250	5	5
7	244	5	5
3	244	5	5
0	243	5	5
0	246	5	5
6	245	5	5
3	245	5	5
0	246	5	5
1	249	5	5
1	248	5	5
5	243	5	5
9	246	5	5
10	243	5	5
11	248	5	5
13	249	5	5
8	249	5	5
6	248	5	5
0	247	5	5
1	244	5	5
3	244	5	5
0	243	5	5
5	240	5	5
3	239	5	5
0	238	5	5
0	244	5	5
3	246	5	5
5	247	5	5
3	240	5	5
0	239	5	5
1	236	5	5
5	232	5	5
6	231	5	5
9	232	5	5
10	233	5	5
5	232	5	5
0	231	5	5
4	229	5	5
9	230	5	5
6	229	5	5
9	223	5	5
5	219	5	5
0	217	5	5
2	218	5	5
1	216	5	5
1	212	5	5
4	208	5	4
7	202	5	5
6	199	5	4
3	193	5	5
6	196	5	4
1	198	5	4
0	199	5	4
2	200	5	4
5	201	5	4
0	200	5	4
5	199	5	4
7	197	5	4
2	194	5	4
6	192	5	4
3	192	5	4
3	197	5	4
5	198	5	4
3	199	5	4
6	200	5	4
8	201	5	4
6	199	5	4
2	199	5	4
0	202	5	4
1	200	5	4
1	199	5	4
