958	153	193	89
960	151	191	90
960	151	191	91
960	151	191	91
960	151	191	91
957	150	193	92
954	150	195	92
953	150	197	93
952	150	198	93
949	152	200	94
948	154	202	94
947	154	204	94
946	156	206	94
944	156	209	94
943	156	212	93
942	156	214	93
940	159	217	93
940	159	218	93
942	159	218	93
943	161	217	94
946	161	216	95
947	160	213	96
948	159	212	97
949	158	210	99
949	157	208	101
953	157	207	103
954	156	205	104
957	150	202	105
958	149	201	109
959	145	200	111
962	144	198	113
962	142	198	113
962	142	199	112
961	139	200	113
960	139	201	113
959	140	203	112
958	138	205	110
957	140	207	107
957	141	209	106
956	139	210	103
953	140	211	101
949	141	214	101
948	139	215	100
945	136	217	100
944	136	219	101
943	133	222	102
942	132	224	103
941	122	224	102
941	122	224	102
949	123	223	101
953	121	222	100
958	119	220	98
962	120	218	98
966	117	216	99
969	116	214	99
975	114	212	100
978	111	210	100
984	107	208	99
984	107	207	99
987	104	207	99
987	102	206	100
992	101	206	101
992	101	207	101
997	99	207	101
999	97	207	100
1001	95	207	99
1003	93	208	98
1005	91	210	96
1004	89	211	95
1003	89	213	96
1005	89	214	96
1003	87	217	96
1002	87	219	96
1006	86	221	97
1006	84	222	97
1008	83	222	98
1011	81	221	98
1013	81	223	98
1012	78	224	98
1017	78	225	98
1020	76	224	98
1025	76	223	98
1028	76	222	98
1031	76	220	98
1035	75	219	99
1043	73	217	99
1046	73	216	98
1049	69	215	97
1050	69	214	96
1057	70	213	96
1060	67	213	95
1060	67	212	96
1062	68	212	95
1065	65	212	95
1066	65	214	95
1068	63	216	94
1067	62	217	93
1068	62	219	92
1068	62	221	92
1069	62	223	92
1068	60	225	92
1069	60	228	91
1068	60	229	91
1071	60	230	92
1073	59	230	92
1075	57	231	92
1075	57	231	92
1074	57	232	93
1074	57	234	92
1081	55	233	91
1081	55	233	91
1084	55	232	91
1087	56	231	90
1091	56	229	90
1094	56	228	89
1100	56	225	89
1104	56	223	88
1107	55	221	87
1108	55	219	87
1111	55	218	87
1111	54	217	87
1112	54	216	88
1112	54	216	89
1112	53	216	89
1108	56	218	89
1105	58	220	90
1105	58	220	90
1094	60	223	90
1090	61	226	89
1079	64	229	88
1077	66	232	88
1072	68	232	89
1072	69	233	88
1067	71	233	88
1064	71	234	89
1055	70	237	89
1054	70	238	90
1045	75	237	90
1045	75	236	90
1046	77	235	92
1045	77	231	92
1047	77	229	92
1045	77	227	91
1045	77	226	91
1046	77	224	91
1045	77	223	91
1045	77	221	91
1045	78	221	90
1043	78	221	90
1044	78	220	90
1042	78	218	90
1042	78	217	90
1038	78	216	89
1039	78	215	88
1029	79	216	87
1026	79	217	87
1020	79	220	87
1016	79	223	87
1008	79	226	87
1004	79	228	87
995	79	232	87
991	79	234	87
986	79	234	87
984	79	234	88
982	78	234	90
979	77	234	91
977	77	233	91
974	77	234	92
975	76	233	94
972	75	232	96
974	74	230	98
975	73	228	99
976	73	225	100
980	72	222	101
984	71	220	103
984	71	218	103
984	71	218	103
984	71	218	104
987	68	219	103
987	69	218	103
986	66	219	103
986	67	219	102
988	64	220	102
988	64	221	102
987	63	222	100
984	60	224	99
983	59	226	98
979	59	229	97
975	57	233	97
970	57	237	96
967	55	242	96
966	54	245	96
964	54	248	97
963	53	252	98
964	52	253	100
963	49	255	101
965	49	258	103
964	45	260	103
966	41	260	106
969	40	261	108
978	40	261	109
977	34	262	109
979	33	263	110
982	33	264	111
984	32	266	112
986	32	267	114
989	28	268	114
988	25	269	115
990	25	270	115
989	25	272	116
992	22	274	115
991	17	275	114
986	14	279	112
981	15	283	112
978	15	288	111
972	15	294	110
969	7	302	109
962	10	308	109
962	10	314	110
960	9	319	111
969	5	320	112
965	4	321	113
978	3	323	116
970	2	325	118
976	2	327	119
979	1	328	120
989	1	329	121
992	0	330	122
998	0	331	122
998	0	331	122
1001	0	331	122
1008	0	332	122
1014	-1	334	120
1013	-1	336	119
1022	0	339	118
1020	0	343	116
1029	-2	346	114
1027	-1	350	113
1035	-4	354	111
1045	0	356	110
1044	-3	359	109
1057	0	360	108
1064	1	361	107
1055	-1	364	106
975	109	361	111
977	114	356	115
1077	4	358	113
1083	-12	360	111
972	128	360	116
972	126	360	120
976	124	360	124
983	123	362	126
738	93	357	133
514	268	347	137
252	35	342	141
232	16	330	142
237	17	320	140
241	17	311	139
242	18	303	136
245	16	297	134
244	17	291	133
243	17	287	132
244	11	284	131
245	12	282	129
243	12	280	129
244	12	278	129
241	13	278	128
241	13	277	127
241	13	277	127
238	13	278	127
238	13	278	127
238	13	278	127
238	14	277	126
235	11	277	126
233	11	276	126
233	11	276	126
233	10	275	127
233	10	274	127
234	9	273	129
235	6	272	129
229	5	270	131
230	5	268	132
228	3	266	135
226	2	264	136
220	2	264	137
220	2	263	138
217	1	265	139
216	1	265	139
210	1	266	139
206	1	266	139
206	0	267	140
206	-2	267	140
206	-2	267	141
203	-2	267	141
199	-3	268	142
199	-3	269	144
195	-4	270	145
191	-4	271	145
184	-4	272	145
180	-4	273	145
173	-4	276	145
171	-4	278	145
160	-5	281	146
159	-5	283	147
147	-6	286	148
146	-6	289	149
134	-7	292	150
136	-7	295	150
128	-7	298	150
123	-7	301	151
121	-7	304	151
117	-7	306	150
112	-6	309	149
111	-6	311	148
106	-5	313	146
108	-4	316	145
105	-3	322	143
111	-2	331	141
109	-1	336	140
110	-1	342	139
112	-1	345	138
107	-1	347	138
101	0	345	137
105	0	344	137
99	0	342	136
100	0	339	135
100	0	338	134
101	1	337	133
99	1	334	132
100	2	332	130
98	3	329	128
99	4	327	127
100	5	325	125
100	5	324	124
101	6	323	123
101	6	322	122
102	7	321	121
102	7	320	121
99	7	319	121
99	6	319	122
99	6	319	123
103	6	319	123
103	5	319	124
106	5	318	125
109	7	319	127
109	9	320	130
108	8	321	132
108	7	322	135
111	9	323	138
114	8	325	140
113	7	326	142
112	6	327	144
115	9	330	144
114	13	331	143
113	25	333	142
112	25	335	142
115	29	337	141
114	33	338	140
113	42	341	138
111	46	344	136
113	51	348	134
112	56	351	132
114	61	354	130
112	61	357	129
114	66	360	126
113	67	363	125
111	71	366	123
110	72	369	122
109	77	372	121
107	77	374	120
105	78	378	118
104	78	381	118
101	78	386	117
99	78	391	117
92	74	397	118
89	66	402	119
82	61	409	120
75	57	415	121
89	41	420	120
88	41	422	120
87	37	425	120
313	347	419	126
316	378	412	132
320	375	404	138
336	372	396	144
340	369	389	150
340	358	382	156
347	346	376	162
353	332	370	167
356	325	366	171
361	315	363	175
