642	588	407	194
642	587	405	194
642	587	405	194
642	586	405	195
646	586	406	195
650	587	407	194
649	588	409	192
648	588	412	191
647	589	414	189
645	589	417	189
644	590	420	188
648	590	421	188
653	590	421	188
656	590	422	187
661	590	423	187
660	590	425	188
664	591	425	185
664	596	426	184
665	602	423	182
667	603	421	180
669	609	417	177
670	610	415	176
666	621	412	172
668	622	409	170
665	628	407	167
662	629	404	166
658	634	402	164
654	639	401	162
650	645	401	159
646	650	401	158
641	651	402	156
636	656	403	154
636	657	403	152
631	658	404	151
627	658	405	149
626	659	406	148
627	659	405	147
627	660	404	146
623	660	403	145
619	661	403	144
620	661	401	144
621	661	399	143
618	662	397	143
614	662	397	143
610	666	396	142
607	666	395	142
603	666	393	142
600	666	392	142
348	886	389	145
589	669	390	143
332	885	388	146
577	665	391	143
319	885	390	146
303	884	388	148
300	883	387	150
296	882	386	152
292	881	386	154
288	880	385	155
284	880	385	157
281	875	383	158
273	875	382	158
269	874	381	159
265	874	381	160
257	870	381	159
253	870	380	160
245	869	381	160
240	865	381	160
231	865	382	160
226	861	384	160
217	857	385	160
213	857	385	161
208	852	387	161
199	848	388	161
195	848	388	162
190	844	390	162
181	843	390	163
176	839	391	162
172	838	391	164
167	834	392	164
163	833	391	165
159	833	391	166
154	829	392	166
150	829	392	166
141	824	392	166
137	824	391	167
133	823	391	168
129	823	391	169
124	823	391	169
120	823	392	169
115	819	393	168
106	819	393	168
101	819	394	168
97	814	394	169
93	814	393	170
85	813	392	170
80	813	392	171
76	813	392	171
72	813	392	172
68	809	392	171
64	808	391	172
60	808	390	172
51	808	389	173
48	808	388	173
44	808	387	173
40	808	387	173
35	803	387	173
27	803	387	174
22	803	386	175
18	802	386	175
13	802	387	176
9	802	388	176
4	802	388	176
0	798	388	176
-3	792	387	178
-7	792	386	178
-11	792	385	178
-14	792	383	178
-18	792	381	179
-17	787	379	179
-15	788	376	178
-13	788	372	178
-11	784	369	178
-9	784	365	177
-7	784	360	177
-9	785	356	176
-11	785	352	175
-13	790	347	173
-15	791	343	171
-16	792	337	170
-13	792	331	169
-15	788	327	169
-16	789	321	168
-17	790	315	166
-18	790	310	165
-18	791	304	164
-16	791	298	164
-13	791	292	163
-13	792	287	162
-14	792	281	161
-14	793	275	160
-15	793	269	159
-16	794	264	158
-13	794	258	157
-13	794	252	157
-10	791	247	156
-11	792	242	155
-12	792	237	155
-12	792	231	156
-12	788	226	156
-13	788	221	156
-13	785	215	157
-10	785	210	157
-11	782	204	157
-8	783	199	156
-8	780	193	155
-7	780	187	155
-7	778	181	154
-6	776	175	153
-6	776	168	152
-5	777	162	151
-12	777	155	150
-9	778	149	149
-8	776	143	148
-7	777	137	147
-8	776	130	148
-6	774	125	147
-12	774	120	147
-9	774	114	147
-7	775	109	146
-14	775	104	146
-12	777	99	145
-9	780	95	145
-12	782	89	144
-9	782	83	143
-7	784	78	142
-6	784	74	140
-5	780	70	138
-3	782	70	133
-8	782	67	130
-6	785	69	124
-2	791	71	118
-11	791	68	115
-10	827	64	118
-10	776	63	115
-9	774	64	110
20	826	72	102
19	830	80	94
43	804	88	86
70	808	94	80
69	815	99	75
19	807	105	69
61	823	107	67
68	896	106	65
10	847	108	61
5	849	109	60
7	853	110	58
16	804	113	55
0	853	113	55
-1	852	112	54
0	806	111	52
25	812	113	51
18	805	115	49
13	802	115	48
12	805	115	47
39	823	113	49
12	821	113	50
42	830	111	52
12	823	111	52
12	820	109	51
-1	819	107	52
15	816	108	52
1	827	107	51
6	827	106	51
0	828	105	50
49	819	104	50
5	827	103	49
0	829	102	49
6	829	101	49
44	810	103	47
77	818	98	50
139	818	98	49
78	814	95	52
106	874	92	54
120	904	98	52
111	963	97	49
106	964	96	47
104	964	95	46
101	965	94	44
99	964	93	43
102	964	89	43
99	963	85	44
96	963	83	43
94	962	81	43
95	962	80	42
135	994	74	47
135	993	70	51
134	991	67	53
132	989	65	54
128	990	64	55
127	989	64	56
121	990	64	56
118	990	65	54
115	989	65	56
110	989	67	56
107	990	69	55
104	988	71	55
95	988	73	54
93	988	74	54
78	990	77	53
79	989	80	53
74	988	82	54
74	988	84	55
145	945	86	55
152	947	84	54
86	931	87	52
145	948	88	51
145	949	87	50
84	937	90	47
143	952	89	49
76	959	94	45
69	961	99	40
63	961	102	37
131	958	99	41
69	946	101	40
62	963	102	38
60	962	102	36
63	959	103	36
63	952	103	36
62	954	104	35
59	956	105	34
62	956	104	35
119	954	98	38
124	952	95	39
124	955	92	40
67	954	92	40
118	954	90	42
68	954	90	42
69	954	89	42
118	954	87	42
68	956	88	42
68	955	89	41
67	955	89	41
65	955	91	40
67	956	90	41
67	957	88	41
66	958	87	41
67	958	86	41
66	959	86	41
66	959	86	40
64	960	86	40
65	960	86	40
67	961	84	41
66	962	83	41
67	962	81	40
63	963	82	40
68	964	82	40
62	964	82	39
64	964	81	40
66	966	80	40
67	965	78	41
85	965	73	43
90	965	69	46
80	964	68	45
88	965	66	46
90	965	65	46
90	964	64	47
92	962	63	47
92	962	62	48
93	962	62	48
94	956	61	49
103	909	60	50
95	955	60	50
97	953	58	52
95	953	59	51
109	908	61	49
92	955	62	49
93	961	62	48
104	909	63	47
108	909	64	46
90	960	63	47
91	965	63	46
92	965	63	45
93	966	63	45
111	923	66	42
113	912	65	43
110	913	65	43
111	914	64	43
112	913	63	42
111	915	63	42
113	916	62	41
114	915	61	42
110	914	61	41
108	911	60	40
110	917	60	41
104	914	60	40
106	914	60	40
112	915	59	40
110	916	59	40
67	875	59	40
105	833	62	38
47	803	64	37
78	806	68	34
36	806	69	33
36	805	68	33
54	806	69	33
101	830	70	32
141	836	75	31
144	837	78	30
165	844	86	30
159	844	92	30
