1145	64	70	38
1144	63	69	39
1146	63	68	40
1150	64	69	41
1150	65	70	42
1154	68	71	42
1155	67	70	43
1159	68	71	43
1160	68	72	43
1161	69	71	43
1162	70	70	44
1165	70	71	44
1166	71	71	44
1168	73	71	43
1169	74	71	44
1171	75	71	44
1175	74	72	45
1175	75	71	45
1176	76	71	46
1180	78	71	46
1181	79	70	47
1182	80	70	47
1186	82	70	47
1186	84	71	47
1190	85	71	47
1192	90	71	46
1193	91	72	46
1197	94	72	45
1198	94	71	46
1200	95	72	46
1202	101	72	45
1206	102	73	44
1207	108	73	43
1208	107	73	43
1212	108	74	43
1213	110	73	44
1214	111	73	44
1216	116	74	44
1218	116	74	44
1220	117	74	45
1221	119	74	45
1222	119	73	46
1224	123	73	47
1224	124	73	47
1228	126	73	47
1229	129	73	48
1230	129	73	48
1232	131	74	48
1233	133	73	48
1234	136	74	48
1236	139	74	48
1237	143	74	48
1239	145	74	48
1239	145	73	50
1242	149	73	52
1243	149	73	53
1245	156	74	52
1247	156	74	52
1248	160	75	52
1248	160	74	52
1252	167	75	52
1255	167	75	53
1255	170	73	53
1256	171	72	53
1259	172	72	53
1260	178	72	54
1262	178	71	54
1265	180	71	54
1266	183	71	53
1268	186	71	52
1270	187	71	52
1274	190	73	50
1275	191	73	50
1276	195	73	49
1277	196	73	49
1281	202	73	49
1284	203	74	48
1284	204	74	48
1289	204	74	48
1289	207	75	48
1290	208	75	48
1293	213	75	48
1295	213	75	48
1297	213	74	49
1300	219	75	50
1302	219	75	50
1303	220	75	51
1306	221	75	51
1308	222	75	51
1311	226	75	52
1314	228	75	52
1315	229	75	51
1317	231	75	51
1319	234	75	51
1321	237	75	50
1325	240	75	49
1326	241	75	49
1330	247	75	48
1334	249	77	47
1334	250	77	47
1335	251	76	47
1339	257	75	46
1341	258	75	46
1343	259	74	46
1346	264	74	46
1348	264	73	47
1350	270	73	46
1355	270	74	46
1356	272	74	46
1358	275	74	47
1360	277	75	46
1362	279	75	46
1365	286	75	46
1367	286	75	46
1370	288	76	46
1374	294	76	45
1375	294	75	44
1377	297	75	43
1378	300	75	43
1383	302	76	42
1385	306	76	42
1387	307	76	42
1390	312	76	41
1392	314	76	41
1393	316	77	40
1396	319	78	40
1398	319	78	40
1401	322	79	40
1403	323	79	41
1405	324	79	41
1408	325	78	42
1409	327	78	42
1411	327	77	43
1415	328	77	44
1416	332	77	44
1419	332	76	45
1421	332	75	46
1425	333	75	47
1425	334	75	48
1427	334	74	49
1432	335	75	49
1432	335	74	50
1434	338	73	51
1439	339	73	51
1440	341	73	51
1443	342	73	51
1445	343	74	51
1447	343	75	51
1451	349	76	50
1453	349	76	50
1457	349	76	50
1458	350	76	50
1461	351	76	50
1466	352	77	50
1468	354	77	50
1471	355	77	50
1475	361	80	48
1476	362	81	47
1479	362	83	46
1482	365	83	46
1484	365	82	46
1489	365	83	46
1491	367	84	46
1494	369	83	46
1500	371	83	46
1501	374	85	46
1504	375	87	46
1508	376	90	46
1510	380	91	45
1512	383	92	45
1514	384	93	45
1518	389	94	44
1519	390	96	45
1521	395	96	45
1524	395	95	46
1528	398	97	45
1530	399	96	46
1533	403	96	46
1536	405	97	46
1539	406	96	47
1541	408	97	47
1544	411	97	48
1546	412	96	49
1551	415	96	50
1553	415	96	51
1558	421	95	53
1560	420	95	54
1562	422	94	55
1564	424	93	56
1568	428	92	57
1571	430	91	57
1575	437	91	57
1577	438	91	57
1580	442	90	56
1585	447	91	55
1586	452	90	55
1589	456	89	54
1592	462	89	53
1595	468	88	52
1596	471	86	51
1599	477	85	50
1604	483	85	49
1606	486	85	49
1611	493	84	49
1612	495	84	49
1614	502	83	50
1617	504	82	51
1619	511	80	51
1622	511	79	52
1626	518	80	53
1629	521	80	53
1631	526	79	54
1634	532	79	54
1634	534	80	54
1638	541	80	53
1640	544	80	53
1642	550	81	52
1645	551	81	52
1646	558	82	51
1649	562	82	51
1650	564	83	51
1652	569	82	51
1654	571	83	51
1657	577	83	51
1658	578	83	52
1661	583	83	52
1663	584	83	53
1664	584	83	54
1666	587	82	55
1668	588	82	56
1672	590	81	58
1672	593	80	59
1676	595	80	59
1677	597	80	59
1679	598	79	59
1681	601	79	59
1684	605	78	59
1685	607	78	58
1689	610	78	58
1690	614	78	57
1692	614	77	56
1694	617	76	55
1697	619	76	55
1700	621	75	55
1701	622	74	54
1704	624	74	54
1707	626	74	55
1708	626	73	55
1710	629	73	55
1712	630	72	56
1713	631	71	56
1715	635	70	56
1716	636	70	57
1718	638	70	57
1720	639	70	57
1721	641	70	58
1722	646	70	58
1721	647	71	57
1722	650	72	57
1722	650	72	56
1722	657	72	56
1724	658	72	55
1725	658	71	55
1727	662	71	55
1727	662	70	55
1729	663	70	55
1731	664	69	55
1732	665	68	55
1734	665	67	56
1737	665	65	56
1739	665	64	58
1740	665	62	59
1741	664	60	61
1742	663	58	63
1745	661	57	65
1746	660	56	66
1747	659	54	68
1747	660	54	68
1747	660	53	69
1746	661	54	69
1746	661	54	68
1747	663	54	67
1747	663	54	66
1748	663	54	66
1749	663	54	65
1749	664	54	65
1749	663	54	65
1750	663	54	66
1752	662	53	66
1753	661	52	67
1756	660	50	68
1757	659	49	70
1759	657	47	71
1761	657	45	72
1763	656	44	72
1763	656	42	72
1766	657	42	72
1771	660	42	70
1772	661	42	69
1776	663	42	68
1775	665	43	67
1774	666	45	66
1775	667	46	65
1775	668	47	64
1777	669	46	63
1779	670	46	63
1780	671	46	62
1781	672	46	62
1782	672	46	62
1783	673	46	62
1784	674	45	61
1785	675	45	61
1785	675	44	61
1786	675	42	61
1787	675	41	62
1786	675	38	62
1788	675	36	63
1786	676	35	64
1787	677	34	65
1787	677	33	66
1787	678	33	66
1788	679	32	67
1788	681	32	68
1788	681	32	69
1787	683	33	70
1787	685	35	70
1786	686	36	70
1786	688	37	70
1785	687	39	71
1784	688	41	72
1784	687	42	73
1785	687	42	74
1789	687	42	76
1789	687	41	77
1789	688	42	77
1787	691	44	77
1787	693	46	76
1787	697	47	75
1786	699	48	74
1786	704	50	72
1787	706	51	71
1787	708	52	70
1787	709	53	69
1787	710	54	69
1788	713	55	69
1787	713	56	69
1788	715	57	69
1787	715	58	69
1787	715	60	69
1787	716	61	70
1787	715	63	71
1786	715	64	72
1786	714	66	72
1786	714	67	73
1785	713	69	75
1784	713	70	78
1783	712	72	80
1782	711	74	82
1781	712	76	82
1780	713	80	82
1778	715	83	82
1777	716	86	82
1775	717	89	81
1775	717	91	79
1774	718	93	79
1773	716	95	79
1775	715	95	81
1774	711	95	84
1774	708	96	86
1773	708	97	87
1773	708	99	86
1772	710	100	85
1769	711	103	83
1767	714	105	80
1765	715	108	78
1762	718	111	76
1760	722	113	74
1757	722	115	73
1755	722	117	73
1753	722	118	73
1751	722	119	74
1748	721	121	75
1746	720	122	77
1744	716	123	79
1742	713	124	82
1740	712	125	84
1738	711	127	85
1735	709	128	86
1733	709	130	86
1730	709	131	86
1729	709	133	86
1727	710	135	85
1726	710	137	84
1723	709	138	84
1722	706	140	85
1720	705	142	87
1719	705	143	88
1719	704	144	90
1716	704	146	90
1713	704	147	90
1711	704	149	90
1710	708	150	88
1708	711	151	87
1705	714	152	85
1703	717	153	83
1699	717	154	82
1698	717	155	82
1695	717	155	83
1697	716	155	84
1693	715	155	86
1691	714	155	87
1689	713	156	90
1685	712	156	93
1683	711	156	95
1681	710	156	97
1676	710	156	99
1674	712	157	101
1672	713	157	103
1668	714	157	104
1664	714	158	104
1659	717	158	103
1658	717	157	102
1658	718	157	100
1652	721	157	99
1653	721	155	98
1649	721	155	98
1649	722	155	96
1647	723	155	94
1647	723	154	94
1641	724	154	93
1642	723	154	94
1640	723	153	95
1638	720	152	97
1630	720	153	97
1630	720	153	97
1628	723	154	95
1625	724	155	93
1625	724	155	93
1624	723	154	94
1622	723	155	95
1620	720	155	97
1620	718	154	97
1615	717	155	98
1616	715	154	99
1616	712	153	100
1618	710	150	101
1619	708	147	100
1621	705	144	99
1623	704	140	97
1622	705	138	96
1623	706	136	94
1624	705	134	92
1625	706	133	90
1625	705	132	89
1626	706	131	87
1626	706	130	85
1625	707	130	83
1625	706	129	82
1626	707	128	81
1625	708	126	80
1624	708	124	79
1624	707	121	78
1626	705	116	79
1627	705	113	79
1627	703	109	79
1626	701	105	80
1625	699	101	82
1624	697	97	83
1618	695	93	84
1619	693	90	85
1619	691	86	85
1618	691	82	86
1618	690	78	86
1617	688	75	86
1617	687	72	86
1617	687	70	86
1614	687	68	86
1614	686	67	86
1609	686	67	86
1608	686	66	86
1608	685	65	86
1609	685	62	87
1607	683	61	86
1606	683	61	87
1604	682	61	86
1601	682	62	86
1598	683	63	85
1595	683	64	84
1590	684	65	83
1586	684	67	82
1584	685	68	81
1577	685	69	80
1576	685	69	79
1572	684	70	79
1569	684	71	78
1564	684	72	78
1563	683	73	78
1555	682	73	78
1553	681	75	77
1552	680	76	77
1546	677	77	77
1544	676	78	77
1540	675	79	77
1539	673	80	78
1534	672	81	78
1531	670	82	79
1529	667	84	79
1523	666	85	80
1522	663	86	80
1518	661	87	81
1516	660	88	82
1512	658	90	83
1510	656	91	83
1506	655	92	84
1503	653	94	85
1501	653	95	85
1499	651	96	85
1495	649	97	86
1492	649	98	86
1490	648	99	86
1486	648	100	86
1485	646	101	86
1483	645	102	85
1476	645	103	85
1476	645	103	86
1473	644	104	85
1470	644	104	85
1467	643	104	84
1464	643	104	84
1460	643	105	83
1457	644	105	83
1455	643	106	81
1451	643	107	80
1448	644	107	79
1443	645	106	77
1441	644	106	76
1438	644	106	75
1435	645	106	74
1432	646	107	73
1427	646	106	72
1426	644	104	73
1419	643	102	73
1420	642	100	74
1416	642	98	74
1413	641	97	74
1410	639	95	74
1409	639	93	74
1405	640	92	74
1404	640	90	73
1397	640	89	72
1397	641	87	72
1391	641	86	72
1391	639	84	72
1388	639	82	72
1382	638	81	72
1381	638	79	72
1379	638	77	72
1377	637	75	73
1372	636	73	73
1372	636	71	74
1366	634	69	75
1366	634	67	75
1358	633	67	76
1358	632	65	77
1351	632	65	77
1345	632	64	77
1345	632	63	78
1336	632	62	78
1332	633	61	78
1325	633	61	78
1323	634	61	77
1315	635	61	77
1315	635	60	77
1308	635	59	77
1306	636	59	78
1300	636	59	78
1299	637	58	78
1292	637	58	79
1290	637	58	79
1285	637	58	79
1285	637	58	80
1277	638	57	80
1278	639	57	81
1271	638	57	83
1269	637	56	83
1265	637	56	85
1262	637	56	87
1256	635	56	89
1254	634	55	91
1251	633	54	93
1246	632	54	95
1245	630	53	97
1238	629	52	98
1237	627	51	100
1229	626	51	102
1228	626	50	103
1226	625	49	104
1220	625	48	104
1219	625	48	105
1217	624	48	105
1211	624	47	105
1210	624	47	105
1202	623	46	107
1200	621	47	109
1193	623	48	108
1190	625	50	106
1182	627	52	104
1181	628	54	102
1171	629	57	101
1168	628	58	102
1161	627	59	104
1157	627	59	105
1149	626	60	106
1148	626	60	107
1143	625	59	108
1141	626	58	109
1135	626	57	109
1130	628	56	108
1125	629	56	108
1123	629	55	108
1119	626	55	109
1117	627	57	109
1114	630	60	108
1111	635	64	106
1100	637	67	103
1099	638	69	102
1090	636	69	102
1081	634	68	103
1072	634	67	104
1069	632	65	105
1060	632	63	105
1053	631	61	106
1052	631	59	107
1043	632	58	107
1039	632	57	108
1031	632	57	108
1026	633	57	109
1018	634	58	110
1013	635	58	110
1009	634	60	111
999	632	63	110
988	634	66	108
981	632	69	107
972	632	70	108
967	632	72	108
963	632	76	108
955	634	79	106
946	635	82	104
938	637	83	103
928	637	84	103
919	638	84	104
910	637	83	105
906	637	83	107
895	636	83	108
893	636	84	110
884	635	84	113
874	635	84	116
873	634	85	119
863	633	85	121
859	632	87	122
850	631	88	124
848	630	89	126
842	630	90	127
837	632	91	125
831	633	92	123
826	634	94	121
818	633	97	120
810	632	99	118
800	633	102	117
796	630	104	115
787	631	108	113
775	630	106	115
769	630	106	116
760	629	103	118
755	629	102	118
748	628	101	119
743	626	102	120
737	627	103	122
733	626	105	123
723	626	106	124
721	626	107	123
709	626	108	123
707	627	109	123
694	627	108	122
693	626	107	120
681	618	106	115
671	619	109	112
666	621	112	108
662	622	116	104
648	619	119	99
644	620	122	97
641	619	124	95
636	620	124	93
627	621	121	92
622	621	121	91
616	623	120	91
608	623	119	90
597	623	117	90
588	623	115	91
588	624	113	91
576	624	113	91
575	624	113	92
564	625	112	91
553	624	111	89
546	624	110	86
538	623	108	84
535	623	107	82
525	622	106	80
516	621	106	77
502	621	111	74
497	622	113	72
486	622	115	70
471	621	118	67
463	622	120	65
452	623	122	63
450	622	120	62
443	623	119	61
434	623	118	60
430	624	118	59
424	624	116	57
414	624	115	55
407	625	115	54
398	626	114	53
390	626	114	52
382	626	110	52
373	627	111	51
365	627	110	50
357	628	107	50
349	630	108	49
340	631	108	49
331	632	105	50
325	633	104	50
318	634	101	49
310	635	100	49
303	636	98	48
295	638	98	48
286	639	99	48
277	640	99	48
269	642	99	49
261	643	100	50
252	645	101	50
242	645	101	51
234	647	102	53
224	646	102	55
214	645	104	57
210	653	107	58
199	650	108	61
190	649	110	64
184	652	112	66
172	652	113	68
164	653	114	70
156	653	114	72
148	658	115	74
139	657	115	77
130	660	115	79
121	662	114	81
117	670	116	82
105	669	116	84
97	669	117	86
91	674	117	88
82	679	117	88
76	687	116	89
71	687	117	89
61	688	117	90
58	700	116	90
47	702	115	88
42	707	113	88
33	712	112	87
25	721	113	85
21	721	111	86
9	727	109	86
6	728	107	87
1	729	104	88
0	733	100	89
-6	731	95	92
-3	742	93	90
-2	754	91	88
-2	758	89	86
-2	765	86	85
-8	765	81	85
-5	769	78	85
-2	771	75	84
-5	773	71	85
-1	775	70	83
0	780	68	81
0	785	69	77
1	790	71	73
0	792	71	71
-2	725	68	74
56	689	75	70
58	688	78	68
51	691	80	67
48	692	81	67
36	702	83	65
27	706	85	63
15	714	87	62
6	714	90	61
