1615	1786	421	241
1616	1779	417	242
1616	1778	416	245
1617	1771	414	248
1628	1769	413	251
1634	1762	412	256
1645	1759	411	261
1686	1758	412	264
1681	1756	412	267
1677	1749	410	271
1685	1742	405	275
1544	1681	399	280
1546	1610	394	281
1296	1295	385	286
993	1400	379	286
751	1692	371	288
626	1473	362	290
619	1468	356	291
632	1462	351	292
619	1462	345	292
627	1462	340	292
633	1462	337	291
630	1463	332	291
633	1457	328	292
635	1463	324	291
636	1463	321	290
754	1700	316	289
647	1475	311	289
763	1699	308	288
647	1478	303	288
770	1698	301	285
642	1477	298	285
777	1693	293	284
642	1479	291	285
775	1692	287	284
646	1476	285	284
782	1688	282	282
653	1470	282	282
783	1698	279	280
785	1703	276	278
654	1471	275	279
786	1704	273	277
794	1703	267	277
665	1476	267	278
795	1696	264	276
787	1698	264	271
796	1704	262	268
798	1709	259	266
808	1710	254	265
802	1706	251	264
664	1482	250	265
807	1699	249	262
814	1708	244	260
816	1712	240	260
818	1713	236	259
819	1710	233	256
816	1712	231	254
822	1712	228	253
822	1710	227	249
827	1710	224	249
828	1715	222	248
830	1718	219	247
831	1715	216	246
837	1716	213	246
841	1726	212	240
842	1719	209	240
839	1716	208	238
839	1713	208	236
840	1714	206	236
840	1718	206	234
845	1718	203	235
849	1720	201	236
854	1723	198	237
858	1723	197	237
859	1724	197	236
859	1723	195	237
859	1724	196	235
855	1723	197	232
855	1723	197	231
859	1722	196	232
855	1724	197	229
856	1724	196	230
852	1725	197	227
866	1725	196	227
863	1725	195	228
859	1722	195	225
856	1723	194	225
853	1724	195	222
853	1724	194	222
853	1722	194	220
853	1729	194	218
842	1725	196	214
849	1723	196	212
856	1729	195	213
856	1732	194	213
857	1724	192	215
857	1728	192	214
860	1725	193	213
853	1717	194	210
848	1701	197	204
1022	1508	198	198
1034	1484	194	195
1038	1484	191	190
1037	1485	187	187
1041	1487	184	184
1047	1481	180	183
1045	1488	177	181
1046	1502	176	175
1044	1500	173	173
1045	1502	172	170
1046	1497	170	169
1047	1498	167	167
1048	1501	165	167
1049	1496	163	167
1050	1504	161	166
1048	1499	160	165
1051	1499	159	164
1050	1496	157	165
911	1403	159	160
1046	1508	160	156
908	1400	162	152
1045	1511	160	153
912	1402	160	148
1044	1511	158	149
913	1404	158	145
908	1405	159	142
906	1405	158	138
904	1406	157	136
1044	1510	159	135
910	1407	159	133
908	1408	158	131
909	1411	156	130
906	1406	158	126
909	1409	157	124
912	1411	155	124
910	1412	155	124
912	1412	154	123
910	1413	154	122
911	1413	153	122
911	1412	152	122
903	1403	151	123
908	1408	150	122
911	1411	148	121
913	1411	149	120
911	1412	149	119
909	1412	148	119
909	1408	147	118
909	1411	147	116
910	1412	146	115
910	1412	146	114
910	1412	145	114
909	1413	144	113
907	1410	144	114
910	1413	143	113
910	1413	142	113
910	1412	142	114
910	1412	141	113
908	1411	141	113
910	1411	141	112
908	1413	141	112
910	1412	142	110
908	1414	141	111
909	1412	140	110
909	1414	139	111
909	1409	140	109
911	1411	140	108
909	1413	140	108
911	1414	140	107
911	1414	140	106
909	1414	139	105
909	1411	139	105
911	1411	139	104
912	1411	138	104
910	1411	138	104
910	1413	137	105
911	1413	136	105
911	1412	136	106
911	1412	135	106
913	1414	136	107
911	1413	136	108
912	1412	137	106
910	1414	137	107
912	1414	137	106
912	1412	137	106
912	1412	137	105
912	1414	137	106
913	1415	136	108
913	1413	136	108
912	1413	135	108
912	1411	134	109
886	1326	128	110
888	1325	124	111
890	1325	121	111
891	1324	118	111
918	1411	123	110
916	1412	127	108
915	1413	129	107
889	1327	125	106
890	1326	122	106
915	1409	126	105
916	1412	129	104
913	1413	131	104
912	1414	132	103
912	1415	133	101
913	1415	134	101
911	1413	135	102
912	1413	135	102
914	1413	136	101
914	1414	136	100
912	1412	136	100
913	1413	137	100
