1657	411	262	151
1657	411	260	149
1667	404	253	150
1688	401	242	150
1523	346	240	148
1500	322	237	147
1506	319	238	148
1506	318	237	150
1532	327	239	150
1557	337	246	148
1558	337	242	148
1560	338	239	147
1700	425	230	153
1711	422	221	160
1712	399	213	164
1705	376	208	163
1717	355	202	163
1717	332	197	163
1714	316	198	160
1711	317	198	158
1717	309	196	158
1737	281	191	158
1737	267	185	159
1735	241	183	157
1733	231	182	154
1734	240	180	153
1741	225	177	152
1742	210	175	150
1737	212	174	147
1735	209	172	143
1748	209	168	143
1750	211	163	143
1746	207	157	142
1744	201	156	138
1728	185	155	134
1779	8	149	140
1776	-6	147	138
1777	-5	145	137
1767	-2	146	135
1754	1	151	132
1739	4	158	130
1739	40	162	127
1756	38	160	125
1759	39	158	123
1760	47	156	121
1761	68	156	118
1757	81	158	114
1776	100	151	114
1779	107	145	113
1781	110	140	111
1783	114	137	108
1777	130	136	106
1774	145	135	106
1767	159	137	104
1755	168	139	102
1753	169	142	100
1742	173	146	96
1766	190	151	94
1692	190	150	89
1667	195	148	83
1642	205	147	77
1643	209	145	72
1613	213	144	68
1591	225	141	64
1569	233	140	60
1547	244	137	58
1526	254	135	58
1526	255	134	57
1506	257	132	58
1491	267	129	59
1474	270	126	60
1454	279	125	60
1441	288	124	60
1441	288	123	60
1430	290	120	59
1415	301	118	57
1401	305	119	55
1384	315	118	53
1377	323	117	52
1377	321	116	51
1359	334	115	50
1351	343	114	50
1345	355	114	49
1342	372	111	50
1337	389	106	51
1339	388	103	53
1330	402	101	53
1320	417	101	51
1310	423	100	51
1297	426	100	51
1279	442	102	48
1281	438	101	46
1268	450	102	44
1263	462	101	43
1245	477	101	42
1207	524	98	44
1142	463	92	50
1146	404	89	52
1134	415	87	53
1080	474	87	54
1100	500	85	57
1022	567	89	57
1001	583	91	56
994	584	92	55
988	598	92	56
974	613	88	58
973	621	87	59
965	628	83	61
959	640	84	61
958	640	84	61
952	650	84	60
945	667	84	59
935	677	86	58
928	691	87	57
919	707	88	55
920	705	89	54
912	715	89	53
898	728	87	55
892	741	87	55
883	752	87	56
872	762	86	56
873	761	86	56
864	773	87	56
856	784	86	56
844	798	86	56
837	806	87	56
829	818	88	56
829	816	87	57
820	826	86	58
809	838	87	57
800	847	89	56
793	857	90	56
787	865	91	57
788	865	92	57
778	875	90	58
771	884	90	58
764	892	90	59
756	898	89	61
750	908	90	61
750	908	92	60
743	916	90	62
742	927	93	60
733	936	94	60
725	941	93	61
719	950	93	62
720	950	93	62
741	959	96	61
714	966	98	61
720	971	101	60
714	979	104	61
705	987	108	61
703	985	113	61
701	990	116	61
696	999	120	61
680	1002	119	63
678	1009	119	64
674	1014	122	63
673	1014	123	62
673	1014	125	62
670	1022	130	59
699	1023	131	56
795	1019	134	57
789	1020	134	57
789	1022	136	56
787	1027	131	57
783	1021	130	58
777	1030	133	54
774	1031	134	52
768	1030	137	50
810	1031	140	49
893	1017	133	54
906	1014	125	58
886	1024	125	57
943	1014	122	60
955	1015	122	61
948	1014	122	62
941	1015	123	61
932	1020	125	60
964	1020	135	56
952	1031	143	53
947	1032	150	50
944	1033	156	48
940	1034	158	46
934	1035	158	44
920	1037	158	43
917	1037	157	43
914	1035	157	44
915	1036	159	43
914	1035	158	44
909	1024	152	48
819	1024	148	51
798	1026	145	52
797	1027	147	51
897	1024	144	54
916	1021	144	56
913	1022	146	57
905	1017	149	59
903	1014	147	61
947	1000	139	67
960	997	132	73
941	995	125	77
938	993	119	80
937	992	112	83
941	993	104	85
944	996	98	84
948	996	93	84
955	1002	90	81
985	1003	90	77
984	1004	87	77
976	1007	85	76
1005	996	79	80
1010	996	74	82
1009	1007	74	77
1027	1017	76	71
1031	1020	78	66
1020	1020	76	63
1003	1020	75	61
1002	1019	75	60
997	1020	72	60
991	1019	69	60
998	1020	67	60
1033	1030	73	54
989	971	72	54
963	1025	72	53
1015	1031	73	51
1079	1030	74	51
1020	1030	75	49
1013	1031	75	48
964	1031	73	48
945	1034	75	46
971	1034	74	45
961	1040	76	42
940	1037	75	41
927	1043	77	39
877	1044	78	37
870	1045	80	35
864	1045	80	34
851	1039	77	36
913	1043	76	36
871	1042	75	37
934	1043	76	36
939	1044	78	34
883	1040	76	36
831	1040	73	38
792	1039	70	39
757	1039	70	38
724	1039	70	38
733	1039	68	37
735	1043	67	36
714	1041	66	37
661	1040	68	36
641	1042	67	36
606	1041	66	36
559	1041	66	36
524	1041	65	36
472	1043	68	36
417	1041	70	36
361	1041	71	35
317	1045	72	35
304	1046	73	34
303	1045	75	33
299	1045	73	34
312	1045	73	34
319	1046	76	32
377	1045	76	33
338	1046	77	32
