1490	324	23	17
1491	323	22	17
1492	322	22	17
1494	322	22	17
1494	322	22	17
1495	320	22	17
1497	320	22	17
1497	319	22	17
1499	319	22	17
1501	318	22	17
1501	317	23	17
1502	317	23	16
1503	315	23	16
1505	314	23	16
1505	314	23	16
1506	314	23	16
1507	313	23	16
1509	313	23	16
1509	312	23	16
1509	312	24	16
1510	311	24	16
1512	311	24	15
1511	309	24	15
1513	308	24	15
1513	308	24	15
1513	308	23	15
1514	306	23	15
1515	306	23	15
1515	304	23	15
1516	304	23	15
1516	303	23	15
1517	302	23	15
1517	302	23	15
1517	299	23	15
1519	298	23	15
1518	298	23	15
1518	296	23	15
1518	296	23	15
1518	294	23	15
1518	294	23	15
1519	294	23	15
1518	292	24	15
1518	292	24	15
1518	290	24	15
1518	291	25	15
1519	289	25	15
1519	289	25	15
1519	289	25	15
1520	289	25	15
1520	289	25	15
1520	287	25	15
1520	287	25	15
1520	287	25	15
1521	287	25	15
1521	287	25	15
1521	287	25	15
1521	286	25	15
1521	286	25	15
1521	286	26	15
1521	286	26	15
1521	286	26	15
1522	286	26	15
1522	286	26	15
1522	287	25	15
1522	287	25	16
1523	287	25	16
1523	287	25	16
1523	288	25	16
1524	288	25	16
1524	288	25	16
1524	288	25	16
1524	289	24	16
1524	289	24	16
1524	290	24	16
1525	290	24	16
1525	290	23	16
1526	291	23	16
1526	292	23	16
1526	292	22	17
1527	293	22	16
1527	293	22	17
1527	295	21	17
1528	295	21	17
1528	295	21	17
1529	296	21	17
1529	296	20	17
1529	298	20	17
1529	297	19	17
1530	297	19	17
1530	298	19	17
1531	298	19	17
1531	300	18	17
1531	300	18	17
1531	300	18	17
1533	300	18	17
1533	301	18	16
1533	301	17	16
1534	301	17	16
1534	302	17	16
1534	302	17	16
1534	302	17	16
1534	303	17	16
1534	303	17	16
1535	303	17	16
1535	303	17	16
1536	303	17	16
1536	303	17	15
1537	304	16	15
1537	303	16	15
1537	304	16	15
1537	304	16	15
1539	305	16	15
1539	305	16	15
1539	305	15	16
1540	305	15	16
1541	305	15	16
1541	305	15	16
1542	307	15	16
1542	307	15	15
1542	307	16	15
1542	307	16	15
1542	307	16	15
1542	307	16	15
1542	308	16	15
1542	308	17	15
1542	308	17	15
1542	310	17	15
1542	309	18	15
1542	309	18	15
1543	309	17	15
1543	309	17	16
1543	309	17	16
1544	309	17	16
1544	309	17	16
1545	311	17	16
1545	311	18	16
1545	311	18	16
1544	311	18	16
1546	311	18	16
1547	311	18	16
1546	311	18	16
1546	311	18	16
1548	311	18	16
1548	311	18	16
1548	311	18	16
1548	311	17	17
1548	311	17	17
1549	312	17	17
1549	312	17	17
1550	312	17	17
1550	312	17	17
1550	313	17	17
1550	313	17	17
1550	313	17	17
1551	314	16	17
1551	315	16	17
1551	315	16	17
1552	315	16	17
1552	315	16	17
1552	315	16	17
1552	315	16	17
1552	315	15	17
1552	315	15	17
1553	315	15	17
1553	315	15	17
1553	315	15	17
1553	316	15	18
1553	317	15	18
1553	316	15	18
1554	316	15	18
1554	316	15	18
1554	317	15	18
1554	317	15	18
1555	317	15	19
1555	317	15	19
1555	318	15	19
1555	318	15	19
1555	318	16	19
1555	318	16	19
1555	318	16	19
1555	318	16	19
1555	318	16	19
1556	319	16	20
1556	319	17	20
1555	319	17	20
1555	319	17	20
1556	319	17	20
1556	319	17	20
1556	319	17	20
1556	319	17	20
1556	319	18	20
1556	319	18	20
1556	319	18	20
1556	319	18	20
1555	319	18	20
1556	319	18	20
1556	320	18	20
1556	320	18	20
1556	321	18	20
1557	321	18	20
1557	321	18	20
1557	321	18	20
1558	322	18	20
1558	322	18	20
1558	322	19	21
1559	322	19	21
1559	322	19	21
1559	322	19	21
1559	323	19	21
1559	323	19	21
1559	323	20	21
1561	323	20	21
1560	323	20	21
1561	323	20	22
1561	323	20	22
1562	325	20	22
1562	325	21	22
1562	326	21	22
1562	327	21	22
1563	327	21	22
1563	329	21	22
1563	330	21	21
1563	331	21	21
1564	332	21	21
1564	332	20	21
1564	333	20	20
1565	334	20	20
1565	335	20	20
1566	335	20	20
1566	335	20	20
1566	335	20	20
1566	336	19	19
1566	337	19	19
1566	337	19	19
1566	337	19	18
1566	337	19	18
1566	339	19	18
1567	338	19	18
1567	339	19	18
1568	339	19	17
1568	339	19	17
1568	340	19	17
1568	340	19	17
1568	340	19	17
1569	340	19	17
1569	340	19	17
1570	340	19	17
1570	340	19	18
1570	340	19	18
1570	340	18	18
1571	340	18	18
1571	340	18	18
1571	340	18	18
1572	340	18	18
1572	340	18	18
1573	340	18	18
1573	339	18	18
1573	338	18	18
1573	339	18	17
1574	339	18	17
1574	337	18	17
1574	337	18	17
1574	338	18	17
1574	337	18	17
1575	337	17	17
1575	337	17	17
1577	337	18	17
1577	336	18	17
1577	335	18	17
1577	335	18	17
1579	335	18	17
1578	334	18	18
1579	334	18	18
1580	334	18	18
1580	334	18	18
1581	334	18	18
1581	333	18	18
1581	333	18	18
1583	332	18	19
1584	333	18	19
1584	333	18	19
1584	332	18	19
1585	332	18	19
1585	332	18	19
1585	331	19	19
1567	338	19	18
1569	354	19	18
1586	334	20	19
1586	327	20	19
1600	325	20	19
1601	326	20	19
1588	333	20	19
1588	334	20	19
1569	353	21	19
1569	354	21	19
1569	354	21	19
1569	354	21	19
1580	355	21	18
1579	354	22	18
1578	356	22	18
1568	356	22	18
1577	354	22	18
1588	337	22	18
1578	355	22	18
1599	363	23	18
1580	356	23	18
1599	365	23	18
1601	365	24	18
1600	367	24	18
1577	357	24	19
1598	366	25	19
1600	368	25	19
1600	367	25	19
1600	368	25	20
1599	367	25	20
1600	367	25	20
1599	369	25	20
1597	370	26	20
1599	369	26	21
1600	370	26	21
1598	370	26	21
1598	370	26	22
1599	371	26	22
1597	371	26	22
1597	372	26	22
1598	373	26	22
1598	373	26	22
1575	366	27	22
1584	340	28	22
1583	338	28	22
1584	339	29	22
1594	360	28	22
1582	341	28	22
1594	361	28	22
1595	362	28	22
1596	363	28	22
1596	364	28	22
1596	364	28	22
1597	365	28	21
1596	380	28	22
1578	371	29	21
1584	346	29	22
1584	344	29	22
1583	344	30	22
1584	344	30	22
1582	344	30	23
1592	325	30	22
1593	324	31	22
1593	325	31	22
1592	326	31	22
1581	343	31	22
1582	344	32	22
1590	327	32	22
1588	327	32	22
1590	327	33	22
1588	327	33	22
1587	328	34	21
1587	328	34	21
1586	328	35	21
1586	328	35	21
1585	329	35	21
1584	328	35	21
1584	328	35	21
1584	329	36	21
1580	340	35	22
1581	343	35	23
1581	342	35	24
1584	327	35	24
1583	327	36	23
1584	328	36	23
1584	328	36	23
1583	328	36	22
1582	329	36	22
1583	329	36	22
1582	329	37	22
1578	350	36	22
1582	330	37	22
1581	330	37	22
1581	330	38	21
1582	330	38	22
1581	329	38	22
1581	329	38	22
1581	329	37	22
1581	329	37	22
1580	328	37	21
1580	329	37	21
1580	329	36	21
1581	328	36	21
1581	327	36	21
1581	326	36	21
1580	326	36	21
1580	325	36	20
1580	324	36	20
1579	323	36	21
1581	323	36	20
1581	322	36	20
1578	342	35	21
1577	342	35	21
1581	320	35	21
1581	318	35	21
1581	317	35	21
1581	317	35	21
1581	316	35	21
1581	313	35	21
1579	313	35	21
1579	334	35	22
1578	334	35	22
1579	332	35	23
1578	331	34	24
1578	329	35	24
1581	305	35	24
1581	305	35	23
1581	303	35	23
1581	302	35	23
1578	322	35	23
1577	323	35	24
1577	321	35	24
1576	321	35	24
1577	319	35	24
1577	318	35	24
1578	318	35	25
1579	317	35	25
1578	317	35	25
1577	314	35	26
1577	314	35	26
1577	314	35	26
1576	313	35	26
1576	313	35	26
1575	312	35	26
1574	312	36	26
1574	311	35	26
1574	311	36	26
1574	311	36	26
1573	310	36	26
1573	310	36	26
1573	310	35	26
1573	310	35	26
1571	308	35	26
1570	309	35	26
1569	308	36	26
1569	308	35	26
1568	308	35	26
1571	285	36	25
1570	285	36	24
1570	285	36	24
1568	285	37	23
1568	285	36	23
1569	285	36	23
1568	285	36	22
1567	285	36	22
1563	308	35	23
1563	308	35	24
1561	308	34	24
1562	308	34	24
1562	308	34	24
1561	308	34	24
1560	309	34	24
1560	309	34	24
1560	309	34	24
1560	310	34	25
1562	288	34	24
1558	309	34	24
1556	309	34	25
1557	310	34	25
1560	287	34	24
1557	310	34	25
1557	310	34	25
1560	288	34	24
1556	310	34	24
1556	310	33	24
1559	289	34	23
1558	289	34	23
1557	289	35	22
1557	289	35	22
1557	289	35	21
1557	289	35	21
1555	289	35	21
1552	313	35	22
1555	291	34	22
1554	291	34	21
1555	291	34	21
1553	312	34	22
1553	312	34	22
1554	312	34	23
1553	312	34	23
1550	312	33	23
1550	312	33	23
1551	313	33	23
1552	313	33	23
1550	313	33	23
1550	313	33	24
1550	313	33	24
1549	313	33	24
1548	313	34	24
1548	313	34	24
1548	313	34	24
1548	313	34	24
1547	313	34	24
1546	313	34	24
1546	313	34	24
1546	313	35	24
1546	313	35	24
1542	291	35	23
1542	291	36	22
1541	290	36	22
1540	290	37	22
1541	291	36	22
1541	291	36	22
1541	291	36	22
1541	291	36	22
1541	290	35	22
1539	291	36	21
1543	312	35	22
1543	313	34	23
1543	313	34	23
1542	313	34	23
1541	312	34	23
1541	312	34	24
1540	312	34	24
1540	312	34	24
1540	311	34	24
1540	311	34	24
1540	310	34	24
1540	310	34	24
1540	310	34	24
1540	309	34	24
1539	308	34	24
1539	308	34	24
1540	308	34	24
1539	308	34	24
1539	308	34	24
1539	307	34	24
1540	307	34	25
1540	307	34	24
1540	306	34	25
1540	306	34	24
1541	306	34	24
1540	306	34	25
1540	306	34	25
1541	305	34	25
1541	304	35	24
1540	304	34	24
1540	304	35	24
1541	303	35	24
1542	302	35	24
1542	302	35	24
1543	300	35	24
1543	300	35	24
1543	300	35	24
1544	299	35	24
1544	299	35	25
1544	298	35	25
1544	297	35	25
1544	295	35	25
1544	295	35	25
1543	295	35	25
1543	295	35	25
1544	294	35	25
1544	294	35	25
1543	294	35	25
1543	293	35	25
1543	293	36	25
1543	293	36	25
1543	293	36	25
1543	293	36	25
1543	293	36	25
1542	293	36	25
1542	293	36	25
1543	293	36	25
1533	271	36	25
1533	271	35	24
1543	294	35	25
1542	294	35	25
1542	294	35	25
1542	294	35	25
1542	294	35	25
1542	294	35	25
1542	294	35	25
1542	294	35	25
1542	295	35	25
1541	295	35	25
1541	296	35	25
1541	297	35	25
1542	297	35	25
1541	297	35	25
1540	296	35	25
1539	298	35	25
1540	298	35	25
1540	297	35	25
1539	297	35	25
1539	297	34	25
1539	298	34	25
1539	298	34	25
1540	298	35	25
1540	298	35	24
1540	298	35	24
1540	298	35	24
1540	298	35	24
1540	298	35	24
1541	298	35	24
1541	299	35	24
1540	298	35	24
1542	298	35	24
1541	296	35	24
1541	295	35	24
1541	294	35	24
1541	294	35	24
1541	290	35	25
1542	290	35	25
1541	290	35	25
1541	288	35	25
1542	287	35	25
1541	285	36	25
1542	284	36	25
1542	283	36	25
1542	282	36	25
1542	282	36	25
1543	282	36	25
1543	281	36	25
1543	280	37	25
1543	279	37	25
1543	278	37	25
1544	278	37	25
1543	278	37	25
1543	277	37	25
1544	276	37	25
1544	276	37	25
1545	274	37	25
1545	274	36	25
1545	273	36	25
1545	272	36	25
1545	272	36	25
1545	271	36	25
1544	270	36	25
1544	269	36	25
1544	269	36	25
1544	268	36	25
1544	268	36	25
1544	267	36	25
1543	267	36	25
1543	266	36	25
1543	265	36	25
1542	265	36	25
1541	265	36	25
1541	265	36	25
1541	266	36	25
1539	267	36	24
1539	268	36	24
1539	268	36	24
1538	269	36	24
1537	269	36	24
1537	270	36	24
1537	269	36	24
1536	271	36	24
1535	271	36	24
1534	272	36	24
1534	273	36	24
1533	273	35	24
1533	273	35	24
1534	274	35	25
1532	273	35	24
1532	274	35	24
1531	274	35	24
1531	275	35	24
1531	275	35	24
1530	275	35	24
1529	277	36	24
1529	277	35	24
1529	277	35	24
1529	278	36	24
1529	278	36	24
1529	278	36	23
1529	278	36	23
1528	278	36	23
1529	278	36	23
1528	278	35	23
1528	278	35	23
1528	278	35	23
1528	278	35	23
1528	278	35	23
1529	278	35	23
1529	278	35	23
1530	278	35	23
1529	278	34	23
1529	277	34	23
1530	277	34	23
1530	277	34	23
1529	277	34	23
1529	277	34	23
1529	277	34	22
1531	277	35	22
1533	277	35	22
1532	277	35	22
1532	276	35	22
1532	276	35	22
1533	276	35	22
1533	276	35	22
1533	276	35	22
1534	276	35	22
1533	276	35	22
1534	276	35	22
1534	276	35	22
1535	276	34	22
1535	276	35	22
1536	276	34	22
1536	276	35	22
1534	275	35	22
1535	275	35	22
1535	275	35	22
1534	275	35	21
1535	275	35	21
1536	275	35	21
1536	276	35	21
1536	276	35	21
1536	276	35	21
1536	276	35	21
1536	276	35	21
1536	277	35	21
1537	277	35	21
1535	277	35	21
1537	278	35	21
1538	278	35	21
1538	279	35	21
1538	279	34	21
1538	280	34	21
1539	280	34	21
1539	280	34	21
1539	281	33	21
1539	281	33	21
1539	281	33	21
1539	285	34	21
1540	285	34	20
1537	286	34	20
1540	286	34	20
1539	288	34	20
1538	288	34	20
1540	289	33	20
1540	289	33	20
1540	290	33	20
1540	290	33	20
1540	290	33	20
1541	291	33	20
1540	292	33	20
1541	293	33	20
1543	293	33	21
1519	311	32	22
1541	295	32	22
1544	295	32	22
1543	294	32	22
1543	294	32	22
1517	291	32	22
1492	271	32	23
1492	270	31	23
1492	270	31	23
1493	270	31	23
1466	244	30	25
1489	269	31	24
1491	271	31	24
1491	270	31	24
1491	271	30	24
1467	246	30	24
1491	271	31	25
