1075	422	36	52
1074	421	35	53
1075	420	34	55
1075	420	35	55
1076	420	34	56
1077	420	34	57
1077	420	35	58
1078	420	35	59
1078	421	35	60
1079	422	35	60
1079	422	36	61
1079	422	38	60
1079	424	39	60
1078	426	40	59
1081	426	40	60
1080	427	41	61
1081	428	42	61
1080	430	43	60
1080	431	44	60
1080	432	45	60
1081	433	45	60
1080	434	46	60
1082	434	45	62
1082	435	45	62
1083	435	44	62
1084	436	44	62
1085	437	44	63
1085	437	44	63
1085	439	44	62
1086	439	43	63
1086	440	42	64
1086	441	43	64
1088	441	42	65
1087	442	43	64
1087	443	44	65
1088	443	43	65
1088	443	44	64
1089	444	44	64
1089	445	45	64
1089	445	46	64
1089	446	47	64
1089	446	48	64
1088	446	48	64
1088	447	50	63
1087	446	50	64
1087	447	51	64
1087	450	53	64
1087	450	52	65
1086	449	52	65
1086	449	52	65
1085	450	52	65
1085	451	53	65
1085	452	54	65
1085	452	55	65
1084	453	56	66
1083	453	57	66
1082	455	59	65
1082	456	60	65
1081	456	61	65
1081	457	63	64
1080	458	65	64
1080	459	66	63
1078	461	68	62
1077	461	68	62
1077	462	69	61
1076	463	67	62
1077	464	67	62
1077	465	68	62
1077	466	68	62
1077	467	67	62
1077	467	66	62
1076	468	66	63
1076	468	65	64
1076	469	65	64
1076	469	65	65
1076	470	65	65
1077	470	65	65
1076	471	66	65
1077	472	66	65
1077	472	67	65
1076	474	68	64
1076	474	69	65
1076	474	71	64
1076	474	72	64
1075	474	73	64
1074	475	74	63
1073	476	75	63
1073	476	74	63
1073	476	74	63
1073	476	75	62
1072	476	76	61
1072	476	74	62
1073	476	74	62
1074	476	74	62
1073	476	73	62
1072	476	72	62
1073	476	71	63
1074	474	71	63
1074	474	70	64
1075	474	69	64
1075	474	68	65
1075	474	67	65
1075	474	67	65
1074	474	67	65
1074	474	66	64
1073	474	66	64
1075	473	65	64
1074	473	65	64
1074	473	65	64
1073	473	65	64
1077	473	64	64
1073	473	64	63
1076	474	63	64
1074	474	62	65
1077	474	62	63
1077	475	61	63
1076	476	60	64
1080	477	59	63
1080	477	58	64
1081	478	57	64
1082	478	57	64
1082	477	56	65
1083	478	56	65
1084	479	55	66
1084	478	55	67
1086	479	54	67
1085	480	54	68
1087	480	53	68
1086	480	54	67
1086	482	55	66
1089	483	55	66
1088	484	55	65
1089	484	55	65
1092	484	54	66
1091	486	55	65
1092	486	54	65
1093	486	54	65
1094	489	54	65
1097	489	53	65
1097	490	53	65
1098	489	52	66
1099	489	51	66
1100	489	50	68
1098	492	51	67
1097	493	52	66
1097	494	53	65
1099	495	53	65
1099	495	53	64
1100	495	52	64
1101	496	52	64
1102	496	53	63
1102	497	53	63
1102	498	54	63
1103	499	54	64
1104	499	54	64
1104	500	55	64
1105	500	55	64
1107	500	54	65
1106	501	53	66
1106	501	54	66
1105	502	53	66
1106	501	53	67
1107	502	52	68
1108	504	52	67
1108	504	52	68
1106	504	53	67
1106	504	53	67
1106	505	54	67
1107	506	54	67
1107	505	54	68
1108	507	55	67
1108	507	54	68
1107	508	54	69
1106	507	54	70
1107	507	55	70
1108	509	54	70
1108	508	53	71
1110	508	52	73
1107	506	52	75
1106	508	54	73
1108	509	55	71
1103	509	56	71
1105	511	56	71
1105	512	56	71
1105	511	56	72
1104	511	56	72
1102	512	57	71
1104	513	56	72
1103	514	57	72
1102	515	59	70
1104	515	59	71
1104	517	59	71
1104	516	58	73
1102	515	58	75
1103	517	58	76
1101	516	59	77
1101	518	60	76
1099	520	61	75
1098	524	63	74
1098	524	64	73
1099	524	64	74
1098	526	65	73
1098	527	65	73
1099	530	66	73
1098	532	66	73
1098	532	66	73
1101	536	67	72
1100	536	67	73
1100	536	66	74
1101	538	67	74
1101	538	67	75
1101	540	68	75
1103	540	67	78
1103	541	67	79
1103	541	68	80
1105	541	67	82
1107	542	67	84
1108	542	68	84
1110	543	67	85
1106	544	69	85
1108	550	68	86
1109	548	69	86
1112	549	68	88
1109	549	68	87
1115	551	67	88
1112	551	68	88
1117	553	66	89
1115	553	64	90
1119	554	63	90
1115	554	64	90
1115	554	64	89
1116	555	64	88
1112	555	66	87
1127	556	64	88
1119	556	63	88
1124	556	61	89
1121	557	61	89
1120	557	60	89
1121	557	59	89
1124	557	57	90
1123	557	58	89
1122	557	59	88
1128	557	57	89
1126	557	57	88
1123	557	57	89
1127	556	54	90
1128	557	54	91
1128	556	53	92
1127	556	53	92
1128	555	52	92
1128	555	50	93
1130	554	49	94
1130	554	48	94
1133	555	47	93
1132	556	48	92
1132	557	48	91
1136	557	47	91
1136	558	47	90
1136	559	46	91
1136	559	45	92
1137	560	45	92
1138	560	45	92
1141	561	44	92
1140	561	45	92
1141	561	45	92
1142	562	45	91
1143	562	44	92
1142	562	45	91
1143	562	45	92
1143	562	44	91
1143	562	44	91
1144	564	43	92
1144	565	43	92
1144	565	43	91
1145	566	43	92
1146	566	42	93
1146	566	42	93
1146	568	42	93
1144	567	44	92
1144	567	44	92
1143	567	45	92
1147	566	44	94
1145	566	45	93
1145	569	46	93
1143	569	47	93
1143	568	47	94
1143	568	46	94
1142	568	46	94
1145	569	46	95
1143	569	47	94
1141	570	49	93
1142	569	48	94
1139	570	50	93
1139	570	51	93
1138	569	52	94
1138	571	53	93
1137	571	54	93
1137	571	54	93
1135	572	56	92
1133	572	58	90
1132	573	59	90
1132	572	59	90
1132	572	60	90
1130	572	61	90
1130	573	61	90
1131	572	60	91
1129	571	60	90
1128	571	60	89
1129	573	60	90
1128	573	61	89
1128	573	61	89
1126	573	62	89
1125	573	61	89
1124	573	62	89
1123	573	62	88
1123	574	63	88
1124	573	62	89
1123	572	63	89
1124	575	62	91
1123	573	62	91
1122	573	62	92
1122	573	63	92
1119	573	63	91
1119	573	64	91
1119	573	64	91
1119	574	64	92
1120	575	63	93
1119	575	64	92
1119	576	63	93
1119	576	64	93
1119	576	65	93
1117	577	66	92
1115	578	67	92
1115	577	68	93
1113	578	68	94
1113	578	68	94
1113	578	69	94
1112	578	70	93
1112	578	70	94
1113	578	69	94
1112	578	70	94
1111	578	70	94
1110	578	72	94
1110	578	72	94
1108	578	73	94
1108	579	73	95
1108	580	73	95
1108	580	73	96
1109	580	72	96
1109	579	72	96
1109	579	71	97
1109	579	71	97
1109	579	72	96
1109	580	71	96
1110	581	71	96
1111	582	71	97
1111	583	70	98
1111	581	70	98
1111	582	70	98
1112	582	69	99
1112	582	69	99
1112	582	69	99
1112	583	68	100
1112	582	68	99
1112	583	68	100
1114	583	67	100
1114	585	67	101
1114	584	66	102
1114	584	66	102
1116	585	65	103
1116	587	66	102
1116	587	66	103
1116	587	66	104
1115	589	67	104
1115	592	67	104
1115	592	68	103
1115	593	67	104
1117	592	66	105
1118	593	67	104
1118	593	66	104
1119	592	65	105
1119	593	67	103
1119	593	67	103
1119	594	67	102
1118	596	69	100
1118	597	68	100
1119	599	69	99
1119	598	69	99
1121	598	68	100
1122	599	67	99
1123	601	68	99
1122	602	69	97
1122	604	69	95
1122	605	71	93
1122	607	71	92
1123	607	72	92
1123	607	72	92
1125	608	71	92
1125	608	71	93
1127	607	70	94
1130	608	70	94
1129	607	70	94
1132	607	70	94
1133	609	71	93
1134	611	72	91
1133	613	72	90
1135	613	72	90
1138	615	71	91
1144	614	70	93
1141	613	69	94
1146	614	68	95
1147	615	66	97
1149	613	65	99
1151	615	64	101
1150	617	65	101
1151	615	63	103
1151	616	62	105
1153	616	63	105
1154	619	63	104
1154	619	63	105
1156	619	62	104
1160	621	61	105
1159	621	62	104
1161	621	62	105
1165	621	61	105
1167	623	60	106
1170	623	60	107
1171	623	60	107
1172	626	60	106
1175	625	60	107
1177	624	61	107
1171	624	60	107
1175	622	60	108
1177	623	61	107
1180	624	61	107
1184	622	60	109
1182	622	61	108
1185	621	60	110
1188	621	62	109
1182	621	61	110
1190	622	61	111
1190	623	63	109
1190	624	64	108
1187	624	64	106
1193	622	63	108
1192	623	63	108
1194	623	63	109
1194	624	66	107
1197	624	68	106
1197	624	68	107
1204	626	70	105
1204	626	72	105
1205	627	73	104
1198	627	74	103
1202	629	75	102
1202	627	75	103
1204	627	74	104
1208	627	74	104
1207	628	76	102
1205	629	78	100
1208	628	77	102
1212	625	75	104
1214	627	76	103
1216	627	76	104
1216	627	75	104
1224	626	73	106
1232	625	72	109
1228	626	71	108
1234	628	71	107
1229	628	72	107
1230	629	74	105
1226	630	77	102
1230	631	78	102
1230	631	78	102
1229	630	80	101
1230	629	79	102
1230	629	78	102
1239	626	75	105
1248	625	71	108
1238	625	71	108
1245	624	69	109
1246	622	69	110
1253	621	67	112
1245	622	68	111
1255	622	66	111
1255	622	67	110
1251	623	68	109
1256	622	67	110
1265	620	65	111
1264	619	62	114
1273	620	60	114
1267	619	61	113
1269	620	60	113
1264	620	62	112
1271	620	60	112
1268	621	62	111
1274	621	60	113
1267	620	61	113
1274	621	61	112
1272	623	62	112
1271	623	64	111
1274	623	64	111
1275	623	64	110
1278	625	63	111
1278	624	62	112
1277	624	62	112
1277	624	63	112
1278	624	63	112
1281	623	61	114
1282	625	61	114
1281	626	63	111
1284	627	62	112
1284	629	62	111
1285	629	61	110
1286	629	62	108
1287	629	61	108
1287	629	60	109
1286	629	61	107
1286	628	61	107
1285	629	62	106
1285	629	63	104
1285	630	63	104
1285	630	63	103
1285	630	63	102
1285	630	63	102
1285	630	63	102
1287	630	62	102
1288	631	61	103
1290	631	59	104
1290	631	58	104
1290	631	59	103
1290	631	58	103
1290	632	58	103
1291	633	56	105
1291	633	57	104
1291	633	57	104
1291	634	57	103
1292	635	57	104
1293	635	58	104
1294	636	58	105
1294	636	58	104
1294	636	60	104
1295	636	59	104
1296	636	60	104
1296	636	60	104
1295	636	61	103
1297	636	60	104
1298	636	61	104
1299	638	62	103
1300	638	62	102
1299	639	63	101
1301	640	62	100
1302	641	62	99
1304	642	62	98
1305	643	62	97
1307	643	61	98
1307	644	61	97
1308	646	61	97
1310	645	59	97
1311	647	59	97
1313	647	59	96
1315	649	60	95
1316	649	60	96
1317	650	59	95
1318	650	60	96
1320	649	59	97
1320	649	59	97
1321	650	60	96
1322	650	61	95
1323	651	60	97
1325	651	58	98
1326	653	59	97
1328	653	58	97
1329	653	58	98
1332	652	57	99
1332	651	56	101
1334	652	56	101
1336	653	54	102
1340	651	54	103
1341	653	55	102
1342	652	53	104
1342	653	55	102
1347	654	54	103
1346	654	55	101
1348	653	54	102
1349	653	54	102
1350	652	55	102
1354	652	54	102
1354	652	55	102
1355	652	56	102
1355	651	55	103
1357	650	54	104
1358	650	54	103
1359	649	54	103
1360	649	55	103
1361	648	55	101
1366	649	55	102
1367	649	55	102
1369	647	54	103
1370	646	55	103
1371	645	55	103
1373	645	56	103
1374	644	56	102
1376	644	56	102
1379	644	55	103
1380	644	55	103
1384	643	54	104
1385	644	54	104
1386	644	55	103
1388	644	55	103
1390	644	56	103
1392	645	55	103
1394	645	56	102
1396	646	56	102
1399	646	56	102
1401	647	56	102
1404	648	56	103
1407	648	57	103
1410	648	57	102
1412	650	58	101
1417	651	58	101
1418	652	58	102
1424	653	57	103
1425	652	57	104
1431	654	57	105
1431	653	57	107
1431	655	58	107
1432	656	58	107
1435	656	58	108
1437	656	58	107
1441	657	58	107
1442	657	59	106
1445	657	58	107
1445	657	59	106
1447	657	59	106
1452	660	60	107
1452	660	61	106
1453	662	62	106
1458	661	61	107
1457	661	62	106
1460	661	61	107
1461	661	63	105
1464	662	62	105
1466	661	62	106
1466	660	62	105
1468	659	62	105
1472	661	62	105
1472	662	61	105
1473	662	61	105
1477	663	61	105
1479	664	61	106
1480	664	61	107
1483	664	62	106
1483	664	63	105
1487	667	63	105
1489	669	64	104
1490	669	64	104
1494	669	64	105
1495	668	65	105
1497	670	65	105
1499	672	65	106
1500	674	65	105
1502	673	65	106
1504	675	66	106
1504	676	66	107
1506	676	66	108
1506	676	66	108
1507	677	67	107
1509	679	68	107
1510	681	68	108
1513	682	68	108
1514	684	68	109
1514	685	67	110
1516	686	68	110
1519	689	67	111
1520	691	67	112
1522	693	66	114
1526	694	66	115
1526	694	67	115
1526	695	67	116
1525	697	68	115
1526	697	67	116
1527	699	67	117
1527	700	66	117
1498	776	64	120
1498	785	65	117
1528	709	68	114
1528	706	67	114
1530	708	66	114
1530	708	67	113
1531	711	67	112
1533	713	67	112
1534	715	68	111
1534	715	67	111
1535	717	67	110
1537	718	66	111
1540	720	66	112
1540	722	66	111
1541	724	67	110
1543	725	67	111
1543	726	68	111
1543	727	68	111
1543	728	68	112
1543	728	68	114
1545	730	67	116
1545	730	66	116
1545	730	66	117
1546	732	65	118
1548	733	65	120
1548	734	65	121
1547	735	65	121
1548	739	65	122
1548	739	65	123
1548	740	65	123
1547	742	66	123
1547	743	66	124
1547	743	66	123
1548	745	65	125
1548	748	65	126
1548	750	65	126
1548	749	64	126
1548	752	64	126
1547	754	64	126
1547	754	64	126
1545	754	64	126
1545	755	64	126
1545	757	64	125
1544	758	65	123
1544	759	66	121
1544	762	67	121
1542	763	67	122
1541	766	66	122
1541	768	66	123
1540	769	65	125
1539	770	64	126
1538	771	64	124
1536	773	64	124
1535	774	64	123
1534	776	64	123
1533	780	64	123
1533	780	64	124
1534	781	64	124
1533	784	63	125
1530	785	64	124
1530	785	65	124
1530	787	66	124
1528	789	65	126
1528	790	67	126
1526	791	67	127
1524	792	67	129
1523	793	68	129
1522	794	68	131
1522	795	69	131
1520	797	70	132
1518	799	70	133
1515	799	70	134
1514	800	69	135
1513	803	68	136
1512	805	67	137
1509	805	67	138
1507	806	67	139
1506	807	66	140
1502	808	67	140
1500	810	67	141
1499	813	68	140
1493	816	66	141
1495	816	66	142
1494	823	66	141
1492	825	65	143
1492	826	65	145
1492	828	65	146
1486	829	66	145
1485	830	65	146
1484	830	65	145
1484	835	65	145
1480	839	66	145
1478	840	66	145
1477	844	66	144
1475	846	65	144
1472	849	66	143
1471	851	67	143
1470	853	66	143
1468	857	67	142
1466	857	68	141
1464	859	69	140
1460	866	69	140
1459	866	69	140
1457	869	69	138
1457	877	69	139
1456	877	68	140
1456	878	66	141
1454	879	65	142
1453	880	64	143
1453	882	64	143
1452	885	64	143
1449	886	63	144
1449	891	63	144
1447	893	64	143
1445	893	64	143
1439	895	63	145
1439	901	63	146
1439	903	63	146
1438	900	63	146
1438	903	63	145
1437	910	64	145
1437	914	64	146
1438	916	63	149
1436	919	62	153
1436	922	63	156
1436	921	62	159
1436	920	63	160
1436	921	63	161
1432	923	64	161
1430	926	67	160
1430	927	67	161
1430	929	68	160
1430	931	68	160
1430	931	68	159
1430	934	69	157
1429	937	69	155
1430	939	69	154
1429	940	69	152
1428	942	68	151
1427	943	67	149
1427	946	67	147
1428	947	65	145
1428	951	65	144
1429	952	64	141
1427	955	64	139
1427	956	64	136
1427	959	64	134
1428	960	63	131
1428	963	63	128
1427	964	61	127
1427	966	61	125
1427	969	60	123
1426	970	59	122
1426	971	59	119
1427	973	59	118
1427	973	58	117
1429	975	58	116
1429	976	57	114
1429	977	57	113
1431	977	57	113
1431	977	56	112
1432	977	55	112
1437	977	55	112
1436	977	54	112
1436	977	54	112
1437	977	53	112
1439	976	54	112
1439	974	54	112
1441	974	54	112
1442	974	55	113
1441	974	56	113
1442	974	57	113
1442	972	58	114
1444	972	58	115
1445	971	59	116
1447	971	59	117
1448	968	58	119
1451	966	58	120
1452	966	59	121
1452	965	59	123
1458	965	59	123
1457	963	60	124
1457	963	60	125
1458	963	61	125
1460	961	62	125
1460	961	64	125
1462	959	64	126
1462	957	65	127
1464	958	66	127
1464	956	66	129
1466	955	65	131
1466	955	66	131
1469	955	67	131
1470	955	67	132
1470	955	67	132
1471	953	68	131
1471	951	68	132
1473	949	67	133
1473	948	67	135
1475	948	67	137
1475	946	67	138
1477	945	67	139
1478	945	66	142
1480	941	67	143
1479	939	68	145
1481	940	70	145
1482	940	73	145
1482	939	75	145
1481	934	73	146
1482	935	73	149
1482	932	73	151
1483	931	73	153
1482	930	76	151
1483	929	77	150
1484	928	79	149
1484	928	82	146
1484	928	82	149
1483	927	84	147
1485	927	84	147
1485	926	85	148
1484	926	85	149
1484	924	85	149
1485	926	85	152
1486	924	85	153
1484	922	82	157
1484	920	82	156
1485	918	80	158
1486	917	78	160
1488	919	79	160
1488	918	78	161
1487	917	80	160
1489	916	83	158
1488	915	82	159
1488	913	82	160
1485	912	80	162
1490	911	81	164
1486	908	81	166
1485	904	84	163
1400	927	81	167
1468	908	80	170
1490	911	82	171
1475	910	80	174
1474	908	78	178
1399	921	77	176
1475	906	75	179
1476	907	74	181
1396	923	76	176
1477	909	77	176
1415	802	76	174
1342	698	74	176
1248	685	80	168
1244	688	85	161
1160	799	91	154
1155	805	94	150
1157	813	94	149
1158	805	95	146
1158	809	94	146
1242	695	97	142
1151	804	99	140
1237	695	99	139
1159	805	102	137
1236	695	101	136
1235	690	101	134
1235	692	101	134
1234	690	99	134
1234	688	98	134
1237	691	100	132
1238	691	99	131
1239	692	100	130
1241	694	99	130
1242	687	97	129
1244	687	97	129
1245	689	95	129
1247	689	94	129
1166	797	96	127
1249	698	93	128
1251	692	91	130
1254	693	88	131
1254	698	87	131
1146	802	94	126
1243	702	95	126
1252	700	94	126
1186	806	95	124
1183	822	94	124
1129	888	91	126
1127	893	93	123
1186	832	89	125
1185	828	89	125
1195	830	85	129
1198	824	82	131
1200	827	81	132
1135	894	84	128
1203	833	82	128
1140	901	85	124
1135	906	86	121
1200	834	87	120
1206	836	85	122
1273	726	87	123
1306	720	82	126
1281	719	80	128
1282	720	80	129
1283	719	82	128
1312	718	77	130
1320	719	74	130
1323	716	71	130
1324	715	69	129
1326	716	67	128
1329	715	65	127
1331	716	64	125
1333	715	63	124
1335	716	62	122
1337	717	61	121
1339	715	60	120
1341	716	58	120
1344	713	58	118
1344	714	58	116
1349	713	57	116
1349	712	58	115
1350	713	58	113
1354	712	59	112
1354	714	59	112
1359	709	59	113
1359	712	59	113
1360	708	60	113
1365	710	60	112
1366	708	60	111
1367	706	60	112
1371	709	60	110
1372	707	61	109
1374	704	60	108
1378	705	60	108
1380	706	60	107
1382	706	60	106
1384	700	61	106
1389	701	61	106
1391	702	60	107
1392	697	61	107
1397	697	60	107
1398	695	60	107
1403	697	60	107
1404	694	60	106
1406	691	60	106
1409	691	60	105
1413	689	60	105
1414	688	60	105
1420	688	59	105
1421	687	59	105
1424	689	59	104
1425	684	59	103
1432	682	60	102
1432	682	60	102
1432	676	60	102
1440	677	60	102
1439	675	60	101
1446	676	60	101
1446	672	60	102
1448	671	60	102
1451	671	60	102
1452	665	61	101
1459	666	60	102
1458	660	60	102
1463	661	59	104
1463	658	59	104
1464	658	60	104
1470	656	61	104
1470	653	61	104
1472	649	62	104
1478	654	61	105
1478	645	61	107
1480	646	61	108
1482	640	61	109
1490	646	61	111
1490	644	60	112
1492	639	61	112
1492	637	61	113
1500	640	61	113
1502	638	61	114
1503	634	61	115
1504	631	63	114
1512	635	63	114
1512	631	63	114
1514	633	64	115
1520	636	65	114
1590	597	67	112
1527	641	66	113
1527	640	66	112
1531	638	67	111
1598	597	70	109
1605	597	74	106
1542	642	71	108
1612	598	74	106
1615	597	77	104
1551	641	75	107
1551	630	73	110
1621	597	76	108
1564	646	75	109
1630	595	80	104
1635	594	83	102
1638	592	86	100
1639	593	87	99
1575	642	82	104
1643	587	85	102
1654	590	85	102
1588	632	81	105
1657	586	84	103
1663	586	86	101
1598	644	80	108
1601	636	75	112
1607	631	72	114
1618	639	70	115
1619	641	68	117
1622	639	68	116
1628	645	68	116
1629	628	67	115
1637	634	67	113
1637	625	66	114
1644	627	67	113
1644	630	67	111
1648	628	67	111
1658	630	67	111
1660	630	66	111
1666	635	67	109
1668	631	66	109
1674	636	67	107
1675	631	66	108
1681	635	67	105
