326	391	903	489
258	390	906	488
323	391	906	487
335	391	905	486
335	392	905	485
334	382	906	483
322	382	909	482
320	383	912	482
329	361	916	481
306	351	919	481
304	351	923	480
248	341	926	479
334	330	929	478
234	298	932	477
276	342	936	476
253	343	938	475
284	332	941	474
305	332	944	473
259	333	948	472
235	333	950	471
212	334	953	470
233	335	956	469
231	335	959	468
219	336	962	467
228	336	964	466
272	337	967	464
270	337	970	463
258	338	973	462
256	338	976	462
232	339	979	461
230	339	983	460
217	339	986	459
205	340	989	459
158	340	992	458
179	340	996	457
177	341	999	456
108	341	1002	456
50	330	1005	455
26	330	1008	455
47	330	1011	455
34	331	1014	454
22	331	1017	455
21	330	1018	455
-12	261	1018	456
31	261	1021	456
8	261	1021	457
-36	260	1019	459
-1	259	1019	460
-35	247	1018	462
0	247	1017	463
-12	246	1018	464
-46	246	1016	465
597	440	1014	465
632	452	1012	464
645	452	1009	464
17	281	1010	465
635	441	1008	465
670	440	1006	466
671	440	1003	466
684	440	1001	466
35	281	1003	466
1	292	1002	467
-9	291	1001	468
-9	291	1000	468
-19	302	998	469
14	302	999	468
13	291	1000	468
-10	303	1002	468
-21	303	1002	468
-31	302	1000	469
-87	302	998	470
-19	290	998	470
14	290	998	470
-19	290	998	471
-53	289	997	472
14	289	998	473
47	266	1001	473
57	266	1004	472
55	255	1007	472
31	256	1010	471
53	244	1012	470
51	245	1015	469
50	222	1017	469
106	245	1021	469
81	245	1025	469
91	257	1028	469
89	257	1031	469
88	222	1033	469
99	245	1036	470
109	268	1039	470
107	279	1042	470
106	279	1045	471
128	302	1048	472
115	290	1050	472
114	302	1053	472
160	372	1055	473
136	360	1055	474
112	347	1056	475
183	347	1056	477
158	359	1058	477
159	358	1057	478
170	358	1057	478
183	357	1056	480
182	357	1058	481
169	356	1059	482
228	356	1060	483
216	355	1061	483
204	355	1062	484
215	355	1063	484
227	355	1063	485
226	355	1064	484
226	343	1065	484
214	343	1066	483
226	343	1066	483
226	344	1066	483
239	344	1064	483
240	344	1061	483
242	344	1058	482
231	345	1056	481
194	345	1057	480
146	345	1060	479
204	346	1061	479
120	346	1063	478
167	346	1064	478
95	347	1066	477
129	347	1068	476
104	347	1071	475
140	348	1072	474
102	360	1074	474
113	360	1077	473
88	361	1079	472
87	373	1082	472
86	373	1084	471
72	386	1086	471
83	386	1088	471
70	398	1091	470
57	398	1093	470
44	410	1095	470
43	422	1097	469
867	71	1094	470
881	71	1090	471
883	71	1085	471
886	83	1080	471
889	95	1075	471
891	95	1070	471
882	95	1065	471
872	95	1060	471
874	107	1055	471
854	119	1050	471
856	119	1044	470
859	132	1039	468
850	132	1034	467
841	133	1028	465
844	134	1023	463
835	135	1018	463
838	135	1012	461
829	137	1007	459
831	138	1002	455
812	151	996	452
803	153	991	449
805	154	986	445
808	167	981	442
811	169	975	438
813	182	970	434
816	184	966	430
818	186	962	427
820	198	958	423
812	211	952	418
803	224	948	414
805	226	944	410
808	228	939	406
810	230	934	402
813	232	929	398
844	244	927	394
856	246	925	391
868	248	922	387
880	260	917	384
891	262	915	379
893	274	911	375
905	276	906	371
917	278	902	367
929	279	898	364
939	281	897	361
960	282	894	358
991	294	890	355
993	295	886	352
1004	296	883	349
1015	307	881	347
1027	308	875	345
1029	309	872	343
1040	310	867	341
1042	311	864	339
1062	312	861	337
1063	313	858	335
1074	314	855	333
1085	315	852	331
1086	316	849	329
1096	317	847	327
1097	318	845	325
1108	319	840	324
1111	319	836	324
1114	320	830	321
1125	303	825	320
1127	303	820	320
1130	294	815	319
1132	286	811	320
1134	277	808	320
1136	277	804	319
1137	287	801	316
1148	296	797	315
1150	297	792	313
1153	298	787	312
1164	299	782	310
1166	300	778	308
1168	301	773	306
1179	302	768	303
1180	303	765	301
1191	304	760	300
1193	305	756	297
1204	307	751	294
1207	308	745	292
1201	301	741	289
1220	303	734	287
1223	304	727	284
1235	304	720	283
1238	306	714	281
1241	307	708	278
1244	308	703	275
1246	310	697	272
1256	311	692	269
1267	312	685	267
1270	307	680	263
1272	309	676	259
1274	311	672	256
1284	313	665	252
1295	314	658	249
1300	314	649	249
1277	315	639	248
1254	315	630	246
1303	780	627	248
1290	820	626	248
1264	820	624	248
1277	820	625	248
1305	820	621	248
1265	821	622	247
1271	821	623	247
1270	821	625	247
1275	821	628	247
1310	821	626	246
1282	821	629	245
1274	822	631	245
1300	822	633	245
1251	822	637	243
1241	823	643	242
1239	823	648	242
1242	823	654	241
1226	823	660	242
1216	823	665	242
1192	816	671	243
1190	815	676	244
1166	815	681	245
1178	815	685	244
1197	815	689	244
1195	816	694	243
1195	808	694	245
1299	807	686	246
1297	372	677	245
1302	316	666	242
1300	317	657	240
1304	319	649	238
1300	313	644	235
1280	302	644	231
1273	297	644	228
1280	298	643	225
1280	286	643	222
1281	287	641	220
1283	281	638	218
1277	283	635	216
1279	277	632	213
1274	272	629	210
1276	267	625	208
1277	262	622	206
1279	257	619	204
1275	257	614	203
1277	252	611	201
1271	247	609	199
1266	241	608	197
1272	236	607	196
1273	237	606	194
1279	238	606	192
1279	232	606	191
1286	233	605	189
1287	234	602	188
1294	234	600	187
1295	235	598	186
1301	229	598	185
