452	47	328	627
441	55	338	610
433	49	352	614
427	49	361	616
422	54	372	609
416	52	378	609
410	55	391	604
402	60	404	596
390	63	418	590
383	70	430	582
376	79	441	572
364	65	454	589
358	100	463	552
344	102	478	551
332	113	498	539
324	116	508	541
318	135	516	519
296	148	535	505
296	168	537	484
286	190	547	465
284	199	555	461
283	208	558	457
280	224	563	448
277	228	568	449
269	222	579	465
266	221	581	469
257	229	585	465
247	243	595	457
236	248	607	455
225	256	619	455
228	286	612	427
219	290	627	425
218	288	627	426
219	308	628	409
208	316	634	405
204	313	633	406
200	326	638	391
188	322	649	397
184	330	652	388
177	333	659	382
161	318	672	402
159	333	676	384
167	331	663	370
161	337	674	370
161	334	678	356
158	345	682	342
165	348	672	335
158	347	685	310
159	352	681	311
155	351	683	304
158	348	680	299
160	352	683	299
166	360	677	283
169	363	676	279
177	369	668	271
183	365	666	273
195	373	655	270
206	368	644	274
213	375	641	277
216	388	640	268
232	389	622	273
240	392	615	277
257	400	595	281
268	400	587	289
280	405	578	287
289	408	568	291
300	407	558	300
305	409	557	301
326	408	532	309
341	405	518	323
341	402	522	331
348	401	514	333
368	398	493	344
371	399	490	345
377	394	485	359
349	391	512	363
346	386	517	374
328	382	535	383
331	381	538	390
335	375	539	398
333	373	539	401
331	366	545	408
332	363	546	418
331	357	548	427
336	351	544	439
347	345	534	444
349	339	534	450
356	331	530	459
362	326	527	461
373	320	517	470
393	313	504	483
408	303	499	481
411	296	495	487
416	289	494	489
420	282	497	492
429	273	492	500
431	264	495	499
438	256	492	511
443	248	489	513
446	237	490	529
448	230	490	534
449	220	491	537
451	212	494	546
452	205	498	552
455	197	503	562
452	189	507	571
445	180	516	580
449	171	517	590
447	162	524	600
447	152	524	610
443	145	533	613
448	135	532	620
443	123	534	634
448	113	535	640
448	104	538	651
455	95	534	659
456	84	537	670
456	73	540	681
466	63	532	691
469	51	536	695
472	41	531	697
472	33	535	712
474	24	543	716
475	13	544	730
480	9	543	744
483	3	545	751
487	0	545	750
490	0	541	757
494	0	542	752
504	1	537	750
514	2	526	748
518	0	526	757
519	0	527	750
522	0	529	750
519	0	533	757
515	0	539	754
512	0	541	756
512	0	542	762
504	0	544	750
506	0	551	757
502	0	549	757
497	0	555	762
497	0	550	755
494	0	556	764
493	0	554	761
490	0	557	773
487	0	560	772
484	0	559	774
484	0	561	783
483	0	563	783
481	0	565	790
480	0	565	796
476	0	570	803
467	0	578	813
467	0	583	820
457	0	592	826
448	0	602	836
428	0	621	840
420	0	634	839
404	0	647	842
382	0	667	840
364	0	690	840
341	0	720	837
330	0	742	837
325	0	757	829
318	0	773	819
317	0	785	820
314	0	800	817
311	0	814	819
309	0	820	823
312	0	826	823
309	0	840	823
308	0	850	824
309	0	852	831
305	0	858	839
311	0	860	845
313	0	869	860
329	0	857	863
339	0	853	866
349	0	845	875
363	0	837	891
369	0	841	895
376	0	841	895
382	0	844	900
395	0	836	910
405	0	826	920
414	0	827	926
418	0	821	927
429	0	806	932
440	0	781	928
442	0	775	935
445	0	758	937
447	0	736	942
456	0	711	944
456	0	688	954
474	0	648	961
491	0	617	968
494	0	605	981
511	0	578	985
525	0	563	991
531	0	562	995
546	0	551	998
553	0	546	999
567	0	531	1001
584	0	519	1002
593	0	508	999
614	0	488	986
633	0	477	978
657	0	456	968
662	0	465	963
670	0	467	952
668	0	483	948
671	0	485	944
666	0	502	941
662	0	522	934
658	0	535	932
653	0	553	931
656	0	562	926
648	2	582	923
651	0	589	932
652	3	599	922
654	0	612	926
646	0	628	918
646	0	649	918
633	0	657	912
636	0	669	914
611	0	697	897
