385	378	90	117
381	379	88	115
381	382	85	113
379	384	83	112
376	390	82	108
370	400	83	101
361	407	85	96
356	412	85	96
352	413	85	97
347	415	87	97
345	417	88	96
343	419	88	95
344	422	86	93
344	427	89	88
344	435	86	81
335	442	97	82
322	444	109	87
334	443	118	90
334	444	122	93
325	446	122	94
317	447	132	95
307	452	137	92
300	450	144	98
296	451	147	100
287	459	155	94
278	457	159	95
271	460	159	94
261	463	166	94
251	465	178	93
241	469	188	89
231	471	198	88
222	472	208	87
208	473	223	87
198	475	235	85
190	480	245	82
179	482	254	89
181	487	227	98
179	487	214	109
179	491	202	87
177	493	214	129
178	496	212	118
171	497	211	123
165	500	211	116
160	502	215	115
156	504	219	113
147	504	229	116
145	505	228	115
147	506	225	111
150	505	219	107
146	508	160	96
145	509	146	101
141	509	141	103
140	510	131	105
134	510	120	104
130	510	106	101
120	512	90	103
114	511	97	103
104	512	105	99
107	513	104	101
106	516	107	101
97	515	107	104
102	518	89	104
105	519	71	107
106	520	63	109
91	522	75	108
92	524	72	107
97	526	68	106
86	527	87	104
87	529	85	102
78	530	94	103
72	533	97	99
68	536	100	102
79	537	87	94
104	539	69	90
92	542	84	94
92	544	87	96
90	547	90	101
82	550	100	102
73	553	101	99
70	557	97	100
68	561	97	95
71	564	104	93
82	567	98	88
76	571	109	85
73	573	113	84
65	576	120	80
64	578	118	79
58	579	124	79
52	583	131	79
46	587	139	78
41	590	147	77
37	593	152	77
37	598	153	74
42	601	149	73
29	605	168	80
42	606	165	85
56	611	149	85
52	616	143	84
48	621	136	83
41	628	127	83
37	633	118	85
37	637	110	86
40	639	119	91
47	640	96	96
59	641	87	104
54	644	96	107
55	645	98	107
66	644	92	109
68	645	94	113
63	645	104	114
61	645	109	119
64	646	114	120
63	645	116	119
84	644	102	119
78	644	112	114
68	643	125	119
60	643	138	119
60	642	137	120
63	643	134	116
62	642	136	114
66	642	132	116
74	641	126	118
86	641	121	117
100	640	102	119
98	641	102	117
94	639	107	117
86	640	116	114
84	641	117	119
81	643	115	116
80	641	120	116
81	642	115	117
84	641	114	117
96	640	100	118
105	640	91	123
115	640	79	124
123	641	73	122
124	641	78	126
125	641	84	127
126	639	85	119
126	638	88	123
121	637	94	121
117	634	100	125
110	632	110	128
104	629	118	130
103	628	119	133
103	627	120	132
114	625	110	128
122	623	103	132
138	622	91	134
134	621	96	136
128	620	103	138
123	619	108	134
124	619	108	129
125	618	110	130
138	615	105	124
160	610	88	129
162	608	97	132
158	605	108	130
159	604	108	135
149	600	126	139
144	597	137	135
146	596	138	134
137	596	143	140
139	594	151	139
140	591	152	142
152	563	252	173
164	549	256	172
162	553	240	186
172	549	249	207
389	386	78	99
370	391	107	121
352	374	123	127
368	379	118	128
369	383	102	114
353	383	117	127
370	381	116	121
368	379	106	119
361	383	109	123
378	384	105	117
372	379	100	123
360	382	113	125
369	387	97	114
368	384	97	114
341	384	136	145
381	380	99	109
363	380	116	124
362	381	109	118
354	378	119	131
381	382	102	118
361	380	122	128
368	380	100	119
353	382	118	126
185	551	207	177
186	554	198	168
193	555	191	184
198	556	191	159
210	555	180	168
216	552	171	198
216	552	196	206
222	553	171	192
212	550	188	200
211	548	206	210
217	548	173	201
223	548	155	141
245	548	138	137
252	545	163	213
250	542	145	212
238	539	160	222
233	539	170	170
236	535	157	224
241	538	141	153
251	540	124	116
261	536	114	98
281	531	101	150
280	530	122	131
291	528	93	103
285	532	102	115
279	525	120	114
276	528	100	101
276	528	97	104
281	526	94	101
284	528	113	125
300	525	99	108
306	525	90	123
302	523	100	106
285	527	107	130
292	526	104	106
287	527	93	102
299	527	76	101
304	524	97	101
306	524	97	127
299	522	108	134
305	519	101	107
300	518	108	109
294	519	114	114
289	522	136	115
277	523	156	130
267	521	166	235
261	530	165	229
261	530	179	235
262	529	178	234
264	525	189	238
391	383	75	101
283	525	169	107
276	527	177	127
269	526	190	186
257	519	207	247
255	510	223	200
254	512	215	230
374	397	89	108
360	518	105	57
393	520	74	49
390	519	77	50
395	519	70	49
387	517	75	50
397	518	60	48
393	516	59	48
386	514	81	49
359	514	94	57
381	511	61	56
294	506	144	120
294	507	140	113
287	505	150	118
292	505	124	113
271	478	157	150
199	283	190	233
198	293	177	223
204	301	186	214
209	303	181	214
212	308	185	210
214	312	191	207
238	348	184	171
241	345	192	194
242	253	262	268
240	255	266	267
241	273	254	259
242	307	243	224
248	282	252	287
253	275	255	280
259	270	259	281
279	282	249	246
282	309	255	222
288	282	254	260
295	273	252	261
297	274	260	252
284	298	280	248
278	302	295	254
275	306	309	251
273	316	318	231
263	313	332	243
275	312	326	226
277	323	323	222
273	325	336	214
267	329	348	198
264	329	354	191
251	326	376	195
255	332	377	191
253	334	387	183
268	326	381	179
267	323	387	191
279	318	377	169
254	308	402	204
303	299	365	189
272	297	395	196
247	291	420	208
261	287	407	204
337	286	328	208
308	277	354	220
300	273	360	240
273	267	384	243
282	261	373	243
276	255	378	242
278	250	372	246
287	243	364	246
286	235	358	251
278	226	361	267
272	221	363	293
279	217	357	277
271	207	358	313
269	204	357	285
260	197	367	299
251	192	372	305
250	189	375	297
251	184	360	312
252	181	353	314
249	177	353	324
255	168	350	326
254	166	350	328
258	159	347	328
264	155	344	323
265	153	343	306
277	145	332	329
313	139	302	311
236	136	371	335
269	128	347	305
331	129	278	279
279	124	328	337
315	113	305	326
347	112	261	309
254	105	356	364
262	96	358	349
285	89	340	338
270	85	335	347
270	92	310	318
291	95	279	314
310	98	276	309
343	102	260	293
357	107	251	282
349	115	244	281
356	254	212	139
356	251	216	138
362	247	214	142
365	243	215	143
370	240	215	145
377	235	212	147
386	233	208	149
385	229	212	149
387	225	215	152
382	222	225	154
388	217	222	160
394	213	220	164
397	210	223	166
411	207	213	168
424	202	204	165
424	202	203	162
433	196	198	166
435	193	201	166
437	186	204	166
438	186	210	164
433	180	222	168
433	177	219	170
435	175	218	166
438	174	216	148
447	171	205	169
456	170	208	159
467	169	201	173
482	199	192	137
507	239	171	93
490	217	198	113
466	161	219	168
465	158	220	181
468	155	223	185
481	144	212	192
492	146	193	194
502	139	194	204
501	140	190	193
492	144	193	186
492	140	195	189
529	216	162	114
554	230	135	95
557	234	133	92
558	235	131	90
559	234	130	93
563	235	125	91
564	235	126	94
563	233	128	94
566	234	126	91
570	233	121	92
566	232	128	96
539	221	170	120
582	219	111	113
571	232	126	101
571	230	125	104
533	216	183	144
581	224	114	106
589	236	102	88
592	242	98	85
590	242	99	86
590	242	102	88
586	239	112	95
556	239	144	114
592	237	104	101
600	246	91	84
604	249	87	87
602	247	86	87
609	248	82	86
612	248	82	88
572	240	121	97
573	112	88	87
588	109	77	88
600	107	74	88
602	105	80	87
600	102	82	89
597	99	86	93
595	97	88	92
595	93	89	94
599	90	94	93
608	86	83	98
607	19	91	177
502	32	302	284
398	307	458	221
288	280	571	371
230	499	516	365
207	518	247	320
213	524	228	277
223	532	194	231
234	540	176	206
