1131	256	282	398
1130	256	274	400
1127	262	276	397
1127	262	273	401
1136	261	263	407
1114	262	287	404
1106	268	291	402
1103	267	293	406
1106	263	287	412
1105	265	290	408
1105	269	302	407
1127	271	288	407
1128	265	295	413
1137	270	290	410
1142	270	288	413
1151	277	283	410
1154	284	280	407
1156	293	280	401
1160	301	278	395
1163	307	277	392
1162	310	276	389
1156	317	283	381
1142	322	300	379
1130	327	312	382
1160	329	280	385
1137	333	305	380
1144	335	299	385
1140	339	304	381
1132	335	316	390
1138	334	315	394
1148	331	310	392
1153	326	308	389
1150	321	314	388
1149	322	318	391
1152	318	318	390
1139	317	331	394
1142	318	327	395
1159	319	311	394
1163	316	308	400
1165	311	307	407
1164	312	306	415
1165	315	303	416
1166	315	298	420
1165	318	298	419
1164	319	299	420
1163	324	300	415
1164	331	304	406
1162	334	307	405
1160	336	310	408
1157	337	311	409
1154	341	312	404
1153	352	313	396
1153	360	316	388
1151	364	315	373
1152	364	316	380
1150	367	319	368
1150	370	313	370
1149	372	320	368
1149	380	317	360
1151	371	318	371
1148	372	319	376
1149	372	315	368
1147	375	314	365
1147	379	308	363
1146	381	303	359
1147	381	298	361
1149	381	292	361
1147	382	288	359
1148	383	281	361
1132	382	290	364
1138	384	277	359
1142	381	264	367
1149	382	248	370
1159	383	232	368
1161	386	222	367
1163	384	212	373
1165	386	202	373
1168	389	193	370
1165	391	188	376
1160	389	184	377
1145	392	192	377
1144	392	187	379
1141	396	185	373
1147	396	177	371
1159	394	166	367
1157	395	169	369
1138	398	189	354
1123	403	211	347
1122	401	222	350
1148	398	193	352
1121	397	221	348
1128	390	216	357
1126	389	211	359
1137	388	193	360
1127	385	199	365
1144	379	180	369
1138	377	178	380
1138	377	174	386
1135	378	180	389
1139	380	188	385
1148	383	158	384
1170	380	136	388
1146	386	158	381
1195	381	110	383
1160	380	151	377
1134	375	178	386
1170	368	181	388
1155	369	181	384
1157	366	193	381
1196	362	141	384
1194	371	150	370
1184	373	158	364
1183	370	158	367
1192	368	162	366
1198	371	155	358
1181	367	171	361
1218	364	134	360
1218	363	133	361
1222	363	133	359
1227	363	132	355
1224	362	146	352
1209	368	195	344
1218	367	163	345
1226	369	160	337
1230	370	163	330
1237	369	161	329
1240	365	161	331
1233	363	167	328
1216	363	188	326
1205	360	213	328
1224	358	197	323
1249	361	178	312
1261	364	164	302
1255	366	167	303
1248	365	170	313
1264	361	152	293
1257	364	157	305
1246	362	166	301
1270	363	141	297
1269	364	141	298
1268	364	147	290
1260	365	162	287
1251	367	174	280
1276	365	158	278
1266	366	173	278
1251	367	203	278
1255	364	209	282
1264	364	209	280
1272	365	207	277
1272	364	213	276
1274	365	216	277
1274	365	222	276
1274	364	234	275
1273	360	241	276
1275	360	252	276
1272	357	264	275
1271	357	273	277
1269	355	279	276
1267	355	288	276
1265	355	297	280
1265	353	305	285
1265	351	310	287
1265	352	318	287
1265	350	330	289
1265	351	339	289
1263	352	349	291
1258	352	362	290
1254	353	373	289
1248	353	385	291
1245	352	394	292
1246	353	403	290
1234	353	424	290
1239	352	429	287
1235	351	437	289
1233	349	453	287
1234	348	449	294
1234	346	465	292
1237	344	465	294
1242	340	465	304
1250	340	464	304
1260	343	461	301
1266	344	468	299
1273	343	469	298
1282	345	468	296
1289	345	467	296
1298	346	462	293
1306	347	462	297
1311	348	457	304
1320	346	449	306
1324	349	446	301
1326	352	445	301
1327	351	439	300
1330	350	436	299
1327	351	438	296
1325	350	440	296
1315	351	445	296
1308	349	452	303
1310	345	448	308
1303	344	452	305
1277	345	480	305
1279	346	474	307
1280	342	468	309
1273	348	472	306
1272	342	468	310
1274	344	463	311
1270	346	466	310
1265	345	468	310
1261	345	473	310
1252	342	478	310
1244	341	483	313
1239	339	484	315
1237	338	483	310
1231	337	485	306
1232	337	482	310
1233	336	479	302
1239	335	476	312
1230	335	476	308
1230	332	474	312
1233	332	463	306
1240	329	464	310
1249	331	447	306
1252	332	450	308
1255	331	446	310
1258	331	448	309
1260	332	452	309
1261	333	462	309
1265	336	464	307
1270	335	460	309
1274	336	461	309
1279	336	456	308
1285	335	449	313
1289	334	442	314
1287	334	437	314
1280	335	437	310
1277	334	434	308
1279	329	429	309
1279	330	425	306
1279	327	423	306
1277	329	421	306
1273	328	427	306
1271	327	428	307
1270	327	432	309
1269	327	438	311
1271	329	434	312
1275	330	431	312
1277	332	429	314
1276	334	419	310
1271	337	423	305
1266	339	421	301
1265	338	421	297
1263	340	418	294
1261	339	414	294
1261	339	410	295
1262	339	407	296
1261	339	407	296
1265	338	405	297
1268	338	404	297
1271	337	401	298
1278	339	393	299
1287	340	382	299
1292	343	375	301
1294	342	368	301
1298	341	359	302
1307	340	346	301
1317	338	330	300
1330	338	317	299
1338	337	307	298
1335	335	309	299
1330	337	313	296
1330	334	315	299
1330	333	315	300
1332	335	315	300
1332	335	318	301
1331	336	318	302
1330	337	319	303
1329	337	319	304
1328	339	318	301
1324	340	318	301
1321	338	319	303
1318	337	319	303
1314	335	323	303
1310	335	322	303
1306	335	323	303
1304	333	321	302
1301	332	322	303
1296	333	323	302
1291	328	323	303
1288	327	326	303
1284	326	332	303
1281	330	335	301
1280	329	333	304
1278	331	334	304
1278	330	331	305
1278	329	324	308
1276	324	324	312
1278	322	324	313
1277	315	324	319
1277	311	324	320
1281	308	322	319
1280	309	326	316
1281	311	323	312
1281	309	324	318
1282	307	324	344
1292	309	310	330
1299	302	310	313
1305	307	307	302
1315	306	302	300
1323	310	300	295
1323	310	304	296
1314	309	319	298
1308	313	330	297
1297	313	346	299
1292	315	353	299
1291	316	354	299
1287	314	358	301
1285	314	353	302
1281	314	357	300
1274	313	363	300
1266	316	374	295
1261	317	384	292
1257	316	387	292
1252	315	391	293
1254	313	391	294
1255	319	392	289
1257	318	397	287
1259	319	398	288
1264	320	396	285
1271	320	394	287
1281	319	386	288
1288	318	385	291
1294	317	379	294
1289	318	385	296
1283	318	391	299
1277	320	391	295
1276	319	394	293
1269	320	401	289
1267	321	404	288
1266	322	408	287
1263	320	413	293
1264	321	412	295
1267	322	412	294
1259	322	420	289
1253	323	428	285
1249	327	433	284
1245	326	442	279
1238	327	453	279
1239	329	456	274
1235	326	461	280
1238	325	459	281
1244	324	453	274
1241	323	453	274
1239	320	456	276
1239	317	456	273
1246	317	446	269
1257	313	436	269
1265	309	428	272
1275	306	421	272
1283	303	414	276
1293	300	404	276
1302	297	398	273
1314	294	388	273
1322	290	381	275
1331	288	374	276
1340	285	366	276
1348	282	358	278
1354	279	349	276
1362	276	335	274
1371	274	324	271
1378	270	310	269
1385	268	302	268
1386	267	302	267
1402	265	294	268
1412	262	284	269
1417	260	282	278
1422	255	274	288
1431	253	263	300
1441	252	253	311
1450	252	244	320
1458	251	238	333
1468	251	231	341
1480	256	225	346
1492	264	219	346
1488	266	223	352
1484	272	232	359
1478	276	238	368
1469	279	250	368
1462	280	261	375
1456	281	272	378
1445	283	291	382
1437	286	306	382
1427	283	321	388
1417	289	340	391
1411	287	350	388
1404	295	362	391
1398	291	371	400
1392	296	378	398
1383	302	387	387
1372	304	399	391
1364	299	404	398
1356	287	410	409
1348	289	417	405
1341	278	420	418
1334	271	424	434
1329	268	431	435
1322	269	442	439
1313	277	451	439
1308	287	453	429
1302	298	456	422
1295	308	453	417
1291	313	452	419
1284	316	450	427
1279	325	445	432
1273	331	442	437
1268	338	435	436
1263	336	435	445
1260	343	434	444
1254	343	433	450
1251	349	431	450
1248	350	421	454
1244	353	418	458
1241	356	409	458
1239	358	407	457
1233	359	413	455
1227	360	413	453
1225	360	410	452
1218	361	416	452
1209	363	427	446
1211	363	426	449
1210	378	431	436
1210	380	440	433
1204	375	447	426
1203	371	444	430
1202	369	441	431
1203	376	433	418
1206	382	425	400
1205	388	429	385
1209	393	425	380
1211	393	422	389
1210	371	428	418
1215	361	425	413
1215	359	431	398
1216	355	430	398
1218	351	431	399
1220	352	433	394
1220	352	432	395
1221	347	431	398
1222	350	431	398
1222	344	430	399
1223	344	427	401
1223	342	427	404
1220	344	431	406
1218	345	429	410
1215	344	431	414
1210	345	434	417
1208	346	436	422
1205	348	436	427
1200	351	435	417
1199	355	428	420
1196	354	423	428
1192	352	422	435
1190	352	416	447
1188	348	420	452
1186	351	414	446
1184	347	410	448
1181	350	411	454
1180	351	402	443
1176	355	404	444
1177	356	401	443
1174	353	401	461
