1042	1057	300	349
1042	1055	295	352
1041	1054	296	353
1037	1054	299	354
1035	1054	301	353
1032	1053	303	355
1030	1053	306	353
1028	1053	307	354
1025	1053	310	354
1021	1054	313	354
1019	1053	313	355
1018	1052	314	355
1016	1053	317	355
1012	1053	320	356
1009	1052	322	357
1007	1053	325	355
1005	1052	326	356
1002	1053	329	355
1000	1053	331	356
996	1053	333	356
995	1051	334	358
993	1052	335	359
990	1052	337	359
988	1052	339	359
987	1051	342	360
985	1051	342	361
984	1050	344	362
981	1050	346	362
979	1050	346	362
977	1050	349	362
974	1050	351	363
973	1049	353	363
971	1050	354	364
969	1049	354	364
966	1049	356	366
964	1050	360	365
962	1050	359	364
959	1050	360	365
957	1051	364	366
955	1051	364	364
952	1052	367	366
949	1053	369	365
947	1055	370	364
945	1055	375	367
940	1057	374	363
938	1057	378	365
936	1059	380	363
933	1062	381	361
930	1061	381	361
929	1060	385	364
928	1061	384	364
925	1061	387	365
924	1059	391	368
923	1061	391	367
921	1061	393	368
919	1061	393	368
917	1061	394	368
915	1060	396	370
913	1062	394	370
911	1069	393	363
908	1068	388	365
909	1063	389	370
908	1065	389	369
906	1065	390	368
905	1067	391	367
904	1065	394	370
900	1070	392	365
900	1067	396	368
896	1067	396	368
895	1066	396	371
893	1069	398	367
891	1066	401	369
888	1070	402	367
884	1068	405	370
881	1068	407	370
877	1069	411	370
875	1071	414	370
872	1070	418	373
867	1075	421	371
865	1069	426	377
859	1078	429	369
858	1074	433	372
851	1078	438	371
848	1078	443	367
842	1084	448	364
841	1089	440	356
838	1089	438	359
837	1091	440	356
834	1094	433	353
834	1095	441	353
829	1097	427	353
831	1094	431	355
826	1096	421	358
828	1086	443	369
823	1094	412	361
825	1090	432	362
819	1095	400	357
819	1090	394	354
818	1087	399	359
818	1088	405	353
814	1088	392	351
815	1086	392	347
813	1084	384	347
812	1083	374	343
813	1080	383	340
809	1077	362	345
811	1079	373	339
810	1078	364	338
814	1076	387	340
808	1077	373	337
808	1076	373	334
807	1075	367	335
806	1076	369	331
804	1074	363	332
804	1076	360	335
805	1072	367	334
804	1069	375	342
798	1069	381	338
796	1067	369	342
799	1068	369	338
795	1067	354	339
796	1063	344	344
796	1063	353	341
794	1064	355	340
791	1062	342	342
792	1060	343	343
790	1060	341	341
789	1057	348	342
787	1056	349	342
784	1056	347	342
785	1055	350	341
782	1052	348	344
781	1052	342	344
781	1051	340	345
780	1049	341	346
780	1050	338	344
780	1047	348	343
777	1048	341	343
777	1046	344	342
776	1046	344	343
776	1044	340	345
774	1043	341	347
773	1043	340	346
772	1040	341	346
770	1039	341	347
771	1039	338	347
770	1039	356	347
768	1039	328	338
770	1037	350	353
767	1038	339	342
766	1037	345	349
765	1036	354	346
764	1036	336	346
764	1034	349	348
762	1034	348	347
762	1033	352	348
760	1033	344	347
760	1033	339	348
760	1032	353	347
758	1031	336	348
759	1030	356	349
756	1031	338	349
757	1030	357	346
755	1030	345	349
755	1029	345	348
755	1028	344	350
754	1027	348	348
753	1027	363	349
751	1028	358	348
751	1028	360	349
751	1027	349	348
749	1026	375	351
747	1026	348	350
748	1025	373	351
745	1025	362	351
743	1024	372	352
741	1025	352	350
742	1024	375	348
738	1024	363	349
739	1023	375	348
737	1023	358	346
738	1022	390	347
732	1022	362	350
734	1022	395	348
731	1021	356	350
731	1020	388	351
728	1020	363	351
730	1019	392	350
724	1018	359	352
726	1018	409	345
723	1018	354	348
724	1018	386	343
720	1017	381	347
721	1016	385	345
717	1017	379	348
718	1016	389	347
716	1017	375	347
720	1016	408	346
715	1014	361	348
718	1015	379	344
715	1014	404	346
712	1013	366	349
718	1013	421	349
712	1014	369	350
715	1014	468	351
719	1012	448	347
715	1011	391	347
711	1012	439	345
710	1010	369	345
710	1010	493	343
715	1010	443	345
716	1010	382	343
706	1009	481	349
713	1009	423	344
706	1007	355	356
710	1007	376	347
709	1007	451	348
705	1005	346	355
705	1005	374	356
709	1005	398	351
705	1003	374	352
706	1003	440	349
704	1001	354	353
704	1002	350	346
703	1000	360	350
705	999	377	347
705	997	359	348
708	995	452	342
707	994	348	345
706	992	366	346
711	994	343	343
709	990	366	345
714	990	338	343
711	986	366	348
712	986	335	344
713	983	329	352
714	980	328	355
716	977	325	357
716	977	323	357
717	974	326	358
719	971	334	357
718	970	330	355
720	967	327	356
719	965	329	355
719	963	332	353
718	961	334	351
719	960	339	351
717	959	342	351
718	956	346	352
720	955	355	351
715	953	337	348
719	951	351	351
721	949	347	350
722	948	352	350
716	948	346	350
716	946	345	352
716	943	346	353
716	942	350	350
715	942	348	349
714	939	345	350
714	937	339	352
714	936	337	353
715	935	336	352
713	933	336	351
713	932	337	352
713	931	335	353
714	928	334	354
713	929	338	354
715	925	341	357
714	924	360	356
715	920	458	357
717	923	440	355
712	919	439	361
712	918	417	362
719	914	381	363
727	914	351	358
727	916	338	351
726	915	280	351
721	912	376	356
719	909	314	364
720	909	208	357
720	908	221	367
713	904	251	360
717	901	232	357
710	897	276	360
687	890	332	353
705	886	345	358
705	883	225	355
699	880	212	349
691	874	312	356
694	869	308	345
693	865	247	347
686	861	271	348
680	857	268	347
678	853	262	350
678	847	262	348
675	843	269	350
673	837	270	348
668	834	276	348
664	829	272	348
663	822	274	349
656	819	255	347
651	811	235	350
646	807	233	349
639	801	235	350
634	797	234	350
630	792	235	351
625	789	235	351
622	783	237	352
619	779	249	354
617	772	262	358
614	768	267	360
611	764	272	359
607	761	278	361
602	758	278	360
599	752	273	362
596	747	278	363
587	744	255	362
584	739	252	359
577	735	248	358
570	731	249	360
568	727	246	360
562	724	257	361
549	719	270	363
533	713	293	366
514	710	322	366
486	705	346	365
486	694	389	382
462	695	393	381
437	691	425	369
425	690	466	367
529	688	357	365
538	684	251	368
515	682	262	364
516	680	255	364
523	677	245	366
518	674	242	367
511	673	246	369
509	670	251	370
511	668	243	368
495	665	272	370
499	664	250	370
496	659	259	370
505	657	241	371
504	656	238	370
498	652	242	372
495	650	246	370
487	647	252	372
484	645	243	374
479	645	252	374
473	642	257	376
473	642	258	376
467	638	270	379
461	638	273	380
455	638	284	382
455	638	277	383
454	637	284	386
444	637	283	391
447	637	277	391
448	636	258	394
444	638	258	393
441	635	254	397
436	635	261	398
434	632	261	405
431	631	264	410
427	633	270	413
417	637	303	412
425	643	327	438
415	651	360	444
339	664	451	433
343	648	463	500
385	669	417	471
368	668	440	450
329	681	530	591
262	848	688	611
242	767	718	806
271	739	677	714
324	733	632	701
408	992	554	452
452	1069	509	374
525	1087	444	353
499	1086	472	351
479	1055	504	386
542	1081	447	358
429	1039	565	394
505	1075	514	365
594	1089	424	348
443	693	293	367
416	697	462	434
384	691	350	442
453	704	458	464
458	692	316	372
442	691	408	434
370	693	506	562
412	700	643	734
378	683	664	725
377	684	664	737
400	678	635	713
412	676	633	724
416	669	588	587
467	666	506	501
448	673	526	539
461	665	501	484
430	668	555	481
396	662	588	504
420	658	572	490
404	654	589	503
455	651	544	477
433	648	571	486
425	642	586	497
440	638	584	486
438	639	596	485
442	635	608	482
449	633	618	474
473	632	606	459
487	630	609	452
512	627	598	443
548	625	575	438
553	620	582	444
565	620	579	441
564	618	598	441
505	617	672	444
500	611	694	453
494	606	718	461
530	599	695	445
517	594	726	449
511	588	743	463
516	582	758	464
523	577	758	464
530	576	762	455
529	567	773	461
526	554	785	473
520	545	800	480
524	538	816	481
531	539	816	476
529	538	832	473
538	543	848	464
530	530	857	472
805	562	603	435
804	568	620	436
699	551	726	446
845	563	596	419
901	552	549	475
874	560	584	423
906	547	564	465
893	557	585	428
920	550	570	432
884	543	610	429
915	546	581	426
895	548	610	424
952	549	575	419
885	538	651	436
841	541	710	433
933	535	636	429
914	539	661	422
939	537	650	432
987	536	614	429
957	537	656	424
959	536	658	427
971	535	656	426
958	534	677	425
1032	531	618	421
910	514	747	436
1038	529	617	422
879	519	800	424
960	510	701	432
962	518	720	428
877	490	825	462
689	282	609	443
705	282	599	447
751	274	558	428
786	273	546	469
748	258	554	437
773	253	533	431
785	247	519	435
792	239	517	439
791	235	519	429
798	229	512	439
802	222	515	437
807	214	508	439
812	211	504	431
816	205	498	430
812	198	502	430
823	189	497	432
842	183	473	433
864	174	452	434
864	166	449	435
866	159	452	439
835	150	479	441
842	142	475	446
842	133	471	448
845	124	471	450
849	117	472	448
852	111	469	453
867	98	458	451
886	98	437	430
893	89	433	436
906	80	423	439
920	74	409	436
944	66	389	438
932	60	397	436
961	54	377	436
945	48	385	429
958	43	377	425
964	39	373	423
967	31	368	425
966	27	368	428
995	23	334	418
966	24	371	436
989	18	346	420
955	6	403	479
878	19	560	700
1403	451	668	452
1332	434	754	470
1484	433	609	463
1397	462	706	440
1387	442	727	452
1514	437	611	457
1467	458	661	440
1442	450	699	441
1378	442	767	451
1539	443	610	447
1496	449	680	448
1429	440	744	449
1404	434	772	454
1529	445	661	439
1425	438	773	450
1465	441	737	443
1391	434	818	451
1409	419	814	464
1430	428	803	455
1588	426	652	454
1426	427	825	458
1516	414	743	465
1458	409	810	478
1571	417	707	464
1473	408	802	473
1506	416	784	466
1565	413	724	471
1493	409	803	470
1500	414	807	467
1546	419	765	458
1575	430	739	453
1568	425	746	457
1605	430	715	451
1617	432	705	449
1587	429	743	453
1624	434	710	446
1600	431	741	452
1667	436	674	446
1661	432	688	451
1728	438	631	447
1715	439	645	445
1674	437	689	449
1858	444	513	439
1848	438	537	450
1721	441	665	452
1764	442	625	450
1906	448	491	443
1818	446	582	450
1768	448	645	451
1767	443	651	455
1816	445	606	452
1948	453	487	445
1772	441	667	459
1750	444	701	460
1790	453	670	449
1782	448	687	453
1810	454	666	453
1788	448	691	460
1801	453	677	459
1803	451	679	460
1813	455	673	464
1885	462	605	457
1835	457	652	452
1878	461	604	461
1946	467	537	445
2124	470	356	436
2147	471	335	445
2152	473	329	448
2156	473	326	451
2178	473	306	450
2200	476	292	447
2212	478	291	441
2229	482	283	444
2240	482	280	443
2253	483	283	440
2259	485	282	435
2249	484	335	436
2265	491	253	438
2216	488	334	441
2281	491	261	450
2275	494	272	444
2284	497	263	443
2265	497	296	445
2292	500	263	460
2290	505	260	436
2271	500	298	437
2300	511	267	427
2251	498	467	470
2310	508	330	501
2305	514	255	473
2314	510	275	490
2310	518	279	469
2319	520	269	478
2322	520	264	478
2326	522	264	496
2329	522	403	512
2332	526	258	465
2340	529	396	515
2333	532	274	479
2346	535	358	511
2339	532	319	519
2345	538	305	513
2347	538	305	515
2344	539	296	515
2341	541	304	524
2339	545	299	510
2336	548	322	518
2332	549	328	510
2331	551	332	513
2328	553	331	518
2325	555	337	518
2324	555	344	515
2321	559	353	515
2319	558	361	514
2317	560	373	512
2312	560	388	513
2310	562	400	514
2310	566	408	502
2306	569	423	483
2302	571	434	485
2299	572	445	484
2298	574	452	479
2295	575	459	485
2293	578	467	482
2292	580	476	487
2290	581	484	494
2288	582	493	492
2286	587	501	483
2282	589	510	488
2280	590	517	485
2277	592	525	480
2275	594	531	483
2273	596	536	482
2271	596	536	483
2268	598	542	481
2266	599	532	477
2261	599	514	480
2262	602	553	473
2255	602	521	473
2249	604	570	466
2247	603	526	473
2243	604	570	457
2242	605	566	473
2238	603	577	473
2236	604	580	476
2233	606	581	471
2229	606	583	478
2224	605	588	464
2220	605	598	472
2217	606	608	471
2211	607	622	478
2206	607	636	488
2197	609	650	490
2191	610	661	486
2187	611	670	485
2181	612	678	484
2176	614	686	473
2168	615	697	480
2166	616	702	466
2157	617	713	469
2152	619	717	467
2147	620	723	465
2142	620	738	463
2132	621	741	466
2130	622	747	468
2118	625	744	466
2121	623	752	466
2110	629	742	464
2112	625	759	468
2101	630	766	464
2098	630	773	458
2095	633	755	461
2090	634	767	459
2087	635	757	454
2081	636	757	461
2073	637	778	454
2069	637	765	453
2066	637	766	457
2063	638	758	451
2057	637	771	458
2051	637	773	454
2048	635	765	452
2044	634	760	457
2040	633	757	450
2037	631	750	458
2032	630	753	453
2029	630	753	456
2026	629	761	453
2021	628	769	453
2018	628	776	449
2012	629	782	450
2009	627	786	448
2006	628	788	449
2002	626	792	448
1997	628	795	447
1991	628	800	448
1985	627	803	447
1979	628	805	445
1974	626	808	445
1970	627	810	447
1965	626	810	442
1958	625	817	446
1951	624	821	445
1948	622	823	447
1944	620	826	448
1941	618	828	449
1935	616	834	453
1933	614	837	452
1925	615	841	450
1923	615	846	448
1921	616	847	444
1918	617	844	443
1915	615	844	443
1912	614	844	444
1907	611	843	444
1903	609	844	442
1900	608	841	442
1897	604	843	440
1894	603	840	442
1893	599	836	439
1889	599	835	436
1885	597	834	437
1891	593	828	441
1882	590	838	441
1883	588	834	439
1882	586	827	437
1881	584	819	436
1877	581	823	437
1872	577	834	437
1878	574	809	434
1876	571	824	433
1869	570	835	432
1873	565	822	430
1872	561	781	426
1864	557	825	429
1866	553	818	429
1866	552	818	424
1860	549	829	428
1861	541	825	437
1853	536	843	438
1850	535	848	432
1851	533	849	435
1853	529	811	435
1848	525	836	440
1861	519	768	445
1844	518	833	446
1860	515	757	439
1852	511	782	436
1849	507	797	444
1855	503	780	447
1845	499	818	447
1840	496	835	447
1842	491	830	444
1849	487	816	445
1846	484	824	448
1856	481	764	450
1851	479	780	450
1851	475	780	451
1842	474	790	448
1839	472	773	446
1829	469	777	439
1814	468	810	442
1814	464	813	444
1809	461	821	445
1802	457	832	446
1800	454	820	446
1798	451	807	442
1791	448	807	442
1782	446	813	439
1778	444	818	438
1779	441	780	440
1772	441	789	433
1767	438	792	440
1762	434	801	438
1763	430	798	441
1764	426	771	444
1752	428	782	438
1751	426	798	435
1746	423	797	439
1739	421	821	438
1737	418	834	443
1731	414	841	440
1725	415	826	439
1725	411	808	439
1726	408	790	439
1722	406	822	435
1717	403	834	438
1714	402	803	438
1715	399	815	439
1719	396	759	435
1700	395	795	438
1702	396	664	432
1703	391	639	433
1709	383	734	435
1691	389	649	430
1699	378	748	439
1684	383	647	429
1697	379	630	430
1693	370	720	450
1681	375	640	432
1695	367	686	440
1675	366	641	437
1692	359	729	448
1674	365	632	429
1694	355	687	443
1673	356	653	433
1686	348	728	451
1663	356	618	429
1667	351	585	438
1672	347	615	440
1668	346	609	441
1660	347	599	442
1652	342	588	448
1648	339	603	446
1648	338	634	455
1643	325	858	469
1632	342	639	441
1633	324	852	486
1626	340	648	440
1620	322	861	486
1615	339	664	443
1620	329	847	477
1613	334	756	455
1618	339	730	445
1613	338	755	438
1614	339	702	437
1592	332	837	446
1583	332	835	450
1577	332	841	453
1571	331	852	449
1565	329	858	453
1559	328	858	451
1556	328	848	450
1552	329	851	449
1552	329	849	445
1539	327	871	446
1534	324	863	448
1530	324	869	446
1525	323	852	448
1526	329	801	440
1520	329	835	443
1515	330	794	438
1508	325	827	445
1500	327	829	441
1502	327	807	441
1494	322	816	446
1487	326	807	441
1480	319	832	449
1477	320	816	445
1470	311	829	454
1469	317	811	447
1459	310	824	454
1462	316	805	447
1455	305	828	459
1451	314	805	448
1448	304	851	456
1442	309	833	447
1439	306	840	452
1436	305	844	452
1432	304	848	452
1432	299	839	455
1426	299	843	458
1425	302	830	452
1418	298	853	454
1408	299	839	455
1409	300	827	453
1402	291	852	459
1405	291	850	458
1405	289	842	457
1398	286	845	463
1397	289	844	456
1392	286	856	459
1390	286	855	459
1384	288	829	455
1392	283	810	458
1387	276	835	465
1384	278	837	465
1380	276	827	465
1382	278	781	460
1379	269	817	471
1366	268	831	469
1365	270	797	462
1361	265	820	468
1370	267	717	465
1362	269	776	461
1352	261	815	466
1353	261	759	463
1356	256	794	471
1351	264	769	459
1352	255	798	471
1360	263	682	461
1347	267	680	460
1341	273	709	451
1336	265	767	465
1329	268	804	459
1331	259	767	465
1332	264	731	461
1320	265	781	468
1317	257	776	471
1316	259	768	472
1313	262	777	467
1306	266	762	460
1299	267	799	459
1299	267	748	458
1298	271	776	453
1295	270	755	454
1292	273	765	453
1295	275	775	452
1292	272	784	455
1290	269	781	457
1292	272	804	459
1283	280	645	442
1281	273	750	449
1282	272	780	461
1286	279	634	443
1265	257	825	479
1262	256	801	481
1267	264	788	468
1265	274	660	452
1261	265	668	458
1255	257	798	468
1267	264	730	467
1262	280	641	449
1260	275	654	450
1253	267	710	461
1257	281	607	442
1240	253	820	481
1244	255	800	480
1241	263	799	471
1248	262	792	467
1245	264	787	465
1245	268	751	461
1246	276	757	452
1248	272	756	456
1248	275	699	450
1247	273	745	453
1239	269	795	460
1245	261	815	474
1242	252	800	485
1241	252	796	488
1244	248	794	490
1236	240	825	505
1236	232	815	508
1238	224	849	518
1230	245	752	494
1224	256	781	481
1220	253	786	487
1224	248	799	494
1225	239	786	505
1212	225	790	521
1205	240	792	495
1202	244	808	503
1199	235	807	511
1194	243	807	499
1189	234	805	515
1189	248	792	496
1185	241	799	503
1184	237	795	508
1183	237	788	508
1180	238	780	507
1181	251	773	494
1177	248	787	495
1176	237	782	512
1171	237	765	508
1167	246	784	497
1165	238	791	507
1159	239	792	507
1158	243	797	501
1155	241	787	501
1156	246	785	497
1154	241	779	499
1148	247	777	495
1148	242	791	507
1143	232	776	509
1135	239	788	508
1137	234	782	514
1140	243	775	503
1140	232	768	510
1136	241	762	501
1137	235	745	502
1131	238	748	491
1127	240	771	491
1134	241	747	491
1132	233	762	497
1138	241	765	486
1144	235	766	492
1139	236	734	489
1135	229	750	494
1133	240	738	480
1131	231	744	493
1128	242	731	481
1126	236	720	487
1124	239	719	483
1114	238	754	487
1124	250	713	473
1125	246	705	477
1122	244	711	485
1121	249	718	479
1114	257	734	472
1108	256	735	472
1112	265	685	464
1117	264	663	465
1111	263	674	468
1111	272	642	457
1115	272	594	457
1111	274	571	461
1108	269	556	468
1107	266	557	474
1105	267	549	473
1105	268	539	472
1103	267	536	475
1100	270	530	474
1099	277	526	468
1100	287	491	456
1099	286	484	457
1097	288	484	456
1094	294	468	450
1092	294	473	453
1089	302	458	445
1089	293	472	458
1075	308	457	442
1082	285	481	467
1078	308	426	440
1075	296	465	455
1073	321	395	426
1064	319	422	427
1072	315	424	434
1064	316	430	435
1066	317	407	433
1065	325	375	423
1064	329	394	421
1059	324	409	426
1061	322	382	424
1063	330	366	433
1065	329	378	435
1059	334	353	428
1063	326	376	448
1053	333	355	440
1051	333	349	421
1058	320	376	419
1058	336	371	505
1048	325	412	531
1055	322	604	587
1053	333	690	587
1046	322	686	603
1061	330	813	610
1031	344	680	595
1045	323	756	619
1017	351	747	598
1010	328	762	627
994	329	829	630
982	333	786	630
968	334	777	632
951	331	816	638
940	337	911	639
931	327	713	652
915	328	816	658
908	291	882	702
855	308	909	687
848	332	814	678
873	342	863	665
837	343	887	661
829	352	896	660
803	287	974	735
815	293	977	742
799	285	997	754
784	194	1017	843
783	308	983	737
780	242	1013	806
767	203	1003	848
761	315	967	737
752	284	987	788
742	284	972	787
730	374	892	708
696	464	852	613
719	415	816	662
690	425	964	666
668	356	966	765
659	240	991	871
661	193	1002	935
655	380	953	774
621	106	1137	1019
639	204	949	948
951	118	775	685
922	98	818	743
581	413	963	749
556	115	1128	1028
573	145	1037	1029
553	406	974	786
522	315	981	874
521	228	1086	953
857	152	725	754
1648	385	653	432
1666	393	591	425
1670	401	614	412
1666	410	563	400
1672	399	567	419
1666	411	589	406
1661	423	566	397
1666	432	538	395
1664	434	548	396
1661	437	569	398
1661	443	585	395
1655	434	618	405
1651	442	618	397
1651	436	614	407
1647	444	608	401
1648	438	615	417
1646	447	591	405
1643	436	607	426
1642	452	584	410
1643	450	573	417
1642	446	579	428
1638	447	584	429
1638	453	574	424
1635	454	580	427
1635	460	579	418
1634	469	576	416
1635	475	571	409
1632	476	568	413
1632	473	567	415
1627	479	573	416
932	324	692	535
942	288	674	573
945	289	677	578
939	311	668	559
928	304	699	567
940	332	634	541
910	332	722	536
927	330	645	544
898	358	733	513
899	285	762	581
893	308	755	563
888	302	766	568
885	307	774	561
882	304	778	565
878	301	790	569
873	304	787	570
868	320	799	555
867	325	804	552
861	301	841	581
866	283	808	591
863	312	811	557
853	320	845	553
858	356	833	519
864	368	823	510
859	344	856	541
867	394	808	481
861	323	866	551
864	401	809	474
858	328	869	549
856	370	856	509
849	358	894	527
850	344	876	547
845	350	895	545
843	366	902	528
845	364	895	527
837	367	935	539
844	363	891	538
831	370	898	533
835	385	890	517
833	387	880	520
836	383	881	527
832	399	878	512
832	405	855	508
845	397	848	522
831	404	844	515
830	414	856	507
833	423	847	501
828	433	837	495
842	454	788	473
830	428	819	508
839	457	780	482
829	451	760	493
831	437	768	519
821	461	729	495
830	469	699	488
826	421	770	543
815	446	817	523
821	465	778	511
810	432	812	548
817	469	765	512
806	463	800	528
810	441	778	552
801	481	771	511
800	455	791	547
797	465	784	538
798	475	783	532
799	473	771	538
792	483	769	532
790	493	751	525
786	490	709	525
796	499	612	520
814	495	652	542
794	498	601	522
805	511	582	524
775	515	415	463
778	521	313	393
777	525	311	392
776	528	310	390
773	531	310	389
772	532	310	388
772	533	312	389
772	534	316	390
769	535	313	389
766	534	322	391
766	534	337	392
767	540	322	388
764	542	333	386
763	541	351	389
757	548	302	386
757	541	329	394
757	545	363	391
748	552	311	388
751	543	342	399
751	541	365	405
742	557	314	392
744	554	323	399
742	556	325	395
738	549	373	406
737	565	321	397
736	557	355	404
732	567	340	395
732	561	360	405
729	569	344	395
731	566	366	414
724	569	354	400
727	564	387	420
722	576	356	404
720	562	402	421
718	577	365	413
715	568	381	419
712	575	367	414
713	574	374	419
709	584	355	407
712	575	393	422
707	590	353	405
709	576	392	425
703	592	356	410
703	584	392	423
700	595	355	409
699	583	398	427
695	598	362	412
694	589	402	427
692	603	359	411
688	596	401	425
687	607	360	413
686	594	412	432
684	610	361	415
683	602	397	428
678	611	376	416
680	612	385	413
666	615	389	411
655	610	415	419
638	611	439	423
624	609	452	430
615	610	465	434
614	612	461	431
643	616	422	428
662	621	392	424
663	627	383	413
653	616	406	423
653	628	381	413
634	616	434	426
607	629	415	414
599	615	460	429
579	620	481	426
634	619	433	427
628	625	407	420
632	625	437	420
648	624	403	422
646	634	389	410
648	633	393	409
646	634	404	407
646	637	402	407
626	633	431	411
621	630	441	418
632	623	447	424
631	633	427	416
630	628	443	421
628	635	429	412
623	632	447	417
618	641	429	407
598	634	466	421
579	645	456	405
570	636	489	421
568	645	466	408
562	642	475	421
556	644	479	417
556	649	473	410
557	651	472	411
557	650	469	411
554	654	471	408
556	656	465	405
559	658	465	405
559	658	472	407
562	666	464	398
554	656	500	410
560	662	463	400
564	665	484	403
562	667	472	400
567	673	495	395
561	669	526	402
567	667	476	405
568	673	547	401
567	670	493	408
565	680	387	398
567	673	442	403
565	678	508	400
569	665	521	420
569	671	506	414
568	668	524	423
554	679	440	407
557	672	499	409
552	685	508	409
552	684	469	407
545	681	463	407
542	685	462	404
542	695	469	395
536	692	468	401
533	695	464	400
533	690	454	405
527	674	458	420
521	697	458	402
523	681	467	421
516	703	471	399
515	696	508	408
507	700	486	407
508	676	515	437
501	723	515	384
498	694	525	416
494	727	459	383
489	706	516	412
495	738	495	372
490	698	549	416
491	715	499	406
483	728	564	390
483	670	567	455
487	709	497	420
480	715	569	412
477	657	590	473
476	692	565	443
474	707	544	427
467	671	575	468
470	682	493	455
471	653	574	489
468	682	503	463
467	643	613	506
459	665	422	483
462	658	480	492
456	647	427	503
455	656	540	501
457	644	450	516
459	657	409	503
454	670	444	497
458	667	409	501
458	675	430	499
457	681	463	494
450	681	459	492
456	674	506	506
455	664	527	524
452	661	529	533
450	660	519	537
453	640	510	559
448	660	515	546
460	642	509	558
451	654	525	552
447	655	537	554
446	655	544	557
447	666	550	550
454	681	536	537
449	696	538	526
439	719	548	509
440	725	554	503
473	726	513	503
475	707	525	523
565	722	456	488
426	834	342	407
420	829	348	417
418	838	342	411
416	836	354	417
414	841	371	415
407	856	346	400
407	860	325	401
406	873	312	391
403	869	332	401
401	883	316	390
396	877	350	400
395	896	349	383
393	895	346	385
394	900	349	380
388	897	397	391
388	902	383	383
384	914	353	367
374	910	411	383
378	916	385	374
372	905	429	387
376	919	408	378
368	922	389	380
365	924	405	381
364	929	389	382
361	931	388	383
356	932	392	383
352	933	390	386
350	934	400	387
344	938	402	388
339	939	401	386
335	942	397	385
332	944	399	386
326	945	398	386
326	948	392	383
320	950	405	385
316	951	400	384
314	952	408	384
309	957	404	379
305	960	412	380
299	965	415	382
300	967	394	379
292	981	377	370
288	973	397	385
285	983	390	377
282	986	380	377
280	990	379	376
276	995	377	375
276	983	392	385
268	1000	370	370
271	998	368	376
261	1005	353	373
268	991	388	393
258	1000	363	379
258	985	368	406
254	1010	348	379
252	999	351	397
247	996	350	404
245	1009	353	391
238	1011	345	390
239	1015	342	388
235	1020	346	385
232	1027	347	381
231	1030	353	379
225	1032	350	381
227	1034	352	379
225	1020	366	395
222	1026	359	389
220	1028	357	388
221	999	373	420
203	954	488	464
212	1004	374	418
209	982	398	442
204	993	384	442
206	1020	354	411
209	1029	376	400
203	1027	369	405
208	1026	379	402
204	1029	374	406
203	1032	374	406
197	1031	413	411
205	1026	471	422
207	1026	467	422
217	991	590	458
455	850	612	741
551	996	529	633
1009	1149	601	388
498	1005	571	620
536	1023	545	597
988	1158	608	360
892	1135	726	398
542	1014	510	584
557	1016	486	588
536	1030	497	570
538	1012	528	597
510	992	543	614
421	982	608	546
459	989	664	610
532	984	550	579
426	964	656	607
951	1166	718	415
954	1172	724	400
936	1173	757	410
950	1178	748	407
918	1183	804	410
567	972	469	557
499	963	626	573
544	978	545	545
518	961	587	546
542	969	509	534
564	971	486	534
624	971	425	493
597	961	451	544
605	961	455	540
592	956	476	552
598	945	481	561
572	941	509	562
522	936	560	567
436	931	679	589
304	917	798	572
348	912	738	437
455	924	733	586
302	911	805	483
313	903	795	508
335	892	810	490
301	892	828	465
301	895	830	476
287	884	867	472
293	892	879	466
273	897	898	462
293	905	816	454
259	890	842	476
264	888	851	493
251	894	887	473
254	889	894	480
291	907	918	474
824	1220	729	469
809	1108	727	577
784	1257	757	444
798	1188	728	512
814	1110	645	580
782	1255	710	450
788	1152	712	544
730	1110	757	595
785	1159	686	549
694	1067	789	632
770	1096	696	623
716	1153	735	565
761	1120	701	590
680	1006	758	477
791	1065	660	652
