340	71	441	562
338	74	440	556
337	74	441	556
333	80	447	549
332	84	450	547
333	87	448	543
333	90	450	543
330	93	457	542
334	98	454	539
334	98	458	537
335	102	458	535
340	110	458	530
339	118	462	524
336	120	468	518
340	123	466	515
343	110	466	531
345	124	465	522
345	113	469	526
351	112	465	532
348	40	475	596
346	6	476	634
352	27	480	616
346	10	485	625
352	38	490	608
351	23	490	616
358	39	488	602
364	63	487	581
359	88	495	557
360	89	494	552
357	95	502	549
361	105	498	542
359	97	505	545
356	58	514	588
366	78	506	568
364	101	512	545
360	48	519	597
371	103	515	545
371	98	516	550
370	111	519	543
377	101	513	550
376	98	521	557
376	108	525	548
378	111	525	545
380	115	528	543
385	120	528	539
385	117	530	545
388	130	532	535
393	140	530	527
400	188	528	506
396	141	539	557
398	158	536	555
402	153	536	565
400	163	540	572
400	188	544	551
401	167	545	574
403	188	543	563
399	201	549	541
401	195	548	547
408	195	544	543
408	208	542	525
409	212	549	514
414	221	544	497
413	223	547	492
415	223	543	492
415	218	547	505
410	217	552	511
403	219	560	515
398	223	570	513
376	222	600	528
368	224	615	533
358	222	629	537
347	234	655	530
330	231	691	542
320	242	705	536
319	241	712	538
309	253	728	526
304	257	752	524
299	251	767	533
290	256	782	528
289	261	791	515
277	270	826	500
272	275	841	489
267	282	862	488
267	289	871	477
268	300	898	464
257	285	916	472
327	318	850	441
261	303	925	452
308	327	896	429
270	309	930	446
264	316	948	441
281	326	936	441
368	336	837	446
312	322	900	464
313	338	906	453
513	352	703	450
425	352	794	458
491	350	732	473
468	349	753	477
491	353	732	480
512	350	711	484
455	339	769	502
476	348	749	496
389	339	840	507
365	327	864	517
383	330	842	519
454	330	757	517
498	332	723	516
324	320	897	535
380	312	830	545
470	327	741	522
505	337	707	523
266	300	934	561
389	316	803	535
315	316	897	542
405	316	794	547
355	324	838	542
244	299	933	563
233	281	947	583
231	287	949	583
230	287	942	584
228	291	941	577
227	294	940	572
221	298	941	569
222	291	928	563
217	289	932	575
219	292	918	575
223	294	923	564
240	290	887	561
358	304	759	549
232	293	892	556
278	294	823	560
382	288	719	556
206	270	882	573
215	273	857	563
199	263	873	564
213	259	852	555
194	252	872	563
279	249	780	560
222	253	844	559
282	247	778	557
217	246	849	544
223	238	845	551
203	237	875	545
223	234	856	537
210	236	870	538
220	235	863	536
225	239	860	519
228	228	859	520
256	234	835	503
250	231	846	509
248	228	848	510
252	216	850	515
260	207	846	512
271	205	837	507
273	201	837	508
299	197	813	501
295	195	821	513
316	198	806	499
286	188	838	509
320	183	809	509
324	175	811	516
307	161	831	527
359	181	778	507
322	170	824	499
363	172	781	502
322	166	830	501
364	167	786	510
335	162	824	510
357	160	802	513
367	171	797	505
346	158	819	520
353	155	814	504
355	165	811	503
347	150	820	520
356	154	814	525
341	154	833	532
333	139	841	544
338	148	834	535
342	147	830	535
337	150	839	534
339	146	837	532
337	146	839	537
342	136	833	553
345	132	830	561
334	127	844	564
349	117	831	571
332	109	848	583
335	120	846	567
333	109	844	583
331	107	846	584
326	122	850	569
323	119	851	562
318	107	854	571
326	126	847	546
305	127	869	549
320	124	849	558
317	129	854	549
311	129	859	546
313	130	856	541
324	132	842	532
330	131	836	525
327	145	838	504
340	141	821	511
327	150	834	494
326	133	830	521
346	148	811	507
343	148	811	513
337	142	813	526
343	135	803	531
352	140	797	528
344	138	802	533
359	133	794	541
359	137	800	542
357	138	810	540
361	142	810	536
359	134	820	543
361	133	821	539
366	140	821	534
365	137	823	532
359	141	839	531
359	147	843	518
359	158	844	509
358	170	854	494
348	178	871	483
336	178	884	482
324	173	901	484
306	201	913	460
266	221	959	442
253	188	970	481
222	253	1001	413
214	241	1016	425
198	265	1032	399
182	290	1055	374
173	302	1057	362
149	321	1084	344
144	330	1092	336
96	335	1146	337
89	337	1145	334
83	343	1152	336
71	342	1165	335
68	347	1168	339
75	340	1162	345
74	350	1171	339
85	351	1163	339
176	353	1075	334
87	353	1149	329
148	354	1099	338
144	357	1128	337
65	356	1205	335
75	353	1193	340
85	352	1183	342
73	356	1201	337
115	355	1164	339
80	361	1198	333
146	361	1134	329
121	361	1163	327
147	361	1140	323
261	362	1024	321
95	360	1195	309
116	362	1174	321
259	369	1036	312
30	370	1254	304
207	370	1097	313
180	373	1128	307
11	379	1271	290
3	379	1302	293
0	381	1309	293
0	381	1316	290
0	383	1318	291
0	385	1320	288
3	385	1318	284
0	384	1321	287
0	381	1323	286
132	387	1193	278
170	391	1161	273
199	389	1130	273
153	385	1175	275
182	386	1143	268
29	372	1293	278
183	377	1145	278
0	363	1318	287
220	371	1107	280
48	364	1270	277
0	345	1322	298
0	339	1320	298
0	320	1316	320
0	284	1322	355
0	289	1321	351
0	268	1329	370
0	251	1326	389
0	284	1326	355
0	273	1325	365
0	251	1325	389
0	242	1323	398
0	244	1323	397
6	234	1313	407
25	238	1300	403
11	224	1313	422
10	252	1311	397
16	232	1308	417
9	236	1319	415
15	221	1314	442
18	213	1314	451
18	230	1322	434
19	225	1326	443
21	226	1331	440
16	226	1338	441
20	232	1340	438
19	224	1346	455
25	224	1347	458
30	238	1343	444
32	235	1344	450
46	254	1335	437
65	254	1321	438
66	257	1318	432
66	255	1320	431
109	268	1280	419
102	279	1275	416
122	275	1261	417
128	284	1252	413
158	287	1227	417
167	294	1224	413
164	308	1222	400
180	297	1208	413
213	320	1173	398
169	308	1205	409
215	327	1162	401
176	325	1195	404
186	355	1185	388
161	363	1202	373
146	368	1218	376
125	381	1237	366
107	411	1257	341
105	418	1262	335
95	425	1269	331
77	433	1282	323
50	443	1307	320
46	448	1307	314
47	451	1307	310
70	451	1290	309
24	456	1344	302
36	458	1344	303
45	457	1347	296
6	457	1387	295
0	453	1405	288
0	456	1397	283
0	452	1392	282
15	454	1388	279
25	450	1380	287
20	450	1389	291
32	448	1390	310
33	450	1400	322
47	456	1393	325
49	452	1390	330
58	450	1384	332
62	452	1378	329
65	449	1386	323
38	451	1419	322
58	449	1390	311
19	451	1429	307
14	453	1432	287
1	448	1426	274
0	445	1434	271
0	445	1429	262
0	442	1448	260
0	443	1433	250
0	438	1445	253
0	435	1448	250
0	431	1454	253
0	426	1448	257
0	426	1448	255
0	425	1445	253
11	422	1442	252
0	415	1457	259
0	413	1451	257
0	401	1461	267
0	381	1454	279
5	381	1443	279
0	362	1454	294
0	368	1459	287
0	348	1457	306
0	346	1466	304
0	334	1463	317
0	337	1460	308
0	307	1444	338
0	313	1455	328
0	288	1452	355
0	294	1448	345
0	284	1441	352
0	260	1444	377
7	265	1443	368
2	264	1442	367
16	244	1429	392
29	246	1417	383
30	235	1418	396
30	231	1419	399
29	236	1424	391
44	229	1404	406
32	235	1414	393
35	234	1421	403
23	224	1422	414
22	217	1420	423
37	228	1405	411
29	228	1412	413
44	226	1400	421
53	231	1393	427
54	226	1392	428
57	223	1391	437
75	223	1372	440
90	228	1361	439
84	229	1368	440
96	234	1356	441
110	245	1351	430
119	250	1334	432
135	247	1329	441
144	257	1313	429
162	262	1304	429
166	260	1296	432
179	268	1286	423
188	270	1275	428
217	276	1255	427
213	288	1259	416
227	297	1241	412
231	300	1233	415
260	308	1219	416
263	313	1209	413
278	319	1196	413
295	326	1180	409
317	339	1155	410
326	335	1146	419
324	349	1144	408
329	352	1142	413
324	360	1146	413
298	381	1170	399
295	384	1167	403
294	389	1168	408
277	393	1183	412
259	406	1205	414
250	408	1209	415
238	414	1229	412
220	415	1245	417
208	415	1260	416
200	414	1272	417
197	414	1280	419
184	413	1293	414
176	417	1301	410
175	416	1307	409
176	416	1309	407
174	417	1313	404
180	420	1311	407
185	414	1311	408
183	419	1325	400
171	416	1336	404
184	418	1331	404
176	411	1338	418
184	413	1332	420
190	412	1322	427
195	411	1323	450
204	412	1314	479
215	416	1311	486
225	414	1299	488
229	410	1294	486
232	405	1301	478
229	403	1304	480
226	399	1306	467
210	403	1317	441
205	390	1316	445
191	391	1324	432
191	397	1329	409
174	392	1341	408
174	391	1345	395
157	388	1360	386
152	394	1357	368
133	392	1372	356
127	374	1378	371
101	371	1406	370
111	375	1392	353
107	372	1392	356
101	364	1398	360
104	367	1381	356
104	347	1399	375
107	346	1389	370
113	343	1392	370
121	336	1376	377
121	340	1377	371
112	321	1385	390
113	339	1386	369
128	319	1372	391
131	331	1369	380
123	330	1371	384
127	323	1369	392
127	325	1370	390
146	330	1353	389
142	304	1354	420
155	297	1353	427
145	299	1351	427
151	292	1352	436
154	292	1337	435
157	292	1336	439
161	293	1324	434
166	288	1317	440
178	278	1307	458
192	286	1297	445
182	272	1301	461
195	286	1293	444
187	286	1285	447
195	279	1276	456
194	282	1277	456
210	274	1261	464
225	264	1235	478
236	258	1226	487
242	252	1214	502
251	262	1207	492
261	260	1191	502
264	258	1190	507
272	254	1180	511
278	257	1171	510
295	261	1154	513
307	263	1144	509
316	267	1135	510
330	268	1125	511
352	279	1096	508
358	289	1092	508
367	290	1086	507
370	292	1085	511
387	314	1063	494
376	321	1077	493
382	324	1063	493
382	332	1067	488
392	344	1053	482
382	346	1056	485
367	355	1079	479
357	358	1089	478
345	370	1104	472
341	368	1098	477
325	380	1116	465
309	384	1129	467
303	394	1133	463
293	399	1140	460
273	408	1169	453
273	415	1167	446
273	424	1170	429
252	433	1190	423
243	431	1202	421
241	435	1201	412
235	449	1204	399
225	454	1221	398
220	450	1225	411
214	456	1233	415
216	458	1245	430
231	460	1230	435
234	460	1231	439
242	462	1227	448
261	465	1205	455
274	463	1190	462
281	470	1183	464
289	468	1180	468
300	465	1172	479
309	470	1174	477
313	471	1175	481
318	473	1170	472
319	474	1180	467
322	479	1186	454
320	484	1191	444
318	479	1191	448
313	483	1197	422
310	478	1199	423
307	476	1204	410
304	476	1206	407
288	467	1213	399
293	472	1221	391
277	462	1222	385
272	465	1241	378
258	461	1242	365
258	455	1247	355
259	455	1243	339
262	451	1231	335
260	444	1229	320
254	438	1247	314
