261	219	155	186
259	219	155	192
255	223	156	195
253	233	160	196
250	239	161	198
248	244	161	200
246	249	156	201
242	255	157	202
237	258	159	204
234	270	154	200
231	272	148	207
227	290	145	193
223	292	157	200
217	293	147	204
213	304	150	200
209	310	151	198
204	314	149	197
199	319	171	196
195	321	153	198
187	328	159	194
183	334	154	192
176	337	167	194
169	340	155	196
163	342	175	201
156	332	148	209
151	349	188	199
144	351	191	199
138	353	185	198
133	355	191	197
126	363	214	193
120	371	196	198
115	379	179	185
109	383	203	181
103	386	188	193
94	383	197	183
85	384	205	188
81	394	209	182
71	392	220	193
67	401	216	172
63	403	219	241
59	402	188	174
56	409	197	220
46	410	163	205
47	415	185	210
37	416	167	196
35	418	167	178
25	420	175	187
28	421	172	199
25	426	196	197
11	427	174	192
19	428	186	199
6	433	199	200
18	432	195	193
2	438	188	203
11	438	184	194
3	441	182	206
6	441	163	206
6	446	144	196
6	447	127	195
3	448	143	193
1	449	105	193
2	452	135	163
4	451	87	187
1	453	105	199
1	455	88	146
1	461	83	134
1	459	83	163
1	460	79	121
2	462	77	127
2	466	73	154
0	461	97	195
0	465	102	204
0	464	104	202
0	465	95	205
0	467	91	197
0	468	85	199
0	469	64	194
0	471	62	198
0	469	67	208
0	471	76	211
0	473	78	210
0	473	84	219
0	474	84	205
0	473	105	220
0	473	110	214
0	476	114	207
0	476	119	205
0	475	124	203
1	475	115	202
1	475	100	207
0	473	101	201
0	472	107	210
0	474	112	202
0	473	116	206
0	472	119	203
0	473	123	202
0	471	126	202
0	472	131	201
0	471	133	203
0	473	137	209
0	470	141	213
1	469	143	191
0	471	148	202
0	468	152	205
0	467	150	209
0	466	154	201
0	467	158	206
0	466	158	200
1	467	161	200
0	465	165	209
0	464	170	214
1	466	172	210
2	467	174	216
3	467	175	203
5	466	177	204
8	465	176	205
6	465	182	210
10	464	182	216
15	465	179	208
4	466	194	216
8	465	192	223
17	465	187	216
19	466	188	224
26	464	187	218
13	465	203	224
45	464	177	213
50	466	176	222
62	465	167	207
62	467	170	215
53	467	185	217
63	465	178	217
67	467	177	212
72	468	176	214
74	468	179	212
70	470	184	215
26	471	233	221
52	469	209	222
62	472	202	213
64	473	207	212
63	473	211	212
63	476	213	218
75	475	204	206
67	475	215	206
70	476	213	204
77	475	210	200
75	476	214	204
83	474	211	200
82	478	212	194
83	468	215	210
88	473	213	197
91	476	212	200
89	461	218	209
89	475	219	198
107	481	203	183
103	481	210	183
105	483	209	187
104	483	215	176
115	484	205	173
109	486	216	173
109	487	219	171
106	488	224	170
116	489	216	172
117	492	217	169
116	493	221	168
110	492	231	168
117	494	228	170
115	494	231	169
150	495	198	162
142	498	210	163
147	497	206	168
150	499	206	163
139	500	217	165
149	499	210	165
148	499	213	164
140	500	222	175
169	498	196	174
160	500	211	170
174	498	198	196
165	496	213	178
176	495	203	183
168	496	213	178
170	496	212	175
170	495	217	180
168	492	224	185
174	490	221	196
180	488	218	199
174	487	227	191
173	487	231	182
172	484	236	197
184	482	228	206
194	479	221	225
176	477	241	212
192	475	228	202
222	473	200	176
222	471	204	177
229	470	201	188
230	469	204	197
224	466	215	177
225	467	218	177
228	464	220	180
228	464	224	176
252	461	201	171
250	459	205	178
250	459	209	190
255	455	205	170
254	455	210	177
248	455	221	177
248	453	226	178
269	452	210	154
274	450	204	112
282	450	197	114
282	448	204	169
286	446	198	105
268	444	218	114
293	442	197	118
295	442	202	132
300	443	197	101
293	438	208	129
300	437	208	116
309	436	201	129
293	435	217	144
309	434	203	145
301	432	215	154
313	430	206	152
299	430	225	154
335	427	196	83
335	425	198	84
338	423	199	103
338	421	202	121
333	416	212	124
335	417	213	127
339	412	213	138
348	411	206	130
362	410	197	98
357	407	205	108
364	406	204	109
363	404	208	117
374	400	201	128
376	399	203	132
380	397	200	145
376	395	207	148
367	394	221	145
357	394	235	148
365	391	230	151
378	386	219	151
374	385	227	170
371	385	234	166
379	383	230	160
389	379	226	137
394	378	230	151
382	377	241	162
382	373	242	171
380	374	245	171
383	371	243	185
347	370	282	177
288	366	342	186
406	366	224	152
417	367	221	161
412	366	230	170
400	362	246	162
416	365	230	156
412	362	237	166
428	360	222	157
425	360	229	173
430	360	229	158
440	358	218	172
443	357	221	163
446	353	222	171
441	354	231	164
443	351	230	177
441	352	234	164
449	349	228	182
452	348	231	175
473	346	216	177
499	344	195	185
495	345	201	195
494	344	204	195
510	343	191	191
516	343	188	173
514	343	193	177
514	342	198	182
517	342	196	181
514	340	203	182
526	342	196	175
538	341	189	186
541	341	188	179
548	342	186	183
561	342	177	181
563	344	180	191
573	345	172	187
575	346	174	178
581	347	169	181
583	348	172	177
584	351	174	182
595	352	167	176
601	354	165	172
603	356	170	163
616	358	161	166
623	358	159	146
621	359	164	141
630	358	163	144
633	361	163	129
642	362	159	109
642	362	162	121
648	362	160	112
649	363	162	131
644	364	171	132
656	361	163	100
657	361	166	107
663	359	167	119
668	359	163	115
672	357	162	107
677	356	165	118
683	354	162	96
686	353	167	99
690	351	168	105
695	349	170	117
696	349	170	129
687	348	185	133
693	345	183	162
688	341	193	152
692	340	192	150
696	337	191	148
696	334	201	150
699	333	204	160
693	302	251	186
735	278	303	194
692	284	257	198
751	37	512	419
776	19	423	387
760	37	509	373
780	33	524	377
757	39	553	378
779	37	432	383
778	45	361	374
865	39	304	376
761	44	451	381
768	45	490	383
780	41	484	385
788	41	477	387
795	38	449	391
780	38	463	392
785	38	460	396
784	37	450	397
775	39	461	402
851	39	341	401
794	37	390	394
793	37	327	408
806	38	326	401
805	39	310	414
822	38	293	410
879	40	231	411
835	40	275	415
842	40	263	410
860	40	247	423
855	42	257	423
858	43	300	427
847	47	295	424
847	47	292	424
845	50	301	423
846	49	310	430
847	48	317	433
847	47	324	441
845	48	334	439
844	48	351	441
846	50	354	441
845	52	357	442
843	53	364	447
839	54	381	448
841	58	386	448
841	58	396	452
838	60	410	457
836	59	419	462
836	59	425	464
832	59	438	480
832	60	447	480
828	61	462	489
829	63	474	485
819	63	492	492
818	65	495	499
816	66	505	488
808	68	520	489
808	67	525	500
801	68	542	493
798	70	552	486
792	70	567	490
786	71	582	490
785	74	593	486
781	75	609	481
768	77	630	484
767	78	641	485
766	81	653	485
759	83	664	481
754	83	677	482
756	82	685	488
748	83	699	489
743	88	710	504
735	90	728	499
732	88	744	529
724	86	757	500
718	94	771	515
717	92	782	502
713	99	786	515
715	99	803	506
696	105	830	505
693	102	837	509
697	105	844	518
695	107	857	497
714	110	840	519
709	111	857	513
715	112	862	512
712	112	879	501
710	114	889	509
711	120	901	494
715	115	901	508
713	122	920	499
721	122	917	505
723	129	917	511
726	127	929	528
726	127	945	525
737	129	944	511
739	143	942	507
738	128	951	526
735	153	965	498
755	129	952	533
754	139	962	540
744	140	971	516
745	137	982	516
750	128	990	543
739	135	1012	561
719	136	1024	508
734	142	1027	569
735	137	1031	510
739	155	1038	569
750	149	1032	524
729	154	1051	558
745	151	1053	502
738	163	1061	567
738	165	1068	478
725	161	1087	565
738	165	1074	544
718	147	1106	571
718	167	1105	528
718	168	1111	563
723	171	1110	553
723	165	1113	571
733	168	1101	580
743	150	1098	577
746	165	1087	591
751	175	1082	557
762	165	1080	547
764	172	1076	562
779	162	1059	544
770	173	1073	612
772	174	1091	596
768	176	1105	609
766	169	1106	601
761	174	1113	608
770	173	1111	604
775	170	1103	611
764	173	1123	612
656	170	1232	623
735	176	1155	619
543	437	1112	414
771	171	1112	604
754	192	1115	594
780	168	1106	619
772	177	1111	602
776	167	1129	603
755	183	1093	600
752	162	1092	628
691	173	1165	634
684	161	1171	636
789	154	1084	624
776	161	1137	614
792	161	1127	619
830	138	1089	646
835	155	1084	610
793	137	1123	628
779	154	1128	646
834	156	1076	637
845	140	1074	636
818	135	1101	647
835	147	1084	637
885	141	1030	649
888	144	1031	649
897	139	1022	673
888	138	1029	679
879	129	1001	693
908	372	639	451
921	154	998	665
938	144	930	694
967	140	935	693
940	195	656	669
928	142	965	689
990	140	926	685
955	165	908	685
972	153	923	685
971	144	898	695
964	238	896	608
969	137	948	684
948	208	906	649
1518	237	386	497
960	126	959	654
962	391	919	430
915	133	951	691
988	390	545	401
1008	127	830	626
965	117	944	654
1012	457	844	337
962	112	891	659
987	98	924	675
997	469	858	339
979	96	870	671
1008	92	910	677
985	434	623	368
1012	110	896	649
968	387	701	423
1042	79	856	700
1052	87	832	719
1068	88	803	731
1071	75	797	732
1082	79	796	712
1108	114	722	691
1120	72	798	708
1136	52	776	728
1167	56	730	705
1173	44	728	717
1194	53	725	698
1206	59	713	691
1230	49	688	693
1239	48	680	697
1255	29	664	705
1264	56	654	680
1262	27	657	722
1260	75	659	666
1261	30	658	706
1253	38	666	698
1251	24	668	707
1244	54	674	662
1235	24	684	694
1247	162	672	539
1258	403	656	300
1256	75	658	624
1233	259	680	437
1244	367	648	315
1213	379	699	296
1246	408	666	266
1216	387	703	272
1200	364	707	284
1190	348	722	301
1208	314	706	320
1189	321	728	315
1209	342	704	290
1242	353	667	270
1236	353	662	251
1239	314	671	277
1260	337	638	230
1279	322	640	232
1280	333	631	220
1306	328	609	224
1314	322	605	225
1317	339	599	211
1332	315	585	234
1333	140	583	410
1342	141	573	443
1349	97	570	493
1379	353	527	243
1373	139	540	443
1400	78	519	509
1416	103	503	498
1411	70	507	534
1416	97	500	509
1404	77	512	536
1421	116	498	490
1394	85	525	527
1435	94	483	510
1442	62	473	542
1458	102	460	495
1460	86	456	518
1480	75	437	522
1496	88	420	489
1507	90	412	472
1522	89	397	477
1547	86	370	458
1567	92	349	468
1591	94	324	402
1604	100	312	384
1626	100	289	380
1619	109	299	375
1395	106	151	185
1402	114	140	158
1404	110	151	170
1401	125	154	160
1427	124	137	170
1428	131	133	162
1232	127	348	165
1263	129	317	180
1301	136	306	192
1334	136	263	171
1365	141	219	178
