927	389	456	100
928	389	449	97
924	390	450	96
924	390	450	97
922	389	450	97
920	390	450	97
917	390	452	97
915	391	454	96
913	390	454	97
909	391	458	97
908	390	457	98
906	391	457	98
903	389	460	99
905	389	456	100
899	389	461	98
902	389	457	100
895	389	463	99
899	389	458	99
893	389	462	99
896	389	457	100
893	389	462	99
889	389	462	99
889	389	459	100
886	389	457	99
886	388	456	101
886	389	453	100
885	389	449	101
884	389	447	101
879	391	449	101
882	393	446	102
879	395	446	100
879	397	439	101
879	397	435	103
877	398	437	105
875	397	436	107
875	400	433	106
872	399	436	108
873	400	433	108
872	403	428	107
870	400	430	111
870	404	427	108
866	405	431	108
869	405	422	108
865	411	427	104
860	408	430	109
862	413	429	105
856	413	434	106
856	414	434	104
851	417	436	103
849	420	435	104
848	419	434	107
847	419	432	109
846	421	429	108
844	420	428	112
843	423	427	112
839	419	430	118
839	428	428	110
835	424	430	117
836	432	425	111
833	435	429	111
833	441	430	106
831	447	428	103
830	447	429	106
827	449	430	106
828	451	428	106
827	453	427	106
825	456	425	106
824	459	424	105
820	458	425	107
820	463	424	105
813	464	432	106
814	466	426	107
808	467	432	108
811	472	426	108
805	472	433	113
802	476	432	112
800	476	434	115
792	480	436	115
789	487	435	108
783	487	427	110
786	492	416	104
784	495	407	105
781	497	400	103
778	502	406	103
776	504	403	102
771	508	407	100
765	511	413	102
766	514	403	100
760	518	398	98
759	521	400	100
754	523	406	102
751	527	403	100
746	528	415	102
743	535	411	101
737	534	429	105
737	541	430	101
732	541	431	101
728	548	432	94
724	547	428	101
728	551	417	96
719	553	442	99
712	556	447	96
710	561	447	95
705	563	454	95
704	564	459	100
700	564	468	105
693	566	475	107
693	570	467	108
689	573	470	112
690	576	469	116
682	576	476	120
679	578	478	120
679	584	474	117
680	584	476	122
676	590	476	120
677	591	477	122
673	592	482	123
671	589	483	134
669	593	481	132
669	599	486	129
675	609	473	125
660	607	493	132
666	610	480	133
670	620	475	126
679	624	474	125
680	626	476	127
680	628	477	128
682	629	476	130
677	635	480	127
683	644	470	122
672	647	487	122
661	648	497	124
677	655	483	121
683	661	475	118
672	666	491	118
674	668	492	119
665	671	502	119
672	674	493	120
674	677	491	119
676	681	492	118
678	684	491	120
677	687	493	120
679	690	493	121
681	694	488	119
678	697	495	121
681	701	489	119
684	705	487	120
683	709	486	118
687	712	480	118
692	715	472	120
690	719	481	118
693	721	480	121
692	724	485	121
692	726	480	121
689	729	490	121
697	732	472	120
693	735	476	118
684	737	470	117
694	740	452	115
700	743	438	106
698	747	454	108
700	749	449	111
704	752	445	111
708	756	449	110
706	759	452	109
712	761	451	105
702	763	470	106
709	765	467	110
705	768	475	113
708	770	470	107
710	773	485	109
715	774	475	103
726	780	477	107
723	783	474	101
718	788	485	99
722	792	483	94
722	795	490	99
732	797	476	95
735	801	478	98
722	802	500	99
721	806	503	97
720	806	512	101
727	811	500	100
736	813	499	100
742	817	489	100
732	817	506	103
740	818	503	105
742	821	507	109
740	824	500	105
721	821	536	114
700	825	550	115
741	823	541	122
710	821	580	129
707	822	583	132
739	832	539	123
725	836	560	121
735	843	558	116
744	847	536	116
770	851	515	111
771	853	523	109
762	857	535	107
767	858	530	111
770	861	531	110
771	862	536	112
771	864	541	113
759	865	558	115
760	865	563	122
776	867	550	123
762	869	569	124
772	872	564	125
774	874	563	126
785	878	548	121
779	882	554	120
800	886	526	112
815	888	508	108
799	890	535	120
818	894	517	106
805	895	532	115
818	898	509	108
811	900	522	114
818	901	508	109
814	904	525	118
820	904	516	116
821	905	512	113
823	908	519	119
828	908	510	117
822	909	520	119
810	909	533	120
803	909	538	123
798	910	547	127
832	913	494	122
802	915	543	125
822	915	524	127
804	918	534	124
836	919	513	126
811	920	520	125
839	922	509	129
824	924	512	127
832	925	517	129
819	927	524	127
832	928	517	127
827	930	514	123
841	933	502	121
843	934	497	120
839	935	506	120
840	938	502	120
838	939	509	119
839	941	503	119
840	943	505	116
841	942	504	118
844	943	501	119
839	944	507	118
844	945	503	120
840	945	505	117
842	944	503	119
847	944	502	124
839	945	515	119
842	944	510	122
837	943	516	124
829	945	525	120
832	946	521	119
829	945	525	121
826	947	531	118
821	946	528	116
821	947	534	117
814	946	544	116
805	944	556	114
796	947	563	112
786	944	573	114
803	946	558	110
788	942	576	114
770	946	593	110
766	941	597	114
776	938	586	118
785	938	577	114
777	942	584	110
762	938	602	115
798	930	567	126
765	930	605	127
794	929	570	130
777	925	594	129
752	925	615	130
773	922	590	136
783	919	577	139
783	916	567	137
767	918	587	136
770	916	592	147
759	911	594	141
752	910	603	145
758	912	597	138
744	911	614	141
759	911	595	140
753	906	606	152
760	902	605	152
749	904	627	154
772	900	608	159
740	894	643	166
752	897	624	156
744	898	630	156
760	894	613	160
728	889	649	169
738	886	639	169
743	889	624	158
741	888	628	163
747	885	619	167
749	890	604	159
731	887	633	166
741	888	615	163
747	891	603	161
719	890	634	163
727	889	625	164
730	893	610	145
724	890	601	153
714	891	609	146
693	890	638	150
710	891	609	152
708	892	606	149
706	893	601	144
680	897	622	133
686	890	615	145
687	894	604	129
683	891	612	126
701	892	598	121
725	900	566	114
694	901	593	110
705	899	581	114
701	897	582	114
737	897	539	114
649	892	631	121
675	891	599	121
687	896	584	115
720	894	542	120
669	894	602	117
700	896	557	118
679	893	582	119
708	891	547	121
682	891	583	118
699	889	560	123
691	888	559	122
687	887	566	123
686	886	557	124
691	885	551	127
680	886	557	123
689	886	550	125
667	884	565	126
677	882	557	123
663	880	568	125
667	877	561	129
653	875	578	131
630	873	598	135
638	873	579	135
616	871	602	137
643	873	566	135
611	869	605	140
623	871	585	134
602	870	606	142
590	870	611	137
578	870	625	137
595	871	606	134
590	866	607	135
618	867	572	142
593	865	594	139
600	865	585	148
588	863	588	147
579	868	600	142
576	862	609	145
583	862	580	145
582	862	583	151
565	863	606	143
568	860	598	148
567	857	595	151
572	859	599	149
540	855	612	149
553	863	591	140
548	861	598	136
562	861	581	135
546	861	595	136
564	863	569	128
562	864	565	128
551	863	575	127
546	864	575	126
551	865	565	123
561	864	552	122
564	862	543	121
554	863	555	116
550	863	554	118
546	865	551	113
548	862	551	118
539	861	554	117
534	858	559	123
513	859	568	120
508	859	577	120
515	859	566	119
519	858	558	119
497	857	569	120
512	856	557	123
501	857	556	122
500	854	561	123
498	853	555	126
485	852	566	127
492	849	554	129
488	850	556	128
475	849	566	129
480	846	554	132
472	846	563	131
467	844	563	134
472	845	555	135
450	842	568	133
463	840	556	131
455	839	572	140
464	834	533	141
453	837	551	138
440	833	563	144
432	831	552	143
413	833	594	135
415	833	563	136
424	831	569	134
437	832	537	139
434	827	553	146
424	823	569	156
411	821	583	156
402	822	576	149
373	816	611	161
391	815	603	161
364	819	609	155
398	813	578	158
370	817	606	155
376	814	593	155
370	810	609	159
390	811	565	158
372	812	591	155
365	808	592	158
367	808	603	159
365	808	575	154
384	809	562	159
395	808	539	152
392	809	530	148
386	807	545	150
385	806	537	150
379	808	542	146
396	809	520	145
397	816	516	132
397	813	517	139
397	816	514	130
384	813	535	137
378	815	537	129
373	815	536	128
371	811	545	137
355	808	551	132
328	809	588	136
338	811	569	137
326	807	583	140
332	806	581	143
328	802	583	145
307	803	605	144
312	800	601	149
297	800	620	150
289	796	623	147
268	790	652	154
308	786	614	160
257	782	656	163
302	784	615	159
257	777	659	162
307	782	609	157
272	773	642	166
312	776	602	159
270	772	641	166
310	778	596	154
270	774	636	156
303	772	605	160
257	768	649	165
301	774	601	150
257	765	649	164
271	775	625	150
256	769	631	157
272	773	602	155
263	775	612	150
256	775	616	149
258	774	618	152
246	773	627	151
253	771	621	153
257	770	615	153
253	766	624	158
274	766	594	159
250	759	629	166
302	760	573	165
272	764	603	159
258	762	622	159
316	767	565	156
306	768	574	143
279	772	596	140
296	770	593	143
299	768	584	141
308	770	574	132
322	773	563	128
305	769	582	139
316	765	558	136
318	771	568	131
316	768	563	135
327	767	552	131
324	767	563	139
334	764	530	135
341	763	540	143
323	760	535	144
338	761	537	130
332	762	540	134
337	762	533	137
339	760	529	136
329	760	544	144
336	758	522	136
331	759	540	142
336	757	524	137
323	760	550	139
332	759	542	132
329	758	541	137
321	757	554	133
318	756	557	131
312	756	566	127
322	755	560	126
314	754	577	129
314	754	568	127
309	753	577	128
317	751	567	128
304	750	582	130
310	748	576	135
302	748	579	136
302	747	586	135
276	744	611	144
256	739	641	155
278	747	613	144
267	741	607	150
258	741	642	152
268	745	609	150
258	741	636	157
263	741	613	158
254	743	636	152
250	741	634	152
257	744	636	146
262	743	625	148
250	737	644	156
286	741	594	142
285	744	605	135
291	738	600	142
279	738	609	144
287	740	604	135
277	732	616	142
273	727	616	151
290	721	606	152
288	721	589	153
274	714	632	171
304	724	580	155
291	719	602	157
291	723	605	159
307	725	583	159
310	726	598	157
321	729	587	159
333	729	590	162
345	725	587	171
349	721	581	171
335	727	588	161
343	720	602	175
343	727	567	160
354	735	563	156
349	744	564	140
361	750	556	132
357	752	563	130
360	751	566	127
362	748	565	132
363	749	556	128
367	746	554	135
367	749	551	128
369	750	552	127
370	750	551	124
372	751	549	124
375	752	548	124
373	753	549	121
375	752	549	122
378	752	549	125
377	754	549	121
376	752	554	124
377	755	549	122
375	755	551	124
375	756	555	128
371	756	556	130
361	756	564	133
358	754	570	134
358	752	573	136
361	751	568	137
357	751	573	137
357	750	572	139
357	750	570	141
355	749	579	141
353	749	582	141
354	748	583	144
358	746	558	145
353	745	588	149
355	743	567	151
362	741	571	155
352	742	561	151
362	739	561	155
360	738	563	156
365	739	550	153
366	745	565	144
360	748	565	140
360	748	568	139
351	750	581	136
362	749	569	135
361	748	581	138
359	751	560	131
363	751	565	129
358	751	571	127
360	751	568	128
360	751	570	126
366	751	561	127
364	752	561	125
367	750	563	126
366	751	563	125
368	750	559	125
364	751	561	127
363	748	564	128
367	749	562	126
361	748	571	127
363	747	568	129
367	749	556	126
366	745	558	130
371	744	554	131
372	743	551	133
372	742	554	134
373	743	553	133
372	740	556	138
375	739	554	135
377	739	553	136
375	739	557	138
375	739	556	137
376	740	551	135
372	739	555	137
378	737	548	137
378	736	551	137
377	737	555	135
376	736	560	135
373	735	564	135
374	736	559	134
375	736	556	132
370	737	563	130
371	738	563	128
368	737	566	128
367	738	563	129
370	740	558	127
368	741	560	127
368	740	557	130
367	742	558	126
365	743	559	126
367	743	558	125
368	744	555	124
368	744	554	124
365	744	553	123
367	744	549	124
366	746	548	122
368	746	549	122
369	746	546	123
369	746	545	124
368	745	547	127
367	746	547	127
365	744	552	128
365	744	546	127
367	743	542	129
364	743	544	129
364	742	546	130
364	741	543	130
362	741	545	131
361	741	548	131
359	741	553	131
357	740	554	130
356	741	556	128
353	741	559	125
354	742	552	123
354	741	550	126
353	741	553	126
353	740	553	126
351	741	554	127
349	742	554	128
351	742	552	127
352	742	553	127
354	743	550	128
354	743	552	127
356	742	554	129
357	741	551	131
356	741	552	130
356	738	554	134
354	738	559	133
352	738	561	132
349	740	559	131
351	738	553	134
347	738	561	132
346	737	564	133
344	735	568	132
344	733	567	134
340	734	575	131
343	731	575	133
340	730	584	135
339	729	580	134
342	729	582	134
340	728	583	136
335	726	587	139
342	726	578	137
345	727	575	139
343	727	571	139
336	724	579	142
342	722	581	145
345	721	562	145
338	723	599	142
343	726	556	137
341	730	575	132
336	730	583	133
337	731	577	134
332	731	576	136
333	732	575	133
335	732	576	134
333	734	571	133
335	734	576	133
337	733	579	134
335	733	576	135
340	733	570	132
337	731	576	136
336	732	561	135
336	732	564	134
333	731	575	135
334	731	570	135
331	730	575	135
338	730	565	135
338	730	569	135
338	730	571	134
338	730	572	132
338	729	573	134
337	729	575	133
342	730	574	133
342	729	577	133
342	731	580	131
344	731	578	136
342	733	577	131
347	734	578	134
342	737	582	131
346	738	584	132
345	739	592	132
349	738	580	136
350	738	577	137
353	736	578	139
354	734	577	144
353	734	584	145
354	731	577	148
360	726	571	156
360	726	574	157
361	725	570	160
362	730	565	156
360	732	568	154
360	734	569	153
359	733	569	156
360	732	568	157
365	735	560	154
362	739	569	149
364	740	566	151
369	739	560	154
372	741	553	152
368	745	564	151
371	744	557	153
372	745	552	153
369	745	557	156
375	744	551	159
375	746	556	157
374	747	555	157
376	750	557	156
374	751	554	156
377	749	559	161
376	751	566	158
372	752	565	159
379	756	558	156
376	758	570	153
376	759	568	151
376	758	575	153
371	755	587	156
370	755	577	157
374	759	575	152
364	754	588	158
372	763	561	147
376	766	559	143
379	765	558	145
378	764	560	144
372	764	550	144
378	770	560	138
382	769	553	141
379	773	544	138
382	771	566	141
384	775	545	138
387	775	552	138
383	776	567	137
385	777	557	137
384	778	573	137
387	781	552	135
389	781	572	135
393	783	553	136
388	784	567	134
389	785	561	135
392	784	568	136
390	786	561	136
392	786	559	137
391	786	566	139
394	789	555	138
395	789	562	139
397	787	559	142
397	790	558	139
397	791	564	140
399	791	555	141
399	789	556	143
394	791	564	143
392	792	564	142
386	794	577	143
385	793	588	146
382	791	580	149
385	792	593	149
371	786	595	156
395	792	574	151
379	792	608	154
387	792	594	154
394	795	592	151
387	793	593	154
396	796	597	151
375	789	618	161
386	796	580	154
387	796	606	155
392	795	603	157
394	799	591	153
394	797	613	157
391	800	587	155
387	802	600	156
380	797	610	163
393	799	592	161
366	780	621	179
403	802	589	166
382	793	613	178
406	805	579	173
411	808	589	168
408	808	598	171
394	794	631	191
404	804	596	186
403	802	624	192
406	804	634	191
408	799	636	198
407	804	587	192
406	808	603	193
408	806	603	203
414	809	579	200
419	811	577	200
411	814	580	200
424	812	559	203
423	812	562	209
430	809	566	214
430	814	559	215
434	813	558	215
433	813	566	220
437	813	561	219
438	814	564	225
438	810	565	228
433	813	571	228
441	817	561	223
434	816	582	230
437	815	585	230
437	815	578	232
440	817	575	232
443	817	567	234
441	819	569	236
440	820	569	235
441	817	569	242
442	820	571	237
441	820	579	239
429	817	597	243
434	818	599	243
431	817	597	249
438	818	596	247
424	816	614	253
437	822	594	244
432	815	608	255
438	819	602	251
433	818	608	250
438	821	603	246
440	819	609	252
446	824	587	246
441	815	608	257
447	825	577	247
441	821	603	257
449	828	592	246
452	822	603	257
457	834	578	246
460	829	600	256
462	838	576	246
465	828	600	262
468	840	571	252
467	828	607	270
473	846	570	252
477	831	592	269
480	843	566	257
479	840	586	264
481	847	567	258
469	835	608	274
462	852	597	261
488	855	572	257
464	840	608	273
481	859	568	254
496	859	573	255
488	868	570	247
480	866	595	252
469	873	597	246
446	868	626	254
408	863	662	258
520	878	551	244
516	877	577	242
503	881	578	242
418	874	677	253
457	849	641	279
497	879	587	250
417	869	675	263
394	869	697	260
489	888	602	247
435	888	661	250
368	860	726	277
494	887	607	256
495	899	590	248
434	901	665	249
407	882	691	268
474	907	616	244
494	894	601	266
500	906	590	255
504	915	604	251
487	914	631	254
493	918	607	253
493	921	615	253
488	921	626	257
487	921	627	261
490	921	621	263
486	922	625	265
488	927	616	263
485	928	629	265
487	930	626	264
484	932	628	265
481	933	634	266
477	933	645	266
478	935	629	265
475	938	637	263
473	940	640	260
471	942	643	257
466	945	652	254
465	947	652	252
460	948	655	250
462	945	654	251
457	941	665	256
459	941	676	254
458	946	671	251
455	949	678	248
454	949	679	249
454	953	672	243
445	947	679	250
454	947	679	243
445	944	689	248
446	941	694	248
441	936	703	251
442	938	696	245
427	932	710	249
444	935	685	240
442	927	691	247
434	913	709	257
451	918	697	241
444	905	691	255
441	899	709	251
439	895	713	254
434	885	730	257
445	884	709	253
456	869	690	261
441	867	704	259
446	858	703	263
459	849	681	263
458	839	698	268
459	835	696	259
448	831	715	254
466	832	667	247
463	826	662	246
447	809	698	257
443	805	712	255
437	795	705	256
470	779	688	259
463	768	693	256
447	756	711	258
469	743	693	256
460	727	709	260
470	721	703	251
472	703	699	256
467	698	714	243
475	686	702	243
476	670	704	252
475	659	715	248
469	646	728	256
449	634	751	252
484	621	711	247
457	605	741	261
483	594	727	256
469	579	750	258
473	567	759	258
478	558	741	250
482	543	742	253
476	529	759	240
486	515	747	240
490	501	744	237
493	490	740	231
487	477	751	229
494	465	741	219
500	453	727	213
497	442	723	202
493	429	754	198
499	415	731	195
493	399	748	189
500	386	746	183
498	370	752	185
505	354	738	185
515	338	727	183
509	324	736	183
511	307	734	183
523	292	719	185
526	279	714	184
534	262	713	187
525	250	731	187
515	235	755	188
511	217	766	193
491	194	796	201
499	170	809	209
507	163	815	207
518	151	810	203
521	137	814	205
564	133	746	202
561	107	746	219
589	117	697	195
584	104	732	202
569	92	726	200
569	84	736	199
568	76	738	191
585	60	736	201
630	75	672	180
615	57	710	192
648	53	681	183
643	39	706	192
635	42	701	179
649	45	687	170
659	36	685	171
661	30	707	171
678	30	665	168
690	32	663	160
698	23	654	165
713	22	652	165
713	19	663	166
717	20	667	165
715	20	682	166
722	22	683	167
728	21	685	168
737	21	675	169
744	21	676	167
754	23	666	166
760	21	662	172
763	20	678	174
773	21	676	176
783	21	663	177
786	19	677	186
802	22	656	183
814	25	646	184
824	28	636	181
832	31	635	182
843	31	639	181
851	33	630	179
863	37	626	179
874	39	619	173
878	45	622	169
884	48	618	167
892	52	623	168
900	53	626	169
904	60	641	163
911	65	627	158
916	69	627	160
920	74	622	160
926	78	612	160
932	81	610	157
937	87	607	158
941	91	604	160
943	92	621	164
947	98	617	162
950	103	629	158
954	109	618	155
957	112	630	155
962	117	648	152
966	121	636	147
973	130	641	142
972	135	652	141
974	141	643	135
981	144	642	141
983	149	648	135
985	155	649	140
991	157	636	134
1000	162	624	137
995	164	645	144
998	171	638	139
1002	175	606	126
1013	185	594	111
1012	187	611	123
1019	193	595	117
1023	199	598	124
1030	206	585	116
1020	209	603	130
1035	217	584	119
1027	221	600	123
1031	225	603	124
1041	232	599	125
1043	237	597	131
1050	242	592	135
1054	250	611	135
1059	256	588	128
1059	260	622	138
1069	267	587	129
1067	269	637	142
1069	276	610	143
1064	282	615	135
1024	185	685	147
1086	290	625	146
1038	191	658	141
1045	219	682	144
1062	277	647	169
1067	301	647	159
1063	216	627	116
1065	224	660	131
1078	330	652	155
1060	241	668	132
1096	347	633	156
1058	258	661	129
1095	355	638	164
1070	257	666	131
1070	284	665	136
1075	290	673	152
1091	369	643	174
1078	346	670	185
1076	324	672	134
1096	382	647	187
1082	357	674	189
1081	315	667	123
1082	326	657	122
1085	332	649	123
1092	339	641	120
1095	346	625	115
1098	355	625	119
1096	361	628	115
1103	370	622	113
1109	377	616	112
1114	384	618	112
1118	395	606	105
1115	402	618	111
1119	410	620	105
1120	418	618	105
1119	425	623	107
1120	431	618	108
1123	441	618	105
1119	447	624	110
1119	452	625	112
1122	463	612	111
1114	469	625	114
1116	479	620	116
1125	557	607	170
1087	491	646	133
1133	582	417	171
1113	510	600	122
1148	600	430	167
1108	523	601	130
1087	523	610	127
1141	610	427	174
1138	590	462	186
1128	534	505	115
1105	539	612	129
1146	628	420	173
1151	637	432	161
1158	646	404	151
1160	652	382	150
1158	655	367	144
1157	656	421	144
1160	661	386	141
1159	664	366	136
1162	665	448	138
1152	664	382	142
1153	667	389	140
1156	670	383	136
1156	673	393	135
1159	675	423	131
1156	672	482	132
1147	671	468	131
1148	669	501	150
1149	670	510	157
1145	672	506	160
1145	673	503	155
1147	671	495	148
1146	669	491	141
1151	671	477	131
1145	668	486	134
1146	667	486	138
1144	664	485	137
1143	660	494	138
1137	656	499	144
1136	649	494	145
1145	656	477	138
1132	639	499	151
1140	649	477	143
1128	632	501	154
1137	643	480	141
1128	632	512	151
1141	639	480	141
1129	620	496	156
1128	603	516	164
1112	587	562	174
1126	608	517	183
1117	566	574	192
1115	528	589	174
1113	593	567	190
1126	596	493	158
1116	555	554	189
1127	595	537	183
1134	598	479	149
1127	597	467	145
1132	590	491	150
1132	570	462	160
1125	570	528	175
1120	551	507	166
1121	571	555	180
1115	467	572	163
1117	531	578	204
1118	540	534	188
1121	545	490	173
1124	535	491	177
1125	554	523	173
1113	448	566	167
1107	516	581	204
1116	491	560	226
1115	523	523	189
1111	487	559	198
1113	496	564	212
1116	494	540	213
1113	487	550	216
1110	469	551	231
1109	473	555	227
1109	475	536	223
1108	459	546	222
1103	430	568	263
1091	407	573	289
1088	404	568	281
1086	398	572	290
1082	397	576	280
1082	393	576	275
1078	415	576	252
1078	394	579	293
1076	388	575	271
1078	452	572	210
1079	460	575	215
1078	471	554	198
1072	464	568	199
1075	472	561	155
1071	487	492	181
1064	492	551	162
1064	492	455	129
1060	487	482	146
1058	487	469	136
1056	487	484	144
1056	485	479	147
1055	483	480	160
1057	484	460	139
1059	483	459	144
1059	483	453	137
1057	484	456	135
1054	485	464	133
1056	483	450	132
1047	482	462	133
1040	477	489	144
1020	367	557	232
1026	370	586	276
1022	374	591	261
1019	371	594	266
1018	371	592	255
1016	372	596	263
1011	371	594	263
1011	373	601	252
1016	374	595	249
1017	374	596	249
1011	374	604	247
1012	373	603	254
1011	371	599	256
1014	372	597	256
1015	378	594	243
1012	374	596	228
1018	378	585	203
1022	373	579	207
1018	372	583	225
1021	377	581	214
1020	373	580	226
1013	376	582	229
1012	380	590	198
1013	384	588	175
1006	377	592	163
1003	376	594	219
1010	384	588	212
1010	379	588	188
1005	373	589	212
1006	369	592	180
1005	373	590	204
1005	369	593	181
1000	371	591	240
1002	372	600	214
1005	367	596	214
1005	370	591	233
996	374	607	234
994	374	603	230
991	383	606	225
990	384	605	219
983	392	614	213
980	388	622	208
974	388	628	219
973	395	621	215
965	403	636	213
980	397	626	184
956	390	636	224
961	382	646	241
962	410	633	215
960	420	627	201
955	444	574	186
963	485	559	161
934	447	597	177
955	465	577	179
942	481	605	159
926	467	595	176
938	466	578	178
933	473	579	174
930	484	589	167
923	493	599	162
919	494	618	159
917	504	620	153
909	497	613	159
912	509	614	150
904	531	605	129
910	516	577	144
901	525	603	141
904	529	584	135
900	495	620	176
891	490	639	176
884	462	671	179
881	456	641	204
889	449	638	215
891	435	662	223
875	442	669	238
884	433	660	241
881	454	650	227
879	456	624	203
873	516	608	184
872	524	604	176
869	530	614	175
875	557	599	153
866	515	603	199
855	471	647	211
864	528	597	188
851	503	625	209
868	566	595	153
851	569	604	159
849	586	596	141
859	599	587	132
840	584	619	151
851	598	593	137
840	591	608	147
837	586	611	158
838	597	606	143
835	583	609	162
829	585	610	163
824	583	617	168
820	597	614	158
815	582	627	174
814	603	620	154
807	592	632	164
803	568	633	192
791	552	657	215
792	534	663	223
785	519	674	184
785	560	662	194
768	507	698	225
785	586	655	183
770	546	664	224
762	531	686	229
758	505	698	167
776	605	658	173
765	582	666	196
750	570	691	205
741	578	699	205
740	555	704	226
733	581	697	199
739	550	705	234
747	598	688	187
756	601	684	184
734	589	708	193
748	615	694	167
743	607	694	178
741	616	694	168
733	617	699	167
726	622	712	161
722	624	714	161
711	627	724	161
697	630	735	162
697	629	735	166
694	628	736	173
699	628	731	175
689	634	740	174
690	639	728	166
681	639	731	170
684	638	729	173
676	638	679	171
679	638	700	175
671	638	736	176
666	641	699	170
673	645	676	153
654	648	695	151
655	648	681	144
648	650	686	144
639	649	706	141
643	651	708	138
632	648	727	142
639	646	730	148
630	647	738	145
625	645	746	146
626	643	726	147
627	641	744	144
623	643	774	160
622	637	767	161
623	635	725	164
608	604	829	237
608	601	842	242
607	590	843	260
615	582	835	271
605	585	849	264
602	557	849	296
602	456	832	195
607	615	835	223
611	621	844	212
616	625	831	176
605	614	841	210
612	620	844	192
601	616	843	188
609	610	840	174
598	600	854	191
593	602	853	169
595	596	859	170
588	587	871	178
585	589	868	168
598	587	828	159
599	569	869	177
577	575	883	164
595	571	845	163
592	564	867	165
597	550	865	176
570	547	891	177
574	543	880	179
585	538	863	182
575	533	878	186
583	513	876	200
513	419	969	261
568	508	905	203
546	469	939	251
579	500	902	221
594	523	879	195
528	395	981	264
575	499	928	209
549	471	971	241
577	485	922	226
603	512	915	203
576	458	964	243
597	479	938	233
643	528	863	183
620	482	930	227
610	517	961	193
628	461	964	239
667	505	879	207
640	451	968	249
685	491	927	218
602	392	988	233
649	485	981	222
655	494	982	220
670	490	979	227
659	494	1027	221
685	478	1026	239
725	503	971	216
668	477	1063	226
739	483	1018	244
711	488	1062	219
694	473	1092	244
784	494	1009	225
756	499	1047	218
762	498	1034	218
788	486	1015	227
791	488	1030	224
811	480	1023	225
826	481	1019	218
834	482	1017	216
842	487	1016	203
856	495	1007	200
852	497	1012	190
872	498	998	188
889	500	987	183
886	498	1010	196
903	503	982	178
902	504	1010	198
916	504	970	186
926	503	983	207
913	503	1010	210
926	501	1017	218
939	503	1019	226
956	500	1014	235
954	498	1033	236
977	497	1024	240
980	499	979	238
982	497	1023	238
987	493	1013	240
998	488	1017	237
996	487	1016	240
1005	488	1022	226
1016	482	1011	236
1029	479	1015	229
1040	469	1005	233
1051	460	1005	244
1057	468	999	228
1077	458	972	227
1078	461	972	220
1104	456	956	222
1113	461	946	219
1124	456	948	221
1135	455	942	225
1143	451	938	228
1163	451	922	231
1176	451	913	230
1192	451	887	229
1198	452	882	229
1210	452	867	227
1225	449	863	229
1231	448	857	232
1229	441	861	237
1244	440	842	236
1228	379	896	290
1238	377	894	289
1240	358	896	307
1237	330	920	232
1275	405	862	269
1274	383	862	290
1283	352	874	319
1281	339	875	212
1316	412	835	261
1329	427	827	256
1344	443	811	243
1361	447	798	238
1366	445	819	239
1382	464	769	218
1389	465	770	216
1392	471	773	206
1402	474	753	203
1404	484	739	192
1422	486	734	186
1428	491	726	181
1437	479	720	190
1436	489	712	178
1443	494	706	173
1439	481	742	189
1452	493	691	176
1456	474	728	200
1455	488	720	184
1467	494	672	181
1476	498	702	183
1485	493	694	190
1487	493	700	188
1497	495	648	185
1500	491	688	186
1498	491	696	193
1495	486	731	196
1504	489	680	193
1497	462	748	223
1489	474	750	201
1497	480	718	209
1501	461	750	229
1517	464	741	226
1518	451	763	242
