0.05361
0.02131
0.01802
0.01796
0.01792
0.018
0.01796
0.018
0.01799
0.01797
0.01797
0.01798
0.01792
0.01862
0.01786
0.01836
0.01809
0.01814
0.01812
0.01821
0.01817
0.01819
0.01815
0.01823
0.01812
0.01879
0.01821
0.01816
0.01817
0.01821
0.01807
0.01878
0.01823
0.01821
0.01811
0.01826
0.01802
0.01803
0.01796
0.01798
0.01793
0.0179
0.01788
0.01782
0.01888
0.0178
0.01778
0.01776
0.0177
0.01763
0.01879
0.01746
0.0174
0.0174
0.01732
0.01721
0.01718
0.01721
0.01706
0.01705
0.01702
0.01695
0.01693
0.01688
0.01675
0.01677
0.01667
0.01668
0.01668
0.0167
0.01657
0.01659
0.01653
0.01652
0.01651
0.01667
0.01628
0.01627
0.01615
0.01616
0.01612
0.01668
0.01612
0.01608
0.01613
0.0161
0.0161
0.01613
0.01699
0.01613
0.01611
0.01616
0.01627
0.01627
0.01651
0.01635
0.01629
0.01638
0.0163
0.01631
0.01626
0.02086
0.01631
0.01636
0.01629
0.01631
0.0163
0.01627
0.01628
0.01632
0.01619
0.01625
0.01629
0.01633
0.01624
0.0163
0.01625
0.01629
0.01626
0.01709
0.01621
0.01625
0.01613
0.01617
0.01532
0.01539
0.01528
0.01538
0.01531
0.01532
0.01533
0.01533
0.01531
0.01529
0.01532
0.0157
0.01539
0.01531
0.01583
0.0153
0.01534
0.01536
0.01533
0.0153
0.01533
0.01537
0.01532
0.01526
0.01534
0.0153
0.01531
0.0159
0.01531
0.0153
0.01532
0.01534
0.01534
0.01536
0.0153
0.01532
0.01529
0.01531
0.01537
0.01537
0.01598
0.01528
0.01532
0.0154
0.01538
0.01532
0.01534
0.01531
0.01531
0.01535
0.01536
0.01536
0.0153
0.01534
0.01534
0.01534
0.01532
0.01528
0.01538
0.01581
0.01537
0.01533
0.01535
0.01531
0.01527
0.01531
0.0153
0.01535
0.01531
0.01535
0.01536
0.01538
0.01547
0.01532
0.01538
0.01538
0.01529
0.01846
0.01547
0.01533
0.0153
0.01528
0.01533
0.0153
0.01536
0.016
0.01532
0.01529
0.01528
0.01535
0.01531
0.01529
0.01532
0.01537
0.01532
0.01534
0.01533
0.01538
0.01619
0.01531
0.01531
0.01529
0.01526
0.01525
0.01532
0.0153
0.01525
0.01531
0.01525
0.01527
0.01526
0.01523
0.01528
0.01531
0.01531
0.01523
0.01534
0.01541
0.0153
0.01526
0.01525
0.01545
0.01525
0.01526
0.0153
0.01529
0.01535
0.01528
0.01527
0.01527
0.01542
0.01526
0.01524
0.01526
0.01527
0.01533
0.01531
0.01536
0.01534
0.01523
0.01525
0.01532
0.0153
0.01568
0.01531
0.01538
0.01531
0.01531
0.01527
0.0153
0.01529
0.01528
0.01528
0.01529
0.01528
0.01536
0.01536
0.01529
0.01528
0.0153
0.01526
0.01526
0.01528
0.01613
0.01535
0.01534
0.01529
0.01526
0.01527
0.01601
0.01537
0.01533
0.01532
0.01532
0.01529
0.01528
0.01616
0.01882
0.01544
0.01528
0.01527
0.01526
0.01574
0.01533
0.01528
0.01532
0.0153
0.01529
0.01534
0.01536
0.01551
0.01527
0.01529
0.0153
0.01528
0.01547
0.0153
0.01528
0.01529
0.01528
0.01533
0.01537
0.0155
0.01536
0.0153
0.01534
0.01529
0.0153
0.01588
0.01528
0.0153
0.01531
0.01532
0.01531
0.0153
0.01525
0.01533
0.01529
0.01534
0.01536
0.01529
0.0159
0.01529
0.01531
0.01524
0.01528
0.0153
0.01535
0.01546
0.01529
0.01529
0.01528
0.01526
0.01527
0.01587
0.01623
0.01631
0.01628
0.01631
0.01631
0.01637
0.01633
0.01636
0.01636
0.01643
0.01648
0.01652
0.01658
0.01648
0.01674
0.01676
0.01674
0.01677
0.01737
0.01697
0.01711
0.01706
0.01723
0.01729
0.01837
0.0173
0.0173
0.01733
0.01735
0.01733
0.01837
0.01761
0.01741
0.01739
0.01743
0.01745
0.01855
0.01744
0.01757
0.01751
0.01771
0.01761
0.02195
0.01771
0.01762
0.01759
0.01749
0.01745
0.01744
0.01747
0.01737
0.01742
0.01744
0.01741
0.01729
0.01728
0.01734
0.01733
0.0174
0.01735
0.01735
0.01738
0.01741
0.01734
0.01736
0.01734
0.01725
0.01727
0.01718
0.01713
0.01712
0.01705
0.01704
0.01702
0.01707
0.01709
0.01702
0.01693
0.01698
0.01694
0.01717
0.01697
0.01697
0.01702
0.01772
0.01982
0.01705
0.017
0.01705
0.01698
0.01701
0.01693
0.01708
0.01701
0.01704
0.01699
0.01696
0.0169
0.01696
0.01691
0.01693
0.01688
0.0169
0.01689
0.01683
0.01681
0.0168
0.01681
0.01774
0.01674
0.01668
0.01671
0.01666
0.01662
0.01752
0.01702
0.01665
0.01662
0.01655
0.01661
0.01707
0.01656
0.01652
0.01654
0.01655
0.01649
0.01659
0.01644
0.01651
0.01637
0.01637
0.01629
0.01633
0.01534
0.01535
0.01531
0.01529
0.01526
0.01534
0.01532
0.01524
0.0153
0.01892
0.0154
0.01532
0.01599
0.01532
0.01541
0.0153
0.01528
0.01533
0.01591
0.01528
0.01529
0.01532
0.01524
0.01523
0.01531
0.01526
0.01526
0.01535
0.01532
0.01533
0.01532
0.0157
0.01543
0.01529
0.01538
0.01527
0.01527
0.01526
0.01528
0.01533
0.01526
0.0153
0.01532
0.01528
0.01527
0.01529
0.01528
0.0153
0.01527
0.01525
0.01579
0.01537
0.01531
0.01524
0.01523
0.01523
0.01522
0.01523
0.01523
0.01525
0.01522
0.01524
0.01524
0.01589
0.01523
0.01521
0.01523
0.01529
0.01525
0.01524
0.01526
0.01524
0.01523
0.0152
0.01521
0.01523
0.01524
0.01521
0.01519
0.0152
0.01518
0.01519
0.01584
0.01521
0.01524
0.01525
0.01526
0.01522
0.01541
0.01523
0.01525
0.01524
0.01525
0.01527
0.0152
0.01525
0.01526
0.01525
0.01524
0.01522
0.01526
0.0157
0.01523
0.01529
0.01526
0.01625
0.01529
0.01529
0.01525
0.019
0.01537
0.01529
0.01529
0.01526
0.01531
0.01525
0.01524
0.0153
0.01524
0.01524
0.01596
0.01528
0.01529
0.01528
0.01525
0.01528
0.01583
0.01527
0.01536
0.01531
0.01529
0.01526
0.01532
0.01533
0.01528
0.01531
0.01532
0.01528
0.01523
0.01567
0.01521
0.01521
0.01523
0.01525
0.01528
0.01532
0.01531
0.01526
0.01527
0.01522
0.01522
0.01526
0.01533
0.01527
0.01525
0.01529
0.01529
0.0153
0.01575
0.01526
0.01524
0.01526
0.01527
0.01529
0.0153
0.01527
0.01528
0.01528
0.01532
0.01531
0.01528
0.01646
0.01527
0.01525
0.01528
0.01532
0.01531
0.01531
0.01528
0.01526
0.0153
0.0153
0.01532
0.01532
0.01529
0.01532
0.01529
0.01531
0.01528
0.01529
0.01578
