0.05108
0.02165
0.0177
0.01828
0.0177
0.01771
0.01766
0.01767
0.01764
0.01769
0.01769
0.01779
0.01777
0.01804
0.01777
0.01782
0.01785
0.01776
0.01765
0.01755
0.01777
0.01774
0.01772
0.01777
0.01757
0.01757
0.0176
0.01755
0.0175
0.01764
0.01756
0.01754
0.01757
0.01758
0.01753
0.01763
0.01754
0.01752
0.01755
0.01759
0.01758
0.01756
0.01802
0.01757
0.01775
0.01761
0.01755
0.01756
0.01753
0.01829
0.01753
0.01772
0.01756
0.01756
0.01751
0.01741
0.01738
0.01737
0.01746
0.01743
0.01741
0.01746
0.01826
0.01737
0.01736
0.01739
0.01739
0.01738
0.01791
0.01749
0.01745
0.01739
0.01746
0.01747
0.01748
0.01823
0.01746
0.01739
0.01739
0.01737
0.01724
0.01725
0.0173
0.0174
0.01729
0.01729
0.01734
0.01728
0.01726
0.01729
0.01728
0.01728
0.01728
0.01731
0.0173
0.0173
0.0173
0.01731
0.01729
0.01731
0.01725
0.02085
0.01742
0.01731
0.01728
0.01728
0.01728
0.01732
0.01736
0.01747
0.01723
0.01729
0.01722
0.01726
0.01726
0.01784
0.01724
0.01728
0.01733
0.01731
0.01727
0.01774
0.01721
0.01729
0.01727
0.01733
0.01731
0.01726
0.01731
0.01728
0.01732
0.01737
0.01727
0.01735
0.01744
0.01733
0.01724
0.01722
0.01718
0.0174
0.01738
0.01741
0.0178
0.01735
0.0173
0.01734
0.01739
0.0174
0.01735
0.01729
0.01725
0.01727
0.01719
0.01727
0.0177
0.01727
0.01723
0.01726
0.01724
0.01726
0.01724
0.01727
0.01726
0.01726
0.01722
0.01725
0.01724
0.0173
0.01846
0.01738
0.01733
0.01731
0.0174
0.01723
0.01782
0.01727
0.01725
0.01737
0.01731
0.01725
0.01728
0.01725
0.01724
0.01721
0.01728
0.01724
0.0173
0.01734
0.01728
0.01725
0.01736
0.01735
0.01733
0.01724
0.01723
0.01721
0.01723
0.01722
0.01718
0.01722
0.01764
0.01979
0.01756
0.01725
0.01719
0.01739
0.01732
0.01727
0.01736
0.01724
0.01722
0.01728
0.01722
0.01812
0.01719
0.01728
0.01724
0.01724
0.01724
0.01781
0.01714
0.0172
0.01716
0.01722
0.01716
0.01715
0.01718
0.01716
0.01715
0.01714
0.01708
0.01712
0.01714
0.01794
0.01719
0.01721
0.01711
0.01717
0.01719
0.01717
0.01725
0.01716
0.01711
0.01719
0.01712
0.0172
0.0173
0.01739
0.01735
0.01736
0.01759
0.01778
0.01766
0.01767
0.01778
0.01733
0.01725
0.01729
0.01724
0.01726
0.01722
0.01725
0.01731
0.01719
0.01723
0.01747
0.01758
0.01747
0.01729
0.01729
0.01727
0.01771
0.01746
0.0174
0.01829
0.01732
0.01733
0.0175
0.01739
0.01783
0.01739
0.01739
0.01733
0.01736
0.01736
0.01735
0.01739
0.01734
0.01733
0.01735
0.01731
0.01731
0.01803
0.01737
0.01734
0.01759
0.01737
0.01734
0.01781
0.01736
0.01734
0.02013
0.01776
0.01757
0.01818
0.01744
0.01745
0.01744
0.01737
0.01738
0.01741
0.01746
0.01745
0.01752
0.01752
0.01765
0.0176
0.01832
0.01745
0.01744
0.01746
0.01745
0.01748
0.0181
0.01762
0.01757
0.01776
0.01754
0.01751
0.01746
0.01749
0.01746
0.01746
0.01776
0.01748
0.01751
0.01751
0.01747
0.01751
0.01744
0.01747
0.01747
0.01756
0.01742
0.01739
0.01758
0.01765
0.01764
0.0177
0.01753
0.01753
0.01754
0.0175
0.01752
0.01755
0.0176
0.01758
0.01761
0.01768
0.01758
0.0176
0.01811
0.01749
0.01751
0.01745
0.01745
0.01749
0.01782
0.01749
0.01752
0.01746
0.01748
0.01743
0.01743
0.01745
0.01747
0.01764
0.01763
0.0177
0.01762
0.01755
0.01757
0.01754
0.01756
0.01749
0.01751
0.01776
0.01754
0.01756
0.01773
0.0175
0.01751
0.01751
0.01754
0.01754
0.01753
0.0176
0.01757
0.01747
0.01745
0.01746
0.0203
0.01762
0.01751
0.01745
0.01752
0.01749
0.01762
0.01765
0.01763
0.0175
0.0177
0.01754
0.01752
0.01751
0.01757
0.01751
0.01783
0.01757
0.01756
0.01752
0.01754
0.01752
0.01753
0.01756
0.01777
0.01776
0.01778
0.01771
0.01761
0.01766
0.01763
0.01765
0.01762
0.01761
0.01763
0.01772
0.01763
0.01763
0.01771
0.0177
0.01762
0.01807
0.01761
0.01765
0.01765
0.01769
0.0175
0.01753
0.01755
0.01753
0.01753
0.01759
0.01753
0.01768
0.01815
0.01755
0.01753
0.01761
0.01754
0.01753
0.0177
0.0176
0.01753
0.01753
0.01751
0.01751
0.01807
0.01754
0.01751
0.01752
0.01751
0.0175
0.01754
0.01756
0.0175
0.01851
0.01768
0.01756
0.0175
0.01753
0.01754
0.01753
0.01753
0.01753
0.01754
0.01769
0.01757
0.01758
0.01758
0.0176
0.01755
0.01799
0.01754
0.01753
0.0176
0.01759
0.01759
0.01769
0.01767
0.0176
0.02025
0.01825
0.01757
0.01759
0.01771
0.01767
0.0177
0.01761
0.01761
0.01755
0.01759
0.01754
0.01758
0.01759
0.01759
0.01759
0.01788
0.01776
0.01791
0.01771
0.01763
0.01759
0.01825
0.01757
0.01765
0.01762
0.01766
0.01766
0.01769
0.01768
0.01772
0.01761
0.01767
0.01761
0.01758
0.01849
0.01768
0.01763
0.01765
0.01765
0.01767
0.01824
0.01771
0.01766
0.01768
0.01768
0.01765
0.01894
0.01769
0.01762
0.01758
0.01785
0.01768
0.01814
0.01762
0.01761
0.01761
0.01762
0.0176
0.01761
0.01764
0.01761
0.01762
0.01763
0.01762
0.0176
0.01868
0.01759
0.01763
0.01763
0.01763
0.01766
0.01828
0.01763
0.01761
0.01759
0.01759
0.01787
0.01834
0.0178
0.01764
0.0177
0.01766
0.01771
0.0177
0.01776
0.01891
0.01769
0.01772
0.01767
0.0177
0.01775
0.01772
0.01769
0.01774
0.0177
0.0177
0.01773
0.01768
0.0177
0.02117
0.01788
0.01769
0.01794
0.0177
0.01771
0.01768
0.01772
0.01776
0.01779
0.01778
0.01763
0.01766
0.01762
0.01759
0.01763
0.01773
0.01751
0.01754
0.01744
0.01749
0.01755
0.01765
0.01749
0.01751
0.01753
0.0175
0.01826
0.01777
0.01747
0.01753
0.01745
0.01753
0.01748
0.01749
0.01749
0.0175
0.0175
0.01755
0.01747
0.01749
0.01816
0.01749
0.01749
0.0175
0.01751
0.01753
0.01795
0.01753
0.01752
0.01746
0.01749
0.0175
0.01763
0.01762
0.01755
0.01754
0.01754
0.01833
0.01752
0.01776
0.01757
0.01754
0.01751
0.01758
0.01756
0.01765
0.01758
0.01759
0.01761
0.01761
0.01755
0.01755
0.01756
0.01767
0.01777
0.01778
0.01771
0.0177
0.01764
0.01763
0.01766
0.0177
0.01769
0.01772
0.01839
0.01752
0.01759
0.01751
0.01754
0.01755
0.01823
0.01761
0.01756
0.01753
0.01759
0.01756
0.01753
0.01755
0.01756
0.02066
0.01759
0.01759
0.01765
0.01754
0.01752
0.01755
0.01752
0.01755
0.0175
0.0175
0.01753
0.01752
0.01754
0.01755
0.01758
0.01771
0.01753
0.01751
0.01757
0.01759
0.01753
0.01773
0.01752
0.0175
0.01893
0.01753
0.01753
0.01752
0.01757
0.0176
0.01755
0.0175
0.01756
0.01756
0.01755
0.01752
0.01769
0.0177
0.01768
0.01758
0.01765
0.01758
0.01758
0.01761
0.01768
0.01763
0.01773
0.01768
0.01762
0.01762
0.01763
0.01766
0.01763
0.0177
0.01765
0.01768
0.01767
0.01761
0.01763
0.0184
0.01782
0.01784
0.01783
0.0178
0.019
0.01789
0.0177
0.01763
0.01764
0.01772
0.01765
0.01792
0.01768
0.01763
0.01763
0.01772
0.01758
0.01754
0.01883
0.0177
0.01764
0.01766
0.01764
0.0176
0.01758
0.01759
0.01752
0.01754
0.01763
0.01762
0.01984
0.01756
0.01754
0.01754
0.01757
0.01761
0.01813
0.01754
0.01757
0.022
0.01893
0.01859
0.01869
0.01863
0.01866
0.01863
0.01872
0.01867
0.01925
0.01908
0.01878
0.01877
0.0188
0.01872
0.02074
0.01884
0.01902
0.01877
0.01883
0.01882
0.0194
0.01879
0.01884
0.0189
