0.05161
0.02129
0.01704
0.01704
0.01694
0.01702
0.01695
0.0169
0.01675
0.01672
0.01657
0.01645
0.01643
0.01634
0.01625
0.01537
0.0153
0.01532
0.01534
0.01537
0.01528
0.01555
0.01532
0.0153
0.01533
0.01539
0.01533
0.01533
0.01533
0.01528
0.01532
0.01535
0.01532
0.01532
0.01531
0.0154
0.01538
0.01537
0.01531
0.01538
0.0154
0.01531
0.01536
0.0154
0.01537
0.01539
0.01539
0.0153
0.01542
0.01536
0.01546
0.01541
0.01532
0.0154
0.01539
0.01531
0.01535
0.0154
0.01537
0.01529
0.0153
0.01535
0.01539
0.01536
0.01532
0.01536
0.01532
0.01558
0.01534
0.01532
0.01537
0.01535
0.01532
0.01531
0.01537
0.01536
0.01529
0.01534
0.01531
0.01533
0.01531
0.01537
0.01538
0.01541
0.01529
0.01533
0.01528
0.01534
0.01535
0.01532
0.01528
0.01536
0.01538
0.01528
0.01534
0.01534
0.01534
0.01533
0.01525
0.01533
0.01535
0.01949
0.01549
0.01534
0.01532
0.01537
0.01531
0.01526
0.01532
0.01528
0.01536
0.01536
0.01533
0.01532
0.01534
0.0153
0.01531
0.01534
0.0153
0.01542
0.01537
0.01539
0.01531
0.01593
0.01542
0.01538
0.01535
0.01534
0.01534
0.01536
0.01536
0.01537
0.01531
0.01536
0.01536
0.01527
0.01528
0.0153
0.01528
0.01532
0.01535
0.01533
0.01531
0.01536
0.01529
0.01527
0.01532
0.01529
0.0153
0.01529
0.01528
0.01529
0.01532
0.01532
0.0153
0.01572
0.01546
0.01532
0.01527
0.01529
0.01528
0.01527
0.01526
0.01531
0.01533
0.01532
0.01532
0.01526
0.01532
0.01533
0.01528
0.01531
0.01528
0.01532
0.0153
0.01531
0.01538
0.01529
0.0153
0.01528
0.01535
0.01533
0.01533
0.01532
0.01532
0.01525
0.01528
0.01532
0.01527
0.01532
0.01532
0.01527
0.01526
0.01526
0.01526
0.01534
0.01536
0.01531
0.01529
0.0153
0.01534
0.01859
0.01538
0.01533
0.01531
0.01532
0.01534
0.01529
0.01525
0.01532
0.01521
0.01523
0.0153
0.01529
0.01536
0.01527
0.01529
0.01528
0.01535
0.01532
0.0153
0.01529
0.01526
0.01524
0.01526
0.01525
0.01524
0.01528
0.01532
0.01528
0.01528
0.01524
0.01525
0.0153
0.01543
0.01529
0.01531
0.01532
0.01526
0.01527
0.01527
0.01529
0.01527
0.01533
0.01519
0.01523
0.01523
0.0153
0.01522
0.01525
0.01529
0.01528
0.01538
0.01533
0.0153
0.01528
0.01525
0.01534
0.0153
0.0153
0.01526
0.01531
0.01529
0.01529
0.01526
0.01532
0.01531
0.01532
0.01529
0.0153
0.01531
0.01532
0.01527
0.01526
0.0153
0.01526
0.0153
0.01555
0.01534
0.01529
0.01575
0.01544
0.01531
0.0153
0.01531
0.01532
0.01524
0.01527
0.01529
0.01531
0.01532
0.0153
0.01527
0.01528
0.01525
0.01525
0.01526
0.01531
0.01526
0.01526
0.01525
0.01792
0.01532
0.0153
0.0153
0.01538
0.01534
0.0153
0.01529
0.0153
0.01528
0.01524
0.01576
0.01535
0.01524
0.01533
0.01524
0.01528
0.01528
0.01525
0.01524
0.01529
0.01523
0.01524
0.01524
0.01526
0.01526
0.01527
0.01524
0.01556
0.01527
0.01525
0.0153
0.01524
0.01527
0.01527
0.01526
0.01527
0.0153
0.0153
0.01529
0.01528
0.01528
0.01527
0.01524
0.01533
0.01528
0.01529
0.01528
0.01526
0.01521
0.01526
0.01523
0.01524
0.01526
0.01529
0.01534
0.01534
0.0153
0.0153
0.01526
0.01532
0.01526
0.01529
0.01532
0.01535
0.01528
0.01538
0.01531
0.01533
0.01528
0.01528
0.01527
0.01533
0.01531
0.01528
0.01534
0.0153
0.01531
0.01533
0.01529
0.01531
0.01527
0.01533
0.0153
0.0153
0.01529
0.01527
0.01529
0.01531
0.01531
0.01531
0.01531
0.01534
0.01531
0.01536
0.01532
0.01531
0.01527
0.0153
0.01533
0.01917
0.01541
0.01534
0.01536
0.01527
0.01531
0.01532
0.0153
0.0153
0.01531
0.0153
0.01527
0.0153
0.01533
0.0153
0.01525
0.0153
0.0153
0.01533
0.01535
0.01533
0.01534
0.01529
0.01608
0.01614
0.01624
0.01636
0.0164
0.01654
0.01657
0.01665
0.01669
0.01683
0.0168
0.0169
0.01691
0.01822
0.01707
0.0171
0.01708
0.01709
0.01714
0.0173
0.01749
0.0176
0.01774
0.01779
0.01811
0.01817
0.0183
0.01838
0.01836
0.01837
0.01843
0.01834
0.01844
0.01845
0.01845
0.01855
0.01845
0.01848
0.01858
0.0187
0.01877
0.01903
0.01899
0.0195
0.01963
0.01976
0.01974
0.01979
0.01983
0.01988
0.02012
0.01995
0.02007
0.02011
0.01989
0.01982
0.02004
0.01986
0.01984
0.01785
0.01774
0.01743
0.01696
0.01686
0.01666
0.0168
0.01669
0.01695
0.01661
0.01658
0.01644
0.01643
0.01636
0.0163
0.01626
0.01623
0.01616
0.0199
0.01633
0.01615
0.01533
0.01533
0.01531
0.01531
0.0153
0.01533
0.01536
0.01536
0.01529
0.01529
0.01527
0.01536
0.01527
0.0153
0.01527
0.01526
0.01527
0.01532
0.01532
0.01528
0.01528
0.01529
0.01529
0.0153
0.01554
0.01535
0.01533
0.01525
0.01532
0.01532
0.01531
0.01531
0.01532
0.01532
0.01528
0.01528
0.01527
0.01527
0.01528
0.01529
0.01529
0.01631
0.01633
0.01647
0.01639
0.01635
0.01642
0.01631
0.01636
0.01634
0.0163
0.01636
0.01633
0.01647
0.01644
0.01644
0.01651
0.01654
0.01652
0.01648
0.01642
0.0166
0.01645
0.0164
0.01658
0.01659
0.01654
0.01654
0.01651
0.01653
0.01651
0.01648
0.01637
0.01651
0.01644
0.01642
0.01648
0.01641
0.01634
0.01635
0.01636
0.01636
0.01637
0.01679
0.01659
0.01651
0.01656
0.01663
0.01667
0.01664
0.01683
0.01681
0.01684
0.01706
0.01697
0.01699
0.01691
0.02075
0.0168
0.01684
0.0167
0.01638
0.01673
0.01678
0.01666
0.01667
0.01653
0.01681
0.01679
0.01692
0.01688
0.01703
0.01694
0.01727
0.01748
0.01661
0.01535
0.01532
0.01531
0.01534
0.01534
0.01526
0.01525
0.01537
0.01535
0.0153
0.01531
0.01531
0.01528
0.01533
0.01534
0.01532
0.01526
0.01528
0.01542
0.01533
0.01536
0.0153
0.01529
0.01529
0.01535
0.01535
0.0154
0.01545
0.01531
0.01541
0.01537
0.01536
0.01527
0.01535
0.01531
0.01533
0.01532
0.01538
0.01531
0.01529
0.01533
0.01532
0.01533
0.01531
0.01529
0.01526
0.01534
0.01533
0.01531
0.01532
0.01537
0.01535
0.01536
0.01526
0.01532
0.01533
0.01535
0.01534
0.0153
0.0153
0.01529
0.01542
0.01535
0.01528
0.01527
0.01531
0.0153
0.01541
0.01533
0.01538
0.01531
0.01535
0.01536
0.01538
0.0153
0.01534
0.01537
0.01536
0.01535
0.01538
0.01531
0.01863
0.0154
0.01531
0.01532
0.01532
0.0153
0.01534
0.01533
0.01532
0.01533
0.01533
0.01535
0.01548
0.01539
0.01533
0.01524
0.01531
0.01549
0.01531
0.01526
0.01527
0.01526
0.01537
0.01534
0.0153
0.0153
0.01527
0.01531
0.0153
0.01527
0.01532
0.01534
0.01534
0.01533
0.01531
0.0153
0.01539
0.01534
0.01533
0.01533
0.01532
0.01612
0.01537
0.01527
0.01531
0.01527
0.01532
0.01533
0.01532
0.01538
0.01546
0.01529
0.01531
0.01524
0.0153
0.01543
0.01538
0.01533
0.01529
0.01536
0.01536
0.01532
0.01535
0.01562
0.01533
0.01535
0.01537
0.01539
0.01532
0.01538
0.01536
0.01535
0.01525
0.01575
0.01535
0.01535
0.01531
0.01529
0.01527
0.0153
0.01539
0.01535
0.01528
0.01528
0.01526
0.0153
0.01535
0.01529
0.01525
0.01533
0.01532
0.01526
0.0153
0.01531
0.01532
0.01606
0.0162
0.01624
0.01638
0.01639
0.0206
0.01672
0.01659
0.01662
0.01672
0.01673
0.01686
0.01682
0.01696
0.01695
0.01706
0.01709
0.01712
0.01711
0.01719
0.0172
0.01738
0.01745
0.01752
0.01768
0.01791
0.01781
0.01791
0.01792
0.01807
0.01803
0.01813
0.01808
0.01813
0.0182
