0.05459
0.02174
0.02083
0.01837
0.01862
0.01929
0.01972
0.01994
0.0202
0.02023
0.02022
0.02074
0.02049
0.02051
0.02088
0.02124
0.02149
0.02224
0.02265
0.02276
0.02269
0.02272
0.02245
0.02212
0.02202
0.02194
0.02209
0.02191
0.02238
0.02225
0.02217
0.02208
0.02239
0.02228
0.02243
0.0224
0.02269
0.02183
0.02169
0.02136
0.02055
0.0196
0.01922
0.01905
0.01877
0.01851
0.01816
0.01788
0.01756
0.01732
0.01714
0.0189
0.01921
0.01941
0.01919
0.01917
0.01887
0.01869
0.01865
0.01859
0.01961
0.0196
0.01936
0.01927
0.01898
0.01868
0.01845
0.01828
0.01812
0.01786
0.01756
0.01735
0.01714
0.01699
0.01686
0.01673
0.01658
0.0164
0.01627
0.01534
0.01537
0.01543
0.01539
0.01531
0.01532
0.01538
0.01531
0.01533
0.01533
0.01536
0.01534
0.01533
0.01532
0.01535
0.01535
0.01533
0.01536
0.01536
0.01539
0.01536
0.01536
0.01919
0.01555
0.01535
0.01536
0.01536
0.0154
0.01531
0.01541
0.01535
0.01539
0.01532
0.01538
0.01532
0.01535
0.0154
0.01537
0.01534
0.01541
0.01538
0.01532
0.01533
0.01541
0.01539
0.01536
0.01537
0.01535
0.01536
0.01533
0.01537
0.01572
0.01604
0.0154
0.01534
0.01537
0.01536
0.01532
0.0153
0.01532
0.01528
0.01528
0.01534
0.01542
0.01532
0.01533
0.01534
0.01534
0.01531
0.01531
0.01531
0.01537
0.01533
0.01533
0.01533
0.01534
0.01534
0.01537
0.0153
0.01532
0.01537
0.01533
0.01532
0.01536
0.01529
0.0153
0.01581
0.01535
0.01537
0.0154
0.01538
0.01541
0.01534
0.01537
0.01531
0.0153
0.0154
0.01541
0.01536
0.01538
0.01535
0.01533
0.01532
0.01534
0.01532
0.01533
0.01538
0.01539
0.01531
0.01535
0.01533
0.01536
0.01539
0.01531
0.01536
0.01535
0.0153
0.01538
0.01542
0.01528
0.01554
0.01535
0.01889
0.01553
0.01533
0.01533
0.01531
0.01535
0.01533
0.01536
0.01532
0.01535
0.01534
0.01533
0.01536
0.01534
0.01528
0.01529
0.01531
0.01532
0.01532
0.01614
0.0162
0.01609
0.01614
0.01618
0.01631
0.01634
0.01637
0.01682
0.01647
0.0164
0.01643
0.01642
0.01645
0.01634
0.01636
0.01629
0.01638
0.01635
0.01632
0.01616
0.01619
0.01538
0.01535
0.01534
0.01531
0.01539
0.01535
0.01533
0.01532
0.01539
0.01536
0.01532
0.01533
0.01652
0.01631
0.0163
0.01536
0.01532
0.01536
0.01566
0.01538
0.01535
0.01536
0.01538
0.01534
0.01536
0.01531
0.01536
0.01535
0.01542
0.01538
0.01533
0.01539
0.01533
0.01528
0.01538
0.01536
0.01536
0.01533
0.01537
0.01532
0.01526
0.01532
0.01535
0.01537
0.01534
0.01531
0.01532
0.01535
0.01536
0.01537
0.01535
0.01536
0.0153
0.0153
0.01536
0.01549
0.01536
0.01637
0.01546
0.01959
0.01543
0.01535
0.01534
0.01536
0.01535
0.0153
0.0153
0.01532
0.01541
0.01536
0.01537
0.01537
0.01531
0.01532
0.01528
0.0157
0.01538
0.01537
0.01537
0.01533
0.0153
0.01534
0.01536
0.01528
0.01536
0.01535
0.01529
0.01533
0.01527
0.01533
0.01534
0.01587
0.01534
0.01532
0.01531
0.01531
0.0153
0.01528
0.0153
0.01523
0.01528
0.01533
0.01536
0.01533
0.01531
0.01531
0.01522
0.01529
0.01529
0.01533
0.01537
0.01537
0.01531
0.01531
0.0153
0.01531
0.01527
0.01531
0.01532
0.01538
0.01531
0.01533
0.0153
0.01533
0.01535
0.0153
0.01533
0.01535
0.01542
0.01533
0.01542
0.01533
0.01529
0.01538
0.01528
0.01539
0.01536
0.01532
0.01534
0.01535
0.01534
0.01531
0.01614
0.01543
0.01536
0.01646
0.01663
0.01654
0.01674
0.01695
0.01697
0.01713
0.01716
0.01725
0.01725
0.0172
0.01709
0.01744
0.01724
0.02344
0.01863
0.01851
0.01844
0.0184
0.01828
0.01786
