0.05524
0.02353
0.01925
0.01921
0.01924
0.01942
0.01926
0.01918
0.01927
0.01921
0.01937
0.01947
0.01953
0.01953
0.01947
0.0195
0.01945
0.01954
0.01965
0.01967
0.01963
0.01944
0.01935
0.01928
0.01916
0.0192
0.01909
0.01908
0.019
0.01902
0.01906
0.01905
0.01897
0.01877
0.01858
0.01832
0.02144
0.01781
0.01746
0.01723
0.01706
0.01731
0.01688
0.01679
0.01683
0.01673
0.01665
0.01679
0.01705
0.01731
0.01767
0.0179
0.01823
0.01848
0.01875
0.0188
0.01898
0.01921
0.01929
0.0195
0.01939
0.01935
0.01938
0.01924
0.01911
0.01911
0.01891
0.0191
0.01916
0.01856
0.01836
0.01801
0.01797
0.01793
0.0177
0.0175
0.01733
0.01733
0.0172
0.01713
0.01696
0.017
0.01687
0.01692
0.01678
0.0169
0.01681
0.01673
0.01671
0.01676
0.01658
0.01661
0.01643
0.01652
0.01637
0.01631
0.01629
0.01631
0.0163
0.01644
0.01626
0.0201
0.01628
0.01622
0.01616
0.01635
0.01628
0.01667
0.01682
0.01698
0.01706
0.01717
0.01732
0.01744
0.01727
0.01742
0.01767
0.01741
0.01731
0.01749
0.0178
0.01813
0.01792
0.01797
0.01788
0.01789
0.01784
0.01783
0.0178
0.01782
0.01814
0.01837
0.01853
0.01866
0.01896
0.01907
0.01931
0.01975
0.01988
