0.05221
0.01959
0.0155
0.01539
0.01535
0.01546
0.01534
0.01533
0.01536
0.01538
0.01528
0.01531
0.01529
0.01531
0.01533
0.01532
0.0153
0.01532
0.01533
0.01524
0.01529
0.01536
0.01605
0.01538
0.01534
0.01531
0.01531
0.01531
0.01533
0.01534
0.01531
0.01533
0.01531
0.01528
0.01529
0.0153
0.01529
0.01558
0.01551
0.01536
0.01531
0.01524
0.0153
0.01529
0.01532
0.01532
0.01529
0.01523
0.01525
0.0153
0.01527
0.01525
0.01527
0.01526
0.01526
0.01548
0.01567
0.01535
0.0153
0.01532
0.0153
0.01531
0.01528
0.0153
0.01527
0.01531
0.01528
0.0153
0.01528
0.01541
0.01534
0.01536
0.01604
0.01534
0.01536
0.01539
0.01538
0.01531
0.01531
0.01532
0.01532
0.01528
0.01535
0.01532
0.01529
0.01533
0.01532
0.01532
0.01526
0.01695
0.01532
0.01533
0.01532
0.01524
0.01525
0.01529
0.01536
0.0153
0.01533
0.01529
0.01536
0.01849
0.01562
0.0154
0.01533
0.01533
0.01571
0.01539
0.01557
0.01539
0.01528
0.01535
0.01529
0.01533
0.01525
0.01529
0.01525
0.01526
0.01533
0.01541
0.01531
0.01527
0.01537
0.01556
0.01539
0.01539
0.01535
0.0153
0.01534
0.01536
0.01538
0.01534
0.01535
0.01529
0.01527
0.01533
0.01529
0.01529
0.01528
0.0153
0.0155
0.01541
0.01534
0.01533
0.0153
0.01536
0.01535
0.01533
0.01538
0.01529
0.0154
0.01533
0.01534
0.01536
0.01537
0.0153
0.01531
0.01542
0.01533
0.01527
0.01527
0.01533
0.01527
0.01523
0.01529
0.0153
0.01531
0.01528
0.01532
0.01534
0.01531
0.01536
0.01532
0.01531
0.01549
0.01528
0.01532
0.01533
0.01531
0.01531
0.01532
0.01528
0.0153
0.01527
0.0153
0.01525
0.01528
0.01533
0.01527
0.01527
0.0153
0.01877
0.01538
0.01531
0.01528
0.01533
0.01531
0.01537
0.01525
0.01528
0.01529
0.01924
0.01566
0.01537
0.01532
0.01531
0.01533
0.01568
0.01529
0.01528
0.01547
0.01534
0.0153
0.01531
