0.0558
0.02427
0.02087
0.0202
0.02008
0.02009
0.02008
0.02014
0.02005
0.02008
0.02011
0.02007
0.02011
0.02011
0.02014
0.0201
0.02044
0.02019
0.02018
0.02018
0.02025
0.02049
0.02034
0.02045
0.0205
0.02056
0.02059
0.02065
0.02062
0.02078
0.02081
0.02138
0.02087
0.0209
0.0208
0.02089
0.02087
0.02092
0.02095
0.02092
0.02097
0.02098
0.02099
0.02096
0.02114
0.02133
0.0214
0.02147
0.02161
0.02185
0.02193
0.02211
0.02239
0.02268
0.02271
0.02289
0.02299
0.02316
0.02334
0.02354
0.02353
0.02316
0.02275
0.02283
0.02229
0.02245
0.02218
0.02213
0.02182
0.02164
0.02134
0.02125
0.02139
0.02146
0.0218
0.02145
0.02151
0.02151
0.02144
0.0218
0.02308
0.02184
0.0216
0.0215
0.02158
0.0215
0.02154
0.0215
0.02159
0.0224
0.02153
0.02154
0.02131
0.02153
0.02129
0.02131
0.02136
0.02148
0.02117
0.02119
0.02107
0.02565
0.02195
0.02245
0.02073
0.02099
0.02091
0.02081
0.02103
0.02202
0.02264
0.02208
0.02189
0.02174
0.02171
0.02196
0.02214
0.02236
0.02208
0.02216
0.02207
0.02169
0.02154
0.02125
0.02098
0.02109
0.02106
0.02163
0.02154
0.02175
0.02183
0.02198
0.02246
0.02205
0.02226
0.02233
0.02239
0.02247
0.02231
0.02259
0.02229
0.02229
0.02181
0.02235
0.02206
0.02226
0.02174
0.02171
0.02146
0.02131
0.0212
0.02124
0.02102
0.02096
0.02102
0.02112
0.02094
0.02064
0.0207
0.02071
0.02089
0.02108
0.02082
0.02082
0.0207
0.02059
0.02045
0.02027
0.02039
0.0205
0.02038
0.02055
0.02029
0.02024
0.02012
0.02043
0.02056
0.02034
0.02032
0.01976
0.01931
0.01818
0.01911
0.01927
0.01827
0.01819
0.01817
0.0192
0.01821
0.01921
0.01917
0.01842
0.01827
