0.06696
0.06357
0.05236
0.05226
0.05225
0.05178
0.05155
0.05162
0.05141
0.05148
0.05117
0.05146
0.05135
0.0514
0.05106
0.05075
0.05072
0.05106
0.0511
0.05058
0.05023
0.05024
0.05037
0.05033
0.05029
0.0502
0.05036
0.05075
0.05051
0.0502
0.0503
0.05038
0.05039
0.05045
0.05071
0.05071
0.05087
0.05094
0.05086
0.05108
0.05105
0.05108
0.05103
0.05169
0.05161
0.05201
0.05197
0.05125
0.05344
0.05157
0.05137
0.05127
0.05138
0.0511
0.0511
0.05093
0.05078
0.05054
0.05059
0.0511
0.05123
0.05155
0.05205
0.05203
0.05297
0.05212
0.05256
0.05256
0.05295
0.05326
0.05313
0.05335
0.05348
0.05388
0.05352
0.0537
0.05377
0.05352
0.05416
0.05423
0.05446
0.05439
0.05467
0.05464
0.05463
0.05496
0.05528
0.05522
0.05494
0.05455
0.05517
0.05482
0.05416
0.05347
0.05328
0.05322
0.05304
0.05319
0.05296
0.05282
0.05217
0.06273
0.05123
0.05064
0.0498
0.0499
0.05014
0.05031
0.05053
0.05025
0.05023
0.04919
0.04888
0.04859
0.04835
0.04788
0.04664
0.04578
0.04482
0.04319
0.0425
0.04221
0.04133
0.0408
0.04801
0.04026
0.04023
0.04044
0.04031
0.0406
0.04076
0.04031
0.04028
0.03995
0.03957
0.03908
0.03942
0.03902
0.03938
0.03994
0.0399
0.0409
0.04181
0.04156
0.04119
0.0415
0.04115
0.04107
0.04082
0.04167
0.04083
0.04068
0.03996
0.04006
0.0395
0.03926
0.03965
0.03864
0.03831
0.03812
0.03807
0.0376
0.03719
0.03712
0.03711
0.037
0.03754
0.03683
0.03682
0.03679
0.03671
0.03706
0.03737
0.03681
0.03675
0.03628
0.03602
0.0358
0.03574
0.03594
0.03597
0.03571
0.03584
0.03562
0.0364
0.03605
0.03632
0.03665
0.03606
0.03646
0.03647
0.03655
0.03642
0.0362
0.03611
0.03631
0.03562
0.03564
0.03554
0.03515
0.03533
0.04834
0.03536
0.03495
0.03513
0.03494
0.03481
0.03456
0.03392
0.03377
0.0337
0.03338
0.03258
0.03245
0.03233
0.03249
0.03209
0.03246
0.03238
0.03215
0.03201
0.03216
0.03185
0.03196
0.03171
0.03197
0.0326
0.03264
0.0329
0.03297
0.03316
0.03297
0.03299
0.03302
0.03331
0.03349
0.03404
0.03434
0.0344
0.03463
0.03484
0.03476
0.03574
0.03505
0.03538
0.03607
0.03603
0.03648
0.03693
0.03713
0.03744
0.03746
0.03783
0.03801
0.03852
0.03858
0.03876
0.03878
0.03919
0.03896
0.0393
0.03959
0.03964
0.03959
0.03965
0.0394
0.03968
0.03929
0.03943
0.03904
0.03919
0.0394
0.03909
0.03924
0.03894
0.03916
0.03937
0.03926
0.03934
0.03935
0.03952
0.0395
0.0396
0.03969
0.04018
0.04002
0.04005
0.03976
0.04017
0.0401
0.04005
0.04047
0.04083
0.04176
0.04281
0.04416
0.04505
0.04558
0.04619
0.04777
0.04897
0.05597
0.0502
0.05074
0.05112
0.0511
0.05102
0.0513
0.05195
0.05186
0.05207
0.05234
0.05179
0.05165
0.05101
0.05093
0.05127
0.05152
0.05135
0.05107
0.05102
0.05073
0.0509
0.05053
0.05028
0.05054
0.05016
0.05031
0.05008
0.05015
0.05043
0.0506
0.0502
0.0505
0.0506
0.0506
0.05036
0.05026
0.0502
0.05048
0.04986
0.05055
0.05076
0.0504
0.05039
0.05036
0.05054
0.05107
0.04999
0.04947
0.04888
0.04879
0.04844
0.04838
0.04848
0.04883
0.04814
0.0487
0.04916
0.04922
0.04941
0.04883
0.04908
0.04889
0.04876
0.04761
0.0483
0.0484
0.04867
0.04786
0.0474
0.04704
0.04659
0.04575
0.04602
0.04576
0.04632
0.04639
0.0462
0.04617
0.04605
0.04532
0.04495
0.04355
0.04346
0.04255
0.04196
0.04146
0.04135
0.04126
0.04114
0.04126
0.04127
0.04109
0.04099
0.04083
0.04127
0.04114
0.04096
0.04095
0.04104
0.05357
0.0409
0.04111
0.04146
0.04189
0.04194
0.04173
0.04213
0.04182
0.04161
0.04113
0.04119
0.04109
0.04133
0.04134
0.04176
0.04222
0.04524
0.04441
0.04443
0.04469
0.04477
0.04524
0.04677
0.04747
0.04804
0.04923
0.04946
0.05008
0.04976
0.04954
0.05006
0.0504
0.05016
0.0506
0.05078
0.05071
0.0505
0.05069
0.05073
0.05052
0.04982
0.0497
0.0497
0.04872
0.04906
0.04903
0.04908
0.04937
0.04841
0.04805
0.04805
0.04705
0.04726
0.04696
0.0478
0.04769
0.0476
0.04799
0.048
0.04754
0.04775
0.04821
0.04882
0.04902
0.0482
0.04846
0.04837
0.04713
0.04689
0.04574
0.04587
0.04561
0.04596
0.04569
0.04556
0.04562
0.04608
0.04586
0.04591
0.04577
0.04636
0.04717
0.04702
0.04694
0.0466
0.04729
0.04674
0.04633
0.04649
0.046
0.04559
0.04632
0.04589
0.04591
0.04607
0.04713
0.04756
0.04778
0.04687
0.06041
0.04713
0.0476
0.04761
0.04766
0.04768
0.04769
0.04805
0.04801
0.04811
0.04899
0.04952
0.04957
0.05013
0.05007
0.05156
0.0675
0.05014
0.04994
0.04983
0.05004
0.05007
0.04968
0.0496
0.04962
0.04931
0.04919
0.04905
0.04874
0.04859
0.04829
0.04876
0.04795
0.04782
0.04711
0.04708
0.04668
0.04678
0.04698
0.04716
0.04757
0.04708
0.04717
0.04694
0.0469
0.04691
0.04697
0.04652
0.04628
0.0459
0.0458
0.04579
0.04545
0.04534
0.04556
0.04529
0.04554
0.04599
0.04575
0.04601
0.04584
0.04617
0.04617
0.04562
0.04563
0.04579
0.04626
0.04595
0.04599
0.04593
0.0459
0.04583
0.0456
0.04577
0.04519
0.04515
0.04488
0.0446
0.04428
0.04433
0.04468
0.04424
0.04364
0.04344
0.04334
0.04289
0.04265
0.04221
0.04198
0.04158
0.0412
0.04078
0.04076
0.04036
0.04018
0.04003
0.03962
0.03991
0.03974
0.04021
0.04579
0.04018
0.03972
0.03976
0.04
0.03993
0.04019
0.04013
0.04003
0.04001
0.0401
0.03993
0.03971
0.03947
0.03966
0.03988
0.03935
0.03956
0.04642
0.03929
0.03851
0.03864
0.03804
0.03801
0.0382
0.03806
0.03849
0.03834
0.03884
0.03779
0.03796
0.03791
0.03806
0.03798
0.03778
0.03792
0.03772
0.03854
0.03807
0.03812
0.03809
0.03807
0.03821
0.03835
0.038
0.03849
0.03853
0.03813
0.03814
0.03798
0.03808
0.03776
0.03774
0.03779
0.03755
0.03761
0.03771
0.03752
0.03766
0.03752
0.03759
0.03765
0.03743
0.03733
0.03733
0.03775
0.03767
0.03786
0.03793
0.03772
0.03767
0.03748
0.03791
0.03761
0.03767
0.0379
0.03814
0.03836
0.0379
0.03797
0.03782
0.03773
0.03778
0.03759
0.03758
0.03731
0.03745
0.03742
0.0372
0.03734
0.03751
0.03804
0.0378
0.03823
0.03826
0.03807
0.03837
0.03827
0.03806
0.03814
0.0445
0.0386
0.03958
0.03806
0.03838
0.03868
0.03907
0.03908
0.04028
0.03987
0.04012
0.04005
0.04002
0.04032
0.04041
0.04087
0.04058
0.04094
0.04121
0.04168
0.04143
0.04172
0.04215
0.04196
0.04249
0.04252
0.04261
0.04278
0.04313
0.04361
0.04404
0.04389
0.04377
0.04409
0.04376
0.04413
0.0437
0.0436
0.04364
0.04367
0.04366
0.04359
0.04334
0.04352
0.04304
0.04245
0.04283
0.04275
0.04218
0.04225
0.04265
0.0422
0.04181
0.04118
0.04063
0.04037
0.04013
0.04039
0.03964
0.03919
0.04002
0.03956
0.03978
0.0397
0.03953
0.03961
0.03985
0.0405
0.04093
0.04093
0.04149
0.04205
0.04234
0.04182
0.04107
0.041
0.04212
0.04196
0.042
0.04213
0.04233
0.04233
0.04269
0.04256
0.0425
0.04255
0.04268
0.04284
0.04256
0.04266
0.04227
0.04247
0.04273
0.04273
0.04233
0.0421
0.04214
0.04238
0.04227
0.04254
0.04642
0.04288
0.04226
0.04187
0.04187
0.04182
0.04187
0.0417
0.04148
0.04137
0.04166
0.04153
0.04147
0.04164
0.04123
0.04138
0.04136
0.04135
0.04088
0.04069
0.04044
0.04047
0.04072
0.04049
0.04069
0.04067
0.04069
0.04022
0.04034
0.04025
0.04022
0.04038
0.04031
0.04043
0.04024
0.04058
0.04073
0.04059
0.04077
0.04065
0.0407
0.04093
0.04098
0.04073
0.04074
0.04069
0.04071
0.04074
0.04107
0.04115
0.04143
0.04161
0.04157
0.04179
0.04172
0.04167
0.04177
0.04148
0.04134
0.04146
0.0416
0.04202
0.04207
0.04228
0.04235
0.04238
0.04197
0.04163
0.04175
0.04214
0.04249
0.04266
0.04264
0.04245
0.04271
0.04279
0.04284
0.04292
0.04285
0.04262
0.04272
0.04301
0.04341
0.04362
0.04383
0.04404
0.04433
0.04924
0.04415
0.0449
0.04453
0.04403
0.04437
0.04457
0.04451
0.04442
0.04435
0.04478
0.04489
0.04526
0.05074
0.04551
0.0455
0.04501
0.04495
0.04484
0.04472
0.04458
0.0444
0.04461
0.04447
0.04469
0.04477
0.0448
0.04432
0.04432
0.0462
0.04444
0.044
0.04395
0.04391
0.04391
0.04415
0.04402
0.04391
0.04427
0.04379
0.04374
0.04355
0.04389
0.04447
0.0442
0.04389
0.04398
0.04376
0.04374
0.04346
0.04351
0.04305
0.04263
0.0422
0.04223
0.04195
0.0414
0.04104
0.04101
0.04048
0.04007
0.03983
0.03948
0.03947
0.03911
0.03875
0.03844
0.03817
0.03773
0.03808
0.03763
0.03718
0.03685
0.03678
0.03674
0.03656
0.03607
0.03599
0.03629
0.03612
0.03611
0.03608
0.03589
0.03548
0.03553
0.03498
0.03472
0.03471
0.03446
0.03429
0.03401
0.03371
0.03366
0.03353
0.03338
0.03333
0.03296
0.033
0.0332
0.03272
0.03284
0.03303
0.03292
0.03252
0.0325
0.03248
0.03217
0.03213
0.03215
0.03189
0.03162
0.03142
0.03101
0.03859
0.03019
0.03009
0.0297
0.02957
0.0294
0.02939
0.02925
0.02902
0.029
0.02878
0.02825
0.02785
0.02782
0.02763
0.0275
0.02739
0.02706
0.02688
0.02667
0.02666
0.02668
0.02685
0.02683
0.02655
0.02669
0.0268
0.02652
0.02653
0.02623
0.02646
0.02592
0.02577
0.02566
0.02556
0.02528
0.02539
0.02509
0.02532
0.02477
0.02444
0.02399
0.02351
0.02328
0.02321
0.02322
0.02287
0.02294
0.02271
0.02283
0.02294
0.0226
0.02259
0.0223
0.02226
0.0222
0.02229
0.02199
0.02213
0.022
0.02225
0.0221
0.02211
0.02192
0.02179
0.02164
0.02152
0.02151
0.02155
0.02142
0.02148
0.02208
0.02158
0.02147
0.02156
0.0217
0.02122
0.02114
0.02109
0.02115
0.02094
0.02112
0.02134
0.02114
0.02113
0.02146
0.0211
0.02124
0.02127
0.02142
0.02126
0.02135
0.02165
0.02203
0.02128
0.02161
0.02128
0.0216
0.02144
0.02139
0.02713
0.02151
0.02172
0.02194
0.02199
0.02204
0.02222
0.02235
0.02266
0.02266
0.02299
0.02289
0.02302
0.02281
0.02298
0.02319
0.0231
0.02283
0.02378
0.02281
0.02299
0.02293
0.02338
0.02286
0.0227
0.0223
0.02245
0.02273
0.02263
0.0232
0.02262
0.02232
0.02204
0.02206
0.02186
0.02172
0.02138
0.02152
0.02131
0.02115
0.02109
0.02106
0.02117
0.02109
0.02109
0.02119
0.02104
0.02086
0.02094
0.02059
0.02041
0.02026
0.02026
0.02001
0.02099
0.01968
0.01958
0.01952
0.01949
0.01944
0.01932
0.01922
0.01915
0.01895
0.01918
0.01896
0.0188
0.01857
0.01839
0.01841
0.01805
0.01785
0.018
0.01782
0.01773
0.01775
0.01769
0.01773
0.01767
0.01777
0.01764
0.01758
0.01764
0.01759
0.01759
0.0176
0.01757
0.01751
0.01747
0.01748
0.01753
0.01737
0.01742
0.0174
0.01733
0.01741
0.01728
0.01727
0.01745
0.01743
0.02249
0.01738
0.01734
0.0174
0.01741
0.01747
0.01753
0.01765
0.01769
0.01777
0.01782
0.018
0.01801
0.01798
0.01809
0.01807
0.01803
0.01772
0.01788
0.01785
0.01785
0.0178
0.01781
0.01768
0.01764
0.01773
0.01797
0.01755
0.01781
0.01765
0.01796
0.01776
0.0178
0.01779
0.01798
0.01781
0.01782
0.0179
0.01805
0.01785
0.01811
0.01809
0.01799
0.01794
0.01776
0.01787
0.01794
0.01794
0.01811
0.01799
0.01787
0.01794
0.01811
0.01818
0.01823
0.01826
0.01828
0.01842
0.01848
0.01877
0.01885
0.01878
0.01861
0.01864
0.01863
0.01863
0.0188
0.01873
0.01868
0.01866
0.01867
0.01859
0.01858
0.01849
0.01845
0.01841
0.01863
0.01852
0.01848
0.01853
0.01842
0.01846
0.01842
0.01841
0.01842
0.01831
0.01812
0.01827
0.0183
0.01821
0.01823
0.01819
0.01818
0.01817
0.01804
0.01804
0.01804
0.01797
0.01789
0.01785
0.02254
0.01785
0.01763
0.01762
0.0175
0.01771
0.01764
0.01747
0.01756
0.01761
0.01759
0.01761
0.01774
0.01788
0.01795
0.01796
0.01836
0.0181
0.01823
0.01823
0.01823
0.0183
0.01843
0.01831
0.01824
0.0182
0.01827
0.0183
0.01835
0.01835
0.01854
0.01834
0.01852
0.01843
0.01845
0.01854
0.01839
0.01836
0.01843
0.01847
0.01851
0.01847
0.01841
0.01851
0.01863
0.01863
0.01866
0.01853
0.01851
0.01851
0.01843
0.01839
0.01841
0.0184
0.01846
0.0184
0.01839
0.01844
0.01831
0.01838
0.0184
0.01835
0.01837
0.01833
0.0183
0.01822
0.0182
0.01843
0.01822
0.01816
0.01818
0.01814
0.01813
0.01838
0.01817
0.01804
0.0184
0.0181
0.01804
0.01793
0.01788
0.01795
0.01788
0.01792
0.01788
0.0179
0.01789
0.01791
0.01789
0.01788
0.01783
0.01787
0.01799
0.01793
0.01795
0.018
0.01793
0.01789
0.01796
0.01784
0.02227
0.01816
0.01792
0.01799
0.01797
0.018
0.018
0.01788
0.01798
0.01793
0.0179
0.01786
0.01794
0.01789
0.01788
0.0178
0.01784
0.01777
0.01776
0.01774
0.01775
0.01772
0.01768
0.01757
0.01753
0.01742
0.01749
0.01751
0.01745
0.01739
0.0174
0.01734
0.01733
0.01739
0.01747
0.01748
0.01756
0.01737
0.01737
0.01723
0.01714
0.01722
0.01734
0.01727
0.01723
0.01724
0.01718
0.01723
0.0173
0.01722
0.01734
0.01719
0.01722
0.01705
0.01708
0.01708
0.01712
0.01721
0.01721
0.01828
0.01731
0.01767
0.01726
0.01722
0.01721
0.0172
0.0172
0.01724
0.01716
0.01709
0.01712
0.01711
0.01715
0.01722
0.01729
0.01726
0.01732
0.0174
0.0174
0.01738
0.01747
0.01736
0.01736
0.01738
0.01741
0.01743
0.01741
0.01748
0.01751
0.01757
0.0175
0.01747
0.01749
0.01754
0.01765
0.01747
0.01745
0.01746
0.0175
0.01752
0.02166
0.01778
0.01748
0.01746
0.01741
0.01737
0.01744
0.01756
0.01768
0.01766
0.01761
0.01762
0.01756
0.01764
0.01768
0.01771
0.01773
0.0177
0.01766
0.01776
0.01775
0.01779
0.0178
0.01777
0.01781
0.0178
0.01788
0.01788
0.01788
0.0179
0.01796
0.01795
0.01794
0.01801
0.01802
0.01793
0.01809
0.0181
0.01813
0.01812
0.01816
0.01804
0.01811
0.01819
0.01816
0.01819
0.01822
0.01815
0.01821
0.01813
0.01805
0.01793
0.01787
0.01773
0.01769
0.01755
0.01755
0.01748
0.0175
0.01763
0.01771
0.01782
0.01781
0.01781
0.01763
0.01764
0.01752
0.01761
0.0176
0.01766
0.01782
0.01777
0.01814
0.01775
0.01775
0.01758
0.01748
0.01739
0.01748
0.01756
0.01753
0.01751
0.01756
0.01722
0.01721
0.01716
0.01724
0.01725
0.0173
0.01723
0.01733
0.01732
0.01725
0.01734
0.01727
0.01729
0.01751
0.01751
0.01765
0.01756
0.02338
0.01808
0.01768
0.01767
0.01774
0.01773
0.01779
0.01769
0.01779
0.01781
0.01796
0.01792
0.01807
0.01809
0.01809
0.0181
0.01829
0.01856
0.01831
0.0183
0.01841
0.01835
0.01834
0.01839
0.01835
0.01838
0.01839
0.01819
0.01821
0.01825
0.01808
0.01826
0.01806
0.01806
0.01816
0.01797
0.0181
0.01814
0.01823
0.01822
0.01853
0.01754
0.01755
0.01758
0.01758
0.01755
0.01755
0.01752
0.0176
0.01763
0.01769
0.01775
0.01776
0.01778
0.01779
0.01781
0.01789
0.01795
0.01799
0.01803
0.01798
0.01797
0.01799
0.01794
0.01793
0.01794
0.01792
0.01788
0.01791
0.01787
0.01782
0.01783
0.01783
0.01778
0.01781
0.01776
0.01771
0.0177
0.01766
0.01758
0.01756
0.01759
0.01759
0.01757
0.01764
0.01754
0.01753
0.01757
0.01756
0.01763
0.01766
0.01764
0.01761
0.01765
0.01766
0.01768
0.01768
0.01762
0.0177
0.01767
0.02215
0.01764
0.01759
0.01778
0.01807
0.01795
0.01802
0.0181
0.01815
0.01814
0.01818
0.01821
0.01814
