0.05185
0.02251
0.01863
0.01856
0.01857
0.01855
0.01857
0.01861
0.01865
0.01873
0.01877
0.01875
0.01878
0.01966
0.01871
0.01878
0.01867
0.01866
0.01857
0.02102
0.01846
0.0184
0.0184
0.01835
0.01835
0.01845
0.01832
0.01836
0.0186
0.0183
0.01814
0.0183
0.01817
0.01815
0.01807
0.01813
0.01809
0.01816
0.01803
0.01801
0.01791
0.01792
0.01777
0.01782
0.01802
0.01788
0.0178
0.01782
0.01776
0.0179
0.01791
0.01798
0.01804
0.01803
0.01801
0.01808
0.01814
0.01817
0.01809
0.01838
0.01808
0.01815
0.01808
0.01804
0.01793
0.01832
0.01896
0.01784
0.01787
0.01778
0.01752
0.01728
0.01702
0.01696
0.01677
0.01696
0.01658
0.01648
0.01629
0.01621
0.01618
0.01625
0.01614
0.01617
0.01622
0.01625
0.01622
0.01625
0.01633
0.01636
0.01654
0.01699
0.01688
0.0171
0.01721
0.01718
0.01725
0.0173
0.01751
0.01755
0.01748
0.02201
0.01772
0.01779
0.01796
0.01816
0.01832
0.01891
0.01828
0.01824
0.01825
0.01811
0.01809
0.01818
0.01807
0.01811
0.01801
0.01802
0.01795
0.01804
0.018
0.01803
0.01806
0.01803
0.01799
0.01796
0.01794
0.01804
0.01786
0.0179
0.01781
0.01787
0.01785
0.01777
0.01773
0.01796
0.01787
0.01797
0.01824
0.01807
0.01808
0.01805
0.01802
0.01808
0.01814
0.01822
0.01827
0.01827
0.01842
0.01844
0.01839
0.01848
0.01847
0.01853
0.01899
0.01852
0.01851
0.01858
0.01896
0.01855
0.01859
0.01864
0.01862
0.01858
0.01847
0.01854
0.01851
0.01855
0.01843
0.01884
0.01857
0.01864
0.01853
0.0186
0.01884
0.01892
0.01901
0.01903
0.01915
0.01914
0.0192
0.01942
0.01948
0.01953
0.01973
0.0197
0.01968
0.01968
0.01981
0.01986
0.01994
0.02011
0.02017
0.02023
0.02054
0.02068
0.02088
0.02091
0.02083
0.02159
0.02123
0.02922
0.02133
0.02121
0.02117
0.0212
0.02099
0.02084
0.02064
0.02049
0.0201
0.01971
0.01938
0.01935
0.01887
0.01843
0.01824
0.01824
0.01807
0.01914
0.01838
0.01808
0.01804
0.0181
0.01794
0.018
0.01799
0.01806
0.01808
0.01854
0.01822
0.01828
0.01831
0.01837
0.01868
0.01886
0.01884
0.01899
0.01915
0.01918
0.01921
0.01927
0.01899
0.01863
0.01911
0.01859
0.0185
0.01862
0.01858
0.01866
0.01865
0.01888
0.01894
0.01953
0.01973
0.02016
0.02049
0.02065
0.02082
0.02151
0.02104
0.02094
0.0209
0.02091
0.02093
0.02082
0.02068
0.02043
0.02009
0.01993
0.01918
0.01908
0.01894
0.01874
0.01903
0.01859
0.0185
0.01838
0.01827
0.01819
0.01809
0.01801
0.01795
0.01793
0.01789
0.01797
0.01792
0.01803
0.01796
0.01852
0.01816
0.01792
0.01794
0.01799
0.01798
0.01797
0.01793
0.01804
0.01794
0.01803
0.01802
0.02395
0.01845
0.01809
0.01811
0.01862
0.01821
0.01825
0.01822
0.01825
0.01822
0.01826
0.01819
0.01829
0.01826
0.01829
0.01829
0.01858
0.01851
0.01868
0.01894
0.01887
0.01884
0.01896
0.01894
0.01906
0.01906
0.01898
0.019
0.01907
0.01901
0.01902
0.01905
0.01911
0.01907
0.01944
0.01922
0.01914
0.01914
0.0192
0.01919
0.0192
0.01924
0.01929
0.01939
0.01949
0.01945
0.01956
0.01959
0.01963
