0.05455
0.01957
0.01779
0.01743
0.01748
0.01747
0.0172
0.01714
0.01718
0.01702
0.01655
0.01648
0.01648
0.01639
0.01625
0.01532
0.01527
0.01557
0.01537
0.01534
0.01528
0.01522
0.0153
0.01525
0.01537
0.01531
0.01531
0.01529
0.01531
0.01529
0.01531
0.01525
0.01531
0.01528
0.01526
0.01553
0.01539
0.01614
0.01526
0.01528
0.01531
0.01526
0.01528
0.01523
0.01529
0.01523
0.01525
0.01639
0.01633
0.01624
0.01529
0.01531
0.0163
0.01556
0.01538
0.01535
0.01529
0.01627
0.01638
0.01632
0.01642
0.01633
0.01637
0.01706
0.01713
0.01697
0.01701
0.01803
0.01807
0.01801
0.01762
0.01733
0.01721
0.01704
0.01676
0.01532
0.01529
0.01527
0.01521
0.01526
0.01531
0.01531
0.01529
0.01523
0.01523
0.01528
0.01526
0.01573
0.01537
0.01536
0.01544
0.01527
0.01531
0.01527
0.01532
0.0153
0.01531
0.01522
0.01524
0.01525
0.01525
0.01991
0.01555
0.01541
0.01553
0.01534
0.01526
0.01522
0.01527
0.0153
0.01527
0.01528
0.01528
0.01531
0.01611
0.01529
0.01531
0.01525
0.0153
0.01532
0.0153
0.01711
0.01541
0.01531
0.01527
