0.05876
0.02398
0.0224
0.02007
0.01995
0.01998
0.01995
0.01994
0.0199
0.01996
0.01994
0.01999
0.01992
0.01995
0.01991
0.01993
0.01991
0.02001
0.01992
0.01996
0.01992
0.01995
0.01994
0.0199
0.01995
0.01999
0.01993
0.01999
0.01991
0.01997
0.01997
0.01994
0.01989
0.01996
0.01997
0.01996
0.01995
0.02002
0.02001
0.01995
0.01988
0.01995
0.01989
0.01999
0.01991
0.01997
0.01993
0.01997
0.01993
0.01993
0.01987
0.01992
0.01991
0.01989
0.01994
0.01999
0.01982
0.01992
0.01987
0.01987
0.02002
0.01999
0.01985
0.01991
0.01982
0.01987
0.01984
0.01991
0.01978
0.01989
0.01983
0.01991
0.01989
0.01992
0.01981
0.01987
0.01988
0.01983
0.01984
0.0198
0.01983
0.01988
0.01976
0.01977
0.0198
0.01983
0.01985
0.0198
0.01976
0.01988
0.01973
0.01982
0.01971
0.01982
0.01972
0.01974
0.01975
0.01979
0.0198
0.01981
0.01976
0.02274
0.01973
0.01977
0.01971
0.01976
0.01969
0.01974
0.01975
0.01973
0.01965
0.0197
0.01969
0.0197
0.01967
0.01965
0.0197
0.01968
0.0197
0.0197
0.01971
0.01978
0.01977
0.01968
0.01968
0.01975
0.01977
0.01976
0.01973
0.01978
0.01969
0.01983
0.01976
0.01981
0.01983
0.01985
0.01977
0.01989
0.01989
0.0199
0.0199
0.01993
0.01993
0.01998
0.01994
0.01996
0.01998
0.02006
0.01999
0.02011
0.02015
0.02009
0.01999
0.02003
0.02001
0.02012
0.02008
0.02009
0.02006
0.02019
0.02011
0.02018
0.02012
0.02019
0.02019
0.02023
0.02056
0.02028
0.02022
0.02028
0.02023
0.02031
0.02023
0.0203
0.02025
0.02032
0.02039
0.02038
0.02033
0.02044
0.02045
0.02048
0.02058
0.02048
0.02047
0.02049
0.0205
0.02059
0.0206
0.02062
0.02056
0.02069
0.02065
0.02064
0.0208
0.02068
0.02063
0.02058
0.02088
0.0207
0.02068
0.02457
0.02071
0.02074
0.02074
0.02078
0.02079
0.02076
0.02082
0.02083
0.02079
0.02085
0.02081
0.02101
0.02093
0.02093
0.02081
0.02098
0.02093
0.02095
0.02083
0.02102
0.02098
0.02092
0.02094
0.02101
0.02091
0.02093
0.02093
0.02096
0.02091
0.02089
0.02094
0.0208
0.02079
0.02084
0.02081
0.02082
0.02085
0.02087
0.02081
0.02078
0.0208
0.02078
0.02075
0.02104
0.02084
0.0207
0.02071
0.02072
0.02068
0.02068
0.02074
0.02069
0.02071
0.02062
0.02059
0.02068
0.02052
0.02058
0.02078
0.02061
0.02054
0.02048
0.02052
0.0205
0.02045
0.02045
0.02045
0.02038
0.02032
0.02033
0.02026
0.02026
0.02022
0.02017
0.02014
0.02015
0.02009
0.02002
0.02002
0.02011
0.02
0.01993
0.02
0.01996
0.01984
0.01991
0.01978
0.01987
0.0198
0.0198
0.01973
0.0198
0.01968
0.01974
0.01977
0.01969
0.01966
0.01961
0.02
0.02341
0.01968
0.01962
0.01956
0.01951
0.01955
0.01953
0.01945
0.01968
0.01947
0.01953
0.01952
0.01949
0.01946
0.01946
0.01949
0.01948
0.01941
0.01942
0.01931
0.01938
0.01937
0.01944
0.01939
0.01937
0.0193
0.01964
0.01933
0.01929
0.01926
0.01927
0.01924
0.01925
0.01924
0.01927
0.01921
0.01918
0.01923
0.01924
0.0192
0.01922
0.01924
0.01919
0.01925
0.01924
0.01921
0.01914
0.01913
0.01915
0.01913
0.01908
0.01925
0.01913
0.01908
0.01916
0.01909
0.01906
0.01903
0.019
0.0189
0.019
0.01895
0.01904
0.0189
0.01894
0.01886
0.01882
0.0189
0.01805
0.01805
0.01804
0.01807
0.01809
0.01806
0.01809
0.01808
0.01812
0.01811
0.01813
0.01803
0.0181
0.0181
0.0181
0.01808
0.01805
0.01803
0.01802
0.01806
0.01805
0.01803
0.01807
0.0181
0.0181
0.01809
0.01809
0.01807
0.01806
0.01811
0.01824
0.01805
0.02032
0.01815
0.0181
0.01802
0.01808
0.01807
0.01847
0.01811
0.01816
0.01817
0.01814
0.01811
0.01806
0.01805
0.01808
0.01812
0.01805
0.01805
0.0181
0.01808
0.01809
0.01802
0.01806
0.01808
0.01805
0.01805
0.01809
0.01806
0.01804
0.01807
0.01807
0.01807
0.01808
0.01806
0.0181
0.0181
0.01808
0.01806
0.01814
0.01807
0.01804
0.01809
0.01807
0.01809
0.01811
0.01807
0.01806
0.01806
0.01804
0.01805
0.01802
0.01802
0.01806
0.01808
0.01808
0.01805
0.01803
0.01802
0.01803
0.01806
0.01804
0.01804
0.01809
0.01803
0.0181
0.01815
0.01809
0.02047
0.0181
0.01803
0.01808
0.01808
0.01806
0.01802
0.01803
0.01801
0.01802
0.01802
0.01804
0.01807
0.01811
0.01802
0.01805
0.01806
0.01807
0.01806
0.01808
0.01806
0.01802
0.01807
0.01805
0.01803
0.01803
0.01805
0.01804
0.01807
0.0181
0.0181
0.0181
0.01804
0.02019
0.01816
0.01807
0.01804
0.01804
0.01803
0.01805
0.01804
0.01803
0.01802
0.018
0.01803
0.01804
0.01804
0.01807
0.01805
0.01803
0.01808
0.01802
0.01803
0.01806
0.01806
0.01809
0.01806
0.0181
0.01807
0.01808
0.01809
0.01807
0.01808
0.01809
0.01807
0.01813
0.01812
0.0181
0.01807
0.01803
0.01802
0.01803
0.01804
0.01809
0.01807
0.01808
0.01809
0.01811
0.01812
0.01804
0.01801
0.01816
0.01807
0.01805
0.01801
0.01805
0.01803
0.01807
0.01802
0.01807
0.01808
0.01805
0.01805
0.01807
0.01805
0.01812
0.01808
0.01802
0.01801
0.01806
0.01798
0.018
0.01801
0.018
0.01805
0.01802
0.01805
0.01805
0.01805
0.01804
0.01807
0.01809
0.01811
0.01811
0.01805
0.01808
0.01807
0.01802
0.01805
0.01803
0.01804
0.01807
0.01806
0.0181
0.01805
0.01809
0.01801
0.01801
0.01804
0.01807
0.0181
0.01804
0.01806
0.02033
0.01822
0.0181
0.01807
0.01802
0.01803
0.01808
0.01801
0.01803
0.02044
0.01818
0.01807
0.01809
0.01809
0.01809
0.01802
0.01802
0.01808
0.01804
0.018
0.01804
0.01806
0.01804
0.01807
0.01809
0.0181
0.01809
0.01804
0.01809
0.01803
0.01833
0.01809
0.01804
0.01809
0.01807
0.01811
0.01811
0.01804
0.01842
0.01809
0.01809
0.0181
0.01809
0.01807
0.0181
0.01803
0.01807
0.01809
0.01812
0.01806
0.01801
0.01807
0.0182
0.01805
0.01803
0.01802
0.01804
0.01808
0.01801
0.01802
0.01807
0.01808
0.01804
0.01804
0.01806
0.01806
0.01808
0.01801
0.018
0.01805
0.018
0.01804
0.01802
0.01802
0.01805
0.01806
0.01809
0.01816
0.01809
0.01807
0.01814
0.01809
0.01812
0.01805
0.01804
0.01804
0.01802
0.01804
0.01812
0.0181
0.01804
0.01807
0.01806
0.01807
0.01816
0.01807
0.01807
0.01807
0.01808
0.01822
0.02116
0.01814
0.01805
0.01809
0.01802
0.018
0.018
0.01801
0.018
0.018
0.01806
0.01806
0.018
0.0181
0.0181
0.01806
0.01806
0.01802
0.01801
0.01802
0.018
0.01807
0.01806
0.01803
0.018
0.01799
0.018
0.01805
0.01809
0.01806
0.01805
0.01798
0.01807
0.01814
0.01806
0.01806
0.01805
0.01805
0.01801
0.01807
0.01806
0.0181
0.01807
0.01805
0.01804
0.01806
0.01809
0.01804
0.01804
0.0181
0.01807
0.01818
0.01803
0.01809
0.01804
0.01807
0.01808
0.01806
0.01805
0.01804
0.01808
0.01801
0.01802
0.01801
0.01804
0.01804
0.018
0.01821
0.01805
0.01802
0.01805
0.01807
0.01803
0.01804
0.01801
0.01807
0.01804
0.01805
0.01803
0.01802
0.01805
0.01809
0.01806
0.01804
0.01812
0.01803
0.01801
0.01799
0.01806
0.01807
0.01807
0.01805
0.01804
0.01801
0.01806
0.01804
0.01808
0.01803
0.01802
0.01804
0.01997
0.01817
0.01807
0.01811
0.01808
0.01814
0.01809
0.01809
0.01803
0.0181
0.01812
0.01806
0.01807
0.01811
0.0181
0.0181
0.01811
0.0181
0.01808
0.01808
0.01809
0.01806
0.01815
0.0181
0.01813
0.01815
0.01811
0.01808
0.0181
0.01811
0.01812
0.01816
0.01806
0.0181
0.0181
0.0181
0.01815
0.01806
0.0181
0.01808
0.01809
0.01808
0.0181
0.01809
0.0181
0.01803
0.01808
0.01813
0.01807
0.01805
0.01806
0.01809
0.01802
0.01811
0.01807
0.01809
0.01807
0.01807
0.0181
0.01808
0.01809
0.01809
0.01811
0.01806
0.01831
0.01807
0.01809
0.01806
0.01812
0.01812
0.01811
0.01807
0.01804
0.01809
0.01812
0.01804
0.01809
0.01807
0.01812
0.01809
0.01804
0.01808
0.01804
0.01804
0.01803
0.01805
0.01802
0.01805
0.018
0.01805
0.01805
0.01804
0.01801
0.01823
0.01822
0.01809
0.01807
0.01804
0.01807
0.01806
0.02089
0.01813
0.01805
0.01806
0.01803
0.01804
0.01803
0.01808
0.01802
0.01802
0.01807
0.01807
0.01802
0.0181
0.01804
0.01807
0.01802
0.01803
0.01804
0.01811
0.01818
0.01813
0.01834
0.0181
0.01807
0.01816
0.01798
0.01807
0.018
0.01803
0.01809
0.01803
0.01799
0.01801
0.01811
0.01808
0.01807
0.01801
0.01813
0.01805
0.01805
0.01808
0.01803
0.01804
0.01805
0.01805
0.01801
0.01809
0.01807
0.01809
0.01811
0.0181
0.01805
0.01803
0.01812
0.01808
0.01806
0.01807
0.01808
0.0182
0.01807
0.01811
0.0181
0.01809
0.01806
0.01805
0.01805
0.01811
0.0181
0.01813
0.01809
0.0181
0.01813
0.01814
0.01808
0.01807
0.01822
0.01818
0.01813
0.01813
0.01811
0.01808
0.01809
0.01811
0.01808
0.01811
0.0181
0.01809
0.0181
0.01814
0.01809
0.01804
0.01808
0.01814
0.0181
0.01808
0.01809
0.01805
0.01812
0.01812
0.02018
0.01821
0.01808
0.0181
0.01815
0.01815
0.01805
0.0181
0.01809
0.01809
0.01807
0.01802
0.01805
0.01807
0.01805
0.01804
0.0181
0.01809
0.01823
0.0181
0.01807
0.01808
0.01803
0.01805
0.01814
0.01809
0.01811
0.01811
0.01815
0.01808
0.01811
0.01807
0.01811
0.01808
0.01804
0.01808
0.02087
0.01817
0.01813
0.01807
0.01809
0.01812
0.01806
0.01806
0.01803
0.01809
0.01805
0.01809
0.01803
0.01806
0.01805
0.01819
0.01808
0.01809
0.01803
0.01804
0.01808
0.01806
0.01804
0.01803
0.01808
0.01808
0.01803
0.01804
0.01805
0.01808
0.01806
0.01805
0.01805
0.01803
0.01808
0.01803
0.01803
0.01804
0.01801
0.01804
0.01802
0.01804
0.01803
0.01805
0.01806
0.01812
0.01809
0.01799
0.01929
0.01805
0.01807
0.01801
0.01804
0.01801
0.01805
0.01814
0.01802
0.0181
0.01808
0.01804
0.01802
0.01812
0.0181
0.01806
0.02009
0.0181
0.01805
0.01804
0.01808
0.01807
0.01801
0.01804
0.01806
0.01809
0.0181
0.01804
0.01806
0.01803
0.01806
0.01808
0.01806
0.01808
0.01809
0.01804
0.01802
0.01806
0.01805
0.01805
0.01805
0.01803
0.01802
0.01805
0.01811
0.01809
0.01813
0.01803
0.01805
0.01804
0.01808
0.01811
0.01802
0.01827
0.01809
0.01811
0.0181
0.01807
0.01805
0.01812
0.01809
0.01808
0.01807
0.01806
0.01809
0.01804
0.01809
0.01808
0.01803
0.01804
0.01804
0.01805
0.01803
0.01804
0.01798
0.01814
0.01806
0.01808
0.01804
0.01808
0.01804
0.018
0.01805
0.01808
0.01786
0.0179
0.01789
0.0179
0.01789
0.01808
0.01805
0.01801
0.01804
0.01808
0.01808
0.02082
0.01966
0.01958
0.01951
0.01953
0.01951
0.01952
0.01943
0.01927
0.0195
0.0195
0.01872
0.01793
0.01789
0.01792
0.01788
0.01784
0.01796
0.01804
0.01799
0.01803
0.02026
0.01815
0.01808
0.01837
0.0182
0.01807
0.01816
0.01816
0.01813
0.01809
0.01807
0.01813
0.01832
0.01806
0.01801
0.01836
0.01819
0.01803
0.01804
0.01804
0.01801
0.01802
0.01822
0.0181
0.01805
0.01808
0.01805
0.01809
0.01804
0.01807
0.0181
0.01805
0.018
0.01805
0.01802
0.01806
0.01802
0.0181
0.01874
0.0181
0.01805
0.01805
0.01803
0.01802
0.01806
0.01805
0.01801
0.01802
0.01803
0.01806
0.01808
0.01807
0.01805
0.01805
0.01804
0.01803
0.018
0.01811
0.01802
0.01802
0.01807
0.01804
0.01808
0.01806
0.01803
0.01803
0.01805
0.01804
0.01804
0.01804
0.01796
0.01801
0.01799
0.018
0.01803
0.01804
0.01802
0.01806
0.01807
0.01808
0.01805
0.01793
0.01797
0.01794
0.01811
0.01812
0.01811
0.0181
0.01813
0.01811
0.01808
0.01809
0.01803
0.01804
0.01805
0.01806
0.01818
0.01809
0.01809
0.01809
0.02195
0.01813
0.0181
0.01811
0.01807
0.01811
0.01811
0.01801
0.01809
0.01805
0.01803
0.018
0.01806
0.01803
0.01801
0.01805
0.01806
0.01805
0.01828
0.01814
0.01836
0.01884
0.01811
0.01804
0.01808
0.01809
0.01801
0.01807
0.01807
0.01811
0.01811
0.0181
0.01808
0.01812
0.01809
0.0181
0.01807
0.01807
0.018
0.01803
0.01804
0.01809
0.01808
0.01812
0.01804
0.01807
0.01807
0.01807
0.01809
0.01807
0.01846
0.01807
0.01805
0.01806
0.01804
0.0181
0.01811
0.01803
0.0181
0.01809
0.01809
0.01814
0.01809
0.01801
0.01803
0.01811
0.01806
0.01809
0.01816
0.01806
0.01805
0.01802
0.01794
0.01805
0.01801
0.01812
0.0181
0.01809
0.01808
0.01802
0.01808
0.01804
0.01805
0.01809
0.01813
0.01809
0.0181
0.01819
0.01818
0.01811
0.0181
0.01808
0.01809
0.01809
0.01812
0.01811
0.01811
0.01811
0.01814
0.01808
0.02036
0.01818
0.01804
0.0181
0.01818
0.0181
0.01813
0.01812
0.01805
0.01803
0.01811
0.01816
0.01813
0.01814
0.01806
0.01805
0.01809
0.01821
0.0181
0.01812
0.01808
0.01817
0.0181
0.01804
0.01813
0.01813
0.01809
0.01813
0.01805
0.01804
0.01804
0.01802
0.01804
0.01803
0.01815
0.01812
0.0181
0.01809
0.01803
0.01807
0.01805
0.01809
0.01806
0.01809
0.01803
0.01804
0.01802
0.01808
0.01812
0.01813
0.01812
0.01808
0.01808
0.01812
0.01808
0.01806
0.01804
0.01806
0.01806
0.01807
0.01813
0.01806
0.01809
0.01815
0.01809
0.01832
0.01968
0.01809
0.01805
0.01796
0.01804
0.01802
0.018
0.01804
0.01804
0.01801
0.01807
0.01801
0.01803
0.01803
0.01803
0.01803
0.01805
0.01806
0.01806
0.01808
0.01805
0.01806
0.01806
0.01806
0.01805
0.01807
0.01803
0.01806
0.01813
0.01809
0.01806
0.01803
0.01806
0.01809
0.02042
0.01813
0.01808
0.01812
0.01807
0.01806
0.01806
0.01805
0.01802
0.01804
0.01809
0.01806
0.01805
0.01801
0.01802
0.01802
0.01802
0.01803
0.01808
0.01804
0.01806
0.0181
0.01804
0.01804
0.01807
0.01804
0.01807
0.0181
0.01808
0.01803
0.01808
0.01809
0.01803
0.01806
0.01804
0.01805
0.01808
0.01803
0.01812
0.01809
0.01806
0.01801
0.01801
0.01805
0.01805
0.01807
0.01805
0.01804
0.01803
0.01807
0.018
0.01803
0.018
0.01807
0.01802
0.018
0.01802
0.01799
0.01803
0.01803
0.01805
0.01801
0.01806
0.01802
0.01804
0.018
0.01803
0.01801
0.018
0.01804
0.018
0.01805
0.01805
0.01797
0.01802
0.01799
0.01798
0.01799
0.01802
0.018
0.01799
0.01802
0.01797
0.01799
0.01802
0.01805
0.01803
0.01798
0.01801
0.01803
0.01806
0.01806
0.01807
0.01804
0.01805
0.01801
0.01799
0.01802
0.01795
0.01803
0.02002
0.01805
0.01803
0.01806
0.01803
0.01806
0.01806
0.01809
0.01814
0.01809
0.01824
0.01811
0.01807
0.01803
0.01803
0.01803
0.01809
0.0181
0.01807
0.01812
0.01807
0.01807
0.01811
0.018
0.01808
0.01808
0.01806
0.01808
0.01804
0.01803
0.01803
0.01806
0.01808
0.0181
0.01809
0.01815
0.0181
0.01806
0.01811
0.0181
0.01812
0.01808
0.01809
0.01812
0.01811
0.01812
0.01806
0.01807
0.01805
0.01805
0.01806
0.0181
0.0181
0.01807
0.0181
0.01805
0.01829
0.01805
0.01807
0.01804
0.018
0.0181
0.01811
0.01805
0.018
0.01803
0.01801
0.01803
0.01804
0.01805
0.018
0.01807
0.01803
0.01813
0.01806
0.01804
0.01804
0.01808
0.01804
0.0181
0.01809
0.01802
0.01806
0.01809
0.01806
0.01808
0.01811
0.01803
0.01807
0.01814
0.01802
0.01807
0.01812
0.01807
0.01805
0.01813
0.01837
0.01853
0.01858
0.01866
0.02182
0.0211
0.01822
0.01811
0.01811
0.01813
0.01808
0.01806
0.01809
0.01806
0.01807
0.01805
0.01878
0.01819
0.01817
0.01806
0.01805
0.01819
0.01809
0.0181
0.0181
0.01807
0.01807
0.01805
0.01806
0.01809
0.01806
0.01804
0.01808
0.01796
0.01807
0.01812
0.01819
0.01812
0.01806
0.01812
0.01807
0.01808
0.01811
0.01812
0.01809
0.01811
0.01807
0.01808
0.01809
0.01806
0.01811
0.01811
0.01817
0.01812
0.01812
0.01806
0.01808
0.01811
0.01807
0.01884
0.0182
0.01809
0.01813
0.01808
0.01808
0.01808
0.01811
0.0181
0.01805
0.0181
0.01806
0.01804
0.018
0.01802
0.01803
0.01805
0.01807
0.01811
0.01809
0.01804
0.01805
0.01849
0.01806
0.01803
0.01809
0.01809
0.01816
0.01812
0.01812
0.01816
0.01807
0.01807
0.0181
0.01808
0.01812
0.01802
0.01807
0.01814
0.01808
0.01807
0.01809
0.01806
0.01805
0.01801
0.0201
0.01813
0.01811
0.01807
0.0181
0.01808
0.01805
0.01808
0.01808
0.01807
0.0181
0.01807
0.01811
0.01809
0.01806
0.01808
0.01801
0.01813
0.0181
0.01806
0.0181
0.01807
0.01807
0.01809
0.01802
0.01802
0.01799
0.01806
0.01802
0.01802
0.01806
0.01803
0.01805
0.01809
0.01809
0.01807
0.01806
0.01802
0.01807
0.01807
0.01809
0.01802
0.0182
0.01809
0.01803
0.01808
0.01806
0.01803
0.01807
0.01805
0.01804
0.01804
0.01808
0.01801
0.01803
0.018
0.01802
0.01801
0.01816
0.01804
0.01805
0.01807
0.01804
0.01805
0.01802
0.01804
0.01806
0.01803
0.01804
0.01804
0.01806
0.01806
0.01802
0.018
0.01803
0.01803
0.01803
0.01807
0.01801
0.01806
0.01806
0.01804
0.018
0.01803
0.01802
0.01799
0.018
0.01804
0.01804
0.018
0.01799
0.01801
0.01801
0.018
0.018
0.01807
0.01799
0.01802
0.01816
0.01806
0.02258
0.01819
0.01809
0.01809
0.0181
0.01802
0.01804
0.01799
0.01803
0.01804
0.01801
0.01801
0.01799
0.01796
0.01798
0.01798
0.01785
0.01802
0.0182
0.01807
0.01803
0.01805
0.01809
0.01808
0.01802
0.01804
0.01807
0.01802
0.01807
0.01797
0.0181
0.018
0.01801
0.01799
0.01801
0.01804
0.01795
0.01805
0.01805
0.01803
0.01807
0.01801
0.018
0.01802
0.01803
0.01798
0.01799
0.01799
0.01798
0.01799
0.01804
0.0181
0.01804
0.018
0.01805
0.01819
0.01807
0.01805
0.01807
0.01807
0.01805
0.01801
0.01802
0.01801
0.01801
0.01805
0.01802
0.01809
0.01806
0.01805
0.01809
0.01805
0.01802
0.01801
0.01809
0.01804
0.01802
0.01802
0.01802
0.01805
0.01806
0.01799
0.018
0.01801
0.01805
0.01809
0.01807
0.01807
0.01803
0.01804
