0.05197
0.01934
0.01581
0.01557
0.01554
0.01553
0.01553
0.01552
0.01547
0.01575
0.01578
0.01558
0.01551
0.01552
0.01553
0.01552
0.01549
0.01548
0.01552
0.01548
0.01548
0.01551
0.01552
0.0155
0.01554
0.01551
0.0159
0.01562
0.01556
0.01562
0.01555
0.01558
0.01552
0.01557
0.01555
0.01561
0.01553
0.0155
0.0155
0.01552
0.01546
0.01552
0.01548
0.01704
0.01558
0.01555
0.01557
0.01553
0.01556
0.01551
0.01557
0.01549
0.01554
0.01554
0.01632
0.0156
0.01553
0.01563
0.01551
0.01552
0.01596
0.01558
0.01551
0.01554
0.01548
0.01553
0.01552
0.01551
0.01552
0.01553
0.01558
0.01549
0.01558
0.01549
0.01553
0.0164
0.0164
0.01666
0.01639
0.01642
0.01635
0.01635
0.01635
0.01632
0.01634
0.01559
0.0156
0.01629
0.01549
0.01552
0.01558
0.01555
0.01553
0.01559
0.01562
0.01552
0.01547
0.01548
0.0154
0.01549
0.01551
0.01927
0.01596
0.01554
0.01551
0.01549
0.01545
0.01545
0.0155
0.01547
0.01585
0.01553
0.01546
0.01548
0.01548
0.01547
0.01545
0.01542
0.01541
0.01545
0.01543
0.0154
0.0154
0.01544
0.01551
0.01544
0.01546
0.01593
0.0156
0.01551
0.01549
0.01548
0.01548
0.01544
0.0155
0.01544
0.01546
0.01542
0.01543
0.01547
0.01546
0.01549
0.01546
0.01545
0.01562
0.01596
0.01549
0.01545
0.01545
0.01545
0.01545
0.01543
0.0154
0.01543
0.01544
0.0154
0.01543
0.01542
0.01544
0.01539
0.01541
0.01556
0.01561
0.01548
0.01548
0.01547
0.01541
0.01549
0.01544
0.01545
0.01542
0.01549
0.01544
0.01548
0.01546
0.01548
0.01545
0.01547
0.01543
0.01597
0.01552
0.01547
0.01543
0.01547
0.01548
0.01541
0.01541
0.01542
0.01542
0.01541
0.01543
0.01544
0.01563
0.01555
0.01546
0.01543
0.01579
0.01548
0.01544
0.01544
0.01542
0.01984
0.01583
0.01547
0.01545
0.01541
0.01553
0.01544
0.01547
0.01543
0.01548
0.01544
0.01572
0.01555
0.01555
0.01553
0.0155
0.01549
0.01549
0.01548
0.01549
0.01541
0.01546
0.01542
0.01543
0.01544
0.01547
0.01543
0.01552
0.01545
0.01565
0.01548
0.01552
0.01549
0.01545
0.01552
0.01546
0.01631
0.01633
0.01641
0.01636
0.01644
0.01641
0.01647
0.01648
0.01667
0.01683
0.01656
0.0166
0.01662
0.01666
0.01669
0.01686
0.01684
0.01679
0.01688
0.01684
0.01687
0.01685
0.01696
0.01693
0.01709
0.01706
0.01746
0.01706
0.01723
0.01721
0.01729
0.01726
0.01738
0.01752
0.01759
0.01751
0.01769
0.01757
0.01762
0.01758
0.01763
0.01764
0.01819
0.01776
0.01784
0.01788
0.01799
0.01802
0.01804
0.01805
0.01815
0.01811
0.01819
0.01812
0.01831
0.01818
0.01817
0.01981
0.01818
0.01817
0.01814
0.01812
0.01819
0.01822
0.02416
0.01831
0.01825
0.01816
0.01816
0.01822
0.01818
0.0181
0.0181
0.019
0.02125
0.02072
0.0207
0.01793
0.0178
0.01767
0.01765
0.01761
0.01759
0.01758
0.01759
0.01763
0.01764
0.01768
0.01804
0.01776
0.01786
0.01782
0.01788
0.01781
0.01786
0.01779
0.01773
0.01769
0.01774
0.01753
0.01762
0.01751
0.01735
0.01732
0.01747
0.01714
0.01724
0.01714
0.01719
0.01711
0.01719
0.01724
0.01718
0.0172
0.01726
0.01728
0.01729
0.01717
0.01723
0.0172
0.01738
0.01714
0.01719
0.01698
0.01703
0.01699
0.01692
0.01691
0.01695
0.01678
0.01687
0.01689
0.01676
0.01675
0.01688
0.01669
0.01699
0.01676
0.01667
0.01668
0.01663
0.01657
0.0166
0.01659
0.01654
0.01646
0.01651
0.01639
0.01651
0.01643
0.01638
0.01643
0.01633
0.01646
0.01557
0.01557
0.01553
0.01552
0.01552
0.01551
0.01554
0.01557
0.01555
0.01549
0.02019
0.01585
0.01554
0.01554
0.01543
0.01577
0.01551
0.01553
0.01548
0.01548
0.01549
0.01557
0.01553
0.0155
0.0154
0.01552
0.01548
0.01545
0.01548
0.01552
0.01548
0.01551
0.01569
0.01556
0.0155
0.01561
0.01551
0.01549
0.01546
0.01546
0.01543
0.01548
0.01547
0.01548
0.01548
0.01552
0.01542
0.01548
0.01551
0.01571
0.01553
0.01551
0.01567
0.01554
0.01548
0.01544
0.0155
0.01546
0.01553
0.01541
0.01549
0.01546
0.0155
0.01547
0.01551
0.0154
0.01556
0.01584
0.01557
0.01546
0.01551
