0.15107
0.01996
0.01963
0.01958
0.02042
0.01976
0.02005
0.02367
0.02699
0.02553
0.02186
0.02363
0.0215
0.02102
0.02155
0.02133
0.02145
0.01914
0.01924
0.01937
0.02046
0.01912
0.01973
0.01909
0.0194
0.02014
0.01929
0.01926
0.02043
0.0201
0.01978
0.01941
0.01995
0.0207
0.0197
0.01949
0.02037
0.0199
0.01973
0.01931
0.01952
0.02185
0.01962
0.02005
0.0197
0.01993
0.01953
0.01939
0.01951
0.02347
0.0194
0.01997
0.01944
0.01965
0.01944
0.0195
0.01958
0.0227
0.01959
0.01982
0.01986
0.01962
0.01973
0.01993
0.0197
0.02216
0.01956
0.01965
0.01978
0.01992
0.01978
0.01974
0.01965
0.0215
0.01973
0.01981
0.01983
0.01985
0.01978
0.01983
0.01973
0.02111
0.01965
0.02212
0.01957
0.01957
0.01961
0.01966
0.01949
0.02128
0.01955
0.01928
0.02169
0.01905
0.01917
0.01882
0.01886
0.01919
0.01932
0.01887
0.01959
0.01945
0.01896
0.01939
0.01889
0.02122
0.01911
0.01908
0.01887
0.01893
0.01883
0.01883
0.01893
0.0191
0.01923
0.01861
0.01951
0.01874
0.01943
0.01869
0.01938
0.01891
0.01933
0.01888
0.01912
0.01889
0.01902
0.01878
0.0193
0.01846
0.01884
0.01892
0.01873
0.01968
0.02498
0.01856
0.01891
0.01926
0.01896
0.01874
0.01909
0.01936
0.01891
0.01889
0.01875
0.01894
0.01983
0.0184
0.01918
0.01847
0.01901
0.0186
0.01946
0.01863
0.02084
0.0188
0.01934
0.01889
0.01912
0.01883
0.01915
0.01879
0.01941
0.01898
0.01887
0.01907
0.01862
0.01894
0.01875
0.02063
0.0189
0.01885
0.01901
0.01888
0.01917
0.01892
0.01894
0.0191
0.01907
0.01886
0.01916
0.01901
0.01988
0.01874
0.01923
0.0188
0.01916
0.01882
0.01903
0.0187
0.01929
0.0193
0.0191
0.01879
0.01901
0.02317
0.01902
0.01935
0.01901
0.01902
0.01903
0.01929
0.01914
0.0203
0.01893
0.01932
0.0187
0.01899
0.01889
0.01919
0.01898
0.02091
0.01896
0.01899
0.01903
0.01891
0.01908
0.01929
0.0191
0.0195
0.01954
0.01897
0.01983
0.019
0.01975
0.01884
0.02025
0.0192
0.01923
0.01878
0.01905
0.01873
0.01903
0.01865
0.01993
0.01853
0.01896
0.01879
0.01913
0.01885
0.0192
0.01865
0.01923
0.01906
0.01896
0.0189
0.01895
0.02066
0.01869
0.01917
0.01871
0.01886
0.01895
0.01884
0.01866
0.0193
0.01878
0.01872
0.01867
0.01858
0.02113
0.01871
0.01911
0.01879
0.01925
0.01895
0.0194
0.0192
0.02036
0.01999
0.0196
0.01941
0.01984
0.01957
0.01991
0.01948
0.01986
0.02034
0.01936
0.01964
0.01936
0.01947
0.01939
0.02106
0.01952
0.0197
0.01956
0.01945
0.0194
0.01938
0.01932
0.01971
0.01929
0.01905
0.01983
0.01904
0.01948
0.01899
0.01925
0.01957
0.02015
0.01904
0.01974
0.01878
0.01987
0.01877
0.0191
0.01897
0.0196
0.01893
0.01914
0.01903
0.01975
0.01893
0.0195
0.01904
0.01958
0.01927
0.01958
0.01926
0.02014
0.01984
0.01966
0.01914
0.01938
0.02223
0.01929
0.01989
0.01937
0.01939
0.01935
0.01988
0.0195
0.0225
0.01955
0.01934
0.01951
0.01932
0.01925
0.01952
0.01936
0.02102
0.01905
0.01898
0.01887
0.01893
0.01879
0.01869
0.01869
0.02021
0.01694
0.01647
0.01677
0.01659
0.01676
0.01641
0.01712
0.01703
0.01658
0.01676
0.01645
0.01653
0.01679
0.01655
0.01695
0.01645
0.0178
0.01686
0.01647
0.01671
0.01642
0.01681
0.01843
0.01913
0.01875
0.01851
0.0192
0.0185
0.02112
0.01847
0.01922
0.01859
0.01906
0.01854
0.01882
0.01858
0.01916
0.01929
0.01898
0.01899
0.01906
0.02092
0.01935
0.01926
0.01938
0.01959
0.01954
0.01956
0.01967
0.02074
0.02048
0.0203
0.01983
0.01994
0.01991
0.01986
0.01993
0.02159
0.01996
0.01992
0.01972
0.01965
0.01942
0.01945
0.01911
0.02094
0.01953
0.01903
0.01907
0.01886
0.01916
0.01911
0.01908
0.01918
0.01963
0.0189
0.01926
0.01867
0.01923
0.01862
0.02044
0.01864
0.01895
0.01668
0.01851
0.01939
0.01877
0.01861
0.019
0.01925
0.01916
0.0189
0.01914
0.01933
0.01909
0.01977
0.01976
0.01936
0.0203
0.01962
0.02048
0.0201
0.01994
0.02012
0.02006
0.01998
0.02358
0.02022
0.02011
0.02031
0.02056
0.02033
0.02059
0.02095
0.02138
0.0202
0.02051
0.02012
0.02245
0.02053
0.02078
0.02054
0.02084
0.02126
0.02102
0.02129
0.02096
