472.00	232.00	328.00	133.00
471.00	232.00	328.00	133.00
470.00	232.00	328.00	133.00
470.00	233.00	324.00	131.00
471.00	233.00	321.00	130.00
470.00	233.00	318.00	129.00
465.00	231.00	324.00	131.00
469.00	230.00	318.00	129.00
468.00	229.00	321.00	130.00
466.00	228.00	324.00	131.00
463.00	228.00	331.00	134.00
462.00	230.00	334.00	135.00
459.00	229.00	341.00	138.00
461.00	231.00	337.00	137.00
460.00	232.00	341.00	138.00
464.00	234.00	337.00	137.00
459.00	237.00	344.00	139.00
464.00	237.00	337.00	137.00
464.00	242.00	337.00	137.00
469.00	244.00	331.00	134.00
465.00	244.00	337.00	137.00
462.00	244.00	344.00	139.00
465.00	242.00	341.00	138.00
463.00	242.00	341.00	138.00
464.00	243.00	334.00	135.00
458.00	242.00	341.00	138.00
459.00	241.00	341.00	138.00
455.00	241.00	344.00	139.00
451.00	240.00	351.00	142.00
454.00	241.00	344.00	139.00
449.00	240.00	351.00	142.00
446.00	239.00	355.00	144.00
443.00	239.00	358.00	145.00
443.00	239.00	358.00	145.00
444.00	240.00	355.00	144.00
438.00	239.00	362.00	146.00
438.00	238.00	365.00	148.00
439.00	240.00	362.00	146.00
443.00	241.00	355.00	144.00
446.00	244.00	348.00	141.00
447.00	245.00	344.00	139.00
447.00	245.00	348.00	141.00
444.00	243.00	355.00	144.00
446.00	243.00	355.00	144.00
448.00	243.00	355.00	144.00
450.00	244.00	351.00	142.00
454.00	248.00	344.00	139.00
451.00	249.00	348.00	141.00
452.00	252.00	348.00	141.00
452.00	253.00	348.00	141.00
454.00	256.00	344.00	139.00
456.00	258.00	341.00	138.00
452.00	256.00	348.00	141.00
453.00	256.00	344.00	139.00
452.00	254.00	348.00	141.00
448.00	249.00	355.00	144.00
444.00	243.00	362.00	146.00
448.00	242.00	355.00	144.00
448.00	242.00	351.00	142.00
446.00	244.00	351.00	142.00
440.00	242.00	358.00	145.00
441.00	244.00	355.00	144.00
437.00	242.00	358.00	145.00
435.00	241.00	365.00	148.00
430.00	240.00	373.00	151.00
430.00	241.00	373.00	151.00
429.00	240.00	377.00	152.00
433.00	243.00	369.00	149.00
435.00	244.00	362.00	146.00
436.00	247.00	362.00	146.00
436.00	246.00	362.00	146.00
441.00	248.00	355.00	144.00
440.00	249.00	355.00	144.00
442.00	249.00	351.00	142.00
440.00	250.00	355.00	144.00
443.00	249.00	351.00	142.00
438.00	248.00	358.00	145.00
438.00	248.00	358.00	145.00
439.00	248.00	358.00	145.00
444.00	248.00	351.00	142.00
443.00	250.00	351.00	142.00
443.00	250.00	351.00	142.00
438.00	251.00	358.00	145.00
439.00	250.00	358.00	145.00
438.00	249.00	362.00	146.00
441.00	249.00	355.00	144.00
443.00	250.00	348.00	141.00
442.00	248.00	348.00	141.00
441.00	245.00	351.00	142.00
443.00	246.00	344.00	139.00
441.00	245.00	344.00	139.00
440.00	243.00	344.00	139.00
441.00	241.00	341.00	138.00
434.00	241.00	348.00	141.00
433.00	239.00	348.00	141.00
432.00	238.00	348.00	141.00
430.00	238.00	344.00	139.00
426.00	238.00	348.00	141.00
428.00	240.00	341.00	138.00
429.00	243.00	334.00	135.00
424.00	245.00	341.00	138.00
423.00	249.00	341.00	138.00
423.00	254.00	341.00	138.00
425.00	260.00	334.00	135.00
424.00	264.00	337.00	137.00
420.00	269.00	344.00	139.00
419.00	270.00	348.00	141.00
419.00	270.00	348.00	141.00
419.00	274.00	348.00	141.00
424.00	278.00	341.00	138.00
427.00	283.00	334.00	135.00
429.00	288.00	331.00	134.00
431.00	293.00	327.00	132.00
430.00	298.00	327.00	132.00
426.00	298.00	334.00	135.00
421.00	300.00	341.00	138.00
423.00	303.00	337.00	137.00
425.00	307.00	331.00	134.00
419.00	308.00	337.00	137.00
415.00	308.00	344.00	139.00
410.00	308.00	351.00	142.00
411.00	312.00	344.00	139.00
407.00	313.00	351.00	142.00
409.00	315.00	344.00	139.00
406.00	315.00	348.00	141.00
401.00	311.00	355.00	144.00
403.00	310.00	351.00	142.00
398.00	309.00	358.00	145.00
395.00	303.00	365.00	148.00
399.00	303.00	358.00	145.00
397.00	300.00	358.00	145.00
392.00	296.00	365.00	148.00
394.00	294.00	358.00	145.00
391.00	292.00	362.00	146.00
395.00	290.00	355.00	144.00
395.00	294.00	348.00	141.00
391.00	297.00	355.00	144.00
389.00	299.00	358.00	145.00
393.00	302.00	355.00	144.00
390.00	305.00	358.00	145.00
396.00	310.00	351.00	142.00
396.00	312.00	355.00	144.00
397.00	310.00	355.00	144.00
394.00	309.00	362.00	146.00
392.00	308.00	369.00	149.00
396.00	308.00	362.00	146.00
400.00	311.00	355.00	144.00
395.00	311.00	362.00	146.00
399.00	312.00	355.00	144.00
398.00	313.00	355.00	144.00
395.00	313.00	358.00	145.00
391.00	314.00	365.00	148.00
389.00	314.00	369.00	149.00
388.00	314.00	369.00	149.00
388.00	314.00	369.00	149.00
381.00	313.00	377.00	152.00
384.00	313.00	369.00	149.00
381.00	311.00	373.00	151.00
379.00	310.00	373.00	151.00
376.00	308.00	377.00	152.00
371.00	306.00	384.00	155.00
368.00	303.00	388.00	157.00
364.00	301.00	396.00	160.00
360.00	296.00	404.00	163.00
361.00	293.00	400.00	162.00
361.00	292.00	400.00	162.00
354.00	289.00	408.00	165.00
355.00	287.00	404.00	163.00
353.00	284.00	404.00	163.00
350.00	282.00	408.00	165.00
347.00	280.00	412.00	167.00
341.00	276.00	420.00	170.00
335.00	273.00	424.00	172.00
337.00	272.00	420.00	170.00
333.00	270.00	429.00	173.00
328.00	272.00	433.00	175.00
322.00	269.00	442.00	179.00
320.00	265.00	450.00	182.00
318.00	261.00	455.00	184.00
316.00	259.00	460.00	186.00
319.00	259.00	450.00	182.00
317.00	258.00	455.00	184.00
312.00	254.00	464.00	188.00
306.00	250.00	473.00	192.00
310.00	250.00	469.00	190.00
302.00	246.00	478.00	194.00
299.00	241.00	483.00	196.00
292.00	237.00	493.00	199.00
294.00	235.00	488.00	198.00
284.00	230.00	498.00	201.00
290.00	228.00	493.00	199.00
295.00	227.00	483.00	196.00
288.00	225.00	493.00	199.00
283.00	217.00	503.00	204.00
277.00	213.00	513.00	208.00
284.00	210.00	508.00	206.00
279.00	207.00	518.00	210.00
279.00	206.00	518.00	210.00
277.00	206.00	518.00	210.00
277.00	205.00	518.00	210.00
271.00	201.00	528.00	214.00
279.00	202.00	518.00	210.00
282.00	201.00	518.00	210.00
280.00	198.00	523.00	212.00
275.00	196.00	528.00	214.00
282.00	197.00	518.00	210.00
285.00	200.00	508.00	206.00
288.00	201.00	508.00	206.00
285.00	204.00	503.00	204.00
287.00	209.00	493.00	199.00
281.00	213.00	498.00	201.00
277.00	215.00	503.00	204.00
277.00	216.00	503.00	204.00
275.00	215.00	508.00	206.00
271.00	213.00	518.00	210.00
278.00	215.00	508.00	206.00
277.00	216.00	513.00	208.00
274.00	215.00	523.00	212.00
279.00	215.00	523.00	212.00
283.00	217.00	518.00	210.00
280.00	217.00	528.00	214.00
286.00	220.00	518.00	210.00
291.00	220.00	513.00	208.00
294.00	221.00	508.00	206.00
294.00	220.00	513.00	208.00
292.00	219.00	513.00	208.00
294.00	218.00	508.00	206.00
293.00	217.00	508.00	206.00
288.00	214.00	513.00	208.00
282.00	210.00	523.00	212.00
274.00	204.00	534.00	216.00
269.00	200.00	539.00	218.00
263.00	196.00	550.00	223.00
264.00	193.00	544.00	220.00
268.00	192.00	534.00	216.00
262.00	194.00	534.00	216.00
265.00	194.00	528.00	214.00
258.00	192.00	539.00	218.00
260.00	191.00	528.00	214.00
255.00	191.00	534.00	216.00
252.00	187.00	534.00	216.00
246.00	183.00	544.00	220.00
242.00	180.00	550.00	223.00
239.00	178.00	550.00	223.00
242.00	178.00	544.00	220.00
244.00	179.00	534.00	216.00
246.00	181.00	528.00	214.00
249.00	183.00	523.00	212.00
251.00	184.00	513.00	208.00
252.00	186.00	513.00	208.00
248.00	184.00	518.00	210.00
248.00	183.00	518.00	210.00
246.00	183.00	523.00	212.00
247.00	186.00	523.00	212.00
249.00	189.00	518.00	210.00
249.00	194.00	518.00	210.00
254.00	200.00	508.00	206.00
259.00	207.00	498.00	201.00
255.00	207.00	508.00	206.00
251.00	207.00	513.00	208.00
257.00	209.00	503.00	204.00
264.00	216.00	493.00	199.00
261.00	216.00	498.00	201.00
263.00	216.00	498.00	201.00
270.00	217.00	488.00	198.00
272.00	218.00	488.00	198.00
272.00	219.00	493.00	199.00
268.00	217.00	503.00	204.00
271.00	219.00	498.00	201.00
268.00	218.00	508.00	206.00
269.00	218.00	508.00	206.00
271.00	221.00	508.00	206.00
267.00	220.00	518.00	210.00
263.00	218.00	528.00	214.00
263.00	218.00	528.00	214.00
271.00	220.00	518.00	210.00
271.00	221.00	518.00	210.00
272.00	221.00	518.00	210.00
271.00	218.00	523.00	212.00
268.00	215.00	528.00	214.00
274.00	214.00	518.00	210.00
276.00	213.00	513.00	208.00
277.00	211.00	513.00	208.00
274.00	207.00	518.00	210.00
274.00	204.00	518.00	210.00
268.00	199.00	528.00	214.00
265.00	195.00	534.00	216.00
262.00	192.00	539.00	218.00
264.00	193.00	534.00	216.00
262.00	192.00	539.00	218.00
265.00	193.00	534.00	216.00
267.00	194.00	528.00	214.00
268.00	195.00	528.00	214.00
267.00	196.00	528.00	214.00
267.00	196.00	528.00	214.00
264.00	195.00	539.00	218.00
261.00	196.00	544.00	220.00
256.00	194.00	555.00	225.00
259.00	196.00	550.00	223.00
252.00	195.00	561.00	227.00
255.00	200.00	550.00	223.00
254.00	207.00	550.00	223.00
248.00	207.00	561.00	227.00
253.00	210.00	550.00	223.00
258.00	215.00	539.00	218.00
262.00	220.00	528.00	214.00
259.00	223.00	534.00	216.00
255.00	219.00	544.00	220.00
252.00	217.00	555.00	225.00
256.00	217.00	550.00	223.00
260.00	218.00	544.00	220.00
255.00	215.00	555.00	225.00
256.00	214.00	555.00	225.00
255.00	212.00	561.00	227.00
251.00	210.00	566.00	229.00
255.00	209.00	561.00	227.00
255.00	209.00	561.00	227.00
252.00	208.00	566.00	229.00
252.00	207.00	566.00	229.00
252.00	206.00	566.00	229.00
245.00	203.00	578.00	234.00
248.00	200.00	572.00	232.00
241.00	198.00	584.00	236.00
242.00	196.00	584.00	236.00
247.00	196.00	572.00	232.00
246.00	197.00	566.00	229.00
251.00	198.00	555.00	225.00
254.00	202.00	544.00	220.00
251.00	203.00	544.00	220.00
251.00	203.00	539.00	218.00
255.00	206.00	528.00	214.00
252.00	209.00	528.00	214.00
247.00	206.00	539.00	218.00
240.00	204.00	550.00	223.00
234.00	200.00	561.00	227.00
240.00	199.00	550.00	223.00
234.00	197.00	561.00	227.00
233.00	192.00	566.00	229.00
233.00	186.00	572.00	232.00
228.00	181.00	584.00	236.00
232.00	177.00	584.00	236.00
241.00	174.00	572.00	232.00
235.00	170.00	584.00	236.00
250.00	165.00	572.00	232.00
247.00	162.00	578.00	234.00
251.00	159.00	566.00	229.00
243.00	152.00	578.00	234.00
242.00	152.00	572.00	232.00
245.00	151.00	572.00	232.00
250.00	152.00	566.00	229.00
253.00	149.00	572.00	232.00
261.00	151.00	566.00	229.00
255.00	148.00	578.00	234.00
269.00	147.00	566.00	229.00
274.00	148.00	555.00	225.00
263.00	157.00	550.00	223.00
257.00	162.00	544.00	220.00
251.00	163.00	544.00	220.00
244.00	165.00	544.00	220.00
242.00	166.00	550.00	223.00
237.00	171.00	550.00	223.00
235.00	180.00	539.00	218.00
223.00	183.00	550.00	223.00
218.00	191.00	544.00	220.00
209.00	196.00	550.00	223.00
213.00	192.00	561.00	227.00
210.00	186.00	572.00	232.00
195.00	189.00	584.00	236.00
201.00	189.00	578.00	234.00
207.00	186.00	578.00	234.00
213.00	186.00	566.00	229.00
220.00	179.00	566.00	229.00
223.00	182.00	555.00	225.00
227.00	180.00	555.00	225.00
223.00	176.00	566.00	229.00
218.00	178.00	566.00	229.00
219.00	175.00	566.00	229.00
217.00	176.00	566.00	229.00
222.00	174.00	566.00	229.00
223.00	172.00	566.00	229.00
229.00	177.00	555.00	225.00
232.00	177.00	561.00	227.00
235.00	180.00	550.00	223.00
237.00	182.00	550.00	223.00
241.00	179.00	555.00	225.00
243.00	181.00	550.00	223.00
250.00	184.00	544.00	220.00
249.00	180.00	555.00	225.00
255.00	187.00	544.00	220.00
250.00	186.00	555.00	225.00
244.00	190.00	566.00	229.00
248.00	191.00	561.00	227.00
247.00	186.00	572.00	232.00
243.00	188.00	578.00	234.00
242.00	188.00	578.00	234.00
238.00	189.00	584.00	236.00
240.00	193.00	578.00	234.00
237.00	193.00	584.00	236.00
231.00	195.00	589.00	239.00
235.00	197.00	578.00	234.00
231.00	197.00	584.00	236.00
230.00	201.00	578.00	234.00
233.00	198.00	578.00	234.00
238.00	202.00	566.00	229.00
233.00	200.00	578.00	234.00
224.00	200.00	589.00	239.00
226.00	205.00	578.00	234.00
223.00	203.00	589.00	239.00
222.00	204.00	589.00	239.00
220.00	202.00	595.00	241.00
223.00	205.00	589.00	239.00
228.00	208.00	584.00	236.00
231.00	210.00	584.00	236.00
230.00	212.00	589.00	239.00
226.00	209.00	601.00	244.00
228.00	211.00	601.00	244.00
233.00	217.00	595.00	241.00
240.00	220.00	584.00	236.00
246.00	224.00	584.00	236.00
247.00	226.00	589.00	239.00
243.00	227.00	601.00	244.00
248.00	232.00	595.00	241.00
246.00	233.00	601.00	244.00
258.00	241.00	589.00	239.00
260.00	245.00	589.00	239.00
261.00	245.00	601.00	244.00
263.00	251.00	601.00	244.00
273.00	255.00	589.00	239.00
280.00	261.00	584.00	236.00
284.00	266.00	578.00	234.00
286.00	268.00	584.00	236.00
294.00	272.00	572.00	232.00
298.00	274.00	572.00	232.00
303.00	278.00	566.00	229.00
308.00	280.00	561.00	227.00
316.00	285.00	550.00	223.00
325.00	288.00	539.00	218.00
320.00	288.00	550.00	223.00
318.00	287.00	555.00	225.00
312.00	284.00	566.00	229.00
316.00	284.00	555.00	225.00
311.00	284.00	566.00	229.00
312.00	285.00	561.00	227.00
312.00	285.00	561.00	227.00
311.00	285.00	561.00	227.00
312.00	285.00	561.00	227.00
310.00	284.00	561.00	227.00
313.00	286.00	555.00	225.00
315.00	286.00	555.00	225.00
314.00	286.00	555.00	225.00
312.00	285.00	561.00	227.00
309.00	282.00	566.00	229.00
309.00	282.00	566.00	229.00
306.00	281.00	572.00	232.00
299.00	279.00	584.00	236.00
306.00	280.00	572.00	232.00
313.00	284.00	561.00	227.00
317.00	286.00	555.00	225.00
315.00	287.00	561.00	227.00
319.00	287.00	555.00	225.00
317.00	288.00	561.00	227.00
321.00	288.00	555.00	225.00
319.00	288.00	561.00	227.00
321.00	290.00	555.00	225.00
322.00	292.00	555.00	225.00
317.00	292.00	566.00	229.00
317.00	293.00	566.00	229.00
318.00	294.00	566.00	229.00
326.00	297.00	555.00	225.00
326.00	300.00	561.00	227.00
330.00	301.00	555.00	225.00
326.00	301.00	566.00	229.00
327.00	301.00	566.00	229.00
335.00	305.00	555.00	225.00
335.00	307.00	561.00	227.00
339.00	309.00	555.00	225.00
339.00	310.00	561.00	227.00
346.00	312.00	550.00	223.00
343.00	313.00	561.00	227.00
347.00	312.00	555.00	225.00
347.00	313.00	555.00	225.00
349.00	314.00	555.00	225.00
354.00	317.00	544.00	220.00
359.00	322.00	534.00	216.00
361.00	327.00	528.00	214.00
363.00	330.00	528.00	214.00
363.00	332.00	528.00	214.00
357.00	331.00	539.00	218.00
361.00	331.00	534.00	216.00
366.00	335.00	523.00	212.00
361.00	334.00	528.00	214.00
369.00	334.00	518.00	210.00
365.00	332.00	523.00	212.00
371.00	332.00	513.00	208.00
370.00	333.00	513.00	208.00
369.00	331.00	518.00	210.00
369.00	327.00	523.00	212.00
372.00	327.00	518.00	210.00
374.00	327.00	518.00	210.00
379.00	329.00	508.00	206.00
379.00	329.00	508.00	206.00
379.00	326.00	513.00	208.00
375.00	322.00	523.00	212.00
376.00	318.00	523.00	212.00
371.00	316.00	534.00	216.00
376.00	314.00	528.00	214.00
383.00	314.00	518.00	210.00
385.00	314.00	513.00	208.00
393.00	314.00	503.00	204.00
389.00	312.00	508.00	206.00
387.00	307.00	513.00	208.00
384.00	302.00	523.00	212.00
388.00	301.00	518.00	210.00
393.00	301.00	508.00	206.00
386.00	299.00	518.00	210.00
391.00	295.00	513.00	208.00
394.00	298.00	503.00	204.00
388.00	296.00	513.00	208.00
383.00	292.00	523.00	212.00
387.00	292.00	513.00	208.00
387.00	295.00	508.00	206.00
383.00	294.00	513.00	208.00
379.00	293.00	518.00	210.00
372.00	291.00	528.00	214.00
376.00	292.00	523.00	212.00
374.00	293.00	518.00	210.00
371.00	293.00	518.00	210.00
373.00	293.00	513.00	208.00
365.00	292.00	523.00	212.00
358.00	287.00	534.00	216.00
364.00	288.00	523.00	212.00
357.00	287.00	534.00	216.00
362.00	288.00	523.00	212.00
357.00	287.00	528.00	214.00
358.00	287.00	528.00	214.00
353.00	286.00	539.00	218.00
355.00	286.00	534.00	216.00
352.00	284.00	539.00	218.00
349.00	283.00	544.00	220.00
353.00	284.00	539.00	218.00
358.00	289.00	528.00	214.00
351.00	290.00	539.00	218.00
355.00	291.00	528.00	214.00
350.00	292.00	539.00	218.00
355.00	292.00	528.00	214.00
350.00	291.00	539.00	218.00
344.00	287.00	550.00	223.00
348.00	286.00	544.00	220.00
353.00	286.00	534.00	216.00
352.00	287.00	534.00	216.00
347.00	284.00	544.00	220.00
351.00	283.00	539.00	218.00
348.00	283.00	544.00	220.00
344.00	281.00	550.00	223.00
343.00	280.00	550.00	223.00
340.00	279.00	555.00	225.00
340.00	280.00	550.00	223.00
334.00	278.00	561.00	227.00
329.00	275.00	566.00	229.00
323.00	270.00	578.00	234.00
317.00	267.00	584.00	236.00
321.00	269.00	572.00	232.00
320.00	269.00	572.00	232.00
312.00	266.00	584.00	236.00
315.00	265.00	578.00	234.00
314.00	265.00	578.00	234.00
313.00	264.00	578.00	234.00
312.00	264.00	578.00	234.00
307.00	261.00	589.00	239.00
312.00	262.00	578.00	234.00
315.00	261.00	572.00	232.00
315.00	260.00	572.00	232.00
318.00	261.00	566.00	229.00
322.00	261.00	561.00	227.00
319.00	260.00	566.00	229.00
312.00	254.00	578.00	234.00
314.00	251.00	578.00	234.00
307.00	248.00	589.00	239.00
303.00	244.00	595.00	241.00
297.00	240.00	607.00	246.00
296.00	237.00	607.00	246.00
299.00	237.00	601.00	244.00
294.00	236.00	613.00	248.00
299.00	236.00	601.00	244.00
306.00	240.00	589.00	239.00
308.00	242.00	584.00	236.00
303.00	239.00	595.00	241.00
303.00	239.00	589.00	239.00
306.00	239.00	584.00	236.00
309.00	240.00	578.00	234.00
305.00	236.00	584.00	236.00
305.00	234.00	584.00	236.00
300.00	230.00	595.00	241.00
299.00	226.00	595.00	241.00
294.00	221.00	607.00	246.00
299.00	220.00	595.00	241.00
296.00	216.00	607.00	246.00
301.00	217.00	595.00	241.00
300.00	215.00	601.00	244.00
299.00	213.00	607.00	246.00
301.00	211.00	601.00	244.00
304.00	213.00	595.00	241.00
301.00	210.00	601.00	244.00
301.00	209.00	601.00	244.00
305.00	211.00	595.00	241.00
298.00	208.00	607.00	246.00
300.00	207.00	601.00	244.00
299.00	207.00	607.00	246.00
291.00	204.00	620.00	251.00
291.00	204.00	620.00	251.00
294.00	204.00	613.00	248.00
290.00	202.00	620.00	251.00
287.00	202.00	626.00	253.00
286.00	200.00	626.00	253.00
289.00	201.00	620.00	251.00
295.00	203.00	607.00	246.00
287.00	203.00	620.00	251.00
287.00	201.00	620.00	251.00
294.00	202.00	613.00	248.00
291.00	201.00	613.00	248.00
290.00	202.00	613.00	248.00
299.00	203.00	601.00	244.00
296.00	204.00	607.00	246.00
296.00	200.00	601.00	244.00
297.00	200.00	601.00	244.00
293.00	195.00	613.00	248.00
297.00	191.00	613.00	248.00
296.00	191.00	613.00	248.00
295.00	188.00	620.00	251.00
304.00	190.00	607.00	246.00
302.00	188.00	613.00	248.00
310.00	190.00	601.00	244.00
307.00	189.00	607.00	246.00
307.00	187.00	613.00	248.00
301.00	185.00	626.00	253.00
310.00	185.00	613.00	248.00
307.00	184.00	620.00	251.00
315.00	186.00	607.00	246.00
311.00	184.00	613.00	248.00
313.00	185.00	613.00	248.00
319.00	187.00	601.00	244.00
324.00	188.00	595.00	241.00
325.00	188.00	595.00	241.00
330.00	186.00	589.00	239.00
331.00	186.00	589.00	239.00
330.00	183.00	595.00	241.00
335.00	182.00	584.00	236.00
334.00	181.00	589.00	239.00
336.00	180.00	584.00	236.00
334.00	178.00	589.00	239.00
344.00	179.00	578.00	234.00
339.00	177.00	589.00	239.00
335.00	174.00	601.00	244.00
336.00	174.00	607.00	246.00
339.00	175.00	601.00	244.00
336.00	178.00	607.00	246.00
332.00	177.00	620.00	251.00
338.00	180.00	613.00	248.00
328.00	179.00	626.00	253.00
325.00	177.00	638.00	259.00
328.00	179.00	632.00	256.00
333.00	186.00	620.00	251.00
332.00	188.00	620.00	251.00
330.00	190.00	620.00	251.00
336.00	194.00	607.00	246.00
332.00	195.00	613.00	248.00
332.00	198.00	607.00	246.00
322.00	197.00	620.00	251.00
318.00	196.00	626.00	253.00
317.00	197.00	626.00	253.00
314.00	198.00	626.00	253.00
318.00	202.00	613.00	248.00
321.00	206.00	601.00	244.00
316.00	208.00	607.00	246.00
320.00	211.00	595.00	241.00
311.00	211.00	607.00	246.00
313.00	213.00	601.00	244.00
319.00	218.00	589.00	239.00
315.00	221.00	595.00	241.00
313.00	222.00	595.00	241.00
307.00	222.00	607.00	246.00
310.00	223.00	601.00	244.00
313.00	228.00	595.00	241.00
310.00	231.00	595.00	241.00
313.00	234.00	595.00	241.00
317.00	238.00	589.00	239.00
324.00	244.00	578.00	234.00
330.00	249.00	566.00	229.00
337.00	253.00	555.00	225.00
343.00	256.00	544.00	220.00
344.00	259.00	539.00	218.00
340.00	257.00	550.00	223.00
347.00	259.00	539.00	218.00
341.00	260.00	550.00	223.00
340.00	261.00	550.00	223.00
334.00	261.00	561.00	227.00
333.00	256.00	572.00	232.00
328.00	257.00	572.00	232.00
325.00	254.00	584.00	236.00
322.00	251.00	589.00	239.00
325.00	249.00	595.00	241.00
325.00	248.00	589.00	239.00
327.00	248.00	584.00	236.00
328.00	245.00	595.00	241.00
320.00	241.00	607.00	246.00
319.00	238.00	613.00	248.00
319.00	237.00	613.00	248.00
319.00	236.00	613.00	248.00
321.00	233.00	620.00	251.00
315.00	228.00	632.00	256.00
308.00	227.00	645.00	261.00
315.00	228.00	632.00	256.00
309.00	227.00	645.00	261.00
320.00	229.00	632.00	256.00
321.00	231.00	632.00	256.00
323.00	225.00	645.00	261.00
317.00	222.00	658.00	266.00
311.00	217.00	671.00	272.00
317.00	218.00	658.00	266.00
327.00	219.00	651.00	264.00
337.00	222.00	638.00	259.00
345.00	221.00	638.00	259.00
350.00	220.00	632.00	256.00
350.00	218.00	638.00	259.00
344.00	215.00	651.00	264.00
335.00	211.00	658.00	266.00
346.00	212.00	645.00	261.00
343.00	210.00	651.00	264.00
339.00	208.00	658.00	266.00
338.00	206.00	658.00	266.00
335.00	203.00	664.00	269.00
342.00	204.00	651.00	264.00
343.00	205.00	651.00	264.00
344.00	204.00	651.00	264.00
350.00	206.00	645.00	261.00
354.00	208.00	638.00	259.00
356.00	210.00	632.00	256.00
358.00	214.00	626.00	253.00
359.00	216.00	620.00	251.00
354.00	217.00	626.00	253.00
349.00	216.00	632.00	256.00
341.00	213.00	645.00	261.00
337.00	210.00	651.00	264.00
330.00	208.00	658.00	266.00
324.00	207.00	664.00	269.00
319.00	201.00	671.00	272.00
320.00	204.00	658.00	266.00
318.00	205.00	658.00	266.00
322.00	206.00	645.00	261.00
323.00	208.00	638.00	259.00
312.00	206.00	651.00	264.00
314.00	207.00	645.00	261.00
315.00	210.00	645.00	261.00
320.00	215.00	632.00	256.00
324.00	219.00	626.00	253.00
330.00	223.00	620.00	251.00
326.00	224.00	632.00	256.00
323.00	223.00	645.00	261.00
331.00	228.00	632.00	256.00
338.00	233.00	620.00	251.00
338.00	238.00	626.00	253.00
342.00	242.00	626.00	253.00
345.00	244.00	626.00	253.00
350.00	249.00	620.00	251.00
351.00	251.00	620.00	251.00
355.00	256.00	613.00	248.00
357.00	261.00	613.00	248.00
357.00	265.00	613.00	248.00
352.00	268.00	620.00	251.00
354.00	270.00	620.00	251.00
348.00	270.00	632.00	256.00
346.00	269.00	638.00	259.00
345.00	269.00	645.00	261.00
347.00	272.00	638.00	259.00
350.00	275.00	632.00	256.00
354.00	281.00	620.00	251.00
359.00	285.00	613.00	248.00
360.00	286.00	607.00	246.00
353.00	285.00	620.00	251.00
353.00	283.00	620.00	251.00
348.00	278.00	632.00	256.00
355.00	278.00	620.00	251.00
348.00	276.00	632.00	256.00
352.00	274.00	626.00	253.00
346.00	270.00	638.00	259.00
350.00	267.00	632.00	256.00
350.00	266.00	632.00	256.00
350.00	265.00	632.00	256.00
350.00	262.00	632.00	256.00
355.00	264.00	620.00	251.00
348.00	261.00	632.00	256.00
341.00	259.00	645.00	261.00
347.00	260.00	632.00	256.00
339.00	259.00	645.00	261.00
332.00	255.00	658.00	266.00
338.00	258.00	645.00	261.00
335.00	258.00	651.00	264.00
336.00	258.00	645.00	261.00
330.00	257.00	658.00	266.00
327.00	256.00	664.00	269.00
327.00	257.00	664.00	269.00
330.00	260.00	658.00	266.00
327.00	262.00	664.00	269.00
333.00	263.00	651.00	264.00
341.00	267.00	638.00	259.00
344.00	269.00	632.00	256.00
346.00	270.00	626.00	253.00
340.00	268.00	632.00	256.00
335.00	263.00	645.00	261.00
335.00	261.00	645.00	261.00
337.00	261.00	638.00	259.00
333.00	259.00	638.00	259.00
335.00	260.00	632.00	256.00
331.00	258.00	638.00	259.00
326.00	254.00	651.00	264.00
328.00	250.00	651.00	264.00
328.00	249.00	651.00	264.00
332.00	249.00	645.00	261.00
324.00	246.00	658.00	266.00
326.00	245.00	658.00	266.00
327.00	243.00	658.00	266.00
326.00	240.00	658.00	266.00
332.00	241.00	645.00	261.00
334.00	241.00	632.00	256.00
335.00	243.00	620.00	251.00
335.00	243.00	607.00	246.00
331.00	238.00	601.00	244.00
326.00	235.00	607.00	246.00
329.00	231.00	595.00	241.00
330.00	232.00	584.00	236.00
322.00	228.00	589.00	239.00
325.00	226.00	578.00	234.00
325.00	227.00	572.00	232.00
325.00	227.00	566.00	229.00
320.00	225.00	572.00	232.00
325.00	225.00	566.00	229.00
332.00	224.00	555.00	225.00
333.00	222.00	555.00	225.00
335.00	217.00	555.00	225.00
330.00	212.00	566.00	229.00
334.00	205.00	566.00	229.00
340.00	198.00	561.00	227.00
342.00	195.00	561.00	227.00
348.00	188.00	555.00	225.00
343.00	183.00	566.00	229.00
347.00	174.00	561.00	227.00
354.00	169.00	550.00	223.00
359.00	167.00	539.00	218.00
363.00	164.00	528.00	214.00
360.00	160.00	534.00	216.00
356.00	152.00	544.00	220.00
353.00	145.00	555.00	225.00
355.00	142.00	555.00	225.00
353.00	140.00	561.00	227.00
358.00	140.00	550.00	223.00
361.00	142.00	544.00	220.00
360.00	141.00	544.00	220.00
360.00	140.00	544.00	220.00
363.00	139.00	539.00	218.00
357.00	137.00	550.00	223.00
357.00	133.00	555.00	225.00
359.00	130.00	555.00	225.00
364.00	131.00	544.00	220.00
363.00	129.00	539.00	218.00
357.00	126.00	550.00	223.00
360.00	123.00	544.00	220.00
362.00	121.00	539.00	218.00
358.00	119.00	544.00	220.00
360.00	116.00	539.00	218.00
357.00	112.00	544.00	220.00
353.00	107.00	550.00	223.00
354.00	103.00	555.00	225.00
348.00	99.00	566.00	229.00
349.00	94.00	566.00	229.00
347.00	91.00	572.00	232.00
351.00	89.00	566.00	229.00
351.00	88.00	566.00	229.00
349.00	86.00	572.00	232.00
343.00	83.00	584.00	236.00
345.00	83.00	584.00	236.00
350.00	84.00	578.00	234.00
353.00	85.00	572.00	232.00
355.00	85.00	572.00	232.00
358.00	85.00	572.00	232.00
356.00	84.00	578.00	234.00
359.00	84.00	578.00	234.00
363.00	85.00	578.00	234.00
364.00	84.00	578.00	234.00
371.00	83.00	572.00	232.00
379.00	86.00	561.00	227.00
377.00	84.00	566.00	229.00
384.00	81.00	561.00	227.00
379.00	77.00	572.00	232.00
379.00	72.00	578.00	234.00
377.00	69.00	589.00	239.00
381.00	67.00	584.00	236.00
388.00	68.00	572.00	232.00
386.00	68.00	572.00	232.00
382.00	65.00	578.00	234.00
382.00	64.00	578.00	234.00
380.00	64.00	578.00	234.00
375.00	62.00	584.00	236.00
371.00	60.00	595.00	241.00
369.00	58.00	595.00	241.00
367.00	58.00	595.00	241.00
365.00	59.00	595.00	241.00
361.00	58.00	601.00	244.00
367.00	61.00	589.00	239.00
363.00	63.00	595.00	241.00
365.00	65.00	589.00	239.00
362.00	66.00	595.00	241.00
365.00	66.00	589.00	239.00
369.00	71.00	584.00	236.00
368.00	73.00	589.00	239.00
372.00	75.00	584.00	236.00
369.00	75.00	595.00	241.00
375.00	77.00	584.00	236.00
376.00	80.00	584.00	236.00
372.00	80.00	595.00	241.00
366.00	76.00	607.00	246.00
372.00	78.00	595.00	241.00
371.00	80.00	595.00	241.00
376.00	82.00	584.00	236.00
373.00	83.00	589.00	239.00
373.00	84.00	589.00	239.00
372.00	85.00	589.00	239.00
369.00	83.00	595.00	241.00
368.00	82.00	595.00	241.00
365.00	79.00	601.00	244.00
371.00	81.00	589.00	239.00
368.00	81.00	595.00	241.00
361.00	76.00	607.00	246.00
353.00	73.00	620.00	251.00
362.00	73.00	607.00	246.00
364.00	74.00	601.00	244.00
364.00	76.00	601.00	244.00
358.00	75.00	613.00	248.00
358.00	73.00	613.00	248.00
358.00	73.00	613.00	248.00
350.00	70.00	626.00	253.00
357.00	71.00	613.00	248.00
351.00	69.00	620.00	251.00
351.00	69.00	620.00	251.00
351.00	68.00	620.00	251.00
347.00	66.00	626.00	253.00
340.00	62.00	638.00	259.00
345.00	64.00	626.00	253.00
342.00	63.00	626.00	253.00
338.00	61.00	632.00	256.00
337.00	60.00	632.00	256.00
336.00	58.00	632.00	256.00
340.00	60.00	620.00	251.00
342.00	63.00	613.00	248.00
342.00	67.00	607.00	246.00
339.00	68.00	613.00	248.00
342.00	70.00	607.00	246.00
347.00	76.00	595.00	241.00
348.00	79.00	589.00	239.00
343.00	81.00	595.00	241.00
348.00	83.00	584.00	236.00
354.00	88.00	572.00	232.00
355.00	91.00	566.00	229.00
360.00	94.00	555.00	225.00
358.00	96.00	555.00	225.00
352.00	94.00	566.00	229.00
349.00	90.00	572.00	232.00
351.00	89.00	572.00	232.00
345.00	86.00	584.00	236.00
346.00	85.00	584.00	236.00
347.00	85.00	584.00	236.00
344.00	83.00	589.00	239.00
350.00	85.00	578.00	234.00
348.00	86.00	578.00	234.00
348.00	86.00	578.00	234.00
354.00	89.00	566.00	229.00
344.00	87.00	578.00	234.00
343.00	86.00	584.00	236.00
349.00	89.00	572.00	232.00
348.00	93.00	566.00	229.00
341.00	92.00	578.00	234.00
337.00	94.00	589.00	239.00
342.00	102.00	578.00	234.00
335.00	102.00	589.00	239.00
337.00	105.00	589.00	239.00
337.00	107.00	589.00	239.00
336.00	108.00	589.00	239.00
332.00	109.00	601.00	244.00
332.00	110.00	601.00	244.00
333.00	114.00	601.00	244.00
341.00	118.00	589.00	239.00
334.00	122.00	601.00	244.00
342.00	126.00	595.00	241.00
338.00	127.00	601.00	244.00
346.00	133.00	589.00	239.00
346.00	135.00	595.00	241.00
342.00	134.00	607.00	246.00
350.00	140.00	595.00	241.00
349.00	141.00	601.00	244.00
346.00	144.00	613.00	248.00
340.00	144.00	626.00	253.00
344.00	147.00	626.00	253.00
346.00	150.00	626.00	253.00
355.00	153.00	613.00	248.00
353.00	155.00	620.00	251.00
358.00	157.00	613.00	248.00
361.00	161.00	607.00	246.00
364.00	163.00	601.00	244.00
363.00	165.00	607.00	246.00
367.00	166.00	601.00	244.00
373.00	170.00	589.00	239.00
369.00	171.00	595.00	241.00
362.00	167.00	607.00	246.00
367.00	169.00	595.00	241.00
365.00	169.00	595.00	241.00
369.00	169.00	589.00	239.00
365.00	168.00	595.00	241.00
358.00	162.00	607.00	246.00
361.00	162.00	601.00	244.00
360.00	161.00	601.00	244.00
360.00	160.00	601.00	244.00
352.00	154.00	613.00	248.00
354.00	151.00	607.00	246.00
358.00	153.00	595.00	241.00
351.00	148.00	607.00	246.00
343.00	144.00	620.00	251.00
346.00	141.00	613.00	248.00
338.00	136.00	626.00	253.00
339.00	135.00	626.00	253.00
344.00	135.00	613.00	248.00
336.00	132.00	626.00	253.00
342.00	131.00	613.00	248.00
344.00	130.00	601.00	244.00
347.00	132.00	595.00	241.00
347.00	132.00	595.00	241.00
344.00	130.00	601.00	244.00
349.00	132.00	589.00	239.00
356.00	136.00	578.00	234.00
350.00	135.00	589.00	239.00
344.00	134.00	601.00	244.00
344.00	133.00	601.00	244.00
340.00	133.00	607.00	246.00
333.00	130.00	620.00	251.00
334.00	130.00	620.00	251.00
341.00	132.00	607.00	246.00
333.00	131.00	620.00	251.00
337.00	130.00	613.00	248.00
336.00	127.00	620.00	251.00
329.00	122.00	632.00	256.00
334.00	119.00	632.00	256.00
330.00	117.00	645.00	261.00
331.00	113.00	651.00	264.00
341.00	115.00	638.00	259.00
340.00	118.00	638.00	259.00
335.00	116.00	651.00	264.00
329.00	114.00	664.00	269.00
334.00	116.00	658.00	266.00
328.00	116.00	671.00	272.00
328.00	116.00	671.00	272.00
336.00	121.00	658.00	266.00
329.00	119.00	671.00	272.00
333.00	122.00	658.00	266.00
330.00	123.00	664.00	269.00
324.00	118.00	678.00	274.00
315.00	114.00	691.00	280.00
320.00	117.00	678.00	274.00
325.00	115.00	678.00	274.00
326.00	116.00	678.00	274.00
336.00	116.00	664.00	269.00
338.00	114.00	664.00	269.00
346.00	116.00	651.00	264.00
352.00	115.00	645.00	261.00
353.00	115.00	638.00	259.00
348.00	111.00	651.00	264.00
338.00	109.00	658.00	266.00
335.00	105.00	671.00	272.00
341.00	105.00	658.00	266.00
348.00	108.00	645.00	261.00
344.00	105.00	651.00	264.00
332.00	102.00	664.00	269.00
321.00	99.00	678.00	274.00
325.00	102.00	664.00	269.00
315.00	99.00	678.00	274.00
319.00	96.00	671.00	272.00
323.00	96.00	664.00	269.00
324.00	96.00	664.00	269.00
319.00	92.00	664.00	269.00
315.00	88.00	671.00	272.00
317.00	87.00	671.00	272.00
323.00	85.00	664.00	269.00
318.00	84.00	664.00	269.00
324.00	83.00	651.00	264.00
333.00	85.00	638.00	259.00
332.00	82.00	645.00	261.00
323.00	80.00	658.00	266.00
324.00	81.00	658.00	266.00
321.00	81.00	664.00	269.00
327.00	84.00	651.00	264.00
330.00	86.00	638.00	259.00
336.00	90.00	632.00	256.00
346.00	96.00	620.00	251.00
339.00	96.00	626.00	253.00
335.00	92.00	638.00	259.00
335.00	93.00	632.00	256.00
335.00	93.00	638.00	259.00
329.00	89.00	651.00	264.00
321.00	85.00	664.00	269.00
329.00	84.00	651.00	264.00
323.00	81.00	664.00	269.00
320.00	79.00	664.00	269.00
314.00	75.00	671.00	272.00
315.00	76.00	664.00	269.00
307.00	72.00	678.00	274.00
298.00	69.00	691.00	280.00
301.00	72.00	678.00	274.00
297.00	70.00	684.00	277.00
290.00	69.00	691.00	280.00
282.00	66.00	698.00	283.00
279.00	64.00	705.00	286.00
276.00	65.00	705.00	286.00
270.00	63.00	712.00	289.00
262.00	62.00	719.00	291.00
262.00	64.00	712.00	289.00
266.00	66.00	698.00	283.00
258.00	61.00	712.00	289.00
257.00	63.00	712.00	289.00
258.00	62.00	705.00	286.00
257.00	62.00	705.00	286.00
255.00	62.00	712.00	289.00
245.00	57.00	727.00	294.00
243.00	55.00	727.00	294.00
242.00	56.00	727.00	294.00
239.00	54.00	727.00	294.00
236.00	54.00	727.00	294.00
230.00	53.00	741.00	300.00
228.00	53.00	741.00	300.00
229.00	57.00	734.00	297.00
227.00	56.00	734.00	297.00
225.00	55.00	734.00	297.00
232.00	60.00	719.00	291.00
235.00	63.00	712.00	289.00
230.00	61.00	719.00	291.00
224.00	60.00	727.00	294.00
229.00	63.00	719.00	291.00
221.00	60.00	734.00	297.00
221.00	62.00	734.00	297.00
225.00	64.00	727.00	294.00
220.00	59.00	741.00	300.00
225.00	62.00	734.00	297.00
234.00	64.00	719.00	291.00
240.00	66.00	705.00	286.00
242.00	67.00	705.00	286.00
235.00	64.00	719.00	291.00
227.00	63.00	734.00	297.00
220.00	59.00	749.00	303.00
228.00	63.00	734.00	297.00
232.00	65.00	727.00	294.00
232.00	67.00	727.00	294.00
233.00	67.00	727.00	294.00
232.00	67.00	727.00	294.00
223.00	65.00	741.00	300.00
221.00	66.00	741.00	300.00
221.00	69.00	741.00	300.00
225.00	73.00	734.00	297.00
227.00	75.00	727.00	294.00
223.00	75.00	734.00	297.00
218.00	75.00	741.00	300.00
218.00	75.00	741.00	300.00
217.00	74.00	741.00	300.00
226.00	78.00	727.00	294.00
232.00	81.00	712.00	289.00
228.00	79.00	719.00	291.00
225.00	77.00	727.00	294.00
222.00	75.00	734.00	297.00
223.00	75.00	734.00	297.00
232.00	77.00	719.00	291.00
235.00	78.00	712.00	289.00
235.00	78.00	712.00	289.00
234.00	78.00	712.00	289.00
241.00	81.00	698.00	283.00
240.00	83.00	698.00	283.00
239.00	84.00	698.00	283.00
246.00	89.00	684.00	277.00
239.00	87.00	698.00	283.00
237.00	85.00	705.00	286.00
240.00	89.00	698.00	283.00
242.00	93.00	691.00	280.00
244.00	98.00	684.00	277.00
237.00	97.00	698.00	283.00
237.00	101.00	698.00	283.00
237.00	106.00	698.00	283.00
240.00	111.00	691.00	280.00
234.00	116.00	698.00	283.00
236.00	122.00	691.00	280.00
238.00	130.00	684.00	277.00
237.00	134.00	684.00	277.00
238.00	141.00	678.00	274.00
236.00	146.00	678.00	274.00
243.00	151.00	664.00	269.00
236.00	156.00	678.00	274.00
229.00	155.00	691.00	280.00
230.00	160.00	691.00	280.00
222.00	164.00	705.00	286.00
219.00	166.00	712.00	289.00
224.00	172.00	705.00	286.00
230.00	178.00	691.00	280.00
228.00	182.00	691.00	280.00
222.00	185.00	698.00	283.00
222.00	186.00	698.00	283.00
218.00	186.00	705.00	286.00
215.00	186.00	705.00	286.00
213.00	188.00	705.00	286.00
213.00	189.00	698.00	283.00
216.00	190.00	691.00	280.00
217.00	191.00	684.00	277.00
212.00	190.00	691.00	280.00
214.00	190.00	684.00	277.00
208.00	186.00	691.00	280.00
207.00	186.00	691.00	280.00
202.00	185.00	698.00	283.00
202.00	184.00	698.00	283.00
195.00	181.00	705.00	286.00
188.00	178.00	719.00	291.00
194.00	180.00	705.00	286.00
194.00	183.00	698.00	283.00
187.00	181.00	712.00	289.00
179.00	179.00	727.00	294.00
176.00	179.00	727.00	294.00
168.00	177.00	741.00	300.00
169.00	180.00	734.00	297.00
173.00	182.00	727.00	294.00
163.00	180.00	741.00	300.00
154.00	179.00	756.00	306.00
158.00	180.00	749.00	303.00
159.00	181.00	749.00	303.00
150.00	179.00	764.00	309.00
157.00	180.00	749.00	303.00
157.00	182.00	749.00	303.00
162.00	182.00	741.00	300.00
163.00	182.00	741.00	300.00
158.00	179.00	749.00	303.00
165.00	179.00	734.00	297.00
165.00	178.00	741.00	300.00
165.00	177.00	741.00	300.00
162.00	176.00	749.00	303.00
157.00	173.00	756.00	306.00
151.00	168.00	771.00	312.00
160.00	171.00	756.00	306.00
164.00	173.00	749.00	303.00
171.00	176.00	734.00	297.00
173.00	176.00	734.00	297.00
169.00	172.00	741.00	300.00
166.00	171.00	749.00	303.00
160.00	166.00	756.00	306.00
160.00	165.00	756.00	306.00
163.00	166.00	749.00	303.00
159.00	164.00	756.00	306.00
160.00	164.00	749.00	303.00
166.00	165.00	741.00	300.00
173.00	167.00	727.00	294.00
170.00	166.00	734.00	297.00
165.00	163.00	749.00	303.00
155.00	159.00	764.00	309.00
155.00	157.00	764.00	309.00
157.00	157.00	764.00	309.00
159.00	158.00	756.00	306.00
170.00	163.00	741.00	300.00
170.00	163.00	741.00	300.00
165.00	162.00	756.00	306.00
173.00	166.00	741.00	300.00
172.00	166.00	749.00	303.00
177.00	170.00	734.00	297.00
177.00	170.00	741.00	300.00
172.00	170.00	749.00	303.00
164.00	166.00	764.00	309.00
160.00	163.00	771.00	312.00
168.00	163.00	756.00	306.00
163.00	163.00	771.00	312.00
168.00	163.00	756.00	306.00
167.00	163.00	764.00	309.00
162.00	160.00	771.00	312.00
165.00	162.00	764.00	309.00
170.00	164.00	756.00	306.00
179.00	169.00	741.00	300.00
187.00	175.00	727.00	294.00
181.00	175.00	741.00	300.00
186.00	178.00	727.00	294.00
194.00	184.00	712.00	289.00
189.00	184.00	727.00	294.00
180.00	180.00	741.00	300.00
170.00	177.00	756.00	306.00
171.00	181.00	749.00	303.00
176.00	182.00	741.00	300.00
168.00	181.00	756.00	306.00
161.00	180.00	764.00	309.00
165.00	181.00	756.00	306.00
162.00	181.00	764.00	309.00
161.00	180.00	764.00	309.00
154.00	175.00	779.00	316.00
154.00	172.00	779.00	316.00
159.00	177.00	764.00	309.00
162.00	175.00	764.00	309.00
171.00	176.00	749.00	303.00
176.00	174.00	741.00	300.00
179.00	175.00	734.00	297.00
179.00	173.00	734.00	297.00
178.00	170.00	741.00	300.00
167.00	162.00	756.00	306.00
174.00	162.00	741.00	300.00
169.00	159.00	749.00	303.00
163.00	156.00	756.00	306.00
160.00	152.00	756.00	306.00
163.00	152.00	749.00	303.00
164.00	151.00	749.00	303.00
167.00	154.00	734.00	297.00
169.00	155.00	734.00	297.00
174.00	159.00	719.00	291.00
166.00	158.00	734.00	297.00
161.00	155.00	741.00	300.00
163.00	157.00	734.00	297.00
171.00	161.00	719.00	291.00
163.00	159.00	734.00	297.00
170.00	160.00	719.00	291.00
178.00	163.00	705.00	286.00
181.00	163.00	698.00	283.00
173.00	161.00	712.00	289.00
171.00	159.00	719.00	291.00
165.00	158.00	727.00	294.00
161.00	156.00	734.00	297.00
160.00	158.00	734.00	297.00
160.00	159.00	734.00	297.00
165.00	163.00	727.00	294.00
169.00	169.00	719.00	291.00
172.00	171.00	712.00	289.00
172.00	174.00	712.00	289.00
177.00	176.00	705.00	286.00
176.00	180.00	705.00	286.00
171.00	181.00	712.00	289.00
