681	251	84	76
692	253	58	64
692	257	61	64
691	259	60	60
692	258	62	57
692	259	69	53
694	258	71	53
696	256	57	42
697	255	57	43
701	253	54	43
702	251	55	47
704	252	57	47
706	251	68	51
704	250	72	57
713	248	67	58
707	248	65	63
716	247	56	62
716	249	53	60
718	250	48	59
722	249	40	58
724	250	37	56
726	252	35	52
725	258	34	47
725	258	34	44
726	258	34	42
727	256	38	39
731	260	35	35
731	259	37	34
732	263	37	27
733	263	37	26
732	263	38	26
735	262	37	28
733	262	36	31
731	262	29	38
732	261	29	41
731	262	30	48
731	261	30	50
730	261	29	49
730	263	29	53
725	260	37	57
726	260	41	57
722	260	45	60
722	260	46	61
718	259	50	64
720	262	45	65
718	262	45	67
718	263	46	69
718	263	45	68
718	265	45	69
719	266	42	69
718	267	42	71
715	267	45	69
715	267	44	69
713	271	46	65
711	274	47	63
710	272	47	65
709	275	47	63
709	275	48	63
708	274	48	63
707	273	48	64
707	274	49	65
705	276	48	62
706	278	47	59
705	278	48	59
704	279	49	58
704	281	49	55
704	284	48	53
703	284	48	54
704	285	48	52
703	288	50	50
701	289	51	48
702	291	48	48
701	292	48	46
701	293	49	47
701	294	46	50
700	295	44	50
701	296	43	50
700	296	43	48
702	303	43	41
703	301	43	46
702	299	45	46
704	296	44	49
702	295	47	50
701	292	47	52
698	288	51	57
697	287	51	56
695	284	52	54
694	281	53	56
695	280	53	57
694	279	54	58
694	282	54	52
693	284	55	52
693	276	53	60
692	277	56	59
691	274	56	62
692	275	54	60
694	273	52	62
692	276	54	61
693	274	51	61
694	273	50	64
694	270	49	65
693	270	50	64
693	269	47	64
693	269	45	65
695	267	44	66
694	264	43	68
694	265	42	66
696	265	38	64
694	262	40	66
701	265	33	64
705	262	29	65
701	259	34	67
706	257	29	68
706	254	27	73
704	256	27	67
704	257	26	66
701	259	29	62
705	249	22	66
702	245	25	70
700	242	28	71
700	241	29	70
702	242	27	72
704	242	25	64
702	237	24	69
705	235	22	68
705	237	22	67
705	235	21	68
708	235	20	68
707	234	19	66
708	235	19	63
710	237	18	59
707	238	22	59
710	239	19	57
709	243	20	54
708	245	22	53
707	245	22	52
707	244	22	53
707	245	22	51
706	245	24	50
706	244	25	50
706	246	25	48
706	248	25	44
701	250	29	42
699	247	31	47
696	250	33	42
697	252	33	42
696	254	35	39
696	255	35	37
698	255	34	37
697	254	34	37
695	255	35	34
697	258	48	32
695	256	38	34
694	255	38	33
693	245	40	42
690	253	43	35
689	253	47	36
687	241	51	45
687	242	54	45
685	241	50	44
683	243	49	44
691	242	44	47
691	245	43	43
691	243	45	45
692	248	44	42
691	242	43	47
687	240	39	51
687	238	39	53
687	235	40	57
687	233	40	60
686	229	37	64
689	231	30	61
686	226	37	65
681	227	47	62
679	227	53	62
672	226	57	61
682	234	62	58
666	233	69	58
662	230	71	71
663	226	71	83
663	225	69	86
670	232	61	81
675	234	60	74
681	234	53	67
685	237	47	58
687	238	43	53
688	240	48	48
686	239	46	48
683	239	52	51
679	240	56	54
674	238	63	65
676	233	64	78
688	215	57	92
694	208	55	97
694	201	53	106
696	201	58	117
692	186	60	147
671	194	77	150
670	195	81	145
657	209	97	115
661	231	103	71
671	230	104	68
672	228	112	70
684	227	109	66
699	224	110	67
703	219	119	71
690	207	158	90
701	194	183	116
712	173	209	163
709	177	245	164
708	187	277	168
710	197	301	170
710	199	326	175
707	199	332	185
718	198	318	208
717	194	315	230
720	193	318	253
724	200	314	271
724	198	306	292
729	206	302	300
715	219	315	303
716	207	312	314
718	205	331	315
724	203	332	307
734	204	321	293
735	202	302	273
765	223	275	234
789	266	244	181
828	285	201	139
843	308	169	132
834	309	139	132
867	310	113	122
876	311	103	108
888	311	93	100
893	312	88	93
901	313	82	89
909	314	75	86
919	314	69	88
926	318	63	86
930	323	61	83
939	329	54	79
944	328	49	79
948	329	48	80
949	330	49	78
951	333	51	76
953	334	52	74
956	336	54	72
954	336	56	70
956	337	58	69
960	338	58	69
961	344	60	68
962	345	61	70
962	348	63	69
963	348	65	70
965	351	66	72
967	352	66	76
970	353	66	77
972	351	67	83
974	354	68	82
975	352	72	89
977	356	71	89
979	356	72	91
982	362	68	92
986	362	68	93
990	363	68	95
994	365	67	97
996	368	64	98
1000	368	64	99
1005	371	63	96
1010	372	59	99
1013	379	58	95
1017	381	56	95
1021	384	55	92
1025	386	53	94
1027	391	54	94
1029	394	53	92
1032	394	50	91
1032	399	51	90
1037	401	47	91
1037	404	49	89
1039	405	46	88
1038	410	49	85
1036	413	53	83
1032	413	53	82
1028	416	56	79
1024	415	61	77
1019	420	65	75
1015	421	70	73
1011	428	71	71
1008	433	74	74
1008	438	72	72
1005	442	77	72
999	448	81	67
996	452	85	66
994	455	88	66
989	457	91	66
983	461	93	65
980	466	93	61
974	467	100	58
970	468	101	58
965	467	107	56
962	467	110	54
956	467	114	47
950	468	118	36
946	468	121	36
944	467	123	38
934	467	125	38
939	466	127	43
933	466	128	44
925	465	131	47
914	465	133	48
917	465	135	48
909	465	137	48
906	464	137	51
900	463	138	52
894	463	140	53
896	462	141	55
890	461	142	54
889	461	143	54
883	460	144	53
880	460	145	51
879	458	143	53
875	457	142	51
871	456	143	50
861	454	144	52
866	450	142	53
864	451	141	51
858	445	138	55
853	443	140	57
852	441	140	57
848	443	141	55
844	437	140	60
836	437	140	58
837	437	136	56
836	433	134	59
839	431	135	59
835	430	130	58
830	425	130	63
836	425	126	61
825	421	127	64
831	419	124	64
822	417	125	65
818	415	124	66
818	414	121	65
815	411	123	69
815	412	117	65
816	414	118	61
817	415	115	59
823	416	111	54
814	418	113	50
812	420	109	44
809	419	109	45
808	419	108	44
806	418	105	40
805	419	105	38
802	418	103	40
802	417	98	40
802	416	97	44
803	415	96	46
802	414	91	51
802	414	88	53
803	413	85	55
803	414	83	57
802	413	81	58
798	413	81	60
791	413	84	62
787	411	86	65
783	411	88	69
781	411	86	71
776	411	86	73
774	409	88	76
771	409	88	79
768	408	88	81
767	407	86	84
765	407	83	89
759	406	85	91
756	409	85	95
749	405	87	100
741	405	94	104
758	405	78	106
765	409	72	105
766	410	70	109
770	414	66	109
772	419	65	109
776	424	62	109
774	428	65	109
774	437	69	108
774	442	71	106
773	447	77	106
774	450	79	107
775	454	81	108
781	462	79	105
786	468	78	104
785	473	83	101
790	476	84	101
797	479	83	101
792	487	90	98
793	488	95	100
794	493	100	97
794	498	105	96
797	501	107	95
798	503	114	98
799	506	119	95
800	511	120	96
801	515	127	93
804	522	130	88
806	527	133	85
810	529	133	85
815	533	130	82
820	536	128	80
820	537	125	78
826	543	123	74
829	546	122	76
833	548	116	74
840	553	109	68
845	555	102	67
851	559	96	63
855	561	97	64
863	564	90	60
869	567	91	56
876	568	87	57
880	573	83	55
889	575	81	57
895	577	76	58
902	577	69	56
910	579	65	48
913	581	64	50
920	582	58	52
927	583	50	50
933	584	43	48
937	584	39	50
931	585	46	53
926	583	51	52
916	588	61	51
913	588	65	50
911	589	66	48
903	592	72	43
902	592	76	45
900	592	82	43
898	590	85	42
888	589	92	45
887	588	95	46
889	590	96	47
887	590	97	46
887	591	101	46
887	590	104	46
880	591	107	44
