318	522	121	127
318	519	121	127
316	518	121	127
313	518	121	127
312	516	121	127
312	516	121	127
312	516	121	127
311	516	121	127
310	514	121	127
308	513	121	127
305	512	121	127
303	511	121	127
302	510	121	127
299	509	121	127
297	509	121	127
295	507	121	127
292	506	121	127
291	506	121	127
288	504	121	127
288	504	121	127
284	502	121	127
285	502	121	127
280	500	121	127
281	502	121	127
277	499	121	127
278	500	121	127
275	498	121	127
274	497	121	127
270	494	121	127
271	494	121	127
265	491	121	127
269	493	121	127
261	487	121	127
265	488	123	129
258	482	123	129
263	484	126	132
255	478	126	132
259	477	129	135
251	472	129	135
254	471	129	135
246	467	129	135
249	467	129	135
240	462	126	132
243	463	126	132
237	460	126	132
240	460	126	132
233	456	126	132
236	457	126	132
229	453	126	132
232	453	126	132
225	449	126	132
227	450	126	132
219	446	126	132
222	446	126	132
215	443	126	132
217	442	126	132
210	440	123	129
212	440	123	129
206	439	121	127
208	438	121	127
201	436	118	124
203	435	118	124
196	433	116	121
199	434	116	121
192	431	113	119
194	432	113	119
191	428	113	119
192	429	113	119
187	425	113	119
190	424	113	119
185	421	113	119
188	421	113	119
181	417	113	119
184	419	113	119
179	413	113	119
180	414	113	119
175	409	113	119
178	411	113	119
178	407	113	119
179	409	113	119
171	404	113	119
171	401	113	119
171	399	113	119
166	397	113	119
168	398	113	119
163	393	111	116
164	393	111	116
165	389	111	116
166	389	111	116
157	386	111	116
159	384	111	116
154	383	111	116
156	383	111	116
148	379	111	116
151	378	111	116
145	377	111	116
147	377	111	116
141	373	111	116
144	374	111	116
139	370	111	116
142	370	111	116
137	367	111	116
140	368	111	116
142	365	111	116
135	365	111	116
138	363	111	116
140	363	111	116
143	360	111	116
136	357	108	114
141	359	108	114
137	356	106	111
140	356	106	111
143	354	106	111
138	352	106	111
143	352	106	111
137	349	104	109
142	348	104	109
145	346	104	109
140	346	104	109
146	346	104	109
142	343	104	109
148	346	104	109
147	342	104	109
146	342	104	109
146	341	104	109
146	342	104	109
146	338	104	109
147	340	104	109
148	337	104	109
150	339	104	109
152	339	106	111
155	340	108	114
155	335	111	116
157	339	111	116
156	332	113	119
156	333	116	121
156	328	116	121
157	330	116	121
156	326	116	121
157	329	116	121
157	324	116	121
158	327	116	121
158	322	116	121
158	325	116	121
159	320	116	121
159	322	116	121
160	318	116	121
161	320	116	121
161	315	116	121
162	319	116	121
162	314	116	121
162	317	116	121
163	313	116	121
163	317	116	121
164	313	116	121
164	315	116	121
164	311	116	121
164	315	116	121
164	311	116	121
166	314	116	121
166	311	116	121
167	314	116	121
166	311	116	121
167	314	116	121
167	311	116	121
167	314	116	121
168	312	116	121
168	314	116	121
169	311	116	121
168	314	116	121
170	311	116	121
169	314	116	121
171	311	116	121
169	314	116	121
171	311	116	121
169	314	116	121
171	311	116	121
169	314	116	121
171	311	116	121
169	314	116	121
171	311	116	121
169	314	116	121
171	311	116	121
169	314	116	121
171	310	116	121
167	314	116	121
169	311	116	121
167	314	116	121
166	310	116	121
165	313	116	121
163	310	116	121
161	311	116	121
159	308	116	121
158	310	116	121
157	307	116	121
156	308	116	121
155	305	116	121
154	304	116	121
153	303	116	121
152	302	116	121
150	300	116	121
149	301	116	121
147	299	116	121
146	300	116	121
144	298	116	121
142	298	116	121
141	296	116	121
140	295	116	121
138	294	116	121
137	293	116	121
134	295	116	121
132	292	116	121
132	294	116	121
132	292	116	121
133	293	116	121
135	292	116	121
129	296	116	121
139	292	116	121
141	294	116	121
139	293	116	121
137	297	116	121
137	298	116	121
136	301	116	121
133	302	116	121
131	306	116	121
131	310	116	121
132	313	116	121
128	314	116	121
128	316	116	121
126	315	116	121
129	320	116	121
124	317	116	121
126	324	116	121
119	322	116	121
116	329	116	121
117	327	116	121
112	330	116	121
111	327	116	121
110	324	116	121
107	326	116	121
107	321	116	121
102	324	116	121
105	320	116	121
100	323	116	121
103	325	116	121
99	326	116	121
104	328	116	121
99	329	116	121
103	331	116	121
102	334	116	121
104	335	116	121
101	336	116	121
104	341	116	121
106	343	116	121
109	345	116	121
111	347	116	121
111	350	116	121
114	353	116	121
111	351	116	121
115	357	116	121
118	359	116	121
114	358	116	121
119	362	116	121
123	364	116	121
117	363	116	121
122	368	116	121
126	371	116	121
121	371	116	121
126	374	116	121
128	376	116	121
124	377	116	121
129	381	116	121
125	379	116	121
130	384	116	121
134	387	116	121
129	387	116	121
135	389	116	121
140	394	116	121
134	392	116	121
140	397	116	121
144	402	116	121
150	407	116	121
143	404	116	121
149	410	116	121
154	416	116	121
158	422	116	121
151	418	116	121
157	424	116	121
163	430	116	121
167	436	116	121
160	431	116	121
167	439	116	121
172	445	116	121
177	451	116	121
169	445	118	124
176	451	118	124
181	457	118	124
176	453	118	124
182	460	118	124
188	464	118	124
183	464	118	124
190	469	118	124
196	473	118	124
192	474	118	124
199	478	118	124
205	483	118	124
210	488	118	124
206	487	118	124
215	492	118	124
213	496	118	124
221	498	118	124
222	501	118	124
226	503	118	124
227	506	118	124
231	508	118	124
234	510	118	124
229	509	118	124
232	512	121	127
226	514	124	130
236	516	124	130
230	517	126	133
239	519	126	133
233	520	126	133
243	524	126	133
236	525	126	133
245	529	126	133
239	530	126	133
249	533	126	133
241	535	126	133
249	537	126	133
257	541	126	133
250	542	126	133
260	546	126	133
254	547	126	133
263	551	126	133
254	549	126	133
262	554	126	133
253	555	126	133
257	558	126	133
262	560	126	133
271	564	126	133
261	561	126	133
268	566	126	133
293	573	124	130
269	571	124	130
279	577	124	130
270	580	124	130
277	583	124	130
289	587	124	130
283	590	124	130
273	592	126	133
280	591	126	133
289	597	126	133
278	597	126	133
284	600	126	133
289	603	126	133
278	606	126	133
285	606	126	133
290	609	126	133
302	613	126	133
307	616	126	133
314	620	126	133
323	624	126	133
316	626	126	133
325	630	126	133
319	632	126	133
311	634	129	136
319	637	129	136
310	638	132	139
315	641	132	139
313	643	132	139
310	645	132	139
299	647	135	142
307	646	135	142
301	649	135	142
307	647	135	142
297	650	138	145
302	651	138	145
308	647	141	148
318	652	138	145
308	654	138	145
312	651	141	148
322	652	138	145
312	655	138	145
318	655	138	145
328	654	138	145
321	658	138	145
330	659	138	145
321	661	138	145
328	660	138	145
336	661	138	145
330	664	138	145
337	664	138	145
339	665	141	148
340	669	141	148
342	666	144	151
342	668	144	151
344	667	144	151
346	670	144	151
348	669	144	151
350	668	144	151
354	669	144	151
349	673	144	151
354	670	144	151
360	668	144	151
355	673	144	151
360	670	144	151
362	669	144	151
360	672	144	151
364	670	144	151
367	668	144	151
363	673	144	151
367	669	144	151
368	670	144	151
365	674	144	151
370	670	144	151
372	668	144	151
370	674	144	151
375	670	144	151
367	674	147	155
372	670	147	155
374	668	147	155
378	665	147	155
373	674	147	155
377	670	147	155
379	666	147	155
379	663	151	158
381	668	151	158
385	662	151	158
388	659	151	158
379	667	151	158
384	665	151	158
387	667	151	158
390	666	151	158
391	668	151	158
394	668	148	155
396	665	148	155
397	664	148	155
401	660	148	155
404	663	144	152
406	660	144	152
407	659	144	152
408	660	144	152
416	657	141	148
408	660	141	148
415	656	141	148
421	651	141	148
429	645	141	148
422	653	141	148
431	647	141	148
427	655	138	145
435	646	138	145
440	637	138	145
432	644	138	145
441	637	138	145
446	631	135	142
442	632	135	142
447	627	135	142
440	631	135	142
447	625	135	142
447	628	135	142
448	629	135	142
449	629	135	142
450	630	135	142
451	632	132	139
452	636	130	136
453	636	130	136
454	637	130	136
454	637	130	136
455	638	130	136
456	638	130	136
457	641	130	136
460	665	130	136
461	662	130	136
462	670	130	136
457	665	130	136
460	666	127	133
461	665	127	133
459	663	127	133
460	662	127	133
461	665	127	133
463	662	127	133
466	668	124	130
469	664	124	130
469	660	124	130
472	664	121	127
475	661	121	127
475	660	119	125
479	664	116	122
481	663	114	119
483	662	111	117
487	663	109	114
489	664	107	112
490	664	104	110
491	664	102	107
492	665	100	105
492	664	98	103
493	664	96	100
493	664	96	100
493	664	96	100
493	663	96	100
495	663	94	98
495	664	92	96
495	664	92	96
495	664	92	96
495	665	90	94
497	664	88	92
496	666	88	92
497	665	86	90
496	666	86	90
495	666	86	90
496	667	84	88
496	667	84	88
495	666	84	88
496	666	82	86
495	666	80	84
496	666	80	84
494	664	79	83
494	666	79	83
494	663	79	83
493	664	79	83
492	662	79	83
491	662	79	83
492	661	79	83
490	660	79	83
491	660	79	83
489	658	79	83
491	658	79	83
488	656	79	83
487	656	79	83
486	654	79	83
484	654	79	83
483	655	79	83
481	653	79	83
480	655	79	83
477	654	79	83
476	653	79	83
474	655	79	83
473	654	79	83
471	653	79	83
470	656	79	83
469	653	79	83
468	656	79	83
465	652	79	83
464	651	79	83
461	649	79	83
462	651	79	83
458	646	80	84
456	647	82	86
454	644	84	88
451	645	86	90
450	641	86	90
448	644	88	92
445	643	88	92
444	640	88	92
441	641	88	92
441	638	88	92
438	640	88	92
437	639	88	92
434	638	88	92
433	637	88	92
432	636	88	92
429	635	88	92
427	633	88	92
425	632	88	92
423	632	88	92
421	630	88	92
419	628	88	92
418	628	88	92
416	627	88	92
413	626	88	92
411	626	88	92
408	624	88	92
406	623	88	92
403	621	88	92
401	619	86	90
399	619	84	88
397	618	82	86
395	617	82	86
393	617	82	86
392	616	82	86
391	615	82	86
389	615	82	86
387	614	82	86
385	612	81	85
384	614	81	85
382	612	81	85
380	611	81	85
381	612	81	85
378	610	81	85
377	609	81	85
377	608	81	85
374	607	81	85
375	606	79	83
374	605	79	83
373	602	79	83
375	600	79	83
375	598	79	83
375	596	79	83
374	593	79	83
373	591	79	83
375	588	79	83
376	586	79	83
375	584	79	83
378	581	79	83
378	578	79	83
379	575	79	83
379	573	79	83
380	569	79	83
379	565	79	83
381	561	79	83
381	560	79	83
381	554	79	83
381	549	79	83
382	549	79	83
384	544	79	83
385	541	79	83
384	542	79	83
387	537	79	83
384	537	79	83
386	533	79	83
385	526	79	83
388	524	79	83
386	520	79	83
392	512	79	83
391	511	79	83
396	507	79	83
399	499	79	83
397	500	79	83
402	495	79	83
404	492	79	83
405	488	79	83
409	485	79	83
410	482	79	83
409	480	79	83
414	477	79	83
417	475	79	83
418	470	79	83
421	469	79	83
423	465	79	83
425	463	79	83
427	460	79	83
425	460	79	83
429	456	79	83
430	454	79	83
432	451	79	83
431	450	79	83
434	447	79	83
433	445	79	83
436	443	79	83
436	439	79	83
437	438	79	83
436	435	79	83
436	433	79	83
435	432	79	83
435	430	79	83
434	428	79	83
435	428	79	83
434	426	79	83
436	426	79	83
434	425	79	83
434	422	79	83
434	422	79	83
434	421	79	83
433	420	79	83
431	419	79	83
431	419	79	83
430	417	79	83
430	417	79	83
430	415	79	83
428	415	79	83
426	415	79	83
425	413	79	83
425	412	79	83
424	411	79	83
424	410	79	83
423	411	79	83
423	409	79	83
423	410	79	83
423	410	79	83
423	411	79	83
422	409	79	83
420	410	79	83
419	409	79	83
416	408	79	83
416	408	79	83
414	404	79	83
413	406	79	83
411	408	79	83
409	407	79	83
408	406	79	83
407	406	79	83
408	404	79	83
405	405	79	83
405	403	79	83
402	404	79	83
404	403	79	83
402	404	79	83
401	404	79	83
400	405	79	83
401	404	79	83
398	406	79	83
399	405	79	83
396	404	79	83
395	404	79	83
394	403	79	83
393	403	79	83
393	403	79	83
393	403	79	83
393	403	79	83
393	404	79	83
391	406	79	83
392	408	79	83
389	409	79	83
387	410	79	83
384	412	79	83
383	410	79	83
381	410	79	83
381	410	79	83
381	408	79	83
379	409	79	83
379	409	79	83
377	410	79	83
375	410	79	83
373	409	79	83
371	409	79	83
369	407	79	83
368	406	79	83
367	405	79	83
365	404	77	81
364	404	77	81
363	401	76	79
363	401	76	79
361	399	74	78
360	399	74	78
359	397	74	78
359	397	74	78
357	395	72	76
356	395	71	74
354	394	71	74
353	394	71	74
351	393	71	74
348	392	71	74
345	390	71	74
344	392	71	74
341	390	71	74
338	391	71	74
336	390	69	73
334	390	69	73
331	389	69	73
330	388	69	73
327	389	69	73
325	388	69	73
322	389	69	73
320	387	69	73
317	389	69	73
315	388	69	73
312	389	69	73
311	389	69	73
308	388	69	73
305	389	69	73
303	389	69	73
301	389	69	73
298	390	69	73
295	389	69	73
293	390	69	73
290	390	69	73
287	389	69	73
285	388	69	73
283	389	69	73
281	389	69	73
278	389	69	73
276	390	69	73
275	391	69	73
272	390	69	73
269	391	69	73
267	391	69	73
264	391	69	73
262	392	69	73
259	391	69	73
257	392	69	73
254	392	69	73
251	394	69	73
249	392	69	73
246	393	69	73
243	391	69	73
240	393	69	73
238	391	69	73
235	393	69	73
233	394	69	73
230	395	69	73
228	394	69	73
225	395	69	73
222	396	69	73
219	396	69	73
217	398	69	73
214	398	69	73
211	400	69	73
208	401	69	73
205	403	69	73
201	404	69	73
199	405	69	73
195	405	69	73
192	405	69	73
188	407	69	73
186	405	69	73
182	407	69	73
178	405	69	73
175	405	69	73
171	403	69	73
168	401	69	73
165	399	69	73
162	396	69	73
159	394	69	73
156	391	69	73
155	387	69	73
152	384	69	73
150	380	69	73
147	378	71	74
145	374	71	74
143	370	72	76
141	367	72	76
139	364	72	76
137	361	72	76
135	358	72	76
133	354	72	76
132	352	72	76
130	349	72	76
128	347	72	76
126	345	72	76
125	342	72	76
123	340	72	76
122	337	72	76
120	334	72	76
118	331	72	76
117	329	72	76
116	325	72	76
115	321	72	76
113	317	72	76
113	313	72	76
112	309	72	76
109	305	72	76
109	301	72	76
106	297	72	76
104	292	72	76
102	287	72	76
99	283	72	76
96	279	72	76
93	274	72	76
89	269	72	76
87	264	72	76
83	259	72	76
79	254	72	76
76	248	72	76
71	243	72	76
68	238	72	76
63	232	72	76
64	226	72	76
58	221	72	76
53	216	72	76
47	211	72	76
42	205	72	76
38	199	72	76
33	193	72	76
28	188	72	76
23	182	72	76
18	176	72	76
12	171	72	76
7	165	72	76
1	160	74	78
-4	154	76	79
-9	149	77	81
-14	142	79	83
-19	136	79	83
-22	129	79	83
-24	123	77	81
15	133	77	81
11	128	77	81
