1004	0	181	36
996	0	181	36
991	2	181	36
985	4	181	36
981	4	181	36
1000	5	181	36
1002	8	181	36
1000	8	181	36
994	8	181	36
988	11	181	36
991	13	181	36
991	7	181	36
989	10	185	36
986	14	189	37
977	23	193	38
968	30	197	39
943	9	197	39
935	13	197	39
929	8	197	39
895	9	197	39
857	11	197	39
863	11	201	40
858	13	206	41
857	15	206	41
861	18	201	40
858	12	201	40
776	12	201	40
760	12	201	40
748	13	201	40
733	15	201	40
719	18	201	40
703	40	201	40
680	39	206	41
663	44	206	41
647	43	206	41
627	39	211	41
611	35	211	41
599	46	211	41
587	45	211	41
579	44	211	41
564	39	211	41
556	29	211	41
537	29	211	41
512	33	215	42
499	35	215	42
492	38	215	42
493	48	215	42
488	42	220	43
466	45	225	44
452	51	220	43
444	55	225	44
413	64	225	44
410	70	225	44
415	67	225	44
424	64	225	44
420	66	230	45
429	64	230	45
438	62	230	45
440	66	230	45
443	64	230	45
444	67	230	45
446	70	230	45
443	74	230	45
441	77	230	45
448	80	230	45
451	83	230	45
458	83	230	45
463	85	230	45
468	88	230	45
473	92	230	45
485	96	230	45
481	89	230	45
467	88	235	46
466	90	235	46
468	95	235	46
474	100	235	46
466	105	240	47
446	92	246	48
445	80	246	48
417	82	246	48
420	84	246	48
440	83	246	48
446	82	246	48
438	83	246	48
496	136	246	48
502	144	246	48
505	156	246	48
507	151	246	48
514	114	240	47
520	103	240	47
517	102	240	47
514	104	240	47
526	107	240	47
519	100	240	47
497	88	240	47
492	82	240	47
489	81	240	47
485	79	240	47
478	78	240	47
472	78	240	47
466	78	240	47
459	77	240	47
450	78	240	47
440	82	240	47
442	85	240	47
443	85	240	47
441	82	246	48
433	77	251	50
428	75	251	50
428	74	251	50
428	72	251	50
428	76	251	50
431	80	251	50
435	87	251	50
435	85	251	50
435	79	251	50
436	81	251	50
442	79	251	50
446	74	251	50
443	70	251	50
445	66	251	50
440	61	251	50
447	72	246	48
491	76	240	47
491	69	240	47
491	66	235	46
487	64	235	46
486	64	235	46
494	66	235	46
494	66	235	46
497	67	235	46
494	65	235	46
492	65	235	46
490	63	235	46
488	63	235	46
487	61	235	46
489	61	235	46
498	61	235	46
498	57	230	45
500	59	235	46
499	56	235	46
505	57	235	46
510	58	235	46
507	54	235	46
498	53	241	47
493	50	241	47
491	51	241	47
488	51	241	47
486	51	241	47
480	48	241	47
476	49	241	47
468	46	241	47
467	47	241	47
471	42	235	46
475	44	230	45
476	39	226	44
478	41	221	43
471	34	216	43
473	37	216	43
476	40	216	43
479	43	221	44
482	45	226	44
482	50	226	44
485	54	226	44
488	44	226	44
481	46	231	45
482	38	231	45
476	40	231	45
474	36	231	45
473	37	231	45
472	38	231	45
471	38	231	45
471	39	231	45
466	41	231	45
468	41	231	45
464	44	231	45
463	45	231	45
460	45	231	45
456	47	231	45
458	42	231	45
452	48	231	45
443	48	236	46
439	49	236	46
445	51	236	46
448	52	236	46
447	53	236	46
444	55	236	46
434	55	236	46
439	57	236	46
447	57	236	46
436	57	236	46
440	56	236	46
450	59	236	46
459	60	236	46
470	56	236	46
483	45	231	45
488	35	231	45
491	38	226	45
492	39	226	45
496	34	221	44
500	37	216	43
504	40	212	42
545	35	207	41
553	35	203	40
552	35	203	40
553	34	198	39
555	32	194	38
556	31	194	38
555	30	194	38
557	29	190	37
558	28	186	37
562	27	182	36
561	25	182	36
559	24	182	36
555	23	186	37
553	21	186	37
559	20	182	36
556	21	182	36
558	20	182	36
558	17	178	35
555	15	178	35
554	15	178	35
556	14	178	35
553	12	178	35
551	12	178	35
549	9	178	35
547	7	178	35
547	6	174	34
541	6	171	34
531	6	171	34
523	5	171	34
522	4	171	34
521	4	171	34
522	4	171	34
522	4	171	34
523	4	171	34
523	4	171	34
516	2	174	34
516	2	178	35
515	1	178	35
510	0	182	36
509	0	186	37
505	0	186	37
506	0	186	37
515	-1	182	36
507	0	182	36
511	0	182	36
515	0	182	36
543	0	182	36
563	0	182	36
564	-2	186	37
570	-2	190	37
575	-3	195	38
578	-4	199	39
577	-5	203	40
576	-6	208	41
575	-9	212	42
574	-7	217	43
579	-12	217	43
583	-7	217	43
504	5	222	44
500	5	222	44
496	5	227	45
495	6	227	45
490	8	232	46
489	9	232	46
443	13	237	47
431	5	237	47
429	10	237	47
429	12	242	48
430	10	242	48
433	11	242	48
437	7	242	48
436	9	248	49
437	10	248	49
437	12	253	50
440	13	253	50
442	14	253	50
435	9	253	50
438	12	259	51
431	12	259	51
434	13	265	52
426	14	265	52
431	15	265	52
435	15	270	53
424	14	270	53
432	15	270	53
436	11	270	53
424	12	270	53
430	14	270	53
423	14	270	53
430	15	270	53
423	12	270	53
428	14	270	53
422	14	270	53
426	14	270	53
418	14	270	53
424	14	270	53
416	14	270	53
422	14	270	53
423	11	270	53
416	9	270	53
424	6	270	53
416	6	270	53
421	3	270	53
414	3	270	53
418	4	270	53
422	5	270	53
427	7	270	53
418	6	270	53
427	6	270	53
432	5	270	53
432	4	270	53
429	1	270	53
429	0	270	53
430	0	270	53
433	-1	270	53
434	-1	270	53
435	-2	270	53
439	-2	265	52
443	-1	259	51
444	-1	259	51
447	-2	259	51
448	0	259	51
450	-1	259	51
453	-1	253	50
453	-2	253	50
453	0	248	49
455	-1	248	49
455	0	248	49
456	0	248	49
458	-1	248	49
458	-1	243	48
463	-2	243	48
464	-1	238	47
469	-1	232	46
469	0	228	45
473	0	223	44
473	0	223	44
474	0	223	44
474	0	223	44
474	0	223	44
475	0	223	44
475	0	223	44
475	0	223	44
475	-1	223	44
475	-1	223	44
477	0	218	43
478	-1	218	43
477	0	218	43
477	-1	218	43
477	0	218	43
476	0	218	43
477	0	218	43
477	0	218	43
477	0	218	43
477	0	218	43
477	0	218	43
475	0	218	43
475	0	218	43
475	0	218	43
476	0	218	43
476	-1	218	43
476	-1	218	43
475	0	218	43
475	0	218	43
474	-1	218	43
477	0	218	43
476	0	218	43
476	0	218	43
475	0	218	43
474	0	218	43
473	0	218	43
473	0	218	43
473	0	218	43
473	0	218	43
473	-1	218	43
473	-1	218	43
473	-1	218	43
473	-1	218	43
473	-1	218	43
471	-1	218	43
469	0	218	43
468	0	218	43
468	1	218	43
468	2	218	43
467	1	218	43
466	1	218	43
465	1	218	43
465	0	218	43
464	-1	218	43
463	-1	218	43
462	0	218	43
462	-3	218	43
463	-3	213	42
463	-3	213	42
461	-4	213	42
463	-4	213	42
464	-3	209	41
463	-3	209	41
464	-3	209	41
462	-1	209	41
464	-2	209	41
462	-3	209	41
464	-2	209	41
465	-3	209	41
465	-4	209	41
460	-6	209	41
460	-6	209	41
458	-8	209	41
458	-8	204	40
460	-8	200	39
461	-7	196	39
461	-8	196	39
462	-8	196	39
463	-7	191	38
465	-6	187	37
464	-6	187	37
464	-6	187	37
464	-7	187	37
466	-6	183	36
466	-6	183	36
469	-4	179	35
471	-6	179	35
469	-4	179	35
470	-4	179	35
469	-4	179	35
470	-6	179	35
471	-5	179	35
471	-6	179	35
472	-6	179	35
473	-6	179	35
474	-5	179	35
475	-7	179	35
476	-8	179	35
477	-6	179	35
481	-7	179	35
483	-8	179	35
483	-8	179	35
483	-8	179	35
483	-7	179	35
484	-8	179	35
480	-4	179	35
481	-4	179	35
482	-3	179	35
481	-3	179	35
482	-2	179	35
483	-1	179	35
485	-3	183	36
483	-2	183	36
486	-3	183	36
483	-3	183	36
486	-5	183	36
483	-5	183	36
488	-6	183	36
482	-4	183	36
485	-5	183	36
484	-8	187	37
481	-6	187	37
485	-8	187	37
480	-5	187	37
483	-7	187	37
477	-3	187	37
481	-3	187	37
484	-4	187	37
476	-2	187	37
479	-4	187	37
474	-3	187	37
476	-4	187	37
476	-4	187	37
474	-4	187	37
472	-4	187	37
473	-6	187	37
474	-7	187	37
471	-5	187	37
469	-4	187	37
467	-3	187	37
468	-4	187	37
467	-3	187	37
470	-5	187	37
468	-4	187	37
473	-6	187	37
473	-4	187	37
470	-3	187	37
469	-2	187	37
471	-4	187	37
471	-3	187	37
471	-2	187	37
471	-2	187	37
473	-4	187	37
475	-4	187	37
474	-4	192	38
477	-5	192	38
473	-4	192	38
475	-5	192	38
473	-5	196	39
471	-6	200	39
471	-6	200	39
471	-7	200	39
472	-6	200	39
473	-6	200	39
474	-7	200	39
476	-5	200	39
476	-5	200	39
476	-5	200	39
475	-5	200	39
475	-6	200	39
476	-7	200	39
476	-7	200	39
477	-6	200	39
477	-5	200	39
477	-5	200	39
481	-4	200	39
479	-3	205	40
476	-5	209	41
477	-4	209	41
478	-3	209	41
479	-3	209	41
479	-4	209	41
478	-4	209	41
478	-3	209	41
478	-3	209	41
478	-2	209	41
479	-4	209	41
479	-3	209	41
479	-3	209	41
479	-4	209	41
480	-5	209	41
479	-6	209	41
478	-8	209	41
479	-9	209	41
478	-10	209	41
478	-9	209	41
478	-10	209	41
479	-10	209	41
478	-10	209	41
478	-11	209	41
478	-11	209	41
480	-15	209	41
482	-19	205	40
482	-23	205	40
479	-19	209	41
479	-12	209	41
479	-11	209	41
480	-11	209	41
479	-11	209	41
479	-10	209	41
479	-11	209	41
479	-11	209	41
478	-15	209	41
478	-20	205	40
478	-14	200	39
479	-8	200	39
478	-6	200	39
478	-4	200	39
478	-3	196	39
481	-6	196	39
481	-8	196	39
480	-9	196	39
479	-9	196	39
479	-6	196	39
479	-6	196	39
477	-4	196	39
478	-4	196	39
478	-3	196	39
479	-4	196	39
479	-5	196	39
480	-6	196	39
480	-6	196	39
480	-6	196	39
481	-7	196	39
482	-8	196	39
482	-7	196	39
482	-5	196	39
480	-4	200	39
482	-3	200	39
481	-4	200	39
481	-3	200	39
481	-3	200	39
482	-4	200	39
482	-5	200	39
482	-5	200	39
483	-6	200	39
483	-5	200	39
484	-6	200	39
484	-5	200	39
483	-6	200	39
484	-5	200	39
482	-5	200	39
484	-5	200	39
483	-4	200	39
482	-4	205	40
481	-3	205	40
483	-2	205	40
480	-3	205	40
481	-2	205	40
481	-4	205	40
478	0	209	41
477	-3	209	41
477	0	209	41
478	0	209	41
478	0	209	41
478	-4	209	41
479	-3	209	41
480	-3	209	41
477	-3	214	42
479	-6	214	42
481	-6	214	42
480	-5	214	42
480	-6	214	42
480	-7	214	42
480	-7	214	42
480	-7	214	42
480	-7	214	42
480	-7	214	42
480	-7	214	42
481	-7	214	42
477	-6	219	43
477	-6	219	43
477	-6	219	43
477	-6	219	43
477	-7	219	43
477	-6	219	43
477	-7	219	43
478	-6	219	43
478	-6	219	43
478	-7	219	43
478	-6	219	43
478	-7	219	43
478	-6	219	43
478	-6	219	43
478	-7	219	43
478	-6	219	43
478	-7	219	43
478	-6	219	43
478	-7	219	43
477	-6	219	43
477	-7	219	43
477	-6	219	43
477	-10	219	43
482	-8	219	43
482	-8	219	43
480	-6	219	43
480	-6	219	43
480	-6	219	43
480	-5	219	43
480	-4	219	43
480	-6	219	43
480	-8	219	43
480	-8	219	43
480	-8	219	43
479	-7	219	43
480	-9	219	43
479	-8	219	43
478	-8	219	43
478	-8	219	43
478	-8	219	43
478	-8	219	43
478	-9	219	43
478	-8	219	43
478	-9	219	43
478	-8	219	43
478	-9	219	43
478	-8	219	43
478	-9	219	43
478	-8	219	43
478	-9	219	43
478	-9	219	43
478	-9	219	43
478	-9	219	43
478	-8	219	43
478	-9	219	43
478	-8	219	43
478	-9	219	43
478	-8	219	43
478	-9	219	43
478	-8	219	43
478	-10	219	43
478	-10	219	43
478	-10	219	43
479	-10	219	43
479	-10	219	43
478	-8	219	43
478	-7	219	43
479	-7	219	43
479	-7	219	43
480	-7	219	43
480	-7	219	43
480	-7	219	43
480	-7	219	43
481	-7	219	43
482	-7	219	43
482	-7	219	43
482	-7	219	43
483	-7	219	43
484	-7	219	43
485	-7	219	43
486	-7	219	43
486	-7	219	43
487	-7	219	43
487	-7	219	43
488	-8	219	43
488	-9	219	43
489	-8	219	43
488	-8	219	43
488	-9	219	43
488	-6	219	43
488	-6	219	43
488	-5	219	43
488	-4	219	43
489	-5	219	43
489	-5	219	43
487	-3	219	43
488	-2	219	43
488	-4	219	43
486	-1	219	43
487	-2	219	43
486	-4	219	43
483	-3	219	43
483	-4	219	43
482	-4	219	43
482	-5	219	43
482	-5	219	43
482	-5	219	43
481	-4	219	43
481	-5	219	43
481	-5	219	43
479	-5	219	43
479	-6	219	43
478	-5	219	43
478	-6	219	43
478	-7	219	43
477	-4	219	43
477	-3	219	43
478	-3	219	43
479	-3	219	43
479	-2	219	43
479	-5	219	43
479	-3	219	43
479	-2	219	43
479	-3	219	43
479	-1	219	43
477	-4	219	43
477	-2	219	43
477	-4	219	43
477	-3	219	43
477	-2	219	43
477	-4	219	43
477	-3	219	43
477	-2	219	43
477	-6	219	43
477	-5	219	43
477	-4	219	43
478	-3	219	43
477	-1	219	43
478	-3	219	43
477	-3	219	43
477	-3	219	43
477	-2	219	43
477	-3	219	43
476	-1	219	43
477	-2	219	43
477	-3	219	43
477	-2	219	43
477	-4	219	43
477	-5	219	43
477	-5	219	43
477	-6	219	43
479	-6	219	43
480	-6	219	43
480	-6	219	43
480	-7	219	43
480	-5	219	43
481	-5	219	43
482	-6	219	43
482	-7	219	43
481	-6	219	43
482	-7	219	43
482	-6	219	43
482	-7	219	43
483	-6	219	43
484	-7	219	43
485	-6	219	43
486	-8	219	43
487	-4	219	43
487	-4	219	43
488	-6	219	43
489	-7	219	43
489	-6	219	43
489	-6	219	43
489	-6	219	43
489	-6	219	43
489	-5	219	43
490	-5	219	43
490	-5	219	43
489	-4	219	43
489	-4	219	43
490	-6	219	43
488	-7	219	43
488	-6	219	43
487	-7	219	43
486	-5	219	43
486	-5	219	43
486	-4	219	43
486	-5	219	43
485	-4	219	43
485	-6	219	43
484	-6	219	43
484	-8	219	43
484	-6	219	43
484	-7	219	43
484	-6	219	43
483	-7	219	43
482	-5	219	43
480	-3	219	43
478	-2	219	43
478	-5	219	43
477	-3	219	43
477	-3	219	43
477	-3	219	43
477	-3	219	43
477	-3	219	43
477	-3	219	43
477	-3	219	43
477	-4	219	43
477	-4	219	43
477	-4	219	43
478	-6	219	43
477	-4	224	44
479	-7	224	44
479	-6	224	44
479	-8	224	44
482	-7	224	44
482	-5	224	44
482	-5	224	44
482	-5	224	44
483	-6	224	44
483	-6	224	44
483	-6	224	44
483	-6	224	44
484	-6	224	44
484	-6	224	44
485	-7	224	44
484	-5	224	44
484	-6	224	44
484	-8	224	44
484	-7	224	44
484	-6	224	44
485	-7	224	44
485	-5	224	44
485	-4	224	44
485	-4	224	44
484	-3	224	44
484	-3	224	44
483	-2	224	44
484	-5	224	44
485	-5	224	44
487	-5	224	44
487	-4	224	44
487	-5	224	44
487	-5	224	44
487	-6	224	44
487	-3	224	44
487	-2	224	44
487	-3	224	44
487	-2	224	44
489	-3	224	44
489	-2	224	44
489	-4	224	44
489	-3	224	44
488	-1	224	44
489	-2	224	44
488	-2	224	44
488	-2	224	44
489	-2	224	44
489	-2	224	44
488	-2	224	44
487	-2	224	44
487	-2	224	44
487	-2	224	44
487	-2	224	44
485	0	224	44
484	-3	224	44
483	-1	224	44
483	-2	224	44
483	-3	224	44
482	-3	224	44
482	-5	224	44
481	-5	224	44
482	-6	224	44
482	-8	224	44
482	-9	224	44
481	-9	224	44
481	-9	224	44
483	-9	219	43
481	-10	219	43
485	-12	214	42
485	-13	214	42
485	-12	214	42
484	-13	214	42
