1158	526	90	318
1162	526	90	318
1165	518	90	318
1167	509	90	318
1166	497	91	325
1167	488	91	325
1169	480	91	325
1169	477	91	325
1167	472	91	325
1166	462	94	332
1165	448	96	339
1165	436	96	339
1164	427	96	339
1162	413	96	339
1157	397	96	339
1154	384	96	339
1152	368	94	332
1148	353	92	325
1148	339	92	325
1146	327	90	318
1144	315	90	318
1140	304	90	318
1137	292	90	318
1134	281	90	318
1132	267	90	318
1129	252	90	318
1130	239	90	318
1126	222	90	318
1124	208	90	318
1130	197	88	311
1124	179	90	318
1132	165	90	318
1127	153	90	318
1119	136	90	318
1127	118	90	318
1119	104	90	318
1122	88	90	318
1113	73	90	318
1127	44	92	325
1117	24	90	318
1106	4	90	318
1114	-18	90	318
1122	-43	90	318
1105	-53	88	311
1101	-67	86	305
1061	-37	86	305
1067	-45	84	298
1072	-61	84	298
1087	-58	84	298
1074	25	84	298
1081	16	84	298
1088	3	84	298
1094	-6	84	298
1109	-32	82	292
1115	-42	82	292
1116	-42	82	292
1131	-50	80	285
1146	-60	80	285
1164	-57	80	285
1194	-22	80	285
1208	-20	82	292
1222	-44	84	298
1233	-73	84	298
1247	-81	82	292
1258	-92	82	292
1266	-103	80	286
1274	-108	80	286
1278	-110	79	280
1289	-116	81	286
1282	-114	81	286
1284	-115	81	286
1289	-133	82	292
1303	-148	84	299
1301	-139	84	299
1285	-151	86	305
1315	-167	88	312
1516	-14	88	312
1524	-17	88	312
1534	-20	90	319
1542	-20	90	319
1549	-24	92	326
1556	-29	94	333
1562	-29	96	341
1569	-35	98	348
1574	-32	98	348
1579	-30	98	348
1585	-35	100	356
1593	-39	103	364
1597	-45	105	372
1603	-43	105	372
1609	-51	107	380
1617	-48	107	380
1620	-51	107	380
1629	-54	110	388
1631	-60	112	397
1637	-58	112	397
1640	-58	114	406
1645	-62	112	397
1652	-62	115	406
1652	-62	115	406
1654	-62	115	406
1660	-64	115	406
1664	-62	115	406
1667	-62	115	406
1669	-64	115	406
1677	-62	115	406
1676	-71	117	415
1678	-71	117	415
1680	-73	117	415
1682	-73	117	415
1684	-75	117	415
1686	-75	117	415
1688	-73	117	415
1684	-75	117	415
1693	-77	120	424
1689	-77	117	415
1694	-74	115	406
1697	-72	112	398
1694	-69	110	389
1700	-69	110	389
1699	-72	112	398
1689	-69	110	389
1698	-67	110	389
1694	-67	107	381
1701	-69	107	381
1700	-73	110	389
1694	-71	107	381
1701	-73	110	389
1693	-72	107	381
1701	-75	110	390
1691	-72	108	381
1702	-72	108	381
1692	-73	110	390
1695	-73	110	390
1700	-70	108	381
1689	-71	110	390
1698	-68	108	381
1703	-68	108	381
1689	-71	110	390
1697	-73	112	399
1699	-71	110	390
1691	-75	112	399
1698	-69	110	390
1694	-63	108	382
1703	-63	108	382
1696	-63	108	382
1698	-65	110	390
1700	-61	108	382
1694	-53	105	374
1699	-52	105	374
1703	-46	105	374
1703	-48	105	374
1703	-43	108	382
1699	-37	105	374
1705	-31	105	374
1706	-28	105	374
1701	-22	105	374
1708	-19	105	374
1697	-9	105	374
1702	-4	103	366
1706	2	103	366
1695	8	103	366
1700	11	103	366
1702	17	103	366
1695	20	103	366
1700	25	103	366
1695	27	106	374
1698	28	108	382
1691	34	108	382
1696	40	108	382
1685	41	108	382
1693	43	110	391
1684	47	110	391
1674	54	110	391
1681	64	108	382
1668	73	106	374
1673	79	106	374
1681	79	106	374
1666	79	108	383
1648	92	106	374
1633	103	103	366
1624	107	101	359
1607	115	99	351
1590	124	99	351
1595	129	99	351
1579	132	99	351
1587	134	101	359
1568	137	101	359
1572	133	103	367
1556	144	103	367
1560	140	103	367
1540	148	103	367
1549	146	103	367
1555	145	106	375
1566	151	106	375
1550	160	103	367
1559	153	103	367
1562	158	103	367
1550	160	103	367
1532	171	101	359
1540	172	103	367
1529	180	103	367
1535	188	103	367
1541	187	101	359
1547	189	104	367
1534	192	104	367
1544	183	106	375
1530	190	106	375
1543	183	106	375
1528	190	106	375
1542	178	108	383
1529	186	108	383
1538	180	108	383
1540	180	108	383
1527	178	108	383
1537	180	111	392
1537	172	111	392
1528	178	111	392
1541	164	113	401
1539	151	116	410
1542	140	118	419
1528	153	116	410
1537	138	118	419
1522	132	118	419
1531	122	118	419
1529	115	118	419
1522	109	118	419
1525	101	118	419
1527	95	118	419
1510	89	118	419
1516	81	118	419
1504	77	118	419
1507	66	121	428
1494	66	118	419
1499	53	121	428
1502	42	123	438
1504	34	123	438
1492	23	123	438
1498	17	123	438
1492	8	123	438
1497	-5	126	447
1488	-15	126	447
1493	-28	126	447
1482	-46	126	447
1490	-52	126	447
1496	-62	129	457
1480	-63	126	447
1484	-68	126	447
1489	-74	126	447
1493	-79	126	447
1493	-85	126	447
1498	-97	129	457
1503	-108	129	457
1510	-115	129	457
1511	-120	126	448
1513	-129	126	448
1526	-146	126	448
1513	-165	129	458
1518	-165	129	458
1521	-188	132	468
1543	-198	135	478
1529	-201	135	478
1557	-208	135	478
1571	-208	135	478
1555	-223	138	489
1561	-238	141	499
1619	-199	141	499
1631	-199	141	499
1675	-102	141	499
1677	-61	141	499
1680	-75	141	499
1675	-63	141	499
1663	-49	144	510
1676	-61	144	510
1678	-71	144	510
1687	-75	141	500
1687	-80	141	500
1687	-90	141	500
1822	-108	138	489
1823	-108	141	500
1826	-100	138	489
1834	-98	138	489
1834	-96	138	489
1831	-96	138	489
1825	-99	141	500
1818	-99	144	511
1817	-102	147	522
1822	-105	147	522
1819	-102	147	522
1819	-97	147	522
1819	-92	147	522
1819	-84	147	522
1819	-77	147	522
1819	-67	147	522
