378	520	175	80
371	521	175	80
366	523	178	81
361	528	178	81
360	527	178	81
352	531	182	83
350	529	186	85
344	535	186	85
346	533	186	85
337	539	191	87
338	539	195	89
325	544	199	91
330	543	203	93
330	548	208	95
320	549	213	97
312	554	217	99
301	558	217	99
305	559	222	101
311	557	227	104
309	561	232	106
317	557	237	108
324	560	242	111
326	559	248	113
322	558	253	116
319	558	259	118
322	558	265	121
331	557	265	121
337	557	265	121
330	557	265	121
336	557	265	121
333	555	265	121
334	557	265	121
331	557	265	121
328	558	265	121
330	555	265	121
328	557	265	121
334	546	259	118
335	548	259	118
341	542	254	116
346	534	248	113
341	539	248	113
346	531	243	111
347	534	243	111
350	524	238	108
353	527	238	108
349	526	238	108
354	519	233	106
355	520	233	106
358	520	233	106
363	516	228	104
364	515	228	104
367	513	228	104
369	511	228	104
370	509	228	104
370	506	223	102
375	504	218	99
373	505	218	99
379	501	213	97
377	502	209	95
383	499	209	95
380	500	209	95
386	495	209	95
388	493	209	95
385	491	209	95
390	491	209	95
393	488	209	95
395	490	209	95
393	488	209	95
395	487	209	95
397	486	209	95
399	489	209	95
400	486	209	95
405	484	209	95
409	482	209	95
417	482	204	93
412	484	200	91
416	483	200	91
406	483	200	91
412	481	200	91
416	480	200	91
422	480	200	91
430	477	200	91
441	474	200	91
449	476	200	91
447	475	200	91
456	473	204	93
460	472	204	93
465	473	204	93
462	472	209	95
469	473	209	95
469	474	209	95
474	474	209	95
473	474	209	95
476	473	209	95
478	473	209	95
482	473	209	95
483	473	209	95
487	471	209	95
488	471	209	95
488	468	214	97
489	468	214	97
491	466	218	99
493	465	218	99
498	465	218	99
499	464	218	99
503	464	218	99
505	464	218	99
510	462	218	99
512	462	218	99
519	464	218	99
517	461	223	102
519	463	228	104
518	461	228	104
518	464	233	106
511	463	238	109
522	464	238	109
517	464	238	109
509	467	244	111
504	468	249	114
510	466	249	114
507	468	249	114
519	466	249	114
508	466	254	116
504	467	260	119
500	467	266	121
504	465	266	121
500	465	266	121
497	465	266	121
494	464	266	121
492	467	266	121
491	468	266	121
485	470	272	124
482	470	272	124
475	470	278	127
482	472	278	127
474	469	284	130
475	470	284	130
467	471	290	132
461	471	297	135
464	471	297	135
459	471	297	135
466	471	297	135
459	471	297	135
454	472	297	135
469	469	297	135
459	468	303	138
455	468	303	138
464	466	303	138
455	464	310	141
450	464	310	141
460	457	310	141
455	459	310	141
452	452	310	141
462	454	310	141
448	452	317	145
462	445	317	145
453	449	317	145
444	445	317	145
460	443	317	145
451	445	317	145
442	445	317	145
459	442	317	145
450	449	317	145
435	445	317	145
451	451	317	145
442	452	317	145
432	456	317	145
419	451	317	145
432	454	317	145
437	456	317	145
432	452	317	145
432	454	317	145
426	447	317	145
434	451	317	145
430	445	317	145
442	447	317	145
439	443	317	145
441	443	317	145
446	440	317	145
443	438	324	148
448	433	331	151
435	429	338	154
448	431	338	154
439	427	338	154
447	426	346	158
443	426	346	158
447	424	346	158
441	427	346	158
445	420	354	161
439	420	354	161
455	420	354	161
449	420	354	161
453	418	354	161
457	416	354	161
460	416	361	165
473	418	369	169
496	423	369	169
512	422	361	165
508	422	361	165
503	420	361	165
518	422	361	165
512	418	361	165
518	420	361	165
514	418	361	165
526	418	361	165
520	414	361	165
512	410	361	165
528	412	361	165
512	412	361	165
493	404	361	165
479	396	369	169
483	400	369	169
465	392	362	165
465	402	362	165
465	390	362	165
465	402	362	165
465	386	362	165
469	400	362	165
469	386	362	165
475	400	362	165
469	384	362	165
475	398	362	165
463	381	362	165
479	394	362	165
471	400	362	165
475	386	362	165
484	403	370	169
479	407	370	169
471	397	370	169
475	405	370	169
478	405	378	172
473	397	386	176
471	399	395	180
465	388	395	180
460	388	395	180
458	384	395	180
462	386	395	180
460	379	395	180
467	384	395	180
458	379	395	180
474	388	395	180
462	377	395	180
480	388	395	180
471	379	403	184
496	395	403	184
494	395	403	184
496	404	403	184
503	402	403	184
496	405	412	188
499	405	422	192
512	405	431	197
541	417	431	197
539	425	440	201
627	477	450	206
972	267	460	210
967	269	460	210
951	264	460	210
928	256	460	210
933	256	450	206
935	251	450	206
938	200	450	206
883	103	460	210
875	95	460	210
875	93	460	210
883	98	460	210
872	90	460	210
880	93	460	210
878	95	460	210
880	95	460	210
872	90	460	210
865	82	460	210
870	82	460	210
867	82	460	210
862	80	460	210
854	82	460	210
865	82	460	210
854	82	460	210
865	82	460	210
852	74	460	210
875	82	460	210
854	80	460	210
852	72	460	210
849	93	460	210
851	87	450	206
859	87	450	206
857	85	450	206
861	87	441	201
864	92	431	197
856	94	431	197
859	96	431	197
849	99	431	197
842	97	441	201
844	97	441	201
829	100	451	206
809	112	451	206
826	100	451	206
809	112	451	206
826	107	441	201
841	102	441	201
848	87	441	201
862	70	432	197
853	85	432	197
862	78	432	197
848	82	432	197
845	78	432	197
838	80	432	197
833	78	432	197
826	82	432	197
831	80	422	193
831	80	422	193
833	80	422	193
833	80	422	193
838	77	422	193
842	75	422	193
854	82	422	193
869	70	422	193
873	73	422	193
873	68	422	193
885	65	413	189
882	74	405	185
892	63	405	185
880	70	405	185
891	65	396	181
884	76	396	181
896	72	396	181
891	76	396	181
902	69	388	177
902	82	379	173
902	75	371	169
908	81	363	166
902	87	363	166
911	87	355	162
917	85	355	162
921	87	355	162
927	85	355	162
923	89	355	162
929	87	355	162
925	95	355	162
923	107	355	162
933	92	348	159
937	101	348	159
935	122	340	155
954	95	340	155
965	89	333	152
988	37	333	152
999	33	326	149
1008	35	326	149
1011	38	326	149
1013	48	326	149
1019	42	326	149
1022	57	326	149
1026	50	326	149
1028	62	326	149
1030	55	326	149
1037	68	326	149
1043	59	326	149
1052	72	326	149
1045	68	326	149
1059	75	326	149
1061	72	326	149
1076	75	326	149
1081	72	326	149
1094	66	326	149
1100	68	333	152
1111	63	333	152
1114	63	341	155
1118	55	341	155
1114	55	333	152
1129	46	333	152
1129	56	341	156
1135	46	341	156
1123	56	341	156
1137	48	341	156
1142	46	341	156
1164	271	341	156
1173	280	334	152
1167	286	334	152
1163	269	334	152
1165	259	334	152
1167	256	334	152
1169	259	334	152
1165	246	334	152
1173	248	334	152
1178	254	334	152
1184	239	334	152
1190	248	334	152
1205	261	334	152
1205	250	334	152
1214	241	334	152
1229	252	334	152
1239	242	334	152
