528	459	29	41
526	457	29	41
527	457	29	41
526	457	29	41
527	456	29	41
527	456	29	41
526	454	29	41
527	453	29	41
526	454	29	41
526	453	29	41
527	451	29	41
527	451	29	41
527	449	29	41
528	449	29	41
528	447	29	41
529	446	29	41
529	446	29	41
530	444	29	41
529	444	29	41
530	443	29	41
530	442	29	41
530	442	29	41
531	440	29	41
531	440	29	41
531	439	29	41
532	439	29	41
531	438	29	41
532	439	29	41
533	437	29	41
534	436	29	41
534	437	29	41
534	435	29	41
535	435	29	41
535	435	29	41
536	433	29	41
535	434	29	41
537	433	29	41
536	433	29	41
538	432	29	41
538	432	29	41
538	432	29	41
537	432	29	41
538	433	29	41
540	431	29	41
539	432	29	41
540	431	29	41
539	433	29	41
540	432	29	41
540	433	29	41
540	434	29	41
539	433	29	41
540	434	29	41
541	434	29	41
542	434	30	42
543	433	30	42
542	434	30	42
543	434	30	42
544	434	30	42
545	433	30	42
546	432	30	42
548	430	30	42
550	429	30	42
552	428	30	42
552	426	30	42
554	425	30	42
554	423	30	42
556	421	30	42
557	422	30	42
559	421	29	41
559	419	29	41
560	420	29	41
562	419	28	40
563	417	28	40
564	415	28	40
566	413	28	40
567	412	28	40
567	411	28	40
566	412	28	40
567	410	28	40
567	410	28	40
568	410	28	40
568	410	28	40
568	409	28	40
569	409	28	40
567	409	27	39
568	411	27	39
569	411	27	39
570	412	27	39
568	413	27	39
569	419	27	39
570	420	28	40
568	421	29	41
568	421	29	41
531	414	29	41
532	413	29	41
532	414	29	41
532	415	29	41
531	415	29	41
531	415	29	41
531	415	29	41
532	415	29	41
531	416	29	41
531	416	29	41
531	417	29	41
531	416	29	41
530	416	29	41
530	415	29	41
530	417	29	41
531	416	29	41
529	416	29	41
530	416	29	41
529	416	29	41
528	417	29	41
529	416	29	41
528	416	28	40
528	417	28	40
528	416	28	40
529	414	29	41
530	408	29	41
530	407	29	41
529	386	29	41
529	382	30	42
528	382	30	42
529	383	30	42
527	382	30	42
526	382	30	42
527	382	30	42
525	382	30	42
523	381	29	41
522	382	29	41
522	381	29	41
520	381	29	41
519	382	29	41
517	382	29	41
516	382	29	41
515	382	29	41
514	383	29	41
512	382	29	41
511	383	28	40
510	382	28	40
509	381	28	40
508	380	28	40
506	379	28	40
505	378	28	40
504	376	28	40
502	375	28	40
500	375	28	40
499	373	28	40
498	372	28	40
497	371	28	40
496	372	28	40
496	370	28	40
496	369	28	40
496	367	28	40
497	367	28	40
497	365	28	40
497	363	28	40
496	361	28	40
497	357	28	40
496	355	28	40
497	352	28	40
497	350	28	40
497	345	28	40
496	342	28	40
496	340	28	40
497	337	28	40
498	335	28	40
499	333	28	40
498	331	28	40
497	329	28	40
497	328	28	40
498	327	27	39
498	327	27	39
499	325	27	39
498	324	27	39
498	323	27	39
497	322	27	39
497	321	27	39
497	321	27	39
496	320	27	39
496	321	27	39
496	320	27	39
494	318	27	39
494	316	27	39
495	313	27	38
494	313	26	37
494	311	26	36
494	309	26	36
495	310	26	36
493	309	26	36
492	308	26	36
491	309	26	36
492	310	25	36
492	312	25	36
492	311	25	36
492	312	26	36
492	313	26	36
491	314	26	36
492	313	26	36
492	313	26	36
491	313	26	37
492	312	26	36
493	313	25	36
493	312	25	35
494	311	25	35
495	313	25	35
494	314	24	34
494	312	25	35
493	310	25	35
525	311	25	35
526	311	25	35
527	310	25	35
526	311	25	35
526	311	25	35
528	310	25	35
529	309	25	35
528	310	25	35
529	311	24	34
529	312	24	34
530	312	24	34
529	311	24	34
531	312	24	34
530	313	24	34
531	313	24	34
532	314	24	34
531	315	24	34
531	315	24	34
532	316	24	34
532	316	24	34
531	317	24	34
532	318	24	34
531	317	24	34
531	318	24	34
532	318	24	34
531	319	24	34
532	320	24	34
531	321	24	34
531	321	24	34
532	322	24	34
531	321	24	34
531	322	24	34
532	323	24	34
531	324	24	34
532	324	24	34
531	324	24	34
532	324	24	34
531	324	24	34
532	325	24	34
532	325	24	34
532	326	24	34
532	327	24	34
532	327	24	34
533	326	25	35
532	327	24	34
533	327	24	34
533	328	24	34
533	328	24	34
533	328	24	34
534	328	24	34
533	329	24	34
534	329	25	35
534	329	25	35
533	329	25	35
534	330	25	35
533	329	25	35
534	330	25	35
535	331	25	35
534	330	25	35
534	331	25	35
535	330	25	35
534	330	25	35
534	331	25	35
535	331	25	35
534	332	25	35
534	332	25	35
535	331	25	35
533	332	25	35
534	332	25	35
534	332	25	35
533	333	25	35
534	334	25	35
533	334	25	35
534	333	25	35
532	334	25	35
532	334	25	35
531	334	25	35
530	335	25	35
531	334	25	36
530	335	25	36
530	335	25	36
529	335	25	36
530	335	25	36
528	335	25	36
527	335	25	36
528	335	25	36
527	336	25	36
526	336	25	36
525	335	25	36
525	335	25	36
525	335	25	36
525	335	25	36
525	335	25	36
525	335	25	36
524	335	25	36
524	334	26	36
523	333	26	36
523	332	26	36
524	332	26	36
522	332	26	36
521	331	26	36
521	330	26	36
520	330	26	36
520	330	26	36
519	329	26	36
518	329	26	36
518	328	26	36
516	327	26	36
516	328	26	36
516	326	26	36
514	325	26	36
513	325	26	36
512	324	26	36
512	325	26	36
512	324	26	36
510	323	26	36
510	323	26	36
510	323	26	36
508	322	26	36
507	322	26	36
507	322	26	36
505	322	26	36
504	321	26	36
503	320	26	36
501	321	26	36
500	321	26	36
498	320	26	36
497	319	26	36
496	319	26	36
495	318	26	36
494	319	26	36
495	318	26	36
493	319	26	36
492	317	26	36
490	316	26	37
490	317	26	37
488	316	26	37
487	316	26	37
487	315	26	37
486	315	26	37
484	314	26	37
483	314	26	37
482	314	26	37
481	314	26	37
480	313	26	37
480	313	26	37
478	313	26	37
476	313	26	37
475	312	26	37
474	313	26	37
473	312	26	37
473	313	26	37
471	314	26	37
469	314	27	38
468	314	27	38
467	313	27	38
466	313	27	38
464	313	27	38
463	314	27	38
462	314	27	38
461	314	27	38
459	314	27	38
458	314	27	38
457	313	27	38
455	314	27	38
454	313	27	38
454	314	27	38
453	314	27	38
452	313	27	38
451	313	27	38
450	314	27	38
450	313	27	38
448	313	27	38
448	314	27	39
448	312	27	39
447	312	27	39
446	313	27	39
446	314	27	39
445	314	27	39
445	312	27	39
444	313	27	39
444	313	27	39
443	312	27	39
443	314	27	39
442	313	27	39
441	313	27	39
442	314	27	39
441	314	27	39
439	315	27	39
440	315	27	39
439	316	27	39
438	315	27	39
438	317	27	39
437	317	27	39
437	317	27	39
438	318	27	39
435	318	27	39
436	319	27	39
436	319	27	39
435	319	27	39
434	320	27	39
435	320	27	39
433	321	27	39
434	321	27	39
432	322	27	39
433	322	27	39
431	323	27	39
432	322	27	39
431	324	27	39
431	324	27	39
431	324	27	39
430	325	27	39
430	326	27	39
429	327	27	39
430	326	27	39
429	327	27	39
428	327	27	39
429	328	27	39
427	329	27	39
428	330	27	39
427	331	27	39
428	331	27	39
428	332	27	39
428	333	27	39
428	333	27	39
427	335	27	39
427	336	27	39
428	337	27	39
427	338	27	39
427	339	27	39
428	340	27	39
428	341	27	39
427	342	27	39
426	343	27	39
426	344	27	39
426	345	27	39
426	346	27	39
425	348	27	39
426	349	27	39
424	350	27	39
425	351	27	39
424	352	27	39
423	353	27	39
423	355	27	39
422	356	27	39
422	357	27	39
421	358	27	39
421	359	27	39
420	360	27	39
419	361	27	39
419	362	27	39
418	363	27	39
418	364	27	39
417	365	27	39
416	366	27	39
416	365	27	39
416	366	27	39
414	366	27	39
415	367	27	39
414	366	28	40
413	366	29	41
413	366	29	41
412	365	29	41
411	365	29	41
410	365	29	41
411	364	29	41
409	364	29	41
408	364	29	41
408	364	29	41
407	365	28	40
407	365	28	40
406	365	28	40
404	365	28	40
403	364	28	40
402	365	28	40
401	366	28	40
399	366	28	40
398	365	29	41
396	365	29	41
395	364	29	42
394	365	29	42
392	365	29	42
390	366	29	42
390	366	29	42
388	365	30	43
387	367	30	43
387	365	30	43
386	367	30	43
385	365	30	43
384	366	30	43
381	367	31	44
382	365	31	44
356	372	31	45
353	370	31	45
352	368	31	45
353	367	31	45
351	365	31	45
352	364	31	45
351	363	31	45
351	361	31	45
352	360	31	45
352	358	31	45
353	356	31	45
351	355	31	45
352	352	31	45
352	350	31	45
350	348	31	44
350	347	31	44
349	345	31	44
348	342	31	44
349	341	31	44
348	339	30	43
347	338	29	42
348	336	30	43
346	335	30	43
346	334	30	43
345	332	30	43
345	331	30	43
344	330	30	43
345	329	30	43
345	328	29	42
344	327	29	42
345	326	29	42
344	325	29	41
341	324	29	41
340	322	29	41
339	321	28	40
340	319	28	40
339	318	28	40
340	317	28	40
340	316	29	41
337	315	29	41
339	314	29	41
339	314	29	41
339	313	29	41
337	312	29	41
339	310	29	41
340	310	29	41
340	309	29	41
340	309	29	41
341	308	29	41
341	307	29	41
341	306	29	41
341	306	29	41
354	311	29	41
356	312	29	41
357	311	29	41
357	309	29	41
356	309	29	41
356	308	29	41
357	309	29	41
358	308	28	40
358	307	28	40
358	306	28	40
358	306	28	40
358	305	28	40
360	304	28	40
360	303	28	40
361	302	28	40
361	301	28	40
361	301	28	40
362	301	28	40
361	301	29	41
361	300	29	41
361	300	29	41
360	298	29	41
360	299	29	41
360	298	29	41
360	297	29	41
359	296	29	41
360	296	29	41
360	297	29	41
359	295	29	41
360	295	29	41
359	294	29	41
359	294	29	41
359	294	29	42
358	294	30	43
358	294	30	43
357	294	31	44
356	293	31	45
356	293	32	46
356	292	32	46
355	293	32	46
356	292	32	46
356	290	32	46
355	292	31	45
355	290	31	45
354	292	31	45
355	292	31	44
355	291	31	44
354	292	31	44
354	291	31	44
353	292	31	44
354	291	31	44
352	291	31	44
353	291	31	44
352	292	31	44
351	291	30	43
351	292	30	43
350	292	30	43
350	292	29	42
349	293	29	42
348	293	29	42
347	292	29	42
347	293	29	42
346	295	29	41
344	295	29	41
344	295	29	41
342	296	29	41
341	297	29	41
340	297	29	41
340	297	29	42
339	298	29	42
338	297	29	42
337	298	29	42
338	299	29	42
337	298	29	42
336	299	29	42
336	298	29	42
335	299	29	42
334	299	29	42
333	298	29	42
333	299	29	42
331	298	29	42
331	298	29	42
329	298	29	42
329	298	29	42
327	297	29	42
327	296	29	42
327	297	29	42
325	296	29	42
324	296	29	42
323	295	29	42
323	294	29	42
323	295	29	42
321	294	29	42
321	294	29	42
320	293	30	43
319	293	31	44
318	292	31	44
317	293	31	44
316	292	31	44
316	293	31	44
315	292	31	44
314	293	31	44
313	291	31	44
312	292	31	44
312	291	30	43
310	292	30	43
309	293	29	42
308	292	29	41
307	293	29	41
307	293	29	41
305	293	29	41
304	292	29	41
304	292	29	42
302	293	29	42
301	292	29	41
301	293	29	41
300	293	29	41
298	293	29	41
297	293	29	41
297	292	29	41
295	293	29	41
294	292	29	41
294	291	29	41
292	291	29	41
292	292	29	41
290	292	29	41
289	292	29	41
289	291	29	41
288	291	29	41
287	291	29	41
288	289	29	41
286	290	29	41
286	289	29	41
286	290	29	41
286	290	29	42
285	291	29	42
285	291	29	42
284	292	29	42
284	292	29	42
284	292	29	42
284	292	29	42
284	293	30	43
282	293	30	43
283	292	31	44
283	291	31	44
281	292	31	44
282	291	31	44
282	292	32	45
281	292	31	44
280	291	31	44
281	292	31	44
280	290	31	44
279	291	31	44
278	291	31	44
279	290	31	44
278	290	31	44
278	289	31	44
276	290	31	44
277	289	31	44
276	289	31	44
276	290	31	44
276	290	31	44
275	289	31	44
276	290	31	44
274	289	31	44
274	288	31	44
273	289	31	44
273	288	32	45
272	287	32	45
272	286	32	45
272	286	32	46
271	285	32	46
271	285	32	46
270	284	32	45
270	284	32	45
271	284	32	45
269	284	32	45
270	282	32	45
270	281	32	45
268	281	32	45
270	280	32	45
268	280	32	45
268	279	32	45
268	279	32	45
267	279	32	46
266	278	32	46
266	278	32	46
265	279	32	46
265	279	32	46
264	279	32	46
264	278	32	46
263	278	32	46
262	277	32	46
263	278	32	46
261	278	32	46
261	276	33	47
260	277	32	46
259	276	32	46
259	277	32	46
257	277	32	46
258	276	32	46
257	277	32	46
256	278	33	47
256	276	33	47
256	277	33	47
255	278	33	47
256	277	33	47
255	277	33	47
256	278	33	47
255	277	33	47
256	278	33	47
255	279	33	47
256	277	33	47
256	279	33	47
255	278	33	47
254	280	33	47
254	280	33	47
254	280	33	47
254	281	33	47
253	282	33	47
252	283	33	47
251	282	32	46
252	283	32	46
250	284	32	46
249	285	32	46
249	286	32	46
247	287	32	46
246	287	32	46
245	288	32	46
244	288	32	46
243	290	32	46
241	291	32	46
240	291	32	46
238	291	32	46
237	292	32	46
236	292	32	46
234	292	32	46
233	293	32	46
231	293	32	46
229	294	32	46
227	293	32	46
225	294	32	46
224	294	32	46
222	295	32	46
219	296	32	46
218	296	32	46
215	296	32	46
213	296	32	46
211	297	32	46
210	297	32	46
208	297	32	46
205	297	32	46
203	299	32	46
200	298	32	46
197	300	32	46
195	301	32	46
192	302	32	46
190	301	32	46
188	301	32	46
187	301	32	46
185	301	32	46
184	302	32	46
183	302	32	46
183	302	33	47
182	302	33	47
182	302	33	47
182	303	33	47
183	301	33	47
183	302	33	47
184	301	33	47
183	302	33	47
185	300	33	47
184	300	34	48
184	300	34	48
185	300	34	48
185	298	34	48
185	299	34	48
184	299	34	48
184	299	34	48
182	300	34	48
182	298	34	48
181	299	34	48
180	299	34	48
178	299	34	48
177	300	34	48
175	299	34	48
174	300	34	48
172	300	34	48
170	300	34	48
169	299	33	47
168	299	33	47
167	300	33	47
165	299	33	47
164	299	33	47
162	299	33	47
161	299	33	47
161	299	33	47
160	298	33	47
159	299	33	47
157	299	34	48
156	300	34	48
155	299	34	48
155	298	34	48
154	299	34	48
154	299	34	48
153	299	34	48
151	299	34	48
151	300	34	48
150	301	34	48
149	301	34	48
148	301	34	48
147	301	34	48
148	301	34	48
146	302	34	48
145	302	34	48
145	302	34	48
144	303	34	48
143	304	35	49
142	304	35	49
142	306	35	49
142	307	35	49
142	307	35	49
141	308	35	49
141	308	35	49
140	309	35	49
140	310	35	49
139	311	35	49
140	311	35	49
139	312	35	49
140	312	35	49
140	312	35	49
140	312	35	50
140	311	35	50
139	312	35	50
140	311	35	50
139	312	35	50
140	310	35	50
140	311	35	50
140	310	35	50
139	311	35	49
140	309	35	50
139	309	35	49
138	308	35	49
138	309	35	49
138	308	35	49
138	307	35	49
138	308	35	49
138	308	35	49
138	308	35	49
136	308	35	50
137	306	36	51
136	307	37	52
136	306	38	54
135	305	39	55
134	305	39	55
135	305	39	55
135	304	39	55
133	306	39	55
133	305	39	55
132	305	39	55
130	304	39	56
130	304	40	57
129	303	40	57
129	304	40	57
129	304	40	57
129	303	40	57
128	304	40	57
127	305	40	57
127	304	40	57
127	306	40	57
127	306	40	57
126	306	40	57
126	304	40	57
126	306	40	57
126	305	40	57
127	304	40	57
128	303	40	57
127	304	40	57
127	303	40	57
127	304	40	57
127	303	40	57
127	304	40	57
127	302	40	57
126	303	40	57
127	303	40	57
126	302	40	57
125	303	40	57
125	303	40	57
125	302	40	57
125	302	40	57
124	303	40	57
125	302	40	57
124	303	40	57
124	302	40	57
124	300	40	57
124	300	40	57
124	299	40	57
124	298	40	57
124	296	40	57
124	296	40	57
124	296	40	57
125	294	39	56
126	292	39	56
126	291	39	56
124	291	39	56
125	289	39	56
126	288	39	56
125	286	39	56
124	285	39	56
124	284	39	56
123	283	39	56
123	281	39	56
123	279	39	56
120	279	40	57
120	277	40	57
120	275	40	57
120	275	40	57
120	275	40	57
121	277	40	57
121	277	40	57
119	275	40	57
117	273	39	56
118	273	39	56
139	278	39	56
136	282	39	56
131	286	39	56
127	288	40	57
122	290	41	59
117	301	42	60
113	305	42	60
109	309	43	61
104	313	43	61
100	316	44	63
94	319	45	64
89	322	46	65
