959	786	106	75
952	784	106	75
946	785	106	75
940	784	106	75
933	786	106	75
928	786	106	75
921	786	106	75
914	788	106	75
908	790	106	75
902	790	106	75
897	792	106	75
893	793	106	75
888	793	106	75
884	795	106	75
880	797	106	75
875	798	106	75
871	798	106	75
868	799	106	75
863	799	106	75
858	798	106	75
854	798	106	75
849	795	106	75
843	796	106	75
839	794	106	75
833	793	106	75
829	792	106	75
824	790	106	75
819	788	106	75
814	785	106	75
809	783	106	75
804	780	106	75
800	776	106	75
796	773	106	75
793	773	103	73
792	771	103	73
788	771	101	71
787	768	101	71
784	768	99	70
784	768	97	68
781	765	97	68
778	764	97	68
775	766	95	67
770	764	95	67
767	762	95	67
765	763	95	67
764	763	95	67
760	764	95	67
758	765	95	67
755	768	95	67
752	770	95	67
749	772	95	67
746	773	95	67
743	775	95	67
739	777	95	67
737	780	93	65
735	784	91	64
733	788	89	63
730	791	89	63
727	793	89	63
726	796	87	61
725	800	85	60
723	803	85	60
721	806	85	60
722	808	85	60
727	812	85	60
726	816	83	59
725	818	81	57
724	822	80	56
721	823	78	55
719	826	76	54
722	829	76	54
724	832	75	53
727	834	73	51
726	837	73	51
729	839	73	51
729	840	73	51
732	841	73	51
732	843	73	51
733	843	73	51
733	845	73	51
734	847	73	51
735	850	73	51
733	847	73	51
730	850	73	51
727	853	73	51
725	855	73	51
723	857	73	51
722	859	73	51
721	861	73	51
719	862	73	51
718	863	73	51
717	865	73	51
715	866	73	51
713	867	73	51
711	867	73	51
708	869	73	51
705	872	73	51
703	875	73	51
701	876	73	51
699	877	73	51
695	878	75	53
693	879	75	53
691	879	75	53
688	880	75	53
686	881	75	53
683	882	75	53
680	882	75	53
678	883	75	53
675	884	75	53
673	883	75	53
669	883	75	53
666	882	75	53
664	881	75	53
663	882	75	53
660	880	75	53
657	878	75	53
654	877	75	53
654	878	75	53
650	875	75	53
648	877	75	53
649	875	75	53
652	873	75	53
654	873	75	53
655	871	75	53
656	870	75	53
658	870	75	53
659	870	75	53
660	869	75	53
661	869	75	53
661	868	75	53
661	867	75	53
663	866	75	53
665	865	75	53
665	864	75	53
666	863	75	53
667	862	75	53
668	862	75	53
668	860	75	53
667	857	75	53
662	854	75	53
657	852	75	53
653	850	75	53
648	845	75	53
644	842	75	53
644	840	75	53
644	837	75	53
644	835	75	53
644	833	75	53
645	832	75	53
647	831	75	53
650	831	75	53
653	830	75	53
657	830	75	53
660	831	75	53
661	830	75	53
659	828	75	53
655	825	75	53
652	824	75	53
646	822	76	54
640	822	78	55
635	822	78	55
629	820	80	56
626	823	80	56
621	817	80	56
617	818	81	58
613	819	83	59
609	819	85	60
606	815	85	60
608	814	85	60
606	811	85	60
603	813	85	60
601	810	85	60
597	811	85	60
592	813	85	60
588	818	85	60
591	813	85	60
591	810	85	60
589	812	85	60
571	818	87	61
561	821	89	63
556	823	89	63
552	825	89	63
553	821	91	64
549	823	91	64
548	821	91	64
546	822	89	63
549	818	89	63
547	818	89	63
549	816	89	63
544	817	89	63
544	816	89	63
542	816	89	63
541	815	89	63
539	816	89	63
537	813	89	63
537	815	89	63
535	811	89	63
536	814	89	63
535	812	89	63
535	814	89	63
536	816	89	63
537	817	89	63
537	815	89	63
538	820	89	63
537	816	89	63
535	808	89	63
534	806	89	63
530	799	87	61
517	775	87	61
519	769	87	61
520	765	87	61
516	761	87	61
518	757	87	61
518	745	87	61
519	723	87	61
521	716	87	61
526	712	87	61
525	710	89	63
525	708	89	63
524	710	89	63
523	705	89	63
522	707	89	63
522	704	89	63
520	704	89	63
515	701	89	63
512	702	91	64
516	698	91	64
512	701	91	64
506	703	93	66
499	705	93	66
501	709	95	67
502	704	95	67
498	708	95	67
504	704	95	67
504	703	93	66
504	702	93	66
504	702	93	66
504	700	93	66
503	699	93	66
503	697	93	66
503	694	93	66
503	691	93	66
503	688	93	66
505	687	93	66
505	685	93	66
503	683	91	64
506	681	89	63
503	679	87	62
499	673	87	62
497	668	85	60
492	658	85	60
494	652	85	60
541	707	84	59
541	706	82	58
541	706	82	58
541	706	82	58
542	706	82	58
542	707	82	58
543	707	80	56
545	708	78	55
546	710	78	55
546	711	78	55
547	709	78	55
548	710	78	55
548	711	78	55
548	710	78	55
549	710	78	55
549	707	78	55
549	708	78	55
551	710	78	55
552	710	78	55
551	708	78	55
552	709	78	55
552	707	78	55
553	708	78	55
554	707	78	55
555	708	78	55
555	707	78	55
555	707	78	55
556	706	78	55
556	707	78	55
556	704	78	55
557	706	78	55
557	704	78	55
558	706	78	55
560	704	77	54
560	705	77	54
561	704	75	53
562	706	75	53
562	703	75	53
563	705	75	53
563	704	75	53
565	703	73	52
566	704	73	52
568	702	73	52
568	701	73	52
571	703	73	52
581	705	73	52
587	707	73	52
581	704	73	52
584	705	73	52
570	701	73	52
574	700	73	52
569	698	73	52
568	697	73	52
568	697	73	52
568	696	73	52
569	696	73	52
570	696	73	52
571	697	73	52
575	696	72	51
570	694	72	51
571	693	72	51
573	695	72	51
578	695	72	51
575	694	72	51
