1191	348	522	507
1182	348	522	507
1182	360	522	507
1178	368	522	507
1178	368	522	507
1174	376	522	507
1174	384	522	507
1174	392	522	507
1178	396	522	507
1174	404	522	507
1182	412	522	507
1174	420	522	507
1174	429	522	507
1170	437	522	507
1166	441	522	507
1166	449	522	507
1166	461	522	507
1162	453	522	507
1158	469	522	507
1158	457	522	507
1154	477	522	507
1154	465	522	507
1146	489	522	507
1154	473	522	507
1142	505	522	507
1146	497	522	507
1134	514	522	507
1138	510	522	507
1134	530	522	507
1130	526	522	507
1126	534	522	507
1130	538	522	507
1118	542	522	507
1118	546	522	507
1109	542	522	507
1109	542	522	507
1101	538	522	507
1097	534	522	507
1093	530	522	507
1089	522	522	507
1085	518	522	507
1081	510	522	507
1073	505	522	507
1065	501	522	507
1057	493	522	507
1049	489	522	507
1053	477	522	507
1049	469	522	507
1037	453	522	507
1033	457	522	507
1033	424	522	507
1028	429	522	507
1024	408	522	507
1024	408	522	507
1024	388	522	507
1028	388	522	507
1020	380	522	507
1008	364	522	507
1008	343	522	507
1015	321	533	518
996	298	545	529
999	270	557	541
999	240	557	541
1003	205	557	541
979	222	569	553
987	179	582	565
966	196	595	578
964	156	608	590
941	166	608	590
950	137	608	590
931	152	608	590
931	128	608	590
912	133	608	590
912	123	608	590
908	128	608	590
894	133	608	590
894	119	608	590
889	104	608	590
894	90	608	590
879	85	608	590
884	67	608	590
865	52	608	590
873	36	621	604
861	19	635	617
851	14	635	617
846	19	635	617
856	19	635	617
861	19	635	617
866	24	635	617
866	29	635	617
886	19	635	617
896	34	635	617
891	19	635	617
911	34	635	617
896	0	635	617
881	-39	635	617
891	-14	635	617
871	-4	635	617
911	29	635	617
886	74	635	617
861	113	635	617
866	98	635	617
837	88	635	617
851	118	635	617
832	93	635	617
846	79	635	617
817	69	635	617
817	59	635	617
822	54	635	617
802	44	635	617
809	17	622	604
799	-20	622	604
804	-44	622	604
804	-30	622	604
819	-49	622	604
819	-44	622	604
838	-40	622	604
843	-35	622	604
862	-25	622	604
870	-12	635	617
817	114	649	631
842	108	649	631
861	133	664	645
875	99	678	659
970	73	678	659
975	115	678	659
1007	99	678	659
1039	136	678	659
1060	125	678	659
1086	162	678	659
1107	173	678	659
1128	189	678	659
1144	194	678	659
1126	208	694	674
1152	214	694	674
1106	206	709	688
1139	223	709	688
1159	267	725	704
1126	334	725	704
1135	321	741	719
1067	313	757	735
1097	336	757	735
1021	304	774	752
1021	316	774	752
994	289	791	768
736	101	774	752
715	69	757	736
733	4	757	736
745	-24	757	736
761	-20	774	752
821	-32	774	752
881	-68	774	752
936	-31	758	736
927	-70	775	752
937	-66	792	769
919	-29	792	769
948	0	809	786
972	11	827	803
983	28	845	821
1035	81	845	821
1035	153	845	821
965	124	864	839
985	177	864	839
961	140	883	858
902	95	903	877
863	49	923	896
884	99	923	896
859	67	943	916
896	118	943	916
947	155	943	916
976	184	943	916
1020	184	943	916
1094	208	923	897
1087	222	923	897
1152	239	903	877
1195	241	884	859
1231	257	865	840
1253	286	847	822
1227	286	847	822
1207	286	847	822
1191	288	829	805
1178	282	829	805
1165	275	829	805
1159	275	829	805
1159	269	829	805
1185	262	829	805
1135	240	847	823
1167	224	866	841
1201	224	866	841
1153	217	866	841
1180	211	866	841
1164	226	847	823
1164	220	847	823
1157	220	847	823
1118	213	847	823
1095	215	829	805
1079	186	848	823
1044	145	830	806
1069	190	830	806
1050	145	830	806
1076	183	830	806
1067	141	848	824
1057	91	867	842
1057	138	867	842
1055	94	886	860
1048	156	886	860
1059	125	905	879
1013	100	926	899
1056	86	926	899
1049	57	926	899
1063	107	926	899
1078	72	926	899
1085	43	926	899
1099	79	926	899
1121	28	926	899
1114	-14	926	899
1150	21	926	899
1173	-24	906	880
1183	-41	886	861
1226	-52	868	843
1222	-37	849	825
1263	-60	831	807
1290	-51	813	790
1274	-85	796	773
1305	-135	796	773
1290	-144	779	756
1275	-177	762	740
1269	-218	762	740
1240	-260	762	740
1228	-301	762	740
1228	-331	762	740
1222	-337	762	740
1216	-319	762	740
1198	-360	762	740
1186	-497	762	740
1198	-597	762	740
1228	-822	762	740
1240	-964	762	740
1240	-1023	762	740
1240	-1029	762	740
1240	-1035	762	740
1251	-1006	762	740
1257	-1029	762	740
1265	-1033	746	725
1265	-1050	746	725
1265	-1068	746	725
1260	-1079	746	725
1248	-1097	746	725
1245	-1039	730	709
1247	-1047	714	694
1255	-1003	699	679
1260	-1030	699	679
1271	-975	699	679
1282	-997	699	679
1282	-1024	699	679
1274	-1060	715	694
1261	-1091	731	710
1247	-1122	747	725
1252	-1076	747	725
1252	-1099	747	725
1252	-1052	747	725
1252	-1081	747	725
1244	-1114	763	741
1236	-1146	780	758
1221	-1180	797	774
1212	-1214	815	792
1203	-1249	833	809
1194	-1278	852	827
1207	-1219	852	827
1207	-1245	852	827
1204	-1282	870	845
1188	-1319	890	864
1171	-1357	909	883
1171	-1301	909	883
1171	-1329	909	883
1153	-1368	929	903
1153	-1311	929	903
1156	-1329	910	884
1149	-1350	910	884
1149	-1286	910	884
1142	-1315	910	884
1135	-1336	910	884
1128	-1272	910	884
1128	-1301	910	884
1128	-1322	910	884
1118	-1353	930	903
1125	-1368	930	903
1115	-1400	950	923
1097	-1434	971	943
1078	-1460	993	964
1059	-1494	1015	986
1040	-1522	1037	1008
1020	-1558	1060	1030
1000	-1586	1084	1053
979	-1624	1108	1076
949	-1663	1132	1100
957	-1575	1132	1100
953	-1580	1108	1076
935	-1589	1108	1076
935	-1528	1108	1076
918	-1554	1108	1076
901	-1572	1108	1076
880	-1610	1133	1100
889	-1557	1133	1100
880	-1575	1133	1100
867	-1615	1158	1124
867	-1624	1158	1124
885	-1561	1158	1124
882	-1610	1183	1149
873	-1629	1183	1149
863	-1638	1183	1149
854	-1601	1183	1149
841	-1652	1210	1175
822	-1661	1210	1175
804	-1671	1210	1175
785	-1680	1210	1175
752	-1713	1236	1201
733	-1732	1236	1201
713	-1741	1236	1201
694	-1751	1236	1201
661	-1794	1264	1227
641	-1804	1264	1227
621	-1814	1264	1227
612	-1765	1264	1227
592	-1794	1264	1227
582	-1824	1264	1227
572	-1843	1264	1227
563	-1863	1264	1227
543	-1784	1264	1227
523	-1824	1264	1227
514	-1863	1264	1227
494	-1794	1264	1227
484	-1843	1264	1227
474	-1873	1264	1227
474	-1902	1264	1227
455	-1843	1264	1227
445	-1883	1264	1227
445	-1912	1264	1227
445	-1941	1264	1227
445	-1971	1264	1227
435	-1990	1264	1227
425	-2010	1264	1227
425	-2010	1264	1227
415	-2010	1264	1227
406	-2010	1264	1227
396	-2010	1264	1227
386	-2010	1264	1227
376	-2010	1264	1227
366	-2010	1264	1227
357	-2010	1264	1227
347	-2010	1264	1227
337	-2010	1264	1227
327	-2010	1264	1227
317	-2010	1264	1227
308	-2010	1264	1227
298	-2010	1264	1227
288	-2010	1264	1227
288	-2010	1264	1227
288	-2010	1264	1227
278	-2020	1264	1227
268	-2030	1264	1227
258	-2040	1264	1227
249	-2049	1264	1227
239	-2059	1264	1227
229	-2069	1264	1227
219	-2079	1264	1227
209	-2089	1264	1227
200	-2098	1264	1227
190	-2108	1264	1227
180	-2118	1264	1227
170	-2128	1264	1227
146	-2152	1292	1255
136	-2162	1292	1255
126	-2172	1292	1255
116	-2182	1292	1255
91	-2206	1320	1282
81	-2216	1320	1282
71	-2226	1320	1282
60	-2237	1320	1282
65	-2233	1292	1255
55	-2243	1292	1255
45	-2253	1292	1255
35	-2263	1292	1255
25	-2273	1292	1255
14	-2283	1292	1255
4	-2293	1292	1255
-5	-2303	1292	1255
-15	-2313	1292	1255
-25	-2323	1292	1255
-35	-2333	1292	1255
-45	-2343	1292	1255
-69	-2368	1321	1283
-80	-2378	1321	1283
-90	-2388	1321	1283
-115	-2413	1350	1311
-126	-2423	1350	1311
-136	-2434	1350	1311
-147	-2444	1350	1311
-172	-2470	1380	1340
-183	-2480	1380	1340
-194	-2491	1380	1340
-189	-2487	1350	1312
-200	-2498	1350	1312
-210	-2508	1350	1312
-221	-2519	1350	1312
-231	-2529	1350	1312
-242	-2540	1350	1312
-252	-2550	1350	1312
-263	-2561	1350	1312
-273	-2571	1350	1312
-284	-2582	1350	1312
-294	-2592	1350	1312
-305	-2603	1350	1312
-315	-2613	1350	1312
-341	-2638	1380	1341
-352	-2649	1380	1341
-363	-2660	1380	1341
-373	-2671	1380	1341
-384	-2681	1380	1341
-380	-2677	1351	1312
-390	-2688	1351	1312
