1246	692	116	92
1247	696	116	92
1246	694	116	92
1246	695	116	92
1246	694	116	92
1248	695	116	92
1248	696	116	92
1249	696	116	92
1248	697	116	92
1249	697	116	92
1247	696	118	94
1249	696	118	94
1249	697	118	94
1249	698	118	94
1250	700	118	94
1246	697	118	94
1247	697	118	94
1246	694	118	94
1247	695	118	94
1245	691	118	94
1246	692	118	94
1243	688	118	94
1246	691	118	94
1243	687	118	94
1245	690	118	94
1242	687	118	94
1246	689	118	94
1242	687	118	94
1247	688	118	94
1243	687	118	94
1245	687	118	94
1242	685	118	94
1244	687	118	94
1242	685	118	94
1244	687	118	94
1242	685	118	94
1242	686	118	94
1241	685	118	94
1241	686	118	94
1239	684	118	94
1241	685	118	94
1239	684	118	94
1240	685	118	94
1238	683	118	94
1239	684	118	94
1237	682	118	94
1238	681	118	94
1237	682	118	94
1237	680	118	94
1237	681	118	94
1237	679	118	94
1237	680	118	94
1237	680	118	94
1237	679	118	94
1237	679	118	94
1237	679	118	94
1237	679	118	94
1237	679	118	94
1238	679	118	94
1238	679	118	94
1240	679	118	94
1239	679	118	94
1241	679	118	94
1242	679	118	94
1243	679	118	94
1244	680	118	94
1245	679	118	94
1247	680	118	94
1247	679	118	94
1249	680	118	94
1249	679	118	94
1252	681	118	94
1253	679	118	94
1254	682	118	94
1255	679	118	94
1258	682	118	94
1259	680	118	94
1261	682	118	94
1261	680	118	94
1264	683	118	94
1265	682	118	94
1267	682	118	94
1270	683	118	94
1271	685	118	94
1271	683	118	94
1274	686	118	94
1274	684	118	94
1278	687	118	94
1278	685	118	94
1281	688	118	94
1282	688	118	94
1283	690	118	94
1286	688	118	94
1288	690	118	94
1290	689	118	94
1288	691	118	94
1293	690	118	94
1293	692	118	94
1295	694	118	94
1296	695	118	94
1297	695	118	94
1298	696	118	94
1300	696	118	94
1301	696	118	94
1300	697	118	94
1301	699	118	94
1302	700	118	94
1303	700	118	94
1304	703	118	94
1306	702	118	94
1307	704	118	94
1307	705	118	94
1309	705	118	94
1308	709	118	94
1311	707	118	94
1309	708	118	94
1311	712	118	94
1313	709	118	94
1312	714	118	94
1314	712	118	94
1314	716	118	94
1315	715	118	94
1312	720	118	94
1314	717	118	94
1313	721	118	94
1315	719	118	94
1312	725	118	94
1314	721	118	94
1314	725	118	94
1315	724	118	94
1313	729	118	94
1315	726	118	94
1313	731	118	94
1315	728	118	94
1313	734	118	94
1315	732	118	94
1316	735	118	94
1316	734	118	94
1317	738	118	94
1315	736	118	94
1316	740	118	94
1315	740	118	94
1315	743	118	94
1316	741	118	94
1315	745	118	94
1315	744	118	94
1315	746	118	94
1315	745	118	94
1315	748	118	94
1315	746	118	94
1316	746	118	94
1314	751	118	94
1315	749	118	94
1314	753	118	94
1314	751	118	94
1314	754	118	94
1314	752	118	94
1314	754	118	94
1314	752	118	94
1314	756	118	94
1313	754	118	94
1314	758	118	94
1313	755	118	94
1313	759	118	94
1312	758	118	94
1313	760	118	94
1313	761	118	94
1313	760	118	94
1313	764	118	94
1312	761	118	94
1313	765	118	94
1313	765	118	94
1313	767	118	94
1313	765	118	94
1314	769	118	94
1313	767	118	94
1314	770	118	94
1313	769	118	94
1315	771	118	94
1314	770	118	94
1315	773	118	94
1314	771	118	94
1316	774	118	94
1314	774	118	94
1316	776	118	94
1315	774	118	94
1317	777	118	94
1317	775	118	94
1318	777	118	94
1319	776	118	94
1319	779	118	94
1319	778	118	94
1319	777	118	94
1320	778	118	94
1320	777	118	94
1321	779	118	94
1322	779	118	94
1322	778	118	94
1323	777	118	94
1324	777	118	94
1325	776	118	94
1325	776	118	94
1327	776	118	94
1328	776	118	94
1329	776	118	94
1329	775	118	94
1331	774	118	94
1331	774	118	94
1333	773	118	94
1334	771	118	94
1335	771	118	94
1336	771	118	94
1337	770	118	94
1338	769	118	94
1339	768	118	94
1341	766	118	94
1342	766	118	94
1344	766	118	94
1344	765	118	94
1345	763	118	94
1347	762	118	94
1347	761	118	94
1349	761	118	94
1350	761	118	94
1351	759	118	94
1352	760	118	94
1352	758	118	94
1354	756	118	94
1356	757	118	94
1355	755	118	94
1357	756	118	94
1357	754	118	94
1359	753	118	94
1361	752	118	94
1360	752	118	94
1363	751	118	94
1363	751	118	94
1364	751	118	94
1366	751	118	94
1366	750	118	94
1368	751	118	94
1367	749	118	94
1369	750	118	94
1370	749	118	94
1371	751	118	94
1370	749	118	94
1373	751	118	94
1372	749	118	94
1374	751	118	94
1375	750	118	94
1375	751	118	94
1376	750	118	94
1377	751	118	94
1376	751	118	94
1379	753	118	94
1379	751	118	94
1380	754	118	94
1381	755	118	94
1380	754	118	94
1383	756	118	94
1381	755	118	94
1384	757	118	94
1385	758	118	94
1387	761	116	92
1388	760	116	92
1389	762	116	92
1389	764	116	92
1390	762	116	92
1391	766	116	92
1391	765	116	92
1393	767	116	92
1395	769	116	92
1395	769	116	92
1396	770	116	92
1396	773	116	92
1398	771	116	92
1400	776	113	90
1402	775	113	90
1402	779	113	90
1403	778	113	90
1404	781	113	90
1406	779	113	90
1406	783	113	90
1407	783	113	90
1408	785	113	90
1410	783	113	90
1410	787	113	90
1411	787	113	90
1412	789	113	90
1414	788	113	90
1414	791	113	90
1415	792	113	90
1417	792	113	90
1418	794	113	90
1419	795	113	90
1420	795	113	90
1422	798	113	90
1422	798	113	90
1423	799	113	90
1424	799	113	90
1426	802	113	90
1426	801	113	90
1428	803	113	90
1429	804	113	90
1430	803	113	90
1430	807	113	90
1432	807	113	90
1434	807	113	90
1434	810	113	90
1435	811	113	90
1436	812	113	90
1438	811	113	90
1438	815	113	90
1439	814	113	90
1440	816	113	90
1442	815	113	90
1443	818	113	90
1444	819	113	90
1446	818	113	90
1446	821	113	90
1447	819	113	90
1448	823	113	90
1450	821	113	90
1450	823	113	90
1451	823	113	90
1452	824	113	90
1454	823	113	90
1455	826	113	90
1455	825	113	90
1457	824	113	90
1458	826	113	90
1458	827	113	90
1460	825	113	90
1462	826	113	90
1462	827	113	90
1463	825	113	90
1464	826	113	90
1466	826	113	90
1466	827	113	90
1468	825	113	90
1470	824	113	90
1470	826	113	90
1471	825	113	90
1471	823	113	90
1472	824	113	90
1474	823	113	90
1474	825	113	90
1475	821	113	90
1476	823	113	90
1478	821	113	90
1478	822	113	90
1480	821	113	90
1483	823	111	88
1484	820	111	88
1484	822	111	88
1485	820	111	88
1486	818	111	88
1485	820	111	88
1487	816	111	88
1488	817	111	88
1488	816	111	88
1489	815	111	88
1489	814	111	88
1489	814	111	88
1490	813	111	88
1491	812	111	88
1491	811	111	88
1491	812	111	88
1491	809	111	88
1491	810	111	88
1492	808	111	88
1491	807	111	88
1492	808	111	88
1489	804	113	90
1489	806	113	90
1489	801	113	90
1489	804	113	90
1489	801	113	90
1489	800	113	90
1488	802	113	90
