717	222	535	490
721	222	535	490
721	230	535	490
721	230	535	490
725	234	535	490
725	238	535	490
725	242	535	490
729	246	535	490
725	246	535	490
721	246	535	490
725	246	535	490
721	238	535	490
721	238	535	490
721	234	535	490
721	230	535	490
721	226	535	490
721	222	535	490
721	222	535	490
725	222	535	490
725	222	535	490
729	222	535	490
729	226	535	490
729	226	535	490
729	226	535	490
733	226	535	490
725	226	535	490
725	222	535	490
725	222	535	490
725	217	535	490
721	222	535	490
725	222	535	490
719	212	546	500
715	216	546	500
715	212	546	500
719	216	546	500
708	215	558	511
713	206	558	511
713	211	558	511
706	205	571	523
711	196	571	523
706	196	571	523
711	196	571	523
706	196	571	523
702	192	571	523
711	196	571	523
698	192	571	523
702	196	571	523
702	196	571	523
698	188	571	523
696	191	583	534
696	178	583	534
696	169	583	534
696	160	583	534
696	156	583	534
691	151	583	534
700	147	583	534
705	156	583	534
691	151	583	534
696	156	583	534
700	160	583	534
689	168	596	546
698	168	596	546
694	168	596	546
694	172	596	546
703	172	596	546
698	177	596	546
703	177	596	546
696	178	584	535
709	169	584	535
701	169	584	535
715	158	571	523
720	162	571	523
717	160	559	512
734	168	559	512
722	147	559	512
738	156	559	512
738	160	559	512
734	151	559	512
751	156	559	512
737	145	547	501
774	157	547	501
757	149	547	501
768	148	559	512
760	135	559	512
767	142	572	523
756	123	559	512
778	136	559	512
761	119	559	512
778	131	559	512
756	115	559	512
782	131	559	512
767	117	572	524
775	126	572	524
784	126	572	524
755	124	584	535
769	120	584	535
760	133	584	535
751	120	584	535
773	133	584	535
751	116	584	535
758	132	597	547
727	110	597	547
754	123	597	547
727	101	597	547
758	119	597	547
727	96	597	547
749	110	597	547
729	90	585	535
756	103	585	535
721	94	585	535
743	103	585	535
716	85	585	535
734	99	585	535
712	81	585	535
699	94	585	535
712	94	585	535
721	103	585	535
690	90	585	535
703	103	585	535
716	99	585	535
685	103	585	535
694	103	585	535
694	107	585	535
694	112	585	535
668	112	585	535
681	116	585	535
679	106	598	547
684	110	598	547
666	101	598	547
675	115	598	547
652	101	598	547
661	110	598	547
637	107	585	536
646	121	585	536
646	112	585	536
633	121	585	536
633	121	585	536
624	121	585	536
619	125	585	536
619	121	585	536
610	125	585	536
615	129	585	536
615	129	585	536
615	134	585	536
615	143	585	536
615	151	585	536
610	160	585	536
615	169	585	536
597	169	585	536
606	174	585	536
604	168	598	547
600	163	598	547
604	168	598	547
609	172	598	547
613	172	598	547
618	168	598	547
618	172	598	547
622	177	598	547
631	177	598	547
636	181	598	547
643	180	611	560
643	171	611	560
652	180	611	560
646	177	598	548
664	181	598	548
664	172	598	548
662	171	611	560
662	162	611	560
664	165	625	572
664	156	625	572
664	165	625	572
653	162	611	560
667	167	611	560
665	165	625	572
655	161	625	572
665	165	625	572
668	164	639	585
648	154	639	585
663	159	639	585
668	149	639	585
656	160	625	572
665	156	625	572
665	151	625	572
670	146	625	572
665	151	625	572
684	146	625	572
665	151	625	572
668	149	639	585
652	156	625	573
671	156	625	573
671	156	625	573
659	144	612	560
664	153	612	560
633	151	626	573
652	151	626	573
652	137	626	573
652	142	626	573
647	128	626	573
645	125	612	561
656	131	599	549
645	124	586	537
645	128	586	537
645	128	586	537
654	124	586	537
645	128	586	537
654	132	586	537
658	137	586	537
658	146	586	537
658	150	586	537
649	141	586	537
658	155	586	537
654	159	586	537
662	168	586	537
649	159	586	537
672	173	574	526
651	160	574	526
677	182	574	526
655	178	574	526
668	191	574	526
651	178	574	526
668	191	574	526
659	195	574	526
672	199	574	526
659	195	574	526
671	203	587	537
671	194	587	537
662	189	587	537
674	193	600	549
670	174	600	549
677	187	613	561
677	173	613	561
677	173	613	561
677	178	613	561
686	164	613	561
682	169	613	561
686	155	613	561
691	155	613	561
696	145	613	561
686	150	613	561
696	141	613	561
700	150	613	561
691	136	613	561
700	145	613	561
702	129	600	549
707	134	600	549
707	120	600	549
716	129	600	549
716	116	600	549
700	113	587	537
723	122	587	537
709	126	587	537
723	126	587	537
718	130	587	537
712	119	574	526
725	136	574	526
710	121	562	515
718	130	562	515
714	121	562	515
714	113	562	515
714	113	562	515
701	96	562	515
695	89	550	504
703	85	550	504
689	74	538	493
701	74	538	493
710	62	538	493
701	62	538	493
710	62	538	493
706	58	538	493
714	46	538	493
718	58	538	493
696	44	527	483
704	52	527	483
706	53	516	472
706	57	516	472
693	51	505	462
705	63	494	452
700	60	483	443
700	75	483	443
715	76	473	433
695	79	483	443
703	83	483	443
692	83	483	443
699	83	483	443
675	81	494	453
682	74	494	453
671	74	494	453
671	66	494	453
671	55	494	453
660	59	494	453
656	55	494	453
660	52	494	453
669	53	484	443
663	65	473	433
660	68	473	433
665	73	463	424
667	72	473	434
679	83	463	424
686	80	463	424
693	83	463	424
700	90	463	424
710	97	463	424
707	108	463	424
717	108	463	424
724	111	463	424
728	115	463	424
731	122	463	424
738	122	463	424
745	132	463	424
757	137	453	415
764	147	453	415
760	154	453	415
767	157	453	415
767	161	453	415
767	154	453	415
764	164	453	415
771	157	453	415
755	167	464	424
762	156	464	424
752	163	464	424
762	149	464	424
738	163	464	424
741	156	464	424
753	164	454	415
753	161	454	415
733	170	464	425
747	163	464	425
737	174	464	425
744	174	464	425
747	177	464	425
744	184	464	425
747	184	464	425
751	188	464	425
754	188	464	425
763	182	454	416
763	186	454	416
770	182	454	416
756	182	454	416
763	182	454	416
753	189	454	416
753	189	454	416
746	200	454	416
742	200	454	416
732	196	454	416
732	200	454	416
732	196	454	416
729	200	454	416
729	203	454	416
732	210	454	416
732	206	454	416
731	209	464	425
734	195	464	425
727	202	464	425
734	191	464	425
734	198	464	425
734	195	464	425
731	205	464	425
738	198	464	425
724	216	464	425
738	212	464	425
741	219	464	425
748	226	464	425
734	233	464	425
745	244	464	425
759	237	464	425
766	244	464	425
776	233	464	425
755	237	464	425
766	223	464	425
776	219	464	425
776	216	464	425
780	212	464	425
778	207	454	416
783	205	444	407
778	199	435	398
784	189	435	398
787	183	435	398
792	184	425	390
795	187	425	390
802	190	425	390
805	194	425	390
808	200	425	390
813	206	435	398
817	189	435	398
820	199	435	398
827	196	435	398
833	189	435	398
832	192	445	407
842	178	445	407
842	185	445	407
852	188	445	407
859	185	445	407
861	191	454	416
867	177	454	416
867	181	454	416
847	184	454	416
855	182	445	407
850	183	435	399
842	178	426	390
839	181	426	390
823	181	426	390
823	171	426	390
810	175	426	390
802	176	417	382
797	189	408	374
804	180	408	374
785	189	408	374
791	176	408	374
785	173	408	374
782	170	408	374
771	163	417	382
777	166	417	382
784	153	417	382
763	149	426	390
758	135	436	399
753	137	445	408
741	129	455	417
736	118	465	426
735	109	475	435
731	116	475	435
718	112	486	445
715	112	486	445
711	108	486	445
704	108	486	445
700	104	486	445
707	97	486	445
711	93	486	445
700	104	486	445
687	103	497	455
662	106	508	465
621	81	519	475
643	104	531	486
650	86	542	497
610	76	554	508
631	97	554	508
621	70	567	519
610	82	579	530
585	53	592	542
608	76	592	542
587	47	605	554
604	45	618	566
592	34	632	579
583	29	632	579
602	44	632	579
595	32	646	592
605	37	646	592
595	32	646	592
598	31	660	605
585	29	675	618
601	24	675	618
591	34	675	618
611	29	675	618
582	33	690	632
608	28	690	632
588	43	690	632
615	50	675	618
581	43	690	632
606	36	706	646
585	47	706	646
611	31	706	646
581	18	721	660
576	29	721	660
579	11	737	675
574	22	737	675
571	20	753	690
571	9	753	690
565	20	753	690
579	22	737	675
565	14	754	690
571	14	754	690
582	14	754	690
565	9	754	690
576	-2	754	690
576	9	754	690
571	-7	754	690
582	3	754	690
571	-7	754	690
582	-2	754	690
576	-2	754	690
579	5	738	675
585	0	738	675
579	-5	738	675
596	5	738	675
579	-17	738	675
596	0	738	675
579	5	738	675
603	23	722	661
581	1	722	661
598	23	722	661
581	6	722	661
576	28	722	661
592	6	722	661
570	23	722	661
576	17	722	661
581	23	722	661
565	12	722	661
583	29	706	647
578	35	706	647
594	24	706	647
583	19	706	647
596	20	691	633
596	20	691	633
603	17	677	620
618	22	677	620
613	12	677	620
629	17	677	620
624	22	677	620
