452	47	328	627
440	39	328	627
444	39	328	627
433	35	328	627
440	39	328	627
426	28	328	627
433	39	328	627
418	28	328	627
426	39	328	627
414	32	328	627
422	36	335	640
403	29	335	640
407	36	335	640
407	29	342	655
396	29	342	655
403	37	342	655
388	33	342	655
396	37	342	655
396	34	350	669
376	26	350	669
388	34	350	669
376	30	350	669
384	38	350	669
384	30	358	684
376	30	358	684
380	34	358	684
360	22	358	684
368	30	358	684
364	27	365	699
356	23	365	699
360	28	374	714
343	15	374	714
352	24	374	714
339	15	374	714
339	19	374	714
331	15	374	714
331	15	374	714
318	7	366	699
323	7	374	715
314	0	374	715
302	-9	374	715
311	4	382	731
284	-25	390	747
293	-16	390	747
280	-34	390	747
275	-12	390	747
253	-43	390	747
280	-16	390	747
267	-38	382	731
258	-51	374	715
262	-27	366	700
262	-44	358	685
274	-23	358	685
283	-40	358	685
278	-23	358	685
266	-48	358	685
270	-27	358	685
270	-44	358	685
266	-23	358	685
266	-40	358	685
270	-27	358	685
266	-32	358	685
287	-19	358	685
291	-23	358	685
299	-23	358	685
311	-19	358	685
319	-11	358	685
323	-7	358	685
319	-19	358	685
315	-11	358	685
324	-15	366	700
308	-15	358	685
316	-7	358	685
304	-15	351	671
324	-3	351	671
312	-19	351	671
300	-24	343	656
293	-5	336	642
312	-13	336	642
290	-14	329	629
308	-6	329	629
290	-17	329	629
308	-17	329	629
297	-17	329	629
323	-28	329	629
298	-22	322	615
331	-11	322	615
338	-7	322	615
349	-18	322	615
335	-8	315	602
307	-12	308	589
344	0	301	577
385	-6	301	577
415	0	295	564
432	-13	301	577
446	-23	301	577
436	-26	301	577
436	-30	301	577
449	-37	301	577
456	-33	301	577
463	-40	301	577
477	-37	301	577
481	-50	308	590
498	-47	308	590
512	-47	308	590
701	152	308	590
729	169	308	590
739	166	308	590
725	148	315	603
736	148	315	603
717	127	322	616
739	127	322	616
757	130	322	616
743	123	322	616
735	101	329	630
740	79	336	644
732	60	344	658
744	48	344	658
744	49	351	672
732	33	351	672
720	25	359	687
716	13	367	702
720	13	367	702
732	9	367	702
724	6	375	718
728	-2	375	718
706	-14	384	734
724	-5	384	734
711	-23	392	750
719	-18	392	750
715	-23	392	750
706	-31	392	750
716	-21	401	767
697	-49	410	784
716	-25	410	784
702	-49	410	784
712	-28	419	801
687	-67	428	819
697	-43	428	819
672	-82	438	837
672	-97	438	837
688	-80	447	855
662	-106	447	855
663	-141	457	874
673	-110	457	874
647	-147	467	894
652	-173	478	914
642	-157	478	914
663	-146	478	914
642	-168	478	914
642	-195	488	934
614	-200	488	934
614	-206	488	934
625	-195	488	934
598	-206	488	934
587	-211	488	934
598	-217	488	934
598	-221	499	954
570	-238	499	954
575	-233	499	954
558	-233	499	954
570	-202	510	976
576	-168	510	976
589	-148	521	997
565	-190	521	997
571	-170	533	1019
553	-200	533	1019
566	-174	545	1042
548	-199	533	1020
555	-172	545	1042
580	-154	545	1042
561	-191	545	1042
598	-148	545	1042
561	-178	545	1042
592	-141	545	1042
567	-166	545	1042
592	-135	545	1042
633	-100	533	1020
627	-76	533	1020
670	-52	533	1020
620	-120	545	1042
638	-83	545	1042
626	-101	545	1042
656	-42	533	1020
650	-61	533	1020
631	-109	545	1043
656	-60	545	1043
656	-72	545	1043
674	-31	534	1021
680	-50	534	1021
662	-56	534	1021
686	-44	534	1021
662	-50	534	1021
643	-25	534	1021
637	-44	534	1021
619	-17	545	1043
607	-23	545	1043
613	-36	545	1043
588	-17	545	1043
594	-11	545	1043
582	0	534	1021
618	-12	534	1021
643	0	534	1021
618	5	534	1021
650	-11	546	1044
612	-23	558	1067
650	-36	558	1067
669	-61	558	1067
650	-23	558	1067
675	-42	558	1067
669	-36	558	1067
694	-17	558	1067
682	-30	546	1044
707	-5	546	1044
700	-23	546	1044
719	-30	546	1044
707	-11	546	1044
719	-23	546	1044
749	-6	534	1022
749	-18	534	1022
767	-18	534	1022
755	-6	534	1022
767	-12	534	1022
767	3	523	1000
773	3	523	1000
767	9	523	1000
761	9	523	1000
