2298	1430	242	99
2294	1431	242	99
2292	1430	242	99
2287	1428	242	99
2283	1428	242	99
2284	1431	242	99
2291	1432	242	99
2291	1430	242	99
2292	1431	242	99
2292	1428	242	99
2291	1426	242	99
2290	1423	242	99
2290	1423	242	99
2288	1423	242	99
2294	1424	242	99
2292	1423	242	99
2291	1422	242	99
2291	1422	242	99
2295	1421	236	96
2295	1423	236	96
2296	1424	236	96
2296	1424	236	96
2299	1423	231	94
2299	1423	231	94
2299	1423	231	94
2299	1423	231	94
2299	1423	231	94
2299	1423	231	94
2300	1423	231	94
2299	1423	231	94
2297	1421	231	94
2296	1421	231	94
2296	1421	231	94
2296	1421	231	94
2296	1420	231	94
2297	1424	231	94
2297	1423	231	94
2297	1421	231	94
2297	1423	231	94
2299	1423	231	94
2299	1424	231	94
2297	1424	231	94
2296	1423	231	94
2296	1423	231	94
2297	1423	231	94
2299	1423	231	94
2299	1424	231	94
2297	1423	231	94
2299	1421	231	94
2299	1421	231	94
2299	1421	231	94
2299	1421	231	94
2297	1421	231	94
2299	1420	231	94
2299	1423	231	94
2299	1421	231	94
2297	1420	231	94
2297	1424	231	94
2297	1423	231	94
2297	1423	231	94
2297	1423	231	94
2299	1421	231	94
2300	1421	231	94
2295	1422	236	96
2293	1422	236	96
2295	1424	236	96
2298	1424	231	94
2298	1424	231	94
2300	1424	231	94
2298	1423	231	94
2301	1423	231	94
2300	1423	231	94
2300	1423	231	94
2300	1424	231	94
2300	1424	231	94
2298	1423	231	94
2300	1423	231	94
2298	1421	231	94
2300	1421	231	94
2298	1421	231	94
2298	1421	231	94
2298	1423	231	94
2297	1423	231	94
2297	1423	231	94
2297	1421	231	94
2297	1421	231	94
2298	1421	231	94
2298	1423	231	94
2298	1423	231	94
2298	1421	231	94
2297	1423	231	94
2297	1423	231	94
2298	1421	231	94
2297	1423	231	94
2297	1423	231	94
2298	1421	231	94
2297	1423	231	94
2298	1423	231	94
2298	1423	231	94
2297	1421	231	94
2300	1424	231	94
2298	1423	231	94
2300	1423	231	94
2298	1423	231	94
2298	1423	231	94
2298	1421	231	94
2298	1423	231	94
2298	1423	231	94
2298	1423	231	94
2298	1423	231	94
2298	1423	231	94
2298	1424	231	94
2297	1423	231	94
2298	1423	231	94
2298	1423	231	94
2298	1423	231	94
2298	1423	231	94
2300	1423	231	94
2298	1421	231	94
2297	1421	231	94
2298	1423	231	94
2298	1423	231	94
2300	1424	231	94
2298	1423	231	94
2300	1423	231	94
2298	1423	231	94
2300	1423	231	94
2298	1421	231	94
2298	1421	231	94
2298	1421	231	94
2298	1421	231	94
2297	1421	231	94
2297	1421	231	94
2297	1421	231	94
2298	1423	231	94
2297	1421	231	94
2297	1421	231	94
2297	1423	231	94
2298	1420	231	94
2297	1421	231	94
2298	1421	231	94
2298	1421	231	94
2300	1423	231	94
2298	1423	231	94
2301	1424	231	94
2298	1423	231	94
2300	1421	231	94
2298	1421	231	94
2301	1423	231	94
2301	1421	231	94
2301	1421	231	94
2301	1421	231	94
2301	1421	231	94
2300	1420	231	94
2298	1421	231	94
2300	1424	231	94
2297	1424	231	94
2297	1424	231	94
2297	1423	231	94
2298	1421	231	94
2300	1423	231	94
2298	1421	231	94
2300	1421	231	94
2300	1421	231	94
2300	1421	231	94
2300	1423	231	94
2300	1423	231	94
2300	1423	231	94
2300	1423	231	94
2298	1421	231	94
2298	1423	231	94
2298	1423	231	94
2298	1423	231	94
2297	1423	231	94
2297	1421	231	94
2298	1423	231	94
2298	1423	231	94
2298	1424	231	94
2298	1423	231	94
2300	1424	231	94
2297	1423	231	94
2298	1421	231	94
2300	1424	231	94
2298	1424	231	94
2297	1423	231	94
2300	1424	231	94
2297	1424	231	94
2297	1423	231	94
2298	1424	231	94
2298	1424	231	94
2298	1424	231	94
2298	1424	231	94
2298	1423	231	94
2301	1425	231	94
2298	1423	231	94
2301	1423	231	94
2300	1423	231	94
2298	1423	231	94
2298	1423	231	94
2298	1421	231	94
2300	1420	231	94
2300	1423	231	94
2298	1420	231	94
2300	1423	231	94
2300	1420	231	94
2300	1421	231	94
2300	1420	231	94
2300	1421	231	94
2301	1421	231	94
2301	1421	231	94
2301	1423	231	94
2301	1423	231	94
2301	1423	231	94
2301	1423	231	94
2300	1423	231	94
2300	1423	231	94
2300	1424	231	94
2297	1424	231	94
2298	1424	231	94
2298	1423	231	94
2300	1423	231	94
2298	1423	231	94
2298	1423	231	94
2298	1423	231	94
2298	1423	231	94
2298	1424	231	94
2297	1423	231	94
2297	1423	231	94
2297	1421	231	94
2297	1420	231	94
2303	1426	226	92
2301	1424	226	92
2301	1421	226	92
2302	1425	226	92
2301	1424	226	92
2301	1424	226	92
2302	1424	226	92
2302	1424	226	92
2302	1424	226	92
2302	1424	226	92
2302	1422	226	92
2297	1421	231	94
2298	1423	231	94
2298	1423	231	94
2298	1423	231	94
2298	1423	231	94
2298	1423	231	94
2297	1423	231	94
2297	1421	231	94
2298	1423	231	94
2297	1423	231	94
2297	1423	231	94
2297	1423	231	94
2297	1423	231	94
2300	1423	231	94
2300	1424	231	94
2298	1421	231	94
2298	1420	231	94
2298	1421	231	94
2297	1419	231	94
2298	1419	231	94
2297	1420	231	94
2298	1417	231	94
2294	1423	231	94
2294	1419	231	94
2297	1420	231	94
2302	1416	231	94
2298	1420	237	96
2301	1418	237	96
2301	1419	237	96
2298	1422	242	99
2298	1423	242	99
2298	1422	242	99
2298	1423	242	99
2298	1423	242	99
2302	1426	237	97
2302	1426	237	97
2302	1426	237	97
2303	1427	232	94
2303	1425	232	94
2305	1424	227	92
2303	1423	227	92
2303	1422	227	92
2305	1423	227	92
2303	1420	227	92
2305	1428	227	92
2302	1423	227	92
2302	1422	227	92
2303	1424	227	92
2302	1422	227	92
2300	1422	232	94
2301	1422	232	94
2301	1422	232	94
2301	1422	232	94
2301	1423	232	94
2300	1422	232	94
2301	1423	232	94
2301	1423	232	94
2300	1422	232	94
2300	1422	232	94
2302	1423	232	94
2300	1423	232	94
2301	1423	232	94
2301	1423	232	94
2300	1422	232	94
2300	1422	232	94
2300	1422	232	94
2300	1422	232	94
2301	1422	232	94
2300	1422	232	94
2300	1422	232	94
2300	1422	232	94
2301	1423	232	94
2300	1423	232	94
2300	1423	232	94
2300	1423	232	94
2298	1423	232	94
2298	1423	232	94
2298	1423	232	94
2298	1423	232	94
2298	1423	232	94
2298	1422	232	94
2300	1423	232	94
2300	1424	232	94
2298	1423	232	94
2298	1426	232	94
2300	1424	232	94
2298	1423	232	94
2298	1424	232	94
2298	1424	232	94
2298	1424	232	94
2297	1423	232	94
2297	1423	232	94
2298	1424	232	94
2298	1423	232	94
2298	1423	232	94
2300	1424	232	94
2298	1423	232	94
2298	1424	232	94
2298	1424	232	94
2298	1424	232	94
2298	1424	232	94
2298	1423	232	94
2300	1424	232	94
2298	1423	232	94
2300	1423	232	94
2298	1422	232	94
2298	1423	232	94
2298	1423	232	94
2298	1423	232	94
2300	1423	232	94
2300	1423	232	94
2301	1423	232	94
2302	1423	232	94
2300	1422	232	94
2300	1422	232	94
2300	1422	232	94
2300	1422	232	94
2300	1423	232	94
2300	1423	232	94
2298	1422	232	94
2298	1422	232	94
2298	1422	232	94
2298	1422	232	94
2298	1423	232	94
2298	1423	232	94
2294	1423	237	97
2293	1423	237	97
2294	1423	237	97
2294	1422	237	97
2293	1422	237	97
2293	1423	237	97
2293	1422	237	97
2294	1423	237	97
2294	1423	237	97
2294	1422	237	97
2293	1421	237	97
2294	1422	237	97
2293	1421	237	97
2294	1421	237	97
2289	1421	242	99
2293	1420	242	99
2293	1421	242	99
2292	1421	242	99
2290	1418	242	99
2289	1416	242	99
2292	1420	242	99
2289	1417	242	99
2289	1416	242	99
2292	1417	242	99
2289	1417	242	99
2289	1418	242	99
2289	1418	242	99
2288	1418	242	99
2289	1418	242	99
2288	1420	242	99
2289	1421	242	99
2292	1420	237	97
2293	1421	237	97
2294	1422	237	97
2293	1421	237	97
2294	1422	237	97
2293	1422	237	97
2293	1421	237	97
2293	1421	237	97
2293	1421	237	97
2293	1421	237	97
2293	1421	237	97
2293	1421	237	97
2293	1421	237	97
2293	1422	237	97
2293	1421	237	97
2294	1422	237	97
2293	1422	237	97
2293	1421	237	97
2294	1421	237	97
2294	1422	237	97
2293	1422	237	97
2294	1422	237	97
2294	1422	237	97
2294	1422	237	97
2294	1422	237	97
2293	1421	237	97
2293	1422	237	97
2293	1421	237	97
2293	1422	237	97
2292	1421	237	97
2293	1422	237	97
2292	1421	237	97
2293	1422	237	97
2292	1422	237	97
2293	1422	237	97
2292	1421	237	97
2293	1421	237	97
2293	1421	237	97
2293	1421	237	97
2293	1421	237	97
2294	1422	237	97
2293	1420	237	97
2299	1421	232	95
2298	1421	232	95
2298	1421	232	95
2298	1421	232	95
2297	1419	232	95
2297	1421	232	95
2297	1421	232	95
2297	1421	232	95
2298	1421	232	95
2298	1421	232	95
2298	1421	232	95
2298	1421	232	95
2298	1421	232	95
2298	1421	232	95
2299	1419	232	95
2300	1421	232	95
2298	1421	232	95
2298	1422	232	95
2298	1422	232	95
2297	1422	232	95
2298	1422	232	95
2298	1421	232	95
2298	1422	232	95
2297	1421	232	95
2297	1421	232	95
2297	1421	232	95
2295	1419	232	95
2302	1420	227	93
2300	1419	227	93
2300	1422	227	93
2300	1420	227	93
2300	1422	227	93
2302	1422	227	93
2300	1419	227	93
2300	1422	227	93
2302	1422	227	93
2302	1420	227	93
2302	1420	227	93
2303	1422	227	93
2298	1419	232	95
2299	1423	232	95
2298	1421	232	95
2298	1421	232	95
2296	1419	232	95
2299	1423	232	95
2298	1421	232	95
2298	1421	232	95
2298	1421	232	95
2296	1419	232	95
2298	1422	232	95
2296	1421	232	95
2296	1422	232	95
2295	1422	232	95
2296	1422	232	95
2296	1423	232	95
2291	1419	237	97
2300	1423	232	95
2296	1419	232	95
2298	1422	232	95
2296	1419	232	95
2298	1419	232	95
2298	1420	232	95
2296	1418	232	95
2300	1424	232	95
2300	1420	227	93
2301	1423	227	93
