261	601	505	230
267	600	490	232
266	601	492	231
270	603	490	233
270	603	492	235
273	604	494	237
277	604	492	239
273	605	495	239
277	607	497	241
283	608	496	243
282	606	499	245
285	607	499	247
284	607	502	249
287	607	503	251
282	606	500	252
284	607	505	255
279	606	504	255
276	607	512	262
275	606	504	260
269	607	518	264
267	609	517	261
264	610	523	264
264	610	519	263
263	610	524	271
260	611	522	266
260	611	526	268
256	610	525	269
254	611	529	272
252	611	526	271
249	611	533	275
246	611	532	274
245	611	537	278
245	611	536	281
243	611	533	276
247	612	531	277
246	610	532	281
245	610	532	282
244	609	532	285
244	610	529	288
242	608	531	288
239	608	532	290
243	609	527	294
241	608	527	293
241	609	530	298
241	609	529	292
240	609	534	299
240	607	534	301
240	607	534	305
241	606	532	305
237	606	536	309
238	607	536	309
236	607	538	312
233	606	538	314
230	607	542	317
226	607	543	317
224	607	547	320
223	609	546	320
225	607	541	320
220	609	547	321
220	608	552	322
218	609	546	320
218	610	556	324
217	611	556	323
214	611	561	325
214	614	559	324
213	611	568	329
208	614	565	330
203	611	567	337
208	612	558	335
204	611	560	339
201	612	557	333
204	611	552	335
202	610	554	330
200	609	557	336
196	608	558	330
195	612	555	330
193	610	556	333
187	610	562	336
196	611	549	332
188	612	554	333
191	615	549	336
182	615	554	333
182	614	552	339
182	618	550	334
178	618	552	337
175	619	554	336
170	619	557	334
165	621	561	334
167	621	557	336
159	624	564	337
155	624	565	341
150	629	565	339
147	626	561	336
145	632	564	334
141	629	566	343
135	628	572	346
130	628	569	347
123	628	574	347
113	630	581	346
107	628	580	345
106	629	580	345
104	627	579	345
105	627	576	344
102	627	578	345
103	625	577	350
105	623	576	347
105	621	576	352
103	619	578	353
99	616	581	356
95	614	585	358
97	614	583	361
96	610	586	364
91	608	593	367
89	607	597	368
92	604	595	368
86	599	602	374
91	596	598	375
85	594	608	381
84	591	604	380
78	587	609	383
77	583	609	387
78	578	610	391
77	574	611	401
70	571	619	404
74	565	611	409
80	560	608	412
79	557	607	416
70	549	612	415
79	546	601	419
76	540	606	429
81	537	597	426
78	533	606	432
75	530	608	433
78	522	604	439
80	517	612	451
77	511	612	454
80	506	608	458
88	501	598	458
82	499	601	463
80	494	595	465
81	492	609	472
76	487	592	478
77	483	579	480
72	482	577	484
72	477	560	488
72	468	550	499
74	462	539	501
54	459	559	513
61	452	542	512
62	447	540	511
63	439	533	517
59	434	532	520
53	427	530	523
55	421	523	536
87	409	491	540
102	404	465	544
62	401	505	551
69	393	499	558
87	390	475	565
105	382	454	566
95	384	463	560
122	375	439	566
158	379	398	562
144	375	409	565
162	372	392	565
146	369	406	569
160	366	394	578
159	357	394	579
156	354	398	580
164	351	390	589
155	344	401	597
164	343	391	598
172	338	385	606
173	337	390	606
191	336	376	609
197	332	374	618
199	332	373	621
215	333	359	621
219	334	361	620
226	335	357	625
229	337	353	632
233	340	346	637
235	341	352	635
235	342	357	637
232	342	362	645
230	344	371	643
229	344	375	645
228	343	370	649
228	345	368	646
229	345	368	648
228	348	373	660
227	350	376	659
231	354	373	651
235	356	366	662
237	359	368	664
236	362	376	662
242	364	377	666
245	366	374	665
247	370	378	678
245	374	381	674
253	376	383	677
255	379	383	665
257	383	386	692
263	386	385	674
261	390	389	691
266	392	393	674
266	397	393	677
276	399	390	696
275	404	391	682
275	404	392	692
276	408	393	691
278	410	396	693
284	413	398	682
286	417	400	673
289	420	400	703
292	424	402	697
299	427	401	692
303	433	403	694
308	436	406	696
312	442	405	690
317	444	404	702
320	451	410	698
326	454	409	695
332	458	409	700
339	463	409	696
346	468	410	692
354	471	406	692
361	475	402	693
364	480	402	694
367	484	402	692
371	489	398	689
371	490	398	690
373	492	397	694
373	498	400	692
375	497	401	694
375	502	401	689
373	508	406	688
373	513	404	689
374	519	405	686
377	522	409	683
380	527	401	680
381	533	394	678
380	538	397	674
383	542	394	676
386	546	386	671
386	545	391	672
388	545	379	677
392	545	375	684
394	544	366	687
399	539	356	697
402	536	350	704
400	534	350	712
404	530	344	718
404	530	344	718
407	523	338	726
410	524	332	733
413	519	328	739
413	518	325	743
411	517	326	750
411	513	324	759
414	512	322	761
412	512	325	765
421	509	314	771
421	508	314	776
434	502	302	785
437	502	303	782
441	498	299	789
444	496	301	793
447	492	300	799
453	490	297	807
458	487	297	811
458	486	298	813
467	485	291	817
477	477	281	828
481	471	280	842
486	464	280	858
485	470	281	844
495	465	276	859
501	452	274	870
507	445	269	875
508	440	271	892
509	440	274	884
508	434	278	896
511	433	278	896
513	428	276	907
513	433	277	904
511	428	279	907
512	421	279	922
510	411	280	927
510	410	280	934
507	401	280	943
499	392	284	949
492	385	291	960
490	387	293	963
487	378	292	972
477	369	298	975
466	359	306	994
466	361	308	1002
447	354	326	1021
453	344	326	1036
446	346	331	1030
430	335	351	1044
416	334	368	1048
405	334	375	1050
418	331	363	1049
409	330	378	1059
399	325	389	1065
402	330	383	1057
398	326	391	1059
372	321	416	1023
377	318	413	1030
366	314	424	969
343	314	445	935
359	323	435	916
341	310	449	919
350	321	443	878
334	317	460	889
323	319	471	880
326	316	470	878
313	319	480	879
292	314	506	868
300	321	499	854
309	321	489	856
273	311	531	853
288	325	517	840
283	321	519	842
266	316	537	836
250	318	557	831
252	321	557	815
245	316	569	805
226	313	587	814
212	319	603	803
209	318	608	796
199	322	616	789
195	318	627	782
194	316	628	786
196	312	628	772
192	314	635	765
181	317	648	760
182	322	647	751
186	318	643	753
172	336	659	731
161	347	666	713
162	323	663	739
151	354	678	695
150	348	671	708
148	352	676	700
144	350	680	699
153	351	672	694
132	353	697	684
125	354	708	679
124	357	708	671
128	362	701	663
110	362	719	648
137	379	708	637
104	367	732	638
107	376	732	623
84	382	760	609
104	380	741	610
78	387	773	590
87	378	761	599
73	389	781	582
65	389	784	575
62	395	795	562
58	392	801	554
58	392	804	552
46	397	820	540
43	399	819	539
27	398	837	533
34	401	823	525
23	400	841	520
21	401	842	517
19	402	844	506
17	401	848	511
19	400	840	511
14	399	848	503
17	401	847	503
16	399	852	486
17	395	856	505
11	396	856	487
9	397	862	492
6	399	861	479
9	398	861	482
9	397	863	475
5	399	866	473
4	404	877	461
8	398	862	464
9	404	871	464
9	397	870	462
10	401	874	458
16	402	869	451
12	401	872	448
8	403	885	441
9	405	885	438
2	405	890	437
5	408	889	430
0	408	895	428
2	406	897	425
0	402	898	432
2	405	897	429
0	408	907	420
2	407	903	420
0	409	914	411
0	408	910	414
0	409	915	411
0	410	917	401
0	411	916	404
0	413	920	394
0	412	919	398
4	414	913	391
0	414	919	390
0	413	919	390
0	415	918	388
2	422	921	381
2	419	920	382
2	420	922	381
1	427	924	367
2	425	927	372
0	431	937	359
2	430	920	364
4	426	933	365
2	435	936	352
2	436	938	351
2	437	938	351
3	438	937	350
4	438	937	345
4	439	930	346
0	440	938	344
5	443	932	337
2	443	934	335
7	442	929	339
1	445	937	327
6	445	932	325
3	445	934	325
4	444	939	320
8	445	935	319
4	445	939	318
2	444	939	319
6	443	941	317
5	444	940	314
6	443	938	314
6	442	940	311
0	445	947	309
6	443	943	311
5	440	946	307
3	441	948	305
4	440	945	306
4	440	944	305
9	443	941	297
7	442	950	299
6	442	947	301
7	442	943	296
8	437	944	300
9	442	941	296
15	439	936	300
13	442	942	300
15	440	936	303
13	442	940	302
12	440	942	307
12	439	940	309
12	439	941	309
7	441	952	312
13	440	948	316
11	438	947	316
8	437	955	324
11	442	949	318
21	443	944	318
9	439	955	321
31	442	936	327
34	443	933	323
33	443	932	324
40	441	930	335
42	439	927	337
41	440	929	336
61	439	907	344
49	438	913	343
40	437	927	344
56	439	910	344
68	434	900	352
71	436	902	351
71	438	897	347
77	431	898	365
73	429	898	365
71	434	898	358
85	429	891	372
93	430	888	366
92	431	887	371
90	426	893	370
95	423	888	385
103	426	876	379
91	421	892	383
107	421	875	394
116	421	875	391
119	422	865	389
120	414	867	407
131	418	859	404
116	411	877	407
117	413	872	408
139	409	848	421
142	411	853	417
139	412	851	415
164	407	819	428
164	406	813	431
161	398	826	437
178	414	804	428
179	403	802	437
177	403	797	439
178	409	794	432
200	408	782	440
202	401	781	447
201	404	781	444
219	408	761	446
220	405	765	449
221	407	758	448
234	403	741	459
236	403	744	457
239	406	738	455
235	405	747	456
261	408	722	463
255	409	734	461
255	406	732	461
275	411	707	468
269	411	712	468
273	409	706	469
290	405	692	480
291	409	695	475
290	410	699	476
289	411	696	474
306	413	671	478
308	417	668	475
301	414	673	478
320	417	655	482
320	424	650	474
319	426	650	473
338	435	628	471
339	433	641	473
337	438	635	472
340	433	632	476
351	443	620	473
351	444	615	473
352	445	612	473
361	451	611	477
362	454	614	474
362	454	614	474
370	461	596	475
373	466	594	469
372	464	598	470
377	474	587	472
377	473	583	471
376	474	581	470
379	478	575	476
379	477	574	474
378	475	570	477
379	473	573	486
378	471	575	489
376	479	568	491
375	484	567	485
376	488	563	488
375	488	567	485
376	492	558	489
371	498	556	488
371	498	553	488
371	498	548	492
371	500	547	493
369	501	544	495
367	501	541	503
366	504	540	500
370	501	530	510
371	506	525	511
368	509	522	512
371	508	523	509
367	510	514	520
367	510	504	525
363	511	502	527
362	514	501	528
362	517	492	529
358	524	488	527
356	521	491	530
354	520	485	534
351	520	484	541
349	527	473	538
346	527	470	541
349	526	461	548
349	522	455	552
347	530	451	547
345	526	445	552
341	527	440	552
338	523	442	559
336	523	439	560
334	525	435	558
333	518	435	562
332	520	432	563
331	518	433	567
329	524	425	561
329	515	427	570
328	512	426	572
327	507	427	575
326	503	424	578
327	501	423	579
324	501	426	577
322	506	421	575
325	502	414	580
324	498	410	588
326	500	404	587
322	496	408	591
318	493	413	594
314	491	416	598
314	490	415	600
308	491	416	601
309	492	411	598
310	491	405	598
306	492	408	597
306	492	405	598
305	491	409	600
302	494	406	595
299	495	410	596
296	495	406	593
297	486	404	603
292	491	411	599
290	491	411	596
287	490	406	599
