1578	0	180	46
1578	0	189	50
1572	0	213	64
1563	0	218	78
1564	0	248	96
1554	0	267	107
1546	0	260	113
1538	0	306	130
1531	0	304	128
1526	0	293	128
1523	0	296	132
1515	0	305	138
1511	0	313	141
1499	0	309	152
1487	0	311	155
1470	0	328	161
1438	0	351	180
1430	0	381	179
1407	0	385	194
1351	0	406	192
1362	0	367	207
1364	0	351	215
1381	3	335	227
1369	6	342	227
1352	7	340	227
1398	37	298	201
1273	0	303	92
1308	0	394	240
1338	0	411	247
1363	7	361	241
1363	18	355	235
1351	18	376	239
1393	19	356	240
1290	0	393	258
1294	0	386	178
1296	0	375	249
1304	0	344	178
1296	0	393	240
1291	0	429	277
1293	0	409	275
1294	0	412	266
1292	0	417	278
1293	0	394	271
1159	0	475	244
1219	29	428	283
1069	0	575	227
739	320	893	10
1287	89	115	129
1144	25	451	298
665	436	342	222
1034	0	305	121
1030	0	486	318
1262	50	210	327
1056	0	841	159
991	0	829	173
969	0	809	225
938	0	564	293
929	0	568	417
543	477	792	19
1088	250	132	160
936	3	516	427
528	553	1257	10
1128	294	251	136
915	7	429	405
1021	0	837	200
1564	1	355	224
1566	0	353	350
1547	0	372	283
1541	4	374	269
1537	4	377	289
1530	13	389	354
1511	21	408	367
1523	28	396	379
1519	41	400	373
1509	45	386	322
1436	36	451	302
1270	0	626	345
926	0	916	347
895	0	1024	392
934	29	880	370
1003	0	820	407
815	7	978	335
1050	31	765	314
1110	13	793	363
1049	32	870	367
1165	19	753	389
1745	116	174	307
1464	59	446	170
1486	0	407	282
1750	148	169	263
1687	148	232	271
1494	146	417	277
1745	145	174	277
1468	98	451	324
1739	167	180	250
1467	0	442	386
1003	130	889	293
1349	39	570	387
1088	78	685	336
1267	0	652	428
1086	280	461	124
1419	0	343	100
1426	0	491	402
1125	54	744	389
1044	10	640	401
1076	6	843	442
994	62	925	402
1020	20	542	349
1052	62	375	272
1046	144	365	200
1027	99	523	212
1026	127	368	215
1037	104	449	251
1016	106	416	248
1007	119	368	228
1004	133	412	214
985	141	362	206
1005	133	469	176
973	132	340	207
986	133	496	163
971	127	673	235
956	129	326	212
963	122	479	167
943	126	657	226
938	109	364	230
959	114	347	222
959	108	415	223
939	119	608	213
940	84	353	255
929	103	364	241
933	89	493	236
1459	6	430	212
1440	74	364	306
1622	122	294	207
1622	114	295	196
1596	101	320	209
1541	60	375	244
1566	79	344	229
1597	98	313	202
1439	0	467	291
1327	119	240	528
1227	314	315	331
1264	68	410	434
1126	162	413	427
787	228	873	273
573	156	1061	278
1010	420	535	197
1010	638	503	10
1216	478	146	145
1211	185	250	103
1206	100	481	91
1204	63	410	201
1188	5	499	276
884	0	764	539
872	0	968	338
1142	0	548	445
1098	0	717	317
1014	0	763	345
1006	9	772	365
953	0	874	358
958	10	915	349
1069	0	836	364
1045	5	831	358
1133	0	731	362
1052	0	831	323
895	2	881	329
988	4	722	357
1085	0	693	331
984	0	780	315
864	2	836	314
811	20	1042	299
813	15	1025	329
887	6	995	338
891	16	999	284
842	62	829	312
869	0	1031	323
829	32	972	362
1075	0	601	422
822	0	830	352
830	0	732	333
812	0	786	352
766	0	838	452
801	0	766	428
897	0	702	396
1000	0	623	377
800	0	761	394
886	0	618	360
757	0	747	410
863	0	710	384
792	0	773	404
708	0	1011	511
737	0	807	464
1269	401	288	284
896	196	482	193
1011	0	418	371
795	32	636	366
771	1	707	404
762	0	739	432
748	0	751	440
787	0	701	463
755	0	731	408
813	0	688	429
774	0	769	384
929	0	794	369
769	0	639	417
1116	393	435	312
778	403	777	10
987	187	256	173
1144	89	344	231
1286	496	300	155
1121	62	463	250
912	31	658	409
652	1	758	447
669	0	674	477
675	1	888	435
641	0	773	508
652	0	973	484
667	0	850	492
637	0	850	478
649	0	877	465
643	0	864	499
629	2	901	516
642	0	935	455
764	32	752	517
674	4	901	479
747	0	743	501
691	0	799	459
669	0	792	510
738	0	787	581
774	0	771	477
886	59	630	422
1034	74	469	386
861	40	464	449
891	44	581	474
684	137	625	307
1222	121	242	227
1221	146	243	197
1225	156	231	185
1185	150	273	192
1107	153	342	193
1046	93	417	255
1118	143	359	205
1126	139	324	203
905	103	527	243
1170	257	383	388
1117	135	322	214
818	0	669	236
1184	193	352	397
1003	110	395	244
669	0	704	411
674	0	772	380
765	0	677	385
644	0	788	384
709	52	721	424
822	86	604	314
930	87	480	278
640	0	232	132
639	0	172	135
638	1	328	229
637	0	190	155
636	1	175	150
635	1	301	248
638	1	179	170
633	0	173	169
635	1	165	186
636	0	158	189
635	0	155	199
635	0	149	202
633	0	148	211
631	0	149	218
632	0	148	221
629	0	151	228
629	0	150	233
628	0	148	237
626	1	150	244
625	2	149	246
623	4	153	246
619	4	160	297
616	4	161	261
614	6	162	268
612	8	178	312
613	11	208	415
607	0	267	382
609	1	393	425
1218	441	221	196
1131	110	182	179
808	360	424	10
868	219	145	127
719	347	302	65
734	362	143	136
603	81	283	415
890	424	226	150
662	231	276	250
741	359	217	157
703	195	237	296
657	240	323	263
716	345	237	181
751	362	202	144
795	109	145	392
758	360	197	145
749	75	207	425
737	357	229	155
772	356	199	144
756	269	224	231
672	212	304	294
569	322	482	205
176	225	938	292
1129	427	479	283
1366	528	244	145
1200	130	194	137
960	280	274	53
886	42	155	421
995	138	163	343
836	349	303	127
841	322	270	147
856	347	209	130
854	339	217	137
831	73	259	389
777	277	757	357
879	47	420	421
213	175	1258	233
722	11	740	488
1126	398	498	291
744	9	506	431
261	208	1254	385
299	105	1393	414
67	102	1502	443
561	7	1177	506
665	106	1078	443
725	21	800	509
710	9	966	490
737	9	902	558
735	0	993	544
722	3	982	499
1243	339	453	369
772	21	598	480
1375	462	295	245
959	317	239	155
960	324	229	138
973	319	219	146
971	319	223	145
985	313	215	146
985	317	217	143
988	315	221	146
992	313	218	147
995	305	219	155
1029	282	192	179
1009	322	207	137
1045	242	207	183
971	310	259	151
1024	300	208	160
1014	317	235	129
1033	309	212	142
1041	305	208	145
1091	264	172	178
1041	310	214	138
1105	254	205	152
1040	312	224	135
1063	294	224	137
1048	300	244	134
1061	302	230	136
1103	258	328	46
1293	2	54	368
1194	168	134	241
1078	300	223	143
1079	298	234	145
1081	300	228	150
1118	265	205	174
1356	51	227	129
1332	260	385	129
1103	294	232	158
1100	288	239	153
1156	235	212	167
1108	259	256	174
1103	301	254	137
1090	289	259	149
1102	277	247	158
1096	274	257	167
1137	288	222	147
1161	256	207	182
1143	305	249	125
1209	160	178	249
1156	289	225	143
1161	290	251	133
1171	290	235	136
1173	287	241	139
1178	287	234	142
1181	285	228	141
1191	283	228	143
1185	287	228	141
1203	283	213	140
1200	286	219	136
1203	282	223	142
1207	279	222	144
1245	262	218	138
1319	214	136	205
1627	7	125	189
1628	4	244	199
1618	0	269	201
1614	0	280	205
1607	0	288	208
1593	0	284	220
1589	0	291	214
1448	91	233	235
1585	0	235	247
1557	0	33	385
1513	71	249	239
1568	0	160	295
1351	188	163	223
1452	91	72	311
1458	10	286	307
1476	48	124	331
1502	41	60	356
1416	34	175	345
1474	51	84	352
1445	48	161	319
1494	14	190	290
1488	14	160	340
1478	15	274	279
1465	13	259	240
1456	17	242	388
1376	23	354	374
1220	22	220	308
1436	32	280	294
1426	55	305	235
1431	38	296	350
1407	78	319	287
1397	46	328	343
1395	95	326	251
1401	72	300	320
1386	82	302	310
1380	79	309	319
1368	79	296	216
1383	18	346	330
1342	12	365	366
1338	31	317	532
1319	20	364	449
1279	531	321	248
1152	5	492	322
1292	38	366	369
1289	26	433	325
1294	35	353	292
1316	48	358	299
1300	14	354	326
1290	28	386	334
1290	38	400	308
1286	80	373	262
1283	58	347	267
1261	48	453	321
1260	98	370	235
1260	75	376	267
1254	77	331	246
1244	74	454	304
1237	82	354	243
1238	56	408	313
1217	102	377	244
1230	52	576	359
1189	110	343	242
1230	69	343	283
1206	127	283	306
1198	109	293	391
1168	137	385	244
1170	125	301	372
1184	88	323	263
1253	333	372	486
1170	153	283	333
1177	64	307	327
1166	133	337	333
1164	160	276	185
1184	173	452	216
1157	150	305	232
1207	92	357	550
904	175	501	322
1056	293	554	508
1119	151	270	331
1147	64	287	288
1091	66	566	317
950	0	582	612
996	23	684	729
971	58	494	442
1033	29	638	462
1231	380	417	442
1072	19	601	659
982	0	658	485
1138	587	506	245
1210	65	374	676
1058	41	554	745
1340	563	288	251
1109	28	378	462
1075	43	543	584
1302	22	557	469
1276	271	337	537
1026	436	595	378
1111	225	634	307
1169	743	351	99
1355	325	10	169
1375	306	80	51
1373	284	115	76
1344	227	255	122
1587	7	255	128
1583	0	225	159
1580	0	138	247
1569	1	192	222
1424	153	246	164
1350	235	279	108
1526	17	143	287
1533	4	246	181
1406	146	194	231
1371	168	236	209
1516	1	151	340
1508	5	265	302
1498	0	230	344
1482	0	272	359
1466	0	415	276
1210	234	385	297
1386	0	183	717
1256	231	357	362
1330	645	272	170
1255	253	263	135
1464	23	350	255
1409	3	320	586
1328	621	260	189
1306	245	241	134
1590	95	250	208
1484	50	268	273
1387	14	429	312
878	155	397	343
910	185	505	436
1018	67	467	382
1265	519	358	309
1367	0	354	409
1313	0	280	640
1285	0	323	784
1036	189	539	567
953	111	507	386
1307	644	282	167
1588	186	17	182
1565	188	160	128
1392	68	443	246
1409	0	376	231
1213	185	337	171
1369	214	303	142
1156	272	238	136
1404	199	256	133
1466	184	199	153
1292	232	333	111
1148	282	209	127
1143	274	213	137
1137	275	242	116
1129	283	392	72
1183	273	492	56
1487	178	267	147
1131	285	298	108
1101	288	370	91
1099	293	289	109
1097	293	259	120
1085	292	301	119
1089	294	365	110
1083	296	329	108
1059	294	304	123
1056	290	282	127
1051	290	264	131
1045	289	267	125
1041	290	262	131
1032	288	243	132
1047	289	247	133
1030	290	265	123
1017	287	265	133
1027	288	249	131
1013	289	266	132
1007	287	277	131
997	284	282	135
1005	284	220	148
1009	290	239	136
1002	291	247	135
998	290	255	141
994	289	256	129
991	292	247	133
992	293	245	141
992	296	233	136
993	296	225	131
992	298	226	133
994	300	221	129
992	298	202	132
993	300	207	127
988	298	206	125
988	301	209	118
748	638	435	10
801	675	103	48
733	672	172	47
732	674	177	47
733	676	180	46
737	678	179	45
766	679	148	45
751	655	164	72
766	672	155	57
775	682	149	48
778	683	176	59
770	683	158	53
785	682	150	55
782	688	156	52
794	683	152	58
789	688	158	57
786	686	165	63
788	690	163	60
794	691	165	61
796	690	162	61
797	692	161	62
797	693	167	60
799	693	167	63
799	693	172	65
816	689	162	71
821	686	161	78
829	686	158	73
827	686	161	78
848	685	143	76
840	684	152	83
848	684	144	85
850	684	141	87
850	684	136	98
855	682	149	83
850	684	157	86
856	684	146	96
855	684	162	91
864	684	155	86
869	684	149	91
870	686	152	88
872	685	152	92
874	685	163	81
892	685	153	72
896	683	142	78
902	685	143	65
909	683	142	70
916	684	134	65
924	682	132	67
930	682	134	68
934	681	135	66
940	679	143	66
940	679	145	59
950	675	142	66
953	674	152	67
953	674	154	56
964	674	144	61
964	670	151	66
967	670	149	59
970	672	155	66
978	672	152	57
983	674	150	59
992	672	145	54
990	672	162	51
992	674	157	54
1009	673	149	63
1091	765	124	60
1153	834	90	46
1171	839	71	39
1170	836	83	44
1170	843	79	39
1171	841	73	41
1087	800	140	79
1025	680	174	91
1052	628	137	125
967	437	221	310
1012	685	217	55
1024	684	178	75
1044	686	170	99
1060	644	152	111
1007	497	240	345
1472	595	259	184
1376	271	322	418
1112	388	557	432
1440	499	351	292
1149	356	571	433
662	382	862	372
1353	673	260	241
1283	247	264	382
1456	612	10	134
1404	590	117	61
1475	416	173	82
1635	236	178	138
1634	240	249	123
1625	245	220	123
1631	243	267	110
1623	250	178	155
1612	255	241	116
1623	244	185	164
1606	253	208	190
1593	263	233	125
1603	254	261	123
1596	250	216	137
1596	248	220	144
1594	246	212	147
1590	247	220	152
1587	249	222	153
1586	250	220	153
1581	261	207	144
1577	262	218	146
1574	265	204	147
1569	272	215	142
1568	274	206	143
1564	275	208	144
1561	276	209	146
1558	277	210	141
1555	276	216	133
1556	274	231	125
1553	279	238	122
1547	279	251	112
1545	284	255	111
1541	288	252	130
1544	293	211	136
1530	293	266	39
1545	305	206	132
1533	310	206	130
1533	317	214	120
1532	320	207	128
1524	316	294	10
1595	205	134	160
1519	326	232	109
1518	322	210	114
1514	331	207	121
1507	332	215	134
1508	336	199	130
1504	341	203	123
1503	342	209	106
1501	340	187	129
1499	340	190	123
1502	332	195	116
1490	341	183	131
1573	218	110	233
1514	299	162	162
1610	165	83	275
1642	106	119	260
1628	120	86	302
1476	334	169	132
1594	179	248	102
1581	175	158	207
1509	274	129	190
1460	328	159	137
1572	180	138	191
1437	348	174	116
1461	304	229	69
1453	286	296	22
1412	358	183	76
1408	359	164	111
1383	360	194	115
1382	361	214	113
1390	343	236	90
1379	351	206	113
1367	357	244	91
1365	358	226	117
1343	320	268	299
1126	873	270	102
1260	836	71	166
1269	855	63	151
1267	854	69	158
1267	853	72	161
1265	862	79	158
1263	868	86	157
1263	879	88	151
1260	873	94	160
1260	882	100	152
1257	911	103	129
1258	902	105	143
1256	907	110	143
1254	918	114	134
1253	924	121	130
1256	929	128	135
1256	923	126	142
1258	942	135	129
1256	950	139	127
1252	954	148	123
1257	963	148	116
1254	967	157	110
1256	972	159	106
1188	905	222	164
1246	982	180	97
1154	874	220	150
