401	250	85	107
396	255	91	95
405	243	78	104
413	239	63	111
418	231	58	116
414	233	86	87
404	222	84	93
399	221	83	95
388	217	72	92
385	216	75	92
365	197	121	92
362	199	111	94
314	203	166	100
420	439	165	107
313	181	213	157
311	206	416	295
640	333	299	200
306	154	355	243
377	154	535	368
646	334	347	224
259	398	261	183
644	350	187	184
304	424	207	151
298	357	240	169
490	165	180	214
593	88	151	139
366	107	378	106
369	124	234	160
314	85	306	159
354	105	245	176
375	102	235	173
352	92	274	145
360	96	279	139
357	101	292	130
396	96	254	138
396	95	168	124
414	96	140	131
424	83	183	88
423	102	95	139
424	103	92	140
426	117	85	137
426	132	87	120
408	149	111	120
404	142	198	212
332	92	172	212
548	346	198	149
332	107	159	208
331	185	251	290
245	314	260	240
295	206	217	338
251	282	268	241
267	286	249	232
292	246	278	259
297	251	267	249
315	211	263	248
318	220	252	237
309	203	278	235
314	169	272	265
254	147	321	274
250	145	296	242
393	147	219	254
413	133	197	258
395	110	205	276
311	25	170	143
327	2	234	188
425	97	207	215
412	214	175	170
430	258	151	114
584	51	110	118
597	54	102	100
451	285	102	51
496	248	98	47
511	206	91	92
436	64	73	73
444	90	124	71
424	101	10	209
314	167	170	10
312	80	179	73
358	167	138	199
388	94	109	284
370	199	152	147
355	203	154	125
382	153	218	260
282	303	208	152
425	202	188	141
437	213	186	128
467	218	167	124
487	234	159	114
484	259	203	50
608	191	76	89
604	192	113	100
532	242	196	60
541	245	184	54
535	235	182	63
539	244	156	61
547	245	96	106
519	251	138	90
379	203	243	126
303	175	134	121
303	176	137	113
362	149	119	107
377	149	110	101
387	142	120	95
383	145	122	95
178	148	110	90
191	150	102	90
201	156	119	94
200	159	121	89
213	162	122	93
214	164	127	91
214	166	120	96
221	169	90	99
223	169	88	109
225	170	90	105
225	170	90	119
231	171	88	120
189	177	128	134
251	175	120	131
352	279	125	110
411	258	87	123
442	77	216	204
770	83	10	340
679	116	78	144
521	90	78	73
527	92	177	168
235	205	182	91
283	51	121	152
279	36	121	161
308	57	95	149
315	66	92	142
324	73	86	157
317	66	126	159
319	58	101	170
358	57	73	158
393	153	197	144
307	83	173	276
153	262	309	178
268	265	348	186
210	246	332	282
486	248	305	221
374	304	414	160
328	396	361	114
336	82	308	140
319	91	342	207
219	200	369	223
99	161	422	260
130	158	389	275
70	138	433	295
0	143	500	274
11	131	502	317
5	133	463	373
0	161	484	495
7	148	524	406
4	173	463	375
104	164	568	418
258	216	362	407
277	190	392	269
43	123	593	284
22	101	616	338
56	103	642	337
90	79	531	357
68	71	529	340
106	58	497	369
161	58	419	350
192	45	591	469
210	36	348	377
193	20	391	424
188	17	480	458
210	24	355	410
221	31	306	339
265	49	250	277
256	53	199	219
276	67	494	417
146	104	430	492
298	51	276	304
270	55	278	309
281	76	273	274
296	76	253	299
166	253	355	73
352	82	288	199
287	128	269	263
271	130	213	189
304	97	202	167
303	101	203	166
320	104	196	173
321	109	212	196
309	118	217	173
303	121	224	167
300	122	239	170
299	120	242	178
314	121	269	208
327	123	293	202
369	137	236	184
348	142	238	189
365	144	225	196
349	151	251	197
355	156	254	198
348	157	267	183
87	437	303	167
518	83	120	197
355	153	127	122
279	115	287	209
390	190	248	185
450	138	177	264
318	155	289	205
322	161	294	118
426	246	206	125
472	113	155	149
504	91	72	145
508	96	123	120
514	91	115	125
518	101	108	118
523	102	100	118
495	122	114	78
514	104	104	91
525	110	93	84
529	107	90	90
558	116	68	86
562	113	65	92
562	111	70	101
560	109	73	106
564	111	67	95
563	109	64	97
425	71	193	126
425	75	162	117
417	69	199	227
365	238	305	194
342	299	356	158
361	297	329	166
337	320	334	152
389	61	215	140
398	70	208	125
393	69	124	112
388	74	241	163
379	61	204	137
367	61	153	142
372	59	247	212
285	200	230	319
168	379	354	142
338	68	175	388
251	275	352	207
184	379	332	167
253	394	277	154
402	198	233	82
494	102	153	132
355	88	113	80
360	79	130	97
524	108	134	114
523	112	140	121
527	112	72	64
535	112	129	66
536	107	135	74
541	111	130	72
544	117	133	67
543	115	134	71
540	119	141	73
539	119	140	73
539	120	140	76
536	121	143	77
529	122	132	117
523	125	155	73
528	130	150	77
527	128	149	77
511	127	161	79
509	129	170	80
460	127	221	88
369	112	132	104
511	139	184	162
481	220	109	129
395	144	208	171
348	88	153	143
292	96	305	175
194	114	274	168
194	116	274	169
193	122	270	163
240	134	216	151
237	140	206	140
244	143	189	151
246	148	194	151
226	158	208	152
228	160	207	154
220	170	215	168
222	173	217	174
212	175	237	180
213	174	242	180
201	190	255	166
199	192	252	169
180	226	238	151
297	272	309	150
192	221	295	137
182	252	305	105
154	266	223	112
193	251	294	99
141	287	225	96
208	270	235	110
408	342	218	108
402	146	120	177
397	222	96	159
369	235	126	141
379	275	119	125
394	228	99	156
388	172	98	163
412	152	86	222
402	156	77	246
405	151	76	233
405	168	82	186
376	274	103	135
395	296	88	117
396	292	85	118
364	307	96	108
378	304	50	163
352	296	224	217
509	325	227	244
494	298	207	262
516	297	177	276
498	236	160	306
445	391	227	174
440	396	234	163
437	374	227	177
442	207	165	288
439	360	210	211
442	191	167	174
380	103	174	218
449	178	144	164
373	148	230	195
432	173	157	147
437	182	169	137
317	119	273	220
414	169	173	152
408	177	200	126
391	163	209	144
386	164	213	127
385	152	219	135
338	121	253	163
349	108	253	174
344	110	227	165
342	102	257	175
340	98	214	171
337	100	202	164
353	152	192	108
311	150	194	123
340	151	185	111
335	141	190	122
303	144	217	117
321	147	216	122
297	154	221	215
294	153	255	254
281	140	247	250
284	136	239	225
285	135	217	158
287	135	208	222
284	130	203	226
283	125	216	237
272	121	208	223
273	116	205	230
265	110	206	199
270	110	205	237
270	114	203	230
262	102	211	238
260	107	209	230
261	103	209	235
258	96	207	220
261	96	200	219
258	142	200	175
286	136	181	176
262	143	208	157
254	142	216	160
254	135	215	165
255	135	204	171
256	122	208	202
241	120	210	176
258	140	211	219
262	144	198	204
239	129	216	222
236	135	206	143
236	135	225	193
238	137	219	194
249	136	223	187
240	129	219	185
247	125	225	193
239	125	222	187
237	123	218	208
250	128	217	199
236	122	359	476
222	88	258	256
246	114	213	219
263	174	197	159
283	169	217	199
237	98	202	231
224	121	211	189
235	124	191	205
230	118	166	193
229	118	177	196
227	126	148	196
408	208	166	96
224	124	276	229
211	117	201	200
220	113	168	188
220	110	167	199
223	105	184	202
220	113	194	190
175	214	321	174
209	88	202	198
220	106	227	189
345	235	176	107
231	163	198	95
220	125	205	139
218	124	191	137
222	124	198	130
226	125	184	125
243	127	174	118
268	97	147	148
242	104	170	151
231	125	170	128
273	95	142	160
256	167	168	135
255	104	149	131
287	64	113	168
301	110	108	149
287	66	109	153
292	78	309	357
711	359	422	189
707	373	393	193
689	360	387	219
695	359	389	213
678	382	320	220
682	379	293	184
687	376	266	179
690	375	224	131
