0	414	399	218
0	416	396	203
0	422	416	198
0	425	419	197
1	428	449	193
5	430	476	193
9	430	451	196
13	432	508	191
19	430	474	198
27	431	481	196
33	428	479	200
44	428	468	205
51	428	469	204
59	427	471	204
66	426	473	205
69	428	479	201
71	428	485	202
74	429	486	206
76	431	491	206
78	435	494	202
84	437	498	202
91	440	499	203
99	436	497	207
105	438	500	209
116	436	496	212
116	438	501	210
125	438	499	216
136	434	494	223
140	434	498	226
143	436	499	224
149	437	497	221
154	439	499	222
156	442	502	222
162	444	500	225
170	444	498	227
178	442	495	231
180	440	497	234
185	440	495	237
185	436	503	235
188	437	502	235
180	434	513	236
169	434	527	236
163	434	533	241
157	436	543	243
146	437	554	243
135	440	567	241
135	437	570	242
140	436	566	242
125	436	579	241
107	437	595	250
113	434	586	252
144	426	549	262
86	423	610	263
89	416	610	281
166	424	520	279
210	423	446	283
198	415	478	257
178	413	517	235
178	408	527	226
180	398	521	226
178	390	521	220
174	379	521	222
180	363	516	225
185	359	505	220
200	349	488	225
208	338	482	234
213	330	472	238
211	326	470	239
200	317	478	245
187	319	490	241
175	313	496	248
166	313	496	246
154	316	508	242
150	317	504	241
147	318	503	240
146	316	500	241
145	315	494	244
144	310	489	250
149	304	476	263
152	299	469	269
147	298	470	273
144	297	471	274
142	295	472	273
149	297	463	268
157	296	451	266
157	298	448	262
148	299	454	263
141	299	462	263
140	296	466	263
145	295	460	264
148	295	458	267
149	294	457	264
148	295	456	263
148	297	453	260
151	298	449	254
146	300	452	249
144	300	451	246
136	300	452	245
132	304	452	239
124	306	457	234
113	308	463	230
107	311	466	224
97	318	470	217
90	314	474	219
83	317	472	215
68	318	484	212
60	318	485	211
43	316	493	208
36	313	490	209
29	313	492	204
25	312	486	205
15	308	488	207
7	305	481	207
9	310	471	201
6	306	462	205
7	307	449	204
2	305	445	208
2	305	439	207
4	301	431	209
2	298	429	213
3	294	424	218
5	291	422	222
4	284	422	227
3	277	421	229
0	278	423	222
2	281	417	212
2	273	415	216
1	273	412	213
0	273	407	212
1	271	399	214
2	270	398	216
1	275	399	215
2	277	391	218
5	277	386	244
7	271	374	250
5	273	374	259
5	274	367	266
3	280	370	275
6	288	370	284
5	294	373	294
3	295	373	313
5	297	373	316
3	303	382	318
3	307	387	322
4	314	406	326
4	319	427	328
2	330	447	334
4	327	460	343
7	338	473	368
6	340	485	355
3	341	511	364
3	340	539	357
0	351	572	360
7	355	542	344
1	355	605	368
0	360	589	356
0	361	421	313
0	372	477	295
0	377	406	232
0	381	463	223
0	386	434	205
0	388	445	193
0	391	445	190
0	391	446	187
0	392	442	187
0	392	433	186
0	391	439	187
0	391	437	188
0	384	455	191
0	391	434	197
0	382	453	190
0	376	402	191
0	373	410	185
0	368	404	189
0	363	395	190
0	361	386	187
0	357	383	188
0	352	375	194
2	351	372	198
3	352	366	199
1	354	363	199
0	358	360	201
1	364	354	198
0	369	348	200
0	370	343	201
0	367	338	210
0	368	335	214
0	368	331	217
0	369	335	224
0	373	319	223
0	380	322	233
0	388	308	214
0	389	509	292
63	415	494	286
162	458	217	196
23	396	720	356
372	531	402	248
195	469	198	184
238	486	488	269
457	574	286	191
329	506	392	253
448	549	194	191
172	447	585	333
57	419	457	287
498	584	222	201
550	603	234	205
546	616	242	196
544	624	251	195
541	636	259	186
551	639	252	192
567	643	239	194
584	648	229	191
574	651	246	205
573	669	254	193
584	676	250	189
599	686	241	185
615	696	226	179
618	705	227	173
625	719	223	163
624	728	226	155
621	728	233	155
629	735	231	149
627	739	237	145
628	743	239	142
630	747	240	138
623	744	249	142
621	743	247	144
614	741	251	148
616	738	245	151
615	735	243	148
632	735	224	143
628	737	222	138
624	739	208	135
624	740	194	137
636	742	173	130
658	742	153	135
672	742	149	136
682	739	152	139
688	741	162	141
690	741	177	139
417	450	439	407
0	286	593	308
0	303	604	296
4	323	608	286
19	336	604	287
24	347	609	291
47	365	597	295
58	370	593	304
61	395	604	287
66	404	598	285
66	424	600	276
79	442	589	264
86	454	584	263
95	467	574	261
111	474	553	266
121	483	542	267
146	495	522	264
170	499	498	267
171	508	494	269
180	515	493	270
171	522	499	271
180	527	491	274
177	535	496	268
180	546	496	256
179	554	497	248
184	560	499	244
185	564	501	241
184	568	502	234
179	570	516	231
175	571	522	231
188	574	510	223
172	569	524	233
185	570	511	224
175	566	520	233
175	564	521	229
185	561	508	234
181	558	510	237
185	556	499	236
186	550	502	241
178	552	511	240
179	547	514	239
178	550	510	237
180	553	505	232
183	551	497	235
181	552	497	238
187	559	486	231
186	561	490	225
188	560	485	224
191	561	480	219
195	559	470	220
191	558	466	222
187	561	472	217
186	560	469	219
187	559	463	220
186	561	460	219
186	559	461	221
185	558	457	221
184	559	459	217
183	557	463	227
184	554	446	222
188	557	444	224
186	554	455	232
185	552	436	227
192	550	439	241
189	549	431	234
192	547	419	240
211	553	387	237
223	554	378	233
234	553	372	224
240	555	367	225
248	555	359	230
250	555	355	240
251	559	352	230
253	561	349	230
255	564	346	230
253	566	349	226
254	566	350	234
252	567	348	233
248	567	361	225
242	567	366	216
234	567	380	200
225	569	393	193
222	565	397	194
214	566	405	189
207	563	404	193
190	558	421	193
194	554	417	197
210	554	398	194
215	550	390	189
224	548	384	183
211	541	398	183
201	538	409	186
194	532	418	187
188	530	431	188
185	526	436	192
183	525	444	192
190	520	437	196
202	514	429	203
206	506	429	212
206	498	433	218
212	490	425	218
220	486	420	221
222	480	421	228
231	481	412	225
234	478	410	227
237	475	406	236
246	476	393	235
249	477	395	239
255	478	386	239
262	482	379	237
268	485	374	236
279	489	363	233
281	491	361	230
289	493	353	230
291	495	351	230
291	494	352	233
296	495	348	234
300	496	345	234
298	495	348	236
295	497	348	234
289	498	353	235
288	498	354	238
287	498	353	237
286	492	350	241
287	494	346	241
292	494	340	240
290	493	340	244
300	490	327	247
314	487	309	254
330	489	291	250
342	491	269	245
342	488	270	260
336	491	271	249
324	485	285	263
317	486	283	258
306	488	300	266
295	489	298	261
287	493	308	267
275	498	312	260
261	492	322	269
253	490	325	272
242	490	334	278
229	493	346	271
224	494	343	268
228	495	340	263
229	495	337	263
232	497	331	258
218	499	339	258
204	494	350	258
189	490	364	259
162	491	389	258
144	484	406	263
133	484	416	264
121	483	433	258
114	482	436	260
100	483	453	258
92	483	458	253
89	481	462	250
84	477	464	251
83	475	461	244
82	473	468	240
74	468	450	237
76	466	440	238
74	462	434	240
62	456	434	243
48	455	443	245
27	452	456	242
9	452	473	240
1	455	476	241
2	456	465	237
0	458	463	228
0	463	455	218
0	465	448	222
0	464	439	209
0	458	427	207
3	452	401	202
10	440	380	207
3	436	369	206
2	425	357	223
2	416	347	220
1	419	339	211
1	416	331	210
0	417	324	205
0	417	316	198
0	415	308	195
1	412	296	192
0	409	284	191
0	407	273	189
0	402	258	190
0	398	241	195
1	394	227	195
4	393	197	199
2	396	193	193
0	397	186	191
1	403	181	191
1	408	177	184
0	412	177	185
0	413	174	185
1	412	169	186
0	415	164	190
0	421	154	186
0	422	142	185
0	423	116	186
0	426	117	182
0	426	108	187
0	449	108	171
0	454	110	168
0	463	111	160
0	464	111	163
0	466	108	161
0	468	100	159
0	477	93	151
0	494	82	133
0	500	75	130
0	505	71	131
0	515	71	128
0	522	68	128
0	531	68	127
0	539	69	127
0	549	66	128
0	561	65	122
0	573	48	107
0	587	38	97
0	604	26	83
0	621	27	99
0	629	15	81
0	641	39	111
0	651	42	113
0	660	43	102
0	670	43	96
2	674	64	85
0	671	205	59
0	652	308	274
643	895	177	183
667	896	329	170
649	889	340	180
647	893	337	176
644	891	336	172
653	890	328	174
646	887	334	173
671	881	311	180
677	875	305	183
679	870	303	182
677	864	306	182
666	859	318	181
661	855	324	183
653	853	336	181
654	851	340	181
655	849	342	178
657	845	344	176
656	840	347	176
659	836	346	173
661	830	348	173
668	823	343	176
669	816	347	179
675	812	343	179
676	806	342	180
678	801	341	185
681	797	339	189
685	793	335	190
690	789	327	192
692	787	322	195
686	786	326	198
678	784	331	202
670	781	337	207
669	776	337	211
667	772	338	217
667	771	337	220
