517	204	76	43
512	205	73	38
508	205	74	38
508	206	73	37
503	206	70	37
499	206	70	36
494	207	71	37
491	205	70	37
487	205	72	36
485	206	72	38
482	206	74	37
478	206	79	37
448	203	105	40
450	203	101	41
445	204	104	40
469	203	80	40
440	204	103	38
441	205	103	37
447	204	91	37
437	204	103	36
446	205	98	35
440	204	98	37
445	204	91	36
441	204	92	35
443	204	95	35
441	203	85	36
435	203	93	36
434	203	91	36
431	203	89	35
431	203	88	35
430	203	85	35
428	204	88	36
428	203	82	35
423	203	86	36
419	203	86	37
417	204	87	38
416	205	87	39
415	206	87	38
412	204	84	35
409	205	87	38
408	204	87	36
405	205	86	38
402	204	88	38
399	204	88	38
398	204	89	38
398	204	89	36
392	203	90	36
392	201	90	37
382	203	98	34
382	203	95	34
379	201	96	35
378	198	94	38
380	201	93	34
374	198	96	36
375	203	95	30
365	224	90	24
457	259	61	35
372	207	84	35
295	216	157	20
368	238	67	35
370	237	61	36
372	239	59	33
373	241	58	33
375	242	74	27
374	245	55	30
377	245	51	31
382	246	51	30
402	243	72	24
431	233	59	31
379	247	57	32
328	208	161	56
317	177	141	51
322	181	133	46
325	183	131	44
327	182	128	44
326	182	132	43
324	181	137	56
320	194	144	35
319	188	146	82
315	185	159	47
313	189	158	39
311	194	155	98
295	185	194	46
306	189	166	39
381	248	88	49
388	253	74	44
393	255	67	37
394	258	65	38
392	258	67	37
392	257	70	39
393	257	67	38
394	257	67	38
395	257	66	36
393	256	65	34
394	254	66	36
396	254	64	37
397	252	63	37
398	253	63	36
401	253	60	36
402	252	59	37
409	252	53	37
411	252	52	37
411	254	54	37
411	254	54	36
410	254	56	37
410	255	56	38
410	251	57	40
409	253	58	38
411	250	58	42
411	250	58	41
411	251	60	41
411	250	61	42
412	251	60	41
413	252	62	41
414	261	62	34
417	259	58	38
416	261	61	36
419	263	85	24
423	265	57	32
423	265	89	20
424	266	60	32
426	265	55	34
423	264	58	36
425	266	54	36
425	266	54	36
426	268	54	37
428	268	53	38
427	268	55	38
428	268	54	41
428	270	57	39
429	270	58	39
428	269	59	40
433	269	57	39
433	268	73	21
435	272	51	40
435	269	53	45
435	271	58	41
434	271	55	43
437	276	58	36
437	270	53	47
474	222	79	27
438	273	54	44
465	236	90	17
445	282	48	40
449	287	44	36
452	288	40	37
450	287	44	37
451	287	44	39
452	289	44	38
453	289	42	39
457	290	38	40
455	290	39	39
458	292	38	38
460	292	35	38
460	293	35	35
460	292	33	33
462	295	35	37
463	296	37	34
463	296	85	46
523	207	86	41
530	182	83	68
535	208	82	56
528	207	86	53
651	277	58	32
644	269	59	32
659	282	53	28
641	297	60	68
557	216	132	108
690	339	174	101
636	150	152	93
649	153	148	111
636	155	184	161
649	144	154	102
567	170	369	268
512	180	207	158
376	349	235	91
641	182	169	156
625	176	271	224
610	144	227	149
639	159	162	96
650	170	203	204
623	192	358	286
517	186	287	157
644	168	348	311
518	187	328	170
695	343	317	131
628	163	256	204
748	326	270	146
704	259	302	212
589	180	420	288
552	189	259	160
640	184	378	294
572	179	258	152
878	378	150	95
916	315	129	171
674	194	265	299
667	249	375	239
562	194	341	247
547	207	462	278
571	193	290	189
656	128	194	149
605	242	226	59
672	268	197	112
678	201	163	102
671	333	217	95
688	204	197	186
604	197	111	196
688	211	226	272
659	187	235	147
660	204	219	148
564	279	316	148
639	210	253	148
910	393	154	111
690	380	235	32
690	415	102	39
640	387	79	42
673	403	112	46
655	392	132	56
707	421	95	32
696	308	72	51
718	412	86	42
709	328	95	106
615	368	300	101
725	233	308	357
597	347	334	180
516	395	156	124
739	247	174	80
718	276	214	91
856	279	279	214
579	391	141	144
554	416	120	88
591	419	97	74
655	378	148	33
713	375	18	84
658	421	112	24
779	340	54	42
792	342	72	89
661	391	93	48
703	375	148	35
657	418	42	92
669	409	56	80
686	396	123	30
677	425	60	70
667	457	61	49
701	402	67	44
703	402	55	68
700	425	39	89
699	441	52	61
696	464	50	51
731	405	62	42
738	406	10	81
748	410	10	71
753	410	49	39
755	412	77	39
737	420	47	59
738	481	42	43
774	415	55	36
752	426	84	20
768	422	67	28
760	486	49	33
766	489	49	24
775	492	39	24
782	492	37	26
787	491	40	28
793	491	42	29
800	491	39	30
800	490	44	29
810	490	42	29
816	490	40	28
823	489	39	27
829	488	39	28
834	488	40	28
838	486	43	29
845	480	43	32
896	404	37	40
905	402	40	34
912	402	57	34
916	400	52	31
922	402	53	31
930	399	54	30
935	398	54	34
942	397	56	31
952	396	32	39
955	394	50	30
964	394	49	32
970	390	48	37
974	393	55	33
978	392	56	32
989	390	53	35
994	388	51	34
997	389	57	35
1012	387	55	38
1015	390	53	33
1018	388	57	32
1025	387	57	35
1030	386	61	35
1046	385	50	35
1054	384	48	34
1060	384	49	32
1066	382	50	32
1071	381	52	31
1078	380	53	31
1086	378	53	31
1095	376	54	33
1103	374	51	34
1110	372	53	33
1118	370	55	34
1127	369	53	32
1132	366	57	33
1140	364	56	34
1145	363	60	33
1157	361	54	35
1160	360	60	34
1165	358	62	34
1178	355	67	37
1181	353	71	41
1186	350	64	35
1196	349	60	36
1202	348	62	35
1208	347	64	38
1213	346	78	34
1222	343	80	36
1228	340	82	37
1234	339	104	44
1239	337	76	37
1244	334	81	36
1191	338	49	26
1194	338	46	22
1206	336	44	25
1214	334	48	23
1219	332	51	24
1227	330	51	28
1231	329	49	27
1235	327	48	28
1242	326	56	28
1251	323	46	28
1258	322	84	27
1298	320	96	31
1308	316	118	37
1327	319	120	41
1329	313	115	40
1292	329	88	61
1242	304	48	160
1111	258	66	49
1100	262	77	27
1077	268	49	25
1087	266	75	23
1093	243	76	43
1113	256	78	26
1105	258	83	26
1062	264	12	36
1026	277	50	19
1073	261	38	32
1086	227	72	58
963	154	94	47
915	143	150	54
923	138	150	63
927	136	153	67
940	137	150	64
944	136	153	63
1006	166	102	34
971	145	141	46
979	141	147	57
1188	237	14	10
1188	250	28	15
1173	214	53	60
1113	206	56	10
1154	235	37	22
1189	204	45	44
1163	227	119	34
1074	144	117	42
1045	135	160	52
1050	128	160	56
1053	128	157	54
1100	148	157	65
1156	171	97	27
1225	214	88	44
1234	215	75	33
1239	217	81	33
1243	214	78	35
1245	209	80	38
1255	207	75	37
1255	205	79	39
1255	203	83	41
1267	200	74	41
1267	199	76	41
1265	197	81	41
1264	194	86	43
1269	191	84	43
1271	189	84	45
1257	172	96	61
1280	187	83	38
1275	183	85	42
1279	182	83	43
1257	153	110	71
1216	93	165	125
943	87	110	45
938	92	105	34
950	89	98	36
956	87	96	34
961	85	95	34
957	83	99	34
968	80	95	34
974	80	94	34
974	79	101	36
980	80	84	44
974	79	98	35
976	81	97	39
921	124	80	45
831	170	131	33
846	169	106	51
848	169	105	58
844	169	117	52
851	168	108	54
846	169	114	51
853	169	109	50
854	169	111	48
857	169	111	49
862	169	109	51
866	167	108	52
870	165	123	37
872	168	119	37
873	170	111	47
876	171	113	41
877	171	112	39
879	169	115	41
902	169	93	38
902	167	97	37
903	166	99	36
906	164	98	38
911	163	99	38
922	159	93	38
909	160	108	36
922	156	100	38
924	154	101	39
926	151	102	40
936	149	91	40
928	146	102	41
937	143	93	43
941	141	93	41
945	138	93	40
948	136	94	39
950	135	92	41
952	132	96	41
945	130	103	43
951	128	106	40
950	126	107	41
960	123	104	40
963	122	104	39
963	119	109	38
960	117	109	40
973	113	101	43
967	112	108	40
968	110	110	41
970	105	112	44
975	106	108	42
978	104	107	43
984	99	103	41
975	100	116	40
988	98	107	39
993	97	107	40
1000	93	101	38
994	94	112	36
1004	90	106	39
1001	90	112	38
1002	88	114	41
1007	85	110	42
1011	84	106	47
1010	82	107	51
1013	79	111	56
1016	79	111	58
1019	78	113	55
1021	76	114	56
1025	75	113	57
1027	73	116	58
1032	72	117	51
1036	74	114	48
1040	71	112	51
1043	69	115	49
1050	70	115	46
1057	69	109	46
1057	67	116	47
1061	67	114	47
1065	66	112	47
1068	68	112	44
1065	66	117	43
1072	69	114	38
1062	67	129	39
1065	68	125	39
1068	69	124	41
1071	68	126	46
1076	68	122	50
1086	67	118	45
1100	68	108	44
1091	66	120	49
1099	68	116	52
1100	67	117	50
1106	65	118	50
1107	65	119	49
1109	65	117	50
1106	65	122	52
1113	64	122	51
1117	63	115	49
1120	62	117	50
1121	63	121	48
1122	60	122	51
1127	60	121	48
1130	60	123	42
1128	61	126	42
1133	58	123	50
1136	58	119	56
1139	56	125	61
1142	57	116	64
1144	57	123	50
1143	57	124	47
1143	56	129	42
1146	57	127	43
1151	55	128	41
1151	56	122	47
1154	53	128	48
1159	52	117	56
1158	50	125	51
1164	48	113	60
1162	47	121	59
1164	45	125	63
1165	43	126	61
1168	41	128	60
1171	38	124	65
1172	37	131	61
1174	36	133	58
1179	35	123	62
1177	32	135	66
1181	30	125	69
1186	30	132	51
1190	29	128	50
1205	28	115	47
1211	26	112	48
1204	27	124	48
1200	25	126	51
1211	24	119	51
1198	25	132	56
1215	22	117	60
1213	22	126	55
1208	22	136	48
1209	23	137	48
1221	21	128	48
1218	21	137	52
1221	19	136	51
1232	20	127	49
1239	18	122	48
1236	18	126	48
1247	18	117	49
1243	19	124	51
1236	19	134	49
1233	18	139	49
1236	18	130	56
1244	15	124	62
1246	15	106	79
1249	13	131	61
1249	13	119	74
1253	11	119	77
1480	59	52	41
1490	61	85	35
1489	61	89	36
1488	60	87	36
1489	62	91	38
1488	61	92	36
1488	61	99	39
1486	61	99	38
1487	62	100	40
1486	60	144	62
1481	62	121	43
1485	63	122	51
1488	64	97	45
1488	63	103	40
1487	63	101	40
1487	62	111	43
1487	62	103	44
1490	63	106	47
1492	61	96	40
1491	61	109	45
1490	61	118	51
1490	61	96	41
1493	60	97	46
1491	60	103	47
1493	59	96	40
1490	58	148	65
1492	57	120	58
1485	58	118	47
1495	57	104	51
1493	57	111	52
1493	55	128	56
1494	54	150	60
1491	55	146	65
1495	58	144	60
1494	59	145	56
1494	59	142	46
1497	59	121	52
1496	60	109	39
1498	61	106	37
1500	61	105	40
1499	62	128	50
1496	61	104	41
1496	61	105	39
1496	63	103	38
1497	61	97	39
1497	64	98	39
1497	63	103	40
1497	64	109	40
1499	64	99	41
1496	64	96	42
1501	65	101	42
1498	66	96	44
1498	63	104	45
1499	63	98	45
1499	63	113	47
1498	62	119	43
1500	63	103	43
1499	60	100	44
1500	60	97	51
1502	60	97	48
1502	58	101	43
1503	55	95	47
1505	53	98	47
1506	54	94	50
1507	52	98	44
1504	49	99	46
1509	49	96	46
1508	46	94	48
1511	42	93	50
1512	44	97	44
1509	39	97	48
1513	36	91	47
1514	35	88	48
1515	31	89	50
1513	31	93	47
1517	28	89	48
1520	26	87	47
1521	24	85	47
1521	22	88	47
1523	20	82	48
1524	18	81	50
1523	17	84	48
1522	14	80	51
1523	11	85	53
1520	9	84	57
1522	6	85	60
1520	3	86	62
1521	2	92	60
1524	2	86	57
1523	2	91	58
1527	0	87	58
1525	0	85	57
1526	0	90	54
1525	0	90	54
1529	0	90	53
1527	0	87	56
1540	0	78	47
1531	0	80	52
1541	0	77	44
1534	0	72	48
1538	0	79	40
1543	0	70	41
1545	0	68	36
1554	0	58	35
1558	0	59	32
1561	0	59	31
1562	0	56	29
1565	0	52	27
1567	0	49	23
1569	0	44	21
1569	0	38	20
1570	0	19	20
1571	0	19	15
1565	1	30	13
1558	1	34	22
1513	30	114	44
1481	38	244	79
1495	5	297	135
1408	10	374	141
1522	0	267	146
1528	0	262	141
1539	0	224	132
1551	0	234	107
1556	0	221	94
1568	0	195	90
1578	0	180	81
1588	0	166	73
1589	0	161	66
1599	0	89	61
1603	0	80	49
1586	0	99	37
1579	0	112	42
1607	0	106	57
1772	87	68	47
1789	86	74	37
1793	83	73	42
1785	80	83	42
1791	78	79	41
1794	74	79	42
1758	56	110	59
1670	35	153	148
1370	145	108	77
1269	5	144	134
1305	110	147	99
1306	114	166	99
1280	33	179	181
1302	117	173	97
1304	89	168	121
1318	119	128	82
1228	88	258	123
1306	117	174	88
1323	118	132	82
1289	6	159	111
1321	109	135	91
1320	108	124	89
1290	69	186	127
1324	114	132	81
1261	72	237	134
1325	113	142	89
1300	61	165	139
1330	110	139	91
1267	57	232	151
1325	112	145	88
1280	39	192	168
1307	113	156	89
1312	100	188	108
1335	118	132	81
1296	74	209	131
1337	116	136	80
1316	20	179	178
1092	56	418	212
686	393	227	236
1034	790	165	212
1049	807	150	200
876	645	320	362
289	133	304	166
314	162	221	124
323	178	178	114
308	216	183	79
210	208	237	78
316	172	190	184
369	242	222	165
320	164	212	139
319	193	188	124
354	173	169	109
324	183	192	186
319	179	198	131
64	207	434	98
313	185	220	114
310	233	189	78
206	453	144	64
165	244	119	61
311	194	89	54
338	192	69	53
336	194	63	46
336	193	64	42
335	192	65	43
334	192	66	44
335	192	65	44
335	192	65	43
334	192	66	41
334	190	65	41
334	191	65	43
333	188	66	46
331	187	78	55
328	184	70	51
330	183	66	47
329	182	69	43
330	178	66	43
330	178	66	42
330	176	65	43
329	174	64	41
328	173	67	42
327	171	65	43
326	167	65	44
325	167	66	43
324	164	65	44
323	163	67	43
323	160	63	44
321	158	65	43
321	155	65	44
320	154	64	45
318	152	64	43
317	150	65	43
313	148	69	44
310	144	68	45
310	143	64	44
307	141	66	45
305	138	66	44
302	136	67	46
300	133	70	48
295	128	72	48
293	127	73	47
289	125	72	47
286	124	74	46
282	120	83	45
277	117	76	48
285	112	100	67
293	126	182	98
107	177	123	67
100	169	120	68
252	108	82	56
253	101	126	90
90	170	125	60
82	171	123	61
89	163	112	68
74	160	119	63
71	159	124	58
70	162	118	60
58	157	117	61
56	152	125	60
55	150	116	67
49	145	118	67
47	150	126	55
38	150	118	62
32	141	116	71
29	144	114	62
17	145	120	62
18	136	114	73
13	135	118	70
7	134	127	81
249	274	55	57
147	161	246	65
324	203	231	268
533	307	208	128
459	420	127	113
453	412	134	119
