775	346	155	103
783	343	154	102
787	344	164	104
797	342	163	120
803	340	163	110
827	336	151	124
845	335	144	127
862	333	139	138
873	333	140	124
879	334	143	106
886	333	158	128
895	334	156	108
898	333	170	138
843	358	242	188
899	326	181	115
777	388	289	181
918	345	227	244
928	319	183	128
754	398	375	201
905	449	236	168
706	408	391	188
687	397	326	203
943	310	171	223
724	411	342	170
683	404	327	181
693	408	175	145
722	410	422	178
935	335	278	106
806	428	43	115
719	416	111	131
714	407	127	129
708	412	131	134
706	414	138	135
705	418	144	132
708	418	144	130
708	420	147	128
708	425	151	123
710	425	148	126
711	425	148	121
716	425	141	132
720	426	142	130
726	426	138	130
732	429	128	126
735	428	131	125
744	427	132	133
751	431	117	122
757	429	112	118
759	425	101	123
761	429	98	123
775	429	89	119
783	427	78	124
788	431	75	121
794	431	70	123
805	441	63	117
811	444	70	118
816	443	75	115
826	442	68	120
832	443	66	118
838	444	74	123
846	443	39	127
854	443	56	122
860	444	51	129
867	443	42	121
872	447	47	116
881	445	49	123
888	429	63	147
891	436	204	185
892	408	208	174
899	391	205	181
913	406	172	193
909	399	172	191
916	411	159	187
907	411	197	182
917	415	163	175
920	415	152	180
925	420	152	167
926	413	142	156
931	421	237	162
937	415	152	166
948	418	248	334
1148	651	512	488
917	389	669	174
946	405	331	221
953	386	699	10
1245	399	116	140
1036	443	295	132
910	378	700	10
1123	399	253	141
788	448	221	186
994	427	287	132
945	421	326	128
976	423	289	138
979	419	269	138
983	414	263	144
985	409	195	171
879	409	295	189
980	398	246	159
952	397	279	172
782	408	388	177
983	383	262	202
965	373	267	159
974	378	251	147
978	371	237	153
979	361	231	165
868	379	361	153
968	343	231	187
1055	346	164	183
951	343	299	191
992	330	189	251
1136	227	216	316
910	337	329	244
964	297	229	269
977	300	355	184
970	308	244	238
928	362	414	169
872	399	294	174
877	395	293	180
881	395	289	178
898	384	305	172
950	375	236	181
922	384	168	165
910	376	289	201
921	372	93	337
922	367	220	297
932	360	685	740
928	178	470	423
1048	438	606	638
933	238	448	336
953	337	728	651
957	182	458	394
969	325	530	556
961	316	240	267
974	319	72	362
963	319	129	395
1000	380	306	354
985	305	196	301
983	304	102	327
991	295	150	242
874	414	192	247
1174	639	237	237
1099	559	206	178
1148	594	278	262
931	275	680	738
937	210	370	422
1339	786	281	345
1413	885	169	226
1389	882	189	220
1406	905	168	195
1414	900	162	187
1300	795	275	289
1406	892	186	220
1381	831	204	243
972	429	592	629
954	313	272	330
970	420	294	375
1202	662	218	256
988	435	413	495
1053	375	450	473
972	342	264	264
973	411	511	205
1124	520	593	427
985	280	495	193
912	201	266	184
990	392	181	185
970	414	163	148
975	403	171	176
976	418	183	22
994	382	208	109
1098	319	141	169
974	409	165	106
976	410	144	115
974	409	211	159
975	398	255	156
980	398	230	145
1053	366	241	256
984	395	177	151
977	401	168	129
976	402	148	124
977	405	276	330
974	386	138	163
978	396	128	119
979	399	275	216
982	365	279	251
1017	359	348	302
972	367	182	217
976	379	151	133
987	385	281	126
982	376	148	123
981	382	146	123
980	386	145	124
979	385	184	172
975	377	165	120
987	378	149	114
987	380	151	110
987	381	153	109
989	381	223	186
987	373	156	127
981	376	156	116
983	377	195	170
977	363	187	124
987	363	154	121
986	366	221	155
981	363	186	118
982	360	299	201
1252	308	381	248
1097	223	314	262
1263	162	196	168
1277	387	409	190
1237	193	329	337
1147	221	199	272
1236	166	215	261
1154	189	250	209
1222	190	205	219
1217	183	192	213
1213	196	209	189
1133	207	289	180
923	408	480	38
1203	215	217	357
837	492	282	130
1120	219	213	189
866	488	247	131
883	264	480	417
831	354	394	380
808	317	1004	703
712	325	723	414
825	315	374	241
830	274	301	320
857	289	255	267
837	342	552	279
838	328	432	313
848	290	230	227
929	259	130	130
909	313	155	66
863	396	194	10
885	381	165	10
951	294	109	75
956	287	113	93
956	289	121	87
964	285	118	90
967	285	120	91
969	284	123	92
968	284	130	91
969	284	135	92
972	284	139	93
976	284	137	92
982	287	140	94
986	287	138	94
991	288	140	95
997	289	145	101
1005	289	143	116
864	458	371	143
1001	275	169	154
954	343	289	199
1040	278	129	127
1042	291	155	142
1056	295	127	128
1022	321	106	283
1069	297	134	138
1053	300	268	243
884	517	214	242
1064	299	127	238
1416	311	105	119
1414	310	114	93
1417	310	120	98
1426	308	120	106
1429	305	128	118
1439	304	140	108
1443	301	132	125
1448	303	130	116
1456	300	143	117
1458	296	299	51
1474	296	147	121
1465	279	346	55
1491	291	177	93
1439	219	345	259
988	369	199	143
714	467	154	116
723	465	181	138
734	463	152	113
740	461	156	113
749	455	156	117
759	453	155	117
762	449	177	128
1101	602	94	96
1078	542	194	163
1080	580	259	180
789	428	174	134
803	433	179	126
822	432	186	128
849	433	184	131
840	415	175	135
845	415	158	114
857	411	158	114
869	410	157	115
881	409	155	114
887	401	307	312
889	392	256	144
906	389	244	127
920	389	258	108
934	388	216	123
949	381	197	129
961	380	197	133
954	375	201	137
962	374	200	147
952	366	290	187
954	366	162	145
963	378	175	136
1021	421	142	113
1020	370	118	137
941	413	281	164
1024	364	137	132
831	519	320	109
847	507	443	58
1230	400	188	137
976	373	372	151
856	404	837	336
1606	235	10	1106
1370	529	467	155
1449	167	329	199
1246	298	669	269
1362	957	324	447
1303	1157	337	258
1518	576	188	348
1511	1215	119	123
1482	1208	130	191
1239	1179	377	239
1501	583	116	759
1620	334	10	1081
1422	694	408	160
1380	1102	220	261
945	668	660	739
715	402	487	994
653	582	503	794
527	1063	579	335
800	416	203	239
814	415	229	178
821	412	165	197
814	409	246	156
827	390	234	176
820	386	248	184
820	376	244	208
817	378	234	213
820	389	168	250
822	387	198	158
821	387	204	151
822	388	231	153
825	392	213	139
824	390	187	138
818	389	199	133
815	384	218	134
813	381	190	132
808	376	271	178
804	372	488	125
814	370	719	66
1308	281	226	168
1105	310	429	130
809	346	580	147
1281	285	248	197
1405	155	112	288
1405	155	142	174
1413	162	275	284
1298	296	204	151
1276	256	295	198
1303	289	199	159
1379	199	163	252
1315	214	119	186
1167	267	235	84
1182	259	270	119
1023	317	228	132
1398	200	126	343
1411	194	127	182
1360	200	314	263
937	246	783	161
1056	273	589	355
912	202	264	1221
917	210	227	1183
1827	154	329	240
1566	91	176	132
1469	205	348	224
1097	321	575	132
987	407	161	178
997	270	267	176
948	230	515	143
951	195	237	162
1022	323	200	205
1004	83	220	322
1321	187	326	158
1002	78	206	298
939	252	252	200
707	385	194	146
759	352	377	118
701	381	358	117
726	381	338	97
659	646	208	118
992	423	85	121
908	407	338	227
807	239	791	246
1087	141	289	252
819	290	230	191
670	388	258	106
665	395	353	183
662	375	344	117
661	379	206	136
969	445	119	41
903	425	278	101
1060	239	59	196
1071	232	141	213
969	442	404	225
625	360	211	178
964	448	160	125
959	446	154	115
954	444	183	146
952	446	169	129
946	445	196	110
953	438	149	119
945	439	162	127
947	439	247	81
965	434	217	126
941	436	180	153
812	409	319	156
930	432	181	143
881	340	259	239
924	420	201	148
928	422	178	165
622	359	478	202
910	404	240	219
883	412	88	146
978	414	145	108
1020	361	129	172
1051	407	88	112
1072	401	67	126
1072	406	70	115
1072	407	69	119
1077	409	189	178
1002	197	343	233
869	312	222	178
1032	400	124	126
1118	356	181	91
1087	392	75	131
1091	401	81	115
1097	401	82	112
1103	399	90	103
1135	367	101	154
1210	309	20	177
1161	347	90	167
1223	312	79	132
1216	320	99	140
1229	320	89	128
1234	320	79	118
1227	324	123	146
1013	69	318	404
565	373	385	241
976	319	439	211
764	347	476	176
534	384	182	205
529	388	222	173
524	394	193	159
524	394	168	154
520	394	170	144
519	394	170	138
517	399	172	132
531	386	161	143
617	386	76	147
594	380	98	157
605	379	100	156
633	413	88	125
636	371	261	337
698	381	366	197
1199	311	204	184
1201	330	241	165
1079	365	10	172
982	417	73	89
1086	552	69	58
1090	555	95	124
1049	511	246	213
1284	315	28	215
1239	367	220	103
1386	351	150	127
1305	268	294	261
832	374	203	159
748	275	276	172
894	62	60	560
900	90	383	592
877	42	167	344
610	338	768	388
869	133	182	214
906	83	113	215
904	76	121	213
914	87	111	202
866	141	163	146
914	102	125	183
602	415	149	126
652	411	190	136
936	103	161	640
933	91	198	270
1159	235	378	290
569	410	605	10
953	220	32	303
948	123	210	253
1221	256	292	269
958	139	181	367
1342	271	73	203
1499	334	161	133
1376	276	201	190
1135	463	279	256
1374	270	192	149
1513	426	10	258
1406	467	227	164
1358	265	231	140
1431	282	170	130
1640	359	135	99
1447	303	345	179
1417	277	185	165
1348	270	287	159
1621	342	238	324
1434	265	186	178
1670	354	266	327
1459	268	194	164
1579	324	234	175
1479	264	180	159
1453	314	465	212
1085	368	801	210
833	374	1162	244
1159	266	763	361
1109	293	606	266
561	423	341	170
678	430	206	162
824	424	117	144
962	422	10	146
967	424	47	119
809	441	95	164
982	421	10	167
990	421	48	121
994	424	52	119
1000	418	54	124
1005	423	58	123
1012	427	59	114
1019	429	61	112
1026	431	61	110
1033	431	63	111
1041	437	63	104
1046	432	66	110
1054	433	66	109
1061	433	67	109
1068	434	68	108
1075	436	69	106
1079	437	72	105
1088	436	72	106
1094	435	73	109
1102	435	73	108
1108	434	74	108
1114	434	76	110
1121	431	78	113
1128	431	79	114
1135	433	80	114
1143	434	86	118
1154	436	76	112
1158	436	78	111
1168	438	162	187
1003	403	585	70
787	441	140	154
671	437	261	128
666	435	274	149
670	437	288	153
659	437	310	144
656	437	320	134
677	434	311	119
684	434	322	115
803	439	211	101
772	435	198	137
871	440	174	109
765	433	337	247
635	416	214	175
638	424	270	148
915	432	158	105
979	517	149	87
971	492	158	113
964	435	137	94
976	431	140	129
988	429	133	93
998	429	143	98
1009	430	163	107
1021	427	162	268
958	420	98	131
1028	416	167	282
1034	413	150	145
1055	411	114	280
1067	413	119	209
1039	447	123	252
1091	398	88	258
1103	404	66	270
909	467	257	213
1048	415	21	206
1011	465	134	164
1073	425	108	252
1110	424	80	251
1087	432	282	148
961	463	221	174
948	494	236	146
936	484	345	272
905	484	275	195
857	461	339	185
566	350	290	159
881	474	274	171
581	349	874	186
877	458	301	243
602	347	698	251
1018	457	278	247
606	345	673	298
614	356	667	369
571	354	653	407
893	450	472	279
661	328	642	218
766	443	383	242
765	445	424	162
856	437	618	75
741	441	464	75
600	365	794	114
800	434	350	192
878	439	307	182
840	417	320	205
817	420	405	204
865	416	415	154
614	362	509	127
906	423	242	184
603	362	87	145
608	368	294	263
648	371	740	114
745	364	258	195
602	368	109	132
598	374	112	130
602	374	113	132
601	375	118	132
606	377	117	130
610	378	206	114
599	379	132	124
612	377	123	129
617	375	119	134
623	379	118	128
625	378	148	125
613	380	141	128
627	385	134	124
623	388	134	120
636	388	130	117
638	391	128	119
644	391	127	111
646	395	132	108
644	397	136	106
655	401	127	99
660	402	129	98
673	404	122	95
682	406	120	106
693	409	117	111
694	412	119	104
696	413	126	100
688	412	137	132
699	413	142	147
701	414	133	123
698	416	147	130
706	415	146	133
704	417	151	113
655	418	208	132
681	419	196	131
764	356	283	200
644	417	229	134
671	426	216	126
649	420	227	129
653	420	226	130
652	421	230	129
652	423	368	80
815	361	395	166
654	419	437	198
651	411	338	235
868	246	475	326
1201	134	319	421
979	614	229	250
722	329	669	173
1195	125	288	385
801	378	277	171
1317	167	103	256
1220	209	372	230
733	388	873	99
683	413	199	138
688	416	335	149
683	421	147	118
696	407	331	169
798	346	202	218
751	362	244	207
786	353	241	216
758	338	285	388
710	360	329	237
735	356	290	222
766	360	243	209
756	342	292	203
752	347	302	236
744	354	234	200
729	354	230	191
721	356	265	167
749	352	269	188
713	355	346	192
710	355	394	187
704	362	265	189
733	365	337	187
738	364	388	175
735	357	358	204
768	355	269	194
779	357	375	188
891	361	292	211
792	346	215	177
792	336	402	248
813	299	387	214
804	299	249	196
950	358	248	186
901	337	297	278
812	285	298	222
969	351	251	275
983	335	232	213
883	289	339	257
932	319	241	231
911	300	285	266
793	267	329	295
808	255	407	296
998	348	248	252
1014	307	213	209
868	268	350	383
1028	307	227	262
927	461	271	164
969	365	260	267
798	253	307	240
776	263	407	306
685	353	548	206
762	218	255	207
702	377	499	107
871	215	182	186
840	245	328	298
750	211	244	197
1046	309	168	162
1008	323	292	130
1021	308	216	173
656	404	176	131
997	343	97	131
1049	304	203	85
852	195	272	414
673	195	315	218
776	205	210	195
837	222	158	183
961	320	198	212
1185	176	10	234
1231	180	52	112
1233	175	56	123
1234	169	80	150
1066	261	425	203
875	475	202	179
998	490	80	130
1104	450	10	161
1017	510	63	77
1021	373	72	103
845	232	211	366
691	404	368	225
600	366	358	236
867	486	243	173
852	510	195	98
862	497	174	105
864	499	167	99
852	495	174	101
850	492	170	104
843	491	174	106
837	490	178	107
