310	45	82	65
310	44	79	63
312	45	74	62
315	46	68	64
318	49	65	65
319	50	63	65
320	49	50	66
319	48	55	66
317	48	58	68
315	48	63	69
311	48	67	67
306	47	75	61
304	48	92	84
302	47	89	67
302	49	85	65
304	48	83	69
307	46	86	67
311	45	92	70
315	46	99	68
318	47	95	71
319	48	91	71
319	48	86	70
317	48	82	70
315	45	78	72
312	46	73	70
309	48	68	67
307	52	67	74
307	55	73	66
307	57	79	69
309	59	86	74
313	62	91	70
318	67	92	66
321	73	97	81
322	76	102	79
324	76	102	79
324	74	98	80
324	72	90	80
322	69	74	80
321	71	76	78
315	72	70	75
313	73	66	74
309	75	65	69
308	76	62	72
307	77	65	72
308	78	70	73
308	79	76	77
306	81	82	71
308	83	83	67
306	83	85	69
308	82	98	70
309	83	101	78
309	86	105	78
308	88	105	79
307	90	102	82
307	86	96	82
308	80	90	82
305	77	86	79
300	77	81	70
297	77	76	68
291	79	75	64
289	80	74	65
286	78	76	66
285	76	79	70
284	76	87	73
285	78	92	61
286	79	100	64
288	80	106	66
292	81	106	63
292	82	108	61
292	82	115	76
289	83	125	75
287	81	129	77
283	80	131	75
279	80	134	77
274	81	135	79
272	81	131	77
272	83	130	77
273	84	129	75
276	84	126	75
279	84	124	74
284	86	124	74
286	87	125	71
286	86	128	68
286	86	129	70
287	85	132	73
285	86	138	73
281	88	143	70
278	88	152	73
274	88	155	71
270	89	163	69
267	89	167	70
267	89	167	70
267	92	168	70
268	96	169	72
272	99	167	75
275	102	168	76
282	107	168	77
286	109	167	75
288	110	169	77
290	113	169	77
287	117	171	71
288	118	169	71
288	117	169	84
289	114	169	93
291	110	166	82
296	109	169	90
299	108	178	78
301	106	185	76
304	104	192	79
308	106	199	75
313	103	203	77
318	100	207	79
321	97	215	78
325	90	220	78
329	87	224	79
332	86	223	83
332	86	222	80
333	88	223	78
338	86	221	80
340	83	224	80
344	83	225	77
350	85	223	80
353	88	221	88
357	89	215	80
357	89	208	87
358	82	212	89
357	84	217	78
358	89	219	73
357	94	220	71
354	97	219	71
352	100	218	70
352	104	218	69
352	106	216	70
351	107	214	72
352	106	215	72
354	105	216	72
359	105	216	72
358	112	218	74
363	113	214	78
369	112	212	80
371	107	210	82
370	99	210	80
365	91	209	83
364	86	205	87
359	87	213	86
358	90	221	86
355	91	223	86
355	89	227	84
355	84	229	78
356	78	230	77
356	78	236	75
357	80	231	76
360	79	230	78
364	78	227	79
364	79	226	80
364	80	223	83
366	79	217	83
365	77	210	84
363	75	207	85
363	74	201	84
359	76	198	86
355	77	195	89
352	83	188	88
350	81	181	94
346	81	190	92
341	79	201	91
342	74	205	82
338	71	216	79
339	72	220	74
344	76	226	71
349	82	229	72
352	90	233	73
359	94	237	76
361	98	238	79
363	101	236	80
363	103	237	83
364	101	236	86
360	98	234	84
358	91	232	89
355	90	224	91
353	89	219	91
353	87	217	92
354	86	209	102
355	89	208	105
357	92	220	102
360	95	235	100
361	96	248	101
365	96	259	99
367	96	271	98
369	95	269	96
368	92	269	96
367	93	270	98
363	90	272	103
358	92	267	101
357	90	266	99
353	91	262	98
350	88	257	98
350	88	251	100
349	91	245	98
348	94	242	100
350	96	231	100
350	102	231	98
349	105	246	98
348	106	259	97
347	107	269	94
345	103	277	96
342	102	282	97
340	98	283	97
336	95	280	98
334	88	273	105
333	82	265	112
331	78	261	117
329	75	255	125
327	75	248	128
327	77	241	128
327	80	235	126
327	82	229	123
329	81	229	121
332	76	249	120
336	68	276	111
337	61	293	109
346	53	291	111
348	52	291	111
348	53	289	111
351	55	287	111
351	54	287	115
349	54	288	117
349	49	290	117
345	43	294	118
343	38	296	116
339	35	300	114
340	35	293	113
339	38	286	110
339	42	276	105
339	48	271	107
340	56	266	109
343	61	271	102
345	63	288	102
348	62	289	107
350	60	288	106
353	61	285	100
358	56	280	104
359	58	280	103
362	56	277	109
363	58	275	106
362	57	276	111
361	53	276	112
362	48	277	111
357	38	282	112
354	31	275	111
350	28	257	109
346	33	243	106
345	35	228	106
345	39	214	105
350	41	218	106
351	42	229	103
349	42	241	102
351	42	251	101
354	42	257	100
355	42	262	100
355	44	259	99
356	45	253	101
355	48	240	105
354	50	231	103
351	53	222	97
351	56	210	92
347	63	202	95
346	69	191	89
347	70	185	88
347	70	184	88
350	71	176	90
351	73	183	92
352	77	194	89
353	76	204	91
353	74	211	87
353	70	217	87
352	68	219	87
350	65	219	85
346	64	221	85
344	65	217	86
344	63	215	87
343	63	210	85
340	66	207	83
341	67	205	80
344	67	199	81
329	66	215	80
347	63	198	81
351	61	189	79
352	59	183	80
352	57	186	80
354	57	200	80
355	59	209	77
359	64	213	77
363	68	218	79
366	71	224	82
371	72	228	86
373	70	230	87
374	72	228	85
376	73	222	90
377	73	217	95
374	75	212	90
374	76	203	81
375	78	196	77
373	75	193	77
376	71	187	77
376	70	182	75
377	71	174	77
376	74	170	76
381	78	168	78
381	81	180	77
382	82	191	76
384	81	197	77
383	78	201	76
384	76	209	76
383	75	206	76
384	76	205	74
384	75	194	80
383	77	187	79
384	79	178	78
385	82	167	77
384	82	157	77
382	82	150	80
382	82	145	76
374	80	146	77
373	75	145	75
371	67	152	78
369	64	159	77
367	63	168	73
366	63	175	74
364	65	180	73
363	67	185	76
361	68	189	76
361	69	190	75
359	71	189	79
359	70	186	74
359	68	183	73
358	65	177	72
353	62	175	75
352	57	163	71
349	54	159	69
345	56	154	67
343	58	149	68
344	62	143	64
343	63	140	65
348	62	131	64
338	61	142	65
340	61	147	64
345	59	158	65
350	60	164	64
351	60	175	66
352	60	182	68
355	61	187	66
357	58	187	69
357	58	189	69
363	55	184	70
362	57	181	68
362	57	174	70
361	56	164	71
363	56	155	71
365	59	144	69
363	59	146	66
365	60	136	65
365	63	132	62
369	65	128	62
364	63	139	62
362	56	152	64
360	52	160	65
359	51	163	65
362	50	165	66
361	56	170	65
365	60	178	64
367	65	178	61
371	64	180	62
371	65	177	62
368	66	173	63
365	65	167	62
356	63	167	63
358	63	157	63
347	65	163	60
350	63	146	62
355	66	137	64
354	71	136	61
354	77	144	60
358	80	150	59
358	81	156	60
358	80	163	59
358	78	167	60
357	78	169	60
350	79	176	61
352	78	168	61
356	80	159	60
358	75	152	66
353	75	144	65
354	81	137	57
354	72	131	64
355	73	126	62
358	72	119	63
353	78	128	57
355	75	120	57
355	67	121	65
355	63	124	67
352	65	130	63
349	65	135	62
345	67	138	62
345	71	139	57
340	72	144	57
339	72	143	58
338	76	144	56
340	79	141	55
341	83	146	55
343	83	135	57
340	83	132	58
339	85	126	58
337	81	124	60
341	72	116	63
338	70	114	63
341	67	108	65
341	66	106	67
341	68	106	68
342	69	107	66
346	73	112	61
343	73	124	60
348	70	123	61
343	68	135	63
341	62	141	69
347	64	138	65
346	64	137	62
342	70	140	54
343	71	134	57
340	68	131	58
339	70	121	59
335	71	118	61
339	72	108	64
338	75	102	69
329	84	105	66
327	87	109	65
327	91	104	67
329	95	105	63
331	100	106	61
333	100	109	67
335	103	117	72
335	106	120	70
336	104	123	74
332	106	130	68
327	109	136	69
326	112	134	65
328	110	130	64
328	109	126	65
331	108	121	67
329	109	118	70
325	112	121	69
326	116	115	65
323	117	114	68
318	116	118	69
319	113	117	70
322	112	112	67
323	113	109	64
322	119	113	59
322	120	118	62
321	123	127	59
319	127	136	58
321	127	141	53
326	123	140	57
333	128	144	56
337	128	131	59
341	132	127	62
342	134	127	65
343	134	120	67
344	132	115	64
342	131	111	62
343	125	105	66
343	124	102	69
341	125	100	67
339	124	94	66
336	125	103	67
334	125	111	66
334	125	114	67
337	126	117	64
337	131	121	66
338	135	122	67
339	135	123	69
342	136	118	66
344	135	113	68
344	136	108	68
347	134	102	70
347	135	98	67
347	134	94	67
347	138	92	63
347	137	91	66
347	135	89	69
347	138	89	59
352	137	95	60
353	141	100	61
354	141	104	63
356	143	112	66
358	146	115	62
357	146	119	60
357	145	117	63
358	143	116	64
361	141	112	64
360	138	110	66
360	136	104	66
358	135	101	65
358	138	92	64
355	139	90	65
352	140	88	64
351	139	87	64
350	138	85	63
348	137	86	62
347	137	85	60
346	137	84	56
346	137	84	60
345	142	86	58
343	143	91	61
340	144	100	61
339	145	103	62
337	144	106	63
335	146	110	63
334	146	112	65
332	148	115	65
331	148	116	62
331	148	115	62
329	150	113	63
328	152	114	63
328	152	114	63
327	153	114	63
329	151	112	64
328	148	113	63
330	143	113	62
329	141	112	59
327	141	112	59
327	140	118	58
327	139	124	56
327	138	131	57
327	136	137	57
330	135	139	56
328	135	145	55
331	135	144	56
327	135	150	56
329	136	150	55
329	134	152	57
329	132	153	60
327	132	153	59
327	133	153	60
318	135	157	64
319	136	154	65
319	138	152	66
319	139	150	65
316	139	151	69
312	140	153	67
313	143	151	69
313	146	149	68
311	149	152	67
313	151	146	61
311	152	156	55
297	152	172	57
299	153	177	57
300	155	177	57
303	155	179	56
308	158	178	54
313	160	178	54
315	162	179	58
314	164	179	59
316	164	179	58
316	162	181	60
313	162	185	63
315	160	185	64
317	160	181	67
317	157	185	71
320	151	182	72
321	154	178	68
324	151	182	69
331	151	174	69
334	150	170	69
338	152	167	69
340	152	163	75
344	154	160	77
345	156	151	77
346	160	147	85
347	163	143	81
349	165	135	74
349	166	131	72
350	163	122	88
354	158	119	84
353	152	115	83
350	149	112	80
349	146	110	80
351	141	115	83
347	133	123	85
345	130	128	90
351	131	122	85
367	129	107	84
366	128	103	84
368	128	94	80
366	124	90	85
363	124	84	82
371	119	66	87
359	115	70	91
375	109	58	105
378	112	58	94
353	119	88	86
375	114	71	80
373	111	74	90
367	113	78	83
342	110	93	96
335	112	99	101
330	107	93	96
323	109	100	83
366	103	53	104
364	100	64	64
358	97	60	71
317	100	108	76
298	100	131	100
295	100	132	115
298	98	131	110
291	98	136	107
316	90	108	74
333	92	90	67
333	95	93	65
333	97	91	64
344	90	88	66
341	90	92	62
331	85	98	73
335	83	95	76
360	84	65	97
347	87	83	80
344	89	81	83
348	91	95	82
340	88	88	87
340	92	110	76
340	97	105	74
333	98	108	66
338	102	103	59
336	106	107	59
333	109	108	59
336	112	101	62
334	119	96	53
353	117	80	72
368	114	61	76
357	114	67	86
341	108	83	86
345	109	75	79
342	109	72	85
347	114	63	83
351	111	57	86
348	106	62	92
346	104	65	95
345	109	67	92
349	110	66	96
348	109	71	60
344	110	74	52
342	114	71	42
337	109	74	47
337	112	72	51
336	115	85	47
336	122	77	45
335	126	73	45
337	127	73	50
345	127	68	49
354	125	65	49
357	127	55	48
356	127	52	47
360	119	46	52
359	116	49	44
359	115	51	47
355	116	54	48
352	113	47	54
345	114	58	44
338	113	62	44
334	112	63	50
338	112	55	51
326	119	59	43
324	117	56	44
261	180	99	10
247	197	98	10
330	125	37	44
331	114	39	47
334	115	31	45
333	114	57	57
333	115	30	65
329	113	73	82
307	112	58	71
330	112	36	62
254	197	99	26
320	106	32	70
313	105	78	83
455	182	73	40
453	180	39	35
436	181	10	30
397	192	39	20
375	162	55	50
375	191	63	24
317	115	120	106
