801	309	59	57
803	308	53	56
803	307	54	59
804	308	55	60
803	307	58	60
804	305	59	61
804	305	58	61
805	302	59	62
806	302	62	66
809	301	59	65
812	300	60	70
812	299	61	71
811	298	62	71
813	296	60	72
816	296	57	70
817	296	56	70
818	296	54	70
818	297	53	71
817	297	54	65
816	297	53	64
816	297	53	63
815	296	51	62
808	296	56	59
809	295	58	59
811	294	56	57
812	295	55	57
811	294	56	58
811	291	58	61
805	289	66	67
802	290	70	64
806	290	66	62
784	292	91	68
706	296	116	72
706	295	159	75
712	293	171	84
741	286	145	89
746	287	159	100
749	309	138	71
639	320	244	50
799	300	99	78
735	297	168	81
731	297	137	80
737	298	172	89
752	301	159	90
753	301	166	91
756	300	145	82
766	302	155	93
772	304	142	91
780	304	141	97
780	305	140	93
783	305	126	91
791	307	120	89
795	305	120	101
796	305	121	98
794	306	122	88
805	299	121	90
805	277	125	115
803	305	131	78
806	290	125	90
811	286	130	120
811	303	131	85
811	298	132	91
816	315	132	84
817	315	132	82
819	319	119	73
800	286	172	68
848	243	137	92
847	246	126	121
839	242	143	120
851	236	131	110
848	239	135	101
844	237	141	104
854	236	134	102
851	237	141	114
866	236	126	98
870	235	124	96
877	237	122	92
872	238	128	104
872	240	131	97
877	239	130	97
878	237	130	98
878	236	134	95
881	234	131	99
886	232	130	96
889	228	129	98
883	226	138	104
892	225	134	104
891	227	133	106
892	225	136	106
893	240	136	93
908	235	123	101
925	257	103	87
917	253	118	62
910	243	130	71
933	249	113	68
934	251	113	61
929	250	118	61
932	250	118	58
936	209	118	97
940	208	114	101
941	208	118	104
939	207	125	105
939	208	130	105
942	210	131	110
948	212	126	107
1009	252	72	71
1065	260	97	66
989	230	127	105
1036	256	138	92
1060	254	127	79
980	253	255	49
981	254	311	32
983	251	112	65
985	250	113	76
983	248	116	62
987	246	111	78
986	245	118	66
989	240	124	83
988	239	133	84
998	235	127	91
995	234	125	90
1018	231	103	88
1009	228	104	74
1012	227	110	88
1016	225	103	78
1020	226	108	80
1027	226	100	73
1034	225	112	84
1036	226	108	89
1039	229	103	85
1039	228	105	86
1044	229	98	80
1046	230	106	80
1040	228	104	86
1035	226	117	84
1034	226	116	85
1037	225	114	78
1060	222	90	78
1063	220	84	72
1063	220	86	71
1064	219	84	77
1067	217	81	75
1067	215	80	73
1068	214	80	77
1067	213	79	81
1070	210	81	85
1069	208	81	88
1069	207	85	92
1065	205	88	100
1066	205	90	95
1057	210	96	94
1052	213	99	89
1056	211	84	91
1051	214	90	91
1057	213	85	88
1053	216	85	87
1050	217	84	83
1047	216	84	86
1048	216	88	98
1045	212	89	92
1044	207	89	92
1039	203	90	94
1033	200	92	102
1029	200	95	104
1028	197	96	107
1023	195	98	108
1029	195	90	105
1026	196	91	90
1029	196	83	67
1028	199	85	69
1030	201	84	68
1027	203	88	68
1034	204	83	72
1029	205	83	72
1030	205	86	69
1028	202	89	71
1024	199	97	72
1017	198	104	74
1029	196	104	75
1032	193	86	72
1041	191	80	75
1039	191	83	73
1040	190	81	73
1043	189	83	72
1054	188	78	74
1058	184	76	65
1057	182	81	67
1057	182	81	69
1059	181	84	68
1061	179	88	75
1057	178	99	86
1055	175	107	85
1058	172	108	85
1044	169	120	78
1047	175	123	78
1034	174	137	78
1040	173	141	78
1039	175	139	79
1005	126	168	125
1038	164	145	108
1011	176	120	140
1037	162	156	122
1002	114	166	136
1025	133	191	143
1114	114	309	66
1064	166	196	89
1046	149	153	123
998	189	54	135
919	192	130	49
882	219	33	87
850	227	49	70
846	229	53	69
844	228	54	73
840	226	58	72
841	223	56	68
841	222	56	69
839	221	63	65
842	215	53	72
843	214	60	67
831	187	69	94
964	197	10	87
974	189	47	59
1019	190	84	87
1042	142	71	95
1046	163	74	95
1021	180	121	36
1101	115	79	49
1110	134	59	62
1113	134	53	65
1114	130	59	68
1115	134	59	59
1112	69	91	48
