976	332	49	86
977	331	47	90
979	325	45	96
979	328	48	92
980	329	48	92
980	332	48	90
979	333	51	85
982	333	49	89
982	333	50	88
984	334	49	90
983	335	49	90
989	336	44	89
991	337	43	91
992	338	43	89
993	339	43	90
994	341	42	90
1000	342	37	91
1013	347	24	88
1015	348	24	91
1015	349	23	91
1016	349	23	94
1016	351	24	95
1018	352	23	94
1017	355	24	92
1019	356	23	92
1017	357	25	91
1010	359	34	84
998	360	49	80
999	363	48	77
999	365	49	75
1000	366	49	75
1000	366	50	70
1000	366	51	71
1000	366	51	66
1001	367	52	67
1001	368	52	65
1000	368	54	64
999	368	56	64
998	368	60	65
998	368	61	66
996	369	62	69
996	369	62	68
996	370	61	70
995	370	62	71
994	372	63	71
993	373	63	70
993	374	63	70
991	374	65	69
991	376	66	67
991	378	68	67
990	378	65	68
989	381	64	67
990	381	64	69
988	382	66	69
987	382	64	71
986	384	64	75
987	382	63	74
987	382	61	72
988	383	60	71
986	382	61	71
986	381	61	74
985	381	62	78
986	381	56	74
986	379	47	75
983	379	48	77
979	378	50	79
978	375	51	81
982	376	41	81
970	372	52	83
963	372	58	83
975	372	42	83
962	374	53	83
966	372	51	89
953	372	60	86
972	371	44	89
969	374	43	87
892	362	120	97
976	371	39	95
873	358	138	105
984	369	30	95
976	373	36	86
857	357	152	101
972	369	43	92
969	370	44	88
967	374	46	79
949	371	61	82
949	369	54	85
902	360	102	89
960	372	43	75
854	351	66	93
955	373	51	65
947	369	64	68
905	360	101	79
953	368	62	73
908	359	109	77
950	365	61	76
942	363	70	73
944	360	69	73
940	359	71	74
939	360	68	72
935	358	69	74
937	355	66	77
936	354	63	77
933	353	59	74
931	351	65	74
908	345	83	79
918	348	77	75
901	339	97	82
913	342	77	80
896	333	92	85
856	326	140	94
854	320	140	100
853	317	134	100
858	316	131	102
855	319	131	96
888	322	93	90
894	328	74	74
888	323	78	76
894	328	71	72
887	321	77	78
854	316	103	85
845	317	108	85
843	317	109	83
846	316	105	82
847	315	101	87
844	317	102	84
847	317	98	82
846	316	93	83
844	313	96	84
843	314	96	83
843	313	92	83
841	312	94	80
840	311	79	85
844	311	83	76
839	311	78	80
837	311	84	74
836	310	84	74
835	309	83	78
833	309	70	85
834	308	71	89
832	307	67	91
832	303	68	97
831	304	63	96
830	304	62	95
826	303	62	99
824	304	61	99
822	304	60	98
819	304	63	97
817	303	64	97
815	302	65	97
814	303	67	97
814	303	67	97
813	302	69	95
813	302	69	95
813	302	69	98
812	300	65	98
810	301	68	97
808	301	69	98
809	300	64	99
808	301	62	99
808	301	59	98
806	302	60	98
804	302	61	99
804	303	61	99
802	302	62	100
801	302	64	99
800	302	65	98
798	302	66	98
797	302	66	99
796	302	67	96
794	302	68	93
791	303	66	87
790	304	72	85
789	303	72	86
789	304	69	87
788	304	72	85
787	305	72	84
786	305	69	81
784	304	72	85
783	305	68	81
784	304	70	82
782	303	70	86
782	303	70	83
783	301	68	86
782	299	68	88
782	299	65	88
781	298	65	88
782	296	64	88
781	296	66	88
781	294	66	91
779	293	68	89
779	291	69	89
778	289	67	88
777	288	67	89
776	287	66	92
774	286	71	95
775	285	69	99
773	284	70	101
772	282	72	101
771	281	70	101
770	281	67	100
768	281	73	95
768	279	68	95
767	279	71	96
767	279	71	96
765	278	72	95
763	278	73	92
763	277	75	93
762	276	76	93
759	274	80	92
759	273	81	92
755	271	83	92
755	271	81	92
752	270	82	92
750	267	86	95
747	266	90	96
745	265	90	95
743	263	92	91
741	262	97	94
739	261	100	91
737	260	99	87
736	260	102	90
733	259	98	89
734	257	100	88
732	258	101	90
730	255	101	90
728	254	105	91
727	254	104	89
726	253	102	92
724	249	102	96
724	249	99	93
723	249	100	97
722	245	98	99
720	247	97	94
719	244	99	101
717	245	97	94
718	244	102	100
715	243	103	100
718	241	103	101
715	243	106	103
719	239	100	102
710	243	110	102
721	244	96	87
708	236	114	108
704	246	112	92
710	239	104	105
718	249	93	88
707	238	104	106
701	237	109	90
719	255	91	83
707	234	98	98
701	235	102	103
702	234	102	88
700	238	101	92
701	231	97	106
701	236	94	100
702	228	93	99
698	237	95	87
706	227	87	104
712	234	78	92
703	223	88	107
770	299	22	19
729	256	56	51
705	236	81	65
709	230	79	83
754	276	34	47
709	235	80	65
709	228	80	83
710	226	81	86
708	225	82	73
709	228	81	75
707	226	81	74
707	225	78	76
705	223	76	80
704	223	76	81
703	221	78	83
703	223	77	81
702	220	73	83
702	220	79	83
701	221	79	78
701	218	80	84
703	217	80	83
701	220	83	83
701	216	85	84
701	215	84	82
699	214	86	83
698	215	81	81
698	212	83	86
696	211	79	82
701	218	71	77
697	215	73	83
692	210	73	84
745	262	28	45
690	210	70	83
709	228	62	83
729	251	35	50
680	220	75	75
688	210	85	107
695	216	93	107
686	207	70	79
690	207	67	78
685	205	71	82
687	204	70	81
685	203	73	80
684	201	69	82
686	206	71	86
680	201	75	81
681	198	63	84
678	199	63	88
678	199	60	90
676	199	58	91
674	199	56	91
672	199	55	91
671	199	56	90
672	200	57	92
670	199	59	85
670	198	58	92
669	198	60	87
670	196	64	94
669	195	65	88
669	194	64	92
668	194	66	93
665	194	63	92
662	195	63	88
664	201	89	110
624	227	75	82
650	198	62	82
652	201	61	81
647	201	79	75
641	204	79	51
640	205	70	52
639	205	75	60
636	207	79	59
635	209	78	57
635	215	83	60
737	295	36	44
656	219	172	189
586	216	73	155
580	243	54	142
610	220	85	57
589	248	80	50
597	231	79	55
583	247	55	65
598	229	82	54
597	229	84	52
597	229	84	53
593	231	87	49
589	232	83	40
592	238	76	38
579	237	87	40
574	240	89	44
575	240	68	57
574	243	69	52
563	255	66	54
566	249	75	41
532	281	89	28
530	279	78	34
540	265	84	30
548	253	72	51
547	259	75	49
537	266	90	32
536	258	81	52
553	245	72	52
547	244	70	64
552	243	68	58
533	261	77	54
542	256	72	49
531	268	76	43
544	256	65	56
544	260	65	54
533	263	69	58
503	280	85	49
513	273	60	67
486	289	67	64
517	270	45	75
491	285	44	83
534	260	22	88
527	265	10	106
530	263	57	59
478	287	101	47
464	295	67	73
534	260	54	67
524	263	49	72
532	262	55	70
528	261	56	72
527	260	52	75
525	262	50	75
523	263	48	74
522	263	46	76
518	265	44	76
514	267	47	74
511	269	47	72
506	270	52	76
505	271	47	66
503	273	46	57
487	277	13	86
449	290	52	74
484	278	14	87
460	286	43	73
477	284	30	86
444	290	56	82
491	286	62	51
426	297	95	63
484	291	77	52
491	291	69	51
444	298	104	52
487	293	72	45
416	305	86	68
414	300	134	54
413	294	142	67
383	97	144	191
440	353	149	173
540	489	54	62
562	502	40	98
677	394	10	202
666	408	10	188
676	394	10	201
671	396	10	182
673	397	10	180
675	397	10	175
671	399	10	180
673	401	10	175
672	402	10	179
672	405	10	181
677	403	10	186
672	407	10	179
675	405	10	181
674	406	10	177
673	406	10	168
665	414	10	169
669	410	10	183
670	411	10	189
667	413	10	192
665	416	10	193
661	413	10	200
664	415	10	197
661	414	10	200
660	413	10	197
658	411	10	195
657	413	10	189
655	415	10	182
652	414	10	188
647	414	41	111
636	408	56	113
623	471	29	150
642	418	50	65
638	420	49	69
636	422	52	77
505	342	169	136
542	406	88	133
609	525	69	69
627	423	42	199
622	423	79	72
610	457	43	175
618	425	73	67
613	428	81	67
612	429	68	66
608	431	76	66
606	431	66	67
602	433	66	67
599	435	65	68
598	438	61	66
594	437	63	70
588	441	67	73
579	437	71	67
585	441	64	64
546	415	98	92
414	341	260	211
472	340	193	217
462	369	242	279
518	432	168	232
196	237	235	229
458	367	224	244
427	362	227	293
574	565	124	105
465	378	138	126
397	130	273	539
448	379	172	178
452	386	154	146
411	95	124	201
217	249	102	113
281	291	123	50
366	215	34	163
430	111	50	217
321	318	188	136
445	393	121	134
211	258	271	233
436	393	128	139
234	290	340	271
434	391	126	153
307	319	194	186
434	394	120	148
221	276	261	209
445	415	181	219
111	420	456	133
439	403	102	150
240	280	103	123
284	322	164	205
432	406	115	164
228	272	51	94
213	263	81	129
213	259	38	83
211	259	101	153
296	427	10	146
294	442	25	80
269	369	42	47
201	280	91	109
241	308	232	253
426	417	72	153
428	426	60	137
428	429	55	135
305	447	178	124
425	424	54	137
424	433	58	139
353	418	131	154
423	435	61	134
375	404	107	169
413	438	66	136
228	270	96	149
358	416	119	163
408	441	10	29
420	447	28	47
422	448	33	103
416	451	38	128
417	450	39	135
416	451	42	137
406	462	58	128
336	468	50	117
399	454	77	144
339	424	241	10
421	463	26	79
414	462	36	130
412	463	36	108
406	467	46	135
410	463	43	137
409	467	47	142
411	469	40	145
410	471	43	142
406	473	42	147
421	479	23	149
423	475	34	102
425	478	30	95
425	479	31	92
426	482	32	94
427	481	33	94
426	483	34	96
425	485	35	99
423	487	34	91
417	490	39	88
402	488	30	95
421	485	35	95
345	496	113	87
321	477	46	99
306	498	72	95
392	494	73	99
436	492	31	102
422	499	44	96
435	495	32	108
439	497	33	102
388	498	86	101
431	484	41	111
444	500	32	89
446	501	32	92
443	501	37	90
444	502	36	86
442	502	38	88
444	501	36	90
446	504	34	86
448	503	33	86
447	503	35	88
451	504	33	87
454	506	31	87
462	506	26	85
465	506	26	86
464	505	27	87
466	507	28	85
467	507	28	87
468	508	29	88
468	510	31	86
470	511	32	87
468	511	34	86
468	511	37	86
467	512	40	86
466	512	43	86
470	512	41	86
471	513	41	86
471	513	43	86
474	514	42	87
476	514	42	86
479	515	41	87
481	515	42	89
487	518	39	87
491	518	36	87
498	520	31	87
502	522	30	86
504	521	31	88
506	523	32	89
507	523	31	87
510	526	31	85
511	528	33	85
511	528	33	87
512	530	35	87
513	532	35	86
512	532	37	86
512	534	39	81
511	536	42	83
511	537	42	83
511	538	44	83
516	539	41	83
518	542	40	84
520	543	39	83
528	544	35	83
531	544	33	82
533	546	32	81
538	547	28	84
541	549	27	84
543	550	26	83
544	552	27	85
546	553	26	86
547	553	27	88
547	558	28	84
548	559	27	86
550	561	28	85
551	564	28	84
548	566	31	76
548	567	33	82
547	569	34	85
550	571	33	86
549	575	35	85
549	576	36	83
552	577	32	84
554	579	32	82
556	582	30	80
559	584	29	78
561	587	27	79
562	589	27	79
562	586	28	85
562	591	28	80
563	592	29	83
564	595	28	82
565	598	28	81
566	601	29	78
567	604	29	78
567	606	29	76
568	609	30	79
569	611	32	74
569	614	36	76
570	614	35	73
570	620	38	75
571	621	40	74
573	624	41	75
573	627	43	76
574	630	44	73
576	633	47	71
576	636	48	71
577	640	49	69
576	630	52	83
577	642	52	66
578	619	63	97
574	648	68	69
575	634	82	85
573	634	96	91
574	634	102	92
573	638	96	90
574	643	102	93
575	645	94	94
574	650	94	95
580	651	89	93
578	657	86	94
585	660	80	93
589	662	76	96
592	667	72	94
595	670	69	95
595	673	70	94
598	676	67	91
600	681	66	88
600	686	69	85
596	689	70	85
598	690	75	90
597	692	69	90
597	695	65	85
599	698	64	85
599	700	65	84
601	704	65	82
603	704	64	82
604	706	65	82
606	708	66	85
608	709	64	83
609	710	67	86
609	710	70	85
606	714	75	80
608	716	73	78
608	716	75	82
605	720	78	79
608	719	77	82
608	721	78	82
608	722	79	84
609	722	79	85
609	725	81	84
610	725	82	83
611	729	80	82
609	731	85	84
615	729	82	82
635	733	63	81
653	733	49	85
656	736	48	84
659	740	47	81
662	743	46	82
659	745	52	79
661	736	53	91
663	748	55	83
667	751	53	79
674	755	53	72
676	757	47	76
684	761	47	73
677	760	52	80
692	764	56	28
701	765	35	92
698	767	53	31
705	772	36	82
704	775	41	82
697	765	52	88
708	785	47	28
709	788	36	79
709	790	36	75
706	791	45	77
709	798	40	67
711	802	43	69
708	801	42	71
706	802	75	93
692	772	64	112
665	729	92	153
650	706	101	99
646	714	107	184
649	718	97	72
709	829	51	68
679	802	89	100
621	856	140	55
654	740	110	144
653	750	97	58
654	756	97	51
658	760	101	76
655	771	115	153
649	771	106	57
652	780	106	46
655	785	101	47
651	790	107	46
649	794	109	47
651	798	108	45
651	804	105	47
647	808	107	48
643	812	110	47
640	813	112	49
641	817	108	47
640	816	108	54
639	816	106	56
637	817	109	61
637	817	102	64
636	825	107	58
629	831	112	56
628	833	106	56
630	841	100	53
627	843	114	67
622	847	109	53
623	851	106	52
619	852	124	67
613	862	113	48
615	865	114	47
613	876	106	40
611	881	107	38
621	891	101	37
612	892	107	36
611	897	104	45
608	898	141	77
593	898	107	37
595	904	106	33
611	912	84	29
634	926	58	20
584	912	142	85
582	915	100	37
581	922	104	35
583	926	100	33
613	935	70	26
607	934	137	104
572	928	104	41
575	931	106	43
573	934	104	38
572	931	104	47
567	945	109	36
560	942	103	42
567	949	100	39
581	951	96	50
656	984	97	77
574	965	171	78
545	966	102	42
545	971	177	90
532	976	176	92
527	978	112	76
527	979	227	90
525	990	109	89
518	993	110	81
514	998	101	74
511	1002	172	68
508	1008	113	70
506	1012	172	64
503	1020	111	56
495	1025	122	52
496	1029	120	49
511	1032	104	45
515	1036	98	42
520	1043	97	35
521	1046	99	32
527	1050	85	29
548	1052	57	27
566	1055	41	24
570	1061	35	18
