604	213	120	122
607	213	116	120
607	211	114	119
609	214	112	118
612	213	109	118
612	211	108	118
611	209	107	118
611	208	107	118
613	207	107	119
609	210	109	118
610	208	110	118
608	208	109	118
610	206	108	118
606	208	108	117
608	206	107	118
607	205	107	118
608	202	105	121
610	204	103	121
609	206	101	119
611	199	99	123
608	204	99	122
610	202	99	122
608	205	99	122
612	206	97	121
610	205	96	121
612	205	96	120
612	208	95	119
614	210	95	118
608	211	94	116
610	215	94	114
607	216	93	112
607	217	94	111
607	216	92	110
606	220	91	107
606	216	90	107
608	214	91	106
607	215	91	105
608	215	92	104
603	213	92	105
608	215	92	103
605	216	93	102
606	214	95	101
602	215	95	100
604	214	96	100
605	211	96	102
605	209	95	104
602	208	95	105
600	205	94	107
602	206	93	108
602	207	92	109
602	205	91	110
604	204	89	110
606	205	89	109
605	204	88	110
606	207	87	110
610	209	84	109
609	211	82	108
611	213	81	106
613	211	79	106
613	210	77	107
614	214	77	105
617	215	78	104
618	215	78	104
615	217	78	104
613	219	78	102
613	216	78	103
615	216	77	104
614	211	77	107
613	209	76	110
614	208	76	111
614	207	76	111
615	206	75	113
616	206	74	114
615	204	74	115
615	205	74	117
615	206	75	117
615	206	75	119
615	206	76	120
614	208	77	121
614	210	79	121
614	210	80	123
610	210	82	125
606	209	86	125
599	203	91	126
595	206	96	126
594	216	100	123
595	221	102	120
597	220	103	119
595	221	101	119
597	218	99	118
599	219	98	116
603	222	96	116
608	224	93	115
613	223	95	115
618	221	94	117
613	223	94	116
617	224	94	114
620	226	92	111
625	229	91	110
625	231	90	109
625	235	90	105
625	238	87	103
627	241	85	101
627	240	84	99
625	240	82	96
626	240	81	95
625	240	78	94
626	240	78	92
627	240	78	91
627	239	78	91
629	242	79	90
627	239	79	92
629	237	81	94
631	235	79	95
634	236	79	96
633	236	79	96
634	235	80	95
637	235	80	93
637	236	80	93
638	235	80	92
639	235	79	92
639	235	78	91
640	233	76	91
638	233	86	83
634	233	94	78
633	236	100	76
629	237	103	74
630	237	105	72
627	238	105	72
621	237	106	72
618	235	105	74
608	236	106	72
601	239	108	72
600	242	112	73
602	246	114	77
600	249	115	81
609	252	107	93
617	252	102	107
619	256	99	121
619	257	98	132
619	256	99	143
615	255	101	152
612	254	106	158
608	253	110	163
607	254	114	167
607	253	117	171
606	252	123	174
605	247	129	179
605	244	135	180
606	243	141	178
610	245	143	180
613	245	146	183
614	246	150	187
615	243	152	192
617	241	155	198
619	242	159	201
620	237	163	208
621	229	167	216
621	241	170	216
622	240	174	218
620	228	178	223
617	212	182	233
614	201	187	245
613	181	189	259
611	176	190	269
605	180	192	274
601	183	195	281
594	184	196	287
587	181	196	294
581	183	198	297
577	194	197	296
578	200	198	296
579	211	201	292
577	213	203	290
573	210	204	290
571	214	205	290
569	218	205	288
566	227	206	285
567	232	207	285
567	225	207	290
565	229	210	289
565	230	213	288
566	224	214	290
563	226	215	291
562	223	216	293
563	220	217	295
561	222	216	297
561	218	216	300
562	219	215	301
561	219	213	303
559	219	211	304
558	219	209	305
554	218	206	307
554	218	204	308
554	218	207	305
554	216	208	306
556	217	209	305
557	215	209	306
558	214	207	306
558	215	206	305
558	216	206	303
551	213	206	303
562	210	204	304
554	214	207	305
559	211	207	305
557	211	207	304
560	214	208	304
555	217	209	303
560	212	208	310
559	214	208	311
561	217	207	312
555	217	206	313
553	219	206	313
559	217	207	316
560	216	207	319
561	216	206	321
557	218	206	323
564	218	205	324
556	214	206	327
564	217	206	328
558	218	207	330
563	219	208	330
563	218	210	330
564	219	211	329
561	220	211	330
557	220	212	329
556	220	211	331
555	218	211	333
556	222	211	334
552	221	212	335
548	222	213	334
541	228	213	330
539	231	211	329
543	235	207	328
542	237	204	326
541	241	201	324
543	245	200	324
545	246	198	323
549	248	195	318
553	255	192	313
554	259	190	310
554	262	187	307
559	269	184	301
561	269	182	295
561	273	181	288
559	277	180	282
562	279	178	275
561	281	175	270
562	285	173	266
563	285	171	265
565	286	169	264
565	289	168	262
565	293	168	257
567	294	168	253
571	296	168	249
571	299	167	248
575	306	166	245
577	317	165	241
572	314	164	241
574	316	164	242
574	311	164	244
576	307	164	246
580	305	165	248
581	304	168	250
583	304	171	251
581	301	174	252
583	301	177	254
585	301	180	255
588	300	182	256
587	301	185	256
589	300	187	257
583	300	191	259
591	299	190	260
587	302	191	258
591	303	189	258
595	304	188	256
595	306	187	253
595	306	188	251
597	304	188	249
596	306	189	245
598	309	189	243
597	312	189	241
600	314	187	239
601	319	185	238
600	324	188	235
598	328	189	234
598	333	190	234
601	337	189	235
603	338	184	237
605	337	181	238
604	336	180	236
605	334	179	234
605	333	179	230
606	334	179	225
608	334	180	220
618	329	174	217
618	331	171	212
620	335	168	207
628	339	164	202
628	345	162	197
632	346	159	191
632	350	157	186
636	352	154	181
638	353	152	178
641	356	150	175
640	358	148	173
638	360	147	172
639	359	146	172
640	361	145	172
643	362	144	172
645	365	144	174
648	365	142	174
647	367	142	175
648	368	142	176
650	368	142	176
649	370	141	177
650	371	139	177
652	373	138	176
653	372	137	174
652	373	134	169
653	374	132	165
656	375	131	162
657	379	130	160
658	380	128	160
661	381	127	159
660	384	125	158
662	386	124	157
665	385	123	157
663	385	124	155
664	389	124	153
665	389	123	151
666	391	121	150
669	388	120	148
671	392	117	147
672	390	116	143
675	392	114	139
675	393	113	136
674	394	111	132
678	395	109	130
682	396	109	127
683	396	107	124
688	396	106	122
689	397	105	120
690	397	104	118
691	398	102	116
693	398	101	115
697	399	99	113
696	402	98	111
697	403	96	109
699	406	95	107
700	407	93	106
700	410	92	104
702	412	91	102
701	414	90	100
702	416	88	98
703	418	87	96
704	420	86	95
703	424	90	90
704	425	93	87
704	427	95	85
704	429	96	83
704	431	97	80
705	433	98	78
705	434	99	77
706	434	99	76
707	436	100	74
708	438	100	73
710	439	100	72
712	438	100	72
713	439	99	71
714	438	99	70
714	440	97	69
716	440	97	68
716	439	97	67
716	440	98	66
718	439	98	66
716	438	98	66
717	438	98	66
719	436	97	66
718	437	95	67
718	437	95	67
718	434	95	68
719	435	95	68
716	433	96	69
715	432	96	70
716	431	96	71
716	429	96	72
714	428	97	72
713	425	97	74
713	425	97	75
714	423	97	77
715	422	97	78
714	422	96	79
713	421	95	80
710	420	94	81
710	418	92	82
708	416	90	83
704	416	87	84
702	416	86	84
701	418	84	84
700	419	84	83
700	418	84	84
699	416	82	85
699	416	81	85
700	415	80	85
699	415	80	84
698	414	80	83
698	416	79	83
698	417	78	82
698	418	78	81
697	418	77	79
696	418	76	79
696	417	74	79
696	415	73	79
697	416	71	79
698	417	71	78
697	419	70	77
696	418	69	77
696	418	68	77
695	419	68	76
695	417	68	76
696	417	68	76
695	417	68	75
696	419	68	75
694	419	69	74
694	420	70	74
694	420	69	75
694	419	68	76
693	418	67	77
692	419	67	77
691	415	66	78
692	414	66	77
