410	262	219	333
404	261	213	323
412	263	208	324
411	265	204	320
411	262	203	321
413	271	205	321
413	279	207	319
412	285	211	313
413	291	212	312
410	298	215	305
411	311	216	297
401	318	216	296
402	328	214	299
400	334	216	298
400	338	216	298
406	339	217	299
422	350	220	295
426	352	220	296
437	347	219	298
446	349	220	296
452	344	219	301
463	345	217	303
462	349	217	300
460	350	216	298
468	355	219	294
464	345	218	291
463	356	219	280
464	349	216	277
469	350	218	273
470	354	221	271
468	356	220	271
464	349	217	269
466	353	218	268
458	354	212	272
464	347	211	273
462	344	214	272
463	333	218	271
460	334	222	268
448	333	229	267
443	337	233	260
433	338	241	255
429	336	245	251
423	337	251	251
415	332	250	250
412	329	251	251
415	321	247	258
411	314	245	262
416	305	245	264
419	301	249	263
428	299	249	258
430	294	246	258
447	294	250	258
453	293	248	255
462	297	250	252
468	298	251	247
478	285	248	250
483	270	247	253
487	253	248	255
483	242	250	256
485	230	248	257
481	222	251	260
478	218	250	267
475	212	247	274
469	211	246	275
467	220	242	269
474	226	233	265
464	225	226	265
460	233	224	260
458	243	221	260
449	249	220	253
454	253	209	262
456	252	211	262
463	322	216	263
470	337	217	266
476	376	217	257
487	348	207	266
493	344	197	274
492	349	195	274
492	359	196	269
493	351	191	269
490	358	186	267
493	364	186	264
491	366	186	260
493	369	187	258
490	374	187	257
489	381	188	255
489	394	198	245
493	394	197	244
494	393	197	245
494	394	196	245
485	406	208	236
485	408	220	229
483	406	227	226
484	407	233	227
490	410	236	226
492	416	237	223
493	420	236	223
496	422	238	224
501	430	241	223
504	437	246	218
504	447	253	215
503	454	256	214
494	457	256	215
498	465	258	217
494	472	257	216
490	473	253	215
492	474	254	214
489	485	257	208
473	496	255	204
472	502	248	202
473	507	244	201
475	513	239	198
474	514	235	194
472	515	226	192
471	514	221	191
461	517	216	191
460	520	209	189
461	521	206	188
464	520	202	189
468	520	202	189
470	527	205	185
472	529	205	185
474	525	203	185
484	524	206	184
496	490	220	179
502	475	223	180
509	467	230	184
509	460	239	188
507	452	245	192
521	450	246	198
522	447	253	199
545	440	249	204
557	431	252	208
569	423	257	203
571	417	260	203
576	413	264	201
590	393	257	216
599	382	250	232
608	372	244	249
611	364	243	254
607	359	245	257
608	350	249	257
605	346	250	263
603	344	253	265
602	339	254	267
595	334	256	270
600	330	256	274
607	332	259	277
618	334	255	284
614	338	253	293
605	341	256	298
595	338	256	300
584	329	252	307
571	313	249	314
562	305	249	324
557	305	247	326
559	306	245	326
556	299	241	328
553	303	241	327
553	309	239	323
555	303	234	325
556	303	232	329
563	297	230	332
563	291	229	335
567	285	228	335
569	280	230	338
574	287	230	333
576	296	230	325
574	295	232	324
572	296	237	323
566	302	242	320
560	298	246	322
559	306	249	323
562	313	251	324
566	315	248	333
567	320	247	336
566	316	244	340
566	307	243	337
567	303	244	332
567	300	239	336
564	305	236	335
556	299	236	335
558	304	239	327
554	309	240	321
546	320	240	316
542	326	242	314
539	329	241	312
531	331	240	311
524	328	236	308
518	318	233	304
516	310	227	300
515	304	220	298
517	297	214	297
510	286	202	298
510	283	193	298
521	294	190	296
534	307	189	295
538	318	185	297
546	313	183	301
552	309	179	303
558	309	176	307
562	307	174	310
565	304	171	314
571	304	172	312
572	302	170	311
574	303	168	307
574	306	167	306
571	302	166	304
574	305	166	301
573	301	164	302
571	308	160	302
572	311	155	304
573	313	150	307
570	320	147	313
571	318	146	318
570	314	146	323
570	312	149	323
566	313	148	325
562	327	150	321
561	328	150	322
560	325	152	320
559	314	152	324
566	309	154	325
571	308	153	328
574	310	155	327
571	309	158	325
567	313	160	323
554	320	163	326
549	317	166	332
548	315	164	331
534	293	171	320
520	284	179	306
518	274	183	299
515	263	183	293
508	258	183	290
511	259	180	289
511	268	179	283
509	275	176	278
510	279	173	272
516	286	170	270
516	307	177	266
516	306	180	264
518	309	182	262
525	316	180	262
526	314	182	266
530	321	185	263
533	322	180	270
531	323	176	275
537	312	174	284
542	315	171	286
547	318	170	286
551	321	166	289
555	320	166	290
558	316	163	294
561	311	158	293
564	311	152	296
575	316	147	299
582	323	146	298
584	327	149	289
584	326	154	284
588	328	155	281
619	323	161	277
620	322	162	279
621	323	162	281
614	332	167	280
612	339	175	281
606	323	175	282
585	331	166	289
558	340	161	288
564	342	157	286
560	350	157	279
561	332	152	284
564	323	147	283
566	337	146	278
561	342	144	274
561	348	144	266
559	368	154	247
524	398	165	227
524	405	168	215
524	406	169	206
522	408	169	200
523	410	168	198
527	413	165	196
551	415	160	195
532	438	161	189
538	439	162	185
541	441	160	183
542	443	156	183
544	447	154	183
547	447	152	183
546	446	152	182
547	419	143	192
556	414	138	197
559	420	144	191
567	425	150	190
574	429	154	188
575	425	158	188
583	429	158	185
585	430	159	184
585	432	159	181
587	435	160	179
577	431	164	176
583	429	165	174
580	425	168	169
584	429	171	162
586	430	175	156
588	433	177	152
591	439	179	149
594	443	180	149
592	450	185	148
595	453	190	147
590	456	195	149
591	459	202	148
585	458	204	151
588	458	203	155
586	460	206	156
582	462	212	156
579	462	213	159
583	458	212	160
589	453	212	162
592	447	209	165
599	446	208	168
606	441	210	170
611	440	212	172
614	437	216	175
621	430	218	179
621	428	216	183
634	426	217	186
633	423	216	187
630	423	215	187
630	424	214	185
628	424	217	183
625	426	222	182
621	427	219	183
617	428	218	183
608	419	216	182
602	418	211	184
599	419	205	189
606	418	200	189
609	422	194	191
613	422	190	188
613	417	185	186
613	415	180	186
620	414	179	184
621	416	179	183
625	422	178	182
624	429	179	181
623	437	180	180
622	442	180	181
625	449	178	184
624	453	176	182
620	455	178	182
618	461	180	184
611	468	185	181
608	472	188	178
597	472	196	175
587	470	201	173
578	466	204	170
571	457	207	172
562	447	205	174
565	443	207	179
560	437	206	184
576	424	200	191
583	408	195	200
594	395	187	214
601	395	184	226
599	398	183	230
606	394	183	230
602	391	184	229
608	382	182	230
609	374	179	232
612	366	173	236
618	361	174	235
615	355	173	237
616	348	175	243
609	340	175	248
606	329	176	251
606	317	176	253
604	308	177	253
608	299	179	253
605	299	183	252
606	295	186	253
605	293	190	254
606	299	190	252
607	299	189	250
605	298	187	255
608	291	185	257
606	288	181	259
607	291	180	259
604	283	180	261
600	286	180	261
596	292	181	256
590	289	181	258
586	281	181	261
584	281	181	258
579	268	179	257
577	266	178	259
575	268	179	254
568	272	179	252
566	263	178	252
569	257	173	253
570	255	169	252
565	254	168	253
562	256	167	255
560	255	166	256
557	252	163	258
550	253	165	260
554	251	161	262
552	254	158	261
549	250	157	261
546	251	156	262
543	253	157	262
536	255	157	259
532	257	156	257
541	258	158	257
541	254	158	257
548	257	157	256
555	255	153	258
556	259	154	258
556	267	154	258
562	273	151	259
560	275	149	259
564	276	148	259
556	268	148	258
545	261	149	253
531	255	150	250
520	241	152	250
510	238	154	251
506	228	155	250
505	229	155	252
504	228	154	255
511	229	153	256
508	236	158	255
516	240	160	257
512	245	161	256
507	247	162	258
503	251	164	259
501	255	166	262
506	261	167	264
501	267	169	266
496	266	173	265
489	268	177	264
480	274	181	262
473	281	182	261
464	284	183	261
456	289	187	256
449	292	185	257
444	300	186	253
443	304	184	252
447	306	180	250
440	306	176	252
438	309	176	253
429	316	180	253
419	317	183	252
412	318	184	257
405	320	187	258
395	326	190	259
385	330	193	259
371	334	196	257
356	338	202	254
356	333	199	260
354	334	201	261
361	343	202	264
360	355	206	265
360	362	208	270
357	360	212	273
369	355	210	277
374	357	212	278
381	349	213	279
387	343	212	282
388	333	213	284
396	325	209	285
395	315	209	286
404	309	206	286
403	302	204	289
411	289	201	291
417	279	198	293
422	268	197	297
424	256	197	298
425	250	199	301
430	250	200	303
431	243	200	310
430	245	200	312
430	249	200	315
435	248	203	317
438	250	202	318
435	248	205	322
445	252	204	322
448	251	200	326
442	240	198	327
442	237	200	322
441	237	200	321
441	232	201	321
445	220	204	317
447	207	208	310
454	199	212	309
465	194	214	308
469	201	217	304
469	191	214	308
470	189	213	311
473	193	212	308
467	197	217	303
469	201	218	297
466	203	221	294
466	205	222	291
469	212	224	291
471	215	222	291
463	218	224	289
460	213	225	289
465	213	222	292
464	217	220	291
468	214	217	293
469	222	214	290
473	223	213	289
471	234	213	286
474	233	212	285
479	235	212	283
483	237	212	280
482	236	214	274
483	231	215	267
487	214	211	260
493	206	207	254
505	189	205	251
516	182	202	248
528	171	201	250
531	168	199	248
541	168	197	246
546	168	195	246
552	168	192	246
554	164	188	245
563	161	183	243
574	171	200	227
583	171	214	214
577	169	221	206
580	167	225	200
589	167	229	195
582	168	230	192
593	165	229	192
585	169	229	193
591	172	226	191
593	171	226	190
593	171	226	188
602	172	223	188
605	174	217	189
606	171	212	190
607	170	213	190
604	167	213	190
602	165	213	191
599	159	212	189
606	157	217	187
606	156	213	190
611	159	206	191
620	166	197	193
627	172	191	193
636	175	193	188
638	170	196	183
632	172	198	181
628	170	200	178
622	169	201	174
616	169	201	173
622	167	195	174
619	168	192	172
614	164	192	171
615	156	190	172
622	151	185	175
615	144	180	176
611	138	178	177
606	125	175	181
604	112	175	183
598	101	171	187
597	98	171	187
597	96	172	187
594	86	171	189
594	82	169	192
593	82	169	193
589	78	170	194
588	80	170	193
581	74	171	194
578	68	174	193
574	63	174	195
571	61	176	195
568	58	178	195
567	51	182	195
561	44	183	196
563	42	183	198
563	41	182	200
562	45	182	202
561	46	183	201
559	46	186	201
558	46	185	204
565	46	186	206
573	50	183	214
581	52	182	219
583	51	185	222
573	48	185	224
568	39	185	227
571	34	186	230
570	38	186	230
577	36	186	232
578	32	190	233
578	26	192	237
572	18	191	239
574	14	193	241
570	11	195	241
572	10	198	242
568	10	199	240
567	13	201	239
568	12	202	239
576	20	200	244
572	22	195	246
567	26	194	247
571	25	193	250
579	27	191	250
583	40	189	250
602	54	186	252
615	77	188	249
619	99	189	249
611	121	192	248
605	145	194	247
587	153	195	253
580	152	194	260
583	153	190	265
581	158	192	265
569	163	195	263
567	147	195	264
575	127	194	265
581	129	191	269
582	128	190	270
577	126	185	272
574	129	181	275
569	134	178	275
566	139	177	274
562	141	177	273
563	146	176	274
559	146	176	273
557	146	176	273
554	147	177	271
555	146	179	271
559	153	177	273
563	154	175	275
570	160	173	274
570	166	174	272
577	163	173	272
571	150	172	272
564	151	171	270
566	154	171	270
565	156	169	268
561	161	170	265
552	162	173	263
545	166	175	257
547	159	174	257
542	152	176	258
537	156	177	256
532	153	179	255
522	152	182	252
521	142	180	253
516	142	182	253
521	142	181	253
524	143	179	255
524	142	180	254
522	135	183	250
514	126	183	248
506	115	186	248
512	110	188	245
508	107	190	242
506	103	193	242
511	106	192	242
516	109	189	242
512	117	189	241
516	118	189	240
499	112	192	234
486	104	194	229
475	95	196	229
479	97	195	230
487	108	191	234
483	122	192	236
470	136	197	233
463	143	199	231
466	148	200	230
466	156	200	227
465	160	199	224
468	166	198	223
466	172	199	219
483	179	200	216
491	186	202	212
495	179	202	212
494	182	201	212
